27702 3 0 2 6.593e+02 6.847e+02 236 0 4 6.566e+02 6.874e+02 286 0 1 6.354e+02 6.666e+02 289
27703 37 0 3 6.057e+02 6.123e+02 60 0 4 5.696e+02 6.064e+02 341 0 1 5.907e+02 6.273e+02 340 2 2 5.435e+02 5.485e+02 47 2 4 4.045e+01 4.355e+01 29 2 4 6.219e+02 6.381e+02 151 2 3 9.578e+00 3.242e+01 212 2 1 6.449e+02 6.571e+02 113 2 2 5.007e+02 5.073e+02 60 2 2 2.358e+01 6.042e+01 342 2 4 5.405e+02 5.515e+02 103 2 2 6.181e+02 6.419e+02 221 2 3 6.411e+02 6.609e+02 184 2 4 4.994e+02 5.086e+02 85 2 1 5.666e+02 5.674e+02 7 2 3 5.643e+02 5.697e+02 50 2 1 5.210e+02 5.290e+02 75 2 3 5.495e+02 5.845e+02 325 2 1 5.088e+02 5.412e+02 301 2 3 5.085e+02 5.415e+02 306 2 2 5.270e+02 5.650e+02 353 2 4 5.295e+02 5.625e+02 306 3 1 4.803e+02 4.857e+02 50 3 2 5.444e+02 5.476e+02 29 3 4 2.066e+02 2.134e+02 64 3 3 4.806e+02 4.854e+02 46 3 2 4.428e+02 4.812e+02 356 3 2 5.028e+02 5.052e+02 22 3 2 5.296e+02 5.624e+02 305 3 4 5.029e+02 5.051e+02 20 3 4 5.332e+02 5.588e+02 237 3 1 5.241e+02 5.259e+02 16 3 1 5.519e+02 5.821e+02 280 3 3 5.207e+02 5.293e+02 80 3 4 4.919e+02 5.161e+02 225 3 2 4.899e+02 5.181e+02 261 3 1 5.060e+02 5.440e+02 352
27708 2 1 4 5.766e+02 5.994e+02 212 2 2 1.240e+02 1.280e+02 38
27711 15 0 3 4.821e+02 4.839e+02 16 0 2 4.593e+02 4.647e+02 50 0 3 5.192e+02 5.308e+02 108 0 4 4.135e+02 4.265e+02 121 0 1 4.762e+02 4.898e+02 126 0 2 5.444e+02 5.476e+02 30 0 1 4.359e+02 4.461e+02 96 0 2 5.000e+02 5.080e+02 74 0 1 5.130e+02 5.370e+02 223 0 4 4.928e+02 5.152e+02 208 0 3 5.134e+02 5.366e+02 216 0 2 4.922e+02 5.158e+02 219 0 3 5.485e+02 5.855e+02 343 0 2 4.460e+02 4.780e+02 297 2 2 3.645e+01 4.755e+01 103
27712 0
27713 4 0 4 6.183e+02 6.417e+02 217 0 4 6.056e+02 6.544e+02 453 0 4 5.627e+02 6.133e+02 470 1 2 6.085e+02 6.515e+02 400
27714 5 0 2 6.720e+02 6.720e+02 -16 0 4 6.717e+02 6.723e+02 6 0 1 6.326e+02 6.694e+02 341 2 1 2.727e+02 2.733e+02 6 2 3 3.935e+02 4.045e+02 102
27715 9 0 1 6.072e+02 6.108e+02 33 0 3 4.362e+02 4.458e+02 90 0 3 6.074e+02 6.106e+02 29 0 4 4.488e+02 4.752e+02 245 2 1 1.990e+01 2.210e+01 20 2 4 1.259e+02 1.261e+02 1 2 3 1.945e+01 2.255e+01 29 2 2 2.537e+01 5.863e+01 309 2 4 2.447e+01 5.953e+01 326
27716 13 0 3 6.046e+02 6.134e+02 81 0 1 4.410e+02 4.410e+02 -2 0 4 5.003e+02 5.077e+02 69 0 1 6.029e+02 6.151e+02 113 0 3 4.339e+02 4.481e+02 131 0 4 4.554e+02 4.686e+02 123 0 2 4.447e+02 4.793e+02 322 1 1 5.899e+02 6.281e+02 354 2 3 3.140e+02 3.160e+02 19 2 1 3.044e+02 3.256e+02 197 2 2 3.209e+02 3.511e+02 281 2 4 2.821e+02 3.059e+02 221 2 2 6.840e+01 9.960e+01 290
27719 7 0 3 1.888e+02 1.892e+02 4 2 2 1.665e+02 1.695e+02 28 2 3 1.443e+02 1.497e+02 50 2 4 5.824e+02 5.936e+02 104 2 3 6.003e+02 6.177e+02 161 2 2 5.780e+02 5.980e+02 186 3 1 2.148e+02 2.472e+02 301
27720 1 0 3 6.408e+02 6.612e+02 189
27723 0
27724 49 0 2 4.616e+02 4.624e+02 7 0 2 3.758e+02 3.802e+02 40 0 1 5.246e+02 5.254e+02 7 0 1 2.632e+02 2.828e+02 182 0 4 5.869e+02 5.891e+02 21 0 4 3.759e+02 3.801e+02 40 0 3 6.505e+02 6.515e+02 10 0 3 2.578e+02 2.882e+02 282 0 3 4.375e+02 4.445e+02 66 0 2 3.345e+02 3.375e+02 28 0 3 4.785e+02 4.875e+02 83 0 1 2.978e+02 3.322e+02 320 0 1 5.653e+02 5.687e+02 32 0 3 6.076e+02 6.104e+02 26 0 2 6.713e+02 6.727e+02 12 0 1 4.296e+02 4.524e+02 212 0 2 5.034e+02 5.046e+02 11 0 3 5.621e+02 5.719e+02 90 0 2 6.289e+02 6.311e+02 20 0 4 6.715e+02 6.725e+02 10 0 1 3.838e+02 4.142e+02 283 0 1 4.735e+02 4.925e+02 177 1 1 5.640e+02 5.700e+02 56 1 1 6.085e+02 6.095e+02 10 1 4 3.715e+02 3.845e+02 120 1 1 5.228e+02 5.272e+02 41 1 3 5.659e+02 5.681e+02 21 1 2 6.294e+02 6.306e+02 11 1 2 5.817e+02 5.943e+02 117 1 4 6.285e+02 6.315e+02 27 1 4 5.824e+02 5.936e+02 105 1 3 6.016e+02 6.164e+02 137 1 4 5.435e+02 5.485e+02 47 1 2 5.711e+02 6.049e+02 315 2 4 2.501e+02 2.539e+02 36 2 2 1.245e+02 1.275e+02 27 2 3 3.977e+02 4.003e+02 24 2 1 1.425e+02 1.515e+02 83 2 4 5.370e+02 5.550e+02 167 2 3 2.727e+02 2.733e+02 6 2 2 4.058e+02 4.342e+02 264 2 3 9.910e+01 1.109e+02 110 2 2 5.304e+02 5.616e+02 290 2 4 3.613e+02 3.947e+02 310 2 4 6.538e+02 6.902e+02 338 2 4 1.182e+02 1.338e+02 146 2 3 5.058e+02 5.442e+02 356 2 4 6.795e+01 1.000e+02 298 3 1 3.107e+02 3.193e+02 80
27725 4 0 4 6.693e+02 6.747e+02 50 0 2 6.669e+02 6.771e+02 94 0 1 6.373e+02 6.647e+02 254 0 3 6.333e+02 6.687e+02 328
27726 6 0 4 4.597e+02 4.643e+02 42 2 2 3.614e+01 4.786e+01 109 2 4 3.883e+01 4.517e+01 59 2 4 1.199e+02 1.321e+02 114 2 1 5.498e+01 7.102e+01 149 2 3 4.480e+01 8.120e+01 338
27727 47 0 2 4.588e+02 4.652e+02 59 0 1 5.261e+01 7.339e+01 193 1 2 6.272e+02 6.328e+02 52 1 4 6.224e+02 6.376e+02 140 1 1 6.030e+02 6.150e+02 110 1 2 6.157e+02 6.443e+02 265 2 3 6.253e+01 6.347e+01 9 2 3 3.954e+02 4.026e+02 66 2 2 8.375e+01 8.425e+01 5 2 2 5.444e+02 5.476e+02 29 2 1 1.466e+02 1.474e+02 8 2 3 3.509e+02 3.631e+02 113 2 2 4.169e+02 4.231e+02 57 2 2 4.139e+01 4.261e+01 11 2 4 4.192e+02 4.208e+02 15 2 3 9.999e+01 1.100e+02 93 2 1 5.479e+02 5.861e+02 356 2 2 1.673e+02 1.687e+02 12 2 4 2.829e+02 3.051e+02 206 2 1 3.910e+02 4.070e+02 149 2 4 3.691e+02 3.869e+02 165 2 2 4.112e+02 4.288e+02 164 2 3 1.657e+01 2.543e+01 82 2 1 4.280e+02 4.540e+02 242 2 2 1.216e+02 1.304e+02 82 2 3 3.830e+02 4.150e+02 298 2 3 1.370e+02 1.570e+02 186 2 4 4.049e+02 4.351e+02 280 2 4 2.323e+02 2.717e+02 366 2 3 3.768e+02 4.212e+02 412 2 4 2.749e+02 3.131e+02 355 2 4 3.307e+02 3.413e+02 99 2 4 2.860e+01 5.540e+01 249 2 4 7.572e+01 9.228e+01 154 2 1 1.767e+02 2.013e+02 229 2 1 3.457e+02 3.683e+02 210 2 1 5.229e+01 7.371e+01 199 2 2 1.122e+02 1.398e+02 256 2 2 1.540e+02 1.820e+02 260 2 2 3.657e+02 3.903e+02 228 2 2 7.109e+01 9.691e+01 240 2 4 1.509e+02 1.851e+02 318 2 3 3.384e+02 3.756e+02 345 3 2 8.222e+01 8.578e+01 33 3 2 1.549e+02 1.811e+02 243 3 1 8.465e+01 1.254e+02 378 3 1 4.503e+01 8.097e+01 334
27728 19 0 2 6.257e+02 6.343e+02 80 0 3 5.650e+02 5.690e+02 38 0 1 5.214e+02 5.286e+02 66 0 4 5.756e+02 6.004e+02 230 0 3 6.365e+02 6.655e+02 269 0 1 5.597e+02 5.743e+02 136 0 1 5.904e+02 6.276e+02 345 0 2 6.534e+02 6.906e+02 346 0 2 5.322e+02 5.598e+02 256 0 4 6.557e+02 6.883e+02 303 0 3 6.315e+02 6.705e+02 363 1 1 6.072e+02 6.108e+02 33 1 2 5.762e+02 5.998e+02 220 2 1 4.827e+02 4.833e+02 6 2 2 3.324e+02 3.396e+02 67 2 2 4.173e+02 4.227e+02 50 2 1 3.550e+02 3.590e+02 37 2 3 4.774e+02 4.886e+02 105 2 1 1.277e+02 1.663e+02 359
27729 1 0 2 8.400e+01 8.400e+01 -22
27730 1 2 4 1.237e+02 1.283e+02 43
27731 49 0 2 6.260e+02 6.340e+02 75 0 1 6.369e+02 6.651e+02 262 0 4 6.234e+02 6.366e+02 122 0 2 6.587e+02 6.853e+02 247 0 4 6.582e+02 6.858e+02 256 0 3 6.341e+02 6.679e+02 315 1 3 5.487e+02 5.853e+02 340 1 2 6.152e+02 6.448e+02 275 1 1 2.127e+02 2.493e+02 340 1 3 2.111e+02 2.509e+02 369 2 2 3.995e+01 4.405e+01 38 2 4 4.200e+02 4.200e+02 -6 2 2 1.252e+02 1.268e+02 15 2 2 6.279e+02 6.321e+02 40 2 3 1.446e+02 1.494e+02 45 2 4 2.093e+02 2.107e+02 14 2 4 2.929e+02 2.951e+02 21 2 1 3.976e+02 4.004e+02 26 2 4 3.752e+02 3.808e+02 52 2 4 4.493e+02 4.747e+02 236 2 4 3.542e+01 4.858e+01 122 2 3 5.948e+02 6.232e+02 264 2 2 8.011e+01 8.789e+01 72 2 1 1.869e+02 1.911e+02 39 2 3 3.867e+02 4.113e+02 228 2 1 2.251e+02 2.369e+02 109 2 4 6.147e+02 6.453e+02 284 2 3 3.084e+02 3.216e+02 122 2 1 6.399e+02 6.621e+02 206 2 2 3.288e+02 3.432e+02 133 2 4 4.009e+02 4.391e+02 354 2 3 5.916e+01 6.684e+01 71 2 3 9.977e+01 1.102e+02 97 2 3 2.272e+02 2.348e+02 70 2 1 3.039e+02 3.261e+02 206 2 4 3.274e+02 3.446e+02 160 2 1 1.676e+01 2.524e+01 79 2 4 1.101e+02 1.419e+02 295 2 2 2.358e+02 2.682e+02 300 2 2 3.629e+02 3.931e+02 280 2 3 1.020e+01 3.180e+01 200 2 1 2.116e+02 2.504e+02 360 2 2 3.196e+02 3.524e+02 305 2 1 5.108e+01 7.492e+01 221 2 3 4.655e+01 7.945e+01 306 2 4 2.398e+01 6.002e+01 335 3 1 1.321e+01 2.879e+01 145 3 2 3.228e+01 5.172e+01 180 3 3 1.680e+01 2.520e+01 78
27732 11 0 1 3.150e+02 3.150e+02 -16 0 1 3.063e+02 3.237e+02 161 0 3 5.248e+02 5.252e+02 3 0 1 6.510e+02 6.510e+02 -23 0 2 6.706e+02 6.734e+02 26 0 2 6.598e+02 6.842e+02 226 0 4 6.613e+02 6.827e+02 198 1 2 6.159e+02 6.441e+02 261 2 1 1.020e+01 3.180e+01 200 2 4 7.186e+01 9.614e+01 226 2 4 1.515e+02 1.845e+02 307
27734 4 0 1 6.510e+02 6.510e+02 -3 0 2 5.457e+02 5.463e+02 6 0 3 6.483e+02 6.537e+02 50 0 1 6.456e+02 6.564e+02 100
27735 0
27736 18 0 4 6.300e+02 6.300e+02 -19 0 4 6.220e+02 6.380e+02 148 0 1 6.352e+02 6.668e+02 293 0 3 5.969e+02 6.211e+02 224 2 3 2.697e+02 2.763e+02 60 2 4 4.193e+01 4.207e+01 1 2 4 5.379e+02 5.541e+02 151 2 2 7.877e+01 8.923e+01 97 2 4 2.381e+02 2.659e+02 259 2 4 5.286e+02 5.634e+02 323 2 2 2.907e+02 2.973e+02 61 2 3 5.270e+01 7.330e+01 191 2 4 7.468e+01 9.332e+01 173 2 4 2.914e+02 2.966e+02 49 2 3 4.471e+01 8.129e+01 340 2 2 6.742e+01 1.006e+02 308 2 1 3.094e+02 3.206e+02 104 2 3 8.855e+01 1.215e+02 306
27739 0
27740 5 0 3 6.497e+02 6.523e+02 25 0 2 6.153e+02 6.447e+02 274 0 1 6.398e+02 6.622e+02 208 0 4 6.530e+02 6.910e+02 353 1 3 2.250e+02 2.370e+02 112
27741 7 2 3 1.457e+02 1.483e+02 24 2 2 2.094e+02 2.106e+02 11 2 2 1.643e+02 1.717e+02 70 2 4 2.064e+02 2.136e+02 67 2 4 1.162e+02 1.358e+02 181 2 1 1.737e+02 2.043e+02 285 2 3 2.164e+02 2.456e+02 270
27744 11 0 1 6.061e+02 6.119e+02 55 0 3 6.490e+02 6.530e+02 38 0 4 6.275e+02 6.325e+02 47 0 4 6.581e+02 6.859e+02 258 0 2 5.265e+02 5.655e+02 361 0 3 5.992e+02 6.188e+02 181 0 2 6.127e+02 6.473e+02 321 2 3 1.452e+02 1.488e+02 33 2 2 1.663e+02 1.697e+02 32 2 4 1.170e+02 1.350e+02 166 2 1 1.309e+02 1.631e+02 300
27745 5 0 4 6.235e+02 6.365e+02 121 0 1 6.010e+02 6.170e+02 148 0 3 5.969e+02 6.211e+02 226 0 2 6.201e+02 6.399e+02 185 2 3 1.771e+02 2.009e+02 220
27748 1 0 4 6.296e+02 6.304e+02 8
27750 12 0 4 6.710e+02 6.730e+02 18 0 1 5.579e+02 5.761e+02 169 0 4 5.847e+02 5.913e+02 61 0 2 6.269e+02 6.331e+02 57 0 3 6.368e+02 6.652e+02 263 0 3 5.531e+02 5.809e+02 258 0 4 6.218e+02 6.382e+02 153 0 1 6.307e+02 6.713e+02 377 0 4 6.133e+02 6.467e+02 310 0 4 6.545e+02 6.895e+02 326 2 2 1.241e+02 1.279e+02 36 2 4 1.172e+02 1.348e+02 163
27752 11 0 3 6.489e+02 6.531e+02 40 0 2 6.691e+02 6.749e+02 53 0 4 6.720e+02 6.720e+02 -15 0 1 6.473e+02 6.547e+02 68 0 2 6.609e+02 6.831e+02 206 0 3 6.341e+02 6.679e+02 313 1 3 5.647e+02 5.693e+02 42 1 4 2.076e+02 2.124e+02 46 1 4 1.934e+02 2.266e+02 308 2 4 3.360e+02 3.360e+02 -12 2 3 3.401e+02 3.739e+02 315
27753 14 0 3 2.730e+02 2.730e+02 -12 0 4 6.290e+02 6.310e+02 18 0 2 6.709e+02 6.731e+02 20 0 4 6.704e+02 6.736e+02 30 0 4 2.751e+02 3.129e+02 351 0 3 6.483e+02 6.537e+02 50 0 1 6.357e+02 6.663e+02 284 0 3 6.338e+02 6.682e+02 320 1 4 6.134e+02 6.466e+02 309 2 4 4.153e+01 4.247e+01 9 2 3 1.408e+02 1.532e+02 116 2 2 1.667e+02 1.693e+02 25 2 4 1.076e+02 1.444e+02 341 2 4 1.495e+02 1.865e+02 344
27754 3 0 2 6.720e+02 6.720e+02 -11 0 1 6.328e+02 6.692e+02 337 2 4 6.295e+02 6.305e+02 9
27755 0
27756 50 0 1 6.499e+02 6.521e+02 20 0 4 5.031e+02 5.049e+02 16 0 1 5.225e+02 5.275e+02 47 0 2 6.272e+02 6.328e+02 51 0 3 6.499e+02 6.521e+02 20 0 1 4.375e+02 4.445e+02 66 0 1 4.764e+02 4.896e+02 122 0 2 6.704e+02 6.736e+02 29 0 2 4.955e+02 5.125e+02 157 0 2 5.306e+02 5.614e+02 286 0 3 6.407e+02 6.613e+02 191 0 2 4.527e+02 4.713e+02 172 0 4 6.626e+02 6.814e+02 174 0 3 4.685e+02 4.975e+02 269 0 3 6.319e+02 6.701e+02 354 0 4 6.551e+02 6.889e+02 315 1 1 5.654e+02 5.686e+02 30 1 1 6.084e+02 6.096e+02 10 1 4 5.389e+02 5.531e+02 131 1 2 6.233e+02 6.367e+02 125 1 4 5.733e+02 6.027e+02 274 1 4 6.271e+02 6.329e+02 54 1 3 6.032e+02 6.148e+02 107 1 2 6.146e+02 6.454e+02 286 2 1 2.727e+02 2.733e+02 6 2 3 4.786e+02 4.874e+02 81 2 4 1.260e+02 1.260e+02 -1 2 1 1.469e+02 1.471e+02 2 2 4 4.536e+02 4.704e+02 156 2 4 2.082e+02 2.118e+02 34 2 3 5.184e+02 5.316e+02 122 2 4 3.883e+01 4.517e+01 59 2 2 4.891e+02 5.189e+02 277 2 4 8.195e+01 8.605e+01 38 2 1 1.391e+02 1.549e+02 147 2 3 5.059e+02 5.441e+02 355 2 3 2.295e+02 2.325e+02 28 2 3 5.651e+01 6.949e+01 120 2 3 1.034e+02 1.066e+02 30 2 3 1.318e+02 1.622e+02 283 2 2 2.520e+02 2.520e+02 -10 2 1 1.927e+01 2.273e+01 32 2 2 1.161e+02 1.359e+02 185 2 1 2.235e+02 2.385e+02 140 2 1 1.011e+01 3.189e+01 202 2 4 7.118e+01 9.682e+01 238 2 2 1.910e+02 2.290e+02 352 2 3 5.314e+00 3.669e+01 291 2 4 1.079e+02 1.441e+02 336 3 1 2.756e+00 3.924e+01 339
27757 13 0 1 5.638e+02 5.702e+02 59 0 4 5.776e+02 5.984e+02 194 0 4 6.586e+02 6.854e+02 250 0 2 5.282e+02 5.638e+02 330 0 1 5.917e+02 6.263e+02 321 0 1 6.323e+02 6.697e+02 347 0 3 5.909e+02 6.271e+02 336 0 3 6.354e+02 6.666e+02 290 0 2 6.521e+02 6.919e+02 369 1 2 1.975e+02 2.225e+02 233 1 4 5.696e+02 6.064e+02 342 1 4 5.629e+02 6.131e+02 466 1 2 1.879e+02 2.321e+02 410
