31641 5 0 2 5.031e+02 5.049e+02 17 0 1 4.731e+02 4.929e+02 184 0 3 5.134e+02 5.366e+02 215 0 4 4.903e+02 5.177e+02 255 1 2 3.343e+02 3.377e+02 31
31642 0
31644 11 0 1 5.596e+02 5.744e+02 137 0 4 6.655e+02 6.785e+02 120 0 2 6.610e+02 6.830e+02 204 2 4 1.978e+02 2.222e+02 227 2 4 3.336e+01 5.064e+01 160 2 3 1.010e+02 1.090e+02 75 2 3 1.106e+01 3.094e+01 185 2 2 1.169e+02 1.351e+02 169 2 2 1.904e+01 6.496e+01 426 2 2 7.850e+01 8.950e+01 102 2 4 7.491e+01 9.309e+01 169
31646 2 0 3 6.031e+02 6.149e+02 109 2 4 4.522e+02 4.718e+02 181
31648 39 0 3 4.828e+02 4.832e+02 4 0 4 3.337e+02 3.383e+02 43 0 2 6.575e+02 6.865e+02 270 0 4 4.881e+02 5.199e+02 296 0 4 6.553e+02 6.887e+02 310 1 1 5.615e+02 5.725e+02 101 1 2 6.202e+02 6.398e+02 181 1 2 5.760e+02 6.000e+02 223 1 4 6.171e+02 6.429e+02 239 2 2 4.200e+01 4.200e+01 -0 2 4 5.449e+02 5.471e+02 20 2 1 2.309e+02 2.311e+02 2 2 4 6.693e+02 6.747e+02 50 2 4 3.360e+02 3.360e+02 -21 2 4 4.990e+02 5.090e+02 93 2 4 4.148e+01 4.252e+01 10 2 4 5.741e+02 6.019e+02 259 2 2 1.252e+02 1.268e+02 16 2 1 4.682e+02 4.978e+02 276 2 4 2.475e+02 2.565e+02 83 2 4 6.114e+02 6.486e+02 345 2 3 3.550e+02 3.590e+02 38 2 1 6.300e+01 6.300e+01 -8 2 4 1.260e+02 1.260e+02 -24 2 1 1.403e+02 1.537e+02 124 2 3 3.143e+02 3.157e+02 12 2 2 3.685e+02 3.875e+02 177 2 4 8.400e+01 8.400e+01 -9 2 1 2.623e+02 2.837e+02 199 2 2 3.299e+02 3.421e+02 113 2 3 1.999e+01 2.201e+01 19 2 2 7.190e+01 9.610e+01 225 2 3 2.658e+02 2.802e+02 135 2 1 3.446e+02 3.694e+02 230 2 1 7.559e+00 3.444e+01 250 2 2 2.851e+02 3.029e+02 166 2 2 2.972e+01 5.428e+01 228 2 3 4.529e+01 8.071e+01 329 2 3 5.583e+00 3.642e+01 286
31650 11 0 3 5.227e+02 5.273e+02 43 0 4 3.718e+02 3.842e+02 116 0 4 3.376e+01 5.024e+01 153 0 2 5.347e+02 5.573e+02 210 0 2 3.667e+02 3.893e+02 210 0 1 5.094e+02 5.406e+02 290 1 2 6.289e+02 6.311e+02 20 1 4 6.177e+02 6.423e+02 228 2 1 1.604e+01 2.596e+01 92 2 4 2.397e+02 2.643e+02 229 2 3 1.155e+01 3.045e+01 176
31651 9 0 1 2.730e+02 2.730e+02 -18 0 4 2.902e+02 2.978e+02 70 0 3 6.458e+02 6.562e+02 96 0 3 2.652e+02 2.808e+02 145 0 4 6.696e+02 6.744e+02 44 0 2 2.802e+02 3.078e+02 256 0 1 6.470e+02 6.550e+02 74 0 2 6.543e+02 6.897e+02 328 2 4 6.617e+02 6.823e+02 190
31652 3 0 1 4.693e+02 4.967e+02 255 0 3 4.608e+02 5.052e+02 413 0 2 4.777e+02 5.303e+02 488
31653 56 0 4 3.360e+02 3.360e+02 -11 0 1 5.250e+02 5.250e+02 -5 0 2 3.334e+02 3.386e+02 49 0 1 5.177e+02 5.323e+02 135 0 1 3.053e+02 3.247e+02 180 0 2 6.702e+02 6.738e+02 34 0 2 6.161e+02 6.439e+02 259 0 1 6.498e+02 6.522e+02 23 0 4 6.143e+02 6.457e+02 292 0 3 6.362e+02 6.658e+02 275 0 4 6.550e+02 6.890e+02 316 1 4 5.460e+02 5.460e+02 -21 1 3 6.090e+02 6.090e+02 -14 1 3 5.250e+02 5.250e+02 -11 1 3 5.666e+02 5.674e+02 7 1 2 6.300e+02 6.300e+02 -8 1 4 6.300e+02 6.300e+02 -19 1 2 5.767e+02 5.993e+02 210 1 1 6.046e+02 6.134e+02 82 1 2 5.711e+02 6.049e+02 313 1 3 5.934e+02 6.246e+02 290 1 4 5.712e+02 6.048e+02 312 1 4 6.175e+02 6.425e+02 231 2 2 4.200e+02 4.200e+02 -4 2 2 5.460e+02 5.460e+02 -12 2 3 4.410e+02 4.410e+02 -12 2 2 8.312e+01 8.488e+01 16 2 4 5.037e+02 5.043e+02 6 2 2 1.656e+02 1.704e+02 45 2 1 5.562e+02 5.778e+02 200 2 4 2.100e+02 2.100e+02 -7 2 3 3.949e+02 4.031e+02 76 2 3 2.730e+02 2.730e+02 -16 2 3 6.288e+01 6.312e+01 2 2 3 5.163e+02 5.337e+02 162 2 2 7.226e+01 9.574e+01 218 2 4 4.173e+02 4.227e+02 50 2 4 1.620e+02 1.740e+02 111 2 4 4.478e+02 4.762e+02 263 2 4 2.395e+02 2.645e+02 232 2 4 5.350e+02 5.570e+02 205 2 4 2.853e+02 3.027e+02 161 2 3 4.356e+02 4.464e+02 100 2 3 3.430e+02 3.710e+02 260 2 1 4.718e+02 4.942e+02 207 2 1 1.725e+01 2.475e+01 70 2 1 4.298e+02 4.522e+02 208 2 1 1.821e+02 1.959e+02 128 2 4 4.019e+02 4.381e+02 336 2 3 2.652e+02 2.808e+02 146 2 4 3.612e+02 3.948e+02 311 2 4 3.928e+01 4.472e+01 50 2 3 1.301e+02 1.639e+02 313 2 2 2.712e+01 5.688e+01 276 2 4 2.739e+01 5.661e+01 271 2 1 5.122e+01 7.478e+01 219
31654 9 0 1 5.236e+02 5.264e+02 26 0 2 6.552e+02 6.888e+02 312 0 3 -3.258e+00 4.526e+01 450 0 3 6.254e+02 6.766e+02 475 0 4 6.464e+02 6.976e+02 475 1 2 6.300e+02 6.300e+02 -14 1 4 6.275e+02 6.325e+02 46 1 2 6.222e+02 6.378e+02 146 1 1 -2.585e+00 4.458e+01 438
31656 11 0 1 1.680e+01 2.520e+01 78 0 3 6.504e+02 6.516e+02 11 0 2 2.753e+01 5.647e+01 269 0 2 6.148e+02 6.452e+02 283 0 3 1.814e+00 4.019e+01 356 0 1 6.441e+02 6.579e+02 129 0 4 6.117e+02 6.483e+02 340 0 2 6.588e+02 6.852e+02 245 0 4 6.597e+02 6.843e+02 228 3 1 1.873e+02 1.907e+02 31 3 2 5.819e+02 5.941e+02 114
31657 0
31659 1 2 4 2.898e+02 2.982e+02 79
31660 27 0 1 5.229e+02 5.271e+02 40 0 1 6.029e+02 6.151e+02 114 0 2 5.451e+02 5.469e+02 16 0 1 5.632e+02 5.708e+02 71 0 3 5.905e+02 6.275e+02 343 0 3 5.172e+02 5.328e+02 146 0 2 5.376e+02 5.544e+02 156 1 3 5.667e+02 5.673e+02 6 1 1 5.509e+02 5.831e+02 299 2 4 8.281e+01 8.519e+01 22 2 4 2.082e+02 2.118e+02 33 2 1 4.722e+02 4.938e+02 200 2 3 5.813e+01 6.787e+01 90 2 2 4.957e+02 5.123e+02 155 2 3 1.004e+02 1.096e+02 86 2 2 2.006e+02 2.194e+02 176 2 4 4.903e+02 5.177e+02 255 2 4 2.804e+02 3.076e+02 253 2 1 1.873e+01 2.327e+01 42 2 4 7.455e+01 9.345e+01 176 2 2 1.538e+02 1.822e+02 265 2 1 2.230e+02 2.390e+02 149 2 3 9.295e+01 1.171e+02 224 2 3 2.149e+02 2.471e+02 300 2 2 6.670e+01 1.013e+02 321 2 2 1.059e+02 1.461e+02 374 3 1 2.212e+02 2.408e+02 182
31661 0
31662 3 0 4 3.318e+02 3.402e+02 77 0 4 5.868e+02 5.892e+02 23 2 1 9.800e+00 3.220e+01 208
31663 0
31664 21 0 3 6.455e+02 6.565e+02 102 0 3 5.910e+02 6.270e+02 335 0 2 6.689e+02 6.751e+02 58 0 1 5.917e+02 6.263e+02 321 0 4 6.682e+02 6.758e+02 70 0 4 6.070e+02 6.530e+02 426 0 3 6.358e+02 6.662e+02 282 0 2 6.606e+02 6.834e+02 211 1 3 5.165e+02 5.335e+02 158 1 4 4.859e+02 5.221e+02 336 2 2 3.627e+01 4.773e+01 106 2 4 2.069e+02 2.131e+02 57 2 1 2.682e+02 2.778e+02 89 2 4 7.863e+01 8.937e+01 100 2 3 2.292e+02 2.328e+02 33 2 4 3.156e+01 5.244e+01 194 2 2 2.503e+02 2.537e+02 32 2 3 5.086e+01 7.514e+01 226 2 4 2.468e+02 2.572e+02 96 2 4 2.039e+01 6.361e+01 401 2 1 4.502e+01 8.098e+01 334
31665 0
31666 18 0 1 6.074e+02 6.106e+02 30 0 2 6.703e+02 6.737e+02 32 0 3 6.056e+02 6.124e+02 63 0 1 6.454e+02 6.566e+02 104 0 2 6.237e+02 6.363e+02 116 0 3 6.438e+02 6.582e+02 133 0 4 6.269e+02 6.331e+02 57 0 2 6.607e+02 6.833e+02 210 0 4 3.942e+02 4.458e+02 479 0 1 5.944e+02 6.236e+02 270 0 4 6.594e+02 6.846e+02 234 0 3 5.937e+02 6.243e+02 284 2 2 4.148e+01 4.252e+01 10 2 4 4.990e+02 5.090e+02 92 2 3 2.176e+02 2.444e+02 248 2 4 2.427e+02 2.613e+02 172 2 2 1.972e+02 2.228e+02 238 2 2 1.916e+02 2.284e+02 341
31667 1 1 2 6.129e+02 6.471e+02 317
31668 2 2 4 3.763e+02 3.797e+02 31 2 4 6.616e+02 6.824e+02 193
31669 6 0 2 6.261e+02 6.339e+02 72 0 2 6.720e+02 6.720e+02 -24 0 4 6.238e+02 6.362e+02 116 0 3 6.429e+02 6.591e+02 151 0 1 6.400e+02 6.620e+02 205 0 3 6.359e+02 6.661e+02 281
31671 20 0 2 6.254e+02 6.346e+02 85 0 2 6.704e+02 6.736e+02 30 0 2 2.858e+02 3.022e+02 153 0 4 6.275e+02 6.325e+02 46 0 4 6.689e+02 6.751e+02 58 0 4 2.833e+02 3.047e+02 199 0 1 5.931e+02 6.249e+02 295 0 1 3.029e+02 3.271e+02 225 0 4 6.634e+02 6.806e+02 160 0 3 5.884e+02 6.296e+02 383 1 1 6.075e+02 6.105e+02 28 1 3 6.081e+02 6.099e+02 16 1 4 6.218e+02 6.382e+02 153 1 2 6.154e+02 6.446e+02 271 1 4 6.107e+02 6.493e+02 359 2 4 1.621e+02 1.739e+02 109 2 4 1.150e+02 1.370e+02 204 2 3 1.315e+02 1.625e+02 287 2 4 2.371e+01 6.029e+01 340 2 2 1.560e+02 1.800e+02 222
31672 0
31673 1 3 3 4.344e+02 4.476e+02 122
31675 16 0 1 6.049e+02 6.131e+02 76 0 1 4.284e+02 4.536e+02 234 0 3 6.048e+02 6.132e+02 78 0 3 4.324e+02 4.496e+02 160 0 4 5.711e+02 6.049e+02 314 0 4 4.064e+02 4.336e+02 253 1 4 6.262e+02 6.338e+02 70 1 2 5.880e+02 5.880e+02 -2 1 1 5.539e+02 5.801e+02 243 1 3 5.958e+02 6.222e+02 246 2 3 2.070e+01 2.130e+01 6 2 2 3.861e+01 4.539e+01 63 2 1 5.835e+01 6.765e+01 86 2 1 1.424e+01 2.776e+01 126 2 2 2.488e+01 5.912e+01 318 3 1 5.918e+02 6.262e+02 319
31676 24 0 1 6.078e+02 6.102e+02 22 0 2 4.555e+02 4.685e+02 121 0 3 6.067e+02 6.113e+02 43 0 4 6.652e+02 6.788e+02 126 0 1 6.004e+02 6.176e+02 160 0 2 6.229e+02 6.371e+02 132 0 4 6.196e+02 6.404e+02 194 1 4 5.417e+02 5.503e+02 80 1 1 5.178e+02 5.322e+02 134 1 2 5.291e+02 5.629e+02 315 1 3 5.158e+02 5.342e+02 170 1 1 5.086e+02 5.414e+02 304 2 1 1.889e+02 1.891e+02 2 2 2 3.339e+02 3.381e+02 39 2 3 1.862e+02 1.918e+02 52 2 4 2.047e+02 2.153e+02 99 2 4 3.350e+02 3.370e+02 19 2 2 1.599e+02 1.761e+02 150 2 3 2.264e+02 2.356e+02 86 2 1 3.530e+02 3.610e+02 74 2 4 1.646e+02 1.714e+02 63 2 3 2.140e+02 2.480e+02 316 2 3 3.384e+02 3.756e+02 346 3 1 1.868e+01 2.332e+01 43
31677 3 2 3 9.981e+01 1.102e+02 96 2 4 7.002e+01 9.798e+01 260 2 2 6.521e+01 1.028e+02 349
31678 4 0 2 6.701e+02 6.739e+02 36 0 2 6.612e+02 6.828e+02 200 0 4 6.606e+02 6.834e+02 211 2 4 8.191e+01 8.609e+01 39
31680 3 0 2 5.426e+02 5.494e+02 63 0 1 5.498e+02 5.842e+02 320 0 3 5.522e+02 5.818e+02 275
31684 3 1 3 4.821e+02 4.839e+02 16 1 4 4.876e+02 5.204e+02 305 1 1 5.905e+02 6.275e+02 344
31685 2 2 4 6.587e+02 6.853e+02 247 2 4 1.086e+02 1.434e+02 324
31686 5 0 2 6.708e+02 6.732e+02 23 0 4 6.698e+02 6.742e+02 40 0 1 6.464e+02 6.556e+02 85 0 4 6.533e+02 6.907e+02 347 0 1 6.337e+02 6.683e+02 320
