35276 10 0 4 6.273e+02 6.327e+02 50 0 4 2.092e+02 2.108e+02 15 0 3 1.864e+02 1.916e+02 48 0 2 6.249e+02 6.351e+02 94 0 2 1.653e+02 1.707e+02 50 0 1 5.942e+02 6.238e+02 275 0 3 1.718e+02 2.062e+02 319 0 3 5.916e+02 6.264e+02 323 2 1 7.915e+00 3.408e+01 243 2 3 4.641e+00 3.736e+01 304
35277 3 0 3 4.823e+02 4.837e+02 13 0 4 4.899e+02 5.181e+02 261 0 3 5.412e+02 5.928e+02 479
35278 2 2 3 3.145e+02 3.155e+02 9 2 2 8.366e+01 8.434e+01 6
35281 38 0 1 6.498e+02 6.522e+02 22 0 2 6.702e+02 6.738e+02 33 0 3 6.023e+02 6.157e+02 125 0 4 6.654e+02 6.786e+02 123 0 3 2.567e+02 2.893e+02 303 0 4 6.213e+02 6.387e+02 161 0 4 6.567e+02 6.873e+02 284 0 3 5.921e+02 6.259e+02 314 0 2 6.106e+02 6.494e+02 360 1 2 5.866e+02 5.894e+02 26 1 2 6.213e+02 6.387e+02 162 1 2 5.372e+02 5.548e+02 163 1 2 6.118e+02 6.482e+02 337 1 2 5.289e+02 5.631e+02 317 1 2 5.724e+02 6.036e+02 289 2 4 2.502e+02 2.538e+02 34 2 3 3.570e+02 3.570e+02 -5 2 1 3.985e+02 3.995e+02 9 2 4 8.325e+01 8.475e+01 14 2 3 5.637e+02 5.703e+02 62 2 4 2.066e+02 2.134e+02 64 2 2 5.435e+02 5.485e+02 46 2 2 3.760e+02 3.800e+02 36 2 4 6.565e+02 6.875e+02 287 2 3 1.015e+02 1.085e+02 65 2 4 4.855e+02 5.225e+02 343 2 3 2.238e+02 2.382e+02 133 2 3 5.161e+02 5.339e+02 165 2 4 3.336e+02 3.384e+02 44 2 4 5.311e+02 5.609e+02 276 2 2 1.191e+02 1.329e+02 129 2 1 5.504e+02 5.836e+02 309 2 2 2.379e+02 2.661e+02 262 2 3 3.428e+02 3.712e+02 263 2 4 1.205e+02 1.315e+02 101 2 4 1.094e+02 1.426e+02 309 3 1 5.244e+02 5.256e+02 11 3 2 5.277e+02 5.643e+02 340
35284 0
35286 3 1 4 5.876e+02 5.884e+02 7 2 4 3.856e+01 4.544e+01 64 2 3 1.209e+01 2.991e+01 166
35287 4 0 3 5.670e+02 5.670e+02 -3 1 2 6.243e+02 6.357e+02 106 2 1 1.330e+01 2.870e+01 143 2 3 9.531e+00 3.247e+01 213
35288 6 0 3 2.712e+02 2.748e+02 33 0 4 2.843e+02 3.037e+02 180 0 2 6.595e+02 6.845e+02 231 0 4 6.559e+02 6.881e+02 299 0 2 6.500e+02 6.940e+02 408 2 4 3.751e+02 3.809e+02 53
35289 1 0 2 6.538e+02 6.902e+02 337
35291 26 0 2 6.276e+02 6.324e+02 44 0 4 6.269e+02 6.331e+02 57 0 2 6.617e+02 6.823e+02 192 0 4 6.598e+02 6.842e+02 226 0 3 6.365e+02 6.655e+02 269 0 2 6.559e+02 6.881e+02 300 2 3 1.013e+02 1.087e+02 70 2 3 6.500e+02 6.520e+02 19 2 3 1.467e+02 1.473e+02 6 2 3 4.334e+02 4.486e+02 141 2 4 3.255e+02 3.465e+02 196 2 2 4.580e+02 4.660e+02 74 2 2 1.260e+02 1.260e+02 -1 2 3 5.172e+02 5.328e+02 146 2 2 1.604e+02 1.756e+02 140 2 4 6.156e+02 6.444e+02 268 2 4 1.133e+02 1.387e+02 236 2 4 4.114e+02 4.286e+02 160 2 1 1.756e+02 2.024e+02 250 2 1 4.745e+02 4.915e+02 158 2 2 1.499e+02 1.861e+02 336 2 3 5.893e+02 6.287e+02 366 2 4 1.490e+02 1.870e+02 353 2 3 6.370e+02 6.650e+02 260 2 4 4.940e+02 5.140e+02 186 2 4 4.492e+02 4.748e+02 237
35292 6 0 4 2.503e+02 2.537e+02 31 2 1 1.852e+02 1.928e+02 71 2 3 1.805e+02 1.975e+02 157 2 2 1.995e+02 2.205e+02 196 2 4 1.532e+02 1.828e+02 276 2 2 1.485e+02 1.875e+02 361
35293 15 0 4 6.282e+02 6.318e+02 34 0 2 6.258e+02 6.342e+02 77 0 1 5.980e+02 6.200e+02 205 0 2 6.579e+02 6.861e+02 262 0 4 4.877e+02 5.203e+02 303 0 3 5.944e+02 6.236e+02 270 0 4 6.561e+02 6.879e+02 296 1 2 5.863e+02 5.897e+02 32 1 2 5.348e+02 5.572e+02 207 1 2 6.180e+02 6.420e+02 222 1 3 5.566e+02 5.774e+02 193 1 2 5.722e+02 6.038e+02 294 2 2 4.200e+01 4.200e+01 -15 2 3 1.236e+01 2.964e+01 160 2 4 2.802e+01 5.598e+01 260
35294 7 0 1 4.827e+02 4.833e+02 6 0 4 5.009e+02 5.071e+02 58 0 3 4.700e+02 4.960e+02 242 0 2 4.907e+02 5.173e+02 247 1 2 4.978e+02 5.102e+02 116 1 2 4.888e+02 5.192e+02 282 1 4 5.783e+02 5.977e+02 180
35296 2 3 3 4.830e+02 4.830e+02 -7 3 1 4.392e+02 4.428e+02 34
35297 22 0 2 6.105e+02 6.495e+02 361 0 4 3.612e+02 3.948e+02 312 0 2 6.551e+02 6.889e+02 315 0 3 5.502e+02 5.838e+02 311 0 2 3.570e+02 3.990e+02 390 0 4 6.129e+02 6.471e+02 317 0 4 6.547e+02 6.893e+02 322 0 1 5.445e+02 5.895e+02 417 0 4 5.677e+02 6.083e+02 376 0 1 5.900e+02 6.280e+02 352 0 3 5.870e+02 6.310e+02 408 1 1 1.015e+02 1.085e+02 65 1 2 6.087e+02 6.513e+02 396 2 1 3.924e+00 3.808e+01 317 2 2 6.418e+01 1.038e+02 368 2 2 1.489e+02 1.871e+02 355 2 4 1.937e+02 2.263e+02 303 2 3 1.679e+00 4.032e+01 359 2 4 1.461e+02 1.899e+02 407 2 1 2.134e+02 2.486e+02 327 2 3 2.087e+02 2.533e+02 415 2 2 2.313e+02 2.727e+02 385
35298 0
35300 2 0 2 6.563e+02 6.877e+02 291 0 2 6.493e+02 6.947e+02 421
35301 22 0 2 6.720e+02 6.720e+02 -2 0 3 5.217e+02 5.283e+02 62 0 4 5.876e+02 5.884e+02 8 0 4 6.687e+02 6.753e+02 62 0 1 5.585e+02 5.755e+02 157 0 4 6.615e+02 6.825e+02 195 0 3 5.531e+02 5.809e+02 258 0 1 6.346e+02 6.674e+02 305 0 3 5.068e+02 5.432e+02 337 1 2 4.613e+02 4.627e+02 13 1 4 5.790e+02 5.970e+02 168 1 3 4.291e+02 4.529e+02 220 1 3 5.540e+02 5.800e+02 240 1 3 5.925e+02 6.255e+02 307 2 3 1.927e+01 2.273e+01 32 2 3 1.439e+02 1.501e+02 58 2 1 5.916e+01 6.684e+01 71 2 3 5.822e+01 6.778e+01 89 2 4 3.582e+02 3.978e+02 368 2 1 1.007e+01 3.193e+01 203 2 2 2.820e+01 5.580e+01 256 2 4 2.726e+01 5.674e+01 274
35302 22 0 1 5.669e+02 5.671e+02 2 0 3 6.088e+02 6.092e+02 3 0 3 5.637e+02 5.703e+02 62 0 4 5.785e+02 5.975e+02 176 0 2 6.673e+02 6.767e+02 88 0 1 6.034e+02 6.146e+02 104 0 4 6.660e+02 6.780e+02 112 0 3 5.890e+02 6.290e+02 371 0 1 6.388e+02 6.632e+02 227 0 4 6.128e+02 6.472e+02 320 1 2 6.164e+02 6.436e+02 253 1 4 6.128e+02 6.472e+02 319 2 2 2.495e+02 2.545e+02 47 2 1 6.230e+01 6.370e+01 13 2 1 2.255e+02 2.365e+02 101 2 4 3.946e+01 4.454e+01 47 2 4 4.907e+02 5.173e+02 246 2 4 1.994e+02 2.206e+02 197 2 3 5.171e+01 7.429e+01 210 2 3 2.202e+02 2.418e+02 201 2 2 2.932e+01 5.468e+01 236 2 4 2.372e+02 2.668e+02 276
35303 9 0 4 6.282e+02 6.318e+02 33 1 4 5.814e+02 5.946e+02 122 1 3 5.517e+02 5.823e+02 284 1 3 5.921e+02 6.259e+02 314 2 4 2.515e+02 2.525e+02 10 2 4 8.348e+01 8.452e+01 10 2 2 6.575e+01 1.022e+02 339 2 3 8.837e+01 1.216e+02 309 3 1 1.680e+01 2.520e+01 78
35304 0
35308 10 0 3 6.044e+02 6.136e+02 85 0 1 6.451e+02 6.569e+02 110 0 4 5.794e+02 5.966e+02 159 0 2 6.690e+02 6.750e+02 56 2 1 2.729e+02 2.731e+02 1 2 2 2.445e+02 2.595e+02 140 2 3 1.388e+01 2.812e+01 132 2 4 1.979e+02 2.221e+02 224 2 2 2.577e+01 5.823e+01 301 2 3 2.209e+02 2.411e+02 188
35310 4 2 4 4.591e+02 4.649e+02 55 2 1 4.826e+02 4.834e+02 8 2 2 4.516e+02 4.724e+02 194 2 3 4.661e+02 4.999e+02 314
35311 10 0 1 5.196e+02 5.304e+02 100 0 3 5.223e+02 5.277e+02 50 0 2 4.893e+02 5.187e+02 273 2 2 1.669e+02 1.691e+02 20 2 4 2.502e+02 2.538e+02 34 2 3 4.404e+02 4.416e+02 10 2 1 1.810e+02 1.970e+02 149 2 3 1.332e+02 1.608e+02 256 2 4 4.129e+02 4.271e+02 132 2 4 1.546e+02 1.814e+02 250
35312 28 0 4 6.272e+02 6.328e+02 52 0 4 5.024e+02 5.056e+02 30 0 1 3.095e+02 3.205e+02 101 0 2 6.234e+02 6.366e+02 123 0 4 3.294e+02 3.426e+02 122 0 3 6.489e+02 6.531e+02 39 0 2 1.194e+02 1.326e+02 122 0 1 4.769e+02 4.891e+02 114 0 2 3.205e+02 3.515e+02 288 0 4 5.785e+02 5.975e+02 176 0 4 1.488e+02 1.872e+02 356 0 2 6.700e+02 6.740e+02 37 0 2 4.941e+02 5.139e+02 185 0 3 5.946e+02 6.234e+02 267 0 4 6.703e+02 6.737e+02 31 0 3 4.663e+02 4.997e+02 310 0 2 6.162e+02 6.438e+02 257 0 1 6.463e+02 6.557e+02 88 0 1 5.934e+02 6.246e+02 289 0 4 6.585e+02 6.855e+02 251 0 2 6.108e+02 6.492e+02 357 0 3 6.330e+02 6.690e+02 334 0 2 6.516e+02 6.924e+02 380 2 3 2.048e+01 2.152e+01 10 2 4 2.940e+02 2.940e+02 0 2 1 3.121e+02 3.179e+02 53 2 2 2.846e+02 3.034e+02 174 2 3 2.985e+02 3.315e+02 307
35313 1 1 4 3.734e+02 3.826e+02 85
35316 1 0 3 1.945e+01 2.255e+01 29
35317 9 1 2 6.109e+02 6.491e+02 355 2 2 4.089e+02 4.311e+02 206 2 3 9.658e+01 1.134e+02 156 2 4 2.368e+02 2.672e+02 283 2 4 5.276e+02 5.644e+02 341 2 3 2.619e+02 2.841e+02 206 2 2 1.130e+02 1.390e+02 242 2 3 3.015e+02 3.285e+02 250 2 4 1.113e+02 1.407e+02 272
