7536 12 1 2 3.770e+02 3.790e+02 18 2 4 2.505e+02 2.535e+02 28 2 4 5.450e+02 5.470e+02 18 2 3 5.667e+02 5.673e+02 6 2 2 5.845e+02 5.915e+02 66 2 4 1.215e+02 1.305e+02 83 2 4 6.654e+02 6.786e+02 122 2 2 2.362e+02 2.678e+02 293 2 3 2.626e+02 2.834e+02 193 2 3 3.420e+02 3.720e+02 278 2 1 3.003e+02 3.297e+02 274 2 1 2.586e+02 2.874e+02 267
7540 19 0 2 5.016e+02 5.064e+02 46 0 2 6.288e+02 6.312e+02 22 0 1 6.478e+02 6.542e+02 60 0 4 4.945e+02 5.135e+02 176 0 1 5.081e+02 5.419e+02 315 0 4 6.258e+02 6.342e+02 79 0 2 6.617e+02 6.823e+02 190 0 1 4.706e+02 4.954e+02 230 0 3 5.142e+02 5.358e+02 200 0 1 6.043e+02 6.137e+02 87 0 1 6.363e+02 6.657e+02 274 0 3 5.503e+02 5.837e+02 310 0 4 5.760e+02 6.000e+02 223 0 3 6.335e+02 6.685e+02 325 0 1 5.902e+02 6.278e+02 350 0 4 6.574e+02 6.866e+02 271 0 3 5.954e+02 6.226e+02 252 2 4 1.074e+02 1.446e+02 345 2 2 1.542e+02 1.818e+02 257
7541 1 2 4 3.980e+02 4.420e+02 409
7542 9 0 2 6.239e+02 6.361e+02 114 0 2 6.631e+02 6.809e+02 165 0 4 6.208e+02 6.392e+02 171 0 4 6.644e+02 6.796e+02 140 0 3 6.375e+02 6.645e+02 250 0 1 6.342e+02 6.678e+02 311 2 3 5.709e+01 6.891e+01 110 2 2 2.918e+01 5.482e+01 238 2 4 2.753e+01 5.647e+01 269
7546 7 0 2 6.263e+02 6.337e+02 70 0 2 6.670e+02 6.770e+02 92 0 4 6.245e+02 6.355e+02 101 0 4 6.663e+02 6.777e+02 106 0 1 6.362e+02 6.658e+02 275 0 3 6.368e+02 6.652e+02 264 2 3 1.470e+02 1.470e+02 -16
7548 0
7550 7 2 1 1.895e+01 2.305e+01 38 2 4 4.594e+02 4.646e+02 49 2 3 6.525e+00 3.547e+01 269 2 2 1.502e+02 1.858e+02 331 2 4 4.837e+02 5.243e+02 376 3 3 4.202e+02 4.618e+02 386 3 2 3.943e+02 4.457e+02 478
7551 4 0 4 6.290e+02 6.310e+02 18 2 4 2.513e+02 2.527e+02 13 2 1 2.656e+02 2.804e+02 137 2 2 2.408e+02 2.632e+02 208
7552 8 1 4 6.146e+02 6.454e+02 286 2 4 2.926e+02 2.954e+02 26 2 4 2.037e+02 2.163e+02 116 2 3 3.122e+02 3.178e+02 52 2 4 5.786e+02 5.974e+02 174 2 3 2.152e+02 2.468e+02 293 2 4 6.109e+02 6.491e+02 355 3 4 6.535e+01 1.026e+02 346
7553 6 0 4 3.261e+02 3.459e+02 184 0 4 5.750e+02 6.010e+02 242 0 2 3.207e+02 3.513e+02 285 2 4 8.003e+01 8.797e+01 74 2 2 7.388e+01 9.412e+01 188 2 3 9.272e+01 1.173e+02 228
7554 4 0 3 6.066e+02 6.114e+02 45 1 3 6.076e+02 6.104e+02 26 1 1 1.214e+02 1.726e+02 476 2 4 4.179e+01 4.221e+01 4
7556 21 0 1 5.229e+02 5.271e+02 40 0 2 5.409e+02 5.511e+02 96 0 4 5.806e+02 5.954e+02 137 0 2 6.615e+02 6.825e+02 196 0 3 5.145e+02 5.355e+02 196 0 4 6.648e+02 6.792e+02 135 0 2 5.258e+02 5.662e+02 376 0 1 6.394e+02 6.626e+02 216 0 1 4.981e+02 5.519e+02 500 0 3 6.367e+02 6.653e+02 266 0 4 6.505e+02 6.935e+02 399 0 1 6.291e+02 6.729e+02 406 0 3 6.293e+02 6.727e+02 402 1 2 4.565e+02 4.675e+02 103 1 4 6.097e+02 6.503e+02 377 2 4 7.522e+01 9.278e+01 163 2 3 9.479e+01 1.152e+02 190 2 4 1.477e+02 1.883e+02 376 2 3 9.154e-01 4.108e+01 373 2 2 6.710e+01 1.009e+02 314 2 3 7.949e+01 1.305e+02 474
7559 45 0 3 6.083e+02 6.097e+02 13 0 2 3.763e+02 3.797e+02 31 0 3 6.505e+02 6.515e+02 10 0 1 1.820e+02 1.960e+02 130 0 4 4.563e+02 4.677e+02 106 0 2 2.036e+02 2.164e+02 120 0 1 5.222e+02 5.278e+02 51 0 4 3.691e+02 3.869e+02 165 0 2 6.273e+02 6.327e+02 50 0 4 2.088e+02 2.112e+02 23 0 2 6.707e+02 6.733e+02 25 0 3 1.718e+02 2.062e+02 319 0 3 3.843e+02 4.137e+02 273 0 1 3.384e+02 3.756e+02 346 0 2 5.402e+02 5.518e+02 108 0 4 6.291e+02 6.309e+02 17 0 4 6.704e+02 6.736e+02 30 0 1 5.142e+02 5.358e+02 201 0 1 6.036e+02 6.144e+02 100 0 1 6.499e+02 6.521e+02 21 0 3 5.160e+02 5.340e+02 168 0 2 6.133e+02 6.467e+02 310 0 2 5.318e+02 5.602e+02 265 0 3 5.051e+02 5.449e+02 370 1 4 5.456e+02 5.464e+02 7 1 2 6.298e+02 6.302e+02 3 1 3 5.239e+02 5.261e+02 21 1 3 5.670e+02 5.670e+02 -4 1 4 6.281e+02 6.319e+02 36 1 4 5.816e+02 5.944e+02 120 1 1 6.059e+02 6.121e+02 58 1 2 5.734e+02 6.026e+02 271 1 3 6.065e+02 6.115e+02 46 1 4 6.117e+02 6.483e+02 340 2 2 8.379e+01 8.421e+01 4 2 2 1.680e+02 1.680e+02 -9 2 2 2.065e+02 2.135e+02 65 2 4 7.087e+01 9.713e+01 244 2 1 1.791e+02 1.989e+02 184 2 4 1.981e+02 2.219e+02 220 2 3 5.050e+01 7.550e+01 232 2 4 1.086e+02 1.434e+02 323 2 3 1.387e+02 1.553e+02 154 2 3 2.191e+02 2.429e+02 220 2 1 2.107e+02 2.513e+02 377
7562 1 0 2 6.714e+02 6.726e+02 11
7567 10 0 1 6.449e+02 6.571e+02 113 0 4 6.650e+02 6.790e+02 130 0 3 6.387e+02 6.633e+02 229 1 4 5.878e+02 5.882e+02 3 1 1 6.065e+02 6.115e+02 46 1 3 6.059e+02 6.121e+02 57 1 2 6.149e+02 6.451e+02 281 1 4 6.169e+02 6.431e+02 244 2 3 6.091e+01 6.509e+01 39 2 4 6.654e+02 6.786e+02 123
7568 28 0 3 6.045e+02 6.135e+02 83 0 4 6.295e+02 6.305e+02 9 0 1 5.500e+02 5.840e+02 316 0 1 6.008e+02 6.172e+02 153 2 1 4.830e+02 4.830e+02 -4 2 4 5.444e+02 5.476e+02 30 2 3 6.087e+02 6.093e+02 6 2 3 5.651e+02 5.689e+02 36 2 1 4.322e+02 4.498e+02 163 2 2 4.514e+02 4.726e+02 197 2 2 5.418e+02 5.502e+02 79 2 3 4.312e+02 4.508e+02 181 2 4 4.525e+02 4.715e+02 176 2 1 5.173e+02 5.327e+02 143 2 3 6.324e+02 6.696e+02 346 2 3 4.226e+02 4.594e+02 341 2 2 4.866e+02 5.214e+02 323 2 3 5.073e+02 5.427e+02 328 3 3 5.646e+02 5.694e+02 45 3 1 2.710e+02 2.750e+02 38 3 2 4.524e+02 4.716e+02 179 3 1 4.719e+02 4.941e+02 206 3 2 2.843e+02 3.037e+02 180 3 4 4.532e+02 4.708e+02 163 3 3 4.720e+02 4.940e+02 204 3 3 3.010e+02 3.290e+02 260 3 2 5.314e+02 5.606e+02 271 3 4 2.736e+02 3.144e+02 379
7569 0
7570 4 1 3 5.651e+02 5.689e+02 35 1 4 5.828e+02 5.932e+02 97 1 3 2.594e+02 2.866e+02 253 2 3 5.549e+02 5.791e+02 224
7571 13 0 4 6.285e+02 6.315e+02 27 0 2 6.249e+02 6.351e+02 96 0 1 5.957e+02 6.223e+02 246 0 3 5.917e+02 6.263e+02 321 2 3 1.048e+02 1.052e+02 3 2 4 4.578e+02 4.662e+02 79 2 4 3.470e+01 4.930e+01 136 2 2 7.765e+01 9.035e+01 118 2 3 5.234e+01 7.366e+01 198 2 4 7.177e+01 9.623e+01 227 2 2 3.336e+01 5.064e+01 160 2 2 1.070e+02 1.450e+02 352 2 1 4.992e+01 7.608e+01 243
7572 0
7574 12 0 1 6.053e+02 6.127e+02 68 0 1 6.432e+02 6.588e+02 145 0 3 6.090e+02 6.090e+02 -6 0 3 6.459e+02 6.561e+02 94 0 2 6.189e+02 6.411e+02 206 0 4 6.173e+02 6.427e+02 236 1 4 6.295e+02 6.305e+02 10 2 1 2.100e+01 2.100e+01 -10 2 2 4.200e+01 4.200e+01 -13 2 3 1.187e+01 3.013e+01 170 2 4 3.435e+01 4.965e+01 142 2 1 8.275e+00 3.372e+01 236
7575 3 0 4 6.710e+02 6.730e+02 18 0 1 6.433e+02 6.587e+02 142 0 2 6.618e+02 6.822e+02 189
