40268 0
40270 5 2 1 3.802e+02 4.178e+02 349 3 2 5.429e+02 5.491e+02 57 3 1 5.203e+02 5.297e+02 87 3 1 4.694e+02 4.966e+02 253 3 2 2.742e+02 3.138e+02 368
40273 13 0 1 6.069e+02 6.111e+02 39 0 2 4.995e+02 5.085e+02 84 0 3 6.082e+02 6.098e+02 15 0 4 6.636e+02 6.804e+02 156 0 4 4.933e+02 5.147e+02 199 0 4 6.107e+02 6.493e+02 358 0 3 4.731e+02 4.929e+02 184 2 1 2.075e+01 2.125e+01 5 2 1 6.006e+01 6.594e+01 55 2 4 1.548e+02 1.812e+02 245 2 3 5.728e+01 6.872e+01 106 2 3 1.761e+01 2.439e+01 63 2 2 2.676e+01 5.724e+01 283
40275 73 0 2 2.515e+02 2.525e+02 10 0 2 6.297e+02 6.303e+02 6 0 4 2.508e+02 2.532e+02 22 0 1 6.508e+02 6.512e+02 5 0 1 2.248e+02 2.372e+02 116 0 3 2.606e+02 2.854e+02 230 0 4 5.850e+02 5.910e+02 56 0 3 2.300e+02 2.320e+02 18 0 3 6.491e+02 6.529e+02 35 0 3 2.131e+02 2.489e+02 333 0 1 5.579e+02 5.761e+02 170 0 1 6.031e+02 6.149e+02 110 0 4 6.668e+02 6.772e+02 97 0 3 5.589e+02 5.751e+02 150 0 3 6.047e+02 6.133e+02 80 0 2 6.604e+02 6.836e+02 216 0 1 4.190e+02 4.630e+02 408 0 4 4.391e+02 4.849e+02 426 0 2 5.363e+02 5.557e+02 180 0 4 6.274e+02 6.326e+02 49 0 4 6.593e+02 6.847e+02 236 0 1 5.064e+02 5.436e+02 345 0 4 5.756e+02 6.004e+02 230 0 3 6.323e+02 6.697e+02 347 0 4 6.142e+02 6.458e+02 294 0 2 6.538e+02 6.902e+02 338 0 1 5.922e+02 6.258e+02 312 1 3 3.974e+02 4.006e+02 30 1 4 4.607e+02 4.633e+02 24 1 2 5.026e+02 5.054e+02 26 1 3 6.080e+02 6.100e+02 19 1 3 4.282e+02 4.538e+02 238 1 1 5.229e+02 5.271e+02 39 1 1 5.579e+02 5.761e+02 169 1 2 6.298e+02 6.302e+02 5 1 2 5.781e+02 5.979e+02 185 1 4 6.293e+02 6.307e+02 13 1 3 5.061e+02 5.439e+02 350 1 4 5.726e+02 6.034e+02 286 1 1 6.046e+02 6.134e+02 81 1 3 5.925e+02 6.255e+02 307 2 2 4.185e+02 4.215e+02 28 2 2 2.920e+02 2.960e+02 37 2 4 5.453e+02 5.467e+02 14 2 4 4.018e+01 4.382e+01 34 2 3 4.373e+02 4.447e+02 70 2 4 1.212e+02 1.308e+02 90 2 1 5.646e+02 5.694e+02 45 2 1 1.438e+02 1.502e+02 60 2 3 6.425e+02 6.595e+02 158 2 4 3.672e+02 3.888e+02 200 2 1 6.230e+01 6.370e+01 13 2 4 4.108e+02 4.292e+02 171 2 2 7.406e+01 9.394e+01 185 2 3 5.574e+02 5.766e+02 178 2 3 1.391e+02 1.549e+02 147 2 2 5.746e+02 6.014e+02 249 2 4 2.345e+02 2.695e+02 325 2 2 6.607e+02 6.833e+02 210 2 3 2.610e+02 2.850e+02 222 2 3 6.266e+01 6.334e+01 6 2 3 3.802e+02 4.178e+02 350 2 4 2.768e+02 3.112e+02 319 2 4 5.767e+02 5.993e+02 210 2 2 2.277e+01 6.123e+01 357 2 1 6.361e+02 6.659e+02 277 2 1 2.989e+02 3.311e+02 299 2 4 6.532e+02 6.908e+02 350 3 3 1.012e+02 1.088e+02 71 3 1 9.497e+01 1.150e+02 186 3 3 9.169e+01 1.183e+02 247 3 2 7.159e+01 9.641e+01 230 3 3 4.965e+01 7.635e+01 248
40276 8 0 2 6.716e+02 6.724e+02 7 0 4 6.714e+02 6.726e+02 11 0 3 3.956e+02 4.024e+02 63 0 1 6.316e+02 6.704e+02 360 2 4 3.299e+02 3.421e+02 114 2 3 9.564e+01 1.144e+02 174 2 2 1.208e+02 1.312e+02 96 2 4 1.105e+02 1.415e+02 288
40277 11 0 1 5.974e+02 6.206e+02 216 0 3 5.949e+02 6.231e+02 261 0 2 6.033e+02 6.567e+02 496 0 4 6.050e+02 6.550e+02 465 2 3 4.324e+02 4.496e+02 160 2 2 4.098e+02 4.302e+02 189 2 4 4.078e+02 4.322e+02 226 2 1 4.298e+02 4.522e+02 207 3 2 4.572e+02 4.668e+02 90 3 4 4.534e+02 4.706e+02 159 3 3 4.283e+02 4.537e+02 236
40278 0
40279 4 0 1 5.645e+02 5.695e+02 46 0 4 5.814e+02 5.946e+02 122 0 3 5.581e+02 5.759e+02 166 2 4 8.400e+01 8.400e+01 -9
40280 6 0 4 4.988e+02 5.092e+02 97 0 1 4.772e+02 4.888e+02 108 0 2 4.956e+02 5.124e+02 156 0 3 4.638e+02 5.022e+02 357 2 3 4.760e+02 4.900e+02 130 2 4 4.439e+02 4.801e+02 336
40281 11 0 4 2.458e+02 2.582e+02 116 0 1 6.491e+02 6.529e+02 35 0 3 4.402e+02 4.418e+02 15 0 3 6.468e+02 6.552e+02 78 0 1 4.296e+02 4.524e+02 211 0 4 4.447e+02 4.793e+02 321 0 2 6.546e+02 6.894e+02 324 0 4 6.563e+02 6.877e+02 292 2 3 1.834e+02 1.946e+02 105 2 2 2.018e+02 2.182e+02 152 2 4 1.957e+02 2.243e+02 265
40283 0
40284 12 0 4 3.732e+02 3.828e+02 90 1 2 5.822e+02 5.938e+02 107 1 3 5.968e+02 6.212e+02 227 1 4 5.790e+02 5.970e+02 168 1 1 5.900e+02 6.280e+02 352 2 2 1.638e+02 1.722e+02 77 2 3 1.373e+02 1.567e+02 180 2 4 5.021e+02 5.059e+02 35 2 3 6.411e+02 6.609e+02 184 2 4 1.528e+02 1.832e+02 283 2 1 7.337e-01 4.127e+01 376 2 1 1.705e+02 2.075e+02 344
40286 11 2 4 2.498e+02 2.542e+02 41 2 4 4.585e+02 4.655e+02 65 2 2 2.482e+02 2.558e+02 70 2 4 4.184e+02 4.216e+02 30 2 4 2.411e+02 2.629e+02 202 2 3 4.714e+02 4.946e+02 216 2 3 2.642e+02 2.818e+02 163 2 3 4.371e+02 4.449e+02 73 2 3 2.861e-01 4.171e+01 385 2 4 4.023e+02 4.377e+02 329 2 4 1.953e+02 2.247e+02 273
40287 0
40292 7 0 1 6.489e+02 6.531e+02 40 0 3 3.967e+02 4.013e+02 43 0 3 6.466e+02 6.554e+02 82 0 1 3.907e+02 4.073e+02 154 0 2 6.134e+02 6.466e+02 308 0 4 6.153e+02 6.447e+02 274 0 4 3.943e+02 4.457e+02 478
40296 3 1 4 6.270e+02 6.330e+02 56 3 2 3.775e+01 4.625e+01 79 3 2 6.405e+01 1.040e+02 370
40297 9 0 2 2.940e+02 2.940e+02 -9 0 4 2.939e+02 2.941e+02 2 0 1 6.461e+02 6.559e+02 91 0 1 2.545e+02 2.915e+02 343 0 3 6.498e+02 6.522e+02 21 0 2 6.540e+02 6.900e+02 334 0 3 2.534e+02 2.926e+02 364 1 1 5.225e+02 5.275e+02 47 1 4 6.242e+02 6.358e+02 108
40300 17 0 2 6.296e+02 6.304e+02 7 0 4 6.277e+02 6.323e+02 42 0 4 6.662e+02 6.778e+02 107 0 3 5.923e+02 6.257e+02 310 0 1 6.395e+02 6.625e+02 214 0 4 6.540e+02 6.900e+02 334 0 2 6.533e+02 6.907e+02 347 1 2 6.275e+02 6.325e+02 46 1 3 5.897e+02 6.283e+02 358 2 4 1.258e+02 1.262e+02 5 2 3 5.355e+01 7.245e+01 176 2 3 1.019e+02 1.081e+02 57 2 2 1.239e+02 1.281e+02 39 2 1 1.283e+02 1.657e+02 348 2 2 7.590e+01 9.210e+01 150 2 4 7.253e+01 9.547e+01 213 2 3 9.201e+01 1.180e+02 241
40301 1 0 4 6.720e+02 6.720e+02 -11
40302 8 0 2 3.349e+02 3.371e+02 21 0 4 3.231e+02 3.489e+02 239 0 2 6.702e+02 6.738e+02 33 0 4 2.337e+02 2.703e+02 340 0 4 6.665e+02 6.775e+02 101 0 1 3.021e+02 3.279e+02 240 0 2 6.617e+02 6.823e+02 190 1 3 1.384e+01 2.816e+01 133
40305 9 0 1 6.475e+02 6.545e+02 65 0 1 6.058e+02 6.122e+02 60 0 3 6.448e+02 6.572e+02 116 0 3 5.962e+02 6.218e+02 237 0 2 6.698e+02 6.742e+02 40 0 4 6.686e+02 6.754e+02 63 0 1 6.395e+02 6.625e+02 214 2 3 1.365e+02 1.575e+02 195 2 4 1.151e+02 1.369e+02 202
40308 4 0 1 5.994e+02 6.186e+02 179 0 3 5.990e+02 6.190e+02 186 0 4 5.759e+02 6.001e+02 224 0 2 6.529e+02 6.911e+02 354
40309 7 0 3 6.053e+02 6.127e+02 68 0 2 6.201e+02 6.399e+02 183 0 1 5.942e+02 6.238e+02 276 0 4 5.681e+02 6.079e+02 369 1 2 6.113e+02 6.487e+02 347 2 1 4.262e+02 4.558e+02 275 3 3 6.199e+01 6.401e+01 19
40310 6 0 1 3.094e+02 3.206e+02 104 0 2 3.310e+02 3.410e+02 93 1 4 6.271e+02 6.329e+02 53 1 2 6.135e+02 6.465e+02 306 2 4 4.577e+02 4.663e+02 80 2 3 4.777e+02 4.883e+02 98
40311 14 0 4 4.177e+02 4.223e+02 42 0 1 5.620e+02 5.720e+02 92 0 1 3.910e+02 4.070e+02 148 0 2 4.964e+02 5.116e+02 140 0 1 5.119e+02 5.381e+02 243 0 3 3.819e+02 4.161e+02 317 0 4 4.956e+02 5.124e+02 156 0 3 5.117e+02 5.383e+02 246 0 4 5.793e+02 5.967e+02 161 0 4 6.101e+02 6.499e+02 369 2 1 1.873e+02 1.907e+02 32 2 3 1.860e+02 1.920e+02 56 2 4 1.546e+02 1.814e+02 250 3 4 2.918e+02 2.962e+02 40
40312 3 0 3 5.219e+02 5.281e+02 57 0 2 5.038e+02 5.042e+02 5 0 1 5.213e+02 5.287e+02 70
40316 11 2 1 6.058e+02 6.122e+02 59 2 3 6.068e+02 6.112e+02 40 2 2 6.114e+02 6.486e+02 346 3 3 3.989e+02 3.991e+02 2 3 3 4.805e+02 4.855e+02 47 3 4 4.062e+02 4.338e+02 257 3 4 5.012e+02 5.068e+02 52 3 4 4.436e+02 4.804e+02 342 3 2 4.953e+02 5.127e+02 162 3 4 4.904e+02 5.176e+02 253 3 1 5.078e+02 5.422e+02 320
40317 8 0 1 6.079e+02 6.101e+02 20 0 4 4.183e+02 4.217e+02 32 0 3 6.061e+02 6.119e+02 53 0 3 3.840e+02 4.140e+02 278 0 4 6.132e+02 6.468e+02 312 0 2 6.100e+02 6.500e+02 371 1 4 3.341e+02 3.379e+02 36 1 1 2.211e+02 2.409e+02 183
40318 8 0 2 6.278e+02 6.322e+02 41 0 3 6.341e+02 6.679e+02 314 2 2 4.200e+01 4.200e+01 -20 2 3 1.644e+01 2.556e+01 85 2 1 5.149e+01 7.451e+01 214 2 4 1.158e+02 1.362e+02 189 2 4 2.883e+01 5.517e+01 245 2 4 7.262e+01 9.538e+01 211
