15580 2 0 4 4.522e+02 4.718e+02 182 0 3 4.214e+02 4.606e+02 365
15581 1 1 4 6.282e+02 6.318e+02 33
15582 0
15583 9 0 4 5.814e+02 5.946e+02 123 0 3 6.360e+02 6.660e+02 279 0 3 4.679e+02 4.981e+02 280 0 1 5.525e+02 5.815e+02 269 0 1 6.042e+02 6.138e+02 89 0 1 6.309e+02 6.711e+02 374 0 4 6.220e+02 6.380e+02 148 0 1 5.903e+02 6.277e+02 347 0 3 5.953e+02 6.227e+02 254
15584 19 0 1 6.068e+02 6.112e+02 40 0 4 6.697e+02 6.743e+02 42 0 3 6.070e+02 6.110e+02 36 0 1 6.467e+02 6.553e+02 80 0 2 6.115e+02 6.485e+02 343 0 3 6.464e+02 6.556e+02 86 0 4 6.122e+02 6.478e+02 330 0 2 6.689e+02 6.751e+02 57 0 4 6.545e+02 6.895e+02 325 0 1 6.341e+02 6.679e+02 313 0 3 6.332e+02 6.688e+02 330 0 2 6.528e+02 6.912e+02 357 2 1 1.448e+02 1.492e+02 40 2 1 9.440e+00 3.256e+01 215 2 3 1.375e+02 1.565e+02 176 2 3 1.299e+01 2.901e+01 149 2 4 1.584e+02 1.776e+02 179 2 2 3.017e+01 5.383e+01 220 2 4 2.515e+01 5.885e+01 313
15585 41 0 2 6.293e+02 6.307e+02 14 0 2 3.770e+02 3.790e+02 19 0 2 6.714e+02 6.726e+02 11 0 3 1.871e+02 1.909e+02 36 0 3 3.982e+02 3.998e+02 16 0 2 3.326e+02 3.394e+02 64 0 4 6.282e+02 6.318e+02 33 0 3 1.817e+02 1.963e+02 135 0 4 6.708e+02 6.732e+02 23 0 2 3.630e+02 3.930e+02 279 0 1 4.314e+02 4.506e+02 178 0 4 1.908e+02 2.292e+02 357 0 4 4.970e+02 5.110e+02 130 0 3 5.605e+02 5.735e+02 121 0 4 5.868e+02 5.892e+02 23 0 1 6.491e+02 6.529e+02 36 0 3 4.338e+02 4.482e+02 134 0 2 5.358e+02 5.562e+02 189 0 1 6.045e+02 6.135e+02 83 0 1 6.369e+02 6.651e+02 262 0 1 3.913e+02 4.067e+02 143 0 1 5.536e+02 5.804e+02 248 0 1 5.951e+02 6.229e+02 258 0 3 6.351e+02 6.669e+02 295 0 4 4.050e+02 4.350e+02 279 0 3 5.488e+02 5.852e+02 338 0 3 5.972e+02 6.208e+02 219 1 4 5.452e+02 5.468e+02 16 1 1 6.068e+02 6.112e+02 40 1 4 5.746e+02 6.014e+02 250 1 3 6.047e+02 6.133e+02 80 1 3 5.515e+02 5.825e+02 288 1 2 6.252e+02 6.348e+02 89 1 4 6.255e+02 6.345e+02 83 2 4 4.179e+01 4.221e+01 4 2 4 7.913e+01 8.887e+01 90 2 1 1.752e+01 2.448e+01 65 2 2 7.406e+01 9.394e+01 185 2 3 1.487e+01 2.713e+01 114 2 3 8.631e+01 1.237e+02 347 2 3 4.686e+01 7.914e+01 300
15586 1 0 4 6.720e+02 6.720e+02 -8
15588 5 0 4 6.288e+02 6.312e+02 22 1 2 6.175e+02 6.425e+02 231 1 1 5.942e+02 6.238e+02 275 2 4 3.767e+02 3.793e+02 24 2 2 3.729e+02 3.831e+02 95
15589 0
15590 8 0 4 6.295e+02 6.305e+02 10 0 1 4.771e+02 4.889e+02 110 0 2 6.280e+02 6.320e+02 38 0 4 5.002e+02 5.078e+02 70 0 2 4.936e+02 5.144e+02 193 0 1 5.922e+02 6.258e+02 311 0 2 4.847e+02 5.233e+02 358 0 3 5.894e+02 6.286e+02 364
15591 10 0 2 5.427e+02 5.493e+02 60 0 2 6.700e+02 6.740e+02 37 0 2 4.556e+02 4.684e+02 119 0 1 5.213e+02 5.287e+02 70 0 4 6.138e+02 6.462e+02 301 0 4 6.689e+02 6.751e+02 58 0 3 4.769e+02 4.891e+02 114 0 3 5.525e+02 5.815e+02 269 0 1 6.348e+02 6.672e+02 300 0 4 4.504e+02 4.736e+02 215
15592 0
15593 0
15594 8 0 1 6.475e+02 6.545e+02 66 0 3 6.494e+02 6.526e+02 29 0 2 6.159e+02 6.441e+02 261 2 2 4.126e+01 4.274e+01 14 2 3 5.239e+02 5.261e+02 20 2 4 5.016e+02 5.064e+02 44 2 4 4.091e+02 4.309e+02 203 2 4 1.101e+02 1.419e+02 296
15597 6 0 1 5.177e+02 5.323e+02 136 0 3 5.179e+02 5.321e+02 131 0 2 5.372e+02 5.548e+02 164 1 2 6.300e+02 6.300e+02 -20 1 1 6.087e+02 6.093e+02 5 1 4 6.159e+02 6.441e+02 262
15598 14 0 4 4.197e+02 4.203e+02 6 0 1 5.228e+02 5.272e+02 40 0 3 6.437e+02 6.583e+02 136 0 2 5.375e+02 5.545e+02 158 0 1 6.408e+02 6.612e+02 189 0 3 5.536e+02 5.804e+02 250 0 3 6.082e+02 6.098e+02 16 0 4 6.262e+02 6.338e+02 71 0 4 5.855e+02 5.905e+02 46 1 4 5.406e+02 5.514e+02 100 1 4 3.659e+02 3.901e+02 226 1 4 6.241e+02 6.359e+02 109 1 3 2.982e+02 3.318e+02 311 1 3 3.439e+02 3.701e+02 243
15600 16 0 4 6.269e+02 6.331e+02 58 0 3 6.503e+02 6.517e+02 13 0 2 6.201e+02 6.399e+02 184 0 3 6.406e+02 6.614e+02 194 0 1 6.361e+02 6.659e+02 277 0 2 6.540e+02 6.900e+02 335 2 4 3.355e+02 3.365e+02 10 2 3 5.250e+02 5.250e+02 -4 2 4 1.260e+02 1.260e+02 -4 2 1 5.670e+02 5.670e+02 -13 2 1 1.423e+02 1.517e+02 88 2 1 5.181e+02 5.319e+02 129 2 2 1.193e+02 1.327e+02 124 2 3 1.317e+02 1.623e+02 285 2 1 5.609e+02 5.731e+02 113 3 4 4.989e+02 5.091e+02 95
15602 7 3 1 3.557e+02 3.583e+02 25 3 3 5.219e+02 5.281e+02 57 3 1 4.400e+02 4.420e+02 19 3 1 4.709e+02 4.951e+02 225 3 2 5.377e+02 5.543e+02 155 3 4 4.870e+02 5.210e+02 316 3 1 5.076e+02 5.424e+02 323
15604 8 0 1 4.813e+02 4.847e+02 32 0 3 4.788e+02 4.872e+02 77 0 3 5.618e+02 5.722e+02 96 0 2 6.656e+02 6.784e+02 120 0 4 4.988e+02 5.092e+02 96 0 4 6.606e+02 6.834e+02 211 2 4 2.344e+02 2.696e+02 326 2 3 2.563e+02 2.897e+02 310
15605 12 0 1 5.564e+02 5.776e+02 197 0 4 5.812e+02 5.948e+02 127 0 3 5.549e+02 5.791e+02 226 1 1 5.610e+02 5.730e+02 112 1 3 5.593e+02 5.747e+02 143 1 2 5.755e+02 6.005e+02 232 2 2 4.117e+01 4.283e+01 16 2 4 4.200e+01 4.200e+01 -4 2 1 4.390e+01 8.210e+01 355 2 3 4.305e+01 8.295e+01 370 3 1 2.070e+01 2.130e+01 6 3 3 2.066e+01 2.134e+01 6
15606 0
15607 11 0 1 6.484e+02 6.536e+02 49 0 3 6.457e+02 6.563e+02 99 0 2 6.582e+02 6.858e+02 256 0 4 6.592e+02 6.848e+02 238 2 1 5.662e+02 5.678e+02 16 2 2 5.298e+02 5.622e+02 300 3 3 4.781e+02 4.879e+02 91 3 1 2.619e+02 2.841e+02 206 3 2 5.039e+02 5.041e+02 2 3 4 4.502e+02 4.738e+02 220 3 1 5.178e+02 5.322e+02 133
15608 0
15610 0
15611 3 1 1 3.150e+02 3.150e+02 -0 1 3 3.110e+02 3.190e+02 74 2 1 3.983e+02 3.997e+02 13
15612 4 1 2 4.913e+02 5.167e+02 236 1 1 5.073e+02 5.427e+02 328 1 1 4.653e+02 5.007e+02 329 2 2 2.754e+02 3.126e+02 345
15613 4 2 1 1.398e+02 1.542e+02 133 2 4 1.094e+02 1.426e+02 309 2 3 1.352e+02 1.588e+02 220 2 2 1.037e+02 1.483e+02 415
15615 4 0 1 5.661e+02 5.679e+02 17 0 3 5.641e+02 5.699e+02 53 0 4 5.737e+02 6.023e+02 266 2 4 2.520e+02 2.520e+02 -11
15616 0
15617 14 0 3 4.386e+02 4.434e+02 44 0 2 2.495e+02 2.545e+02 46 0 3 5.230e+02 5.270e+02 37 0 4 2.923e+02 2.957e+02 31 0 4 2.373e+02 2.667e+02 273 0 1 2.164e+02 2.456e+02 270 0 3 5.492e+02 5.848e+02 331 0 3 2.583e+02 2.877e+02 272 0 2 5.272e+02 5.648e+02 349 1 3 5.663e+02 5.677e+02 13 1 3 4.726e+02 4.934e+02 194 1 4 5.842e+02 5.918e+02 70 1 4 5.699e+02 6.061e+02 336 1 1 5.964e+02 6.216e+02 234
15620 4 1 1 5.493e+02 5.847e+02 329 2 4 7.576e+01 9.224e+01 153 2 3 5.979e+02 6.201e+02 206 3 1 3.025e+00 3.897e+01 334
15624 9 0 1 4.410e+02 4.410e+02 -7 0 4 4.620e+02 4.620e+02 -15 0 2 4.558e+02 4.682e+02 116 0 3 4.278e+02 4.542e+02 246 0 2 4.476e+02 4.764e+02 268 2 3 1.470e+02 1.470e+02 -22 2 4 1.224e+02 1.296e+02 67 2 3 1.409e+02 1.531e+02 114 2 4 2.876e+02 3.004e+02 120
