42401 6 3 3 4.825e+02 4.835e+02 9 3 2 4.602e+02 4.638e+02 33 3 4 4.602e+02 4.638e+02 33 3 1 4.706e+02 4.954e+02 230 3 2 4.906e+02 5.174e+02 249 3 3 4.637e+02 5.023e+02 359
42402 3 3 4 4.578e+02 4.662e+02 78 3 4 4.464e+02 4.776e+02 289 3 4 4.861e+02 5.219e+02 333
42405 0
42406 29 0 3 5.667e+02 5.673e+02 6 0 3 4.329e+02 4.491e+02 150 0 4 6.148e+02 6.452e+02 282 0 4 6.585e+02 6.855e+02 251 0 3 5.123e+02 5.377e+02 236 0 1 5.932e+02 6.248e+02 294 0 2 6.565e+02 6.875e+02 287 0 1 4.241e+02 4.579e+02 313 0 2 4.843e+02 5.237e+02 366 0 2 5.300e+02 5.620e+02 298 0 3 5.890e+02 6.290e+02 371 0 4 4.377e+02 4.863e+02 451 0 1 5.032e+02 5.468e+02 406 0 2 6.103e+02 6.497e+02 366 0 4 4.772e+02 5.308e+02 497 1 3 5.553e+02 5.787e+02 218 2 4 2.418e+02 2.622e+02 190 2 4 3.098e+01 5.302e+01 205 2 3 1.794e+02 1.986e+02 178 2 1 1.227e+01 2.973e+01 162 2 2 6.495e+01 1.031e+02 354 2 4 1.555e+02 1.805e+02 233 2 3 2.083e+02 2.537e+02 421 2 3 1.173e+01 3.027e+01 172 2 4 5.965e+01 1.083e+02 452 2 2 2.519e+01 5.881e+01 312 2 1 4.929e+01 7.671e+01 255 2 3 4.817e+01 7.783e+01 276 2 3 3.641e+01 8.959e+01 494
42407 3 2 3 2.052e+01 2.148e+01 9 2 1 1.487e+01 2.713e+01 114 2 2 2.559e+01 5.841e+01 305
42408 7 0 2 6.677e+02 6.763e+02 80 0 4 6.656e+02 6.784e+02 118 0 2 6.547e+02 6.893e+02 322 0 4 6.518e+02 6.922e+02 376 1 4 4.918e+02 5.162e+02 226 2 4 6.674e+02 6.766e+02 86 2 4 3.683e+02 3.877e+02 180
42409 0
42410 14 0 1 2.708e+02 2.752e+02 40 0 3 6.090e+02 6.090e+02 -14 0 4 4.955e+02 5.125e+02 158 0 2 2.783e+02 3.097e+02 292 0 2 6.279e+02 6.321e+02 40 0 3 6.398e+02 6.622e+02 209 0 3 5.994e+02 6.186e+02 179 0 1 6.365e+02 6.655e+02 269 0 4 6.207e+02 6.393e+02 172 1 3 5.250e+02 5.250e+02 -14 1 4 6.166e+02 6.434e+02 249 1 2 2.853e+02 3.027e+02 162 2 1 1.568e+01 2.632e+01 99 2 3 1.263e+01 2.937e+01 156
42411 46 0 3 2.582e+02 2.878e+02 276 0 1 5.522e+02 5.818e+02 275 0 2 3.623e+02 3.937e+02 292 0 3 5.929e+02 6.251e+02 299 0 4 1.923e+02 2.277e+02 329 0 3 6.355e+02 6.665e+02 287 0 4 2.799e+02 3.081e+02 261 0 2 4.899e+02 5.181e+02 261 0 4 5.871e+01 1.093e+02 470 0 1 5.056e+02 5.444e+02 360 0 3 2.499e+02 2.961e+02 429 0 4 5.706e+02 6.054e+02 324 0 2 6.559e+02 6.881e+02 299 0 3 4.198e+02 4.622e+02 395 0 4 4.903e+02 5.177e+02 254 0 3 5.041e+02 5.459e+02 388 0 1 5.899e+02 6.281e+02 355 0 1 6.341e+02 6.679e+02 313 0 4 4.460e+02 4.780e+02 298 0 2 5.286e+02 5.634e+02 324 0 4 6.502e+02 6.938e+02 405 0 3 5.414e+02 5.926e+02 475 1 3 5.947e+02 6.233e+02 266 1 2 6.160e+02 6.440e+02 260 1 4 6.133e+02 6.467e+02 310 1 1 5.905e+02 6.275e+02 343 1 4 6.052e+02 6.548e+02 461 2 3 8.922e+01 1.208e+02 293 2 2 2.797e+02 3.083e+02 266 2 3 7.064e+00 3.494e+01 259 2 4 6.095e+02 6.505e+02 381 2 4 1.091e+02 1.429e+02 314 2 3 1.322e+02 1.618e+02 275 2 1 4.994e+02 5.506e+02 476 2 1 2.974e+02 3.326e+02 327 2 2 2.084e+01 6.316e+01 393 2 2 6.943e+01 9.857e+01 270 2 2 1.506e+02 1.854e+02 324 2 4 2.420e+01 5.980e+01 330 2 4 6.836e+01 9.964e+01 290 2 4 1.477e+02 1.883e+02 376 2 1 4.471e+01 8.129e+01 340 2 2 5.795e+01 1.101e+02 484 2 3 3.942e+01 8.658e+01 438 3 4 2.582e+01 5.818e+01 300 3 3 4.480e+01 8.120e+01 338
42412 0
42414 28 0 2 6.271e+02 6.329e+02 53 0 2 6.708e+02 6.732e+02 22 0 3 5.179e+02 5.321e+02 131 0 4 6.243e+02 6.357e+02 106 0 4 6.720e+02 6.720e+02 -14 0 2 4.988e+02 5.092e+02 96 0 1 5.499e+02 5.841e+02 317 0 4 5.847e+02 5.913e+02 61 0 1 6.477e+02 6.543e+02 60 0 4 4.879e+02 5.201e+02 300 0 1 5.072e+02 5.428e+02 330 0 3 5.927e+02 6.253e+02 302 0 3 6.490e+02 6.530e+02 38 0 3 6.353e+02 6.667e+02 292 1 2 6.149e+02 6.451e+02 280 1 4 6.146e+02 6.454e+02 286 2 1 1.877e+02 1.903e+02 25 2 4 4.200e+01 4.200e+01 -4 2 2 4.169e+02 4.231e+02 57 2 2 3.659e+01 4.741e+01 100 2 1 4.330e+02 4.490e+02 148 2 3 1.852e+02 1.928e+02 71 2 3 3.882e+02 4.098e+02 200 2 1 1.016e+01 3.184e+01 201 2 4 1.556e+02 1.804e+02 230 2 4 4.042e+02 4.358e+02 294 2 3 4.798e+01 7.802e+01 279 2 2 1.496e+02 1.864e+02 342
42415 65 0 4 6.297e+02 6.303e+02 5 0 4 1.663e+02 1.697e+02 31 0 3 4.784e+02 4.876e+02 86 0 1 3.565e+02 3.575e+02 9 0 2 5.454e+02 5.466e+02 10 0 3 6.176e+01 6.424e+01 23 0 3 6.082e+02 6.098e+02 15 0 1 1.871e+02 1.909e+02 35 0 3 6.510e+02 6.510e+02 -2 0 4 2.057e+02 2.143e+02 80 0 4 4.149e+02 4.251e+02 96 0 4 3.753e+02 3.807e+02 50 0 2 4.986e+02 5.094e+02 100 0 2 3.542e+01 4.858e+01 122 0 1 5.612e+02 5.728e+02 107 0 4 6.966e+01 9.834e+01 266 0 2 6.300e+02 6.300e+02 -4 0 3 1.839e+02 1.941e+02 95 0 2 6.716e+02 6.724e+02 7 0 2 1.934e+02 2.266e+02 308 0 3 4.339e+02 4.481e+02 131 0 2 3.650e+02 3.910e+02 242 0 3 5.619e+02 5.721e+02 94 0 2 2.542e+01 5.858e+01 308 0 4 5.838e+02 5.922e+02 79 0 4 6.717e+02 6.723e+02 6 0 1 3.899e+02 4.081e+02 169 0 4 4.870e+02 5.210e+02 316 0 1 6.031e+02 6.149e+02 110 0 1 6.484e+02 6.536e+02 48 0 3 3.873e+02 4.107e+02 216 0 3 5.960e+02 6.220e+02 240 0 4 5.689e+02 6.071e+02 356 1 1 5.633e+02 5.707e+02 68 1 3 6.074e+02 6.106e+02 29 1 1 5.185e+02 5.315e+02 120 1 3 5.654e+02 5.686e+02 29 1 1 4.229e+02 4.591e+02 336 1 2 6.299e+02 6.301e+02 1 1 1 5.102e+02 5.398e+02 275 1 4 5.868e+02 5.892e+02 22 1 4 6.294e+02 6.306e+02 10 1 2 5.390e+02 5.530e+02 130 1 1 6.057e+02 6.123e+02 61 1 2 5.781e+02 5.979e+02 183 1 1 5.516e+02 5.824e+02 286 1 3 5.518e+02 5.822e+02 282 2 4 4.049e+01 4.351e+01 28 2 3 4.389e+02 4.431e+02 40 2 4 1.239e+02 1.281e+02 39 2 3 5.640e+02 5.700e+02 56 2 1 1.461e+02 1.479e+02 16 2 2 5.828e+02 5.932e+02 97 2 1 6.100e+01 6.500e+01 37 2 2 4.546e+02 4.694e+02 137 2 3 1.390e+02 1.550e+02 148 2 4 4.045e+02 4.355e+02 288 2 1 1.846e+01 2.354e+01 47 2 2 1.117e+02 1.403e+02 266 2 4 1.587e+02 1.773e+02 172 2 2 3.986e+01 4.414e+01 40 2 3 5.665e+01 6.935e+01 118 2 3 1.065e+01 3.135e+01 192 2 1 2.978e+00 3.902e+01 335 3 2 8.263e+01 8.537e+01 26
42416 20 0 3 6.090e+02 6.090e+02 -10 0 2 6.240e+02 6.360e+02 111 0 3 6.429e+02 6.591e+02 150 0 4 4.063e+02 4.337e+02 254 2 3 3.990e+02 3.990e+02 -23 2 3 1.467e+02 1.473e+02 6 2 3 5.247e+02 5.253e+02 6 2 4 4.200e+02 4.200e+02 -20 2 4 3.657e+02 3.903e+02 229 2 4 5.034e+02 5.046e+02 11 2 1 6.118e+01 6.482e+01 34 2 4 5.460e+02 5.460e+02 -1 2 4 1.130e+02 1.389e+02 240 2 1 4.409e+02 4.411e+02 1 2 2 1.552e+02 1.808e+02 238 2 3 4.342e+02 4.478e+02 126 2 2 3.489e+01 4.911e+01 132 2 3 5.488e+02 5.852e+02 337 2 3 4.951e+01 7.649e+01 250 2 2 4.036e+02 4.364e+02 305
42417 0
42418 32 0 4 1.680e+02 1.680e+02 -22 0 4 5.867e+02 5.893e+02 24 0 2 1.560e+02 1.800e+02 223 0 1 3.990e+02 3.990e+02 -16 0 1 5.569e+02 5.771e+02 188 0 3 3.865e+02 4.115e+02 233 0 3 6.090e+02 6.090e+02 -18 0 1 6.510e+02 6.510e+02 -21 0 2 6.210e+02 6.390e+02 166 0 3 6.478e+02 6.542e+02 59 0 4 6.127e+02 6.473e+02 322 0 4 6.675e+02 6.765e+02 84 0 2 6.125e+02 6.475e+02 326 0 1 6.440e+02 6.580e+02 130 0 2 6.655e+02 6.785e+02 121 1 1 6.061e+02 6.119e+02 55 1 2 6.279e+02 6.321e+02 39 1 2 6.120e+02 6.480e+02 334 2 3 2.100e+01 2.100e+01 -1 2 1 1.469e+02 1.471e+02 2 2 4 4.200e+01 4.200e+01 -11 2 4 1.260e+02 1.260e+02 -17 2 4 2.439e+02 2.601e+02 150 2 3 2.703e+02 2.757e+02 50 2 1 1.936e+01 2.264e+01 30 2 2 1.142e+02 1.378e+02 219 2 3 9.396e+00 3.260e+01 216 2 4 1.113e+02 1.407e+02 272 2 2 2.474e+01 5.926e+01 320 3 3 2.100e+01 2.100e+01 -10 3 2 4.009e+01 4.391e+01 36 3 1 4.942e+01 7.658e+01 252
42419 69 0 3 6.500e+02 6.520e+02 19 0 1 6.394e+02 6.626e+02 215 0 2 6.557e+02 6.883e+02 303 0 4 6.580e+02 6.860e+02 260 1 1 5.238e+02 5.262e+02 23 1 1 5.624e+02 5.716e+02 85 1 1 4.674e+02 4.986e+02 290 1 3 5.562e+02 5.778e+02 201 1 4 6.169e+02 6.431e+02 244 1 2 5.776e+02 5.984e+02 193 2 2 4.200e+02 4.200e+02 -12 2 1 2.307e+02 2.313e+02 5 2 1 3.150e+02 3.150e+02 -6 2 1 3.570e+02 3.570e+02 -21 2 1 6.090e+02 6.090e+02 -8 2 3 2.100e+01 2.100e+01 -8 2 1 6.478e+02 6.542e+02 60 2 1 3.967e+02 4.013e+02 43 2 3 1.874e+02 1.906e+02 30 2 2 5.038e+02 5.042e+02 4 2 4 2.520e+02 2.520e+02 -4 2 1 5.249e+02 5.251e+02 1 2 1 2.686e+02 2.774e+02 82 2 2 6.273e+02 6.327e+02 50 2 2 3.337e+02 3.383e+02 43 2 3 6.510e+02 6.510e+02 -13 2 3 6.838e+00 3.516e+01 263 2 4 4.125e+02 4.275e+02 139 2 4 1.253e+02 1.267e+02 13 2 2 4.620e+02 4.620e+02 -12 2 1 1.470e+02 1.470e+02 -18 2 2 2.093e+02 2.107e+02 13 2 3 6.383e+02 6.637e+02 236 2 2 2.902e+02 2.978e+02 70 2 3 3.850e+02 4.130e+02 260 2 1 3.414e+02 3.726e+02 290 2 4 4.615e+02 4.625e+02 9 2 4 2.640e+01 5.760e+01 290 2 4 6.199e+02 6.401e+02 187 2 3 9.753e+01 1.125e+02 139 2 2 6.589e+02 6.851e+02 243 2 3 1.455e+02 1.485e+02 27 2 2 4.102e+02 4.298e+02 182 2 2 2.454e+02 2.586e+02 123 2 3 4.784e+02 4.876e+02 86 2 4 2.916e+02 2.964e+02 45 2 3 5.961e+02 6.219e+02 239 2 4 1.096e+02 1.424e+02 305 2 4 6.567e+02 6.873e+02 284 2 4 1.559e+02 1.801e+02 224 2 1 4.237e+02 4.583e+02 321 2 2 1.969e+02 2.231e+02 243 2 1 4.640e+02 5.020e+02 353 2 3 3.094e+02 3.206e+02 104 2 1 6.291e+02 6.729e+02 407 2 3 4.282e+02 4.538e+02 238 2 3 1.314e+02 1.626e+02 290 2 4 1.972e+02 2.228e+02 238 2 3 6.308e+02 6.712e+02 376 2 3 2.591e+02 2.869e+02 259 2 1 3.743e+02 4.237e+02 458 2 3 2.195e+02 2.425e+02 213 3 1 1.470e+02 1.470e+02 -5 3 2 6.620e+02 6.820e+02 186 3 3 3.428e+02 3.712e+02 264 3 1 4.277e+02 4.543e+02 247 3 4 6.619e+02 6.821e+02 188 3 1 3.846e+02 4.134e+02 268 3 1 3.412e+02 3.728e+02 293
42420 39 0 3 3.986e+02 3.994e+02 7 0 3 4.819e+02 4.841e+02 20 0 1 3.947e+02 4.033e+02 80 0 2 3.649e+02 3.911e+02 244 1 2 6.295e+02 6.305e+02 9 1 2 5.878e+02 5.882e+02 4 1 4 6.254e+02 6.346e+02 85 1 4 5.762e+02 5.998e+02 219 1 3 5.933e+02 6.247e+02 291 2 4 3.330e+02 3.390e+02 56 2 4 4.607e+02 4.633e+02 24 2 2 3.618e+01 4.782e+01 108 2 4 8.146e+01 8.654e+01 47 2 4 1.666e+02 1.694e+02 26 2 2 2.086e+02 2.114e+02 26 2 3 2.723e+02 2.737e+02 13 2 3 5.714e+01 6.886e+01 109 2 4 1.179e+02 1.341e+02 150 2 1 1.825e+02 1.955e+02 120 2 4 2.062e+02 2.138e+02 70 2 2 2.887e+02 2.993e+02 98 2 2 3.670e+02 3.890e+02 204 2 4 2.515e+01 5.885e+01 313 2 3 9.551e+01 1.145e+02 176 2 3 1.766e+02 2.014e+02 230 2 1 2.280e+02 2.340e+02 56 2 4 2.879e+02 3.001e+02 113 2 1 4.709e+01 7.891e+01 296 2 2 6.647e+01 1.015e+02 326 2 2 1.504e+02 1.856e+02 327 2 3 2.271e+02 2.349e+02 73 2 1 2.658e+02 2.802e+02 133 2 2 2.351e+02 2.689e+02 315 2 3 2.615e+02 2.845e+02 214 2 3 2.996e+02 3.304e+02 286 2 2 2.780e+02 3.100e+02 298 2 1 2.945e+02 3.355e+02 381 3 4 2.929e+02 2.951e+02 20 3 3 4.987e+01 7.613e+01 244
42421 11 0 4 6.697e+02 6.743e+02 42 0 4 5.020e+02 5.060e+02 38 0 1 5.536e+02 5.804e+02 249 0 3 6.004e+02 6.176e+02 160 0 1 6.443e+02 6.577e+02 124 0 2 6.619e+02 6.821e+02 188 0 4 5.672e+02 6.088e+02 387 0 3 6.404e+02 6.616e+02 196 2 4 2.434e+01 5.966e+01 328 2 1 2.174e+00 3.983e+01 350 2 3 3.251e+00 3.875e+01 330
42422 7 0 1 5.532e+02 5.808e+02 257 0 4 6.171e+02 6.429e+02 239 0 3 5.533e+02 5.807e+02 255 0 2 6.137e+02 6.463e+02 302 0 1 5.834e+02 6.346e+02 476 0 2 6.499e+02 6.941e+02 410 0 4 6.488e+02 6.952e+02 431
42423 17 0 2 6.717e+02 6.723e+02 5 0 2 5.413e+02 5.507e+02 87 0 1 5.988e+02 6.192e+02 189 0 2 6.609e+02 6.831e+02 206 0 4 6.481e+01 1.032e+02 356 0 1 5.532e+02 5.808e+02 257 0 4 5.770e+02 5.990e+02 204 0 4 6.565e+02 6.875e+02 287 0 3 5.527e+02 5.813e+02 266 1 2 1.177e+02 1.343e+02 155 1 1 1.252e+02 1.688e+02 405 1 1 5.296e+01 7.304e+01 186 1 3 5.265e+01 7.335e+01 192 1 2 7.073e+01 9.727e+01 246 1 4 7.518e+01 9.282e+01 164 2 2 2.053e+02 2.147e+02 86 2 3 1.745e+02 2.035e+02 269
42424 3 2 2 1.542e+02 1.818e+02 256 2 4 1.465e+02 1.895e+02 400 2 3 1.212e+02 1.728e+02 480
42425 38 0 4 5.871e+02 5.889e+02 17 0 3 6.498e+02 6.522e+02 21 0 3 9.846e+01 1.115e+02 121 0 2 5.008e+02 5.072e+02 60 0 1 3.087e+02 3.213e+02 117 0 3 6.060e+02 6.120e+02 56 0 3 8.626e+01 1.237e+02 348 0 2 6.710e+02 6.730e+02 19 0 2 2.786e+02 3.094e+02 286 0 3 5.109e+02 5.391e+02 261 0 2 6.280e+02 6.320e+02 38 0 1 6.492e+02 6.528e+02 33 0 3 5.475e+02 5.865e+02 363 0 4 6.296e+02 6.304e+02 7 0 3 6.369e+02 6.651e+02 262 0 1 5.038e+02 5.462e+02 393 0 1 6.041e+02 6.139e+02 90 0 2 6.574e+02 6.866e+02 271 0 1 5.949e+02 6.231e+02 261 0 4 6.584e+02 6.856e+02 252 0 4 5.694e+02 6.066e+02 346 1 3 5.649e+02 5.691e+02 40 1 3 5.913e+02 6.267e+02 329 1 4 6.141e+02 6.459e+02 296 1 2 6.106e+02 6.494e+02 360 2 1 2.310e+02 2.310e+02 -8 2 4 2.940e+02 2.940e+02 -24 2 2 3.343e+02 3.377e+02 31 2 4 8.294e+01 8.506e+01 20 2 2 2.510e+02 2.530e+02 19 2 3 3.082e+02 3.218e+02 126 2 2 2.417e+02 2.623e+02 192 2 1 2.992e+02 3.308e+02 293 2 3 4.238e+01 8.362e+01 383 2 4 2.395e+02 2.645e+02 232 2 1 2.575e+02 2.885e+02 288 2 2 5.745e+01 1.105e+02 493 2 3 2.162e+02 2.458e+02 275
42426 5 0 2 6.671e+02 6.769e+02 90 0 4 6.652e+02 6.788e+02 126 1 2 6.254e+02 6.346e+02 86 1 4 6.186e+02 6.414e+02 212 2 4 4.178e+02 4.222e+02 41
42427 10 0 1 1.420e+01 2.780e+01 126 0 3 5.667e+02 5.673e+02 6 0 4 6.174e+02 6.426e+02 234 0 2 5.355e+02 5.565e+02 195 0 1 5.585e+02 5.755e+02 158 0 1 5.514e+02 5.826e+02 289 2 1 1.429e+01 2.771e+01 125 2 3 7.242e+00 3.476e+01 256 2 3 1.700e+02 2.080e+02 352 2 4 1.925e+02 2.275e+02 326
42428 4 2 1 5.974e+01 6.626e+01 60 2 4 3.524e+01 4.876e+01 126 2 3 5.337e+01 7.263e+01 179 2 2 2.923e+01 5.477e+01 237
42429 13 0 1 3.093e+02 3.207e+02 106 0 4 3.706e+02 3.854e+02 138 0 3 5.250e+02 5.250e+02 -10 0 4 1.903e+02 2.297e+02 366 0 1 4.410e+02 4.410e+02 -23 0 4 4.577e+02 4.663e+02 80 0 3 5.175e+02 5.325e+02 139 0 2 5.376e+02 5.544e+02 156 0 3 5.965e+02 6.215e+02 233 0 1 5.605e+02 5.735e+02 120 0 4 6.618e+02 6.822e+02 189 0 3 5.581e+02 5.759e+02 165 0 2 6.604e+02 6.836e+02 216
42430 7 1 3 6.090e+02 6.090e+02 -1 1 3 9.797e+01 1.120e+02 130 1 1 5.754e+01 6.846e+01 101 1 2 1.606e+02 1.754e+02 137 1 2 6.194e+02 6.406e+02 196 1 4 6.217e+02 6.383e+02 155 1 3 5.965e+02 6.215e+02 232
42431 49 0 4 5.029e+02 5.051e+02 20 0 4 3.258e+02 3.462e+02 190 0 4 6.233e+02 6.367e+02 125 0 3 5.107e+02 5.393e+02 266 0 2 6.131e+02 6.469e+02 313 0 1 6.280e+02 6.740e+02 426 0 2 4.903e+02 5.177e+02 254 0 4 6.114e+02 6.486e+02 346 0 3 6.290e+02 6.730e+02 409 0 4 6.523e+02 6.917e+02 366 1 4 6.280e+02 6.320e+02 36 1 4 5.842e+02 5.918e+02 71 1 2 6.231e+02 6.369e+02 129 1 4 2.849e+02 3.031e+02 170 1 1 5.629e+02 5.711e+02 76 1 2 5.810e+02 5.950e+02 130 1 3 5.902e+02 6.278e+02 349 2 4 3.348e+02 3.372e+02 22 2 3 4.810e+02 4.850e+02 36 2 1 1.855e+01 2.345e+01 46 2 4 1.239e+02 1.281e+02 40 2 4 4.506e+02 4.734e+02 211 2 1 1.470e+02 1.470e+02 -1 2 4 5.299e+02 5.621e+02 300 2 4 2.908e+02 2.972e+02 59 2 3 4.697e+02 4.963e+02 246 2 3 3.548e+02 3.592e+02 41 2 1 5.537e+02 5.803e+02 246 2 3 9.443e+00 3.256e+01 215 2 3 5.452e+02 5.888e+02 405 2 3 1.031e+02 1.069e+02 36 2 4 5.659e+02 6.101e+02 411 2 2 1.644e+02 1.716e+02 66 2 4 2.018e+02 2.182e+02 153 2 4 3.660e+02 3.900e+02 223 2 4 3.040e+01 5.360e+01 216 2 2 1.223e+02 1.297e+02 69 2 1 1.800e+02 1.980e+02 168 2 4 3.203e+02 3.517e+02 291 2 3 5.176e+01 7.424e+01 209 2 4 6.822e+01 9.978e+01 293 2 3 1.364e+02 1.576e+02 196 2 3 3.369e+02 3.771e+02 373 2 1 4.462e+01 8.138e+01 341 2 2 6.136e+01 1.066e+02 420 2 4 1.561e+02 1.799e+02 221 2 3 1.283e+02 1.657e+02 347 3 1 1.613e+01 2.587e+01 90 3 3 1.314e+02 1.626e+02 289
42432 1 2 4 3.888e+01 4.512e+01 58
42433 29 0 2 2.442e+02 2.598e+02 145 0 4 2.400e+02 2.640e+02 223 0 1 2.469e+02 2.991e+02 484 0 4 4.552e+02 4.688e+02 126 0 3 4.718e+02 4.942e+02 208 0 2 4.477e+02 4.763e+02 266 0 3 6.020e+02 6.160e+02 130 0 1 6.494e+02 6.526e+02 30 0 3 4.662e+02 4.998e+02 312 0 1 5.972e+02 6.208e+02 220 0 2 6.621e+02 6.819e+02 183 0 1 4.625e+02 5.035e+02 380 0 4 6.047e+02 6.553e+02 470 0 4 6.634e+02 6.806e+02 160 0 3 6.396e+02 6.624e+02 212 1 4 6.298e+02 6.302e+02 4 2 4 4.184e+02 4.216e+02 30 2 3 4.399e+02 4.421e+02 20 2 4 4.967e+02 5.113e+02 136 2 3 2.075e+01 2.125e+01 5 2 1 5.636e+02 5.704e+02 64 2 4 8.400e+01 8.400e+01 -24 2 3 3.889e+02 4.091e+02 187 2 3 1.312e+01 2.888e+01 146 2 3 9.963e+01 1.104e+02 100 2 1 4.728e+00 3.727e+01 302 2 2 1.162e+02 1.358e+02 181 2 2 2.053e+01 6.347e+01 399 3 4 1.632e+02 1.728e+02 90
42434 0
42435 15 0 2 5.402e+02 5.518e+02 107 0 3 5.476e+01 7.124e+01 153 0 1 5.605e+02 5.735e+02 121 0 3 5.474e+02 5.866e+02 364 1 4 1.664e+02 1.696e+02 30 1 1 6.043e+02 6.137e+02 88 1 4 2.797e+01 5.603e+01 260 1 2 1.621e+02 1.739e+02 109 1 3 6.065e+02 6.115e+02 47 1 3 1.713e+02 2.067e+02 330 1 4 5.745e+02 6.015e+02 250 1 2 6.126e+02 6.474e+02 324 2 4 6.168e+02 6.432e+02 245 2 3 5.933e+02 6.247e+02 291 2 3 6.289e+02 6.731e+02 410
42436 10 0 1 6.484e+02 6.536e+02 48 0 3 6.448e+02 6.572e+02 116 0 4 4.149e+02 4.251e+02 96 0 4 4.526e+02 4.714e+02 174 0 1 6.355e+02 6.665e+02 288 0 4 4.026e+02 4.374e+02 324 0 4 4.896e+02 5.184e+02 267 0 2 6.537e+02 6.903e+02 340 0 4 4.420e+02 4.820e+02 371 1 4 6.262e+02 6.338e+02 71
42437 4 0 2 3.349e+02 3.371e+02 20 0 2 3.222e+02 3.498e+02 256 2 4 3.739e+02 3.821e+02 76 2 2 3.706e+02 3.854e+02 137
42438 0
42440 27 0 4 2.930e+02 2.950e+02 18 0 4 5.880e+02 5.880e+02 -18 0 3 2.692e+02 2.768e+02 71 0 3 2.598e+02 2.862e+02 246 0 3 5.606e+02 5.734e+02 119 0 4 6.260e+02 6.340e+02 75 0 1 6.379e+02 6.641e+02 243 0 2 6.249e+02 6.351e+02 94 0 4 5.752e+02 6.008e+02 237 2 3 3.988e+02 3.992e+02 4 2 4 8.056e+01 8.744e+01 64 2 1 3.890e+02 4.090e+02 186 2 3 6.257e+01 6.343e+01 8 2 2 4.043e+02 4.357e+02 291 2 3 1.761e+01 2.439e+01 63 2 4 3.581e+02 3.979e+02 370 2 4 4.027e+01 4.373e+01 32 2 1 1.586e+01 2.614e+01 96 2 2 3.502e+01 4.898e+01 130 3 4 3.351e+02 3.369e+02 16 3 1 3.094e+02 3.206e+02 105 3 4 3.732e+02 3.828e+02 89 3 2 3.273e+02 3.447e+02 162 3 1 3.459e+02 3.681e+02 206 3 4 3.263e+02 3.457e+02 180 3 3 3.485e+02 3.655e+02 158 3 2 3.602e+02 3.958e+02 330
42441 0
42442 7 2 3 3.150e+02 3.150e+02 -2 2 4 3.360e+02 3.360e+02 -23 2 1 2.730e+02 2.730e+02 -12 2 4 2.376e+02 2.664e+02 268 2 3 2.729e+02 2.731e+02 1 2 4 3.641e+02 3.919e+02 258 2 2 2.352e+02 2.688e+02 312
42443 10 3 4 4.620e+02 4.620e+02 -3 3 3 4.830e+02 4.830e+02 -10 3 4 3.740e+02 3.820e+02 75 3 2 4.597e+02 4.643e+02 42 3 1 3.462e+02 3.678e+02 200 3 1 4.688e+02 4.972e+02 263 3 3 3.504e+02 3.636e+02 122 3 4 4.875e+02 5.205e+02 306 3 4 4.426e+02 4.814e+02 360 3 2 3.659e+02 3.901e+02 225
42446 0
42449 0
42450 16 0 2 5.392e+02 5.528e+02 127 0 3 5.561e+02 5.779e+02 203 0 1 5.511e+02 5.829e+02 295 1 3 6.062e+02 6.118e+02 51 1 1 5.960e+02 6.220e+02 241 1 2 5.723e+02 6.037e+02 292 1 4 6.170e+02 6.430e+02 241 2 2 3.352e+02 3.368e+02 16 2 2 5.029e+02 5.051e+02 20 2 2 2.914e+02 2.966e+02 49 2 1 5.219e+02 5.281e+02 57 2 4 3.313e+02 3.407e+02 86 2 2 5.380e+02 5.540e+02 148 2 3 3.060e+02 3.240e+02 167 2 2 5.291e+02 5.629e+02 315 2 1 3.568e+02 3.572e+02 3
42451 0
