50696 1 2 4 2.916e+02 2.964e+02 44
50697 14 2 4 3.354e+02 3.366e+02 10 2 3 2.021e+01 2.179e+01 15 2 2 1.257e+02 1.263e+02 6 2 3 3.504e+02 3.636e+02 123 2 4 6.580e+02 6.860e+02 260 2 1 1.110e+01 3.090e+01 184 2 4 1.129e+02 1.391e+02 244 2 1 1.336e+02 1.604e+02 248 2 4 3.679e+02 3.881e+02 188 2 2 2.645e+01 5.755e+01 289 2 3 9.115e+01 1.188e+02 257 2 2 3.241e+02 3.479e+02 221 2 2 6.742e+01 1.006e+02 308 2 4 3.254e+02 3.466e+02 197
50698 56 0 1 6.481e+02 6.539e+02 53 0 1 3.987e+02 3.993e+02 6 0 2 3.723e+02 3.837e+02 106 0 4 4.593e+02 4.647e+02 50 0 2 1.241e+02 1.279e+02 36 0 2 5.437e+02 5.483e+02 43 0 4 3.758e+02 3.802e+02 41 0 1 6.083e+02 6.097e+02 13 0 1 9.039e+01 1.196e+02 271 0 3 6.504e+02 6.516e+02 11 0 4 4.132e+02 4.268e+02 126 0 3 5.189e+02 5.311e+02 114 0 3 6.076e+02 6.104e+02 26 0 2 6.704e+02 6.736e+02 29 0 1 5.077e+02 5.423e+02 320 0 2 6.291e+02 6.309e+02 17 0 4 6.689e+02 6.751e+02 57 0 4 4.022e+02 4.378e+02 330 0 3 5.057e+02 5.443e+02 359 0 4 6.253e+02 6.347e+02 87 0 3 6.324e+02 6.696e+02 346 0 4 6.133e+02 6.467e+02 310 0 4 5.705e+02 6.055e+02 326 0 1 5.896e+02 6.284e+02 360 1 2 5.460e+02 5.460e+02 -24 1 3 6.080e+02 6.100e+02 19 1 1 5.661e+02 5.679e+02 16 1 4 6.300e+02 6.300e+02 -4 1 2 5.873e+02 5.887e+02 14 1 1 6.022e+02 6.158e+02 126 1 4 5.799e+02 5.961e+02 151 1 2 6.223e+02 6.377e+02 143 1 2 5.780e+02 5.980e+02 186 1 3 5.486e+02 5.854e+02 341 2 3 1.017e+02 1.083e+02 62 2 2 2.100e+02 2.100e+02 -2 2 2 3.752e+02 3.808e+02 51 2 4 6.657e+02 6.783e+02 117 2 4 4.121e+01 4.279e+01 15 2 4 7.693e+01 9.107e+01 131 2 3 1.883e+02 1.897e+02 14 2 2 6.524e+02 6.916e+02 364 2 3 2.296e+02 2.324e+02 26 2 4 3.743e+02 3.817e+02 69 2 1 6.234e+01 6.366e+01 12 2 2 1.150e+02 1.370e+02 205 2 4 2.070e+02 2.130e+02 56 2 3 3.456e+02 3.684e+02 212 2 3 6.100e+01 6.500e+01 37 2 4 6.975e+01 9.825e+01 265 2 4 2.363e+02 2.677e+02 291 2 1 3.383e+02 3.757e+02 347 2 2 2.753e+01 5.647e+01 269 2 4 3.601e+02 3.959e+02 332 3 4 3.538e+01 4.862e+01 123 3 1 2.195e+02 2.425e+02 214
50699 12 0 4 6.545e+02 6.895e+02 325 2 1 1.875e+02 1.905e+02 27 2 4 5.460e+02 5.460e+02 -5 2 3 1.881e+02 1.899e+02 16 2 2 2.088e+02 2.112e+02 23 2 1 3.916e+02 4.064e+02 137 2 2 1.588e+02 1.772e+02 171 2 2 2.471e+02 2.569e+02 91 2 4 4.850e+02 5.230e+02 353 2 4 1.572e+02 1.788e+02 200 2 2 1.959e+02 2.241e+02 262 2 3 1.290e+02 1.650e+02 335
50700 4 2 1 3.018e+02 3.282e+02 245 2 2 3.233e+02 3.487e+02 236 2 3 3.040e+02 3.260e+02 205 2 4 3.158e+02 3.562e+02 375
50701 14 0 1 6.040e+02 6.140e+02 93 0 1 4.295e+02 4.525e+02 213 0 2 4.540e+02 4.700e+02 148 0 4 6.204e+02 6.396e+02 178 0 3 4.333e+02 4.487e+02 142 0 3 4.659e+02 5.001e+02 318 0 2 6.162e+02 6.438e+02 257 0 3 4.230e+02 4.590e+02 334 0 4 4.459e+02 4.781e+02 299 0 1 5.858e+02 6.322e+02 431 0 3 5.822e+02 6.358e+02 498 2 4 4.605e+02 4.635e+02 27 2 2 1.647e+02 1.713e+02 60 2 2 3.286e+02 3.434e+02 138
50702 11 0 1 6.084e+02 6.096e+02 11 0 4 3.305e+02 3.415e+02 102 0 1 3.087e+02 3.213e+02 117 0 3 6.080e+02 6.100e+02 18 0 2 3.182e+02 3.538e+02 331 0 4 6.227e+02 6.373e+02 135 0 1 6.492e+02 6.528e+02 33 0 1 5.963e+02 6.217e+02 236 0 3 6.503e+02 6.517e+02 13 0 1 6.376e+02 6.644e+02 250 0 4 6.538e+02 6.902e+02 339
50703 8 0 1 6.510e+02 6.510e+02 0 0 3 6.480e+02 6.540e+02 56 0 2 6.629e+02 6.811e+02 169 0 4 6.603e+02 6.837e+02 216 2 4 5.025e+02 5.055e+02 27 2 1 5.241e+02 5.259e+02 17 2 3 5.179e+02 5.321e+02 132 2 2 4.901e+02 5.179e+02 258
50704 60 0 1 6.509e+02 6.511e+02 1 0 3 2.281e+02 2.339e+02 55 0 4 3.764e+02 3.796e+02 30 0 2 3.339e+02 3.381e+02 40 0 3 5.222e+02 5.278e+02 51 0 4 2.340e+02 2.700e+02 335 0 4 5.860e+02 5.900e+02 37 0 3 2.605e+02 2.855e+02 232 0 3 6.501e+02 6.519e+02 16 0 4 4.161e+02 4.239e+02 72 0 4 4.992e+02 5.088e+02 90 0 2 5.444e+02 5.476e+02 30 0 1 6.049e+02 6.131e+02 76 0 2 6.716e+02 6.724e+02 8 0 1 4.399e+02 4.421e+02 20 0 2 4.566e+02 4.674e+02 100 0 1 5.620e+02 5.720e+02 93 0 3 6.061e+02 6.119e+02 54 0 4 6.720e+02 6.720e+02 0 0 3 4.352e+02 4.468e+02 107 0 4 4.521e+02 4.719e+02 184 0 1 5.230e+02 5.270e+02 36 0 2 6.186e+02 6.414e+02 212 0 4 4.072e+02 4.328e+02 237 0 3 4.704e+02 4.956e+02 234 0 3 5.547e+02 5.793e+02 229 0 4 6.161e+02 6.439e+02 258 0 2 4.913e+02 5.167e+02 236 0 1 5.967e+02 6.213e+02 228 0 1 4.660e+02 5.000e+02 316 0 3 5.898e+02 6.282e+02 356 0 4 4.858e+02 5.222e+02 338 0 2 4.443e+02 4.797e+02 328 1 3 4.802e+02 4.858e+02 52 1 3 5.644e+02 5.696e+02 49 1 3 6.089e+02 6.091e+02 2 1 3 5.245e+02 5.255e+02 10 1 2 5.864e+02 5.896e+02 30 1 2 6.291e+02 6.309e+02 17 1 2 4.933e+02 5.147e+02 199 1 4 5.850e+02 5.910e+02 56 1 4 6.282e+02 6.318e+02 33 1 1 5.093e+02 5.407e+02 291 1 2 5.415e+02 5.505e+02 83 1 1 6.028e+02 6.152e+02 115 1 4 5.403e+02 5.517e+02 106 1 1 5.559e+02 5.781e+02 206 2 3 3.551e+02 3.589e+02 36 2 4 4.198e+02 4.202e+02 3 2 4 1.235e+02 1.285e+02 46 2 3 4.392e+02 4.428e+02 33 2 4 2.885e+02 2.995e+02 102 2 2 4.515e+02 4.725e+02 195 2 4 3.262e+02 3.458e+02 181 2 1 4.231e+02 4.589e+02 332 2 4 7.998e+01 8.802e+01 75 2 3 3.049e+02 3.251e+02 188 2 1 3.471e+02 3.669e+02 184 2 2 1.176e+02 1.344e+02 156 2 2 3.610e+02 3.950e+02 316
50705 8 0 4 6.759e+01 1.004e+02 305 1 1 2.625e+02 2.835e+02 195 1 3 6.066e+02 6.114e+02 45 1 1 3.341e+02 3.799e+02 426 2 4 5.813e+02 5.947e+02 125 2 1 2.148e+02 2.472e+02 301 2 3 6.038e+02 6.142e+02 96 2 2 6.107e+02 6.493e+02 359
50706 0
50707 11 0 4 2.911e+02 2.969e+02 53 0 1 2.191e+02 2.429e+02 220 0 3 2.647e+02 2.813e+02 154 0 1 2.122e+02 2.498e+02 349 0 1 2.535e+02 2.925e+02 363 0 2 2.353e+02 2.687e+02 310 2 3 1.465e+02 1.475e+02 9 2 2 1.656e+02 1.704e+02 44 2 2 2.091e+02 2.109e+02 16 2 4 1.135e+02 1.385e+02 232 2 2 1.537e+02 1.823e+02 266
50708 6 0 4 3.178e+02 3.542e+02 337 0 4 6.553e+02 6.887e+02 310 1 2 5.802e+02 5.958e+02 145 1 1 6.006e+02 6.174e+02 156 1 4 5.695e+02 6.065e+02 343 1 3 5.911e+02 6.269e+02 333
50709 2 2 4 3.755e+02 3.805e+02 47 2 4 7.630e+01 9.170e+01 143
50710 5 0 2 6.270e+02 6.330e+02 56 0 4 6.292e+02 6.308e+02 16 0 1 5.958e+02 6.222e+02 245 0 3 5.895e+02 6.285e+02 363 2 4 1.224e+02 1.296e+02 67
50711 20 0 1 4.808e+02 4.852e+02 41 0 3 5.209e+02 5.291e+02 76 0 3 6.077e+02 6.103e+02 24 0 2 6.688e+02 6.752e+02 59 0 4 6.693e+02 6.747e+02 50 0 1 4.645e+02 5.015e+02 344 0 2 6.102e+02 6.498e+02 367 0 2 6.584e+02 6.856e+02 252 0 2 4.870e+02 5.210e+02 316 0 3 6.338e+02 6.682e+02 319 1 2 6.226e+02 6.374e+02 137 2 4 5.452e+02 5.468e+02 16 2 2 6.702e+02 6.738e+02 34 2 3 1.756e+01 2.444e+01 64 2 4 4.994e+02 5.086e+02 85 2 4 2.360e+02 2.680e+02 296 2 4 5.820e+02 5.940e+02 110 2 4 4.491e+02 4.749e+02 240 2 3 6.357e+02 6.663e+02 284 2 4 6.522e+02 6.918e+02 367
50712 4 0 2 6.711e+02 6.729e+02 16 1 3 5.612e+02 5.728e+02 107 1 4 5.820e+02 5.940e+02 112 1 4 5.346e+02 5.574e+02 212
50714 11 2 4 4.572e+02 4.668e+02 90 2 2 6.664e+02 6.776e+02 105 2 3 4.638e+02 5.022e+02 357 2 3 6.414e+02 6.606e+02 178 3 2 5.032e+02 5.048e+02 16 3 4 4.975e+02 5.105e+02 121 3 3 5.952e+02 6.228e+02 256 3 1 4.213e+02 4.607e+02 366 3 1 5.148e+02 5.352e+02 189 3 1 4.710e+02 4.950e+02 223 3 3 4.685e+02 4.975e+02 269
50717 0
50718 2 3 3 4.738e+02 4.922e+02 171 3 4 4.486e+02 4.754e+02 249
50719 0
50723 0
50725 0
50728 3 2 4 6.707e+02 6.733e+02 24 2 4 2.798e+02 3.082e+02 263 3 1 4.652e+02 5.008e+02 330
50729 11 0 2 1.654e+02 1.706e+02 48 0 2 6.246e+02 6.354e+02 100 0 2 6.687e+02 6.753e+02 61 0 1 1.351e+02 1.589e+02 221 0 4 6.267e+02 6.333e+02 60 0 3 1.772e+02 2.008e+02 219 0 1 6.376e+02 6.644e+02 250 0 3 6.342e+02 6.678e+02 311 2 2 4.004e+01 4.396e+01 36 2 4 3.654e+01 4.746e+01 101 2 2 2.685e+01 5.715e+01 281
50733 0
50738 8 1 2 5.694e+02 6.066e+02 345 2 3 1.855e+01 2.345e+01 46 2 4 6.718e+02 6.722e+02 3 2 3 2.220e+02 2.400e+02 167 2 2 3.354e+01 5.046e+01 157 2 2 1.979e+02 2.221e+02 225 2 1 5.267e+00 3.673e+01 292 2 4 1.986e+02 2.214e+02 212
50739 8 0 2 6.536e+02 6.904e+02 341 1 4 6.293e+02 6.307e+02 12 1 1 6.035e+02 6.145e+02 103 1 3 5.983e+02 6.197e+02 198 1 2 5.690e+02 6.070e+02 353 1 2 6.110e+02 6.490e+02 353 3 1 1.808e+02 1.972e+02 153 3 1 1.676e+02 2.104e+02 397
50740 11 1 1 5.153e+01 7.447e+01 213 2 3 1.025e+02 1.075e+02 46 2 4 2.509e+02 2.531e+02 20 2 4 5.000e+02 5.080e+02 74 2 4 8.389e+01 8.411e+01 2 2 3 2.716e+02 2.744e+02 26 2 4 2.370e+02 2.670e+02 279 2 2 2.918e+02 2.962e+02 41 2 2 1.088e+02 1.432e+02 319 2 1 3.056e+02 3.244e+02 175 3 3 5.907e+01 6.693e+01 73
50742 0
50743 3 2 2 3.358e+02 3.362e+02 3 2 4 3.346e+02 3.374e+02 26 2 4 1.183e+02 1.337e+02 142
50745 13 0 4 6.295e+02 6.305e+02 9 0 3 6.484e+02 6.536e+02 49 0 2 6.696e+02 6.744e+02 44 0 4 6.670e+02 6.770e+02 93 0 2 6.582e+02 6.858e+02 256 2 3 4.801e+02 4.859e+02 53 2 3 4.339e+02 4.481e+02 131 2 4 4.538e+02 4.702e+02 151 2 3 3.908e+02 4.072e+02 153 2 4 3.583e+02 3.977e+02 366 2 2 4.148e+02 4.252e+02 97 2 4 4.089e+02 4.311e+02 206 2 1 4.230e+02 4.590e+02 334
50746 0
50747 29 0 4 6.707e+02 6.733e+02 24 0 4 3.330e+02 3.390e+02 56 0 1 4.398e+02 4.422e+02 23 0 3 6.154e+01 6.446e+01 27 0 4 5.028e+02 5.052e+02 23 0 4 8.092e+01 8.708e+01 57 0 4 6.244e+02 6.356e+02 104 0 3 2.691e+02 2.769e+02 72 0 1 6.502e+02 6.518e+02 15 0 4 2.806e+02 3.074e+02 250 0 4 4.589e+02 4.651e+02 57 0 2 6.149e+02 6.451e+02 280 0 3 6.507e+02 6.513e+02 6 0 2 6.681e+02 6.759e+02 73 0 1 4.741e+02 4.919e+02 166 0 3 6.356e+02 6.664e+02 286 0 3 4.669e+02 4.991e+02 300 0 2 4.456e+02 4.784e+02 306 1 1 6.044e+02 6.136e+02 86 1 3 6.026e+02 6.154e+02 118 1 4 6.245e+02 6.355e+02 102 1 2 6.160e+02 6.440e+02 260 2 4 2.087e+02 2.113e+02 24 2 2 2.890e+02 2.990e+02 93 2 3 2.280e+02 2.340e+02 56 2 3 2.619e+02 2.841e+02 206 2 2 2.408e+02 2.632e+02 207 2 4 2.793e+02 3.087e+02 272 2 1 2.579e+02 2.881e+02 281
50748 2 1 2 6.256e+02 6.344e+02 81 2 4 6.705e+02 6.735e+02 28
50749 7 2 1 4.809e+02 4.851e+02 40 2 1 6.057e+02 6.123e+02 60 2 2 6.177e+02 6.423e+02 228 3 3 4.403e+02 4.417e+02 12 3 2 4.597e+02 4.643e+02 42 3 1 4.724e+02 4.936e+02 196 3 4 4.040e+02 4.360e+02 297
50750 1 0 4 2.504e+02 2.536e+02 30
50751 14 0 2 5.460e+02 5.460e+02 -6 0 1 6.074e+02 6.106e+02 30 0 1 6.506e+02 6.514e+02 8 0 1 5.157e+02 5.343e+02 172 0 1 2.469e+02 2.991e+02 484 0 3 6.059e+02 6.121e+02 58 0 3 2.470e+02 2.990e+02 482 0 3 6.473e+02 6.547e+02 68 0 4 3.514e+02 4.046e+02 494 0 1 5.493e+02 5.847e+02 329 0 2 6.162e+02 6.438e+02 257 0 2 6.571e+02 6.869e+02 276 2 1 1.815e+01 2.385e+01 53 2 1 6.973e+00 3.503e+01 260
50752 16 0 2 6.720e+02 6.720e+02 -6 0 4 6.175e+02 6.425e+02 231 0 4 6.714e+02 6.726e+02 10 0 1 6.495e+02 6.525e+02 28 0 3 6.386e+02 6.634e+02 230 2 2 3.955e+01 4.445e+01 46 2 3 4.410e+02 4.410e+02 -9 2 3 1.470e+02 1.470e+02 -21 2 1 1.590e+01 2.610e+01 95 2 4 1.672e+02 1.688e+02 16 2 4 3.278e+01 5.122e+01 171 2 4 1.524e+02 1.836e+02 290 2 1 4.834e+01 7.766e+01 272 2 2 1.088e+02 1.432e+02 319 2 1 1.345e+02 1.595e+02 231 2 3 4.641e+00 3.736e+01 304
50753 9 0 3 4.797e+02 4.863e+02 60 0 2 5.407e+02 5.513e+02 99 0 4 4.956e+02 5.124e+02 156 0 1 5.649e+02 5.691e+02 40 0 3 5.648e+02 5.692e+02 40 0 2 6.573e+02 6.867e+02 274 0 3 5.550e+02 5.790e+02 223 0 4 6.544e+02 6.896e+02 326 0 1 5.505e+02 5.835e+02 307
