11658 9 0 2 6.258e+02 6.342e+02 77 0 3 5.973e+02 6.207e+02 217 0 3 6.481e+02 6.539e+02 54 0 2 6.155e+02 6.445e+02 270 0 4 6.589e+02 6.851e+02 243 2 4 7.881e+01 8.919e+01 96 2 4 3.685e+02 3.875e+02 176 2 2 7.280e+01 9.520e+01 208 2 3 8.864e+01 1.214e+02 304
11662 12 0 3 5.239e+02 5.261e+02 20 0 4 6.173e+02 6.427e+02 236 0 1 3.537e+02 3.603e+02 61 0 3 6.426e+02 6.594e+02 156 0 2 3.665e+02 3.895e+02 213 0 3 3.821e+02 4.159e+02 315 0 2 4.950e+02 5.130e+02 168 0 4 3.625e+02 3.935e+02 288 0 1 5.112e+02 5.388e+02 256 1 4 6.199e+02 6.401e+02 187 2 4 3.318e+01 5.082e+01 164 2 4 5.280e+02 5.640e+02 334
11663 0
11665 2 0 2 5.422e+02 5.498e+02 70 2 4 3.628e+01 4.772e+01 106
11666 11 1 2 1.572e+02 1.788e+02 200 1 4 5.362e+02 5.558e+02 182 1 4 1.561e+02 1.799e+02 221 1 1 1.800e+02 1.980e+02 168 1 3 1.798e+02 1.982e+02 171 2 1 5.637e+02 5.703e+02 60 2 3 5.643e+02 5.697e+02 50 2 2 5.708e+02 6.052e+02 320 3 1 4.399e+02 4.421e+02 20 3 4 4.981e+02 5.099e+02 109 3 2 4.023e+02 4.377e+02 329
11669 3 0 3 6.034e+02 6.146e+02 104 0 2 6.209e+02 6.391e+02 169 0 4 6.156e+02 6.444e+02 268
11670 14 0 3 6.081e+02 6.099e+02 17 0 1 5.612e+02 5.728e+02 107 0 4 5.821e+02 5.939e+02 110 0 2 6.617e+02 6.823e+02 191 0 3 5.562e+02 5.778e+02 200 0 1 6.054e+02 6.126e+02 67 0 4 6.600e+02 6.840e+02 222 0 2 6.124e+02 6.476e+02 327 1 4 5.384e+02 5.536e+02 141 1 3 5.173e+02 5.327e+02 144 1 3 5.097e+02 5.403e+02 284 2 2 8.249e+01 8.551e+01 28 2 4 7.352e+01 9.448e+01 195 2 3 4.978e+01 7.622e+01 246
11672 7 0 1 3.554e+02 3.586e+02 30 0 4 3.716e+02 3.844e+02 120 0 2 3.589e+02 3.971e+02 356 1 1 5.222e+02 5.278e+02 51 1 4 5.343e+02 5.577e+02 217 1 3 5.218e+02 5.282e+02 60 1 2 5.314e+02 5.606e+02 270
11673 0
11677 3 1 4 3.295e+02 3.425e+02 121 1 4 3.229e+02 3.491e+02 244 1 4 3.687e+02 3.873e+02 172
11678 2 0 3 4.196e+02 4.624e+02 397 0 4 3.945e+02 4.455e+02 473
11680 20 0 4 5.834e+02 5.926e+02 86 0 3 6.468e+02 6.552e+02 79 0 1 5.483e+02 5.857e+02 348 0 2 6.223e+02 6.377e+02 144 0 2 6.654e+02 6.786e+02 122 0 4 6.175e+02 6.425e+02 231 0 1 6.411e+02 6.609e+02 184 0 3 5.907e+02 6.273e+02 340 0 3 6.405e+02 6.615e+02 196 0 4 6.584e+02 6.856e+02 252 0 3 6.318e+02 6.702e+02 356 0 4 6.525e+02 6.915e+02 362 2 2 4.157e+01 4.243e+01 8 2 3 1.005e+02 1.095e+02 83 2 4 4.063e+01 4.337e+01 26 2 2 1.260e+02 1.260e+02 -1 2 1 1.378e+02 1.562e+02 170 2 1 5.862e+01 6.738e+01 81 2 4 1.227e+02 1.293e+02 60 2 3 1.271e+02 1.669e+02 370
11681 36 0 3 6.212e+01 6.388e+01 16 0 1 5.647e+02 5.693e+02 42 0 3 1.027e+02 1.073e+02 43 0 4 6.292e+02 6.308e+02 16 0 3 2.026e+01 2.174e+01 14 0 4 6.720e+02 6.720e+02 -20 0 2 5.020e+02 5.060e+02 38 0 1 5.588e+02 5.752e+02 152 0 3 4.202e+01 8.398e+01 390 0 4 5.880e+02 5.880e+02 -10 0 2 6.656e+02 6.784e+02 118 0 1 4.779e+02 4.881e+02 96 0 3 5.576e+02 5.764e+02 175 0 3 6.044e+02 6.136e+02 86 0 4 6.588e+02 6.852e+02 246 0 4 4.967e+02 5.113e+02 136 0 3 5.145e+02 5.355e+02 196 0 4 5.767e+02 5.993e+02 210 0 2 4.505e+02 4.735e+02 214 2 3 1.842e+01 2.358e+01 48 2 4 8.400e+01 8.400e+01 -14 2 4 1.670e+02 1.690e+02 19 2 3 2.707e+02 2.753e+02 42 2 2 3.789e+01 4.611e+01 76 2 2 7.581e+01 9.219e+01 152 2 2 1.615e+02 1.745e+02 121 2 2 2.012e+02 2.188e+02 164 2 4 2.843e+02 3.037e+02 180 2 1 5.840e+01 6.760e+01 86 2 1 1.747e+02 2.033e+02 266 2 4 2.016e+02 2.184e+02 156 2 3 2.542e+02 2.918e+02 350 2 3 5.005e+01 7.595e+01 240 2 3 1.770e+02 2.010e+02 222 2 4 2.364e+02 2.676e+02 290 2 3 2.132e+02 2.488e+02 330
11682 3 0 2 5.453e+02 5.467e+02 14 0 4 5.783e+02 5.977e+02 180 0 3 5.918e+02 6.262e+02 320
11684 0
11685 1 0 4 6.039e+02 6.561e+02 485
11687 9 0 3 5.655e+02 5.685e+02 28 0 4 5.827e+02 5.933e+02 98 0 3 2.168e+02 2.452e+02 263 2 3 3.099e+02 3.201e+02 94 2 2 3.215e+01 5.185e+01 183 2 4 2.855e+02 3.025e+02 158 2 2 3.222e+02 3.498e+02 256 2 1 3.408e+02 3.732e+02 300 2 4 2.717e+01 5.683e+01 276
11692 2 0 1 6.363e+02 6.657e+02 272 0 3 6.335e+02 6.685e+02 325
11693 8 0 4 5.867e+02 5.893e+02 25 0 3 9.352e+00 3.265e+01 216 0 4 4.485e+02 4.755e+02 250 0 2 6.560e+02 6.880e+02 297 1 3 6.070e+02 6.110e+02 37 1 1 6.029e+02 6.151e+02 113 1 4 6.191e+02 6.409e+02 202 1 2 5.695e+02 6.065e+02 343
11694 15 0 1 6.070e+02 6.110e+02 38 0 2 6.258e+02 6.342e+02 79 0 3 6.472e+02 6.548e+02 70 0 4 6.187e+02 6.413e+02 210 0 1 6.361e+02 6.659e+02 277 0 3 6.388e+02 6.632e+02 226 0 2 6.588e+02 6.852e+02 245 0 4 6.560e+02 6.880e+02 296 1 3 6.048e+02 6.132e+02 79 1 3 5.956e+02 6.224e+02 250 1 4 6.116e+02 6.484e+02 341 2 2 4.596e+02 4.644e+02 44 2 4 4.495e+02 4.745e+02 231 2 3 4.265e+02 4.555e+02 269 2 1 4.740e+02 4.920e+02 168
11696 0
11697 3 0 3 6.467e+02 6.553e+02 80 0 3 6.398e+02 6.622e+02 207 1 1 5.606e+02 5.734e+02 118
11699 12 0 2 6.244e+02 6.356e+02 105 0 1 5.486e+02 5.854e+02 342 0 4 2.024e+02 2.176e+02 141 0 3 5.480e+02 5.860e+02 352 0 2 6.532e+02 6.908e+02 349 0 1 3.757e+02 4.223e+02 432 1 4 3.614e+02 3.946e+02 309 1 2 1.849e+02 2.351e+02 466 2 2 7.361e+01 9.439e+01 193 2 3 6.455e+02 6.565e+02 102 2 3 4.637e+01 7.963e+01 309 2 4 7.805e+01 8.995e+01 110
11700 7 0 1 4.392e+02 4.428e+02 34 2 4 4.200e+02 4.200e+02 -3 2 4 1.646e+02 1.714e+02 63 2 2 7.347e+01 9.453e+01 196 2 1 4.323e+02 4.497e+02 162 2 2 4.097e+02 4.303e+02 192 2 3 4.276e+02 4.544e+02 249
11701 7 0 2 6.273e+02 6.327e+02 50 0 1 5.978e+02 6.202e+02 208 0 3 6.462e+02 6.558e+02 90 0 4 6.224e+02 6.376e+02 140 0 4 6.619e+02 6.821e+02 187 2 1 3.968e+02 4.012e+02 40 2 1 3.810e+02 4.170e+02 335
11702 58 0 2 5.454e+02 5.466e+02 10 0 4 2.092e+02 2.108e+02 15 0 2 6.267e+02 6.333e+02 61 0 2 3.304e+02 3.416e+02 104 0 3 6.496e+02 6.524e+02 26 0 2 1.218e+02 1.302e+02 77 0 1 4.383e+02 4.437e+02 50 0 4 1.623e+02 1.737e+02 106 0 4 4.983e+02 5.097e+02 106 0 2 2.053e+02 2.147e+02 86 0 1 5.618e+02 5.722e+02 97 0 3 1.787e+02 1.993e+02 190 0 4 6.294e+02 6.306e+02 10 0 4 2.559e+01 5.841e+01 305 0 2 6.712e+02 6.728e+02 16 0 3 1.693e+02 2.087e+02 366 0 3 4.366e+02 4.454e+02 82 0 3 5.629e+02 5.711e+02 76 0 1 6.050e+02 6.130e+02 75 0 4 6.718e+02 6.722e+02 3 0 4 4.086e+02 4.314e+02 212 0 1 5.499e+02 5.841e+02 317 0 3 6.027e+02 6.153e+02 117 0 3 6.384e+02 6.636e+02 234 0 3 4.274e+02 4.546e+02 252 0 3 5.051e+02 5.449e+02 370 0 4 5.762e+02 5.998e+02 220 0 1 4.258e+02 4.562e+02 282 1 3 6.086e+02 6.094e+02 7 1 4 5.007e+02 5.073e+02 61 1 2 5.867e+02 5.893e+02 25 1 2 6.300e+02 6.300e+02 -4 1 4 5.438e+02 5.482e+02 41 1 4 6.286e+02 6.314e+02 26 1 4 4.897e+02 5.183e+02 266 1 4 5.793e+02 5.967e+02 161 1 1 6.043e+02 6.137e+02 88 2 4 3.742e+02 3.818e+02 70 2 3 6.027e+02 6.153e+02 117 2 2 3.986e+01 4.414e+01 40 2 4 4.969e+02 5.111e+02 131 2 4 1.252e+02 1.268e+02 16 2 2 6.226e+02 6.374e+02 138 2 2 2.496e+02 2.544e+02 46 2 4 5.689e+02 6.071e+02 354 2 3 2.710e+02 2.750e+02 37 2 4 3.704e+01 4.696e+01 92 2 1 5.923e+02 6.257e+02 310 2 4 2.011e+02 2.189e+02 166 2 2 2.918e+02 2.962e+02 41 2 1 1.236e+01 2.964e+01 160 2 2 2.392e+02 2.648e+02 237 2 1 2.617e+02 2.843e+02 210 2 1 4.884e+01 7.716e+01 263 2 4 2.389e+02 2.651e+02 244 2 2 2.781e+02 3.099e+02 295 2 3 4.772e+00 3.723e+01 301 2 1 3.033e+02 3.267e+02 218
11703 4 0 1 5.904e+02 6.276e+02 346 1 2 6.157e+02 6.443e+02 266 1 4 6.136e+02 6.464e+02 305 2 1 2.712e+02 2.748e+02 34
11704 11 0 2 5.036e+02 5.044e+02 8 0 3 6.472e+02 6.548e+02 70 0 4 4.982e+02 5.098e+02 108 0 2 6.685e+02 6.755e+02 66 0 1 4.691e+02 4.969e+02 259 0 3 5.072e+02 5.428e+02 331 0 4 6.651e+02 6.789e+02 129 0 1 6.419e+02 6.601e+02 170 0 3 6.372e+02 6.648e+02 257 0 2 6.527e+02 6.913e+02 359 0 4 6.556e+02 6.884e+02 305
11705 12 0 2 5.024e+02 5.056e+02 29 0 3 2.686e+02 2.774e+02 82 0 4 5.002e+02 5.078e+02 71 0 1 2.642e+02 2.818e+02 164 0 1 4.711e+02 4.949e+02 221 0 2 2.807e+02 3.073e+02 247 0 3 5.067e+02 5.433e+02 340 0 4 2.783e+02 3.097e+02 292 1 2 2.515e+02 2.525e+02 9 1 4 2.519e+02 2.521e+02 2 1 3 2.722e+02 2.738e+02 16 1 3 2.541e+02 2.919e+02 351
11706 10 0 2 6.272e+02 6.328e+02 51 0 3 5.648e+02 5.692e+02 41 0 4 6.232e+02 6.368e+02 126 0 2 5.437e+02 5.483e+02 43 0 3 6.366e+02 6.654e+02 268 0 1 5.104e+02 5.396e+02 270 0 1 6.318e+02 6.702e+02 356 1 1 6.087e+02 6.093e+02 6 1 2 6.264e+02 6.336e+02 67 1 2 6.154e+02 6.446e+02 271
