42452 4 0 4 3.332e+02 3.388e+02 51 0 1 5.545e+02 5.795e+02 233 0 4 5.788e+02 5.972e+02 170 0 3 5.913e+02 6.267e+02 330
42454 3 2 4 8.150e+01 8.650e+01 46 2 3 1.015e+02 1.085e+02 66 2 2 1.098e+02 1.422e+02 301
42456 6 2 2 4.620e+02 4.620e+02 -18 2 4 4.200e+02 4.200e+02 -21 2 1 8.905e+00 3.310e+01 225 2 1 4.830e+02 4.830e+02 -1 2 3 4.402e+02 4.418e+02 15 2 3 5.674e+00 3.633e+01 285
42457 2 0 3 1.875e+02 1.905e+02 27 1 2 1.979e+02 2.221e+02 226
42458 3 2 3 1.886e+02 1.894e+02 8 2 4 1.534e+02 1.826e+02 271 2 2 1.980e+02 2.220e+02 222
42459 0
42461 8 0 3 6.030e+02 6.150e+02 110 0 2 3.737e+02 3.823e+02 80 0 2 6.674e+02 6.766e+02 86 0 4 6.689e+02 6.751e+02 58 0 1 6.402e+02 6.618e+02 201 1 3 5.159e+02 5.341e+02 170 2 4 2.091e+02 2.109e+02 17 2 4 1.985e+02 2.215e+02 213
42463 1 0 3 3.977e+02 4.003e+02 24
42464 15 0 1 6.471e+02 6.549e+02 73 0 2 6.270e+02 6.330e+02 56 0 1 6.391e+02 6.629e+02 221 0 4 6.254e+02 6.346e+02 86 0 3 6.394e+02 6.626e+02 216 0 2 6.155e+02 6.445e+02 270 1 2 6.300e+02 6.300e+02 -4 1 4 5.872e+02 5.888e+02 16 1 4 6.182e+02 6.418e+02 220 1 2 6.113e+02 6.487e+02 348 2 2 8.303e+01 8.497e+01 18 2 4 5.800e+02 5.960e+02 148 2 3 5.023e+01 7.577e+01 237 2 4 7.154e+01 9.646e+01 231 3 3 5.655e+02 5.685e+02 27
42465 4 0 4 3.620e+02 3.940e+02 297 0 2 6.630e+02 6.810e+02 166 0 3 3.845e+02 4.135e+02 269 0 4 6.568e+02 6.872e+02 282
42468 2 0 3 5.478e+02 5.862e+02 357 0 1 5.432e+02 5.908e+02 441
42469 52 2 2 4.107e+01 4.293e+01 17 2 3 6.070e+02 6.110e+02 37 2 3 1.042e+02 1.058e+02 16 2 1 3.548e+02 3.592e+02 40 2 2 6.294e+02 6.306e+02 10 2 4 4.000e+01 4.400e+01 37 2 4 1.236e+02 1.284e+02 45 2 4 6.226e+02 6.374e+02 137 2 1 1.445e+02 1.495e+02 46 2 1 6.349e+02 6.671e+02 299 2 4 2.078e+02 2.122e+02 40 2 3 3.501e+02 3.639e+02 129 2 1 5.976e+02 6.204e+02 211 2 2 1.204e+02 1.316e+02 105 2 3 5.918e+02 6.262e+02 319 2 3 1.454e+02 1.486e+02 29 2 4 5.703e+02 6.057e+02 328 2 1 2.205e+02 2.415e+02 195 2 4 3.267e+02 3.453e+02 172 2 3 4.745e+01 7.855e+01 289 2 3 8.864e+01 1.214e+02 304 2 3 1.753e+02 2.027e+02 255 2 2 3.180e+02 3.540e+02 335 2 1 3.338e+00 3.866e+01 328 2 4 1.073e+02 1.447e+02 346 2 1 1.364e+02 1.576e+02 197 3 4 1.680e+02 1.680e+02 0 3 4 7.971e+01 8.829e+01 80 3 1 2.707e+02 2.753e+02 43 3 3 3.113e+02 3.187e+02 69 3 2 7.396e+01 9.404e+01 186 3 1 3.548e+02 3.592e+02 41 3 1 1.467e+02 1.473e+02 5 3 1 1.887e+02 1.893e+02 5 3 2 6.840e+01 9.960e+01 290 3 1 2.307e+02 2.313e+02 6 3 2 3.353e+02 3.367e+02 14 3 3 3.527e+02 3.613e+02 80 3 3 1.461e+02 1.479e+02 16 3 3 1.883e+02 1.897e+02 14 3 3 2.232e+02 2.388e+02 145 3 4 3.287e+02 3.433e+02 136 3 3 1.031e+02 1.069e+02 36 3 2 2.088e+02 2.112e+02 23 3 2 2.443e+02 2.597e+02 144 3 4 2.820e+02 3.060e+02 222 3 4 1.167e+02 1.353e+02 172 3 4 2.097e+02 2.103e+02 5 3 4 2.457e+02 2.583e+02 117 3 1 9.416e+01 1.158e+02 201 3 2 1.628e+02 1.732e+02 97 3 3 2.538e+02 2.922e+02 356
42472 2 2 4 6.163e+02 6.437e+02 254 2 3 6.400e+02 6.620e+02 204
42473 0
42475 3 2 2 2.067e+02 2.133e+02 61 2 3 1.845e+02 1.935e+02 84 2 4 1.540e+02 1.820e+02 260
42480 2 2 3 6.037e+01 6.563e+01 49 2 4 5.816e+02 5.944e+02 119
42482 14 0 3 5.561e+02 5.779e+02 202 0 4 5.820e+02 5.940e+02 112 0 3 6.422e+02 6.598e+02 164 0 1 5.501e+02 5.839e+02 314 0 2 6.214e+02 6.386e+02 160 0 4 6.191e+02 6.409e+02 202 0 3 5.919e+02 6.261e+02 317 1 2 5.305e+02 5.615e+02 288 2 2 1.196e+02 1.324e+02 118 2 3 1.635e+01 2.565e+01 86 2 4 1.114e+02 1.406e+02 271 2 2 3.196e+01 5.204e+01 186 2 4 3.004e+01 5.396e+01 222 2 1 9.396e+00 3.260e+01 216
42484 16 0 4 2.903e+02 2.977e+02 69 0 2 6.290e+02 6.310e+02 19 0 2 6.704e+02 6.736e+02 30 0 3 2.701e+02 2.759e+02 54 0 4 6.286e+02 6.314e+02 26 0 3 2.541e+02 2.919e+02 350 0 1 6.354e+02 6.666e+02 290 0 1 5.973e+02 6.207e+02 217 0 3 6.330e+02 6.690e+02 334 0 2 6.194e+02 6.406e+02 196 0 2 6.594e+02 6.846e+02 234 0 4 6.164e+02 6.436e+02 253 0 1 5.901e+02 6.279e+02 350 0 3 5.925e+02 6.255e+02 307 1 2 6.281e+02 6.319e+02 35 2 1 1.700e+02 2.080e+02 352
42485 7 0 4 3.349e+02 3.371e+02 20 0 2 2.769e+02 3.111e+02 318 0 1 2.996e+02 3.304e+02 286 1 3 5.358e+00 3.664e+01 290 2 4 3.470e+01 4.930e+01 136 3 2 6.556e+02 6.884e+02 305 3 4 6.568e+02 6.872e+02 282
42486 1 2 4 2.339e+02 2.701e+02 336
42487 23 0 3 6.491e+02 6.529e+02 36 0 2 6.713e+02 6.727e+02 13 0 1 6.455e+02 6.565e+02 102 1 4 5.339e+02 5.581e+02 225 2 3 3.568e+02 3.572e+02 4 2 3 1.417e+02 1.523e+02 98 2 1 2.296e+02 2.324e+02 26 2 2 3.756e+02 3.804e+02 45 2 2 1.649e+02 1.711e+02 58 2 1 5.474e+02 5.866e+02 365 2 2 1.992e+02 2.208e+02 201 2 4 3.342e+02 3.378e+02 34 2 4 1.109e+02 1.411e+02 280 2 4 1.638e+02 1.722e+02 77 2 4 2.020e+02 2.180e+02 149 2 4 3.200e+02 3.520e+02 296 2 1 1.807e+02 1.973e+02 154 2 2 1.915e+02 2.285e+02 343 2 3 1.795e+02 1.985e+02 177 2 3 1.317e+02 1.623e+02 284 2 4 1.533e+02 1.827e+02 274 2 3 1.725e+02 2.055e+02 306 3 1 1.388e+01 2.812e+01 132
42488 63 0 1 4.821e+02 4.839e+02 16 0 4 8.321e+01 8.479e+01 15 0 1 5.663e+02 5.677e+02 14 0 1 3.552e+02 3.588e+02 34 0 1 6.086e+02 6.094e+02 7 0 3 1.007e+01 3.193e+01 203 0 3 6.496e+02 6.524e+02 26 0 2 7.549e+01 9.251e+01 158 0 3 4.773e+02 4.887e+02 106 0 4 3.772e+02 3.788e+02 15 0 3 5.651e+02 5.689e+02 36 0 2 2.932e+01 5.468e+01 236 0 3 6.048e+02 6.132e+02 77 0 2 3.653e+02 3.907e+02 236 0 2 6.720e+02 6.720e+02 -2 0 1 5.449e+01 7.151e+01 158 0 2 5.036e+02 5.044e+02 8 0 3 4.839e+01 7.761e+01 271 0 3 5.197e+02 5.303e+02 98 0 2 6.269e+02 6.331e+02 58 0 4 6.715e+02 6.725e+02 9 0 4 5.033e+02 5.047e+02 14 0 3 5.066e+02 5.434e+02 342 0 4 6.280e+02 6.320e+02 36 0 1 6.468e+02 6.552e+02 78 0 2 5.266e+02 5.654e+02 360 0 4 5.775e+02 5.985e+02 196 1 1 5.667e+02 5.673e+02 6 1 1 6.087e+02 6.093e+02 6 1 1 5.233e+02 5.267e+02 32 1 2 5.875e+02 5.885e+02 10 1 2 6.292e+02 6.308e+02 15 1 1 4.670e+02 4.990e+02 298 1 4 5.838e+02 5.922e+02 79 1 4 6.293e+02 6.307e+02 13 1 3 5.532e+02 5.808e+02 256 1 3 6.054e+02 6.126e+02 67 1 1 5.952e+02 6.228e+02 257 2 3 2.043e+01 2.157e+01 10 2 1 4.817e+02 4.843e+02 25 2 4 2.097e+02 2.103e+02 6 2 1 5.660e+02 5.680e+02 18 2 3 3.144e+02 3.156e+02 11 2 4 4.177e+02 4.223e+02 42 2 2 3.289e+02 3.431e+02 132 2 1 5.225e+02 5.275e+02 47 2 1 5.885e+01 6.715e+01 77 2 3 4.324e+02 4.496e+02 159 2 2 2.054e+02 2.146e+02 86 2 2 4.470e+02 4.770e+02 278 2 4 2.867e+02 3.013e+02 136 2 2 5.747e+02 6.013e+02 246 2 4 3.306e+02 3.414e+02 100 2 1 5.049e+02 5.451e+02 373 2 2 3.484e+01 4.916e+01 133 2 4 1.981e+02 2.219e+02 220 2 3 3.057e+02 3.243e+02 172 2 1 3.465e+02 3.675e+02 196 2 4 3.071e+01 5.329e+01 210 2 3 1.703e+02 2.077e+02 347 2 3 3.442e+02 3.698e+02 237 2 3 4.390e+01 8.210e+01 355 3 4 3.704e+02 3.856e+02 141
42490 13 0 2 6.688e+02 6.752e+02 60 0 4 6.665e+02 6.775e+02 103 0 1 6.374e+02 6.646e+02 252 0 3 6.366e+02 6.654e+02 268 2 2 4.117e+01 4.283e+01 16 2 3 4.819e+02 4.841e+02 20 2 4 1.664e+02 1.696e+02 30 2 1 1.856e+02 1.924e+02 64 2 2 5.033e+02 5.047e+02 12 2 1 5.233e+02 5.267e+02 31 2 3 1.783e+02 1.997e+02 200 2 2 1.540e+02 1.820e+02 260 2 4 4.415e+02 4.825e+02 381
42491 6 0 1 6.461e+02 6.559e+02 91 0 2 6.216e+02 6.384e+02 156 0 3 6.434e+02 6.586e+02 140 0 2 6.566e+02 6.874e+02 286 0 4 6.600e+02 6.840e+02 222 0 1 6.372e+02 6.648e+02 256
42492 1 1 4 5.018e+02 5.062e+02 41
42495 1 0 4 6.300e+02 6.300e+02 -23
42496 2 2 1 5.143e+02 5.357e+02 200 2 2 1.064e+02 1.456e+02 365
42499 8 0 2 6.713e+02 6.727e+02 14 0 4 4.936e+02 5.144e+02 193 0 4 6.668e+02 6.772e+02 97 0 3 4.730e+02 4.930e+02 186 2 1 6.149e+01 6.451e+01 28 2 3 5.512e+01 7.088e+01 146 2 4 3.331e+01 5.069e+01 161 2 2 2.640e+01 5.760e+01 290
