36522 0
36523 6 3 1 3.975e+02 4.005e+02 28 3 1 4.391e+02 4.429e+02 35 3 4 4.599e+02 4.641e+02 39 3 2 4.149e+02 4.251e+02 95 3 3 4.279e+02 4.541e+02 243 3 1 4.276e+02 4.544e+02 249
36527 6 2 3 3.536e+02 3.604e+02 63 2 2 1.258e+02 1.262e+02 5 2 2 3.760e+02 3.800e+02 37 2 4 1.147e+02 1.373e+02 210 2 3 1.347e+02 1.593e+02 229 2 4 3.240e+02 3.480e+02 223
36528 20 0 2 6.265e+02 6.335e+02 66 0 1 1.406e+02 1.534e+02 120 0 2 1.140e+02 1.380e+02 222 0 1 5.565e+02 5.775e+02 196 0 3 5.970e+02 6.210e+02 222 0 4 6.183e+02 6.417e+02 217 0 1 5.892e+02 6.288e+02 368 1 3 1.352e+01 2.848e+01 139 1 3 6.104e+01 6.496e+01 36 1 4 3.228e+01 5.172e+01 180 1 1 4.190e+00 3.781e+01 312 1 1 5.611e+01 6.989e+01 128 1 2 6.728e+01 1.007e+02 310 2 1 2.270e+02 2.350e+02 75 2 3 2.259e+02 2.361e+02 96 2 4 1.948e+02 2.252e+02 283 2 2 1.951e+02 2.249e+02 276 3 2 1.675e+02 1.685e+02 10 3 4 1.680e+02 1.680e+02 -9 3 3 1.729e+02 2.051e+02 300
36530 5 2 1 4.817e+02 4.843e+02 24 2 2 2.933e+02 2.947e+02 13 2 4 2.388e+02 2.652e+02 246 2 3 2.692e+02 2.768e+02 71 2 1 3.027e+02 3.273e+02 229
36533 8 0 4 3.766e+02 3.794e+02 26 0 4 5.682e+02 6.078e+02 368 2 3 3.559e+02 3.581e+02 21 2 3 4.317e+02 4.503e+02 172 2 2 3.690e+02 3.870e+02 167 2 4 4.451e+02 4.789e+02 314 2 4 3.196e+02 3.524e+02 305 2 1 3.416e+02 3.724e+02 286
36534 0
36536 2 0 4 5.871e+02 5.889e+02 17 0 3 5.521e+02 5.819e+02 276
36537 0
36538 13 0 2 5.028e+02 5.052e+02 23 0 4 5.800e+02 5.960e+02 148 0 4 5.040e+02 5.040e+02 -7 0 3 6.015e+02 6.165e+02 139 0 2 6.587e+02 6.853e+02 246 0 1 4.753e+02 4.907e+02 143 0 1 5.970e+02 6.210e+02 222 0 3 4.674e+02 4.986e+02 289 1 1 8.667e+01 1.233e+02 340 1 1 4.839e+01 7.761e+01 271 2 3 6.127e+01 6.473e+01 32 2 4 3.538e+01 4.862e+01 123 2 2 2.707e+01 5.693e+01 277
36539 7 0 3 9.753e+01 1.125e+02 139 0 1 3.528e+02 3.612e+02 77 0 2 7.594e+01 9.206e+01 150 0 4 3.702e+02 3.858e+02 145 0 2 3.591e+02 3.969e+02 351 2 4 6.713e+02 6.727e+02 13 2 3 6.343e+02 6.677e+02 310
36542 36 0 3 4.386e+02 4.434e+02 45 0 2 4.619e+02 4.621e+02 1 1 2 6.279e+02 6.321e+02 40 1 4 6.245e+02 6.355e+02 102 1 1 5.911e+02 6.269e+02 332 2 2 3.843e+01 4.557e+01 66 2 4 6.285e+02 6.315e+02 28 2 4 2.892e+02 2.988e+02 89 2 1 6.425e+02 6.595e+02 157 2 3 3.559e+02 3.581e+02 20 2 4 6.156e+02 6.444e+02 267 2 1 5.970e+01 6.630e+01 61 2 3 6.481e+02 6.539e+02 53 2 2 1.230e+02 1.290e+02 56 2 3 3.844e+02 4.136e+02 270 2 3 1.852e+02 1.928e+02 70 2 4 6.643e+02 6.797e+02 144 2 1 1.420e+01 2.780e+01 126 2 2 4.019e+02 4.381e+02 336 2 4 1.191e+02 1.329e+02 128 2 4 4.016e+02 4.384e+02 342 2 2 1.562e+02 1.798e+02 219 2 4 2.780e+02 3.100e+02 296 2 2 3.599e+02 3.961e+02 336 2 3 1.707e+01 2.493e+01 73 2 3 9.496e+01 1.150e+02 186 2 4 1.624e+02 1.736e+02 105 2 2 1.914e+02 2.286e+02 346 2 4 3.587e+02 3.973e+02 359 2 4 3.497e+01 4.903e+01 130 2 4 1.103e+02 1.417e+02 291 2 1 1.283e+02 1.657e+02 346 2 4 3.170e+02 3.550e+02 353 2 1 8.632e+00 3.337e+01 230 2 3 6.300e+00 3.570e+01 273 2 2 2.367e+01 6.033e+01 340
36544 2 1 2 1.680e+02 1.680e+02 -24 1 4 1.642e+02 1.718e+02 70
36546 6 0 4 5.030e+02 5.050e+02 18 0 4 3.260e+02 3.460e+02 186 2 1 2.730e+02 2.730e+02 -2 2 2 8.290e+01 8.510e+01 20 2 4 6.608e+02 6.832e+02 207 2 4 1.966e+02 2.234e+02 250
36550 18 0 4 5.877e+02 5.883e+02 6 0 3 6.510e+02 6.510e+02 -14 0 1 5.545e+02 5.795e+02 232 0 2 6.276e+02 6.324e+02 44 0 1 6.354e+02 6.666e+02 289 0 4 6.262e+02 6.338e+02 71 0 3 6.363e+02 6.657e+02 273 0 4 6.547e+02 6.893e+02 321 1 4 6.076e+02 6.524e+02 416 1 4 5.631e+02 6.129e+02 462 2 3 3.150e+02 3.150e+02 -15 2 2 3.360e+02 3.360e+02 -12 2 4 2.915e+02 2.965e+02 46 2 3 3.544e+02 3.596e+02 49 2 1 5.297e+01 7.303e+01 186 2 2 7.509e+01 9.291e+01 166 2 3 5.718e+01 6.882e+01 108 2 4 6.867e+01 9.933e+01 285
36554 2 0 1 6.510e+02 6.510e+02 -10 0 3 6.465e+02 6.555e+02 84
36556 24 0 3 3.970e+02 4.010e+02 37 0 2 5.460e+02 5.460e+02 -23 0 4 6.236e+02 6.364e+02 119 0 3 6.483e+02 6.537e+02 50 0 4 4.162e+02 4.238e+02 70 0 3 5.596e+02 5.744e+02 138 0 3 5.947e+02 6.233e+02 266 0 2 6.664e+02 6.776e+02 104 0 1 5.171e+02 5.329e+02 146 0 1 6.403e+02 6.617e+02 199 0 2 6.603e+02 6.837e+02 216 0 4 6.611e+02 6.829e+02 203 0 4 6.541e+02 6.899e+02 333 1 1 6.088e+02 6.092e+02 4 2 4 1.629e+02 1.731e+02 94 2 3 5.938e+01 6.662e+01 67 2 2 7.796e+01 9.004e+01 112 2 1 1.847e+02 1.933e+02 80 2 3 1.294e+01 2.906e+01 150 2 4 7.545e+01 9.255e+01 159 2 3 1.863e+02 1.917e+02 50 2 3 4.929e+01 7.671e+01 255 2 2 1.927e+02 2.273e+02 321 2 4 2.618e+01 5.782e+01 294
36560 18 0 4 6.688e+02 6.752e+02 59 0 2 4.960e+02 5.120e+02 148 2 3 3.955e+02 4.025e+02 65 2 2 1.231e+02 1.289e+02 54 2 4 1.240e+02 1.280e+02 38 2 1 3.906e+02 4.074e+02 156 2 2 4.059e+02 4.341e+02 261 2 1 1.298e+02 1.642e+02 320 2 3 1.296e+02 1.644e+02 324 2 4 4.017e+02 4.383e+02 340 3 1 2.719e+02 2.741e+02 20 3 3 9.784e+01 1.122e+02 133 3 1 9.703e+01 1.130e+02 148 3 3 2.672e+02 2.788e+02 108 3 2 1.135e+02 1.385e+02 231 3 2 2.354e+02 2.686e+02 309 3 4 1.124e+02 1.396e+02 253 3 4 2.399e+02 2.641e+02 226
36562 13 0 1 5.517e+02 5.823e+02 284 1 1 6.073e+02 6.107e+02 31 1 2 6.255e+02 6.345e+02 83 1 4 6.209e+02 6.391e+02 169 1 3 5.953e+02 6.227e+02 254 2 3 4.823e+02 4.837e+02 14 2 2 4.918e+02 5.162e+02 226 2 1 2.149e+02 2.471e+02 299 2 4 4.514e+02 4.726e+02 197 2 1 4.698e+02 4.962e+02 245 3 2 6.704e+02 6.736e+02 29 3 1 6.356e+02 6.664e+02 286 3 4 6.547e+02 6.893e+02 320
36563 5 0 2 6.156e+02 6.444e+02 267 0 3 6.381e+02 6.639e+02 239 0 4 1.888e+02 2.312e+02 393 0 4 6.516e+02 6.924e+02 380 2 1 4.309e+02 4.511e+02 187
36569 5 2 1 1.631e+01 2.569e+01 87 2 4 3.906e+01 4.494e+01 55 2 1 9.309e+00 3.269e+01 217 2 3 1.362e+01 2.838e+01 137 2 3 2.847e+00 3.915e+01 337
36570 9 0 1 6.069e+02 6.111e+02 39 0 2 6.665e+02 6.775e+02 102 0 1 3.003e+02 3.297e+02 273 0 2 6.266e+02 6.334e+02 64 0 4 6.667e+02 6.773e+02 98 0 4 6.254e+02 6.346e+02 86 0 4 5.786e+02 5.974e+02 174 0 2 6.175e+02 6.425e+02 232 1 2 6.300e+02 6.300e+02 -4
36576 3 0 4 4.903e+02 5.177e+02 255 1 4 5.397e+02 5.523e+02 117 2 4 4.200e+01 4.200e+01 -10
36578 16 0 1 4.394e+02 4.426e+02 30 0 4 4.575e+02 4.665e+02 83 0 3 6.441e+02 6.579e+02 128 0 4 6.068e+02 6.532e+02 430 0 2 6.641e+02 6.799e+02 147 0 4 6.648e+02 6.792e+02 133 0 1 6.386e+02 6.634e+02 230 0 4 6.517e+02 6.923e+02 376 0 2 6.504e+02 6.936e+02 401 2 3 6.154e+01 6.446e+01 27 2 2 7.962e+01 8.838e+01 81 2 4 2.062e+02 2.138e+02 70 2 1 1.720e+01 2.480e+01 70 2 3 1.367e+02 1.573e+02 192 2 4 2.519e+01 5.881e+01 312 2 4 1.101e+02 1.419e+02 295
36580 0
36582 0
36585 0
36593 7 0 3 4.797e+02 4.863e+02 60 0 1 4.736e+02 4.924e+02 175 0 4 4.940e+02 5.140e+02 186 0 2 4.438e+02 4.802e+02 338 2 4 3.439e+01 4.961e+01 141 2 3 2.036e+00 3.996e+01 352 3 1 2.209e+02 2.411e+02 187
36595 6 2 3 3.135e+02 3.165e+02 27 2 1 3.103e+02 3.197e+02 88 2 2 3.217e+02 3.503e+02 266 3 3 1.840e+02 1.940e+02 92 3 2 1.978e+02 2.222e+02 227 3 4 1.932e+02 2.268e+02 312
36596 1 0 4 6.291e+02 6.309e+02 16
36597 1 1 3 7.886e+01 1.311e+02 486
36599 2 0 2 4.590e+02 4.650e+02 56 0 1 4.293e+02 4.527e+02 217
36604 5 0 4 2.857e+02 3.023e+02 155 0 4 2.323e+02 2.717e+02 366 0 4 2.725e+02 3.155e+02 400 1 1 2.999e+02 3.301e+02 280 2 4 1.648e+02 1.712e+02 60
36607 8 2 2 8.400e+01 8.400e+01 -20 2 4 2.940e+02 2.940e+02 -4 2 4 1.260e+02 1.260e+02 -16 2 3 2.664e+02 2.796e+02 122 2 1 1.699e+02 2.081e+02 354 2 3 -6.529e-01 4.265e+01 402 2 4 1.424e+02 1.936e+02 476 2 3 1.647e+02 2.133e+02 450
