12834 8 2 1 3.104e+02 3.196e+02 86 2 2 3.751e+02 3.809e+02 53 2 4 2.859e+02 3.021e+02 151 2 1 3.817e+02 4.163e+02 321 2 3 3.488e+02 3.652e+02 153 2 3 2.976e+02 3.324e+02 323 2 4 3.599e+02 3.961e+02 336 2 2 2.798e+02 3.082e+02 265
12837 7 0 3 4.396e+02 4.424e+02 26 0 1 4.357e+02 4.463e+02 99 0 4 4.466e+02 4.774e+02 286 2 3 2.290e+02 2.330e+02 38 2 3 1.862e+02 1.918e+02 52 2 3 2.157e+02 2.463e+02 284 2 3 2.547e+02 2.913e+02 340
12838 10 0 3 6.510e+02 6.510e+02 -8 0 1 6.483e+02 6.537e+02 50 0 4 6.116e+02 6.484e+02 342 0 2 6.538e+02 6.902e+02 337 2 4 4.604e+02 4.636e+02 29 2 4 6.197e+02 6.403e+02 191 2 3 1.379e+01 2.821e+01 134 2 3 6.477e+02 6.543e+02 60 2 2 6.700e+02 6.740e+02 36 2 3 4.653e+02 5.007e+02 328
12842 1 1 3 3.385e+02 3.755e+02 343
12843 0
12844 5 1 1 3.083e+02 3.217e+02 124 2 2 2.929e+02 2.951e+02 20 2 4 2.905e+02 2.975e+02 65 2 1 3.036e+02 3.264e+02 211 2 3 2.563e+02 2.897e+02 310
12845 7 0 1 2.666e+02 2.794e+02 119 2 1 1.976e+01 2.224e+01 23 2 1 1.863e+02 1.917e+02 50 2 3 1.981e+01 2.219e+01 22 2 3 3.469e+02 3.671e+02 187 2 2 4.125e+01 4.275e+01 14 2 1 4.467e+01 8.133e+01 340
12846 7 0 1 4.341e+02 4.479e+02 129 0 3 4.744e+02 4.916e+02 159 0 3 2.146e+02 2.474e+02 306 1 1 5.250e+02 5.250e+02 -20 1 4 6.292e+02 6.308e+02 16 1 4 6.213e+02 6.387e+02 162 1 1 5.077e+02 5.423e+02 322
12849 5 0 3 6.030e+02 6.150e+02 110 0 3 5.539e+02 5.801e+02 243 1 2 5.880e+02 5.880e+02 0 1 4 5.438e+02 5.482e+02 40 3 4 7.060e+01 9.740e+01 249
12850 1 3 1 5.067e+02 5.433e+02 340
12851 7 0 3 6.004e+02 6.176e+02 159 1 3 6.070e+02 6.110e+02 38 1 3 5.926e+02 6.254e+02 305 2 3 1.050e+02 1.050e+02 -4 2 2 8.388e+01 8.412e+01 2 2 4 6.603e+02 6.837e+02 217 2 3 9.362e+01 1.164e+02 211
12853 8 0 4 2.436e+02 2.604e+02 156 0 4 6.552e+02 6.888e+02 311 1 4 6.297e+02 6.303e+02 6 1 4 6.122e+02 6.478e+02 330 2 2 8.195e+01 8.605e+01 38 2 4 7.890e+01 8.910e+01 95 2 3 5.050e+01 7.550e+01 232 2 3 4.289e+02 4.531e+02 226
12854 0
12857 4 2 3 5.808e+01 6.792e+01 91 2 1 5.229e+01 7.371e+01 199 2 2 7.154e+01 9.646e+01 231 2 4 6.643e+01 1.016e+02 326
12858 28 0 1 4.825e+02 4.835e+02 9 0 4 3.732e+02 3.828e+02 90 0 3 4.797e+02 4.863e+02 62 0 2 6.654e+02 6.786e+02 123 0 4 4.448e+02 4.792e+02 319 0 4 6.659e+02 6.781e+02 113 0 2 4.450e+02 4.790e+02 316 0 1 6.361e+02 6.659e+02 276 0 3 6.376e+02 6.644e+02 250 2 3 6.194e+01 6.406e+01 20 2 4 1.260e+02 1.260e+02 -2 2 3 1.411e+02 1.529e+02 110 2 1 2.057e+01 2.143e+01 8 2 4 8.222e+01 8.578e+01 33 2 4 1.612e+02 1.748e+02 126 2 4 1.952e+02 2.248e+02 275 2 3 1.756e+01 2.444e+01 64 2 3 9.986e+01 1.101e+02 96 2 3 1.832e+02 1.948e+02 108 2 3 2.136e+02 2.484e+02 324 2 1 5.813e+01 6.787e+01 90 2 2 1.115e+02 1.405e+02 270 2 3 1.722e+02 2.058e+02 312 2 2 3.349e+01 5.051e+01 158 2 2 6.571e+01 1.023e+02 340 2 4 2.905e+01 5.495e+01 240 2 4 6.728e+01 1.007e+02 310 2 3 2.352e+00 3.965e+01 346
12860 3 2 1 4.186e+02 4.634e+02 416 2 3 4.189e+02 4.631e+02 410 2 1 3.734e+02 4.246e+02 475
12864 39 0 1 6.510e+02 6.510e+02 -7 0 4 4.598e+02 4.642e+02 40 0 1 5.619e+02 5.721e+02 95 0 2 6.720e+02 6.720e+02 -1 0 1 4.377e+02 4.443e+02 62 0 3 6.034e+02 6.146e+02 105 0 4 6.712e+02 6.728e+02 16 0 2 4.507e+02 4.733e+02 210 0 4 5.819e+02 5.941e+02 114 0 3 6.442e+02 6.578e+02 126 0 3 4.225e+02 4.595e+02 344 0 2 6.218e+02 6.382e+02 153 0 2 6.537e+02 6.903e+02 340 0 4 5.695e+02 6.065e+02 344 0 4 6.574e+02 6.866e+02 270 0 1 5.943e+02 6.237e+02 272 1 4 5.856e+02 5.904e+02 45 1 2 5.750e+02 6.010e+02 242 2 3 2.100e+01 2.100e+01 -11 2 4 8.400e+01 8.400e+01 -7 2 2 2.487e+02 2.553e+02 60 2 4 5.007e+02 5.073e+02 60 2 1 3.134e+02 3.166e+02 29 2 2 3.497e+01 4.903e+01 130 2 2 8.155e+01 8.645e+01 46 2 3 2.211e+02 2.409e+02 184 2 2 2.846e+02 3.034e+02 176 2 4 3.179e+01 5.221e+01 190 2 4 7.253e+01 9.547e+01 213 2 2 2.425e+02 2.615e+02 177 2 4 2.869e+02 3.011e+02 132 2 3 5.010e+01 7.590e+01 240 2 3 9.250e+01 1.175e+02 232 2 4 2.382e+02 2.658e+02 256 2 1 2.592e+02 2.868e+02 257 2 1 1.110e+01 3.090e+01 184 2 3 2.968e+02 3.332e+02 337 2 3 5.987e+00 3.601e+01 279 2 2 2.452e+01 5.948e+01 325
12865 0
12868 2 0 2 6.705e+02 6.735e+02 27 0 3 6.334e+02 6.686e+02 327
12870 5 2 1 3.971e+02 4.009e+02 35 2 4 4.169e+02 4.231e+02 58 2 2 3.660e+02 3.900e+02 223 2 4 3.678e+02 3.882e+02 190 2 3 3.369e+02 3.771e+02 373
12871 1 1 4 6.178e+02 6.422e+02 227
12872 3 0 3 6.469e+02 6.551e+02 76 0 4 6.529e+02 6.911e+02 354 0 2 6.499e+02 6.941e+02 410
12873 9 0 4 5.880e+02 5.880e+02 -2 0 3 5.511e+02 5.829e+02 296 0 4 6.486e+02 6.954e+02 434 0 3 5.422e+02 5.918e+02 461 1 4 5.659e+02 6.101e+02 411 2 1 8.992e+00 3.301e+01 223 2 3 3.345e+02 3.795e+02 418 2 3 3.744e+01 8.856e+01 475 2 2 3.528e+02 4.032e+02 467
12874 1 2 4 1.237e+02 1.283e+02 42
12877 64 0 4 6.300e+02 6.300e+02 -6 0 1 6.510e+02 6.510e+02 -1 0 4 2.435e+02 2.605e+02 157 0 1 3.986e+02 3.994e+02 7 0 3 5.570e+01 7.030e+01 136 0 2 4.620e+02 4.620e+02 -10 0 2 2.074e+02 2.126e+02 49 0 3 5.659e+02 5.681e+02 20 0 3 2.662e+02 2.798e+02 126 0 4 5.860e+02 5.900e+02 37 0 4 2.887e+01 5.513e+01 244 0 3 6.510e+02 6.510e+02 -7 0 2 2.421e+02 2.619e+02 183 0 3 3.977e+02 4.003e+02 24 0 1 2.602e+02 2.858e+02 238 0 1 4.803e+02 4.857e+02 50 0 4 2.346e+02 2.694e+02 324 0 1 5.230e+02 5.270e+02 37 0 3 2.543e+02 2.917e+02 347 0 2 6.288e+02 6.312e+02 23 0 2 6.720e+02 6.720e+02 -6 0 1 4.253e+02 4.567e+02 291 0 4 5.007e+02 5.073e+02 60 0 1 5.670e+02 5.670e+02 -0 0 1 6.016e+02 6.164e+02 137 0 4 6.718e+02 6.722e+02 4 0 4 4.053e+02 4.347e+02 274 0 4 4.566e+02 4.674e+02 100 0 3 5.190e+02 5.310e+02 112 0 3 6.004e+02 6.176e+02 160 0 3 4.735e+02 4.925e+02 176 0 2 5.327e+02 5.593e+02 247 0 2 4.940e+02 5.140e+02 186 1 4 5.441e+02 5.479e+02 36 1 3 3.150e+02 3.150e+02 -19 1 1 6.078e+02 6.102e+02 22 1 3 5.234e+02 5.266e+02 30 1 2 5.868e+02 5.892e+02 22 1 3 6.090e+02 6.090e+02 -10 1 4 4.968e+02 5.112e+02 134 1 4 5.759e+02 6.001e+02 225 1 2 6.300e+02 6.300e+02 -14 1 3 5.035e+02 5.465e+02 400 1 1 5.508e+02 5.832e+02 301 1 4 6.276e+02 6.324e+02 45 1 3 5.931e+02 6.249e+02 296 2 4 8.393e+01 8.407e+01 1 2 2 4.180e+02 4.220e+02 38 2 2 3.748e+02 3.812e+02 60 2 1 3.990e+02 3.990e+02 0 2 2 8.043e+01 8.757e+01 66 2 3 1.854e+02 1.926e+02 66 2 3 3.971e+02 4.009e+02 35 2 4 3.672e+02 3.888e+02 200 2 4 6.577e+02 6.863e+02 265 2 3 8.671e+01 1.233e+02 340 2 1 3.882e+02 4.098e+02 200 2 3 1.310e+02 1.630e+02 298 2 1 4.248e+02 4.572e+02 301 2 3 3.412e+02 3.728e+02 294 2 3 4.215e+01 8.385e+01 387 2 2 1.539e+02 1.821e+02 262 2 2 1.918e+02 2.282e+02 337 2 4 1.543e+02 1.817e+02 254
12878 0
12879 5 1 1 5.492e+02 5.848e+02 330 2 2 3.267e+02 3.453e+02 173 2 1 3.012e+02 3.288e+02 256 2 1 1.124e+01 3.076e+01 181 2 3 6.310e+02 6.710e+02 371
12880 8 0 1 6.510e+02 6.510e+02 -10 0 2 6.720e+02 6.720e+02 0 0 4 6.712e+02 6.728e+02 15 0 3 6.305e+02 6.715e+02 380 1 4 6.186e+02 6.414e+02 211 1 1 2.164e+02 2.456e+02 271 1 4 1.861e+02 2.339e+02 444 1 3 2.162e+02 2.458e+02 276
