4503 3 0 2 6.571e+02 6.869e+02 276 0 4 6.552e+02 6.888e+02 311 2 2 2.916e+02 2.964e+02 46
4506 29 0 3 6.088e+02 6.092e+02 3 0 2 3.335e+02 3.385e+02 47 0 2 4.614e+02 4.626e+02 10 0 1 6.057e+02 6.123e+02 61 0 4 3.309e+02 3.411e+02 94 0 3 4.354e+02 4.466e+02 105 0 1 3.512e+02 3.628e+02 108 0 4 4.583e+02 4.657e+02 68 0 4 6.127e+02 6.473e+02 322 0 2 6.559e+02 6.881e+02 299 0 3 3.809e+02 4.171e+02 336 0 4 6.538e+02 6.902e+02 337 1 3 3.968e+02 4.012e+02 40 2 1 2.043e+01 2.157e+01 10 2 2 8.263e+01 8.537e+01 26 2 2 6.695e+02 6.745e+02 46 2 2 1.669e+02 1.691e+02 21 2 3 6.416e+02 6.604e+02 174 2 3 1.653e+01 2.547e+01 83 2 4 6.107e+02 6.493e+02 358 2 4 1.215e+02 1.305e+02 84 2 4 1.635e+02 1.725e+02 84 2 3 4.687e+01 7.913e+01 300 2 4 7.630e+01 9.170e+01 143 2 1 1.304e+02 1.636e+02 308 2 1 7.468e+00 3.453e+01 251 2 3 1.280e+02 1.660e+02 352 2 1 4.354e+01 8.246e+01 361 2 1 1.077e-01 4.189e+01 388
4507 66 0 1 6.499e+02 6.521e+02 20 0 4 4.611e+02 4.629e+02 17 0 1 5.575e+02 5.765e+02 177 0 3 6.459e+02 6.561e+02 95 0 1 4.751e+02 4.909e+02 147 0 1 5.150e+02 5.350e+02 186 0 4 5.838e+02 5.922e+02 78 0 2 6.696e+02 6.744e+02 45 0 2 4.924e+02 5.156e+02 216 0 3 5.172e+02 5.328e+02 145 0 1 6.079e+02 6.101e+02 20 0 4 6.705e+02 6.735e+02 27 0 4 4.865e+02 5.215e+02 325 0 3 5.525e+02 5.815e+02 270 0 3 6.068e+02 6.112e+02 40 0 1 6.351e+02 6.669e+02 295 0 4 6.250e+02 6.350e+02 92 0 3 6.320e+02 6.700e+02 352 0 1 5.961e+02 6.219e+02 239 0 4 6.522e+02 6.918e+02 367 0 4 6.131e+02 6.469e+02 315 0 2 6.105e+02 6.495e+02 361 1 4 5.856e+02 5.904e+02 45 1 1 6.090e+02 6.090e+02 -2 1 4 5.003e+02 5.077e+02 68 1 2 5.426e+02 5.494e+02 63 1 3 6.062e+02 6.118e+02 51 1 3 5.151e+02 5.349e+02 183 1 4 5.428e+02 5.492e+02 60 1 2 6.289e+02 6.311e+02 20 1 2 5.834e+02 5.926e+02 85 1 4 6.256e+02 6.344e+02 82 1 3 5.561e+02 5.779e+02 203 1 2 5.699e+02 6.061e+02 336 1 2 5.247e+02 5.673e+02 395 1 1 5.498e+02 5.842e+02 320 2 1 1.981e+01 2.219e+01 22 2 3 3.964e+02 4.016e+02 49 2 4 8.276e+01 8.524e+01 23 2 1 5.233e+02 5.267e+02 31 2 3 1.444e+02 1.496e+02 48 2 2 4.189e+02 4.211e+02 20 2 4 2.926e+02 2.954e+02 26 2 3 5.218e+02 5.282e+02 59 2 4 3.689e+02 3.871e+02 169 2 4 4.189e+02 4.211e+02 20 2 3 1.747e+01 2.453e+01 66 2 4 4.884e+02 5.196e+02 290 2 2 7.720e+01 9.080e+01 126 2 3 5.640e+02 5.700e+02 56 2 4 1.644e+02 1.716e+02 66 2 1 4.361e+02 4.459e+02 91 2 4 3.276e+02 3.444e+02 156 2 2 4.867e+02 5.213e+02 321 2 4 3.825e+01 4.575e+01 70 2 3 8.927e+01 1.207e+02 292 2 2 1.550e+02 1.810e+02 242 2 3 3.441e+02 3.699e+02 240 2 1 5.777e+01 6.823e+01 97 2 2 1.072e+02 1.448e+02 349 2 3 1.747e+02 2.033e+02 266 2 4 3.222e+02 3.498e+02 257 2 3 5.422e+01 7.178e+01 163 2 4 1.055e+02 1.465e+02 380 2 1 2.036e+00 3.996e+01 352 2 2 6.409e+01 1.039e+02 370
4508 41 1 2 3.587e+02 3.973e+02 359 2 1 5.659e+02 5.681e+02 20 2 1 6.300e+01 6.300e+01 -1 2 3 4.410e+02 4.410e+02 -14 2 2 1.243e+02 1.277e+02 32 2 4 5.011e+02 5.069e+02 55 2 1 1.432e+02 1.508e+02 71 2 3 5.641e+02 5.699e+02 54 2 4 3.691e+02 3.869e+02 166 2 2 5.880e+02 5.880e+02 -14 2 3 1.859e+01 2.341e+01 45 2 4 1.260e+02 1.260e+02 -24 2 3 3.981e+02 3.999e+02 16 2 2 1.680e+02 1.680e+02 -3 2 3 3.405e+02 3.735e+02 307 2 4 5.350e+02 5.570e+02 204 2 3 5.682e+01 6.918e+01 115 2 4 6.236e+02 6.364e+02 118 2 2 7.949e+01 8.851e+01 84 2 3 6.444e+02 6.576e+02 123 2 1 1.830e+02 1.950e+02 112 2 4 4.100e+02 4.300e+02 186 2 1 1.554e+01 2.646e+01 101 2 1 4.783e+02 4.877e+02 88 2 3 1.037e+02 1.063e+02 25 2 3 1.734e+02 2.046e+02 289 2 3 3.821e+02 4.159e+02 313 2 2 3.183e+01 5.217e+01 189 2 2 5.016e+02 5.064e+02 44 2 4 7.693e+01 9.107e+01 131 2 1 4.696e+02 4.964e+02 249 2 1 1.312e+02 1.628e+02 293 2 3 4.697e+02 4.963e+02 247 2 4 2.578e+01 5.822e+01 301 2 2 1.089e+02 1.431e+02 317 2 1 4.632e+01 7.968e+01 310 2 4 1.108e+02 1.412e+02 282 2 1 4.459e+00 3.754e+01 307 2 4 6.742e+01 1.006e+02 308 3 1 6.199e+01 6.401e+01 19 3 1 4.484e+01 8.116e+01 337
4510 14 0 4 4.531e+02 4.709e+02 165 2 4 1.666e+02 1.694e+02 26 2 2 6.717e+02 6.723e+02 6 2 1 2.299e+02 2.321e+02 21 2 2 3.777e+02 3.783e+02 5 2 3 1.872e+02 1.908e+02 33 2 2 2.094e+02 2.106e+02 10 2 4 3.334e+02 3.386e+02 49 2 3 1.458e+02 1.482e+02 22 2 2 1.962e+02 2.238e+02 256 2 3 3.531e+02 3.609e+02 73 2 3 1.708e+02 2.072e+02 337 2 1 2.145e+02 2.475e+02 307 2 2 1.501e+02 1.859e+02 332
4514 1 0 2 6.177e+02 6.423e+02 228
4516 0
4519 0
4520 0
4521 0
4522 3 2 2 2.524e+01 5.876e+01 311 3 2 1.248e+02 1.272e+02 22 3 2 1.125e+02 1.395e+02 250
4523 12 2 4 3.766e+02 3.794e+02 26 2 3 5.605e+02 5.735e+02 121 2 4 5.777e+02 5.983e+02 191 3 3 4.808e+02 4.852e+02 41 3 2 4.497e+02 4.743e+02 228 3 2 4.973e+02 5.107e+02 125 3 4 4.544e+02 4.696e+02 140 3 1 4.712e+02 4.948e+02 219 3 4 5.275e+02 5.645e+02 344 3 4 4.449e+02 4.791e+02 318 3 3 4.701e+02 4.959e+02 240 3 1 5.063e+02 5.437e+02 347
4526 0
4528 1 0 4 6.179e+02 6.421e+02 226
4529 14 0 2 6.294e+02 6.306e+02 10 0 1 6.470e+02 6.550e+02 74 0 4 6.296e+02 6.304e+02 7 0 3 6.477e+02 6.543e+02 60 0 1 6.075e+02 6.105e+02 28 0 2 6.700e+02 6.740e+02 37 0 4 4.867e+02 5.213e+02 322 0 3 6.030e+02 6.150e+02 111 0 4 6.677e+02 6.763e+02 80 0 4 6.191e+02 6.409e+02 203 0 4 6.607e+02 6.833e+02 210 0 1 5.958e+02 6.222e+02 246 0 2 6.127e+02 6.473e+02 320 0 4 6.100e+02 6.500e+02 370
4531 2 0 3 2.100e+01 2.100e+01 -16 0 3 3.473e+00 3.853e+01 326
4536 12 1 1 6.068e+02 6.112e+02 40 1 2 6.166e+02 6.434e+02 248 2 3 1.034e+02 1.066e+02 29 2 1 2.052e+01 2.148e+01 9 2 4 4.596e+02 4.644e+02 44 2 4 8.016e+01 8.784e+01 71 2 4 1.647e+02 1.713e+02 62 2 2 2.876e+02 3.004e+02 119 2 3 7.151e+00 3.485e+01 257 2 3 1.814e+02 1.966e+02 141 2 3 2.621e+02 2.839e+02 202 2 4 2.811e+02 3.069e+02 240
4537 3 0 1 6.507e+02 6.513e+02 5 0 3 6.475e+02 6.545e+02 65 0 4 6.668e+02 6.772e+02 96
4540 0
4542 6 0 1 6.501e+02 6.519e+02 17 0 4 6.663e+02 6.777e+02 106 2 4 4.537e+02 4.703e+02 154 2 3 4.708e+02 4.952e+02 226 2 2 4.524e+02 4.716e+02 178 2 1 4.638e+02 5.022e+02 357
4544 10 0 3 4.821e+02 4.839e+02 17 0 4 4.536e+02 4.704e+02 156 0 2 6.655e+02 6.785e+02 121 0 2 4.974e+02 5.106e+02 122 0 1 5.097e+02 5.403e+02 284 0 4 6.667e+02 6.773e+02 99 0 4 4.908e+02 5.172e+02 245 0 3 5.143e+02 5.357e+02 199 0 1 6.377e+02 6.643e+02 247 0 3 6.368e+02 6.652e+02 263
4545 3 1 1 2.672e+02 2.788e+02 107 1 3 2.215e+02 2.405e+02 177 1 2 2.357e+02 2.683e+02 302
4547 8 1 4 6.300e+02 6.300e+02 -16 2 2 4.009e+01 4.391e+01 36 2 4 4.609e+02 4.631e+02 20 2 3 1.083e+01 3.117e+01 189 2 3 4.830e+02 4.830e+02 -4 2 4 2.431e+02 2.609e+02 165 2 3 4.732e+02 4.928e+02 182 2 4 3.143e+01 5.257e+01 196
4548 0
4549 1 2 3 5.588e+02 5.752e+02 153
