28592 13 0 1 6.494e+02 6.526e+02 30 0 4 5.880e+02 5.880e+02 -14 0 2 6.715e+02 6.725e+02 9 0 3 4.388e+02 4.432e+02 41 0 2 6.300e+02 6.300e+02 -1 0 4 6.665e+02 6.775e+02 102 0 4 4.455e+02 4.785e+02 307 0 4 6.251e+02 6.349e+02 90 0 1 5.977e+02 6.203e+02 210 2 3 1.523e+01 2.677e+01 107 2 3 1.850e+02 1.930e+02 75 2 3 1.436e+02 1.504e+02 64 2 1 2.531e+00 3.947e+01 343
28594 13 0 2 6.605e+02 6.835e+02 214 0 4 6.565e+02 6.875e+02 287 2 3 2.725e+02 2.735e+02 9 2 3 5.678e+01 6.922e+01 116 2 2 7.756e+01 9.044e+01 120 2 4 2.412e+02 2.628e+02 201 2 2 2.915e+02 2.965e+02 47 2 1 9.146e+01 1.185e+02 251 2 1 3.129e+02 3.171e+02 39 2 4 2.277e+01 6.123e+01 357 2 3 3.149e+02 3.151e+02 2 2 1 2.975e+02 3.325e+02 325 2 1 2.552e+02 2.908e+02 331
28595 17 0 1 6.510e+02 6.510e+02 -14 0 2 5.030e+02 5.050e+02 19 0 2 6.717e+02 6.723e+02 6 0 4 3.157e+02 3.563e+02 376 0 4 4.608e+02 4.632e+02 23 0 1 2.948e+02 3.352e+02 376 0 1 5.495e+02 5.845e+02 325 0 2 3.126e+02 3.594e+02 434 0 4 6.136e+02 6.464e+02 305 0 4 1.747e+01 6.653e+01 456 0 4 6.687e+02 6.753e+02 62 0 1 4.690e+02 4.970e+02 260 0 4 5.729e+02 6.031e+02 280 0 3 6.332e+02 6.688e+02 330 0 1 5.922e+02 6.258e+02 312 0 2 6.045e+02 6.555e+02 473 0 3 5.830e+02 6.350e+02 482
28597 4 2 4 3.789e+01 4.611e+01 76 2 2 3.529e+01 4.871e+01 125 2 1 5.198e+01 7.402e+01 205 2 3 4.875e+01 7.725e+01 265
28598 3 1 3 5.667e+02 5.673e+02 6 2 3 2.310e+02 2.310e+02 -20 2 2 2.654e+01 5.746e+01 287
28599 0
28600 5 2 1 3.731e+02 4.249e+02 480 2 3 3.735e+02 4.245e+02 473 3 1 3.806e+02 4.174e+02 342 3 3 3.813e+02 4.167e+02 328 3 2 3.526e+02 4.034e+02 472
28601 16 0 1 5.246e+02 5.254e+02 7 0 4 6.673e+02 6.767e+02 88 0 3 5.185e+02 5.315e+02 121 0 2 6.683e+02 6.757e+02 69 0 2 5.289e+02 5.631e+02 317 2 3 1.050e+02 1.050e+02 -1 2 2 2.501e+02 2.539e+02 36 2 4 2.936e+02 2.944e+02 8 2 4 2.455e+02 2.585e+02 120 2 2 1.186e+02 1.334e+02 138 2 3 1.376e+02 1.564e+02 174 2 3 2.642e+02 2.818e+02 164 2 4 1.140e+02 1.380e+02 222 2 1 1.326e+02 1.614e+02 268 2 3 2.964e+02 3.336e+02 346 3 3 8.846e+01 1.215e+02 307
28602 0
28604 0
28605 0
28606 7 0 1 2.726e+02 2.734e+02 7 0 3 2.676e+02 2.784e+02 100 0 3 5.082e+02 5.418e+02 311 0 2 2.753e+02 3.127e+02 347 0 2 6.491e+02 6.949e+02 425 1 2 6.206e+02 6.394e+02 174 1 2 6.101e+02 6.499e+02 369
28608 1 2 4 2.930e+02 2.950e+02 18
28611 0
28612 1 3 1 5.005e+01 7.595e+01 240
28613 4 0 2 3.538e+02 4.022e+02 449 0 1 3.761e+02 4.219e+02 425 2 4 1.244e+02 1.276e+02 29 2 3 1.293e+02 1.647e+02 330
28614 1 2 2 4.782e+02 5.298e+02 479
28615 6 0 4 6.270e+02 6.330e+02 56 0 3 6.363e+02 6.657e+02 272 1 2 5.800e+02 5.960e+02 149 2 4 7.765e+01 9.035e+01 118 2 3 9.793e+01 1.121e+02 131 2 2 1.069e+02 1.451e+02 355
28616 9 0 2 4.555e+02 4.685e+02 120 0 4 6.277e+02 6.323e+02 43 0 3 6.508e+02 6.512e+02 4 0 1 5.869e+02 6.311e+02 411 0 2 6.699e+02 6.741e+02 39 0 1 6.252e+02 6.768e+02 479 1 2 6.256e+02 6.344e+02 81 1 4 6.239e+02 6.361e+02 113 2 3 5.826e+01 6.774e+01 88
28617 4 0 2 5.451e+02 5.469e+02 17 0 1 3.838e+02 4.142e+02 282 0 4 4.037e+02 4.363e+02 303 2 3 1.693e+01 2.507e+01 76
28618 1 0 1 4.192e+02 4.628e+02 406
28619 9 0 1 3.537e+02 3.603e+02 60 0 4 4.138e+02 4.262e+02 115 0 1 6.332e+02 6.688e+02 330 0 1 3.414e+02 3.726e+02 290 0 3 3.825e+02 4.155e+02 307 2 3 2.304e+02 2.316e+02 10 2 2 2.413e+02 2.627e+02 198 2 4 2.003e+02 2.197e+02 180 2 1 2.199e+02 2.421e+02 206
28621 13 0 3 4.790e+02 4.870e+02 75 0 3 5.192e+02 5.308e+02 107 0 4 4.934e+02 5.146e+02 197 0 3 6.054e+02 6.126e+02 66 2 4 4.987e+02 5.093e+02 98 2 3 5.162e+01 7.438e+01 211 2 2 7.518e+01 9.282e+01 164 2 3 5.110e+02 5.390e+02 260 2 1 4.309e+01 8.291e+01 370 2 2 5.300e+02 5.620e+02 296 2 4 7.401e+01 9.399e+01 186 2 3 2.891e+00 3.911e+01 336 2 1 5.481e+02 5.859e+02 350
28623 23 0 2 5.407e+02 5.513e+02 98 0 2 6.697e+02 6.743e+02 43 0 3 4.342e+02 4.478e+02 126 0 1 6.025e+02 6.155e+02 121 0 4 6.707e+02 6.733e+02 24 0 1 4.319e+02 4.501e+02 169 0 3 5.537e+02 5.803e+02 246 0 3 5.995e+02 6.185e+02 177 0 4 6.602e+02 6.838e+02 219 0 4 4.024e+02 4.376e+02 327 0 1 5.494e+02 5.846e+02 326 0 2 6.170e+02 6.430e+02 241 0 1 6.379e+02 6.641e+02 244 0 4 6.192e+02 6.408e+02 200 0 3 6.359e+02 6.661e+02 280 2 4 8.308e+01 8.492e+01 17 2 4 2.891e+02 2.989e+02 90 2 4 1.211e+02 1.309e+02 90 2 1 3.134e+02 3.166e+02 30 2 4 3.569e+01 4.831e+01 117 2 3 1.337e+02 1.603e+02 246 2 2 2.834e+02 3.046e+02 196 2 3 2.963e+02 3.337e+02 348
28625 11 1 4 6.153e+02 6.447e+02 274 1 4 4.943e+02 5.137e+02 180 1 3 5.904e+02 6.276e+02 346 1 1 4.704e+02 4.956e+02 234 1 4 5.682e+02 6.078e+02 367 1 2 6.103e+02 6.497e+02 366 2 3 4.376e+02 4.444e+02 63 2 3 1.793e+02 1.987e+02 180 2 4 4.097e+02 4.303e+02 192 2 2 4.494e+02 4.746e+02 234 3 4 2.766e+01 5.634e+01 266
28627 12 0 3 6.044e+02 6.136e+02 86 0 2 6.246e+02 6.354e+02 100 0 3 4.593e+02 5.067e+02 440 0 4 6.263e+02 6.337e+02 68 0 4 4.025e+02 4.375e+02 325 0 1 5.949e+02 6.231e+02 261 0 4 6.158e+02 6.442e+02 263 0 3 5.871e+02 6.309e+02 406 2 3 6.235e+01 6.365e+01 12 2 4 3.363e+01 5.037e+01 156 2 2 7.262e+01 9.538e+01 211 2 1 5.180e+01 7.420e+01 208
28629 1 2 2 1.238e+02 1.282e+02 40
28632 9 1 2 2.064e+02 2.136e+02 67 2 3 6.488e+02 6.532e+02 40 3 3 1.456e+02 1.484e+02 26 3 3 4.819e+02 4.841e+02 20 3 3 1.389e+02 1.551e+02 150 3 3 1.767e+02 2.013e+02 229 3 3 4.315e+02 4.505e+02 177 3 4 1.524e+02 1.836e+02 290 3 1 3.358e+02 3.782e+02 393
28633 0
28635 6 0 1 5.551e+02 5.789e+02 220 0 2 6.292e+02 6.308e+02 15 0 4 6.240e+02 6.360e+02 110 0 3 6.367e+02 6.653e+02 266 0 3 5.046e+02 5.454e+02 378 2 2 1.974e+02 2.226e+02 235
28637 12 0 3 6.469e+02 6.551e+02 76 0 1 4.271e+02 4.549e+02 259 0 2 6.148e+02 6.452e+02 281 0 3 4.246e+02 4.574e+02 305 0 4 6.174e+02 6.426e+02 235 0 4 3.985e+02 4.415e+02 400 0 1 5.908e+02 6.272e+02 339 0 3 5.884e+02 6.296e+02 383 1 4 2.937e+02 2.943e+02 6 2 3 2.075e+01 2.125e+01 5 2 2 7.863e+01 8.937e+01 100 2 4 2.667e+01 5.733e+01 285
28640 1 3 3 2.100e+01 2.100e+01 -19
28641 0
28642 18 0 3 4.813e+02 4.847e+02 31 0 1 6.448e+02 6.572e+02 116 0 1 4.760e+02 4.900e+02 130 0 3 2.709e+02 2.751e+02 39 0 4 6.163e+02 6.437e+02 255 0 2 2.914e+02 2.966e+02 49 0 3 6.441e+02 6.579e+02 128 0 3 4.643e+02 5.017e+02 347 0 2 2.820e+02 3.060e+02 223 0 2 6.166e+02 6.434e+02 250 0 4 4.880e+02 5.200e+02 297 1 1 6.084e+02 6.096e+02 10 1 3 6.046e+02 6.134e+02 81 1 2 6.142e+02 6.458e+02 294 2 1 5.212e+02 5.288e+02 70 2 4 5.002e+02 5.078e+02 71 2 3 5.182e+02 5.318e+02 127 2 2 5.259e+02 5.661e+02 373
28644 8 0 3 5.638e+02 5.702e+02 59 0 3 2.500e+02 2.960e+02 428 0 2 6.707e+02 6.733e+02 24 0 3 4.735e+02 4.925e+02 176 0 2 6.140e+02 6.460e+02 297 0 4 6.719e+02 6.721e+02 2 1 2 6.078e+02 6.522e+02 411 1 4 6.078e+02 6.522e+02 412
28645 0
28646 0
28648 2 0 4 1.477e+02 1.883e+02 376 1 3 2.207e+02 2.413e+02 191
