34567 3 0 4 5.880e+02 5.880e+02 -12 0 2 5.415e+02 5.505e+02 83 0 3 1.737e+02 2.043e+02 285
34568 0
34569 8 0 4 6.285e+02 6.315e+02 28 1 1 2.580e+02 2.880e+02 279 2 4 2.071e+02 2.129e+02 55 2 3 3.918e+02 4.062e+02 133 2 4 4.101e+02 4.299e+02 183 3 4 3.274e+02 3.446e+02 159 3 3 3.076e+02 3.224e+02 137 3 2 3.276e+02 3.444e+02 156
34570 2 0 1 5.224e+02 5.276e+02 48 1 4 5.874e+02 5.886e+02 11
34571 25 0 4 6.279e+02 6.321e+02 39 0 4 6.718e+02 6.722e+02 4 0 4 2.426e+02 2.614e+02 175 0 3 5.646e+02 5.694e+02 45 0 2 6.612e+02 6.828e+02 201 0 3 2.135e+02 2.485e+02 325 0 4 6.616e+02 6.824e+02 194 2 1 1.861e+02 1.919e+02 53 2 4 2.076e+02 2.124e+02 45 2 1 5.583e+02 5.757e+02 161 2 3 5.064e+02 5.436e+02 346 2 4 1.612e+02 1.748e+02 126 2 4 2.456e+02 2.584e+02 118 2 2 5.320e+02 5.600e+02 260 2 3 2.681e+02 2.779e+02 90 2 4 5.314e+02 5.606e+02 270 2 1 6.198e+01 6.402e+01 19 2 3 1.753e+02 2.027e+02 254 2 3 5.493e+02 5.847e+02 328 2 4 2.367e+02 2.673e+02 284 2 2 3.515e+01 4.885e+01 127 2 2 1.511e+02 1.849e+02 314 2 2 1.919e+02 2.281e+02 336 2 4 3.345e+01 5.055e+01 159 2 3 2.709e+00 3.929e+01 340
34573 8 0 4 8.312e+01 8.488e+01 16 1 3 1.467e+02 1.473e+02 6 1 1 1.443e+02 1.497e+02 50 1 4 1.638e+02 1.722e+02 77 1 2 1.073e+02 1.447e+02 346 1 4 1.501e+02 1.859e+02 332 2 3 6.293e+01 6.307e+01 1 2 3 4.960e+01 7.640e+01 249
34574 8 0 3 5.600e+02 5.740e+02 130 0 2 5.381e+02 5.539e+02 147 0 1 5.519e+02 5.821e+02 281 0 1 5.102e+02 5.398e+02 276 1 4 6.176e+02 6.424e+02 230 2 3 2.100e+01 2.100e+01 -9 2 1 1.541e+01 2.659e+01 104 2 2 2.551e+01 5.849e+01 306
34576 0
34577 0
34578 2 2 1 1.653e+01 2.547e+01 83 2 1 4.819e+00 3.718e+01 300
34580 1 2 3 1.812e+02 1.968e+02 145
34581 3 1 3 6.248e+01 6.352e+01 10 2 1 1.377e+02 1.563e+02 172 2 2 1.589e+02 1.771e+02 170
34583 0
34586 0
34587 16 0 2 4.607e+02 4.633e+02 24 0 1 6.035e+02 6.145e+02 102 0 1 4.677e+02 4.983e+02 285 0 2 6.179e+02 6.421e+02 224 0 2 6.589e+02 6.851e+02 243 0 4 6.561e+02 6.879e+02 295 1 4 6.284e+02 6.316e+02 30 1 2 5.394e+02 5.526e+02 122 2 4 2.850e+02 3.030e+02 167 2 1 4.778e+02 4.882e+02 96 2 1 1.411e+01 2.789e+01 128 2 1 3.107e+02 3.193e+02 80 2 3 3.098e+02 3.202e+02 96 3 2 4.071e+01 4.329e+01 24 3 1 1.653e+01 2.547e+01 83 3 1 9.800e+00 3.220e+01 208
34591 7 0 2 3.348e+02 3.372e+02 23 0 1 3.129e+02 3.171e+02 40 0 4 3.335e+02 3.385e+02 46 0 3 6.469e+02 6.551e+02 76 0 2 6.648e+02 6.792e+02 134 0 4 6.524e+02 6.916e+02 365 2 4 3.284e+02 3.436e+02 140
34592 31 0 1 3.981e+02 3.999e+02 16 0 4 6.203e+02 6.397e+02 180 0 4 4.124e+02 4.276e+02 140 1 2 5.316e+02 5.604e+02 268 2 1 4.821e+02 4.839e+02 16 2 2 2.929e+02 2.951e+02 20 2 4 7.792e+01 9.008e+01 113 2 4 4.591e+02 4.649e+02 53 2 3 3.043e+02 3.257e+02 199 2 3 5.237e+02 5.263e+02 25 2 1 3.495e+02 3.645e+02 140 2 4 6.663e+02 6.777e+02 106 2 3 5.687e+01 6.913e+01 114 2 3 4.775e+02 4.885e+02 102 2 2 7.442e+01 9.358e+01 178 2 2 5.336e+02 5.584e+02 230 2 4 1.973e+02 2.227e+02 236 2 2 4.993e+02 5.087e+02 87 2 3 2.603e+02 2.857e+02 236 2 1 5.484e+02 5.856e+02 345 2 2 3.670e+02 3.890e+02 204 2 4 4.925e+02 5.155e+02 214 2 3 4.484e+01 8.116e+01 337 2 1 5.055e+02 5.445e+02 362 2 3 8.550e+01 1.245e+02 362 2 4 2.829e+02 3.051e+02 206 2 2 3.212e+02 3.508e+02 276 2 1 3.399e+02 3.741e+02 318 2 3 3.459e+02 3.681e+02 206 2 4 3.597e+02 3.963e+02 340 2 4 3.187e+02 3.533e+02 322
34593 7 0 2 1.254e+02 1.266e+02 10 0 3 3.909e+02 4.071e+02 150 0 1 1.397e+02 1.543e+02 136 0 4 4.131e+02 4.269e+02 128 0 1 4.329e+02 4.491e+02 150 1 1 3.117e+02 3.183e+02 61 1 2 3.261e+02 3.459e+02 184
34594 4 3 4 1.241e+02 1.279e+02 36 3 1 2.263e+02 2.357e+02 87 3 2 2.010e+02 2.190e+02 168 3 3 2.198e+02 2.422e+02 207
34595 10 0 2 6.567e+02 6.873e+02 285 0 3 5.026e+02 5.474e+02 416 0 1 6.353e+02 6.667e+02 292 0 2 4.806e+02 5.274e+02 434 0 3 6.327e+02 6.693e+02 340 1 2 4.965e+02 5.115e+02 139 2 2 2.924e+02 2.956e+02 30 2 1 3.064e+02 3.236e+02 160 2 4 2.851e+02 3.029e+02 165 2 3 2.577e+02 2.883e+02 285
34596 11 0 3 2.726e+02 2.734e+02 7 0 2 6.709e+02 6.731e+02 20 0 1 5.991e+02 6.189e+02 183 0 4 6.699e+02 6.741e+02 40 0 3 6.026e+02 6.154e+02 119 0 4 5.702e+02 6.058e+02 330 1 4 5.679e+02 6.081e+02 374 2 4 1.523e+02 1.837e+02 291 2 4 2.622e+01 5.778e+01 293 2 2 1.464e+02 1.896e+02 401 2 4 3.548e+02 4.012e+02 431
34597 0
34598 11 0 1 4.788e+02 4.872e+02 79 0 4 6.639e+02 6.801e+02 150 0 4 4.946e+02 5.135e+02 176 0 2 4.484e+02 4.756e+02 252 2 1 4.813e+02 4.847e+02 31 2 4 5.460e+02 5.460e+02 -1 2 2 1.260e+02 1.260e+02 -4 2 4 4.981e+02 5.099e+02 110 2 3 4.774e+02 4.886e+02 104 2 3 1.330e+02 1.610e+02 260 2 2 4.968e+02 5.112e+02 135
34599 4 0 1 6.462e+02 6.558e+02 90 0 3 6.457e+02 6.563e+02 99 0 2 6.102e+02 6.498e+02 368 0 4 6.135e+02 6.465e+02 306
34600 7 0 2 5.375e+02 5.545e+02 157 0 4 6.657e+02 6.783e+02 117 1 3 5.639e+02 5.701e+02 58 1 2 5.796e+02 5.964e+02 156 1 2 6.206e+02 6.394e+02 174 1 1 5.502e+02 5.838e+02 312 2 4 4.059e+02 4.341e+02 261
34601 30 0 3 6.062e+02 6.118e+02 51 0 3 6.485e+02 6.535e+02 46 0 3 5.653e+02 5.687e+02 31 0 4 6.257e+02 6.343e+02 80 0 2 3.609e+02 3.951e+02 317 0 2 6.605e+02 6.835e+02 213 0 3 3.819e+02 4.161e+02 317 0 2 5.398e+02 5.522e+02 115 0 4 5.733e+02 6.027e+02 272 0 1 6.342e+02 6.678e+02 311 0 1 5.568e+02 5.772e+02 189 0 1 5.960e+02 6.220e+02 242 0 4 6.575e+02 6.865e+02 270 0 4 3.973e+02 4.427e+02 422 0 2 5.220e+02 5.700e+02 446 0 2 6.078e+02 6.522e+02 413 0 1 6.259e+02 6.761e+02 466 0 3 5.427e+02 5.913e+02 451 2 4 3.767e+02 3.793e+02 24 2 3 3.917e+02 4.063e+02 136 2 2 3.614e+01 4.786e+01 109 2 4 3.660e+02 3.900e+02 223 2 4 3.376e+01 5.024e+01 153 2 4 4.399e+02 4.841e+02 410 2 3 5.943e+00 3.606e+01 280 2 3 1.233e+02 1.707e+02 440 2 1 4.415e+00 3.758e+01 308 2 4 1.035e+02 1.485e+02 417 2 3 1.623e+02 2.157e+02 496 2 4 1.945e+01 6.455e+01 419
34602 5 0 2 6.718e+02 6.722e+02 3 0 4 6.697e+02 6.743e+02 43 0 1 6.328e+02 6.692e+02 337 1 4 6.226e+02 6.374e+02 138 2 4 1.248e+02 1.272e+02 23
34603 2 0 2 5.389e+02 5.531e+02 132 0 3 5.572e+02 5.768e+02 181
34604 30 0 4 2.511e+02 2.529e+02 16 0 3 2.309e+02 2.311e+02 2 0 1 5.590e+02 5.750e+02 149 0 2 1.249e+02 1.271e+02 20 0 4 5.860e+02 5.900e+02 38 0 1 6.434e+02 6.586e+02 140 0 1 1.279e+02 1.661e+02 355 0 1 6.081e+02 6.099e+02 16 0 2 1.949e+02 2.251e+02 280 0 3 6.406e+02 6.614e+02 194 0 1 2.981e+02 3.319e+02 313 0 3 5.518e+02 5.822e+02 282 0 3 6.073e+02 6.107e+02 32 0 2 6.176e+02 6.424e+02 230 0 2 6.094e+02 6.506e+02 382 1 1 5.649e+02 5.691e+02 40 1 3 6.053e+02 6.127e+02 69 1 2 6.162e+02 6.438e+02 256 1 2 4.831e+02 5.249e+02 389 1 2 5.751e+02 6.009e+02 240 1 4 6.184e+02 6.416e+02 215 1 1 5.958e+02 6.222e+02 246 2 2 3.986e+01 4.414e+01 40 2 4 1.677e+02 1.683e+02 6 2 2 4.106e+02 4.294e+02 174 2 3 1.657e+01 2.543e+01 82 2 4 2.867e+02 3.013e+02 135 2 3 5.252e+01 7.348e+01 195 2 4 6.917e+01 9.883e+01 276 2 1 6.209e+00 3.579e+01 275
34605 2 1 2 3.327e+02 3.393e+02 61 3 1 1.636e+00 4.036e+01 360
34606 63 0 4 3.338e+02 3.382e+02 41 0 1 2.297e+02 2.323e+02 24 0 3 3.957e+02 4.023e+02 62 0 1 5.236e+02 5.264e+02 26 0 2 2.454e+02 2.586e+02 122 0 1 6.077e+02 6.103e+02 24 0 4 2.485e+02 2.555e+02 66 0 4 6.696e+02 6.744e+02 44 0 2 5.456e+02 5.464e+02 7 0 3 2.217e+02 2.403e+02 172 0 2 6.277e+02 6.323e+02 43 0 2 2.354e+02 2.686e+02 308 0 1 6.439e+02 6.581e+02 131 0 4 4.424e+02 4.816e+02 365 0 1 2.128e+02 2.492e+02 338 0 1 5.151e+02 5.349e+02 184 0 4 6.235e+02 6.365e+02 120 0 3 6.384e+02 6.636e+02 235 0 1 4.232e+02 4.588e+02 330 0 3 5.199e+02 5.301e+02 94 0 3 5.980e+02 6.200e+02 204 0 2 5.322e+02 5.598e+02 256 0 1 5.536e+02 5.804e+02 250 0 1 5.072e+02 5.428e+02 330 0 3 5.488e+02 5.852e+02 337 1 1 4.817e+02 4.843e+02 25 1 2 3.328e+02 3.392e+02 59 1 1 6.086e+02 6.094e+02 8 1 2 5.855e+02 5.905e+02 46 1 3 6.067e+02 6.113e+02 42 1 1 5.556e+02 5.784e+02 212 1 2 6.278e+02 6.322e+02 40 1 4 5.757e+02 6.003e+02 229 1 4 6.292e+02 6.308e+02 16 1 3 5.987e+02 6.193e+02 192 2 4 8.339e+01 8.461e+01 11 2 4 6.275e+02 6.325e+02 46 2 3 2.714e+02 2.746e+02 30 2 2 3.736e+02 3.824e+02 81 2 4 6.180e+02 6.420e+02 223 2 3 1.774e+01 2.426e+01 60 2 1 3.889e+02 4.091e+02 187 2 2 7.607e+01 9.193e+01 147 2 4 5.716e+02 6.044e+02 304 2 3 1.822e+02 1.958e+02 126 2 3 3.850e+02 4.130e+02 260 2 2 2.078e+02 2.122e+02 40 2 4 3.759e+02 3.801e+02 40 2 2 3.223e+01 5.177e+01 181 2 3 9.995e+01 1.101e+02 94 2 3 1.749e+02 2.031e+02 261 2 4 2.080e+02 2.120e+02 37 2 3 3.394e+02 3.746e+02 326 2 3 4.857e+01 7.743e+01 268 2 2 6.943e+01 9.857e+01 270 2 4 2.400e+02 2.640e+02 222 2 2 2.510e+01 5.890e+01 314 2 4 6.620e+01 1.018e+02 330 2 4 1.935e+02 2.265e+02 306 2 2 1.091e+02 1.429e+02 315 2 3 2.144e+02 2.476e+02 309 2 4 1.102e+02 1.418e+02 294 3 3 1.030e+02 1.070e+02 36
34608 0
34609 6 1 2 6.111e+02 6.489e+02 351 2 3 1.729e+01 2.471e+01 69 2 4 4.517e+02 4.723e+02 191 2 1 2.844e+00 3.916e+01 337 3 4 1.190e+02 1.330e+02 130 3 4 6.499e+01 1.030e+02 353
34610 1 0 3 5.040e+02 5.460e+02 390
34612 2 1 3 5.235e+02 5.265e+02 28 2 4 6.663e+02 6.777e+02 106
34615 32 0 3 2.304e+02 2.316e+02 11 0 2 6.713e+02 6.727e+02 12 0 3 3.980e+02 4.000e+02 18 0 4 2.485e+02 2.555e+02 66 0 1 5.557e+02 5.783e+02 210 0 4 2.078e+02 2.122e+02 40 0 4 5.872e+02 5.888e+02 15 0 2 3.648e+02 3.912e+02 245 0 4 6.711e+02 6.729e+02 16 0 3 1.752e+02 2.028e+02 257 0 1 3.891e+02 4.089e+02 183 0 1 2.286e+02 2.334e+02 45 0 4 4.020e+02 4.380e+02 335 0 2 1.980e+02 2.220e+02 222 0 3 5.493e+02 5.847e+02 329 0 2 2.344e+02 2.696e+02 327 1 4 6.286e+02 6.314e+02 26 1 1 6.083e+02 6.097e+02 13 1 2 6.271e+02 6.329e+02 55 1 3 5.966e+02 6.214e+02 230 1 1 5.904e+02 6.276e+02 345 1 3 5.900e+02 6.280e+02 353 2 1 3.134e+02 3.166e+02 30 2 3 1.009e+02 1.091e+02 76 2 4 2.917e+02 2.963e+02 43 2 3 5.565e+02 5.775e+02 196 2 2 1.186e+02 1.334e+02 137 2 4 1.574e+02 1.786e+02 196 2 4 5.353e+02 5.567e+02 198 2 3 3.084e+02 3.216e+02 122 2 4 6.513e+01 1.029e+02 350 2 2 2.780e+02 3.100e+02 298
34616 0
34617 10 0 1 2.655e+02 2.805e+02 139 0 2 2.881e+02 2.999e+02 110 0 2 2.332e+02 2.708e+02 349 0 4 2.851e+02 3.029e+02 165 0 3 2.542e+02 2.918e+02 350 2 4 4.600e+02 4.640e+02 36 2 1 4.805e+02 4.855e+02 46 2 1 3.040e+02 3.260e+02 205 2 3 4.742e+02 4.918e+02 164 2 2 4.464e+02 4.776e+02 289
34618 0
