12066 15 0 1 3.087e+02 3.213e+02 117 0 2 6.720e+02 6.720e+02 -10 0 2 2.885e+02 2.995e+02 103 0 4 6.644e+02 6.796e+02 140 0 1 1.727e+02 2.053e+02 302 0 2 1.938e+02 2.262e+02 300 0 2 2.807e+02 3.073e+02 247 0 3 1.684e+02 2.096e+02 382 0 4 1.975e+02 2.225e+02 233 1 2 2.442e+02 2.598e+02 145 1 4 5.866e+02 5.894e+02 26 1 4 2.408e+02 2.632e+02 208 1 3 2.487e+02 2.973e+02 451 1 1 2.051e+02 2.569e+02 480 3 1 1.367e+02 1.573e+02 191
12067 1 3 2 6.139e+02 6.461e+02 299
12068 6 2 4 4.620e+02 4.620e+02 -15 2 4 4.183e+02 4.217e+02 32 2 3 4.813e+02 4.847e+02 32 2 3 4.410e+02 4.410e+02 -4 2 2 4.581e+02 4.659e+02 73 2 1 4.678e+02 4.982e+02 283
12070 14 0 2 5.431e+02 5.489e+02 54 0 4 5.880e+02 5.880e+02 -11 0 1 5.629e+02 5.711e+02 76 0 1 5.964e+02 6.216e+02 234 0 2 6.630e+02 6.810e+02 168 0 3 5.546e+02 5.794e+02 230 0 3 5.929e+02 6.251e+02 299 0 4 6.601e+02 6.839e+02 221 0 4 6.133e+02 6.467e+02 310 2 4 8.400e+01 8.400e+01 -24 2 4 1.229e+02 1.291e+02 57 2 3 1.375e+02 1.565e+02 176 2 4 3.533e+01 4.867e+01 124 2 3 9.982e+00 3.202e+01 205
12071 0
12072 0
12073 36 0 4 6.708e+02 6.732e+02 22 0 4 4.151e+02 4.249e+02 90 0 3 3.812e+02 4.168e+02 330 2 3 6.066e+02 6.114e+02 44 2 2 3.336e+02 3.384e+02 44 2 4 4.090e+01 4.310e+01 20 2 2 1.245e+02 1.275e+02 28 2 2 4.928e+02 5.152e+02 207 2 3 1.881e+02 1.899e+02 17 2 3 5.582e+02 5.758e+02 164 2 4 2.049e+02 2.151e+02 96 2 4 4.946e+02 5.135e+02 176 2 3 3.040e+02 3.260e+02 204 2 4 6.530e+02 6.910e+02 353 2 4 3.241e+02 3.479e+02 220 2 3 4.693e+02 4.967e+02 254 2 3 6.042e+01 6.558e+01 48 2 4 1.189e+02 1.331e+02 132 2 3 1.803e+02 1.977e+02 162 2 1 2.288e+02 2.332e+02 40 2 1 2.576e+02 2.884e+02 286 2 1 2.039e+01 2.161e+01 11 2 3 8.810e+01 1.219e+02 314 2 4 1.517e+02 1.843e+02 303 2 3 2.222e+02 2.398e+02 163 2 3 1.949e+01 2.251e+01 28 2 2 6.773e+01 1.003e+02 302 2 2 2.473e+02 2.567e+02 87 2 1 5.728e+01 6.872e+01 106 2 4 2.425e+02 2.615e+02 176 2 3 5.306e+01 7.294e+01 185 2 2 2.027e+02 2.173e+02 136 2 2 2.586e+01 5.814e+01 300 2 1 2.190e+02 2.430e+02 223 2 4 2.209e+01 6.191e+01 370 2 2 1.948e+02 2.252e+02 283
12074 58 0 4 6.292e+02 6.308e+02 16 0 1 2.706e+02 2.754e+02 44 0 1 6.492e+02 6.528e+02 33 0 4 3.342e+02 3.378e+02 33 0 3 4.391e+02 4.429e+02 36 0 2 2.911e+02 2.969e+02 54 0 1 5.220e+02 5.280e+02 56 0 2 3.318e+02 3.402e+02 78 0 1 6.087e+02 6.093e+02 6 0 2 3.399e+01 5.001e+01 149 0 3 6.500e+02 6.520e+02 19 0 2 7.697e+01 9.103e+01 130 0 1 4.388e+02 4.432e+02 40 0 1 3.107e+02 3.193e+02 80 0 4 4.555e+02 4.685e+02 121 0 3 4.485e+01 8.115e+01 337 0 3 5.235e+02 5.265e+02 28 0 3 9.573e+01 1.143e+02 172 0 3 6.056e+02 6.124e+02 64 0 4 2.818e+02 3.062e+02 227 0 2 6.718e+02 6.722e+02 4 0 1 3.371e+02 3.769e+02 369 0 3 4.315e+02 4.505e+02 177 0 2 4.867e+02 5.213e+02 321 0 2 5.374e+02 5.546e+02 159 0 2 6.283e+02 6.317e+02 31 0 4 6.660e+02 6.780e+02 112 0 1 3.932e+02 4.048e+02 108 0 4 4.896e+02 5.184e+02 268 0 3 5.108e+02 5.392e+02 263 0 1 5.972e+02 6.208e+02 220 0 4 6.531e+02 6.909e+02 350 0 4 4.110e+02 4.290e+02 166 0 2 4.483e+02 4.757e+02 254 0 2 6.129e+02 6.471e+02 317 0 3 4.237e+02 4.583e+02 321 0 4 4.449e+02 4.791e+02 318 0 4 6.126e+02 6.474e+02 323 0 1 3.839e+02 4.141e+02 281 1 4 5.453e+02 5.467e+02 14 1 1 6.083e+02 6.097e+02 14 1 3 5.628e+02 5.712e+02 78 1 3 6.057e+02 6.123e+02 60 1 2 5.796e+02 5.964e+02 156 1 2 6.283e+02 6.317e+02 32 1 4 5.754e+02 6.006e+02 234 1 4 6.285e+02 6.315e+02 28 1 1 5.981e+02 6.199e+02 203 2 4 2.520e+02 2.520e+02 -4 2 3 2.719e+02 2.741e+02 20 2 1 3.557e+02 3.583e+02 24 2 1 1.855e+01 2.345e+01 46 2 3 3.117e+02 3.183e+02 60 2 2 3.347e+02 3.373e+02 25 2 3 1.272e+01 2.928e+01 154 2 3 2.550e+02 2.910e+02 334 3 4 8.191e+01 8.609e+01 39 3 4 7.226e+01 9.574e+01 218
12077 0
12078 13 0 1 4.787e+02 4.873e+02 80 0 4 4.985e+02 5.095e+02 103 0 2 6.582e+02 6.858e+02 257 0 3 4.707e+02 4.953e+02 228 0 4 6.635e+02 6.805e+02 157 0 2 4.931e+02 5.149e+02 203 2 4 4.612e+02 4.628e+02 15 2 3 4.811e+02 4.849e+02 36 2 1 4.637e+00 3.736e+01 304 2 2 4.998e+02 5.082e+02 78 2 2 4.892e+02 5.188e+02 276 2 1 5.047e+02 5.453e+02 377 2 2 5.258e+02 5.662e+02 376
12079 0
12080 16 0 3 6.411e+02 6.609e+02 185 0 4 6.598e+02 6.842e+02 227 2 2 4.175e+02 4.225e+02 46 2 1 4.368e+02 4.452e+02 78 2 1 4.263e+02 4.557e+02 274 2 4 4.871e+02 5.209e+02 313 2 1 3.803e+02 4.177e+02 348 3 3 3.121e+02 3.179e+02 55 3 3 3.990e+02 3.990e+02 -2 3 1 5.250e+02 5.250e+02 -24 3 4 4.128e+02 4.272e+02 133 3 1 4.807e+02 4.853e+02 43 3 3 3.039e+02 3.261e+02 206 3 1 3.899e+02 4.081e+02 169 3 2 2.814e+02 3.066e+02 235 3 4 3.636e+02 3.924e+02 268
12083 2 2 1 1.680e+01 2.520e+01 78 2 3 1.209e+01 2.991e+01 166
12085 21 0 2 6.288e+02 6.312e+02 23 0 4 6.669e+02 6.771e+02 95 0 1 5.159e+02 5.341e+02 169 0 4 6.247e+02 6.353e+02 99 0 4 6.592e+02 6.848e+02 238 0 2 5.370e+02 5.550e+02 166 0 1 5.970e+02 6.210e+02 222 0 1 6.346e+02 6.674e+02 305 0 3 5.112e+02 5.388e+02 256 0 3 5.961e+02 6.219e+02 239 0 2 6.517e+02 6.923e+02 377 0 2 5.275e+02 5.645e+02 343 0 2 6.453e+02 6.987e+02 496 0 4 6.490e+02 6.950e+02 426 1 1 5.842e+02 6.338e+02 461 2 4 3.671e+02 3.889e+02 202 2 2 7.379e+01 9.421e+01 190 2 3 3.812e+02 4.168e+02 331 2 3 4.404e+01 8.196e+01 352 2 2 6.562e+01 1.024e+02 341 2 4 6.140e+01 1.066e+02 420
12086 5 0 4 6.714e+02 6.726e+02 11 0 2 6.690e+02 6.750e+02 56 0 4 6.603e+02 6.837e+02 218 0 1 6.385e+02 6.635e+02 231 0 3 6.331e+02 6.689e+02 332
12087 0
12088 1 0 3 5.043e+02 5.457e+02 385
12089 16 0 4 6.666e+02 6.774e+02 100 0 2 6.177e+02 6.423e+02 228 0 1 6.420e+02 6.600e+02 166 0 1 5.101e+02 5.399e+02 277 0 4 6.150e+02 6.450e+02 279 0 3 6.381e+02 6.639e+02 239 2 3 2.100e+01 2.100e+01 -10 2 2 1.660e+02 1.700e+02 37 2 4 7.863e+01 8.937e+01 100 2 4 1.639e+02 1.721e+02 76 2 3 4.929e+01 7.671e+01 255 2 3 9.694e+01 1.131e+02 150 2 3 1.787e+02 1.993e+02 190 2 2 2.734e+01 5.666e+01 272 2 2 6.975e+01 9.825e+01 265 2 3 1.290e+02 1.650e+02 334
12090 0
12092 4 2 3 1.017e+02 1.083e+02 62 2 2 1.183e+02 1.337e+02 144 2 1 1.310e+02 1.630e+02 298 2 4 6.616e+01 1.018e+02 331
12093 0
12094 7 0 4 6.178e+02 6.422e+02 226 2 2 3.816e+01 4.584e+01 71 2 4 4.184e+01 4.216e+01 3 2 1 4.727e+01 7.873e+01 292 2 3 4.776e+01 7.824e+01 283 3 1 6.006e+01 6.594e+01 55 3 2 3.286e+01 5.114e+01 170
12095 8 2 1 6.475e+02 6.545e+02 65 2 4 1.673e+02 1.687e+02 12 2 1 4.825e+02 4.835e+02 10 2 1 6.051e+02 6.129e+02 73 2 4 6.269e+02 6.331e+02 58 2 2 6.193e+02 6.407e+02 199 2 3 6.329e+02 6.691e+02 336 2 2 1.063e+02 1.457e+02 366
12096 5 0 4 5.824e+02 5.936e+02 104 0 1 3.524e+02 3.616e+02 85 0 3 6.032e+02 6.148e+02 108 0 4 3.581e+02 3.979e+02 370 0 3 5.470e+02 5.870e+02 371
12097 4 1 1 7.555e+00 3.444e+01 250 1 4 1.203e+02 1.317e+02 106 1 2 7.262e+01 9.538e+01 211 1 3 9.295e+01 1.171e+02 224
12098 5 0 1 3.043e+02 3.257e+02 199 0 4 5.762e+02 5.998e+02 219 0 2 3.111e+02 3.609e+02 463 0 3 5.863e+02 6.317e+02 421 2 4 6.373e+01 1.043e+02 376
12100 11 0 4 6.112e+02 6.488e+02 350 1 3 4.369e+02 4.451e+02 76 1 4 4.595e+02 4.645e+02 46 2 2 4.617e+02 4.623e+02 6 2 2 8.303e+01 8.497e+01 18 2 4 7.504e+01 9.296e+01 166 2 3 4.351e+02 4.469e+02 109 2 1 5.378e+01 7.222e+01 171 2 1 4.806e+02 4.854e+02 44 2 4 4.070e+02 4.330e+02 241 2 3 4.624e+01 7.976e+01 311
12101 12 0 4 5.848e+02 5.912e+02 59 0 1 5.485e+02 5.855e+02 344 0 3 5.906e+02 6.274e+02 342 0 2 6.610e+02 6.830e+02 204 0 4 6.593e+02 6.847e+02 236 2 3 6.203e+01 6.397e+01 18 2 1 5.718e+01 6.882e+01 108 2 3 5.252e+01 7.348e+01 195 2 2 6.513e+01 1.029e+02 350 2 3 1.321e+01 2.879e+01 145 2 4 2.766e+01 5.634e+01 266 2 1 2.440e+00 3.956e+01 345
12102 23 0 3 6.083e+02 6.097e+02 12 0 4 6.719e+02 6.721e+02 2 0 1 6.066e+02 6.114e+02 44 0 3 6.463e+02 6.557e+02 88 0 2 6.260e+02 6.340e+02 74 0 1 6.328e+02 6.692e+02 337 0 1 3.379e+02 3.761e+02 354 0 3 5.512e+02 5.828e+02 293 0 4 3.563e+02 3.997e+02 402 0 4 6.135e+02 6.465e+02 306 0 2 6.529e+02 6.911e+02 355 0 1 5.889e+02 6.291e+02 374 1 4 6.294e+02 6.306e+02 11 1 4 6.236e+02 6.364e+02 118 2 3 9.892e+01 1.111e+02 113 2 3 1.204e+01 2.996e+01 166 2 2 3.466e+01 4.934e+01 136 2 2 7.141e+01 9.659e+01 234 2 4 2.788e+01 5.612e+01 262 2 4 7.159e+01 9.641e+01 230 2 1 4.863e+00 3.714e+01 300 2 3 4.511e+01 8.089e+01 332 2 1 3.704e+01 8.896e+01 482
12103 7 1 4 2.940e+02 2.940e+02 -14 1 4 2.027e+02 2.173e+02 136 1 3 2.208e+02 2.412e+02 190 1 3 3.141e+02 3.159e+02 17 1 1 2.178e+02 2.442e+02 245 1 3 3.031e+02 3.269e+02 220 3 1 3.426e+00 3.857e+01 326
12105 3 2 3 1.864e+02 1.916e+02 48 2 4 1.560e+02 1.800e+02 223 2 2 1.474e+02 1.886e+02 382
