16012 1 1 3 3.006e+02 3.294e+02 267
16013 2 0 2 5.460e+02 5.460e+02 -17 0 3 5.247e+02 5.253e+02 6
16014 0
16015 4 0 4 2.865e+02 3.015e+02 140 0 2 2.344e+02 2.696e+02 327 0 3 2.544e+02 2.916e+02 346 0 2 2.693e+02 3.187e+02 459
16016 4 0 2 5.449e+02 5.471e+02 21 0 1 5.624e+02 5.716e+02 86 0 1 5.059e+02 5.441e+02 356 0 1 5.489e+02 5.851e+02 336
16017 5 2 1 2.048e+01 2.152e+01 10 2 3 2.307e+02 2.313e+02 6 2 3 9.127e+00 3.287e+01 220 2 4 2.021e+02 2.179e+02 147 2 2 2.368e+02 2.672e+02 283
16019 3 0 4 6.180e+02 6.420e+02 223 0 3 6.473e+02 6.547e+02 70 0 4 6.530e+02 6.910e+02 353
16020 0
16021 0
16024 0
16025 18 0 4 3.355e+02 3.365e+02 10 0 2 3.357e+02 3.363e+02 5 0 3 6.501e+02 6.519e+02 17 0 1 6.266e+01 6.334e+01 6 0 3 3.899e+02 4.081e+02 170 0 4 3.631e+02 3.929e+02 276 0 2 6.168e+02 6.432e+02 245 0 4 3.186e+02 3.534e+02 324 0 2 6.656e+02 6.784e+02 118 0 1 4.476e+01 8.124e+01 339 0 4 5.770e+02 5.990e+02 205 0 4 6.677e+02 6.763e+02 80 0 1 5.938e+02 6.242e+02 283 0 1 6.390e+02 6.630e+02 222 0 3 5.964e+02 6.216e+02 235 0 3 6.379e+02 6.641e+02 243 0 2 6.569e+02 6.871e+02 281 0 4 6.580e+02 6.860e+02 260
16026 0
16028 25 0 3 6.090e+02 6.090e+02 -8 0 1 5.633e+02 5.707e+02 69 0 3 1.178e+01 3.022e+01 171 0 4 6.300e+02 6.300e+02 -2 0 2 6.688e+02 6.752e+02 59 0 4 5.822e+02 5.938e+02 108 0 4 6.697e+02 6.743e+02 42 0 1 5.479e+02 5.861e+02 356 0 3 5.912e+02 6.268e+02 331 0 1 6.400e+02 6.620e+02 204 0 3 6.386e+02 6.634e+02 230 2 1 1.470e+02 1.470e+02 -12 2 3 6.149e+01 6.451e+01 28 2 2 7.661e+01 9.139e+01 137 2 3 1.441e+02 1.499e+02 54 2 1 2.195e+02 2.425e+02 213 2 2 2.905e+01 5.495e+01 240 2 4 1.145e+02 1.375e+02 213 2 2 1.615e+02 1.745e+02 121 2 4 1.970e+02 2.230e+02 241 2 4 6.688e+01 1.011e+02 318 2 1 1.339e+02 1.601e+02 244 2 2 2.364e+02 2.676e+02 289 2 3 1.720e+02 2.060e+02 316 2 2 1.922e+02 2.278e+02 331
16029 27 0 3 1.044e+02 1.056e+02 11 0 2 2.508e+02 2.532e+02 23 0 4 2.911e+02 2.969e+02 55 0 3 6.064e+02 6.116e+02 49 0 2 7.832e+01 8.968e+01 106 0 1 6.499e+02 6.521e+02 20 0 3 2.675e+02 2.785e+02 103 0 1 4.422e+01 8.178e+01 349 0 2 6.667e+02 6.773e+02 99 0 1 4.344e+02 4.476e+02 122 0 3 5.243e+02 5.257e+02 14 0 4 5.775e+02 5.985e+02 195 0 4 6.637e+02 6.803e+02 154 0 3 4.724e+02 4.936e+02 196 0 2 5.409e+02 5.511e+02 96 0 1 5.953e+02 6.227e+02 255 0 2 4.989e+02 5.091e+02 94 0 1 5.559e+02 5.781e+02 206 0 2 4.505e+02 4.735e+02 213 1 4 6.300e+02 6.300e+02 -13 1 2 6.184e+02 6.416e+02 216 2 2 6.242e+02 6.358e+02 108 2 1 1.870e+02 1.910e+02 38 2 3 6.493e+02 6.527e+02 31 2 3 1.833e+01 2.367e+01 50 2 3 1.470e+02 1.470e+02 -16 2 2 1.667e+02 1.693e+02 25
16031 2 1 2 3.687e+02 3.873e+02 173 2 4 6.170e+02 6.430e+02 242
16032 44 0 4 2.940e+02 2.940e+02 -4 0 1 3.987e+02 3.993e+02 6 0 2 3.339e+02 3.381e+02 39 0 1 2.235e+02 2.385e+02 140 0 1 6.510e+02 6.510e+02 -7 0 3 2.638e+02 2.822e+02 171 0 3 3.975e+02 4.005e+02 28 0 2 2.385e+02 2.655e+02 251 0 2 5.040e+02 5.040e+02 -23 0 2 2.739e+02 3.141e+02 374 0 3 5.160e+02 5.340e+02 166 0 2 3.607e+02 3.953e+02 320 0 3 6.090e+02 6.090e+02 -11 0 3 6.510e+02 6.510e+02 -15 0 1 4.384e+02 4.436e+02 49 0 4 4.912e+02 5.168e+02 237 0 2 5.394e+02 5.526e+02 122 0 2 6.296e+02 6.304e+02 7 0 2 6.720e+02 6.720e+02 -18 0 3 4.399e+02 4.421e+02 20 0 1 5.578e+02 5.762e+02 170 0 4 6.271e+02 6.329e+02 53 0 4 6.682e+02 6.758e+02 70 0 4 4.089e+02 4.311e+02 206 0 1 5.125e+02 5.375e+02 231 0 4 6.144e+02 6.456e+02 289 0 1 6.359e+02 6.661e+02 280 0 1 4.265e+02 4.555e+02 270 1 3 6.090e+02 6.090e+02 -13 1 2 6.300e+02 6.300e+02 -20 1 3 5.149e+02 5.351e+02 188 1 2 5.742e+02 6.018e+02 257 1 4 6.300e+02 6.300e+02 -3 1 1 6.071e+02 6.109e+02 36 1 1 5.972e+02 6.208e+02 220 1 3 5.918e+02 6.262e+02 319 2 3 2.310e+02 2.310e+02 -14 2 3 3.559e+02 3.581e+02 20 2 4 3.211e+02 3.509e+02 276 2 2 1.143e+02 1.377e+02 217 2 4 1.939e+02 2.261e+02 300 2 1 3.434e+02 3.706e+02 253 2 1 5.536e+00 3.646e+01 287 2 4 7.092e+01 9.708e+01 243
16033 0
16034 0
16035 8 0 1 5.221e+02 5.279e+02 55 0 4 5.828e+02 5.932e+02 97 0 2 5.430e+02 5.490e+02 56 0 2 6.603e+02 6.837e+02 218 0 4 6.555e+02 6.885e+02 306 1 4 6.133e+02 6.467e+02 310 2 3 1.667e+01 2.533e+01 80 2 4 3.574e+01 4.826e+01 116
16036 5 3 4 3.350e+02 3.370e+02 19 3 2 3.766e+02 3.794e+02 26 3 4 3.669e+02 3.891e+02 206 3 3 3.857e+02 4.123e+02 246 3 1 3.420e+02 3.720e+02 278
16037 3 0 3 4.722e+02 4.938e+02 201 2 2 5.038e+02 5.042e+02 4 3 2 7.899e+01 8.901e+01 93
16038 4 0 4 6.656e+02 6.784e+02 120 0 4 6.525e+02 6.915e+02 361 2 4 5.435e+02 5.485e+02 46 2 4 4.876e+02 5.204e+02 304
16040 4 0 4 7.065e+01 9.735e+01 248 2 2 2.070e+02 2.130e+02 56 2 3 1.776e+02 2.004e+02 212 2 1 2.294e+02 2.326e+02 30
16041 0
16044 2 2 1 4.337e+02 4.483e+02 136 2 2 4.462e+02 4.778e+02 294
16046 0
16047 18 0 2 2.097e+02 2.103e+02 6 0 2 6.674e+02 6.766e+02 86 0 1 1.757e+02 2.023e+02 246 0 4 6.172e+02 6.428e+02 237 0 3 2.300e+02 2.320e+02 19 0 4 6.663e+02 6.777e+02 106 0 2 1.103e+02 1.417e+02 292 0 3 6.345e+02 6.675e+02 306 0 3 1.759e+02 2.021e+02 244 0 4 4.408e+02 4.832e+02 394 0 4 1.965e+02 2.235e+02 251 0 2 6.043e+02 6.557e+02 477 0 2 1.522e+02 1.838e+02 293 0 1 6.293e+02 6.727e+02 404 0 1 4.615e+02 5.045e+02 400 0 2 6.480e+02 6.960e+02 446 1 2 6.048e+02 6.552e+02 469 2 1 -2.494e+00 4.449e+01 436
16050 12 0 3 4.356e+02 4.464e+02 100 0 2 4.577e+02 4.663e+02 80 0 4 4.456e+02 4.784e+02 306 0 3 4.986e+02 5.514e+02 490 2 4 4.170e+01 4.230e+01 6 2 4 7.841e+01 8.959e+01 104 2 2 4.134e+01 4.266e+01 12 2 4 1.166e+02 1.354e+02 174 2 1 4.776e+01 7.824e+01 283 2 2 2.321e+02 2.719e+02 369 2 3 4.534e+01 8.066e+01 328 2 3 5.762e+00 3.624e+01 283
16051 3 0 1 6.087e+02 6.093e+02 6 0 3 6.085e+02 6.095e+02 10 0 4 6.110e+02 6.490e+02 353
16052 5 2 1 2.716e+02 2.744e+02 26 2 2 2.415e+02 2.625e+02 196 2 2 6.608e+02 6.832e+02 207 2 4 6.577e+02 6.863e+02 265 2 3 6.344e+02 6.676e+02 309
16054 3 0 4 4.542e+02 4.698e+02 145 0 1 5.558e+02 5.782e+02 208 0 3 5.974e+02 6.206e+02 216
16055 5 1 1 4.797e+02 4.863e+02 60 1 4 6.272e+02 6.328e+02 51 1 1 5.203e+02 5.297e+02 87 2 4 6.523e+02 6.917e+02 366 3 4 3.932e+01 4.468e+01 50
