1826 0
1827 5 0 4 6.638e+02 6.802e+02 152 0 4 5.774e+02 5.986e+02 196 0 1 5.966e+02 6.214e+02 230 1 4 4.085e+01 4.315e+01 21 1 2 5.840e+02 5.920e+02 75
1828 1 1 2 6.151e+02 6.449e+02 277
1829 10 0 3 1.040e+02 1.060e+02 18 0 2 8.007e+01 8.793e+01 73 0 1 4.992e+01 7.608e+01 243 0 2 6.669e+02 6.771e+02 94 0 4 6.646e+02 6.794e+02 138 2 4 8.384e+01 8.416e+01 3 2 3 9.420e+01 1.158e+02 200 2 4 6.577e+02 6.863e+02 265 2 2 6.948e+01 9.852e+01 270 3 1 1.002e+01 3.198e+01 204
1830 8 0 2 6.612e+02 6.828e+02 200 0 4 6.597e+02 6.843e+02 229 2 3 1.020e+02 1.080e+02 56 2 2 1.092e+02 1.428e+02 311 3 3 5.745e+01 6.855e+01 103 3 1 5.575e+01 7.025e+01 135 3 2 7.109e+01 9.691e+01 240 3 4 6.975e+01 9.825e+01 265
1831 0
1832 15 0 4 3.780e+02 3.780e+02 -6 0 1 3.570e+02 3.570e+02 -22 0 2 5.398e+02 5.522e+02 116 0 3 6.051e+02 6.129e+02 73 0 2 3.663e+02 3.897e+02 217 0 3 6.508e+02 6.512e+02 4 0 1 5.171e+02 5.329e+02 146 0 4 6.197e+02 6.403e+02 191 0 2 6.699e+02 6.741e+02 39 0 3 5.125e+02 5.375e+02 231 0 2 6.180e+02 6.420e+02 222 0 4 6.720e+02 6.720e+02 -0 0 3 6.385e+02 6.635e+02 233 2 4 3.351e+02 3.369e+02 17 2 4 3.448e+01 4.952e+01 140
1833 3 0 4 6.642e+02 6.798e+02 145 1 3 5.995e+02 6.185e+02 176 2 4 2.458e+02 2.582e+02 116
1834 14 0 1 2.715e+02 2.745e+02 27 0 1 3.948e+02 4.032e+02 78 0 2 4.940e+02 5.140e+02 186 0 3 2.163e+02 2.457e+02 273 0 4 4.833e+02 5.247e+02 384 0 4 1.930e+02 2.270e+02 316 0 1 4.195e+02 4.625e+02 399 0 3 4.982e+02 5.518e+02 498 2 3 5.925e+01 6.675e+01 70 2 2 7.733e+01 9.067e+01 124 2 1 4.664e+01 7.936e+01 304 2 4 6.629e+01 1.017e+02 329 2 3 5.104e+01 7.496e+01 222 3 4 3.139e+02 3.581e+02 411
1835 38 0 3 5.959e+02 6.221e+02 243 0 1 5.903e+02 6.277e+02 348 1 2 6.198e+02 6.402e+02 190 2 1 2.725e+02 2.735e+02 9 2 2 1.665e+02 1.695e+02 27 2 3 2.689e+02 2.771e+02 76 2 1 1.249e+01 2.951e+01 158 2 2 5.012e+02 5.068e+02 52 2 4 1.667e+02 1.693e+02 25 2 4 2.376e+02 2.664e+02 267 2 3 4.709e+02 4.951e+02 226 2 3 1.339e+01 2.861e+01 141 2 1 1.716e+02 2.064e+02 324 2 2 2.338e+02 2.702e+02 339 2 4 4.915e+02 5.165e+02 231 2 4 2.753e+01 5.647e+01 269 2 3 1.704e+02 2.076e+02 345 2 4 1.896e+02 2.304e+02 380 2 2 2.802e+01 5.598e+01 260 3 1 1.050e+02 1.050e+02 0 3 4 1.669e+02 1.691e+02 21 3 2 8.343e+01 8.457e+01 10 3 3 1.050e+02 1.050e+02 -4 3 1 1.866e+02 1.914e+02 46 3 4 7.949e+01 8.851e+01 84 3 2 1.248e+02 1.272e+02 23 3 2 1.597e+02 1.763e+02 155 3 1 1.588e+00 4.041e+01 360 3 4 1.258e+02 1.262e+02 3 3 1 4.480e+01 8.120e+01 338 3 3 1.761e+02 2.019e+02 239 3 1 1.463e+02 1.477e+02 12 3 3 2.756e+00 3.924e+01 339 3 3 1.436e+02 1.504e+02 64 3 2 1.070e+02 1.450e+02 352 3 4 1.105e+02 1.415e+02 288 3 1 1.293e+02 1.647e+02 329 3 1 8.474e+01 1.253e+02 376
1836 29 0 2 5.435e+02 5.485e+02 46 0 3 6.073e+02 6.107e+02 32 0 3 5.646e+02 5.694e+02 45 0 2 6.273e+02 6.327e+02 50 0 2 6.601e+02 6.839e+02 220 0 4 6.236e+02 6.364e+02 118 0 1 6.351e+02 6.669e+02 295 0 2 4.841e+02 5.239e+02 369 0 4 5.686e+02 6.074e+02 360 0 3 6.330e+02 6.690e+02 334 0 4 6.566e+02 6.874e+02 286 1 2 6.214e+02 6.386e+02 160 1 2 5.730e+02 6.030e+02 279 2 3 1.025e+02 1.075e+02 47 2 2 3.351e+02 3.369e+02 16 2 4 8.281e+01 8.519e+01 22 2 3 1.847e+02 1.933e+02 80 2 2 2.091e+02 2.109e+02 16 2 4 3.324e+02 3.396e+02 66 2 4 3.008e+01 5.392e+01 221 2 2 7.571e+01 9.229e+01 154 2 4 2.036e+02 2.164e+02 120 2 1 7.808e-01 4.122e+01 376 2 3 8.631e+01 1.237e+02 347 2 3 1.740e+02 2.040e+02 279 2 3 3.365e+02 3.775e+02 380 3 1 4.306e+02 4.514e+02 194 3 1 5.984e+00 3.602e+01 279 3 2 4.455e+02 4.785e+02 307
1837 0
1838 3 0 2 6.633e+02 6.807e+02 161 0 4 6.590e+02 6.850e+02 241 2 4 4.531e+02 4.709e+02 166
1839 73 0 3 4.830e+02 4.830e+02 -11 0 1 2.303e+02 2.317e+02 14 0 1 5.659e+02 5.681e+02 21 0 4 3.777e+02 3.783e+02 5 0 3 6.061e+02 6.119e+02 53 0 2 7.720e+01 9.080e+01 126 0 1 4.410e+02 4.410e+02 -1 0 4 2.519e+02 2.521e+02 1 0 4 5.010e+02 5.070e+02 56 0 2 3.348e+02 3.372e+02 23 0 3 5.629e+02 5.711e+02 76 0 1 5.216e+01 7.384e+01 201 0 2 6.277e+02 6.323e+02 42 0 4 7.222e+01 9.578e+01 219 0 2 6.641e+02 6.799e+02 146 0 3 2.192e+02 2.428e+02 219 0 3 4.391e+02 4.429e+02 36 0 1 3.012e+02 3.288e+02 256 0 1 4.753e+02 4.907e+02 142 0 4 3.317e+02 3.403e+02 80 0 3 5.230e+02 5.270e+02 36 0 2 2.392e+02 2.648e+02 237 0 4 6.254e+02 6.346e+02 86 0 4 6.617e+02 6.823e+02 190 0 1 3.970e+02 4.010e+02 38 0 3 4.738e+02 4.922e+02 171 0 2 5.410e+02 5.510e+02 93 0 1 5.980e+02 6.200e+02 204 0 1 6.359e+02 6.661e+02 281 0 2 4.967e+02 5.113e+02 135 0 1 5.169e+02 5.331e+02 150 0 4 5.690e+02 6.070e+02 352 0 3 6.379e+02 6.641e+02 243 0 4 4.451e+02 4.789e+02 314 0 3 5.094e+02 5.406e+02 290 0 1 5.899e+02 6.281e+02 354 0 4 6.562e+02 6.878e+02 293 0 4 4.872e+02 5.208e+02 312 0 2 4.459e+02 4.781e+02 299 1 1 5.670e+02 5.670e+02 -10 1 3 6.086e+02 6.094e+02 8 1 4 5.842e+02 5.918e+02 70 1 2 6.293e+02 6.307e+02 12 1 2 5.820e+02 5.940e+02 111 1 4 6.296e+02 6.304e+02 8 1 1 4.652e+02 5.008e+02 331 1 3 5.525e+02 5.815e+02 270 1 1 6.088e+02 6.092e+02 4 2 3 6.104e+01 6.496e+01 36 2 3 4.402e+02 4.418e+02 15 2 2 8.400e+01 8.400e+01 -1 2 3 5.207e+02 5.293e+02 80 2 4 1.635e+02 1.725e+02 83 2 4 4.479e+02 4.761e+02 262 2 4 2.096e+02 2.104e+02 7 2 2 5.441e+02 5.479e+02 35 2 3 2.717e+02 2.743e+02 25 2 4 6.144e+02 6.456e+02 290 2 1 1.501e+01 2.699e+01 111 2 4 4.063e+02 4.337e+02 255 2 4 7.940e+01 8.860e+01 86 2 4 5.414e+02 5.506e+02 86 2 3 1.791e+02 1.989e+02 184 2 1 2.272e+02 2.348e+02 71 2 3 1.168e+01 3.032e+01 173 2 4 1.071e+02 1.449e+02 350 2 3 1.345e+02 1.595e+02 233 2 2 2.033e+02 2.167e+02 125 2 4 3.201e+01 5.199e+01 186 2 1 1.723e+02 2.057e+02 310 2 3 2.180e+02 2.440e+02 242 2 4 2.142e+01 6.258e+01 382 2 4 1.496e+02 1.864e+02 341
1840 26 0 3 5.250e+02 5.250e+02 -20 0 1 4.753e+02 4.907e+02 144 0 2 6.162e+02 6.438e+02 257 0 2 4.979e+02 5.101e+02 113 0 4 6.166e+02 6.434e+02 250 0 2 6.541e+02 6.899e+02 333 0 4 4.072e+02 4.328e+02 237 1 4 6.145e+02 6.455e+02 287 2 3 2.307e+02 2.313e+02 6 2 3 6.522e+00 3.548e+01 269 2 4 1.192e+02 1.328e+02 127 2 3 1.351e+02 1.589e+02 221 2 1 6.165e+00 3.583e+01 276 2 4 1.942e+02 2.258e+02 293 3 1 1.819e+01 2.381e+01 52 3 4 1.260e+02 1.260e+02 -2 3 3 6.171e+01 6.429e+01 24 3 3 2.100e+01 2.100e+01 -15 3 2 1.223e+02 1.297e+02 69 3 1 5.970e+01 6.630e+01 61 3 1 1.358e+02 1.582e+02 207 3 1 5.940e+00 3.606e+01 280 3 4 2.506e+01 5.894e+01 315 3 1 9.218e+01 1.178e+02 238 3 3 9.304e+01 1.170e+02 222 3 3 1.325e+02 1.615e+02 269
1841 4 0 1 3.503e+02 3.637e+02 125 0 2 3.686e+02 3.874e+02 176 0 4 2.765e+02 3.115e+02 325 3 2 8.168e+01 8.632e+01 43
1842 25 0 2 3.820e+01 4.580e+01 70 0 4 2.448e+02 2.592e+02 134 0 4 6.666e+02 6.774e+02 100 0 4 5.780e+02 5.980e+02 186 0 1 6.467e+02 6.553e+02 80 0 3 5.996e+02 6.184e+02 174 0 3 6.451e+02 6.569e+02 110 0 1 5.929e+02 6.251e+02 300 0 2 6.630e+02 6.810e+02 167 0 4 5.666e+02 6.094e+02 398 0 1 6.341e+02 6.679e+02 314 0 3 6.303e+02 6.717e+02 385 0 2 6.571e+02 6.869e+02 276 1 2 6.134e+02 6.466e+02 309 1 4 6.132e+02 6.468e+02 311 2 3 2.003e+01 2.197e+01 18 2 1 1.406e+01 2.794e+01 129 2 2 8.182e+01 8.618e+01 40 2 2 3.748e+01 4.652e+01 84 2 4 7.993e+01 8.807e+01 76 2 3 8.319e+00 3.368e+01 236 2 4 2.438e+01 5.962e+01 327 2 3 4.561e+01 8.039e+01 323 2 1 1.945e+00 4.005e+01 354 2 1 3.995e+01 8.605e+01 428
1843 8 1 3 6.071e+02 6.109e+02 36 2 3 6.001e+01 6.599e+01 56 2 4 8.285e+01 8.515e+01 21 2 3 1.949e+01 2.251e+01 28 2 4 4.145e+02 4.255e+02 102 2 2 7.235e+01 9.565e+01 216 2 1 5.028e+01 7.572e+01 236 2 4 2.479e+01 5.921e+01 320
1844 10 0 1 3.987e+02 3.993e+02 6 0 4 4.186e+02 4.214e+02 26 0 1 6.385e+02 6.635e+02 233 0 3 3.911e+02 4.069e+02 146 2 3 1.949e+01 2.251e+01 28 2 2 8.074e+01 8.726e+01 60 2 1 1.994e+01 2.206e+01 20 2 4 7.181e+01 9.619e+01 226 2 4 3.506e+01 4.894e+01 129 2 4 2.838e+01 5.562e+01 253
1845 0
1846 4 2 4 1.194e+02 1.326e+02 123 2 1 1.350e+02 1.590e+02 222 2 3 1.415e+02 1.525e+02 101 2 2 1.501e+02 1.859e+02 332
1847 5 0 3 5.064e+02 5.436e+02 346 0 2 5.242e+02 5.678e+02 406 1 2 6.121e+02 6.479e+02 332 2 4 2.087e+02 2.113e+02 25 2 2 1.562e+02 1.798e+02 220
1848 7 0 4 4.949e+02 5.131e+02 169 0 3 6.430e+02 6.590e+02 148 0 3 4.410e+02 4.410e+02 -13 0 4 6.293e+02 6.307e+02 14 0 1 3.966e+02 4.014e+02 45 0 4 5.804e+02 5.956e+02 141 0 1 5.974e+02 6.206e+02 215
1849 6 0 4 6.287e+02 6.313e+02 24 0 2 6.265e+02 6.335e+02 66 0 1 5.956e+02 6.224e+02 249 0 3 5.906e+02 6.274e+02 341 2 1 7.286e+00 3.471e+01 255 2 3 4.055e+00 3.794e+01 315
1850 10 0 4 5.880e+02 5.880e+02 -6 0 4 5.002e+02 5.078e+02 71 0 1 6.058e+02 6.122e+02 60 0 4 3.683e+02 3.877e+02 180 0 4 6.649e+02 6.791e+02 131 0 4 2.765e+02 3.115e+02 325 0 4 4.896e+02 5.184e+02 268 2 2 8.227e+01 8.573e+01 32 2 4 7.603e+01 9.197e+01 148 2 3 4.682e+01 7.918e+01 300
1851 10 0 1 5.458e+02 5.882e+02 393 1 2 4.095e+02 4.305e+02 196 1 2 3.603e+02 3.957e+02 329 1 3 5.861e+02 6.319e+02 425 1 4 6.078e+02 6.522e+02 412 2 4 6.571e+02 6.869e+02 276 3 4 4.620e+02 4.620e+02 -15 3 4 3.704e+02 3.856e+02 140 3 3 4.329e+02 4.491e+02 150 3 3 3.816e+02 4.164e+02 323
1852 3 0 4 3.743e+02 3.817e+02 70 0 4 2.343e+02 2.697e+02 330 2 3 4.401e+02 4.419e+02 16
1853 3 2 3 1.016e+02 1.084e+02 63 2 3 9.241e+01 1.176e+02 234 2 4 7.267e+01 9.533e+01 210
1854 19 0 3 5.214e+02 5.286e+02 67 0 2 1.525e+02 1.835e+02 287 0 2 4.969e+02 5.111e+02 131 0 1 5.144e+02 5.356e+02 197 0 2 2.736e+02 3.144e+02 379 0 2 6.560e+02 6.880e+02 297 0 1 3.812e+02 4.168e+02 330 0 4 4.880e+02 5.200e+02 298 0 4 5.721e+02 6.039e+02 295 0 1 6.258e+02 6.762e+02 469 0 3 3.768e+02 4.212e+02 412 0 2 6.045e+02 6.555e+02 474 0 3 6.266e+02 6.754e+02 454 0 4 4.009e+02 4.391e+02 356 2 3 2.715e+02 2.745e+02 27 2 2 1.212e+02 1.308e+02 90 2 2 2.366e+02 2.674e+02 286 2 1 2.647e+02 2.813e+02 155 2 4 2.399e+02 2.641e+02 226
1855 42 0 1 4.830e+02 4.830e+02 -22 0 1 5.666e+02 5.674e+02 8 0 3 6.509e+02 6.511e+02 2 0 3 4.825e+02 4.835e+02 10 0 1 5.588e+02 5.752e+02 152 0 4 5.859e+02 5.901e+02 39 0 2 6.720e+02 6.720e+02 -15 0 2 5.006e+02 5.074e+02 64 0 3 5.597e+02 5.743e+02 136 0 2 6.620e+02 6.820e+02 186 0 4 5.018e+02 5.062e+02 40 0 1 6.383e+02 6.637e+02 236 0 1 4.680e+02 4.980e+02 279 0 4 6.588e+02 6.852e+02 245 0 3 4.635e+02 5.025e+02 363 0 2 4.884e+02 5.196e+02 290 1 1 6.090e+02 6.090e+02 -23 1 4 5.794e+02 5.966e+02 160 1 3 6.032e+02 6.148e+02 107 1 4 6.218e+02 6.382e+02 153 2 3 3.957e+02 4.023e+02 60 2 4 3.663e+02 3.897e+02 217 2 4 3.865e+01 4.535e+01 62 2 2 7.697e+01 9.103e+01 130 2 4 3.236e+02 3.484e+02 230 2 1 4.283e+02 4.537e+02 236 2 1 5.409e+01 7.191e+01 166 2 4 4.445e+02 4.795e+02 325 2 4 7.365e+01 9.435e+01 192 2 2 6.481e+02 6.959e+02 443 2 3 3.441e+02 3.699e+02 239 2 3 5.804e+01 6.796e+01 92 2 2 3.991e+02 4.409e+02 388 2 2 4.359e+02 4.881e+02 486 2 3 4.194e+02 4.626e+02 400 3 3 9.115e+01 1.188e+02 257 3 1 8.679e+00 3.332e+01 229 3 2 6.894e+01 9.906e+01 280 3 3 6.351e+02 6.669e+02 296 3 2 6.554e+02 6.886e+02 308 3 4 6.564e+02 6.876e+02 290 3 2 6.338e+01 1.046e+02 383
1856 10 0 1 6.070e+02 6.110e+02 38 0 3 6.066e+02 6.114e+02 45 0 3 6.468e+02 6.552e+02 77 0 4 6.215e+02 6.385e+02 157 0 2 6.612e+02 6.828e+02 201 0 1 5.913e+02 6.267e+02 330 0 4 6.634e+02 6.806e+02 160 1 3 6.079e+02 6.101e+02 20 1 4 6.289e+02 6.311e+02 20 1 4 6.125e+02 6.475e+02 326
1857 49 0 1 5.054e+02 5.446e+02 365 1 2 5.427e+02 5.493e+02 62 1 4 5.363e+02 5.557e+02 180 1 1 5.518e+02 5.822e+02 283 1 3 5.511e+02 5.829e+02 295 2 2 1.657e+02 1.703e+02 43 2 4 5.439e+02 5.481e+02 40 2 2 2.099e+02 2.101e+02 1 2 1 6.499e+02 6.521e+02 20 2 4 2.919e+02 2.961e+02 40 2 3 3.966e+02 4.014e+02 46 2 4 3.750e+02 3.810e+02 56 2 1 5.643e+02 5.697e+02 50 2 4 1.252e+02 1.268e+02 16 2 2 5.847e+02 5.913e+02 62 2 3 1.435e+02 1.505e+02 65 2 2 4.091e+02 4.309e+02 203 2 3 2.277e+02 2.343e+02 61 2 3 5.654e+02 5.686e+02 30 2 3 3.122e+02 3.178e+02 51 2 2 6.197e+02 6.403e+02 190 2 2 3.354e+02 3.366e+02 10 2 4 4.847e+02 5.233e+02 358 2 1 5.153e+01 7.447e+01 213 2 2 5.383e+02 5.537e+02 143 2 2 7.805e+01 8.995e+01 110 2 4 6.183e+02 6.417e+02 218 2 3 1.804e+02 1.976e+02 160 2 3 6.318e+02 6.702e+02 357 2 4 2.502e+02 2.538e+02 33 2 3 5.106e+02 5.394e+02 268 2 1 2.689e+02 2.771e+02 76 2 1 5.932e+02 6.248e+02 293 2 4 3.286e+02 3.434e+02 138 2 4 5.288e+02 5.632e+02 319 2 2 3.098e+01 5.302e+01 205 2 4 7.509e+01 9.291e+01 166 2 4 1.498e+02 1.862e+02 338 2 2 2.447e+02 2.593e+02 135 2 3 2.628e+02 2.832e+02 190 2 3 3.465e+02 3.675e+02 196 2 3 4.489e+01 8.111e+01 336 2 2 1.143e+02 1.377e+02 218 2 3 1.725e+02 2.055e+02 307 2 1 2.189e+02 2.431e+02 224 2 1 3.406e+02 3.734e+02 306 2 4 1.147e+02 1.373e+02 210 2 2 2.338e+02 2.702e+02 337 2 4 1.922e+02 2.278e+02 330
1859 4 0 2 6.520e+02 6.920e+02 372 0 4 6.522e+02 6.918e+02 368 2 4 6.706e+01 1.009e+02 315 2 4 2.138e+01 6.262e+01 383
1860 2 2 4 1.260e+02 1.260e+02 -1 2 4 1.185e+02 1.335e+02 139
1861 0
1862 34 0 1 5.250e+02 5.250e+02 -6 0 1 6.090e+02 6.090e+02 -14 0 4 1.583e+02 1.777e+02 180 0 4 6.717e+02 6.723e+02 5 0 3 4.407e+02 4.413e+02 6 0 4 2.791e+02 3.089e+02 277 0 3 6.058e+02 6.122e+02 60 0 3 5.628e+02 5.712e+02 78 0 2 6.169e+02 6.431e+02 243 0 2 6.563e+02 6.877e+02 291 0 2 4.881e+02 5.199e+02 296 0 2 5.378e+02 5.542e+02 153 0 4 6.230e+02 6.370e+02 130 0 4 6.534e+02 6.906e+02 345 0 1 5.588e+02 5.752e+02 152 0 1 5.913e+02 6.267e+02 329 0 3 5.136e+02 5.364e+02 212 0 2 6.086e+02 6.514e+02 397 0 4 5.657e+02 6.103e+02 415 0 3 5.871e+02 6.309e+02 407 1 1 5.250e+02 5.250e+02 -8 2 1 1.680e+01 2.520e+01 78 2 2 4.081e+01 4.319e+01 22 2 4 1.513e+02 1.847e+02 310 2 4 3.587e+01 4.813e+01 114 2 1 1.764e+02 2.016e+02 235 2 3 5.283e+01 7.317e+01 189 2 3 1.682e+02 2.098e+02 386 2 4 2.761e+01 5.639e+01 267 2 2 1.432e+02 1.928e+02 460 2 1 4.740e+01 7.860e+01 290 2 2 2.245e+01 6.155e+01 363 2 4 1.747e+01 6.653e+01 456 2 3 3.910e+01 8.690e+01 444
1863 14 0 3 6.015e+02 6.165e+02 140 0 2 6.617e+02 6.823e+02 190 0 3 5.104e+02 5.396e+02 271 0 1 5.944e+02 6.236e+02 271 0 1 6.354e+02 6.666e+02 290 0 2 4.841e+02 5.240e+02 370 0 4 6.109e+02 6.491e+02 354 0 4 6.595e+02 6.845e+02 231 1 4 6.176e+02 6.424e+02 230 1 4 6.071e+02 6.529e+02 425 2 3 1.904e+01 2.296e+01 36 2 2 7.796e+01 9.004e+01 112 2 4 3.318e+01 5.082e+01 164 2 1 5.575e+01 7.025e+01 135
1864 69 0 3 4.828e+02 4.832e+02 4 0 4 2.903e+02 2.977e+02 69 0 2 6.720e+02 6.720e+02 -3 0 3 2.241e+02 2.379e+02 128 0 2 5.032e+02 5.048e+02 15 0 3 5.237e+02 5.263e+02 25 0 1 6.089e+02 6.091e+02 1 0 4 6.704e+02 6.736e+02 29 0 4 4.597e+02 4.643e+02 42 0 1 5.544e+02 5.796e+02 234 0 3 6.084e+02 6.096e+02 11 0 1 6.435e+02 6.585e+02 140 0 4 4.883e+02 5.197e+02 292 0 1 5.130e+02 5.370e+02 223 0 4 6.282e+02 6.318e+02 34 0 3 6.492e+02 6.528e+02 34 0 2 5.293e+02 5.627e+02 310 0 1 5.990e+02 6.190e+02 186 0 3 6.341e+02 6.679e+02 313 0 3 5.489e+02 5.851e+02 336 0 2 6.248e+02 6.352e+02 97 0 4 6.167e+02 6.433e+02 246 0 2 6.137e+02 6.463e+02 303 1 1 6.090e+02 6.090e+02 -18 1 4 5.864e+02 5.896e+02 30 1 3 6.089e+02 6.091e+02 2 1 1 5.630e+02 5.710e+02 75 1 3 5.593e+02 5.747e+02 144 1 2 5.781e+02 5.979e+02 183 1 4 5.366e+02 5.554e+02 175 1 2 5.704e+02 6.056e+02 327 2 4 1.673e+02 1.687e+02 13 2 4 5.460e+02 5.460e+02 -14 2 1 2.310e+02 2.310e+02 -20 2 4 2.940e+02 2.940e+02 -7 2 1 3.960e+02 4.020e+02 56 2 2 3.347e+02 3.373e+02 24 2 2 5.040e+02 5.040e+02 -9 2 1 6.300e+01 6.300e+01 -24 2 3 5.670e+02 5.670e+02 -17 2 1 1.890e+02 1.890e+02 -16 2 2 4.619e+02 4.621e+02 2 2 4 2.512e+02 2.528e+02 15 2 1 5.487e+02 5.853e+02 340 2 3 3.150e+02 3.150e+02 -19 2 2 5.812e+02 5.948e+02 126 2 4 3.327e+02 3.393e+02 62 2 1 4.251e+02 4.569e+02 295 2 3 6.300e+01 6.300e+01 -14 2 4 4.575e+02 4.665e+02 83 2 2 7.105e+01 9.695e+01 240 2 3 4.248e+02 4.572e+02 301 2 3 1.362e+02 1.578e+02 201 2 4 2.100e+02 2.100e+02 -3 2 3 2.666e+02 2.794e+02 118 2 1 3.460e+02 3.680e+02 205 2 4 3.699e+01 4.701e+01 93 2 2 1.532e+02 1.828e+02 275 2 3 2.221e+02 2.399e+02 165 2 3 3.455e+02 3.685e+02 214 2 4 2.730e+01 5.670e+01 273 2 3 1.769e+02 2.011e+02 226 2 2 2.022e+02 2.178e+02 146 2 2 3.663e+02 3.897e+02 218 2 1 4.704e+01 7.896e+01 296 2 4 1.507e+02 1.853e+02 321 2 1 2.181e+02 2.439e+02 240 2 4 3.649e+02 3.911e+02 244 3 4 8.043e+01 8.757e+01 66
1865 4 0 3 2.685e+02 2.775e+02 83 0 4 2.881e+02 2.999e+02 110 1 3 5.972e+02 6.208e+02 220 1 4 6.157e+02 6.443e+02 266
1866 11 0 3 5.650e+02 5.690e+02 37 0 2 6.683e+02 6.757e+02 69 0 1 5.946e+02 6.234e+02 267 0 2 6.320e+01 1.048e+02 386 0 4 6.648e+02 6.792e+02 134 2 2 4.200e+01 4.200e+01 -12 2 4 3.321e+02 3.399e+02 72 2 3 5.840e+01 6.760e+01 86 2 3 9.978e+00 3.202e+01 205 2 4 7.038e+01 9.762e+01 253 2 1 2.153e+02 2.467e+02 291
1867 9 0 2 2.496e+02 2.544e+02 45 0 1 4.408e+02 4.412e+02 4 0 1 5.643e+02 5.697e+02 50 0 1 5.208e+02 5.292e+02 78 0 3 4.819e+02 4.841e+02 20 0 3 5.200e+02 5.300e+02 93 2 3 3.883e+02 4.097e+02 198 2 4 3.928e+01 4.472e+01 50 2 3 5.826e+01 6.774e+01 88
1868 2 0 1 6.014e+02 6.166e+02 141 1 1 1.782e+02 1.998e+02 200
1871 2 2 1 4.752e+02 4.908e+02 146 3 3 6.090e+02 6.090e+02 -14
1872 9 0 4 8.173e+01 8.627e+01 42 0 3 2.707e+02 2.753e+02 43 0 3 3.892e+02 4.088e+02 182 0 2 2.907e+02 2.973e+02 60 0 1 3.849e+02 4.131e+02 262 0 2 3.695e+02 3.865e+02 158 0 4 3.676e+02 3.884e+02 193 2 3 4.606e+01 7.994e+01 315 2 3 4.146e+00 3.785e+01 313
1873 3 0 1 5.523e+02 5.817e+02 274 0 4 5.685e+02 6.075e+02 362 2 4 3.919e+01 4.481e+01 52
1876 12 0 2 1.258e+02 1.262e+02 4 1 4 2.924e+02 2.956e+02 29 1 4 3.658e+02 3.902e+02 227 2 3 2.711e+02 2.749e+02 35 2 1 2.646e+02 2.814e+02 156 2 2 2.790e+02 3.090e+02 279 2 1 3.614e+01 8.986e+01 499 3 2 8.312e+01 8.488e+01 16 3 4 7.832e+01 8.968e+01 106 3 1 1.785e+02 1.995e+02 196 3 3 4.583e+01 8.017e+01 319 3 1 8.815e+01 1.219e+02 313
1877 4 0 1 5.440e+02 5.900e+02 427 1 4 6.222e+02 6.378e+02 145 2 3 -9.221e-01 4.292e+01 407 2 2 1.810e+01 6.590e+01 444
1879 14 0 2 6.295e+02 6.305e+02 9 0 1 6.494e+02 6.526e+02 30 0 4 6.280e+02 6.320e+02 36 0 3 5.187e+02 5.313e+02 116 0 2 6.184e+02 6.416e+02 216 0 2 6.584e+02 6.856e+02 253 0 4 6.580e+02 6.860e+02 260 1 2 6.166e+02 6.434e+02 250 1 4 6.125e+02 6.475e+02 326 2 3 1.030e+02 1.070e+02 36 2 3 1.693e+01 2.507e+01 76 2 2 7.500e+01 9.300e+01 167 2 3 4.547e+01 8.053e+01 326 2 4 7.118e+01 9.682e+01 238
1880 21 0 2 3.754e+02 3.806e+02 49 0 2 5.371e+02 5.549e+02 166 0 4 3.733e+02 3.827e+02 87 0 1 5.539e+02 5.801e+02 243 0 2 3.637e+02 3.923e+02 266 0 3 5.553e+02 5.787e+02 216 1 2 6.288e+02 6.312e+02 23 1 4 6.287e+02 6.313e+02 24 1 1 5.984e+02 6.196e+02 196 1 3 5.947e+02 6.233e+02 266 2 2 2.508e+02 2.532e+02 21 2 3 1.850e+01 2.350e+01 46 2 2 1.234e+02 1.286e+02 49 2 4 1.636e+02 1.724e+02 81 2 4 2.074e+02 2.126e+02 49 2 4 3.207e+02 3.513e+02 284 2 4 3.430e+01 4.970e+01 143 2 3 9.550e+01 1.145e+02 176 2 4 2.434e+01 5.966e+01 328 2 1 1.296e+02 1.644e+02 324 2 3 1.901e+00 4.010e+01 355
1881 1 3 1 3.128e+02 3.172e+02 41
1883 10 0 4 6.288e+02 6.312e+02 23 0 2 6.245e+02 6.355e+02 101 0 1 5.975e+02 6.205e+02 213 0 3 5.930e+02 6.250e+02 296 2 4 8.400e+01 8.400e+01 -8 2 1 1.406e+01 2.794e+01 129 2 4 7.585e+01 9.215e+01 151 2 3 9.309e+00 3.269e+01 217 2 3 9.313e+01 1.169e+02 220 2 2 6.760e+01 1.004e+02 305
1884 4 2 4 8.393e+01 8.407e+01 1 2 3 1.042e+02 1.058e+02 15 2 2 7.271e+01 9.529e+01 210 2 4 1.082e+02 1.438e+02 331
1886 6 0 2 6.505e+02 6.935e+02 399 1 4 6.160e+02 6.440e+02 260 2 3 5.230e+02 5.270e+02 37 2 2 5.454e+02 5.466e+02 10 2 4 4.850e+02 5.230e+02 352 3 3 5.224e+02 5.276e+02 48
1887 10 0 3 5.654e+02 5.686e+02 29 0 2 5.367e+02 5.553e+02 173 0 4 5.686e+02 6.074e+02 360 2 4 6.273e+02 6.327e+02 50 2 3 5.244e+02 5.256e+02 11 2 3 6.497e+02 6.523e+02 24 2 4 4.924e+02 5.156e+02 216 2 2 5.383e+02 5.537e+02 142 2 2 6.643e+02 6.797e+02 142 2 1 5.477e+02 5.863e+02 358
1890 37 0 3 4.830e+02 4.830e+02 -3 0 1 5.650e+02 5.690e+02 37 0 3 5.647e+02 5.693e+02 43 0 4 5.759e+02 6.001e+02 226 0 1 5.547e+02 5.793e+02 228 0 2 5.267e+02 5.653e+02 359 1 2 5.866e+02 5.894e+02 26 1 2 6.176e+02 6.424e+02 230 2 3 1.041e+02 1.059e+02 17 2 4 4.618e+02 4.622e+02 3 2 1 1.466e+02 1.474e+02 8 2 4 6.293e+02 6.307e+02 14 2 3 3.563e+02 3.577e+02 13 2 4 6.704e+02 6.736e+02 29 2 2 1.260e+02 1.260e+02 -4 2 4 5.017e+02 5.063e+02 43 2 2 1.667e+02 1.693e+02 24 2 4 5.413e+02 5.507e+02 87 2 1 4.685e+00 3.732e+01 303 2 3 6.482e+02 6.538e+02 52 2 4 1.233e+02 1.287e+02 50 2 4 4.119e+02 4.281e+02 151 2 4 1.641e+02 1.719e+02 72 2 2 4.534e+02 4.706e+02 160 2 3 3.389e+02 3.751e+02 336 2 2 6.656e+02 6.784e+02 120 2 1 4.673e+01 7.927e+01 302 2 3 3.818e+02 4.162e+02 320 2 2 7.787e+01 9.013e+01 114 2 1 4.705e+02 4.955e+02 232 2 3 1.406e+02 1.534e+02 120 2 4 4.005e+02 4.395e+02 361 2 4 3.607e+02 3.953e+02 321 2 3 4.653e+02 5.007e+02 329 2 4 7.293e+01 9.507e+01 206 2 4 4.868e+02 5.212e+02 319 2 1 1.829e+02 1.951e+02 113
1891 7 0 2 3.768e+02 3.792e+02 22 0 3 6.474e+02 6.546e+02 66 0 1 3.952e+02 4.028e+02 70 0 2 6.699e+02 6.741e+02 39 1 2 6.285e+02 6.315e+02 27 2 4 1.230e+02 1.290e+02 56 3 2 6.652e+01 1.015e+02 325
1894 15 2 3 3.535e+02 3.605e+02 66 2 1 6.082e+01 6.518e+01 40 2 2 3.749e+02 3.811e+02 57 2 1 1.972e+01 2.228e+01 24 2 4 3.235e+02 3.485e+02 233 2 2 3.349e+01 5.051e+01 158 2 4 3.434e+01 4.966e+01 142 2 3 5.045e+01 7.555e+01 233 2 3 6.525e+00 3.547e+01 269 3 1 1.707e+01 2.493e+01 73 3 2 3.932e+01 4.468e+01 50 3 3 1.842e+01 2.358e+01 48 3 1 5.494e+01 7.106e+01 150 3 1 4.520e+01 8.080e+01 330 3 3 4.404e+01 8.196e+01 352
1895 5 1 1 6.079e+02 6.101e+02 21 1 4 5.809e+02 5.951e+02 132 1 4 6.267e+02 6.333e+02 61 1 3 6.022e+02 6.158e+02 126 2 4 5.727e+02 6.033e+02 284
1898 0
