13308 1 1 1 1.881e+02 1.899e+02 17
13310 0
13311 15 1 3 5.643e+02 5.697e+02 50 1 4 2.412e+02 2.628e+02 200 1 3 2.610e+02 2.850e+02 222 1 4 5.310e+02 5.610e+02 279 1 3 2.163e+02 2.457e+02 274 2 4 2.518e+02 2.522e+02 3 2 2 2.433e+02 2.607e+02 162 2 1 2.670e+02 2.790e+02 112 2 4 1.958e+02 2.242e+02 263 2 3 2.595e+02 2.865e+02 250 2 1 1.694e+02 2.086e+02 365 2 3 2.219e+02 2.401e+02 169 2 4 2.316e+02 2.724e+02 378 3 2 8.317e+01 8.483e+01 16 3 4 5.310e+02 5.610e+02 278
13312 3 1 1 6.059e+02 6.121e+02 58 1 1 4.654e+02 5.006e+02 327 1 2 5.687e+02 6.073e+02 359
13314 9 2 1 4.827e+02 4.833e+02 6 2 3 4.819e+02 4.841e+02 20 2 2 4.877e+02 5.203e+02 303 3 3 4.410e+02 4.410e+02 -10 3 3 5.234e+02 5.266e+02 30 3 1 3.882e+02 4.098e+02 201 3 2 4.084e+02 4.316e+02 215 3 1 3.484e+02 3.656e+02 159 3 4 4.459e+02 4.781e+02 300
13315 31 0 1 6.508e+02 6.512e+02 3 0 2 2.444e+02 2.596e+02 140 0 3 5.225e+02 5.275e+02 46 0 1 6.070e+02 6.110e+02 38 0 3 2.665e+02 2.795e+02 120 0 3 6.481e+02 6.539e+02 55 0 4 2.284e+02 2.756e+02 439 0 3 6.080e+02 6.100e+02 19 0 1 2.556e+02 2.904e+02 323 0 2 6.707e+02 6.733e+02 24 0 3 2.521e+02 2.939e+02 388 0 2 4.889e+02 5.191e+02 280 0 1 5.112e+02 5.388e+02 257 0 2 6.135e+02 6.465e+02 307 0 4 6.689e+02 6.751e+02 57 0 4 6.112e+02 6.488e+02 350 0 4 6.590e+02 6.850e+02 241 0 2 6.524e+02 6.916e+02 364 0 1 6.311e+02 6.709e+02 370 1 1 6.084e+02 6.096e+02 11 1 4 6.253e+02 6.347e+02 87 1 3 5.975e+02 6.205e+02 213 1 2 6.213e+02 6.387e+02 162 2 2 4.040e+01 4.360e+01 30 2 4 1.668e+02 1.692e+02 22 2 4 3.724e+02 3.836e+02 105 2 3 1.409e+02 1.531e+02 114 2 4 3.013e+01 5.387e+01 220 2 3 1.295e+02 1.645e+02 325 2 1 4.870e+01 7.730e+01 266 2 3 8.050e+00 3.395e+01 240
13316 9 0 3 1.852e+02 1.928e+02 70 0 4 3.182e+02 3.538e+02 330 0 3 2.162e+02 2.458e+02 275 0 4 2.331e+02 2.709e+02 350 2 1 1.671e+01 2.529e+01 80 2 3 1.913e+01 2.287e+01 35 2 1 8.363e+00 3.364e+01 235 2 3 1.038e+01 3.162e+01 197 2 4 2.905e+01 5.495e+01 240
13317 5 0 1 6.079e+02 6.101e+02 20 0 2 6.686e+02 6.754e+02 64 0 3 6.060e+02 6.120e+02 56 0 4 6.589e+02 6.851e+02 244 0 4 6.142e+02 6.458e+02 294
13319 20 0 1 4.830e+02 4.830e+02 -22 0 4 6.278e+02 6.322e+02 41 0 2 5.460e+02 5.460e+02 0 0 2 6.250e+02 6.350e+02 92 0 4 6.720e+02 6.720e+02 -5 0 2 5.015e+02 5.065e+02 47 0 1 5.644e+02 5.696e+02 48 0 1 5.962e+02 6.218e+02 237 0 2 6.657e+02 6.783e+02 116 0 4 4.998e+02 5.082e+02 79 0 3 5.910e+02 6.270e+02 335 0 4 6.639e+02 6.801e+02 150 0 1 6.414e+02 6.606e+02 179 0 3 6.394e+02 6.626e+02 216 2 2 2.499e+02 2.541e+02 39 2 2 3.614e+01 4.786e+01 109 2 3 2.161e+02 2.459e+02 277 2 4 2.348e+02 2.692e+02 319 2 4 1.910e+02 2.290e+02 352 3 1 5.984e+00 3.602e+01 279
13320 1 2 1 6.391e+00 3.561e+01 271
13321 0
13322 5 0 1 6.417e+02 6.603e+02 173 0 3 6.385e+02 6.635e+02 231 0 2 6.591e+02 6.849e+02 239 0 4 6.579e+02 6.861e+02 262 2 3 1.254e+01 2.946e+01 157
13326 0
13327 1 1 4 6.125e+02 6.475e+02 325
13328 5 0 1 1.021e+02 1.079e+02 53 0 1 1.400e+02 1.540e+02 130 0 3 9.407e+01 1.159e+02 203 0 2 1.066e+02 1.454e+02 360 1 1 5.670e+02 5.670e+02 -4
13331 19 0 4 2.833e+02 3.047e+02 199 0 1 2.656e+02 2.804e+02 137 0 2 2.730e+02 3.150e+02 390 1 3 6.019e+02 6.161e+02 132 1 4 1.960e+02 2.240e+02 260 1 1 5.900e+02 6.280e+02 352 1 2 5.675e+02 6.085e+02 380 1 4 6.093e+02 6.507e+02 384 2 3 3.083e+02 3.217e+02 124 2 2 3.262e+02 3.458e+02 181 2 2 3.309e+01 5.091e+01 166 2 2 7.473e+01 9.327e+01 172 2 4 2.852e+02 3.028e+02 164 2 3 3.472e+02 3.668e+02 182 2 4 3.233e+01 5.167e+01 180 2 4 7.298e+01 9.502e+01 205 2 1 3.847e+01 8.753e+01 456 2 3 3.798e+01 8.802e+01 465 2 3 -5.095e+00 4.710e+01 485
13332 4 0 2 4.610e+02 4.630e+02 19 0 4 4.600e+02 4.640e+02 37 0 3 4.222e+02 4.598e+02 350 2 4 5.763e+02 5.997e+02 216
13334 4 0 1 4.279e+02 4.541e+02 244 0 4 4.486e+02 4.754e+02 250 0 3 4.181e+02 4.639e+02 425 0 2 6.467e+02 6.973e+02 470
13336 1 1 1 4.234e+02 4.586e+02 326
13338 46 0 2 6.300e+02 6.300e+02 -20 0 3 5.670e+02 5.670e+02 0 0 4 6.300e+02 6.300e+02 -11 0 3 6.510e+02 6.510e+02 0 0 1 1.342e+02 1.598e+02 238 0 1 5.195e+02 5.305e+02 103 0 4 6.690e+02 6.750e+02 56 0 3 6.090e+02 6.090e+02 -14 0 2 6.617e+02 6.823e+02 192 0 4 5.822e+02 5.938e+02 108 0 1 6.331e+02 6.689e+02 333 0 3 5.999e+02 6.181e+02 169 0 3 6.382e+02 6.638e+02 237 0 4 6.178e+02 6.422e+02 226 0 3 5.909e+02 6.271e+02 336 1 2 5.441e+02 5.479e+02 36 1 4 1.597e+02 1.763e+02 155 1 1 6.070e+02 6.110e+02 38 1 4 5.433e+02 5.487e+02 50 1 1 2.157e+02 2.463e+02 284 1 2 6.298e+02 6.302e+02 5 1 4 5.848e+02 5.912e+02 59 1 4 6.229e+02 6.371e+02 131 1 1 5.547e+02 5.793e+02 229 1 2 6.123e+02 6.477e+02 328 1 2 5.799e+02 5.961e+02 150 2 2 4.184e+01 4.216e+01 3 2 4 1.678e+02 1.682e+02 5 2 4 4.200e+01 4.200e+01 -12 2 4 4.985e+02 5.095e+02 102 2 2 1.260e+02 1.260e+02 -7 2 3 5.234e+02 5.266e+02 30 2 1 1.857e+02 1.923e+02 60 2 3 4.267e+02 4.553e+02 266 2 1 6.064e+01 6.536e+01 44 2 4 4.567e+02 4.673e+02 98 2 4 7.509e+01 9.291e+01 166 2 3 1.777e+02 2.003e+02 210 2 3 5.934e+01 6.666e+01 68 2 3 9.483e+01 1.152e+02 189 2 2 1.535e+02 1.825e+02 269 2 3 1.146e+01 3.054e+01 177 2 2 7.527e+01 9.273e+01 162 2 1 4.146e+00 3.785e+01 313 3 1 1.963e+01 2.237e+01 26 3 2 3.732e+02 3.828e+02 89
13339 4 0 2 6.630e+02 6.810e+02 166 2 3 1.886e+01 2.314e+01 40 2 2 3.663e+01 4.737e+01 100 2 1 8.679e+00 3.332e+01 229
13345 1 2 4 6.724e+01 1.008e+02 311
13346 6 0 2 3.602e+02 3.958e+02 330 1 2 5.855e+02 5.905e+02 47 1 4 5.852e+02 5.908e+02 52 1 1 5.953e+02 6.227e+02 254 1 3 5.948e+02 6.232e+02 263 2 2 2.914e+01 5.486e+01 239
13347 1 1 1 7.837e+01 1.316e+02 495
13348 19 2 2 4.169e+02 4.231e+02 57 2 4 5.854e+02 5.906e+02 49 2 2 3.776e+02 3.784e+02 8 2 2 5.845e+02 5.915e+02 66 2 2 6.621e+02 6.819e+02 183 2 3 3.847e+02 4.133e+02 266 2 1 3.378e+02 3.762e+02 357 2 3 5.514e+02 5.826e+02 290 2 4 3.607e+02 3.953e+02 320 2 1 4.246e+02 4.574e+02 304 2 1 5.488e+02 5.852e+02 338 3 1 3.922e+02 4.058e+02 127 3 2 4.601e+02 4.639e+02 35 3 4 6.677e+02 6.763e+02 80 3 2 3.673e+02 3.887e+02 198 3 1 4.701e+02 4.959e+02 239 3 4 4.605e+02 4.635e+02 27 3 2 3.156e+02 3.564e+02 378 3 3 4.240e+02 4.580e+02 316
13350 19 2 4 2.461e+02 2.579e+02 109 2 1 6.455e+02 6.565e+02 103 2 2 1.220e+02 1.300e+02 75 2 2 6.224e+02 6.376e+02 141 2 4 1.186e+02 1.334e+02 137 2 3 1.321e+02 1.619e+02 276 2 1 2.183e+02 2.437e+02 236 2 3 6.335e+02 6.685e+02 326 2 1 1.286e+02 1.654e+02 342 2 3 2.180e+02 2.440e+02 242 3 2 2.511e+02 2.529e+02 17 3 2 2.940e+02 2.940e+02 -9 3 4 3.772e+02 3.788e+02 16 3 4 2.520e+02 2.520e+02 0 3 3 3.528e+02 3.612e+02 78 3 1 2.598e+02 2.862e+02 245 3 3 2.968e+02 3.332e+02 339 3 3 2.600e+02 2.860e+02 242 3 1 2.141e+02 2.479e+02 315
13351 6 1 3 5.667e+02 5.673e+02 6 1 2 5.437e+02 5.483e+02 42 1 1 5.122e+02 5.378e+02 238 1 4 5.722e+02 6.038e+02 294 2 4 6.699e+02 6.741e+02 40 2 4 6.542e+02 6.898e+02 330
13352 18 0 2 5.423e+02 5.497e+02 68 0 4 6.677e+02 6.763e+02 80 0 1 5.647e+02 5.693e+02 42 0 4 5.803e+02 5.957e+02 142 0 2 6.657e+02 6.783e+02 116 0 3 5.581e+02 5.759e+02 166 0 3 5.967e+02 6.213e+02 228 0 3 6.322e+02 6.698e+02 350 0 1 5.117e+02 5.383e+02 247 0 1 5.930e+02 6.250e+02 296 0 2 6.522e+02 6.918e+02 368 0 3 5.061e+02 5.439e+02 351 0 4 6.507e+02 6.933e+02 395 2 4 5.448e+02 5.472e+02 23 2 1 1.990e+01 2.210e+01 20 2 3 1.738e+01 2.462e+01 67 2 4 2.761e+01 5.639e+01 267 2 2 2.380e+01 6.020e+01 338
