54914 1 2 1 7.061e+00 3.494e+01 259
54915 12 2 2 4.196e+02 4.204e+02 7 2 1 6.508e+02 6.512e+02 5 2 3 4.785e+02 4.875e+02 83 2 4 2.487e+02 2.553e+02 61 2 3 3.536e+02 3.604e+02 63 2 4 4.528e+02 4.712e+02 171 2 4 3.915e+01 4.485e+01 53 2 2 4.459e+02 4.781e+02 299 2 4 1.233e+02 1.287e+02 50 2 2 3.232e+02 3.488e+02 238 2 4 3.627e+02 3.933e+02 285 3 2 7.329e+01 9.471e+01 199
54916 0
54917 8 0 4 2.097e+02 2.103e+02 5 2 1 5.608e+02 5.732e+02 116 2 2 5.355e+02 5.565e+02 196 3 3 5.227e+02 5.273e+02 42 3 2 5.015e+02 5.065e+02 46 3 4 5.400e+02 5.520e+02 110 3 1 6.026e+02 6.154e+02 120 3 1 4.732e+02 4.928e+02 181
54918 0
54919 0
54920 0
54921 1 2 1 -4.604e+00 4.660e+01 476
54922 6 0 3 4.410e+02 4.410e+02 -2 0 4 2.407e+02 2.633e+02 210 0 2 5.003e+02 5.077e+02 69 0 4 4.935e+02 5.145e+02 195 0 1 4.725e+02 4.935e+02 196 0 3 5.076e+02 5.424e+02 324
54923 16 0 4 1.606e+02 1.754e+02 138 0 2 4.572e+02 4.668e+02 90 0 4 4.589e+02 4.651e+02 58 0 1 5.101e+02 5.399e+02 276 0 3 4.219e+02 4.601e+02 354 0 1 4.799e+02 4.861e+02 57 0 3 5.134e+02 5.366e+02 216 0 2 4.929e+02 5.151e+02 206 0 4 4.865e+02 5.215e+02 326 0 1 4.610e+02 5.050e+02 409 2 4 7.872e+01 8.928e+01 98 2 3 1.343e+01 2.857e+01 140 2 2 2.945e+01 5.455e+01 233 2 1 3.921e+00 3.808e+01 317 2 4 1.050e+02 1.470e+02 390 2 4 2.012e+01 6.388e+01 406
54924 7 0 2 5.419e+02 5.501e+02 76 0 2 6.699e+02 6.741e+02 39 0 2 6.593e+02 6.847e+02 236 0 3 5.566e+02 5.774e+02 194 0 4 6.636e+02 6.804e+02 156 0 1 5.505e+02 5.835e+02 306 0 4 6.547e+02 6.893e+02 321
54925 5 0 4 6.230e+02 6.370e+02 130 0 4 6.654e+02 6.786e+02 122 0 2 6.106e+02 6.494e+02 360 0 3 6.429e+02 6.591e+02 151 0 2 6.624e+02 6.816e+02 178
54926 0
54927 17 0 4 1.646e+02 1.714e+02 63 0 3 4.749e+02 4.911e+02 150 0 1 5.567e+02 5.773e+02 192 0 4 5.828e+02 5.932e+02 96 0 2 1.132e+02 1.388e+02 237 0 2 4.530e+02 4.710e+02 168 0 4 4.476e+02 4.764e+02 268 0 3 5.489e+02 5.851e+02 336 0 1 4.687e+02 4.973e+02 266 2 2 1.638e+02 1.722e+02 77 2 4 3.982e+01 4.418e+01 40 2 4 4.165e+02 4.235e+02 65 2 4 1.608e+02 1.752e+02 135 2 2 4.125e+02 4.275e+02 140 2 1 1.742e+02 2.038e+02 276 2 3 1.737e+02 2.043e+02 284 2 3 4.243e+02 4.577e+02 310
54928 15 0 1 6.025e+02 6.155e+02 121 0 3 6.066e+02 6.114e+02 44 0 4 5.716e+02 6.044e+02 305 1 3 6.054e+02 6.126e+02 66 1 1 6.018e+02 6.162e+02 133 1 2 5.725e+02 6.035e+02 287 1 4 5.712e+02 6.048e+02 312 2 2 7.922e+01 8.878e+01 89 2 1 4.714e+01 7.886e+01 295 2 4 7.828e+01 8.972e+01 106 2 3 4.843e+01 7.757e+01 270 3 4 3.987e+01 4.413e+01 40 3 2 3.798e+01 4.602e+01 75 3 1 4.749e+01 7.851e+01 288 3 3 4.628e+01 7.972e+01 310
54929 2 2 1 1.422e+02 1.518e+02 89 2 1 1.310e+02 1.630e+02 297
54930 8 3 3 5.663e+02 5.677e+02 12 3 1 6.491e+02 6.529e+02 35 3 4 6.691e+02 6.749e+02 53 3 2 5.325e+02 5.595e+02 250 3 3 6.407e+02 6.613e+02 191 3 1 5.556e+02 5.784e+02 211 3 2 6.143e+02 6.457e+02 292 3 4 5.720e+02 6.040e+02 298
54931 3 0 2 6.231e+02 6.369e+02 129 0 4 6.210e+02 6.390e+02 167 0 3 6.400e+02 6.620e+02 204
54932 7 0 1 2.715e+02 2.745e+02 28 0 3 2.694e+02 2.766e+02 66 0 2 2.356e+02 2.684e+02 305 0 4 2.891e+02 2.989e+02 91 1 3 6.090e+02 6.090e+02 -16 2 4 4.173e+02 4.227e+02 50 3 4 3.762e+02 3.798e+02 33
54933 1 2 3 1.375e+01 2.825e+01 135
54934 0
54935 10 0 3 5.627e+02 5.713e+02 80 0 1 5.590e+02 5.750e+02 148 0 4 5.724e+02 6.036e+02 289 2 4 3.337e+02 3.383e+02 43 2 4 8.370e+01 8.430e+01 6 2 2 2.050e+02 2.150e+02 92 2 2 7.415e+01 9.385e+01 183 2 3 3.407e+02 3.733e+02 303 2 1 4.633e+01 7.967e+01 310 2 3 9.201e+01 1.180e+02 241
54936 3 2 4 8.195e+01 8.605e+01 38 2 2 7.298e+01 9.502e+01 205 2 3 8.918e+01 1.208e+02 294
54937 2 2 1 6.616e+00 3.538e+01 267 2 3 4.954e+00 3.705e+01 298
54938 20 0 4 6.268e+02 6.332e+02 59 0 1 5.201e+02 5.299e+02 91 0 1 6.079e+02 6.101e+02 20 0 1 6.379e+02 6.641e+02 243 0 2 4.945e+02 5.135e+02 176 0 3 5.242e+02 5.258e+02 16 0 3 6.071e+02 6.109e+02 36 0 3 6.419e+02 6.601e+02 169 0 1 5.119e+02 5.381e+02 244 0 2 6.228e+02 6.372e+02 135 0 2 6.616e+02 6.824e+02 193 0 2 4.848e+02 5.232e+02 356 0 1 5.932e+02 6.248e+02 293 0 4 6.605e+02 6.835e+02 213 0 2 6.158e+02 6.442e+02 265 0 4 6.114e+02 6.486e+02 346 2 2 8.101e+01 8.699e+01 56 2 4 7.729e+01 9.071e+01 125 2 4 6.543e+02 6.897e+02 329 2 3 9.560e+01 1.144e+02 175
54939 0
54941 18 0 1 5.520e+02 5.820e+02 279 0 4 5.624e+02 6.136e+02 476 1 2 5.729e+02 6.031e+02 280 2 1 5.221e+02 5.279e+02 54 2 1 3.891e+02 4.089e+02 183 2 3 3.908e+02 4.072e+02 153 2 2 1.712e+01 6.688e+01 462 2 2 4.486e+02 4.754e+02 249 2 2 4.095e+02 4.305e+02 195 3 4 3.261e+02 3.459e+02 183 3 3 3.529e+02 3.611e+02 76 3 1 4.397e+02 4.423e+02 24 3 2 3.189e+02 3.531e+02 318 3 4 3.709e+02 3.851e+02 131 3 2 4.155e+02 4.245e+02 84 3 1 3.836e+02 4.144e+02 286 3 3 3.818e+02 4.162e+02 320 3 1 3.427e+02 3.713e+02 266
54942 1 1 4 6.277e+02 6.323e+02 43
54943 0
54944 10 0 1 6.501e+02 6.519e+02 17 0 3 5.235e+02 5.265e+02 27 0 4 2.935e+02 2.945e+02 9 0 4 6.716e+02 6.724e+02 8 0 3 2.681e+02 2.779e+02 91 0 2 5.005e+02 5.075e+02 66 0 2 4.914e+02 5.166e+02 234 0 3 2.138e+02 2.482e+02 319 0 3 6.355e+02 6.665e+02 288 0 3 2.543e+02 2.917e+02 346
