998 0
999 0
1007 1 0 1 6.397e+02 6.623e+02 210
1009 26 0 4 2.494e+02 2.546e+02 48 0 3 6.064e+02 6.116e+02 49 0 2 6.718e+02 6.722e+02 3 0 1 6.019e+02 6.161e+02 131 0 1 6.443e+02 6.577e+02 124 0 2 6.182e+02 6.418e+02 220 0 4 6.148e+02 6.452e+02 283 1 1 5.666e+02 5.674e+02 8 1 3 6.085e+02 6.095e+02 10 1 3 5.649e+02 5.691e+02 40 1 2 6.279e+02 6.321e+02 40 1 4 5.759e+02 6.001e+02 224 1 4 6.285e+02 6.315e+02 27 1 3 5.494e+02 5.846e+02 326 1 1 6.074e+02 6.106e+02 29 1 2 5.724e+02 6.036e+02 290 1 4 6.225e+02 6.375e+02 139 1 2 5.284e+02 5.636e+02 326 1 4 6.161e+02 6.439e+02 258 1 1 5.922e+02 6.258e+02 311 2 3 1.457e+02 1.483e+02 25 2 4 2.919e+02 2.961e+02 40 2 4 1.632e+02 1.728e+02 90 2 1 3.099e+02 3.201e+02 96 2 2 2.850e+02 3.030e+02 167 2 3 3.006e+02 3.294e+02 268
1011 8 1 1 5.594e+02 5.746e+02 141 1 4 4.470e+02 4.770e+02 279 1 1 5.912e+02 6.268e+02 330 2 4 3.350e+02 3.370e+02 19 2 1 3.563e+02 3.577e+02 13 2 1 1.737e+02 2.043e+02 284 2 3 3.529e+02 3.611e+02 76 2 2 3.656e+02 3.904e+02 230
1015 2 2 2 4.184e+01 4.216e+01 3 2 4 2.920e+02 2.960e+02 37
1020 7 2 1 5.637e+02 5.703e+02 62 2 2 5.040e+02 5.040e+02 -3 2 3 5.635e+02 5.705e+02 65 2 4 4.977e+02 5.103e+02 116 2 3 5.197e+02 5.303e+02 99 2 2 5.735e+02 6.025e+02 270 2 4 5.295e+02 5.625e+02 307
1021 2 0 4 6.111e+02 6.489e+02 351 1 4 6.236e+02 6.364e+02 118
1022 22 0 1 6.074e+02 6.106e+02 29 0 2 5.007e+02 5.073e+02 60 0 4 5.792e+02 5.968e+02 164 0 4 5.040e+02 5.040e+02 -4 0 1 5.522e+02 5.818e+02 275 0 1 5.959e+02 6.221e+02 243 0 1 4.220e+02 4.600e+02 353 0 2 4.593e+02 4.647e+02 50 0 4 4.534e+02 4.706e+02 160 0 3 4.705e+02 4.955e+02 231 0 1 4.702e+02 4.958e+02 238 1 2 6.275e+02 6.325e+02 47 1 1 5.619e+02 5.721e+02 95 1 2 6.172e+02 6.428e+02 238 2 2 3.542e+01 4.858e+01 122 2 2 8.348e+01 8.452e+01 10 2 3 9.847e+00 3.215e+01 207 2 4 4.181e+02 4.219e+02 36 2 2 7.814e+01 8.986e+01 109 2 4 3.192e+01 5.208e+01 187 2 4 7.002e+01 9.798e+01 260 2 1 4.462e+00 3.754e+01 307
1024 10 0 2 6.621e+02 6.819e+02 185 0 4 6.579e+02 6.861e+02 262 1 1 6.006e+02 6.174e+02 156 1 3 5.984e+02 6.196e+02 197 1 2 6.194e+02 6.406e+02 196 1 4 6.221e+02 6.379e+02 147 2 3 2.654e+02 2.806e+02 140 2 2 2.851e+02 3.029e+02 166 2 1 2.568e+02 2.892e+02 301 2 4 2.772e+02 3.108e+02 311
1025 26 0 4 5.829e+02 5.931e+02 96 0 1 5.504e+02 5.836e+02 309 0 3 4.484e+01 8.116e+01 337 0 2 6.256e+02 6.344e+02 81 0 3 6.401e+02 6.619e+02 203 0 1 5.935e+02 6.245e+02 287 0 2 6.598e+02 6.842e+02 226 0 3 5.916e+02 6.264e+02 324 0 4 6.603e+02 6.837e+02 217 0 4 6.057e+02 6.543e+02 450 0 3 6.318e+02 6.702e+02 356 0 1 5.841e+02 6.339e+02 463 1 1 6.043e+02 6.137e+02 87 1 2 5.822e+02 5.938e+02 108 1 2 6.297e+02 6.303e+02 6 1 1 4.680e+02 4.980e+02 278 1 4 6.267e+02 6.333e+02 61 1 1 4.562e+02 5.098e+02 497 1 2 6.165e+02 6.435e+02 251 1 1 5.904e+02 6.276e+02 345 2 4 8.281e+01 8.519e+01 22 2 1 1.559e+01 2.641e+01 100 2 3 1.375e+01 2.825e+01 135 2 2 7.271e+01 9.529e+01 210 2 2 3.125e+01 5.275e+01 200 2 3 9.021e+01 1.198e+02 275
1031 9 0 3 5.619e+02 5.721e+02 96 0 2 6.629e+02 6.811e+02 169 0 2 5.348e+02 5.572e+02 207 0 4 6.618e+02 6.822e+02 189 0 1 5.544e+02 5.796e+02 234 2 1 1.020e+02 1.080e+02 56 2 3 1.033e+02 1.067e+02 32 2 2 6.647e+01 1.015e+02 326 2 4 6.755e+01 1.005e+02 306
1035 6 0 3 2.706e+02 2.754e+02 45 0 2 6.647e+02 6.793e+02 136 1 1 1.258e+02 1.682e+02 395 2 3 3.466e+02 3.674e+02 193 2 4 2.338e+02 2.702e+02 337 2 2 3.277e+02 3.443e+02 155
1036 12 0 3 4.294e+02 4.526e+02 215 0 4 4.057e+02 4.343e+02 266 0 1 5.096e+02 5.404e+02 286 1 2 6.109e+02 6.491e+02 354 2 3 6.095e+01 6.505e+01 38 2 2 3.892e+01 4.508e+01 57 2 3 9.384e+01 1.162e+02 207 2 3 1.851e+02 1.929e+02 72 2 1 5.548e+01 7.052e+01 140 2 4 1.463e+02 1.897e+02 404 2 3 1.074e+01 3.126e+01 190 2 4 2.205e+01 6.195e+01 370
1041 72 0 3 4.826e+02 4.834e+02 7 0 2 5.448e+02 5.472e+02 23 0 4 3.344e+02 3.376e+02 29 0 3 6.074e+02 6.106e+02 29 0 1 1.492e+01 2.708e+01 113 0 1 6.495e+02 6.525e+02 27 0 2 7.962e+01 8.838e+01 81 0 1 3.966e+02 4.014e+02 45 0 1 3.029e+02 3.271e+02 224 0 3 5.665e+02 5.675e+02 10 0 3 1.761e+01 2.439e+01 63 0 2 6.288e+02 6.312e+02 21 0 4 7.504e+01 9.296e+01 166 0 3 6.491e+02 6.529e+02 36 0 4 2.744e+02 3.136e+02 364 0 3 3.910e+02 4.070e+02 149 0 2 3.313e+01 5.087e+01 165 0 2 4.947e+02 5.133e+02 172 0 3 8.572e+01 1.243e+02 358 0 1 5.229e+02 5.271e+02 39 0 1 5.436e+01 7.164e+01 160 0 4 6.298e+02 6.302e+02 3 0 2 2.532e+01 5.868e+01 310 0 2 6.683e+02 6.757e+02 68 0 4 4.119e+02 4.281e+02 150 0 3 5.168e+02 5.332e+02 151 0 4 5.853e+02 5.907e+02 50 0 2 6.575e+02 6.865e+02 270 1 1 5.651e+02 5.689e+02 36 1 3 6.078e+02 6.102e+02 21 1 3 5.657e+02 5.683e+02 24 1 3 4.221e+02 4.599e+02 351 1 2 6.294e+02 6.306e+02 11 1 4 5.829e+02 5.931e+02 94 1 4 6.295e+02 6.305e+02 10 1 1 5.074e+02 5.426e+02 326 1 2 5.801e+02 5.959e+02 147 1 1 6.063e+02 6.117e+02 50 1 2 5.358e+02 5.562e+02 189 1 2 5.282e+02 5.638e+02 330 2 4 2.509e+02 2.531e+02 20 2 3 3.973e+02 4.007e+02 31 2 1 3.132e+02 3.168e+02 34 2 2 4.615e+02 4.625e+02 9 2 2 3.762e+02 3.798e+02 33 2 3 6.039e+02 6.141e+02 95 2 2 4.192e+02 4.208e+02 16 2 4 1.224e+02 1.296e+02 67 2 4 4.611e+02 4.629e+02 16 2 3 1.450e+02 1.490e+02 38 2 2 6.260e+02 6.340e+02 75 2 3 3.123e+02 3.177e+02 50 2 3 4.332e+02 4.488e+02 145 2 2 3.313e+02 3.407e+02 87 2 3 4.756e+02 4.904e+02 138 2 1 6.050e+01 6.550e+01 46 2 3 5.481e+02 5.859e+02 351 2 4 8.303e+01 8.497e+01 18 2 4 5.782e+02 5.978e+02 181 2 4 1.636e+02 1.724e+02 82 2 3 6.335e+02 6.685e+02 325 2 2 2.016e+02 2.184e+02 156 2 2 4.059e+02 4.341e+02 262 2 4 2.859e+02 3.021e+02 150 2 1 4.687e+02 4.973e+02 266 2 4 3.302e+02 3.418e+02 108 2 3 5.921e+02 6.259e+02 315 2 3 1.940e+01 2.260e+01 30 2 4 4.042e+02 4.358e+02 294 2 3 9.519e+01 1.148e+02 182 2 4 4.424e+02 4.816e+02 365 3 2 1.232e+02 1.288e+02 51
1044 2 0 1 5.661e+02 5.679e+02 17 0 2 6.582e+02 6.858e+02 256
1045 6 0 4 5.857e+02 5.903e+02 42 0 1 1.281e+01 2.919e+01 152 0 1 5.952e+02 6.228e+02 257 0 3 5.950e+02 6.230e+02 260 1 2 2.271e+02 2.769e+02 462 2 4 7.092e+01 9.708e+01 243
1046 13 0 1 3.869e+02 4.111e+02 224 0 2 6.625e+02 6.815e+02 177 0 4 4.056e+02 4.344e+02 268 0 4 6.594e+02 6.846e+02 234 0 1 3.784e+02 4.196e+02 383 0 3 3.818e+02 4.162e+02 320 2 3 1.761e+01 2.439e+01 63 2 2 3.839e+01 4.561e+01 67 2 4 1.572e+02 1.788e+02 201 2 4 3.987e+01 4.413e+01 40 2 3 5.503e+01 7.097e+01 148 2 2 2.981e+01 5.419e+01 226 2 1 1.007e+01 3.193e+01 203
1047 12 0 2 6.250e+02 6.350e+02 93 0 2 6.703e+02 6.737e+02 31 0 3 5.615e+02 5.725e+02 102 0 4 6.282e+02 6.318e+02 33 0 1 5.956e+02 6.224e+02 250 0 4 6.576e+02 6.864e+02 268 0 3 5.914e+02 6.266e+02 326 2 4 3.327e+02 3.393e+02 61 2 3 1.478e+01 2.722e+01 116 2 3 3.086e+02 3.214e+02 120 2 1 1.218e+01 2.982e+01 164 3 3 2.716e+02 2.744e+02 26
1048 4 0 2 2.503e+02 2.537e+02 32 0 4 3.635e+02 3.925e+02 270 1 4 5.831e+02 5.929e+02 90 1 4 5.710e+02 6.050e+02 316
1049 8 3 4 4.620e+02 4.620e+02 -23 3 3 3.539e+02 3.601e+02 57 3 2 4.200e+02 4.200e+02 -18 3 1 3.858e+02 4.122e+02 246 3 4 4.173e+02 4.227e+02 50 3 3 3.847e+02 4.133e+02 265 3 2 4.132e+02 4.268e+02 126 3 1 4.264e+02 4.556e+02 270
1050 6 1 2 5.759e+02 6.001e+02 224 2 4 3.538e+01 4.862e+01 123 2 1 4.692e+02 4.968e+02 257 2 1 1.065e+01 3.135e+01 192 2 3 4.372e+01 8.228e+01 358 2 2 1.981e+01 6.419e+01 412
1051 0
1052 8 0 3 6.499e+02 6.521e+02 20 2 1 3.134e+02 3.166e+02 29 2 2 2.426e+02 2.614e+02 174 2 1 2.728e+02 2.732e+02 4 2 4 1.959e+02 2.241e+02 262 2 1 3.039e+02 3.261e+02 206 2 3 1.755e+02 2.025e+02 250 2 1 2.564e+02 2.896e+02 309
1053 13 0 2 6.573e+02 6.867e+02 272 0 4 4.870e+02 5.210e+02 316 0 4 6.538e+02 6.902e+02 339 1 2 5.857e+02 5.903e+02 43 1 4 5.862e+02 5.898e+02 34 1 1 5.069e+02 5.431e+02 336 1 1 5.535e+02 5.805e+02 250 1 3 5.495e+02 5.845e+02 326 2 4 5.846e+02 5.914e+02 64 2 2 5.018e+02 5.062e+02 41 2 3 6.071e+02 6.109e+02 35 2 1 5.084e+02 5.416e+02 309 2 2 6.250e+02 6.350e+02 93
1054 1 2 4 2.091e+02 2.109e+02 16
1059 3 2 2 1.243e+02 1.277e+02 32 2 2 2.501e+01 5.899e+01 316 2 3 1.291e+02 1.649e+02 332
1060 16 0 1 6.507e+02 6.513e+02 6 0 1 3.524e+02 3.616e+02 86 0 4 4.166e+02 4.234e+02 64 0 1 1.432e+02 1.508e+02 71 0 3 3.951e+02 4.029e+02 73 0 2 3.657e+02 3.903e+02 228 0 2 1.561e+02 1.799e+02 221 0 4 1.496e+02 1.864e+02 341 1 2 6.298e+02 6.302e+02 5 1 1 6.013e+02 6.167e+02 144 2 1 1.442e+02 1.498e+02 52 2 4 2.068e+02 2.132e+02 59 2 4 1.131e+02 1.389e+02 239 2 3 1.428e+02 1.512e+02 78 2 4 1.996e+02 2.204e+02 193 2 2 1.094e+02 1.426e+02 309
1062 0
1063 8 0 1 6.488e+02 6.532e+02 40 0 4 6.682e+02 6.758e+02 71 0 3 6.385e+02 6.635e+02 231 0 2 6.600e+02 6.840e+02 223 2 2 2.504e+02 2.536e+02 30 2 2 2.926e+02 2.954e+02 26 2 4 2.444e+02 2.596e+02 141 2 3 2.163e+02 2.457e+02 272
