3980 0
3981 9 2 1 2.066e+01 2.134e+01 6 2 4 8.353e+01 8.447e+01 9 2 2 3.951e+01 4.449e+01 46 2 3 5.436e+01 7.164e+01 160 3 1 6.455e+02 6.565e+02 103 3 2 6.717e+02 6.723e+02 6 3 4 6.670e+02 6.770e+02 93 3 4 6.590e+02 6.850e+02 241 3 2 6.566e+02 6.874e+02 286
3983 4 0 4 5.654e+02 6.106e+02 419 1 1 7.468e+00 3.453e+01 251 1 4 5.689e+02 6.071e+02 354 2 1 3.985e+02 3.995e+02 10
3985 0
3987 19 0 1 6.033e+02 6.147e+02 106 0 3 6.420e+02 6.600e+02 166 0 2 4.953e+02 5.127e+02 161 0 3 5.123e+02 5.377e+02 236 0 2 6.532e+02 6.908e+02 350 0 4 4.815e+02 5.265e+02 418 0 1 4.629e+02 5.031e+02 374 1 1 1.812e+02 1.968e+02 146 2 3 5.252e+01 7.348e+01 195 2 2 1.155e+02 1.365e+02 196 2 1 1.401e+02 1.539e+02 129 2 1 4.637e+01 7.963e+01 309 2 2 6.948e+01 9.852e+01 270 2 1 1.768e+02 2.012e+02 227 2 3 9.070e+01 1.193e+02 266 2 1 1.664e+02 2.116e+02 419 2 4 6.324e+01 1.048e+02 386 2 4 1.028e+02 1.492e+02 431 3 1 4.748e+02 4.912e+02 152
3990 28 0 4 6.248e+02 6.352e+02 97 0 3 2.295e+02 2.325e+02 28 0 3 5.639e+02 5.701e+02 58 0 1 6.022e+02 6.158e+02 126 0 2 1.994e+02 2.206e+02 196 0 1 6.372e+02 6.648e+02 256 0 1 2.131e+02 2.489e+02 333 0 2 5.333e+02 5.587e+02 236 0 3 6.047e+02 6.133e+02 80 0 4 2.373e+02 2.667e+02 273 0 3 6.345e+02 6.675e+02 306 0 4 4.879e+02 5.201e+02 300 0 1 5.523e+02 5.817e+02 272 0 2 6.242e+02 6.358e+02 108 0 4 5.734e+02 6.026e+02 271 0 2 6.116e+02 6.484e+02 342 2 4 6.283e+02 6.317e+02 31 2 3 3.515e+02 3.625e+02 103 2 1 5.627e+02 5.713e+02 80 2 3 6.461e+02 6.559e+02 90 2 2 3.712e+02 3.848e+02 126 2 4 3.167e+02 3.553e+02 358 2 4 4.186e+02 4.214e+02 26 2 1 5.514e+02 5.826e+02 290 2 1 3.366e+02 3.774e+02 378 2 2 6.677e+02 6.763e+02 80 3 2 4.121e+01 4.279e+01 15 3 2 8.106e+01 8.694e+01 55
3991 47 0 1 2.720e+02 2.740e+02 19 0 4 2.069e+02 2.131e+02 58 0 3 2.727e+02 2.733e+02 5 0 3 1.815e+02 1.965e+02 140 0 4 2.329e+02 2.711e+02 355 0 1 2.606e+02 2.854e+02 230 0 3 5.656e+02 5.684e+02 26 0 2 6.284e+02 6.316e+02 30 0 3 6.464e+02 6.556e+02 86 0 2 4.937e+02 5.143e+02 192 0 3 5.155e+02 5.345e+02 176 0 4 6.284e+02 6.316e+02 30 0 1 6.448e+02 6.572e+02 116 0 4 4.944e+02 5.136e+02 178 0 2 5.274e+02 5.646e+02 346 0 1 5.928e+02 6.252e+02 301 0 2 6.598e+02 6.842e+02 226 0 2 6.179e+02 6.421e+02 225 0 4 6.579e+02 6.861e+02 262 1 4 6.290e+02 6.310e+02 18 1 3 5.235e+02 5.265e+02 28 1 2 5.423e+02 5.497e+02 69 1 2 6.262e+02 6.338e+02 70 1 1 5.220e+02 5.280e+02 56 1 4 5.460e+02 5.460e+02 -2 1 1 5.995e+02 6.185e+02 177 1 2 4.935e+02 5.145e+02 196 1 3 5.531e+02 5.809e+02 258 1 4 6.129e+02 6.471e+02 317 1 4 5.715e+02 6.045e+02 306 1 1 5.905e+02 6.275e+02 343 1 3 5.910e+02 6.270e+02 334 1 2 6.111e+02 6.489e+02 350 2 1 1.450e+02 1.490e+02 37 2 2 4.184e+02 4.216e+02 30 2 4 3.712e+02 3.848e+02 126 2 4 4.169e+02 4.231e+02 57 2 3 1.608e+01 2.592e+01 91 2 4 1.167e+02 1.353e+02 173 2 1 1.379e+02 1.561e+02 169 2 2 3.686e+02 3.874e+02 176 2 2 3.282e+01 5.118e+01 170 2 3 1.424e+02 1.516e+02 86 2 3 3.389e+02 3.751e+02 336 2 1 7.064e+00 3.494e+01 259 2 2 1.068e+02 1.452e+02 356 2 4 1.595e+02 1.765e+02 157
3992 14 0 2 2.507e+02 2.533e+02 25 0 4 2.919e+02 2.961e+02 40 0 3 2.208e+02 2.412e+02 189 0 3 4.321e+02 4.499e+02 166 0 3 2.688e+02 2.772e+02 79 0 1 3.841e+02 4.139e+02 277 0 4 4.030e+02 4.370e+02 316 1 1 6.041e+02 6.139e+02 91 1 3 6.067e+02 6.113e+02 42 1 2 5.686e+02 6.074e+02 360 1 4 6.197e+02 6.403e+02 192 2 4 8.168e+01 8.632e+01 43 2 2 7.581e+01 9.219e+01 152 2 3 8.824e+01 1.218e+02 311
3995 22 0 4 2.496e+02 2.544e+02 44 0 1 6.484e+02 6.536e+02 49 0 3 2.284e+02 2.336e+02 49 0 1 5.615e+02 5.725e+02 102 0 1 2.610e+02 2.850e+02 222 0 4 5.821e+02 5.939e+02 110 0 2 2.426e+02 2.614e+02 175 0 3 6.488e+02 6.532e+02 40 0 3 2.637e+02 2.823e+02 173 0 3 5.556e+02 5.784e+02 212 0 4 2.401e+02 2.639e+02 220 0 3 5.943e+02 6.237e+02 272 0 2 1.954e+02 2.246e+02 271 0 2 6.195e+02 6.405e+02 196 0 4 6.535e+02 6.905e+02 343 0 4 6.139e+02 6.461e+02 299 0 1 5.903e+02 6.277e+02 348 0 2 6.102e+02 6.498e+02 368 1 1 2.644e+02 2.816e+02 159 1 3 2.621e+02 2.839e+02 202 1 2 2.848e+02 3.032e+02 170 1 4 2.867e+02 3.013e+02 136
3996 31 2 2 6.294e+02 6.306e+02 11 2 3 9.465e+01 1.153e+02 192 2 2 5.838e+02 5.922e+02 79 2 3 2.665e+02 2.795e+02 121 2 1 6.373e+02 6.647e+02 254 2 1 3.464e+02 3.676e+02 196 2 4 5.841e+02 5.919e+02 73 2 2 2.833e+02 3.047e+02 199 2 1 5.908e+02 6.272e+02 338 2 3 3.487e+02 3.653e+02 155 2 1 2.610e+02 2.850e+02 223 2 3 5.933e+02 6.247e+02 292 2 2 3.680e+02 3.880e+02 186 2 4 2.771e+02 3.109e+02 315 2 4 3.654e+02 3.906e+02 234 3 4 4.189e+02 4.211e+02 20 3 2 3.763e+02 3.797e+02 32 3 3 4.405e+02 4.415e+02 9 3 4 5.019e+02 5.061e+02 39 3 3 3.974e+02 4.006e+02 29 3 1 4.774e+02 4.886e+02 104 3 2 4.607e+02 4.633e+02 25 3 4 5.310e+02 5.610e+02 279 3 1 3.556e+02 3.584e+02 26 3 3 4.804e+02 4.856e+02 49 3 4 4.619e+02 4.621e+02 2 3 4 3.725e+02 3.835e+02 101 3 1 4.364e+02 4.456e+02 86 3 1 3.880e+02 4.100e+02 205 3 1 4.252e+02 4.568e+02 293 3 1 3.467e+02 3.673e+02 190
3999 2 2 4 6.618e+02 6.822e+02 189 2 2 6.141e+02 6.459e+02 295
4000 1 0 4 6.706e+02 6.734e+02 26
4001 0
4002 8 0 1 3.062e+02 3.238e+02 163 0 4 3.272e+02 3.448e+02 164 0 2 3.173e+02 3.547e+02 346 2 3 1.867e+02 1.913e+02 42 2 2 2.027e+02 2.173e+02 136 2 2 1.130e+02 1.389e+02 240 2 4 1.571e+02 1.789e+02 203 2 1 1.725e+02 2.055e+02 307
4003 3 2 2 2.344e+02 2.696e+02 327 2 3 2.548e+02 2.912e+02 338 2 4 2.330e+02 2.710e+02 353
4004 2 0 4 6.677e+02 6.763e+02 80 0 2 6.625e+02 6.815e+02 177
4005 1 0 4 3.570e+02 3.990e+02 390
4007 1 1 3 2.985e+02 3.315e+02 307
4009 8 1 2 5.460e+02 5.460e+02 -4 1 2 5.008e+02 5.072e+02 59 1 4 5.879e+02 5.881e+02 1 1 2 4.875e+02 5.205e+02 306 1 1 5.623e+02 5.717e+02 87 1 3 5.548e+02 5.792e+02 226 1 2 5.749e+02 6.011e+02 243 2 1 3.958e+02 4.022e+02 59
4011 0
4012 53 0 3 5.220e+02 5.280e+02 56 0 3 6.060e+02 6.120e+02 56 0 4 6.635e+02 6.805e+02 157 0 4 5.742e+02 6.018e+02 257 0 1 6.426e+02 6.594e+02 156 0 3 5.051e+02 5.449e+02 369 0 3 6.401e+02 6.619e+02 202 0 1 5.446e+02 5.894e+02 416 0 2 6.590e+02 6.850e+02 241 0 3 5.417e+02 5.923e+02 470 1 4 5.852e+02 5.908e+02 51 1 4 6.158e+02 6.442e+02 263 1 1 5.118e+02 5.382e+02 246 2 3 6.257e+01 6.343e+01 8 2 3 6.088e+02 6.092e+02 4 2 2 8.317e+01 8.483e+01 16 2 2 6.714e+02 6.726e+02 10 2 3 1.883e+02 1.897e+02 12 2 2 6.270e+02 6.330e+02 56 2 3 2.705e+02 2.755e+02 46 2 3 6.410e+02 6.610e+02 186 2 1 3.558e+02 3.582e+02 22 2 1 3.843e+02 4.137e+02 274 2 1 1.967e+01 2.233e+01 25 2 4 6.273e+02 6.327e+02 50 2 4 8.168e+01 8.632e+01 43 2 2 6.175e+02 6.425e+02 231 2 2 1.664e+02 1.696e+02 30 2 4 5.693e+02 6.067e+02 348 2 4 2.375e+02 2.665e+02 269 2 4 6.123e+02 6.477e+02 328 2 2 2.876e+02 3.004e+02 120 2 3 3.568e+02 3.572e+02 3 2 3 2.084e+01 2.116e+01 3 2 3 9.277e+01 1.172e+02 227 2 4 1.669e+02 1.691e+02 21 2 2 1.969e+02 2.231e+02 243 2 1 2.586e+02 2.874e+02 267 2 2 3.740e+02 3.820e+02 75 2 4 4.157e+01 4.243e+01 8 2 1 1.888e+02 1.892e+02 3 2 4 2.775e+02 3.105e+02 307 2 2 3.210e+02 3.510e+02 278 2 1 5.736e+01 6.864e+01 105 2 2 1.546e+02 1.814e+02 248 2 2 2.438e+01 5.962e+01 327 2 4 1.559e+02 1.801e+02 226 2 4 2.425e+01 5.975e+01 330 2 3 1.787e+02 1.993e+02 190 2 1 1.343e+02 1.597e+02 236 2 3 1.349e+02 1.591e+02 226 3 1 3.096e+02 3.204e+02 100 3 1 4.381e+02 4.439e+02 55
4013 46 0 4 4.599e+02 4.641e+02 39 0 1 1.448e+02 1.492e+02 41 0 1 5.243e+02 5.257e+02 14 0 1 3.081e+02 3.219e+02 128 0 1 6.064e+02 6.116e+02 49 0 3 5.790e+01 6.810e+01 95 0 1 3.924e+02 4.056e+02 122 0 2 3.191e+02 3.529e+02 315 0 1 4.786e+02 4.874e+02 81 0 4 6.495e+01 1.031e+02 354 0 3 5.145e+02 5.355e+02 195 0 3 6.083e+02 6.097e+02 13 0 1 6.353e+02 6.667e+02 291 0 3 3.940e+02 4.040e+02 93 0 2 4.991e+02 5.089e+02 91 0 3 5.061e+02 5.439e+02 350 0 2 6.264e+02 6.336e+02 67 0 1 4.311e+02 4.509e+02 185 0 4 4.959e+02 5.121e+02 150 0 2 5.305e+02 5.615e+02 288 0 4 6.192e+02 6.408e+02 200 0 3 4.282e+02 4.538e+02 237 0 3 4.684e+02 4.976e+02 270 0 2 4.479e+02 4.761e+02 261 1 3 5.238e+02 5.262e+02 21 1 4 5.880e+02 5.880e+02 0 1 2 6.298e+02 6.302e+02 3 1 2 5.020e+02 5.060e+02 37 1 4 5.427e+02 5.493e+02 61 1 4 6.234e+02 6.366e+02 122 1 3 4.652e+02 5.008e+02 330 1 1 6.051e+02 6.129e+02 72 1 2 6.132e+02 6.468e+02 311 1 4 6.141e+02 6.459e+02 295 2 4 3.326e+02 3.394e+02 63 2 3 6.185e+01 6.415e+01 21 2 2 2.447e+02 2.593e+02 136 2 3 3.519e+02 3.621e+02 95 2 4 3.475e+01 4.925e+01 135 2 4 6.858e+01 9.942e+01 286 2 1 2.137e+02 2.483e+02 321 2 2 3.214e+02 3.506e+02 270 2 1 5.431e+01 7.169e+01 161 2 2 1.102e+02 1.418e+02 293 2 1 3.446e+02 3.694e+02 230 3 1 2.978e+00 3.902e+01 335
4016 3 3 4 4.141e+02 4.259e+02 110 3 3 3.445e+02 3.695e+02 233 3 1 4.217e+02 4.603e+02 358
4017 3 0 4 6.257e+02 6.343e+02 80 0 2 6.704e+02 6.736e+02 30 0 4 6.682e+02 6.758e+02 70
4018 9 0 3 4.823e+02 4.837e+02 14 0 1 4.790e+02 4.870e+02 75 0 4 4.889e+02 5.191e+02 280 0 2 4.436e+02 4.804e+02 342 1 4 6.286e+02 6.314e+02 26 2 3 1.963e+01 2.237e+01 26 2 1 1.501e+01 2.699e+01 111 2 3 7.064e+00 3.494e+01 259 2 2 2.313e+01 6.087e+01 350
4020 69 0 4 2.519e+02 2.521e+02 2 0 3 6.086e+02 6.094e+02 7 0 3 2.714e+02 2.746e+02 30 0 2 6.699e+02 6.741e+02 39 0 1 1.765e+02 2.015e+02 231 0 1 3.977e+02 4.003e+02 25 0 1 2.233e+02 2.387e+02 143 0 4 4.968e+02 5.112e+02 134 0 1 2.695e+02 2.765e+02 65 0 1 5.173e+02 5.327e+02 144 0 2 2.397e+02 2.643e+02 229 0 4 5.832e+02 5.928e+02 89 0 2 1.951e+02 2.249e+02 276 0 4 6.709e+02 6.731e+02 20 0 3 2.169e+02 2.451e+02 261 0 3 3.936e+02 4.044e+02 100 0 2 2.334e+02 2.706e+02 345 0 1 4.792e+02 4.868e+02 70 0 1 5.573e+02 5.767e+02 180 0 2 6.215e+02 6.385e+02 157 0 1 6.403e+02 6.617e+02 198 0 4 4.088e+02 4.312e+02 208 0 3 4.739e+02 4.921e+02 170 0 3 5.533e+02 5.807e+02 255 0 4 6.143e+02 6.457e+02 292 0 3 6.340e+02 6.680e+02 316 0 1 3.792e+02 4.188e+02 368 0 2 4.924e+02 5.156e+02 215 0 2 4.522e+02 4.718e+02 181 0 4 4.474e+02 4.766e+02 271 0 1 4.709e+02 4.951e+02 224 1 2 6.300e+02 6.300e+02 -9 1 1 5.249e+02 5.251e+02 1 1 4 6.281e+02 6.319e+02 35 1 2 5.748e+02 6.012e+02 246 1 1 6.047e+02 6.133e+02 80 1 4 5.341e+02 5.579e+02 221 1 3 6.065e+02 6.115e+02 46 1 1 5.924e+02 6.256e+02 308 2 4 3.351e+02 3.369e+02 16 2 4 8.128e+01 8.672e+01 50 2 3 1.468e+02 1.472e+02 4 2 1 4.400e+02 4.420e+02 18 2 4 3.780e+01 4.620e+01 78 2 4 5.428e+02 5.492e+02 59 2 4 1.160e+02 1.360e+02 186 2 4 5.877e+02 5.883e+02 6 2 2 1.621e+02 1.739e+02 110 2 3 3.396e+02 3.744e+02 324 2 3 3.953e+02 4.027e+02 68 2 3 5.068e+01 7.532e+01 229 2 4 5.335e+02 5.585e+02 231 2 2 7.572e+01 9.228e+01 154 2 3 6.007e+02 6.173e+02 155 2 4 1.631e+02 1.729e+02 90 2 4 3.609e+02 3.951e+02 318 2 2 4.175e+02 4.225e+02 47 2 2 2.869e+01 5.531e+01 247 2 3 3.845e+02 4.135e+02 269 2 4 7.370e+01 9.430e+01 191 2 3 1.802e+02 1.978e+02 164 2 1 1.679e+00 4.032e+01 359 2 3 8.738e+01 1.226e+02 327 2 1 1.775e+02 2.005e+02 213 2 3 3.608e+00 3.839e+01 323 3 3 1.720e+01 2.480e+01 70 3 2 4.022e+01 4.378e+01 33 3 4 3.803e+01 4.597e+01 74 3 3 5.983e+01 6.617e+01 59
4022 22 0 1 6.490e+02 6.530e+02 37 0 1 6.039e+02 6.141e+02 95 0 4 1.489e+02 1.871e+02 356 0 2 6.646e+02 6.794e+02 138 0 3 5.551e+02 5.789e+02 221 0 4 6.637e+02 6.803e+02 155 0 1 6.312e+02 6.708e+02 367 1 2 5.440e+02 5.480e+02 36 1 3 5.632e+02 5.708e+02 70 1 1 5.160e+02 5.340e+02 167 1 4 5.763e+02 5.997e+02 217 2 3 4.827e+02 4.833e+02 6 2 2 8.191e+01 8.609e+01 39 2 3 4.389e+02 4.431e+02 39 2 3 1.883e+02 1.897e+02 13 2 4 4.150e+02 4.250e+02 93 2 4 7.778e+01 9.022e+01 116 2 1 1.791e+02 1.989e+02 183 2 3 4.287e+02 4.533e+02 229 2 3 4.435e+01 8.165e+01 346 2 4 1.550e+02 1.810e+02 241 2 2 1.942e+02 2.258e+02 293
4023 11 0 3 6.061e+02 6.119e+02 55 0 3 6.495e+02 6.525e+02 27 0 4 4.530e+02 4.710e+02 168 0 1 6.503e+02 6.517e+02 13 0 2 6.101e+02 6.499e+02 369 0 2 6.546e+02 6.894e+02 324 0 3 4.224e+02 4.596e+02 346 0 4 5.693e+02 6.067e+02 348 0 4 6.547e+02 6.893e+02 322 2 4 4.493e+02 4.747e+02 236 2 1 2.129e+02 2.491e+02 336
4024 0
4025 0
4027 10 0 4 5.871e+02 5.889e+02 17 0 1 6.483e+02 6.537e+02 50 0 2 2.065e+02 2.135e+02 66 0 3 5.628e+02 5.712e+02 77 0 3 6.462e+02 6.558e+02 89 0 1 5.566e+02 5.774e+02 193 0 2 6.554e+02 6.886e+02 308 0 2 5.331e+02 5.589e+02 239 0 4 6.585e+02 6.855e+02 251 0 3 5.476e+02 5.864e+02 360
4029 2 0 2 6.691e+02 6.749e+02 54 0 4 6.653e+02 6.787e+02 125
4031 0
4032 24 0 3 6.481e+02 6.539e+02 53 0 2 4.591e+02 4.649e+02 55 0 4 5.834e+02 5.926e+02 85 0 2 6.689e+02 6.751e+02 57 0 4 4.513e+02 4.727e+02 199 0 3 5.530e+02 5.810e+02 260 0 3 6.016e+02 6.164e+02 138 0 4 6.702e+02 6.738e+02 33 0 3 4.701e+02 4.959e+02 240 0 1 5.504e+02 5.836e+02 308 0 4 5.715e+02 6.045e+02 306 0 1 6.425e+02 6.595e+02 158 0 3 5.914e+02 6.266e+02 326 0 4 6.615e+02 6.825e+02 196 0 2 6.555e+02 6.885e+02 306 0 4 6.530e+02 6.910e+02 353 1 4 6.250e+02 6.350e+02 92 2 1 1.693e+01 2.507e+01 76 2 4 1.253e+02 1.267e+02 12 2 3 1.876e+02 1.904e+02 26 2 1 1.438e+02 1.502e+02 59 2 2 1.106e+02 1.414e+02 286 2 3 1.341e+02 1.599e+02 240 2 4 1.551e+02 1.809e+02 240
4033 3 3 2 4.200e+02 4.200e+02 -13 3 4 3.670e+02 3.890e+02 204 3 3 5.167e+02 5.333e+02 155
4034 7 0 2 6.585e+02 6.855e+02 250 0 4 6.568e+02 6.872e+02 283 2 1 5.996e+01 6.604e+01 56 2 3 5.696e+01 6.904e+01 112 2 2 2.968e+01 5.432e+01 229 2 4 3.354e+01 5.046e+01 157 2 1 5.132e+00 3.687e+01 295
4035 2 0 2 6.300e+02 6.300e+02 -24 2 4 3.221e+02 3.499e+02 258
4037 12 0 2 5.413e+02 5.507e+02 87 0 2 3.694e+02 3.866e+02 160 0 1 5.550e+02 5.790e+02 223 0 4 3.629e+02 3.931e+02 281 0 4 6.148e+02 6.452e+02 282 0 3 6.451e+02 6.569e+02 110 0 3 5.541e+02 5.799e+02 240 0 1 3.310e+02 3.830e+02 483 0 1 5.906e+02 6.274e+02 341 0 4 6.613e+02 6.827e+02 199 0 3 5.866e+02 6.314e+02 416 0 2 6.116e+02 6.484e+02 342
4040 0
4043 9 0 1 2.170e+02 2.450e+02 260 0 3 2.121e+02 2.499e+02 350 1 2 5.414e+02 5.506e+02 86 1 1 6.080e+02 6.100e+02 18 1 3 6.088e+02 6.092e+02 5 1 2 6.173e+02 6.427e+02 236 1 4 6.189e+02 6.411e+02 206 2 3 1.454e+02 1.486e+02 30 2 4 1.066e+02 1.454e+02 360
