42260 10 0 3 6.481e+02 6.539e+02 54 0 2 4.989e+02 5.091e+02 95 0 3 5.153e+02 5.347e+02 180 0 1 6.464e+02 6.556e+02 86 0 4 4.877e+02 5.203e+02 302 0 1 5.102e+02 5.398e+02 276 0 2 6.130e+02 6.470e+02 316 0 3 6.372e+02 6.648e+02 256 0 1 4.654e+02 5.006e+02 327 0 4 6.108e+02 6.492e+02 356
42266 2 2 1 2.039e+01 2.161e+01 11 2 3 2.008e+01 2.192e+01 17
42268 10 0 2 6.664e+02 6.776e+02 104 0 4 6.685e+02 6.755e+02 65 0 1 6.381e+02 6.639e+02 240 0 3 6.364e+02 6.656e+02 271 2 4 2.501e+02 2.539e+02 36 2 1 2.726e+02 2.734e+02 7 2 2 6.280e+02 6.320e+02 37 2 2 2.411e+02 2.629e+02 203 2 1 3.786e+00 3.821e+01 320 2 3 2.574e+02 2.886e+02 289
42269 82 0 4 8.204e+01 8.596e+01 36 0 4 5.040e+02 5.040e+02 -18 0 2 2.940e+02 2.940e+02 -9 0 1 5.650e+02 5.690e+02 36 0 1 3.535e+02 3.605e+02 66 0 4 5.880e+02 5.880e+02 -10 0 4 4.143e+01 4.257e+01 10 0 4 6.710e+02 6.730e+02 18 0 1 3.150e+02 3.150e+02 -14 0 1 3.909e+02 4.071e+02 151 0 2 3.780e+02 3.780e+02 -20 0 2 5.004e+02 5.076e+02 66 0 1 1.321e+01 2.879e+01 145 0 3 5.598e+02 5.742e+02 134 0 4 2.762e+02 3.118e+02 330 0 2 6.293e+02 6.307e+02 13 0 4 3.770e+02 3.790e+02 19 0 1 6.466e+02 6.554e+02 81 0 2 3.261e+02 3.459e+02 184 0 1 4.691e+02 4.969e+02 258 0 4 3.199e+02 3.521e+02 299 0 1 5.554e+02 5.786e+02 215 0 4 6.231e+02 6.369e+02 129 0 3 6.424e+02 6.596e+02 159 0 3 4.682e+02 4.978e+02 276 0 3 5.528e+02 5.812e+02 263 0 1 6.039e+02 6.141e+02 94 0 2 6.662e+02 6.778e+02 107 0 3 5.995e+02 6.185e+02 176 0 4 6.602e+02 6.838e+02 219 1 4 5.880e+02 5.880e+02 -14 1 1 6.077e+02 6.103e+02 24 1 3 4.372e+02 4.448e+02 70 1 2 4.028e+02 4.372e+02 320 1 1 5.250e+02 5.250e+02 -5 1 2 5.451e+02 5.469e+02 16 1 3 6.083e+02 6.097e+02 14 1 1 5.670e+02 5.670e+02 -13 1 2 6.300e+02 6.300e+02 -10 1 4 6.300e+02 6.300e+02 -2 1 2 5.880e+02 5.880e+02 -6 1 1 5.945e+02 6.235e+02 270 2 3 4.807e+02 4.853e+02 42 2 3 1.031e+02 1.069e+02 35 2 3 2.284e+02 2.336e+02 48 2 1 2.730e+02 2.730e+02 -0 2 4 4.616e+02 4.624e+02 8 2 3 3.550e+02 3.590e+02 38 2 2 6.678e+02 6.762e+02 79 2 4 4.200e+01 4.200e+01 -6 2 4 8.043e+01 8.757e+01 66 2 1 4.293e+02 4.527e+02 218 2 2 2.494e+02 2.546e+02 49 2 4 5.734e+02 6.026e+02 270 2 2 3.780e+02 3.780e+02 -23 2 4 6.588e+02 6.852e+02 245 2 1 5.997e+01 6.603e+01 56 2 2 7.563e+01 9.237e+01 156 2 1 3.819e+02 4.161e+02 317 2 4 2.019e+02 2.181e+02 150 2 4 6.163e+02 6.437e+02 254 2 4 3.659e+02 3.901e+02 226 2 1 1.824e+01 2.376e+01 51 2 4 2.456e+02 2.584e+02 119 2 4 3.222e+02 3.498e+02 256 2 3 1.801e+01 2.399e+01 56 2 4 2.369e+02 2.671e+02 280 2 2 3.649e+02 3.911e+02 244 2 2 3.861e+01 4.539e+01 63 2 2 1.918e+02 2.282e+02 339 2 4 3.390e+01 5.010e+01 150 2 3 1.110e+01 3.090e+01 184 2 2 2.456e+01 5.944e+01 324 2 4 2.420e+01 5.980e+01 330 2 3 4.668e+01 7.932e+01 303 2 1 5.088e+00 3.691e+01 296 3 3 1.837e+01 2.363e+01 49 3 4 8.400e+01 8.400e+01 -22 3 3 2.272e+02 2.348e+02 70 3 1 5.485e+01 7.115e+01 151 3 3 5.647e+01 6.953e+01 121 3 4 7.486e+01 9.314e+01 170
42272 1 0 3 6.323e+02 6.697e+02 347
42273 4 2 1 6.064e+02 6.116e+02 49 2 3 5.084e+02 5.416e+02 308 2 2 5.338e+02 5.582e+02 226 2 4 5.320e+02 5.600e+02 260
42275 7 2 3 1.874e+02 1.906e+02 30 2 2 3.757e+02 3.803e+02 43 2 4 1.674e+02 1.686e+02 10 2 3 3.450e+02 3.690e+02 223 2 4 3.615e+02 3.945e+02 306 2 1 3.425e+02 3.715e+02 269 3 2 6.622e+02 6.818e+02 182
42277 0
42278 3 0 3 3.970e+02 4.010e+02 36 0 2 3.621e+02 3.939e+02 295 3 1 6.613e+00 3.539e+01 267
42279 9 2 2 5.878e+02 5.882e+02 3 2 1 5.531e+02 5.809e+02 259 2 4 5.857e+02 5.903e+02 43 2 4 5.744e+02 6.016e+02 252 2 3 5.908e+02 6.272e+02 338 3 4 5.880e+02 5.880e+02 -8 3 1 6.087e+02 6.093e+02 6 3 2 5.846e+02 5.914e+02 64 3 3 5.985e+02 6.195e+02 195
42280 15 0 1 5.670e+02 5.670e+02 -3 0 1 6.500e+02 6.520e+02 18 0 3 6.442e+02 6.578e+02 127 0 2 5.296e+02 5.624e+02 305 0 4 5.777e+02 5.983e+02 192 0 2 6.678e+02 6.762e+02 79 0 4 6.672e+02 6.768e+02 89 1 4 6.212e+02 6.388e+02 163 1 1 5.943e+02 6.237e+02 273 2 1 2.290e+02 2.330e+02 37 2 3 4.706e+02 4.954e+02 230 2 3 2.286e+02 2.334e+02 45 2 4 2.030e+02 2.170e+02 130 2 1 2.231e+02 2.389e+02 147 2 2 1.934e+02 2.266e+02 309
42281 1 1 2 5.036e+02 5.044e+02 7
42282 0
42285 23 0 1 1.036e+02 1.064e+02 26 0 3 4.803e+02 4.857e+02 50 0 2 4.976e+02 5.104e+02 120 0 3 1.035e+02 1.065e+02 27 0 2 5.414e+02 5.506e+02 86 0 4 4.993e+02 5.087e+02 87 0 1 5.136e+02 5.364e+02 212 0 4 4.500e+02 4.740e+02 222 0 3 5.061e+02 5.439e+02 351 0 1 4.705e+02 4.955e+02 231 1 4 1.675e+02 1.685e+02 10 1 2 6.268e+02 6.332e+02 60 1 2 1.647e+02 1.713e+02 61 1 1 1.329e+02 1.611e+02 261 1 3 6.042e+02 6.138e+02 89 1 2 5.769e+02 5.991e+02 206 1 3 1.291e+02 1.649e+02 333 1 4 6.189e+02 6.411e+02 206 1 1 5.986e+02 6.194e+02 194 2 1 5.191e+02 5.309e+02 110 2 3 1.772e+02 2.008e+02 219 2 4 1.955e+02 2.245e+02 270 2 1 4.987e+01 7.613e+01 244
42289 90 0 4 1.659e+02 1.701e+02 39 0 3 4.823e+02 4.837e+02 14 0 4 2.915e+02 2.965e+02 47 0 1 6.082e+02 6.098e+02 15 0 4 3.769e+02 3.791e+02 20 0 2 6.710e+02 6.730e+02 19 0 4 8.025e+01 8.775e+01 70 0 3 4.390e+02 4.430e+02 37 0 2 2.875e+02 3.005e+02 120 0 2 5.015e+02 5.065e+02 47 0 4 3.293e+02 3.427e+02 124 0 3 5.663e+02 5.677e+02 14 0 2 2.014e+02 2.186e+02 160 0 3 6.083e+02 6.097e+02 14 0 1 3.525e+02 3.615e+02 83 0 1 6.482e+02 6.538e+02 52 0 3 8.559e+01 1.244e+02 360 0 3 3.982e+02 3.998e+02 16 0 1 2.948e+02 3.352e+02 375 0 4 5.035e+02 5.045e+02 9 0 2 3.652e+02 3.908e+02 238 0 1 5.222e+02 5.278e+02 52 0 4 3.630e+02 3.930e+02 279 0 2 6.294e+02 6.306e+02 10 0 3 6.504e+02 6.516e+02 11 0 1 4.751e+02 4.909e+02 146 0 3 5.244e+02 5.256e+02 10 0 4 6.295e+02 6.305e+02 9 0 4 6.682e+02 6.758e+02 70 0 2 4.516e+02 4.724e+02 194 0 2 5.318e+02 5.602e+02 263 0 4 5.837e+02 5.923e+02 80 0 4 4.470e+02 4.770e+02 278 0 1 5.539e+02 5.801e+02 244 0 4 6.173e+02 6.427e+02 236 0 3 4.658e+02 5.002e+02 319 0 1 5.917e+02 6.263e+02 320 0 2 4.873e+02 5.207e+02 310 0 2 6.153e+02 6.447e+02 273 0 2 4.461e+02 4.779e+02 296 0 4 6.100e+02 6.500e+02 370 0 4 5.671e+02 6.089e+02 389 1 3 5.662e+02 5.678e+02 16 1 2 6.300e+02 6.300e+02 -2 1 4 4.513e+02 4.727e+02 200 1 2 5.846e+02 5.914e+02 64 1 3 3.433e+02 3.707e+02 254 1 4 6.296e+02 6.304e+02 7 1 2 4.075e+02 4.325e+02 233 1 4 5.006e+02 5.074e+02 63 1 4 5.875e+02 5.885e+02 9 1 1 6.081e+02 6.099e+02 17 1 3 5.186e+02 5.314e+02 118 1 2 5.406e+02 5.514e+02 100 1 3 6.090e+02 6.090e+02 -1 1 1 4.713e+02 4.947e+02 217 1 1 5.654e+02 5.686e+02 30 1 1 5.900e+02 6.280e+02 353 1 1 5.044e+02 5.456e+02 383 1 1 5.544e+02 5.796e+02 234 2 2 3.350e+02 3.370e+02 18 2 3 1.801e+01 2.399e+01 56 2 2 4.574e+02 4.666e+02 86 2 3 1.041e+02 1.059e+02 17 2 4 5.783e+02 5.977e+02 180 2 4 1.639e+02 1.721e+02 76 2 2 2.091e+02 2.109e+02 17 2 4 4.555e+02 4.685e+02 120 2 4 2.931e+02 2.949e+02 16 2 1 4.753e+02 4.907e+02 144 2 4 3.341e+02 3.379e+02 35 2 3 4.630e+02 5.030e+02 371 2 2 3.829e+01 4.571e+01 69 2 4 7.482e+01 9.318e+01 170 2 3 2.248e+02 2.372e+02 116 2 3 3.121e+02 3.179e+02 53 2 1 3.495e+02 3.645e+02 139 2 1 5.718e+01 6.882e+01 108 2 2 1.143e+02 1.377e+02 218 2 3 1.761e+02 2.019e+02 240 2 2 2.465e+02 2.575e+02 101 2 3 2.658e+02 2.802e+02 133 2 4 3.215e+01 5.185e+01 183 2 3 8.797e+01 1.220e+02 316 2 4 2.471e+02 2.569e+02 91 2 1 2.562e+02 2.898e+02 311 2 3 4.146e+00 3.785e+01 313 2 4 1.906e+02 2.294e+02 360 3 4 3.726e+01 4.674e+01 88 3 4 2.560e+01 5.840e+01 305
42294 0
42295 30 0 1 5.549e+02 5.791e+02 226 0 3 5.482e+02 5.858e+02 349 2 4 1.677e+02 1.683e+02 5 2 2 2.498e+02 2.542e+02 40 2 2 5.027e+02 5.053e+02 25 2 3 1.994e+01 2.206e+01 20 2 3 6.075e+02 6.105e+02 28 2 4 1.255e+02 1.265e+02 9 2 4 4.606e+02 4.634e+02 26 2 1 1.888e+02 1.892e+02 4 2 4 5.769e+02 5.991e+02 206 2 2 4.040e+01 4.360e+01 30 2 1 4.811e+02 4.849e+02 35 2 2 1.177e+02 1.343e+02 155 2 2 6.102e+02 6.498e+02 368 2 1 1.467e+02 1.473e+02 6 2 3 4.727e+02 4.933e+02 191 2 4 1.959e+02 2.241e+02 261 2 2 4.460e+02 4.780e+02 297 2 4 3.213e+02 3.507e+02 274 2 4 4.049e+01 4.351e+01 28 2 4 7.738e+01 9.062e+01 123 2 3 1.437e+02 1.503e+02 62 2 1 1.473e+01 2.727e+01 116 2 2 6.890e+01 9.910e+01 280 2 3 1.792e+02 1.988e+02 182 2 4 2.690e+01 5.710e+01 280 2 3 1.278e+02 1.662e+02 357 2 3 4.857e+01 7.743e+01 268 2 2 1.520e+02 1.840e+02 297
42296 26 0 2 5.449e+02 5.471e+02 20 0 2 6.276e+02 6.324e+02 45 0 2 6.698e+02 6.742e+02 41 0 3 5.609e+02 5.731e+02 114 0 4 6.295e+02 6.305e+02 10 0 4 6.683e+02 6.757e+02 69 0 2 5.357e+02 5.563e+02 190 0 1 5.919e+02 6.261e+02 317 0 1 6.413e+02 6.607e+02 180 0 1 5.500e+02 5.840e+02 316 0 3 5.898e+02 6.282e+02 357 0 3 6.408e+02 6.612e+02 189 0 3 5.056e+02 5.444e+02 360 0 2 6.582e+02 6.858e+02 256 0 4 6.568e+02 6.872e+02 282 0 1 6.334e+02 6.686e+02 326 1 2 6.283e+02 6.317e+02 32 1 2 6.175e+02 6.425e+02 232 2 2 4.170e+01 4.230e+01 6 2 1 6.131e+01 6.469e+01 31 2 3 1.496e+01 2.704e+01 112 2 1 1.334e+02 1.606e+02 252 2 4 2.349e+01 6.051e+01 344 3 4 3.294e+02 3.426e+02 122 3 3 3.552e+02 3.588e+02 33 3 3 2.973e+02 3.327e+02 328
42298 8 0 1 6.495e+02 6.525e+02 28 0 3 6.497e+02 6.523e+02 25 0 3 5.160e+02 5.340e+02 166 0 4 2.403e+02 2.637e+02 218 0 2 6.168e+02 6.432e+02 246 0 2 4.951e+02 5.129e+02 165 0 1 5.090e+02 5.410e+02 297 0 4 4.889e+02 5.191e+02 281
42299 0
42300 69 0 1 5.231e+02 5.269e+02 35 0 4 3.726e+02 3.834e+02 100 0 4 6.235e+02 6.365e+02 121 0 2 6.676e+02 6.764e+02 81 0 1 3.495e+02 3.645e+02 140 0 4 4.925e+02 5.155e+02 213 0 2 3.651e+02 3.909e+02 240 0 3 5.144e+02 5.356e+02 196 0 1 6.005e+02 6.175e+02 158 0 1 6.384e+02 6.636e+02 235 0 2 4.906e+02 5.174e+02 250 0 3 5.974e+02 6.206e+02 216 0 2 6.533e+02 6.907e+02 347 0 2 6.197e+02 6.403e+02 192 0 4 6.521e+02 6.919e+02 370 1 2 5.012e+02 5.068e+02 51 1 3 3.927e+02 4.053e+02 117 1 4 5.417e+02 5.503e+02 80 1 1 4.359e+02 4.461e+02 95 1 3 6.066e+02 6.114e+02 44 1 3 5.209e+02 5.291e+02 76 1 1 5.670e+02 5.670e+02 -2 1 4 6.288e+02 6.312e+02 23 1 2 5.794e+02 5.966e+02 160 1 1 6.036e+02 6.144e+02 100 1 4 5.691e+02 6.069e+02 351 1 2 6.212e+02 6.388e+02 163 1 3 5.471e+02 5.869e+02 369 1 4 6.177e+02 6.423e+02 229 1 4 6.107e+02 6.493e+02 359 2 3 3.144e+02 3.156e+02 11 2 4 3.343e+02 3.377e+02 32 2 4 5.869e+02 5.891e+02 20 2 1 1.895e+01 2.305e+01 38 2 1 6.435e+02 6.585e+02 140 2 4 1.257e+02 1.263e+02 6 2 3 3.952e+02 4.028e+02 71 2 4 1.648e+02 1.712e+02 60 2 4 5.324e+02 5.596e+02 253 2 3 3.547e+02 3.593e+02 43 2 3 6.070e+02 6.110e+02 36 2 3 5.512e+01 7.088e+01 146 2 3 5.540e+02 5.800e+02 240 2 2 8.263e+01 8.537e+01 26 2 1 3.795e+02 4.185e+02 362 2 1 1.845e+02 1.935e+02 84 2 2 5.308e+02 5.612e+02 282 2 4 2.819e+02 3.061e+02 224 2 1 5.474e+02 5.866e+02 364 2 2 3.757e+02 3.803e+02 43 2 3 1.658e+01 2.542e+01 82 2 3 1.020e+02 1.080e+02 56 2 1 1.433e+02 1.507e+02 70 2 1 3.051e+02 3.249e+02 185 2 4 3.722e+02 3.838e+02 108 2 1 6.122e+00 3.588e+01 276 2 2 1.114e+02 1.406e+02 271 2 3 1.764e+02 2.016e+02 234 2 3 3.452e+02 3.688e+02 219 2 4 6.531e+01 1.027e+02 347 2 3 1.334e+02 1.606e+02 253 2 2 3.676e+02 3.884e+02 194 2 4 1.066e+02 1.454e+02 360 2 2 1.517e+02 1.843e+02 302 2 4 3.657e+02 3.903e+02 229 2 1 1.718e+02 2.062e+02 319 2 2 3.232e+02 3.488e+02 237 2 4 3.195e+02 3.525e+02 307 2 1 3.375e+02 3.765e+02 362
42302 10 2 4 2.929e+02 2.951e+02 20 2 2 5.874e+02 5.886e+02 11 2 1 3.560e+02 3.580e+02 19 2 4 5.379e+02 5.541e+02 150 2 3 3.081e+02 3.219e+02 129 2 1 6.068e+02 6.112e+02 41 2 2 3.212e+02 3.508e+02 276 2 3 5.558e+02 5.782e+02 207 2 1 2.994e+02 3.306e+02 289 2 1 3.422e+02 3.718e+02 276
42303 5 0 2 6.694e+02 6.746e+02 49 0 4 5.757e+02 6.003e+02 229 0 1 6.367e+02 6.653e+02 266 0 3 6.013e+02 6.167e+02 143 0 3 6.355e+02 6.665e+02 287
