45153 6 0 1 4.410e+02 4.410e+02 -6 0 1 3.133e+02 3.167e+02 32 0 2 3.211e+02 3.509e+02 277 1 4 6.231e+02 6.369e+02 128 2 3 9.766e+01 1.123e+02 136 2 3 2.706e+02 2.754e+02 45
45154 2 2 4 6.445e+01 1.035e+02 363 3 2 6.603e+02 6.837e+02 217
45155 1 0 3 6.412e+02 6.608e+02 181
45156 8 0 4 6.516e+02 6.924e+02 380 0 2 6.499e+02 6.941e+02 411 2 2 1.253e+02 1.267e+02 14 2 3 1.461e+02 1.479e+02 17 2 4 1.213e+02 1.307e+02 88 2 2 1.526e+02 1.834e+02 286 2 2 1.085e+02 1.435e+02 325 2 2 6.356e+01 1.044e+02 380
45157 1 2 1 2.299e+02 2.321e+02 21
45160 0
45162 6 0 2 6.711e+02 6.729e+02 16 0 3 6.036e+02 6.144e+02 100 0 2 6.217e+02 6.383e+02 154 0 1 5.917e+02 6.263e+02 322 0 4 6.134e+02 6.466e+02 309 1 1 5.638e+02 5.702e+02 60
45163 14 0 4 4.550e+02 4.690e+02 130 0 2 6.668e+02 6.772e+02 97 0 4 6.673e+02 6.767e+02 87 0 1 6.401e+02 6.619e+02 202 0 3 6.404e+02 6.616e+02 196 1 3 6.050e+02 6.130e+02 74 1 4 6.204e+02 6.396e+02 179 1 3 2.088e+02 2.532e+02 413 1 2 5.723e+02 6.037e+02 291 1 1 1.233e+02 1.707e+02 440 1 1 6.000e+02 6.180e+02 167 1 4 1.857e+02 2.343e+02 452 2 1 1.433e+01 2.767e+01 124 2 3 6.482e+00 3.552e+01 270
45164 16 0 4 6.210e+02 6.390e+02 167 0 3 6.500e+02 6.520e+02 18 0 2 6.154e+02 6.446e+02 271 0 2 6.663e+02 6.777e+02 106 0 1 6.440e+02 6.580e+02 130 0 2 6.565e+02 6.875e+02 288 0 4 6.547e+02 6.893e+02 322 1 1 6.088e+02 6.092e+02 3 1 2 6.246e+02 6.354e+02 100 1 2 6.182e+02 6.418e+02 219 1 4 6.111e+02 6.489e+02 351 2 3 1.976e+01 2.224e+01 23 2 4 3.901e+01 4.499e+01 56 2 1 5.804e+01 6.796e+01 92 2 2 2.954e+01 5.446e+01 231 2 1 8.275e+00 3.372e+01 236
45165 6 0 2 6.720e+02 6.720e+02 -24 2 4 1.674e+02 1.686e+02 11 2 3 1.572e+01 2.628e+01 98 2 1 1.863e+02 1.917e+02 50 2 4 2.052e+02 2.148e+02 89 2 3 1.415e+02 1.525e+02 103
45166 7 0 3 6.085e+02 6.095e+02 10 0 3 6.100e+01 6.500e+01 37 0 4 6.249e+02 6.351e+02 95 0 3 6.004e+02 6.176e+02 160 0 4 2.290e+01 6.110e+01 355 0 2 6.147e+02 6.453e+02 285 0 2 6.755e+01 1.005e+02 306
45167 1 1 3 1.890e+02 1.890e+02 -1
45168 19 0 1 3.127e+02 3.173e+02 43 0 4 3.351e+02 3.369e+02 16 0 3 6.067e+02 6.113e+02 42 0 4 2.393e+02 2.647e+02 236 0 2 3.259e+02 3.461e+02 187 0 2 6.633e+02 6.807e+02 162 0 4 6.156e+02 6.444e+02 267 0 4 6.622e+02 6.818e+02 182 2 4 3.777e+02 3.783e+02 6 2 1 3.980e+02 4.000e+02 19 2 2 8.178e+01 8.622e+01 41 2 4 3.285e+02 3.435e+02 139 2 4 8.159e+01 8.641e+01 45 2 3 3.858e+02 4.122e+02 246 2 2 2.034e+02 2.166e+02 123 2 2 3.650e+02 3.910e+02 241 2 3 4.803e+01 7.797e+01 278 2 1 2.157e+02 2.463e+02 285 3 3 1.657e+01 2.543e+01 82
45170 8 1 4 5.876e+02 5.884e+02 8 1 2 4.601e+02 4.639e+02 35 2 4 3.354e+02 3.366e+02 10 2 3 3.565e+02 3.575e+02 9 2 4 1.244e+02 1.276e+02 30 2 3 1.369e+02 1.571e+02 188 2 3 3.425e+02 3.715e+02 270 2 2 1.516e+02 1.844e+02 304
45172 4 0 4 6.691e+02 6.749e+02 55 0 1 6.488e+02 6.532e+02 41 0 2 6.604e+02 6.836e+02 216 0 3 6.369e+02 6.651e+02 261
45173 1 2 4 1.063e+02 1.457e+02 366
45174 8 0 1 6.510e+02 6.510e+02 -19 0 2 1.620e+02 1.740e+02 112 0 4 1.623e+02 1.737e+02 106 1 1 1.379e+02 1.561e+02 169 1 3 1.389e+02 1.551e+02 150 1 2 1.148e+02 1.372e+02 208 1 4 1.131e+02 1.389e+02 240 3 1 9.665e+00 3.233e+01 210
45175 0
45176 12 0 4 5.880e+02 5.880e+02 -12 0 2 6.684e+02 6.756e+02 67 0 1 5.928e+02 6.252e+02 300 0 4 6.671e+02 6.769e+02 91 0 3 5.501e+02 5.839e+02 314 1 2 6.287e+02 6.313e+02 25 1 1 5.927e+02 6.253e+02 302 2 4 8.222e+01 8.578e+01 33 2 4 2.914e+02 2.966e+02 48 2 1 6.212e+01 6.388e+01 16 2 2 7.540e+01 9.260e+01 160 2 3 5.018e+01 7.582e+01 238
45177 0
45178 0
45179 6 0 4 6.300e+02 6.300e+02 -6 0 2 6.274e+02 6.326e+02 48 0 3 5.936e+02 6.244e+02 286 0 1 6.335e+02 6.685e+02 325 0 3 6.359e+02 6.661e+02 280 2 2 8.025e+01 8.775e+01 70
45180 0
45181 1 1 1 5.663e+02 5.677e+02 14
45183 0
45184 33 0 1 4.801e+02 4.859e+02 55 0 2 5.430e+02 5.490e+02 56 0 1 6.070e+02 6.110e+02 36 0 3 6.494e+02 6.526e+02 30 0 2 4.997e+02 5.083e+02 80 0 1 5.215e+02 5.285e+02 65 0 3 6.079e+02 6.101e+02 20 0 4 6.711e+02 6.729e+02 16 0 4 5.027e+02 5.053e+02 25 0 1 5.542e+02 5.798e+02 238 0 4 5.797e+02 5.963e+02 154 0 1 6.495e+02 6.525e+02 28 0 4 4.921e+02 5.159e+02 220 0 3 5.544e+02 5.796e+02 234 0 2 6.219e+02 6.381e+02 150 0 2 6.680e+02 6.760e+02 74 0 3 4.680e+02 4.980e+02 279 0 3 5.134e+02 5.366e+02 215 0 4 5.717e+02 6.043e+02 302 0 1 6.372e+02 6.648e+02 256 0 2 5.333e+02 5.587e+02 236 0 3 5.926e+02 6.254e+02 305 0 3 6.337e+02 6.683e+02 321 0 1 5.034e+02 5.466e+02 400 0 2 6.103e+02 6.497e+02 366 0 2 6.554e+02 6.886e+02 309 0 4 6.111e+02 6.489e+02 350 2 3 5.988e+01 6.612e+01 58 2 1 3.974e+02 4.006e+02 30 2 4 2.753e+01 5.647e+01 269 2 1 3.808e+02 4.172e+02 337 2 2 6.917e+01 9.883e+01 276 2 1 5.131e+01 7.469e+01 217
45185 3 1 4 2.076e+02 2.124e+02 45 2 1 1.702e+02 2.078e+02 349 2 4 2.815e+02 3.065e+02 232
45186 18 0 4 6.291e+02 6.309e+02 17 0 2 5.413e+02 5.507e+02 86 0 1 5.705e+01 6.895e+01 110 0 2 6.266e+02 6.334e+02 64 0 1 5.191e+02 5.309e+02 110 0 4 6.182e+02 6.418e+02 219 0 1 5.932e+02 6.248e+02 293 0 3 5.483e+02 5.857e+02 348 0 3 5.891e+02 6.289e+02 370 1 1 5.216e+02 5.284e+02 63 1 2 5.422e+02 5.498e+02 71 1 1 5.158e+02 5.342e+02 171 1 1 4.675e+02 4.985e+02 287 1 3 5.050e+02 5.450e+02 371 2 3 3.102e+02 3.198e+02 89 2 4 1.213e+02 1.307e+02 87 2 4 3.659e+01 4.741e+01 100 2 2 2.510e+01 5.890e+01 314
45189 1 0 2 6.035e+02 6.565e+02 493
45192 10 0 1 4.364e+02 4.456e+02 85 0 4 4.559e+02 4.681e+02 113 0 2 3.711e+02 3.849e+02 129 0 3 4.312e+02 4.508e+02 181 0 2 4.499e+02 4.741e+02 226 2 4 1.198e+02 1.322e+02 116 2 3 1.863e+02 1.917e+02 50 2 3 5.167e+01 7.433e+01 210 2 4 8.231e+01 8.569e+01 31 2 4 1.586e+02 1.774e+02 175
45197 0
45198 2 0 4 4.608e+02 4.632e+02 23 2 2 2.900e+02 2.980e+02 74
45199 15 0 1 5.149e+02 5.351e+02 187 0 4 6.597e+02 6.843e+02 229 0 2 5.301e+02 5.619e+02 295 0 2 6.554e+02 6.886e+02 309 0 1 6.284e+02 6.736e+02 419 0 3 5.401e+02 5.939e+02 500 0 3 6.313e+02 6.707e+02 366 0 2 6.455e+02 6.985e+02 493 2 3 4.829e+02 4.831e+02 1 2 3 6.300e+01 6.300e+01 -4 2 2 1.234e+02 1.286e+02 48 2 4 3.497e+01 4.903e+01 130 2 2 8.218e+01 8.582e+01 34 2 1 1.334e+02 1.606e+02 252 2 4 1.078e+02 1.442e+02 338
45201 14 0 4 4.476e+02 4.764e+02 268 0 3 5.550e+02 5.790e+02 222 0 4 5.719e+02 6.041e+02 299 0 3 4.237e+02 4.583e+02 322 0 2 5.340e+02 5.580e+02 223 0 2 5.278e+02 5.642e+02 339 0 1 5.429e+02 5.911e+02 448 1 2 3.239e+02 3.481e+02 225 1 2 4.545e+02 4.695e+02 140 1 1 4.657e+02 5.003e+02 321 2 4 1.599e+02 1.761e+02 150 2 2 1.549e+02 1.811e+02 243 2 1 1.750e+02 2.030e+02 260 2 3 1.695e+02 2.085e+02 362
45202 0
