28996 18 0 2 6.680e+02 6.760e+02 74 0 3 5.186e+02 5.314e+02 119 0 4 5.790e+02 5.970e+02 166 0 4 6.660e+02 6.780e+02 111 0 4 6.131e+02 6.469e+02 315 0 1 6.407e+02 6.613e+02 190 0 2 4.859e+02 5.221e+02 336 0 3 5.914e+02 6.266e+02 326 0 3 6.451e+02 6.569e+02 109 0 2 6.573e+02 6.867e+02 274 0 4 6.531e+02 6.909e+02 351 2 4 1.638e+02 1.722e+02 78 2 4 3.838e+01 4.562e+01 67 2 4 1.226e+02 1.294e+02 63 2 3 8.577e+01 1.242e+02 357 2 4 5.717e+02 6.043e+02 302 2 3 1.300e+02 1.640e+02 316 2 2 1.081e+02 1.439e+02 333
28997 0
28998 5 0 3 4.745e+01 7.855e+01 289 1 1 5.197e+02 5.303e+02 98 2 2 7.984e+01 8.816e+01 77 2 4 8.070e+01 8.730e+01 61 2 3 4.606e+01 7.994e+01 315
28999 27 0 4 4.589e+02 4.651e+02 57 0 3 5.665e+02 5.675e+02 10 0 2 6.236e+02 6.364e+02 119 0 1 6.496e+02 6.524e+02 26 0 1 4.790e+02 4.870e+02 74 0 1 5.601e+02 5.739e+02 128 0 3 6.494e+02 6.526e+02 30 0 3 4.775e+02 4.885e+02 102 0 1 5.155e+02 5.345e+02 177 0 4 5.743e+02 6.017e+02 255 0 2 6.713e+02 6.727e+02 14 0 3 4.211e+02 4.609e+02 370 0 4 4.923e+02 5.157e+02 218 0 3 5.151e+02 5.349e+02 183 0 3 5.927e+02 6.253e+02 302 0 4 6.704e+02 6.736e+02 29 0 3 5.523e+02 5.817e+02 274 0 2 6.621e+02 6.819e+02 184 0 3 6.316e+02 6.704e+02 360 1 4 6.286e+02 6.314e+02 26 2 3 1.990e+01 2.210e+01 20 2 1 1.590e+01 2.610e+01 95 2 4 1.231e+02 1.289e+02 53 2 2 2.461e+01 5.939e+01 323 2 2 1.177e+02 1.343e+02 155 2 1 1.384e+02 1.556e+02 159 2 3 1.295e+02 1.645e+02 325
29001 0
29003 7 0 3 4.330e+02 4.490e+02 148 0 1 3.836e+02 4.144e+02 286 2 1 1.828e+01 2.372e+01 50 2 2 2.445e+02 2.595e+02 139 2 3 1.047e+01 3.153e+01 196 2 3 2.228e+02 2.392e+02 151 2 4 2.359e+02 2.681e+02 300
29004 8 0 2 2.480e+02 2.560e+02 75 0 3 2.715e+02 2.745e+02 28 0 4 4.172e+02 4.228e+02 51 0 1 2.607e+02 2.853e+02 228 0 1 3.871e+02 4.109e+02 221 0 1 2.153e+02 2.467e+02 292 0 3 3.913e+02 4.067e+02 142 0 4 2.789e+02 3.091e+02 280
29005 2 0 1 5.904e+02 6.276e+02 346 2 4 2.950e+01 5.450e+01 232
29007 6 0 1 5.229e+02 5.271e+02 39 0 3 5.113e+02 5.387e+02 255 0 2 5.316e+02 5.604e+02 268 1 3 1.890e+02 1.890e+02 -15 1 2 2.061e+02 2.139e+02 72 1 3 9.986e+01 1.101e+02 96
29008 8 2 1 1.828e+02 1.952e+02 116 2 2 3.295e+02 3.425e+02 121 2 3 1.869e+02 1.911e+02 39 2 2 1.499e+02 1.861e+02 336 2 2 1.942e+02 2.258e+02 293 2 1 2.109e+02 2.511e+02 374 2 4 1.869e+02 2.331e+02 430 3 2 2.815e+02 3.065e+02 231
29010 12 0 1 5.525e+02 5.815e+02 270 0 2 6.581e+02 6.859e+02 259 0 4 5.715e+02 6.045e+02 306 0 4 6.562e+02 6.878e+02 293 0 3 5.477e+02 5.863e+02 358 0 4 5.622e+02 6.138e+02 479 0 2 6.472e+02 6.968e+02 461 2 1 1.815e+01 2.385e+01 53 2 3 1.326e+02 1.614e+02 267 2 4 1.030e+02 1.490e+02 426 2 2 1.427e+02 1.933e+02 470 2 4 1.415e+02 1.945e+02 492
29013 0
29015 8 0 1 5.634e+02 5.706e+02 67 0 4 5.869e+02 5.891e+02 20 0 3 6.478e+02 6.542e+02 60 0 2 6.183e+02 6.417e+02 217 0 4 6.134e+02 6.466e+02 309 2 3 3.142e+02 3.158e+02 16 2 2 3.253e+02 3.467e+02 199 2 4 2.802e+02 3.078e+02 256
29016 11 0 1 5.645e+02 5.695e+02 46 0 3 5.597e+02 5.743e+02 136 0 4 5.777e+02 5.983e+02 192 2 3 5.961e+01 6.639e+01 63 2 3 1.936e+01 2.264e+01 30 2 4 3.879e+01 4.521e+01 60 2 1 5.741e+01 6.859e+01 104 2 1 1.317e+01 2.883e+01 146 2 2 2.964e+01 5.436e+01 230 2 4 3.112e+01 5.288e+01 202 3 1 4.806e+02 4.854e+02 44
29017 9 3 3 1.881e+02 1.899e+02 17 3 4 1.245e+02 1.275e+02 27 3 1 5.710e+01 6.890e+01 110 3 2 1.674e+02 1.686e+02 11 3 1 1.464e+02 1.476e+02 10 3 1 1.760e+02 2.020e+02 241 3 1 1.039e+02 1.061e+02 20 3 4 1.497e+02 1.863e+02 340 3 1 1.374e+02 1.566e+02 179
29018 19 0 2 6.703e+02 6.737e+02 32 0 4 5.005e+02 5.075e+02 65 0 2 5.414e+02 5.506e+02 86 0 1 6.462e+02 6.558e+02 90 0 1 4.806e+02 4.854e+02 44 0 1 5.099e+02 5.401e+02 280 0 2 6.166e+02 6.434e+02 248 0 3 6.455e+02 6.565e+02 103 0 3 4.712e+02 4.948e+02 220 0 3 5.130e+02 5.370e+02 222 0 4 6.138e+02 6.462e+02 301 0 4 6.564e+02 6.876e+02 290 0 2 4.884e+02 5.196e+02 290 0 2 5.356e+02 5.564e+02 194 0 3 5.517e+02 5.823e+02 284 1 3 6.046e+02 6.134e+02 81 1 2 5.775e+02 5.985e+02 195 1 4 6.253e+02 6.347e+02 88 1 2 6.123e+02 6.477e+02 328
29019 0
29025 12 0 2 6.625e+02 6.815e+02 176 0 4 4.098e+02 4.302e+02 189 2 4 6.300e+02 6.300e+02 -0 2 4 4.569e+02 4.671e+02 95 2 2 1.577e+02 1.783e+02 191 2 1 4.792e+02 4.868e+02 70 2 4 1.971e+02 2.229e+02 240 2 4 6.129e+02 6.471e+02 317 2 3 4.680e+02 4.980e+02 279 2 4 5.727e+02 6.033e+02 285 2 2 4.484e+02 4.756e+02 252 3 1 2.048e+01 2.152e+01 10
29027 1 0 4 1.540e+02 1.820e+02 260
29029 1 0 1 6.082e+02 6.098e+02 15
29032 16 0 1 5.446e+02 5.894e+02 416 0 3 5.435e+02 5.905e+02 437 0 4 5.614e+02 6.146e+02 494 2 4 4.990e+02 5.090e+02 92 2 2 4.949e+02 5.131e+02 170 2 1 5.164e+02 5.336e+02 160 2 4 6.499e+01 1.030e+02 353 2 3 5.122e+02 5.378e+02 238 2 1 -4.425e+00 4.643e+01 472 3 1 2.725e+02 2.735e+02 9 3 4 2.910e+02 2.970e+02 56 3 2 3.753e+02 3.807e+02 50 3 3 2.626e+02 2.834e+02 194 3 2 2.801e+02 3.079e+02 259 3 4 3.717e+02 3.843e+02 116 3 3 3.414e+02 3.726e+02 289
29034 2 2 3 1.824e+01 2.376e+01 51 2 1 5.903e+01 6.697e+01 74
29035 12 0 4 2.894e+02 2.986e+02 86 0 2 6.263e+02 6.337e+02 68 0 3 5.200e+02 5.300e+02 92 0 3 6.462e+02 6.558e+02 89 0 3 2.552e+02 2.908e+02 330 0 4 4.923e+02 5.157e+02 216 0 1 5.504e+02 5.836e+02 308 0 2 6.092e+02 6.508e+02 386 0 2 6.526e+02 6.914e+02 360 0 4 6.569e+02 6.871e+02 280 0 1 6.295e+02 6.725e+02 399 0 3 6.266e+02 6.754e+02 454
29036 6 0 2 5.445e+02 5.475e+02 27 2 1 2.726e+02 2.734e+02 8 2 4 1.178e+02 1.342e+02 153 2 1 1.401e+02 1.539e+02 129 2 2 1.137e+02 1.383e+02 229 2 3 1.370e+02 1.570e+02 186
29037 17 0 1 1.866e+02 1.914e+02 46 0 1 5.639e+02 5.701e+02 58 0 3 1.885e+02 1.895e+02 10 0 4 6.709e+02 6.731e+02 20 0 4 5.880e+02 5.880e+02 -4 0 4 1.960e+02 2.240e+02 260 0 2 6.698e+02 6.742e+02 40 0 2 1.484e+02 1.876e+02 364 0 3 6.049e+02 6.131e+02 76 0 2 6.608e+02 6.832e+02 207 0 3 5.542e+02 5.798e+02 238 0 1 6.000e+02 6.180e+02 167 0 1 6.342e+02 6.678e+02 311 0 4 5.685e+02 6.075e+02 363 0 2 6.105e+02 6.495e+02 363 1 3 5.849e+01 6.751e+01 84 2 1 5.539e+00 3.646e+01 287
29038 0
29039 8 0 4 4.199e+02 4.201e+02 1 0 2 6.631e+02 6.809e+02 165 0 3 3.966e+02 4.014e+02 46 0 1 5.477e+02 5.863e+02 359 0 3 5.940e+02 6.240e+02 279 0 4 6.598e+02 6.842e+02 226 2 2 5.376e+02 5.544e+02 156 2 2 2.393e+01 6.007e+01 336
29040 62 0 4 3.333e+02 3.387e+02 50 0 3 4.830e+02 4.830e+02 -1 0 2 3.732e+02 3.828e+02 90 0 1 5.657e+02 5.683e+02 25 0 1 9.811e+01 1.119e+02 128 0 4 5.846e+02 5.914e+02 64 0 2 2.881e+02 2.999e+02 110 0 2 6.717e+02 6.723e+02 6 0 4 3.681e+02 3.879e+02 185 0 2 4.530e+02 4.710e+02 166 0 1 1.713e+02 2.067e+02 329 0 1 6.000e+02 6.180e+02 167 0 3 2.110e+02 2.510e+02 372 0 4 6.720e+02 6.720e+02 -9 0 2 2.735e+02 3.145e+02 381 0 1 3.881e+02 4.099e+02 202 0 2 3.191e+02 3.529e+02 315 0 3 6.007e+02 6.173e+02 155 0 2 1.892e+02 2.308e+02 386 0 1 6.453e+02 6.567e+02 106 0 4 2.760e+02 3.120e+02 335 0 3 3.840e+02 4.140e+02 279 0 4 1.831e+02 2.369e+02 500 0 3 6.394e+02 6.626e+02 215 0 1 2.971e+02 3.329e+02 333 1 1 6.086e+02 6.094e+02 8 1 2 5.837e+02 5.923e+02 80 1 3 6.062e+02 6.118e+02 52 1 3 5.608e+02 5.732e+02 116 1 2 6.299e+02 6.301e+02 2 1 4 5.744e+02 6.016e+02 252 1 4 6.237e+02 6.363e+02 117 1 1 5.929e+02 6.251e+02 299 1 4 6.112e+02 6.488e+02 350 2 2 4.130e+01 4.270e+01 13 2 3 4.814e+02 4.846e+02 30 2 3 1.016e+02 1.084e+02 64 2 4 2.499e+02 2.541e+02 40 2 2 3.775e+02 3.785e+02 9 2 2 4.102e+02 4.298e+02 181 2 4 4.036e+01 4.364e+01 30 2 2 7.962e+01 8.838e+01 81 2 3 1.461e+02 1.479e+02 17 2 2 2.883e+02 2.997e+02 106 2 1 6.221e+01 6.379e+01 15 2 4 8.222e+01 8.578e+01 33 2 2 1.594e+02 1.766e+02 160 2 4 2.338e+02 2.702e+02 338 2 1 2.653e+02 2.807e+02 143 2 3 1.900e+01 2.300e+01 37 2 4 1.129e+02 1.391e+02 243 2 4 1.925e+02 2.275e+02 326 2 3 2.640e+02 2.820e+02 167 2 3 4.924e+01 7.676e+01 256 2 2 1.073e+02 1.447e+02 348 2 2 2.797e+02 3.083e+02 266 2 4 2.362e+01 6.038e+01 341 2 2 6.194e+01 1.061e+02 410 2 1 4.637e+01 7.963e+01 309 3 1 1.945e+01 2.255e+01 29 3 1 1.031e+02 1.069e+02 35 3 1 6.167e+01 6.433e+01 25
29044 25 0 3 5.666e+02 5.674e+02 8 0 4 5.868e+02 5.892e+02 23 0 2 5.457e+02 5.463e+02 6 0 1 5.609e+02 5.731e+02 114 0 3 6.302e+02 6.718e+02 386 0 3 5.506e+02 5.834e+02 304 0 1 5.073e+02 5.427e+02 329 0 2 5.289e+02 5.631e+02 318 0 1 5.491e+02 5.849e+02 333 2 2 4.193e+01 4.207e+01 1 2 3 2.280e+02 2.340e+02 56 2 1 3.115e+02 3.185e+02 65 2 4 3.793e+01 4.607e+01 76 2 2 8.168e+01 8.632e+01 43 2 4 2.003e+02 2.197e+02 180 2 3 3.087e+02 3.213e+02 116 2 2 3.219e+02 3.501e+02 261 2 1 4.870e+01 7.730e+01 266 2 4 7.581e+01 9.219e+01 152 2 4 3.185e+02 3.535e+02 325 2 3 7.690e+00 3.431e+01 247 2 3 8.936e+01 1.206e+02 290 2 4 1.839e+02 2.361e+02 485 2 4 1.075e+02 1.445e+02 343 2 1 2.092e+02 2.528e+02 405
29045 1 3 1 4.796e+02 4.864e+02 63
29047 26 0 2 3.780e+02 3.780e+02 -15 0 4 3.751e+02 3.809e+02 55 0 3 6.090e+02 6.090e+02 -2 0 1 3.419e+02 3.721e+02 281 0 2 6.719e+02 6.721e+02 1 0 1 5.193e+02 5.307e+02 106 0 4 6.233e+02 6.367e+02 124 0 4 6.714e+02 6.726e+02 11 0 3 4.342e+02 4.478e+02 127 0 3 5.240e+02 5.260e+02 18 0 2 4.865e+02 5.215e+02 325 1 2 5.346e+02 5.574e+02 211 2 3 3.134e+02 3.166e+02 30 2 3 1.433e+02 1.507e+02 68 2 1 1.622e+01 2.578e+01 89 2 4 4.165e+02 4.235e+02 66 2 4 1.219e+02 1.301e+02 76 2 2 4.084e+02 4.316e+02 216 2 2 2.036e+02 2.164e+02 119 2 4 2.833e+02 3.047e+02 198 2 3 4.259e+02 4.561e+02 281 2 2 3.235e+02 3.485e+02 232 2 1 4.235e+02 4.585e+02 326 2 3 1.406e+01 2.794e+01 129 2 3 1.760e+02 2.020e+02 241 2 1 3.031e+02 3.269e+02 221
29048 20 0 2 6.300e+02 6.300e+02 -0 0 4 2.940e+02 2.940e+02 -14 0 4 6.275e+02 6.325e+02 46 0 4 2.798e+02 3.082e+02 263 0 4 6.662e+02 6.778e+02 107 0 3 5.617e+02 5.723e+02 98 0 2 6.648e+02 6.792e+02 134 0 2 5.363e+02 5.557e+02 180 0 1 5.909e+02 6.271e+02 336 0 4 6.598e+02 6.842e+02 226 0 3 6.353e+02 6.667e+02 292 2 3 1.035e+02 1.065e+02 27 2 4 1.650e+02 1.710e+02 56 2 3 6.300e+01 6.300e+01 -15 2 2 7.653e+01 9.147e+01 139 2 2 1.149e+02 1.371e+02 206 2 4 2.681e+01 5.719e+01 282 2 4 6.724e+01 1.008e+02 311 2 1 4.826e+01 7.774e+01 274 2 1 3.742e+00 3.826e+01 320
29050 12 0 1 6.501e+02 6.519e+02 16 0 1 5.665e+02 5.675e+02 9 0 2 6.716e+02 6.724e+02 8 0 3 5.633e+02 5.707e+02 69 0 1 6.438e+02 6.582e+02 133 0 4 6.640e+02 6.800e+02 149 0 4 5.656e+02 6.104e+02 416 0 1 6.315e+02 6.705e+02 361 2 4 4.179e+01 4.221e+01 4 2 1 6.042e+01 6.558e+01 48 2 3 5.377e+01 7.223e+01 171 2 2 2.905e+01 5.495e+01 240
29051 55 0 1 5.653e+02 5.687e+02 31 0 4 3.754e+02 3.806e+02 48 0 3 4.364e+02 4.456e+02 86 0 1 3.063e+02 3.237e+02 161 0 3 5.624e+02 5.716e+02 86 0 2 3.318e+02 3.402e+02 77 0 2 6.619e+02 6.821e+02 188 0 2 5.280e+02 5.640e+02 335 0 4 5.734e+02 6.026e+02 270 0 4 4.381e+02 4.859e+02 445 0 3 5.464e+02 5.876e+02 382 0 2 6.495e+02 6.945e+02 418 0 1 4.182e+02 4.638e+02 424 1 1 5.595e+02 5.745e+02 139 1 4 5.762e+02 5.998e+02 220 1 2 6.151e+02 6.449e+02 277 1 3 5.514e+02 5.826e+02 290 1 2 5.292e+02 5.628e+02 312 2 1 1.885e+02 1.895e+02 10 2 4 5.452e+02 5.468e+02 16 2 4 2.504e+02 2.536e+02 29 2 4 3.335e+02 3.385e+02 46 2 4 5.876e+02 5.884e+02 8 2 3 1.792e+01 2.408e+01 57 2 2 1.242e+02 1.278e+02 33 2 4 4.180e+02 4.220e+02 38 2 2 1.668e+02 1.692e+02 22 2 3 6.064e+02 6.116e+02 49 2 3 2.681e+02 2.779e+02 90 2 3 4.224e+02 4.596e+02 346 2 2 3.901e+01 4.499e+01 56 2 4 4.917e+02 5.163e+02 228 2 4 8.115e+01 8.685e+01 53 2 1 5.959e+02 6.221e+02 243 2 4 1.643e+02 1.717e+02 68 2 2 6.173e+02 6.427e+02 236 2 2 1.984e+02 2.216e+02 216 2 2 2.853e+02 3.027e+02 161 2 4 4.049e+01 4.351e+01 28 2 4 1.124e+02 1.396e+02 252 2 1 1.781e+02 1.999e+02 202 2 4 1.984e+02 2.216e+02 216 2 2 2.727e+02 3.153e+02 395 2 3 5.081e+01 7.519e+01 226 2 3 1.788e+02 1.992e+02 190 2 4 2.325e+02 2.715e+02 361 2 1 8.632e+00 3.337e+01 230 2 3 1.382e+02 1.558e+02 163 2 1 2.110e+02 2.510e+02 372 2 1 5.122e+01 7.478e+01 219 2 1 1.724e+02 2.056e+02 308 2 2 2.329e+02 2.711e+02 354 2 4 1.503e+02 1.857e+02 328 3 2 4.175e+01 4.225e+01 5 3 1 1.285e+01 2.915e+01 151
