32795 8 0 1 5.239e+02 5.261e+02 20 1 4 6.264e+02 6.336e+02 67 1 4 5.038e+02 5.042e+02 4 1 2 4.530e+02 4.710e+02 167 1 2 4.945e+02 5.135e+02 176 1 1 5.096e+02 5.404e+02 286 1 3 5.403e+02 5.937e+02 496 2 1 1.446e+02 1.494e+02 44
32796 81 0 3 4.785e+02 4.875e+02 84 0 4 2.481e+02 2.559e+02 73 0 1 5.643e+02 5.697e+02 50 0 4 3.765e+02 3.795e+02 27 0 4 5.864e+02 5.896e+02 30 0 3 6.100e+01 6.500e+01 37 0 2 6.703e+02 6.737e+02 31 0 4 7.536e+01 9.264e+01 160 0 3 4.384e+02 4.436e+02 48 0 3 2.235e+02 2.385e+02 139 0 4 5.023e+02 5.057e+02 31 0 4 3.282e+02 3.438e+02 146 0 3 5.656e+02 5.684e+02 26 0 1 5.575e+01 7.025e+01 135 0 2 6.254e+02 6.346e+02 86 0 4 2.358e+02 2.682e+02 301 0 4 6.707e+02 6.733e+02 25 0 4 3.658e+02 3.902e+02 226 0 1 4.318e+02 4.502e+02 170 0 2 2.667e+01 5.733e+01 285 0 2 4.563e+02 4.677e+02 106 0 1 5.242e+02 5.258e+02 16 0 1 6.048e+02 6.132e+02 79 0 1 6.490e+02 6.530e+02 36 0 4 4.023e+02 4.377e+02 328 0 1 4.762e+02 4.898e+02 126 0 3 5.204e+02 5.296e+02 85 0 3 6.026e+02 6.154e+02 119 0 3 6.477e+02 6.543e+02 60 0 3 4.718e+02 4.942e+02 209 0 2 5.400e+02 5.520e+02 111 0 4 6.188e+02 6.412e+02 207 0 1 6.345e+02 6.675e+02 306 0 4 4.492e+02 4.748e+02 237 0 1 5.088e+02 5.412e+02 300 0 4 5.728e+02 6.032e+02 282 0 3 6.371e+02 6.649e+02 259 0 1 4.646e+02 5.014e+02 342 0 2 5.280e+02 5.640e+02 334 0 1 5.953e+02 6.227e+02 255 0 2 6.560e+02 6.880e+02 298 0 4 4.856e+02 5.224e+02 341 0 4 6.562e+02 6.878e+02 293 1 2 5.027e+02 5.053e+02 25 1 3 5.652e+02 5.688e+02 33 1 1 6.087e+02 6.093e+02 6 1 2 4.501e+02 4.739e+02 221 1 1 5.199e+02 5.301e+02 95 1 2 5.873e+02 5.887e+02 14 1 3 6.079e+02 6.101e+02 21 1 1 4.796e+02 4.864e+02 64 1 4 5.861e+02 5.899e+02 36 1 2 6.293e+02 6.307e+02 12 1 3 5.128e+02 5.372e+02 226 1 2 5.374e+02 5.546e+02 159 1 4 6.286e+02 6.314e+02 26 1 3 4.693e+02 4.967e+02 254 1 4 5.438e+02 5.482e+02 41 1 4 4.845e+02 5.235e+02 361 1 1 5.605e+02 5.735e+02 120 1 1 5.078e+02 5.422e+02 319 2 1 1.577e+01 2.623e+01 97 2 4 4.549e+02 4.691e+02 132 2 4 1.228e+02 1.292e+02 59 2 1 5.205e+02 5.295e+02 84 2 3 1.888e+02 1.892e+02 4 2 4 2.080e+02 2.120e+02 36 2 4 4.174e+02 4.226e+02 49 2 3 1.435e+02 1.505e+02 66 2 3 5.204e+02 5.296e+02 86 2 3 2.285e+02 2.335e+02 46 2 4 5.364e+02 5.556e+02 179 2 1 3.005e+02 3.295e+02 269 2 3 2.083e+00 3.992e+01 351 2 2 1.627e+02 1.733e+02 98 2 2 2.435e+02 2.605e+02 158 2 1 1.791e+02 1.989e+02 184 2 2 1.952e+02 2.248e+02 275 2 4 1.551e+02 1.809e+02 240 3 1 9.860e+01 1.114e+02 119 3 3 1.577e+01 2.623e+01 97
32800 1 2 1 1.421e+02 1.519e+02 91
32801 2 0 1 5.501e+02 5.839e+02 314 2 4 2.520e+02 2.520e+02 -2
32804 10 0 2 6.688e+02 6.752e+02 60 0 4 6.670e+02 6.770e+02 93 0 1 5.933e+02 6.247e+02 292 2 2 1.675e+02 1.685e+02 9 2 1 1.877e+02 1.903e+02 24 2 4 5.009e+02 5.071e+02 58 2 4 1.205e+02 1.315e+02 101 2 3 1.455e+02 1.485e+02 28 2 1 2.167e+02 2.453e+02 266 2 1 1.697e+02 2.083e+02 359
32807 1 2 4 5.753e+02 6.007e+02 236
32808 3 0 4 6.667e+02 6.773e+02 99 0 1 5.973e+02 6.207e+02 217 0 3 6.404e+02 6.616e+02 196
32809 0
32810 1 2 3 4.736e+02 4.924e+02 176
32811 0
32812 10 0 1 5.661e+02 5.679e+02 16 0 3 6.066e+02 6.114e+02 44 0 1 5.503e+02 5.837e+02 310 0 4 6.191e+02 6.409e+02 202 2 4 4.040e+01 4.360e+01 30 2 4 1.209e+02 1.311e+02 96 2 1 5.862e+01 6.738e+01 81 2 4 1.966e+02 2.234e+02 250 2 3 5.238e+01 7.362e+01 197 2 2 2.618e+01 5.782e+01 294
32813 36 0 4 3.345e+02 3.375e+02 28 0 4 6.690e+02 6.750e+02 56 0 4 3.759e+02 3.801e+02 39 0 3 4.391e+02 4.429e+02 35 0 1 3.510e+02 3.630e+02 112 0 1 5.206e+02 5.294e+02 81 0 1 6.033e+02 6.147e+02 106 0 3 3.945e+02 4.035e+02 84 0 2 4.908e+02 5.172e+02 246 0 3 5.568e+02 5.772e+02 190 0 3 6.026e+02 6.154e+02 118 0 4 6.583e+02 6.857e+02 255 0 1 4.256e+02 4.564e+02 286 0 4 4.459e+02 4.781e+02 299 0 3 5.075e+02 5.425e+02 326 0 4 5.747e+02 6.013e+02 247 0 4 6.111e+02 6.489e+02 350 1 4 4.198e+02 4.202e+02 3 1 3 5.654e+02 5.686e+02 30 1 4 4.570e+02 4.670e+02 93 1 2 6.269e+02 6.331e+02 58 1 2 3.229e+02 3.491e+02 244 1 4 4.033e+02 4.367e+02 310 1 4 5.020e+02 5.060e+02 38 1 4 4.442e+02 4.798e+02 330 1 2 5.853e+02 5.907e+02 50 1 4 6.296e+02 6.304e+02 7 1 1 5.230e+02 5.270e+02 37 1 4 5.865e+02 5.895e+02 27 1 3 5.948e+02 6.232e+02 264 1 2 5.430e+02 5.490e+02 56 1 2 6.144e+02 6.456e+02 289 1 4 5.437e+02 5.483e+02 43 1 1 5.900e+02 6.280e+02 352 1 4 5.330e+02 5.590e+02 240 2 1 2.100e+01 2.100e+01 -14
32814 1 0 2 5.460e+02 5.460e+02 0
32817 10 0 1 6.065e+02 6.115e+02 46 0 4 6.651e+02 6.789e+02 129 0 3 6.078e+02 6.102e+02 23 0 2 6.652e+02 6.788e+02 127 0 4 6.119e+02 6.481e+02 336 1 1 2.167e+02 2.453e+02 266 1 3 2.151e+02 2.469e+02 295 2 3 1.702e+01 2.498e+01 74 2 1 1.106e+01 3.094e+01 185 2 3 9.214e+00 3.279e+01 219
32818 31 0 4 6.201e+02 6.399e+02 185 0 3 1.124e+01 3.076e+01 181 0 2 6.682e+02 6.758e+02 70 0 4 3.309e+01 5.091e+01 166 0 4 6.662e+02 6.778e+02 107 0 2 6.591e+02 6.849e+02 240 1 1 5.978e+02 6.202e+02 207 2 1 2.070e+01 2.130e+01 6 2 3 4.827e+02 4.833e+02 6 2 1 1.886e+02 1.894e+02 7 2 4 6.284e+02 6.316e+02 30 2 3 1.940e+01 2.260e+01 30 2 1 4.782e+02 4.878e+02 90 2 4 7.922e+01 8.878e+01 89 2 4 5.856e+02 5.904e+02 45 2 2 1.647e+02 1.713e+02 61 2 4 6.649e+02 6.791e+02 131 2 3 6.131e+01 6.469e+01 31 2 4 4.891e+02 5.189e+02 277 2 3 9.905e+01 1.110e+02 110 2 4 5.316e+02 5.604e+02 268 2 3 1.345e+02 1.595e+02 231 2 4 6.156e+02 6.444e+02 267 2 1 2.954e+02 3.346e+02 364 2 4 6.588e+02 6.852e+02 245 2 2 2.429e+01 5.971e+01 329 2 4 4.469e+02 4.771e+02 281 2 4 6.872e+01 9.928e+01 284 2 2 4.430e+02 4.810e+02 353 2 4 1.527e+02 1.833e+02 284 2 2 1.084e+02 1.436e+02 327
32819 12 0 2 6.485e+02 6.955e+02 437 2 3 5.557e+01 7.043e+01 138 2 4 4.953e+02 5.127e+02 161 2 3 5.146e+02 5.354e+02 194 2 1 1.456e+01 2.744e+01 120 2 2 6.961e+01 9.839e+01 267 2 3 1.321e+01 2.879e+01 145 2 2 2.851e+01 5.549e+01 250 2 4 3.161e+01 5.239e+01 193 2 1 2.531e+00 3.947e+01 343 2 2 1.895e+01 6.505e+01 428 2 3 -1.329e+00 4.333e+01 415
32821 8 0 2 6.719e+02 6.721e+02 2 0 4 6.706e+02 6.734e+02 26 0 3 6.492e+02 6.528e+02 34 0 3 6.329e+02 6.691e+02 336 1 2 6.120e+02 6.480e+02 334 2 3 1.469e+02 1.471e+02 1 2 4 1.209e+02 1.311e+02 94 2 1 6.882e+00 3.512e+01 262
32822 10 0 1 6.503e+02 6.517e+02 12 0 2 6.263e+02 6.337e+02 70 0 3 6.510e+02 6.510e+02 -1 0 4 6.259e+02 6.341e+02 76 0 4 6.685e+02 6.755e+02 65 0 2 6.116e+02 6.484e+02 342 0 2 6.640e+02 6.800e+02 149 0 4 6.101e+02 6.499e+02 369 0 4 6.592e+02 6.848e+02 238 0 2 6.451e+02 6.989e+02 500
32825 0
32826 3 2 3 9.461e+01 1.154e+02 193 2 2 1.161e+02 1.359e+02 184 2 4 1.134e+02 1.386e+02 234
32827 43 0 2 6.285e+02 6.315e+02 27 0 4 2.928e+02 2.952e+02 23 0 4 6.698e+02 6.742e+02 41 0 4 4.094e+01 4.306e+01 20 0 3 4.363e+02 4.457e+02 88 0 4 3.691e+02 3.869e+02 165 0 4 5.010e+02 5.070e+02 56 0 4 1.543e+02 1.817e+02 254 0 3 5.198e+02 5.302e+02 96 0 3 2.612e+02 2.848e+02 220 0 4 5.847e+02 5.913e+02 60 0 4 3.244e+02 3.476e+02 216 0 3 6.509e+02 6.511e+02 1 0 4 2.631e+01 5.769e+01 291 0 2 4.595e+02 4.645e+02 46 0 1 5.628e+02 5.712e+02 79 0 4 6.231e+02 6.369e+02 129 0 2 6.701e+02 6.739e+02 35 0 3 3.793e+02 4.187e+02 366 0 4 4.462e+02 4.778e+02 293 0 3 5.567e+02 5.773e+02 192 0 1 5.960e+02 6.220e+02 240 0 1 6.372e+02 6.648e+02 256 0 4 6.112e+02 6.488e+02 350 2 3 6.145e+01 6.455e+01 29 2 3 1.021e+02 1.079e+02 53 2 4 4.140e+02 4.260e+02 112 2 3 2.729e+02 2.731e+02 2 2 2 4.004e+01 4.396e+01 36 2 3 1.856e+02 1.924e+02 63 2 2 1.991e+02 2.209e+02 202 2 1 2.644e+02 2.816e+02 160 2 4 4.094e+01 4.306e+01 20 2 2 6.656e+01 1.014e+02 324 2 4 1.551e+02 1.809e+02 240 2 4 2.356e+02 2.684e+02 306 2 1 6.010e+01 6.590e+01 54 2 2 1.481e+02 1.879e+02 369 2 1 5.023e+01 7.577e+01 237 2 3 4.471e+01 8.129e+01 340 2 1 6.031e+00 3.597e+01 278 2 3 7.559e+00 3.444e+01 250 2 4 2.250e+01 6.150e+01 362
32828 5 1 3 2.070e+01 2.130e+01 6 2 4 2.457e+02 2.583e+02 117 2 2 1.222e+02 1.298e+02 71 3 2 6.264e+02 6.336e+02 66 3 1 5.964e+02 6.216e+02 235
32829 0
32831 5 0 3 5.604e+02 5.736e+02 122 0 2 6.672e+02 6.768e+02 89 0 4 6.646e+02 6.794e+02 137 0 1 6.376e+02 6.644e+02 248 2 2 1.095e+02 1.425e+02 306
32832 21 0 1 3.128e+02 3.172e+02 40 0 2 5.438e+02 5.482e+02 40 0 2 2.914e+02 2.966e+02 49 0 4 2.757e+02 3.123e+02 340 0 1 2.973e+02 3.327e+02 330 1 4 6.300e+02 6.300e+02 -10 2 4 5.040e+02 5.040e+02 -7 2 3 5.400e+01 7.200e+01 167 2 1 4.380e+02 4.440e+02 56 2 2 1.219e+02 1.301e+02 76 2 2 4.870e+02 5.210e+02 316 2 1 1.164e+01 3.036e+01 174 2 4 1.192e+02 1.328e+02 126 2 2 4.456e+02 4.784e+02 304 2 3 1.362e+01 2.838e+01 137 2 1 4.645e+02 5.015e+02 344 2 2 7.769e+01 9.031e+01 117 2 1 5.005e+01 7.595e+01 240 2 3 4.598e+02 5.062e+02 430 2 4 7.276e+01 9.524e+01 209 2 3 9.160e+01 1.184e+02 249
32833 10 0 2 6.700e+02 6.740e+02 38 0 1 5.517e+02 5.823e+02 285 0 4 6.541e+02 6.899e+02 333 0 4 5.715e+02 6.045e+02 307 2 3 1.050e+02 1.050e+02 -14 2 2 7.451e+01 9.349e+01 176 2 3 5.646e+02 5.694e+02 44 2 3 4.754e+01 7.846e+01 287 2 4 7.307e+01 9.493e+01 203 3 1 2.352e+00 3.965e+01 346
32836 1 0 3 4.561e+02 5.099e+02 499
32838 10 0 3 6.083e+02 6.097e+02 13 0 1 6.042e+02 6.138e+02 90 0 3 6.407e+02 6.613e+02 190 0 3 5.931e+02 6.249e+02 295 0 2 6.611e+02 6.829e+02 203 0 4 6.121e+02 6.479e+02 332 0 4 6.633e+02 6.807e+02 161 0 2 6.528e+02 6.912e+02 357 0 4 6.545e+02 6.895e+02 325 1 1 5.644e+02 5.696e+02 49
32843 17 0 1 1.037e+02 1.063e+02 25 0 3 4.788e+02 4.872e+02 77 0 2 6.720e+02 6.720e+02 -10 0 4 4.904e+02 5.176e+02 253 1 1 1.456e+02 1.484e+02 26 1 3 1.454e+02 1.486e+02 30 1 3 1.330e+01 2.870e+01 143 1 1 1.088e+01 3.112e+01 188 2 1 2.278e+02 2.342e+02 59 2 2 2.045e+02 2.155e+02 102 2 2 4.581e+02 4.659e+02 72 2 4 2.049e+02 2.151e+02 94 2 3 4.293e+02 4.527e+02 218 2 4 4.475e+02 4.765e+02 270 2 3 2.124e+02 2.496e+02 345 3 1 1.877e+01 2.323e+01 41 3 1 6.221e+01 6.379e+01 15
32845 6 0 4 6.709e+02 6.731e+02 21 0 3 6.499e+02 6.521e+02 21 0 2 6.130e+02 6.470e+02 316 0 2 6.703e+02 6.737e+02 31 0 1 6.401e+02 6.619e+02 202 1 1 1.218e+01 2.982e+01 164
32846 6 0 1 5.407e+02 5.933e+02 489 1 1 2.730e+02 2.730e+02 -8 1 4 7.177e+01 9.623e+01 227 2 3 1.056e+01 3.144e+01 194 2 3 -6.562e-01 4.266e+01 402 3 2 5.764e+02 5.996e+02 216
32848 14 0 2 6.292e+02 6.308e+02 15 0 4 6.715e+02 6.725e+02 9 0 3 6.499e+02 6.521e+02 21 0 3 5.981e+02 6.199e+02 203 0 2 6.669e+02 6.771e+02 96 2 3 2.100e+01 2.100e+01 -10 2 2 7.451e+01 9.349e+01 176 2 1 6.046e+01 6.554e+01 47 2 4 7.397e+01 9.403e+01 186 2 3 5.916e+01 6.684e+01 71 2 1 1.797e+01 2.403e+01 56 2 4 2.882e+01 5.518e+01 245 2 1 4.996e+01 7.604e+01 242 2 2 2.676e+01 5.724e+01 283
