21651 2 2 4 1.543e+02 1.817e+02 254 2 3 1.764e+02 2.016e+02 235
21652 15 0 4 5.840e+02 5.920e+02 74 0 4 6.718e+02 6.722e+02 3 0 3 5.593e+02 5.747e+02 144 0 1 6.030e+02 6.150e+02 111 0 3 6.468e+02 6.552e+02 79 0 4 4.420e+02 4.820e+02 372 0 2 6.211e+02 6.389e+02 165 0 2 6.558e+02 6.882e+02 301 0 4 6.189e+02 6.411e+02 206 0 1 5.954e+02 6.226e+02 252 1 4 6.179e+02 6.421e+02 225 2 4 2.518e+02 2.522e+02 4 2 1 2.709e+02 2.751e+02 39 2 2 2.370e+02 2.670e+02 278 2 1 2.568e+02 2.892e+02 301
21654 17 0 3 6.066e+02 6.114e+02 44 0 3 5.239e+02 5.261e+02 20 0 4 6.195e+02 6.405e+02 195 0 3 6.440e+02 6.580e+02 130 0 1 5.606e+02 5.734e+02 118 0 4 5.780e+02 5.980e+02 186 0 4 6.686e+02 6.754e+02 63 0 2 4.901e+02 5.179e+02 259 0 3 5.581e+02 5.759e+02 166 0 1 5.969e+02 6.211e+02 225 0 1 6.395e+02 6.625e+02 213 0 1 5.133e+02 5.367e+02 218 0 2 6.605e+02 6.835e+02 213 1 1 5.981e+02 6.199e+02 202 1 4 6.108e+02 6.492e+02 357 2 4 4.018e+01 4.382e+01 34 2 3 5.925e+01 6.675e+01 70
21655 2 0 2 6.645e+02 6.795e+02 139 0 4 6.590e+02 6.850e+02 242
21657 8 0 4 6.127e+02 6.473e+02 322 0 2 5.302e+02 5.618e+02 294 0 2 6.128e+02 6.472e+02 319 0 1 5.454e+02 5.886e+02 401 0 3 5.472e+02 5.868e+02 367 0 1 4.988e+02 5.512e+02 486 1 2 6.052e+02 6.548e+02 461 2 3 -1.013e+00 4.301e+01 409
21658 3 0 4 6.656e+02 6.784e+02 120 0 1 6.398e+02 6.622e+02 208 0 3 6.374e+02 6.646e+02 252
21659 7 0 4 6.229e+02 6.371e+02 131 0 1 2.566e+02 2.894e+02 306 0 1 5.476e+02 5.864e+02 360 0 4 5.754e+02 6.006e+02 235 0 2 6.519e+02 6.921e+02 374 1 1 1.853e+02 1.927e+02 68 1 3 5.552e+02 5.788e+02 219
21660 10 0 4 6.719e+02 6.721e+02 2 0 3 6.078e+01 6.522e+01 41 1 2 5.859e+02 5.901e+02 39 1 2 6.217e+02 6.383e+02 154 1 4 5.824e+02 5.936e+02 105 1 4 6.235e+02 6.365e+02 120 1 1 5.971e+02 6.209e+02 221 1 3 6.006e+02 6.174e+02 156 1 1 5.895e+02 6.285e+02 363 2 2 1.916e+02 2.284e+02 341
21661 41 0 1 5.644e+02 5.696e+02 48 0 1 6.039e+02 6.141e+02 95 0 2 6.700e+02 6.740e+02 37 0 3 5.577e+02 5.763e+02 173 0 3 6.048e+02 6.132e+02 78 0 4 6.636e+02 6.804e+02 156 0 4 4.425e+02 4.815e+02 363 0 1 5.193e+02 5.307e+02 106 0 4 5.757e+02 6.003e+02 229 0 2 6.602e+02 6.838e+02 220 0 3 5.123e+02 5.377e+02 236 0 3 5.972e+02 6.208e+02 220 0 1 6.333e+02 6.687e+02 328 0 2 5.374e+02 5.546e+02 159 0 1 5.495e+02 5.845e+02 325 1 1 5.169e+02 5.331e+02 150 1 4 6.187e+02 6.413e+02 210 1 4 5.703e+02 6.057e+02 329 1 2 6.109e+02 6.491e+02 355 2 2 3.933e+01 4.467e+01 50 2 4 2.930e+02 2.950e+02 18 2 4 3.708e+02 3.852e+02 135 2 4 4.183e+02 4.217e+02 32 2 4 3.618e+01 4.782e+01 108 2 3 3.872e+02 4.108e+02 220 2 4 1.242e+02 1.278e+02 34 2 1 1.384e+02 1.556e+02 160 2 2 4.023e+02 4.377e+02 328 2 4 2.365e+02 2.675e+02 288 2 3 2.686e+02 2.774e+02 81 2 1 1.195e+01 3.005e+01 168 2 3 1.389e+02 1.551e+02 150 2 4 1.948e+02 2.252e+02 282 2 2 2.857e+02 3.023e+02 154 2 1 5.436e+01 7.164e+01 160 2 1 3.043e+02 3.257e+02 198 2 3 5.718e+00 3.628e+01 284 2 2 1.013e+02 1.507e+02 458 2 3 3.032e+02 3.268e+02 219 2 1 2.553e+02 2.907e+02 328 3 4 8.357e+01 8.443e+01 8
21662 2 1 2 6.299e+02 6.301e+02 1 2 4 2.497e+01 5.903e+01 316
21663 4 0 4 4.387e+02 4.853e+02 433 2 3 5.670e+02 5.670e+02 -2 2 2 5.835e+02 5.925e+02 83 2 2 5.718e+02 6.042e+02 300
21664 8 0 2 6.256e+02 6.344e+02 81 0 3 6.498e+02 6.522e+02 22 0 4 6.720e+02 6.720e+02 -6 0 2 6.110e+02 6.490e+02 352 0 1 6.482e+02 6.538e+02 51 0 4 6.535e+02 6.905e+02 344 1 1 1.804e+02 1.976e+02 160 2 3 1.631e+01 2.569e+01 87
21665 43 0 3 6.087e+02 6.093e+02 5 0 1 6.476e+02 6.544e+02 63 0 4 6.295e+02 6.305e+02 9 0 4 6.702e+02 6.738e+02 33 0 2 4.554e+02 4.686e+02 123 0 2 6.220e+02 6.380e+02 148 0 3 6.427e+02 6.593e+02 154 0 4 4.503e+02 4.737e+02 216 0 4 5.717e+02 6.043e+02 303 0 2 6.580e+02 6.860e+02 260 0 3 4.724e+02 4.936e+02 197 0 1 6.363e+02 6.657e+02 273 0 3 6.364e+02 6.656e+02 270 1 3 5.666e+02 5.674e+02 8 1 1 5.230e+02 5.270e+02 37 1 2 5.858e+02 5.902e+02 41 1 3 6.063e+02 6.117e+02 50 1 1 5.638e+02 5.702e+02 59 1 2 6.248e+02 6.352e+02 96 1 1 5.537e+02 5.803e+02 247 1 4 6.261e+02 6.339e+02 73 1 4 5.707e+02 6.053e+02 320 1 4 6.128e+02 6.472e+02 319 1 1 5.483e+02 5.857e+02 348 2 3 3.141e+02 3.159e+02 16 2 1 6.054e+02 6.126e+02 67 2 4 2.091e+02 2.109e+02 16 2 4 1.216e+02 1.304e+02 82 2 1 2.297e+02 2.323e+02 25 2 2 5.855e+02 5.905e+02 46 2 4 7.495e+01 9.305e+01 168 2 3 2.176e+02 2.444e+02 250 2 2 2.768e+02 3.112e+02 319 2 3 5.538e+02 5.802e+02 245 2 2 1.978e+02 2.222e+02 227 2 4 5.721e+02 6.039e+02 296 2 4 2.750e+02 3.130e+02 352 2 1 2.991e+02 3.309e+02 296 3 1 1.940e+01 2.260e+01 30 3 2 3.672e+01 4.728e+01 98 3 3 1.958e+01 2.242e+01 26 3 1 4.987e+01 7.613e+01 244 3 4 2.250e+01 6.150e+01 362
21666 0
21668 8 0 4 5.031e+02 5.049e+02 17 0 2 4.954e+02 5.126e+02 159 0 1 5.118e+02 5.382e+02 246 0 4 2.257e+02 2.783e+02 489 0 3 5.149e+02 5.351e+02 187 0 4 6.036e+02 6.564e+02 490 2 4 1.664e+02 1.696e+02 30 2 3 1.704e+02 2.076e+02 345
21669 2 2 4 2.077e+02 2.123e+02 43 2 3 1.764e+02 2.016e+02 234
21670 0
21671 4 0 2 6.659e+02 6.781e+02 113 0 4 6.688e+02 6.752e+02 59 0 2 5.273e+02 5.647e+02 348 0 1 6.397e+02 6.623e+02 210
21672 8 0 3 5.194e+02 5.306e+02 105 0 1 5.177e+02 5.323e+02 136 0 2 4.839e+02 5.241e+02 373 2 4 1.640e+02 1.720e+02 74 2 3 1.858e+02 1.922e+02 59 2 1 1.804e+02 1.976e+02 159 2 2 1.931e+02 2.269e+02 313 2 3 6.383e+02 6.637e+02 236
21673 0
21674 0
21675 27 0 3 6.086e+02 6.094e+02 7 0 1 6.033e+02 6.147e+02 106 0 2 2.937e+02 2.943e+02 6 0 2 6.654e+02 6.786e+02 123 0 4 2.812e+02 3.068e+02 237 0 4 6.256e+02 6.344e+02 82 0 4 6.609e+02 6.831e+02 206 0 1 2.562e+02 2.898e+02 312 0 4 5.746e+02 6.014e+02 248 1 2 5.032e+02 5.048e+02 15 1 3 5.121e+02 5.379e+02 240 1 2 6.115e+02 6.485e+02 343 1 4 4.858e+02 5.222e+02 337 2 2 4.000e+01 4.400e+01 37 2 2 8.236e+01 8.564e+01 30 2 3 1.470e+02 1.470e+02 -17 2 2 1.248e+02 1.272e+02 23 2 2 1.672e+02 1.688e+02 15 2 1 6.926e+00 3.507e+01 261 2 2 7.558e+01 9.242e+01 156 2 1 1.368e+02 1.572e+02 189 2 3 5.401e+00 3.660e+01 290 2 4 1.145e+02 1.375e+02 213 2 2 6.674e+01 1.013e+02 320 2 2 1.094e+02 1.426e+02 309 3 3 2.100e+01 2.100e+01 -5 3 3 6.704e+00 3.530e+01 266
21676 4 1 4 6.213e+02 6.387e+02 161 2 2 3.623e+01 4.777e+01 107 2 1 5.759e+01 6.841e+01 100 2 4 2.770e+01 5.630e+01 266
21677 0
21678 8 0 4 5.831e+02 5.929e+02 91 0 4 6.720e+02 6.720e+02 -1 0 1 6.416e+02 6.604e+02 175 1 4 6.254e+02 6.346e+02 85 1 1 5.990e+02 6.190e+02 186 1 2 6.177e+02 6.423e+02 228 1 2 6.120e+02 6.480e+02 335 2 1 1.115e+01 3.085e+01 183
21683 20 0 1 6.372e+02 6.648e+02 257 0 2 6.524e+02 6.916e+02 365 0 4 6.526e+02 6.914e+02 360 1 4 5.875e+02 5.885e+02 9 1 3 5.533e+02 5.807e+02 255 1 1 4.692e+02 4.968e+02 257 1 2 5.744e+02 6.016e+02 253 1 3 4.644e+02 5.016e+02 346 2 2 5.435e+02 5.485e+02 46 2 4 2.905e+02 2.975e+02 65 2 1 3.548e+02 3.592e+02 40 2 1 5.549e+02 5.791e+02 225 2 4 2.056e+02 2.144e+02 81 2 3 5.105e+02 5.395e+02 269 2 3 3.140e+02 3.160e+02 18 2 4 3.762e+02 3.798e+02 34 2 4 5.329e+02 5.591e+02 244 2 3 9.120e+01 1.188e+02 256 2 3 2.195e+02 2.425e+02 214 2 2 3.326e+02 3.394e+02 64
21686 7 0 4 6.270e+02 6.330e+02 56 0 2 6.219e+02 6.381e+02 150 0 1 5.998e+02 6.182e+02 170 0 3 5.930e+02 6.250e+02 296 2 3 3.131e+02 3.169e+02 36 2 4 3.183e+02 3.537e+02 328 2 3 5.337e+01 7.263e+01 179
21689 57 0 4 3.313e+02 3.407e+02 88 0 3 3.980e+02 4.000e+02 18 0 1 1.835e+02 1.945e+02 103 0 2 5.033e+02 5.047e+02 13 0 1 2.307e+02 2.313e+02 6 0 3 5.250e+02 5.250e+02 -4 0 2 3.751e+02 3.809e+02 53 0 4 5.880e+02 5.880e+02 -4 0 1 1.357e+02 1.583e+02 210 0 1 6.451e+02 6.569e+02 109 0 2 2.458e+02 2.582e+02 115 0 4 4.153e+02 4.247e+02 88 0 4 3.182e+02 3.538e+02 330 0 3 5.151e+02 5.349e+02 184 0 1 4.632e+01 7.968e+01 310 0 1 5.971e+02 6.209e+02 221 0 3 6.433e+02 6.587e+02 144 0 1 5.575e+02 5.765e+02 176 0 2 6.655e+02 6.785e+02 120 0 3 5.539e+02 5.801e+02 243 0 4 6.630e+02 6.810e+02 166 1 4 5.880e+02 5.880e+02 -4 1 3 6.083e+02 6.097e+02 12 1 2 5.846e+02 5.914e+02 64 1 2 6.300e+02 6.300e+02 -8 1 3 5.519e+02 5.821e+02 280 1 4 6.294e+02 6.306e+02 11 1 1 6.022e+02 6.158e+02 127 2 1 3.990e+02 3.990e+02 -4 2 3 2.305e+02 2.315e+02 9 2 4 6.715e+02 6.725e+02 10 2 4 2.940e+02 2.940e+02 -16 2 3 3.566e+02 3.574e+02 8 2 3 3.969e+02 4.011e+02 40 2 4 4.121e+01 4.279e+01 15 2 2 8.227e+01 8.573e+01 32 2 2 2.411e+02 2.629e+02 203 2 2 2.895e+02 2.985e+02 83 2 2 3.772e+02 3.788e+02 15 2 4 4.061e+02 4.339e+02 259 2 1 6.154e+01 6.446e+01 27 2 2 7.401e+01 9.399e+01 186 2 4 1.991e+02 2.209e+02 202 2 4 3.331e+02 3.389e+02 53 2 3 6.248e+01 6.352e+01 10 2 1 1.245e+01 2.955e+01 159 2 3 1.061e+01 3.139e+01 193 2 2 2.663e+01 5.737e+01 286 2 1 4.668e+01 7.932e+01 303 3 3 6.109e+01 6.491e+01 36 3 1 8.940e+01 1.206e+02 290 3 3 1.631e+01 2.569e+01 87 3 2 8.074e+01 8.726e+01 60 3 3 6.613e+00 3.539e+01 267 3 2 4.036e+01 4.364e+01 30 3 4 3.093e+01 5.307e+01 206 3 2 6.400e+01 1.040e+02 371
21690 0
21691 4 2 3 5.992e+01 6.608e+01 57 2 3 2.677e+02 2.783e+02 99 2 1 3.460e+02 3.680e+02 204 2 4 2.743e+01 5.657e+01 270
21694 24 0 1 6.060e+02 6.120e+02 56 0 2 5.384e+02 5.536e+02 140 0 3 6.078e+02 6.102e+02 22 0 3 5.560e+02 5.780e+02 204 0 4 5.797e+02 5.963e+02 155 0 1 5.527e+02 5.813e+02 266 0 4 6.137e+02 6.463e+02 303 1 2 5.873e+02 5.887e+02 14 1 3 5.998e+02 6.182e+02 171 1 4 5.857e+02 5.903e+02 42 2 1 3.127e+02 3.173e+02 42 2 2 3.324e+02 3.396e+02 66 2 1 5.220e+02 5.280e+02 56 2 3 6.127e+01 6.473e+01 32 2 3 9.730e+01 1.127e+02 143 2 2 4.893e+02 5.187e+02 274 2 4 3.583e+01 4.817e+01 115 2 2 1.182e+02 1.338e+02 145 2 1 1.379e+02 1.561e+02 170 2 4 2.356e+02 2.684e+02 304 2 4 2.830e+02 3.050e+02 205 2 4 7.271e+01 9.529e+01 210 2 1 2.118e+02 2.502e+02 356 2 3 2.995e+02 3.305e+02 287
21695 12 2 1 4.749e+02 4.911e+02 150 2 4 4.494e+02 4.746e+02 235 3 2 4.188e+02 4.212e+02 22 3 1 4.785e+02 4.875e+02 83 3 4 4.186e+02 4.214e+02 26 3 1 3.815e+02 4.165e+02 326 3 3 4.755e+02 4.905e+02 139 3 4 4.539e+02 4.701e+02 150 3 2 4.847e+02 5.233e+02 358 3 3 3.802e+02 4.178e+02 350 3 3 4.294e+02 4.526e+02 215 3 2 4.436e+02 4.804e+02 341
21697 2 0 3 6.485e+02 6.535e+02 46 0 4 6.700e+02 6.740e+02 38
21699 4 2 3 1.015e+02 1.085e+02 65 2 2 1.245e+02 1.275e+02 28 2 4 8.034e+01 8.766e+01 68 3 1 4.415e+00 3.758e+01 308
21700 0
21703 43 0 1 4.782e+02 4.878e+02 90 0 3 4.778e+02 4.882e+02 96 0 2 4.903e+02 5.177e+02 254 0 4 4.922e+02 5.158e+02 219 1 2 5.876e+02 5.884e+02 7 1 1 6.071e+02 6.109e+02 36 1 4 5.851e+02 5.909e+02 55 1 4 6.261e+02 6.339e+02 72 1 2 6.213e+02 6.387e+02 162 1 3 5.910e+02 6.270e+02 335 2 1 2.717e+02 2.743e+02 24 2 3 2.021e+01 2.179e+01 15 2 4 5.401e+02 5.519e+02 110 2 2 8.299e+01 8.501e+01 19 2 2 1.648e+02 1.712e+02 60 2 3 4.390e+02 4.430e+02 36 2 3 2.272e+02 2.348e+02 70 2 4 4.522e+02 4.718e+02 182 2 2 3.892e+01 4.508e+01 57 2 2 5.834e+02 5.926e+02 85 2 1 1.861e+02 1.919e+02 53 2 4 4.071e+02 4.329e+02 240 2 2 2.509e+02 2.531e+02 21 2 2 4.482e+02 4.758e+02 257 2 3 5.481e+01 7.119e+01 152 2 3 5.087e+02 5.413e+02 302 2 4 7.159e+01 9.641e+01 230 2 1 4.304e+02 4.516e+02 197 2 3 1.366e+02 1.574e+02 194 2 2 5.269e+02 5.651e+02 356 2 4 2.388e+02 2.652e+02 245 2 2 5.683e+02 6.077e+02 366 2 4 2.964e+01 5.436e+01 230 2 3 5.473e+02 5.867e+02 366 2 2 1.528e+02 1.832e+02 283 2 4 1.955e+02 2.245e+02 269 2 3 4.942e+01 7.658e+01 252 2 1 1.274e+02 1.666e+02 364 2 1 2.139e+02 2.481e+02 317 2 3 5.314e+00 3.669e+01 291 2 4 2.335e+02 2.705e+02 344 2 1 1.097e+00 4.090e+01 370 3 1 1.801e+01 2.399e+01 56
21704 11 0 2 6.714e+02 6.726e+02 11 0 1 5.183e+02 5.317e+02 124 0 4 6.704e+02 6.736e+02 30 0 3 5.185e+02 5.315e+02 120 0 2 6.615e+02 6.825e+02 195 0 1 6.324e+02 6.696e+02 346 2 4 6.295e+02 6.305e+02 10 2 1 2.724e+02 2.736e+02 11 2 1 4.863e+00 3.714e+01 300 2 4 1.083e+02 1.437e+02 329 3 1 5.247e+01 7.353e+01 196
