23213 11 0 2 2.937e+02 2.943e+02 5 0 3 6.487e+02 6.533e+02 42 0 4 2.845e+02 3.035e+02 177 0 1 2.981e+02 3.319e+02 314 0 3 6.386e+02 6.634e+02 230 0 2 6.551e+02 6.889e+02 315 2 4 4.076e+01 4.324e+01 23 2 1 6.158e+01 6.442e+01 26 2 3 5.494e+01 7.106e+01 150 2 2 2.753e+01 5.647e+01 269 2 3 4.529e+01 8.071e+01 329
23215 7 1 4 1.660e+02 1.700e+02 36 1 2 3.770e+02 3.790e+02 19 1 4 1.582e+02 1.778e+02 182 1 4 3.685e+02 3.875e+02 176 1 4 1.915e+02 2.285e+02 344 1 1 3.866e+02 4.114e+02 230 1 3 3.432e+02 3.708e+02 256
23216 7 1 4 5.877e+02 5.883e+02 6 1 3 6.026e+02 6.154e+02 120 1 4 5.707e+02 6.053e+02 320 2 1 3.563e+02 3.577e+02 14 2 1 3.880e+02 4.100e+02 205 2 1 3.444e+02 3.696e+02 235 3 2 1.564e+02 1.796e+02 215
23217 0
23218 11 0 1 6.090e+02 6.090e+02 -9 0 3 6.049e+02 6.131e+02 76 0 3 6.510e+02 6.510e+02 -5 0 4 6.217e+02 6.383e+02 155 0 2 6.564e+02 6.876e+02 290 0 2 6.180e+02 6.420e+02 223 0 4 6.584e+02 6.856e+02 252 2 2 4.155e+02 4.245e+02 83 2 3 3.085e+02 3.215e+02 121 2 4 1.090e+02 1.430e+02 316 2 3 5.107e+02 5.393e+02 266
23220 4 0 2 6.292e+02 6.308e+02 16 0 4 6.300e+02 6.300e+02 -16 0 4 4.174e+02 4.226e+02 48 1 2 6.161e+02 6.439e+02 259
23221 10 0 1 6.480e+02 6.540e+02 56 0 2 5.442e+02 5.478e+02 33 0 2 6.686e+02 6.754e+02 63 0 1 5.496e+02 5.844e+02 323 0 4 5.748e+02 6.012e+02 245 0 3 5.487e+02 5.853e+02 340 0 3 5.916e+02 6.264e+02 323 0 2 6.126e+02 6.474e+02 324 1 4 6.294e+02 6.306e+02 11 1 2 6.109e+02 6.491e+02 354
23222 4 0 4 2.345e+02 2.695e+02 325 1 3 5.234e+02 5.266e+02 30 1 4 5.457e+02 5.463e+02 6 1 3 5.143e+02 5.357e+02 199
23224 9 0 1 6.081e+02 6.099e+02 17 0 1 3.149e+02 3.151e+02 2 0 2 3.298e+02 3.422e+02 115 0 4 3.283e+02 3.437e+02 144 0 1 6.459e+02 6.561e+02 94 0 4 5.804e+02 5.956e+02 141 0 3 6.425e+02 6.595e+02 158 2 3 9.968e+01 1.103e+02 99 2 2 6.477e+01 1.032e+02 357
23227 1 2 2 8.400e+01 8.400e+01 -24
23229 0
23231 11 1 4 5.829e+02 5.931e+02 95 1 3 5.923e+02 6.257e+02 310 2 3 2.043e+01 2.157e+01 10 2 1 3.944e+02 4.036e+02 86 2 1 3.569e+02 3.571e+02 2 2 1 1.155e+01 3.045e+01 176 2 3 3.422e+02 3.718e+02 276 2 2 2.838e+01 5.562e+01 253 2 2 3.675e+02 3.885e+02 195 2 4 3.634e+02 3.926e+02 271 3 1 6.382e+02 6.638e+02 238
23232 4 0 1 5.618e+02 5.722e+02 96 0 4 1.423e+02 1.937e+02 477 2 3 1.496e+01 2.704e+01 112 3 3 3.541e+02 3.599e+02 55
23234 25 0 3 5.250e+02 5.250e+02 -7 0 1 6.080e+02 6.100e+02 18 0 4 2.061e+02 2.139e+02 72 0 2 5.388e+02 5.532e+02 134 0 3 6.086e+02 6.094e+02 8 0 3 6.460e+02 6.560e+02 92 0 3 5.577e+02 5.763e+02 172 0 4 5.855e+02 5.905e+02 46 0 2 6.619e+02 6.821e+02 188 0 2 4.892e+02 5.188e+02 276 0 1 5.169e+02 5.331e+02 150 0 4 6.144e+02 6.456e+02 290 0 4 6.628e+02 6.812e+02 170 0 1 5.525e+02 5.815e+02 269 0 1 6.428e+02 6.592e+02 153 0 3 5.055e+02 5.445e+02 362 0 2 6.562e+02 6.878e+02 293 1 2 6.114e+02 6.486e+02 346 2 3 1.711e+01 2.489e+01 72 2 2 1.240e+02 1.280e+02 37 2 2 3.605e+01 4.795e+01 110 2 3 9.672e+01 1.133e+02 154 2 3 4.998e+00 3.700e+01 297 2 4 1.116e+02 1.404e+02 267 2 1 1.305e+02 1.635e+02 306
23235 32 0 1 6.503e+02 6.517e+02 14 0 2 1.637e+02 1.723e+02 80 0 4 5.837e+02 5.923e+02 80 0 4 1.627e+02 1.733e+02 99 0 3 6.482e+02 6.538e+02 52 0 1 1.775e+02 2.005e+02 213 0 2 5.419e+02 5.501e+02 76 0 3 6.082e+02 6.098e+02 15 0 3 1.697e+02 2.083e+02 358 0 2 6.685e+02 6.755e+02 66 0 1 5.638e+02 5.702e+02 59 0 3 5.972e+02 6.208e+02 220 0 4 6.652e+02 6.788e+02 126 0 2 5.333e+02 5.587e+02 236 0 3 5.905e+02 6.275e+02 344 0 3 6.385e+02 6.635e+02 232 0 1 5.536e+02 5.804e+02 248 0 2 6.622e+02 6.818e+02 182 0 3 5.529e+02 5.811e+02 262 0 1 6.335e+02 6.685e+02 325 0 1 5.483e+02 5.857e+02 348 1 1 2.613e+02 2.847e+02 217 1 3 6.003e+02 6.177e+02 161 1 4 6.175e+02 6.425e+02 231 2 3 1.245e+01 2.955e+01 159 2 4 4.598e+02 4.642e+02 40 2 2 3.744e+01 4.656e+01 85 2 2 6.818e+01 9.982e+01 294 2 1 5.346e+01 7.254e+01 177 2 4 1.055e+02 1.465e+02 380 3 3 1.007e+02 1.093e+02 80 3 2 2.667e+01 5.733e+01 285
23236 47 0 1 5.670e+02 5.670e+02 -10 0 1 6.510e+02 6.510e+02 -14 0 4 3.670e+02 3.890e+02 205 0 3 5.670e+02 5.670e+02 -12 0 3 6.461e+02 6.559e+02 90 0 3 3.856e+02 4.124e+02 249 0 4 4.941e+02 5.139e+02 183 0 1 5.211e+02 5.289e+02 73 0 2 6.154e+02 6.446e+02 270 0 1 6.376e+02 6.644e+02 249 0 3 5.230e+02 5.270e+02 36 0 2 6.599e+02 6.841e+02 225 0 2 5.391e+02 5.529e+02 128 0 4 6.611e+02 6.829e+02 202 0 1 5.537e+02 5.803e+02 246 0 2 5.273e+02 5.647e+02 348 1 3 6.090e+02 6.090e+02 -15 1 4 5.855e+02 5.905e+02 46 1 2 6.213e+02 6.387e+02 161 1 3 5.190e+02 5.310e+02 112 1 4 5.412e+02 5.508e+02 90 1 4 6.232e+02 6.368e+02 126 2 3 6.300e+01 6.300e+01 -11 2 3 3.951e+02 4.029e+02 72 2 2 8.400e+01 8.400e+01 -0 2 1 6.072e+02 6.108e+02 33 2 3 1.889e+02 1.891e+02 2 2 3 6.491e+02 6.529e+02 35 2 4 2.092e+02 2.108e+02 16 2 2 4.180e+02 4.220e+02 38 2 4 3.735e+01 4.665e+01 86 2 4 5.799e+02 5.961e+02 150 2 4 1.214e+02 1.306e+02 86 2 4 6.679e+02 6.761e+02 76 2 2 1.680e+02 1.680e+02 -0 2 1 4.256e+02 4.564e+02 286 2 1 2.310e+02 2.310e+02 -14 2 2 5.757e+02 6.003e+02 229 2 4 3.636e+02 3.924e+02 267 2 2 6.562e+02 6.878e+02 294 2 4 7.190e+01 9.610e+01 225 2 3 5.930e+02 6.250e+02 296 2 3 2.247e+02 2.373e+02 116 2 4 6.553e+02 6.887e+02 310 2 3 9.053e+01 1.195e+02 269 2 2 1.929e+02 2.271e+02 318 2 2 1.134e+02 1.386e+02 235
23238 34 0 4 5.873e+02 5.887e+02 13 0 2 6.711e+02 6.729e+02 16 0 1 5.554e+02 5.786e+02 215 0 2 6.278e+02 6.322e+02 40 0 2 3.639e+02 3.921e+02 262 0 4 6.695e+02 6.745e+02 46 0 3 5.577e+02 5.763e+02 172 0 4 6.206e+02 6.394e+02 174 0 1 6.489e+02 6.531e+02 40 0 1 5.911e+02 6.269e+02 332 0 3 6.415e+02 6.605e+02 176 0 3 5.948e+02 6.232e+02 263 0 1 6.310e+02 6.710e+02 371 0 4 6.135e+02 6.465e+02 306 1 4 6.266e+02 6.334e+02 63 1 3 5.237e+02 5.263e+02 24 1 1 5.617e+02 5.723e+02 98 1 1 6.029e+02 6.151e+02 113 1 2 5.816e+02 5.944e+02 118 1 2 6.215e+02 6.385e+02 157 1 4 5.745e+02 6.015e+02 250 1 2 6.110e+02 6.490e+02 352 1 3 5.899e+02 6.281e+02 356 2 1 1.860e+01 2.340e+01 45 2 4 4.194e+02 4.206e+02 11 2 2 7.823e+01 8.977e+01 107 2 2 3.270e+02 3.450e+02 166 2 3 1.707e+01 2.493e+01 73 2 4 4.462e+02 4.778e+02 294 2 4 8.317e+01 8.483e+01 16 2 4 1.569e+02 1.791e+02 206 2 4 3.283e+02 3.437e+02 143 2 3 8.734e+01 1.227e+02 328 2 2 6.549e+01 1.025e+02 344
23239 0
23240 3 0 1 3.978e+02 4.002e+02 22 0 4 4.168e+02 4.232e+02 59 0 3 4.242e+02 4.578e+02 312
23243 0
23246 5 0 1 5.896e+02 6.284e+02 360 0 3 5.877e+02 6.303e+02 395 2 3 1.005e+02 1.095e+02 84 2 2 2.076e+02 2.124e+02 44 2 3 1.309e+02 1.631e+02 299
23248 1 1 1 5.647e+02 5.693e+02 42
23249 7 2 3 1.028e+02 1.072e+02 41 2 4 5.025e+02 5.055e+02 27 2 1 5.227e+02 5.273e+02 43 2 3 5.227e+02 5.273e+02 43 2 2 6.755e+01 1.005e+02 306 2 2 4.905e+02 5.175e+02 251 2 3 5.113e+02 5.387e+02 255
23250 2 0 4 6.698e+02 6.742e+02 40 0 1 1.380e+02 1.560e+02 168
23251 4 0 4 6.702e+02 6.738e+02 33 1 2 6.300e+02 6.300e+02 -6 1 4 6.243e+02 6.357e+02 106 3 1 5.218e+02 5.282e+02 59
23252 7 0 1 6.076e+02 6.104e+02 26 0 3 6.028e+02 6.152e+02 115 0 2 6.137e+02 6.463e+02 303 0 2 6.543e+02 6.897e+02 329 0 4 6.519e+02 6.921e+02 373 2 4 7.904e+01 8.896e+01 92 2 3 4.493e+01 8.107e+01 336
23254 24 0 3 6.085e+02 6.095e+02 9 0 2 2.091e+02 2.109e+02 16 0 1 1.705e+02 2.075e+02 344 0 2 6.117e+02 6.483e+02 340 0 3 2.134e+02 2.486e+02 326 0 4 6.109e+02 6.491e+02 356 0 4 5.684e+02 6.076e+02 365 1 1 5.645e+02 5.695e+02 46 1 3 6.066e+02 6.114e+02 44 1 2 5.797e+02 5.963e+02 155 2 1 1.658e+01 2.542e+01 82 2 4 5.015e+02 5.065e+02 46 2 2 1.242e+02 1.278e+02 33 2 4 4.123e+02 4.277e+02 143 2 3 2.273e+02 2.347e+02 70 2 2 4.526e+02 4.714e+02 176 2 1 3.499e+02 3.641e+02 131 2 2 3.520e+01 4.880e+01 126 2 2 2.443e+02 2.597e+02 144 2 2 3.735e+02 3.825e+02 83 2 3 5.212e+01 7.388e+01 202 2 4 3.076e+01 5.324e+01 209 2 1 4.704e+01 7.896e+01 296 3 2 3.897e+01 4.503e+01 56
23256 0
23259 6 0 4 7.249e+01 9.551e+01 214 0 2 6.699e+02 6.741e+02 39 0 1 6.396e+02 6.624e+02 212 0 4 2.764e+02 3.116e+02 326 2 1 5.630e+02 5.710e+02 74 2 1 2.665e+00 3.933e+01 340
23260 6 3 4 4.130e+02 4.270e+02 130 3 3 5.250e+02 5.250e+02 -20 3 1 4.387e+02 4.433e+02 42 3 2 4.955e+02 5.125e+02 158 3 4 5.005e+02 5.075e+02 65 3 3 5.105e+02 5.395e+02 269
23262 0
23263 11 0 4 6.291e+02 6.309e+02 17 0 2 6.260e+02 6.340e+02 74 0 2 6.677e+02 6.763e+02 80 0 1 6.378e+02 6.642e+02 246 0 3 6.311e+02 6.709e+02 370 2 3 1.927e+01 2.273e+01 32 2 1 3.082e+02 3.218e+02 126 2 3 3.122e+02 3.178e+02 52 2 2 3.193e+02 3.527e+02 310 2 3 1.945e+00 4.005e+01 354 2 4 3.166e+02 3.554e+02 360
