55838 8 0 1 5.670e+02 5.670e+02 -6 0 3 5.657e+02 5.683e+02 24 2 3 1.900e+01 2.300e+01 37 2 4 8.186e+01 8.614e+01 40 2 2 4.188e+01 4.212e+01 2 2 1 1.759e+02 2.021e+02 243 2 1 6.068e+01 6.532e+01 43 2 1 3.651e+00 3.835e+01 322
55839 0
55840 4 0 3 6.080e+02 6.100e+02 18 0 4 3.733e+02 3.827e+02 86 0 4 5.863e+02 5.897e+02 32 0 3 5.911e+02 6.269e+02 332
55841 11 0 4 6.278e+02 6.322e+02 40 1 3 5.618e+02 5.722e+02 97 1 2 5.384e+02 5.536e+02 140 1 1 5.472e+02 5.868e+02 367 2 2 5.433e+02 5.487e+02 50 2 1 5.647e+02 5.693e+02 42 2 4 2.297e+02 2.743e+02 415 2 3 5.646e+02 5.694e+02 45 2 4 4.846e+02 5.234e+02 360 2 3 5.139e+02 5.361e+02 206 2 4 5.266e+02 5.654e+02 360
55842 0
55843 0
55844 1 0 2 6.539e+02 6.901e+02 336
55845 96 0 2 6.295e+02 6.305e+02 9 0 1 6.505e+02 6.515e+02 10 0 3 2.300e+02 2.320e+02 19 0 3 3.984e+02 3.996e+02 10 0 2 4.603e+02 4.637e+02 32 0 1 2.190e+02 2.430e+02 222 0 3 5.223e+02 5.277e+02 50 0 1 3.028e+02 3.272e+02 226 0 1 6.078e+02 6.102e+02 22 0 2 3.680e+02 3.880e+02 186 0 3 6.498e+02 6.522e+02 22 0 4 2.399e+02 2.641e+02 225 0 1 4.386e+02 4.434e+02 44 0 4 3.670e+02 3.890e+02 204 0 2 5.020e+02 5.060e+02 38 0 2 1.955e+02 2.245e+02 269 0 1 5.626e+02 5.714e+02 82 0 4 3.156e+02 3.564e+02 379 0 3 6.087e+02 6.093e+02 5 0 2 6.720e+02 6.720e+02 -0 0 3 3.924e+02 4.056e+02 123 0 4 5.016e+02 5.064e+02 44 0 3 5.592e+02 5.748e+02 146 0 4 6.267e+02 6.333e+02 60 0 4 6.696e+02 6.744e+02 45 0 4 4.077e+02 4.323e+02 229 0 4 4.565e+02 4.675e+02 101 0 1 5.142e+02 5.358e+02 200 0 4 5.822e+02 5.938e+02 108 0 1 4.286e+02 4.534e+02 230 0 1 4.720e+02 4.940e+02 204 0 2 5.361e+02 5.559e+02 184 0 1 5.957e+02 6.223e+02 247 0 3 4.251e+02 4.569e+02 296 0 2 4.893e+02 5.187e+02 273 0 1 5.552e+02 5.788e+02 219 0 1 3.873e+02 4.107e+02 217 0 4 4.872e+02 5.208e+02 311 0 3 5.493e+02 5.847e+02 328 0 2 4.490e+02 4.750e+02 242 0 3 4.636e+02 5.024e+02 360 1 4 4.178e+02 4.222e+02 40 1 2 5.024e+02 5.056e+02 29 1 2 2.491e+02 2.549e+02 53 1 2 5.439e+02 5.481e+02 40 1 3 3.099e+02 3.201e+02 95 1 1 6.062e+02 6.118e+02 52 1 3 3.934e+02 4.046e+02 104 1 4 4.990e+02 5.090e+02 93 1 3 3.003e+02 3.297e+02 272 1 1 5.669e+02 5.671e+02 1 1 3 3.489e+02 3.651e+02 151 1 3 6.081e+02 6.099e+02 16 1 3 3.815e+02 4.165e+02 325 1 1 4.718e+02 4.942e+02 208 1 3 3.398e+02 3.742e+02 319 1 3 5.646e+02 5.694e+02 45 1 2 6.297e+02 6.303e+02 5 1 3 5.105e+02 5.395e+02 269 1 2 5.853e+02 5.907e+02 50 1 4 6.295e+02 6.305e+02 10 1 4 5.854e+02 5.906e+02 48 1 2 5.713e+02 6.047e+02 310 1 4 5.703e+02 6.057e+02 329 1 2 5.277e+02 5.643e+02 340 2 3 6.300e+01 6.300e+01 -11 2 1 6.086e+02 6.094e+02 7 2 4 8.330e+01 8.470e+01 13 2 4 1.640e+02 1.720e+02 75 2 4 5.036e+02 5.044e+02 7 2 1 2.288e+02 2.332e+02 41 2 4 5.386e+02 5.534e+02 138 2 4 3.932e+01 4.468e+01 50 2 4 5.837e+02 5.923e+02 80 2 2 1.249e+02 1.271e+02 20 2 1 5.104e+02 5.396e+02 270 2 1 1.872e+02 1.908e+02 33 2 2 5.758e+02 6.002e+02 227 2 3 2.296e+02 2.324e+02 26 2 4 5.752e+02 6.008e+02 237 2 1 2.581e+02 2.879e+02 276 2 3 5.952e+02 6.228e+02 256 2 2 2.524e+01 5.876e+01 311 2 3 9.972e+01 1.103e+02 98 2 1 1.431e+02 1.509e+02 73 2 2 2.458e+02 2.582e+02 116 2 4 1.133e+02 1.387e+02 236 2 2 1.641e+02 1.719e+02 73 2 4 1.986e+02 2.214e+02 211 2 2 6.643e+01 1.016e+02 326 2 4 1.571e+02 1.789e+02 202 2 3 1.754e+02 2.026e+02 253 2 1 1.334e+02 1.606e+02 252 2 1 1.726e+02 2.054e+02 306 2 1 1.238e+02 1.702e+02 430 3 1 1.954e+01 2.246e+01 27
55846 1 2 1 1.220e+02 1.720e+02 465
55847 4 0 3 5.978e+02 6.202e+02 209 0 4 5.751e+02 6.009e+02 240 1 4 6.280e+02 6.320e+02 36 1 4 6.164e+02 6.436e+02 252
55848 6 0 1 5.598e+02 5.742e+02 134 0 3 5.420e+02 5.920e+02 465 2 4 8.159e+01 8.641e+01 45 2 3 9.900e+01 1.110e+02 111 2 1 3.006e+02 3.294e+02 267 2 2 1.127e+02 1.393e+02 247
55849 0
55850 3 1 1 5.670e+02 5.670e+02 -9 1 2 5.880e+02 5.880e+02 -4 1 3 6.072e+02 6.108e+02 34
55851 0
55852 0
55853 1 3 1 1.023e+02 1.077e+02 50
55854 8 0 4 6.671e+02 6.769e+02 91 0 4 5.843e+02 5.917e+02 69 0 1 6.490e+02 6.530e+02 38 0 3 6.410e+02 6.610e+02 186 0 2 6.583e+02 6.857e+02 255 2 4 4.195e+02 4.205e+02 10 2 4 8.065e+01 8.735e+01 62 2 3 8.801e+01 1.220e+02 316
55855 0
55856 1 0 1 5.610e+02 5.730e+02 111
55857 2 2 4 5.878e+02 5.882e+02 5 3 1 5.967e+02 6.213e+02 229
55858 1 0 4 6.124e+02 6.476e+02 327
55859 5 3 3 3.561e+02 3.579e+02 17 3 3 4.745e+02 4.915e+02 157 3 4 3.220e+02 3.500e+02 260 3 2 4.971e+02 5.109e+02 129 3 4 4.927e+02 5.153e+02 210
55860 8 2 2 3.728e+02 3.832e+02 97 2 2 4.154e+02 4.246e+02 86 2 4 1.241e+02 1.279e+02 36 2 1 1.373e+02 1.567e+02 180 2 4 3.698e+02 3.862e+02 152 2 2 1.172e+02 1.348e+02 164 2 3 1.323e+02 1.617e+02 272 2 3 3.385e+02 3.755e+02 343
55861 13 0 2 6.223e+02 6.377e+02 144 0 1 6.450e+02 6.570e+02 112 0 4 6.199e+02 6.401e+02 188 0 1 9.665e+00 3.233e+01 210 0 3 6.404e+02 6.616e+02 197 0 2 6.599e+02 6.841e+02 225 0 4 6.579e+02 6.861e+02 262 0 1 6.361e+02 6.659e+02 277 1 2 6.544e+01 1.026e+02 345 2 4 1.656e+02 1.704e+02 46 2 1 1.849e+02 1.931e+02 76 2 3 1.799e+02 1.981e+02 169 2 2 1.502e+02 1.858e+02 330
55862 0
55863 10 0 4 1.671e+02 1.689e+02 16 0 2 1.622e+02 1.738e+02 107 0 1 1.350e+02 1.590e+02 222 0 4 4.456e+02 4.784e+02 304 1 3 2.231e+02 2.389e+02 147 1 2 1.556e+02 1.804e+02 230 1 2 6.131e+02 6.469e+02 315 1 4 2.411e+02 2.629e+02 202 1 1 1.783e+02 1.997e+02 199 2 4 2.476e+02 2.564e+02 81
55864 36 0 4 6.291e+02 6.309e+02 16 0 1 6.510e+02 6.510e+02 -7 0 4 5.040e+02 5.040e+02 -4 0 3 5.656e+02 5.684e+02 26 0 2 6.285e+02 6.315e+02 28 0 3 6.471e+02 6.549e+02 72 0 1 4.784e+02 4.876e+02 86 0 1 5.659e+02 5.681e+02 20 0 4 5.811e+02 5.949e+02 128 0 2 6.720e+02 6.720e+02 -20 0 3 4.819e+02 4.841e+02 20 0 1 6.008e+02 6.172e+02 152 0 4 6.708e+02 6.732e+02 23 0 2 4.915e+02 5.165e+02 231 0 3 5.958e+02 6.222e+02 245 0 2 6.582e+02 6.858e+02 256 0 4 4.868e+02 5.212e+02 320 0 4 5.741e+02 6.019e+02 258 0 4 6.591e+02 6.849e+02 239 0 2 4.488e+02 4.752e+02 245 0 3 6.359e+02 6.661e+02 280 1 1 6.090e+02 6.090e+02 -12 1 3 6.088e+02 6.092e+02 5 1 2 5.718e+02 6.042e+02 301 2 1 1.846e+02 1.934e+02 82 2 1 2.297e+02 2.323e+02 24 2 1 1.671e+01 2.529e+01 80 2 4 7.742e+01 9.058e+01 122 2 4 5.280e+02 5.640e+02 334 2 2 2.080e+02 2.120e+02 36 2 1 9.665e+00 3.233e+01 210 2 3 9.614e+01 1.139e+02 165 2 3 1.813e+02 1.967e+02 144 2 4 1.993e+02 2.207e+02 200 2 2 7.276e+01 9.524e+01 209 2 2 1.564e+02 1.796e+02 216
55865 14 0 1 6.056e+02 6.124e+02 64 0 3 6.478e+02 6.542e+02 60 0 3 6.020e+02 6.160e+02 130 0 2 6.660e+02 6.780e+02 112 0 2 6.259e+02 6.341e+02 76 0 4 6.687e+02 6.753e+02 61 0 2 6.132e+02 6.468e+02 311 0 1 6.371e+02 6.649e+02 259 0 4 6.179e+02 6.421e+02 224 0 3 6.347e+02 6.673e+02 303 0 4 6.100e+02 6.500e+02 372 2 1 6.001e+01 6.599e+01 56 2 4 3.587e+01 4.813e+01 114 2 2 2.802e+01 5.598e+01 260
