29496 7 1 3 6.090e+02 6.090e+02 -3 1 1 6.070e+02 6.110e+02 36 1 2 5.742e+02 6.018e+02 256 2 2 3.749e+01 4.651e+01 84 2 4 3.520e+01 4.880e+01 126 2 1 1.083e+01 3.117e+01 189 2 3 1.335e+01 2.865e+01 142
29497 7 2 3 1.012e+02 1.088e+02 70 2 2 1.072e+02 1.448e+02 349 2 4 6.432e+01 1.037e+02 366 3 2 4.189e+01 4.211e+01 2 3 4 4.000e+01 4.400e+01 37 3 3 1.905e+00 4.010e+01 355 3 1 4.328e+01 8.272e+01 366
29499 14 0 3 3.948e+02 4.032e+02 77 0 1 5.221e+02 5.279e+02 55 0 4 4.144e+02 4.256e+02 105 0 2 3.627e+02 3.933e+02 285 0 2 5.405e+02 5.515e+02 101 0 1 3.853e+02 4.127e+02 255 0 3 5.573e+02 5.767e+02 180 1 2 6.290e+02 6.310e+02 18 1 2 5.704e+02 6.056e+02 326 2 2 5.003e+02 5.077e+02 68 2 1 5.193e+02 5.307e+02 106 2 1 4.459e+00 3.754e+01 307 2 4 4.995e+02 5.085e+02 83 2 3 4.686e+02 4.974e+02 267
29500 2 0 1 6.416e+02 6.604e+02 175 0 2 6.534e+02 6.906e+02 345
29501 0
29502 42 0 4 4.579e+02 4.661e+02 76 0 3 5.219e+02 5.281e+02 58 0 1 4.393e+02 4.427e+02 32 0 3 4.285e+02 4.535e+02 232 0 2 4.909e+02 5.171e+02 243 0 1 5.057e+02 5.443e+02 359 0 2 4.495e+02 4.745e+02 233 1 3 6.000e+02 6.180e+02 167 2 2 1.667e+02 1.693e+02 24 2 2 4.194e+02 4.206e+02 10 2 4 2.933e+02 2.947e+02 13 2 3 5.244e+02 5.256e+02 10 2 4 3.756e+02 3.804e+02 46 2 1 4.358e+02 4.462e+02 96 2 1 1.420e+01 2.780e+01 126 2 2 4.607e+02 4.633e+02 25 2 4 1.218e+02 1.302e+02 77 2 2 5.442e+02 5.478e+02 33 2 1 1.463e+02 1.477e+02 13 2 3 4.394e+02 4.426e+02 29 2 3 3.106e+02 3.194e+02 82 2 4 5.338e+02 5.582e+02 226 2 2 3.305e+02 3.415e+02 102 2 3 3.939e+02 4.041e+02 94 2 3 1.577e+01 2.623e+01 97 2 2 4.447e+02 4.793e+02 320 2 4 7.563e+01 9.237e+01 156 2 3 5.145e+02 5.355e+02 195 2 2 1.597e+02 1.763e+02 155 2 4 4.150e+02 4.250e+02 92 2 2 1.944e+02 2.256e+02 290 2 1 3.889e+02 4.091e+02 188 2 4 2.832e+02 3.048e+02 200 2 3 4.246e+02 4.574e+02 305 2 4 3.323e+02 3.397e+02 68 2 2 2.726e+01 5.674e+01 274 2 2 1.161e+02 1.359e+02 183 2 3 1.346e+02 1.594e+02 230 2 4 2.758e+02 3.122e+02 338 2 1 3.507e+02 3.633e+02 116 2 4 1.539e+02 1.821e+02 262 2 3 3.433e+02 3.707e+02 255
29504 13 0 1 6.090e+02 6.090e+02 -24 0 4 5.829e+02 5.931e+02 96 0 1 5.490e+02 5.850e+02 334 0 3 5.929e+02 6.251e+02 300 0 1 5.918e+02 6.262e+02 320 2 2 2.916e+02 2.964e+02 46 2 2 5.458e+02 5.462e+02 5 2 4 6.285e+02 6.315e+02 27 2 3 2.623e+02 2.837e+02 198 2 1 6.362e+02 6.658e+02 276 2 4 2.814e+02 3.066e+02 234 2 2 6.548e+02 6.892e+02 319 2 1 2.555e+02 2.905e+02 325
29505 17 0 1 5.646e+02 5.694e+02 45 0 3 6.048e+02 6.132e+02 79 0 4 6.678e+02 6.762e+02 77 0 3 5.598e+02 5.742e+02 134 0 2 6.241e+02 6.359e+02 109 0 1 6.442e+02 6.578e+02 126 0 4 5.769e+02 5.991e+02 206 0 2 6.625e+02 6.815e+02 176 1 2 5.869e+02 5.891e+02 20 1 4 6.234e+02 6.366e+02 123 1 3 5.507e+02 5.833e+02 302 1 2 6.186e+02 6.414e+02 212 2 4 6.261e+02 6.339e+02 73 2 1 1.294e+01 2.906e+01 150 2 4 6.702e+02 6.738e+02 33 2 1 3.067e+02 3.233e+02 154 2 3 9.575e+00 3.243e+01 212
29506 6 0 4 2.500e+02 2.540e+02 37 0 1 4.789e+02 4.871e+02 76 0 3 4.812e+02 4.848e+02 33 0 2 6.617e+02 6.823e+02 190 0 4 4.891e+02 5.189e+02 276 0 2 4.429e+02 4.811e+02 354
29507 9 0 1 5.209e+02 5.291e+02 76 0 3 5.221e+02 5.279e+02 55 0 2 4.844e+02 5.236e+02 364 1 1 5.959e+02 6.221e+02 244 2 3 2.709e+02 2.751e+02 40 2 3 3.865e+02 4.115e+02 231 2 2 2.842e+02 3.038e+02 181 2 1 2.596e+02 2.864e+02 248 2 1 2.951e+02 3.349e+02 370
29508 7 2 3 2.075e+01 2.125e+01 5 2 1 8.901e+00 3.310e+01 225 2 4 1.122e+02 1.398e+02 256 2 2 2.838e+01 5.562e+01 253 3 2 5.438e+02 5.482e+02 41 3 4 5.439e+02 5.481e+02 39 3 1 5.529e+02 5.811e+02 262
29510 0
29511 8 1 1 3.827e+02 4.153e+02 303 1 2 3.550e+02 4.010e+02 428 2 3 1.828e+01 2.372e+01 50 2 2 4.148e+01 4.252e+01 10 2 1 4.803e+01 7.797e+01 278 2 4 2.761e+01 5.639e+01 267 3 4 4.555e+02 4.685e+02 121 3 1 4.740e+02 4.920e+02 167
29514 88 0 4 6.291e+02 6.309e+02 16 0 4 3.780e+02 3.780e+02 -0 0 1 6.491e+02 6.529e+02 35 0 4 2.932e+02 2.948e+02 16 0 1 3.980e+02 4.000e+02 18 0 1 1.419e+02 1.521e+02 96 0 4 4.614e+02 4.626e+02 10 0 3 2.654e+02 2.806e+02 141 0 2 6.271e+02 6.329e+02 54 0 2 2.861e+02 3.019e+02 147 0 3 6.507e+02 6.513e+02 6 0 1 3.005e+02 3.295e+02 269 0 3 3.965e+02 4.015e+02 46 0 1 2.550e+02 2.910e+02 334 0 1 4.775e+02 4.885e+02 102 0 3 5.593e+02 5.747e+02 144 0 4 5.776e+02 5.984e+02 194 0 4 6.679e+02 6.761e+02 76 0 4 4.065e+02 4.335e+02 250 0 2 4.995e+02 5.085e+02 83 0 3 5.181e+02 5.319e+02 128 0 4 6.132e+02 6.468e+02 312 0 3 6.396e+02 6.624e+02 212 0 3 4.308e+02 4.512e+02 189 0 4 4.947e+02 5.133e+02 172 0 2 5.390e+02 5.530e+02 130 0 2 6.625e+02 6.815e+02 176 0 1 4.240e+02 4.580e+02 316 0 2 4.578e+02 4.662e+02 77 0 1 5.558e+02 5.782e+02 208 0 2 6.547e+02 6.893e+02 321 0 1 4.682e+02 4.978e+02 275 0 3 5.497e+02 5.843e+02 321 0 3 4.629e+02 5.031e+02 374 1 2 5.456e+02 5.464e+02 7 1 1 6.090e+02 6.090e+02 -2 1 3 5.226e+02 5.274e+02 44 1 4 5.439e+02 5.481e+02 39 1 3 6.061e+02 6.119e+02 54 1 2 7.953e+01 8.847e+01 83 1 2 4.941e+02 5.139e+02 184 1 1 5.667e+02 5.673e+02 6 1 2 6.293e+02 6.307e+02 14 1 3 5.670e+02 5.670e+02 -4 1 4 6.285e+02 6.315e+02 28 1 2 5.813e+02 5.947e+02 125 1 4 5.356e+02 5.564e+02 194 1 4 5.775e+02 5.985e+02 196 1 2 5.694e+02 6.066e+02 346 2 4 8.249e+01 8.551e+01 28 2 2 6.264e+02 6.336e+02 66 2 1 1.466e+02 1.474e+02 7 2 1 6.492e+02 6.528e+02 33 2 3 2.271e+02 2.349e+02 72 2 2 5.861e+02 5.899e+02 36 2 1 2.707e+02 2.753e+02 43 2 4 6.628e+02 6.812e+02 170 2 2 3.338e+02 3.382e+02 41 2 4 4.891e+02 5.189e+02 277 2 3 6.095e+01 6.505e+01 38 2 3 5.586e+02 5.754e+02 156 2 3 1.029e+02 1.071e+02 39 2 3 5.898e+02 6.282e+02 357 2 4 1.604e+02 1.756e+02 140 2 4 6.527e+02 6.913e+02 358 2 2 2.505e+02 2.535e+02 28 2 4 5.326e+02 5.594e+02 249 2 4 2.893e+02 2.987e+02 88 2 4 3.313e+02 3.407e+02 88 2 3 1.429e+01 2.771e+01 125 2 4 1.251e+02 1.269e+02 16 2 3 1.367e+02 1.573e+02 191 2 4 2.513e+02 2.527e+02 12 2 1 3.012e+02 3.288e+02 257 2 4 3.129e+01 5.271e+01 199 2 2 8.074e+01 8.726e+01 60 2 2 1.488e+02 1.872e+02 356 2 4 1.970e+02 2.230e+02 242 2 4 2.793e+02 3.087e+02 273 2 2 2.824e+01 5.576e+01 256 2 2 1.197e+02 1.323e+02 117 2 4 2.357e+02 2.683e+02 303 2 3 2.950e+02 3.350e+02 372 2 1 2.531e+00 3.947e+01 343 3 4 1.680e+02 1.680e+02 -4 3 3 1.844e+02 1.936e+02 86 3 1 2.277e+02 2.343e+02 61 3 2 2.089e+02 2.111e+02 20
29515 0
29517 23 0 1 6.082e+02 6.098e+02 15 0 1 6.501e+02 6.519e+02 17 0 1 5.621e+02 5.719e+02 91 0 3 6.059e+02 6.121e+02 58 0 3 6.487e+02 6.533e+02 43 0 2 4.964e+02 5.116e+02 140 0 3 5.582e+02 5.758e+02 164 0 2 6.281e+02 6.319e+02 36 0 3 6.361e+02 6.659e+02 277 0 4 4.957e+02 5.123e+02 154 0 1 5.160e+02 5.340e+02 166 0 4 6.289e+02 6.311e+02 20 0 3 5.136e+02 5.364e+02 211 0 4 5.804e+02 5.956e+02 140 0 1 5.980e+02 6.200e+02 205 0 2 6.163e+02 6.437e+02 254 0 4 6.144e+02 6.456e+02 290 0 3 5.892e+02 6.288e+02 367 1 2 6.173e+02 6.427e+02 236 2 3 5.880e+01 6.720e+01 78 2 2 7.432e+01 9.368e+01 180 2 1 4.817e+01 7.783e+01 276 2 4 1.134e+02 1.386e+02 234
29518 13 0 4 5.760e+02 6.000e+02 222 1 3 5.665e+02 5.675e+02 9 2 3 2.304e+02 2.316e+02 11 2 1 2.290e+02 2.330e+02 38 2 4 4.934e+02 5.146e+02 197 2 4 2.334e+02 2.706e+02 346 2 2 2.335e+02 2.705e+02 344 2 2 2.255e+02 2.785e+02 492 3 4 4.103e+01 4.297e+01 18 3 3 2.722e+02 2.738e+02 15 3 1 2.675e+02 2.785e+02 102 3 4 2.815e+02 3.065e+02 232 3 2 2.346e+02 2.694e+02 324
29519 0
29521 9 0 3 6.315e+02 6.705e+02 363 0 4 3.987e+02 4.413e+02 396 0 2 6.506e+02 6.934e+02 398 0 3 6.252e+02 6.768e+02 479 2 4 3.690e+01 4.710e+01 95 2 4 2.914e+01 5.486e+01 239 2 3 8.621e+01 1.238e+02 349 2 3 -3.433e-01 4.234e+01 396 3 3 3.857e+02 4.123e+02 246
29522 3 0 3 3.838e+02 4.142e+02 283 0 3 5.547e+02 5.793e+02 228 0 3 5.059e+02 5.441e+02 354
29523 9 0 2 6.673e+02 6.767e+02 86 0 1 5.179e+02 5.321e+02 131 0 4 6.682e+02 6.758e+02 71 0 3 5.107e+02 5.393e+02 266 0 1 6.430e+02 6.590e+02 149 0 3 6.425e+02 6.595e+02 158 1 1 4.779e+02 4.881e+02 94 2 1 5.943e+01 6.657e+01 66 2 1 1.432e+02 1.508e+02 71
29527 9 0 2 5.451e+02 5.469e+02 17 0 4 6.676e+02 6.764e+02 82 0 2 5.383e+02 5.537e+02 144 0 1 5.972e+02 6.208e+02 219 0 1 6.455e+02 6.565e+02 103 0 1 5.112e+02 5.388e+02 257 0 4 6.197e+02 6.403e+02 191 0 2 6.624e+02 6.816e+02 179 0 3 6.358e+02 6.662e+02 281
29528 47 0 3 5.226e+02 5.274e+02 45 0 1 6.061e+02 6.119e+02 53 0 3 4.384e+02 4.436e+02 49 0 4 4.546e+02 4.694e+02 138 0 2 5.425e+02 5.495e+02 66 0 3 6.071e+02 6.109e+02 35 0 3 6.384e+02 6.636e+02 234 0 1 5.650e+02 5.690e+02 36 0 2 6.223e+02 6.377e+02 142 0 2 6.652e+02 6.788e+02 126 0 4 4.801e+02 5.279e+02 444 0 3 5.608e+02 5.732e+02 116 0 4 5.804e+02 5.956e+02 141 0 4 6.607e+02 6.833e+02 210 0 2 5.359e+02 5.561e+02 187 0 4 6.192e+02 6.408e+02 200 0 1 6.378e+02 6.642e+02 245 0 1 5.070e+02 5.430e+02 334 0 2 6.111e+02 6.489e+02 350 0 3 5.068e+02 5.432e+02 339 0 4 5.619e+02 6.141e+02 485 0 1 5.424e+02 5.916e+02 456 0 1 4.989e+02 5.511e+02 486 1 2 1.657e+02 1.703e+02 43 1 3 6.072e+02 6.108e+02 34 1 4 1.680e+02 1.680e+02 0 1 2 5.838e+02 5.922e+02 78 1 4 6.096e+02 6.504e+02 378 2 4 2.079e+02 2.121e+02 40 2 1 3.945e+02 4.035e+02 83 2 4 3.769e+02 3.791e+02 20 2 1 1.846e+01 2.354e+01 47 2 3 3.863e+02 4.117e+02 236 2 4 8.061e+01 8.739e+01 63 2 3 1.385e+02 1.555e+02 158 2 1 5.837e+02 6.343e+02 470 2 1 2.294e+02 2.326e+02 30 2 3 1.622e+01 2.578e+01 89 2 3 9.026e+01 1.197e+02 274 2 2 1.634e+02 1.726e+02 85 2 3 2.198e+02 2.422e+02 209 2 2 3.616e+02 3.944e+02 305 2 1 7.854e+01 1.315e+02 491 2 4 1.508e+02 1.852e+02 319 2 2 1.903e+02 2.297e+02 366 2 1 -5.903e+00 4.790e+01 500 2 1 1.699e+02 2.081e+02 354
29530 3 2 2 6.218e+02 6.382e+02 152 2 1 6.371e+02 6.649e+02 258 2 3 6.382e+02 6.638e+02 237
29531 0
29532 20 0 2 6.711e+02 6.729e+02 16 0 3 4.323e+02 4.497e+02 162 0 4 5.004e+02 5.076e+02 66 0 4 6.692e+02 6.748e+02 51 0 4 4.893e+02 5.187e+02 273 0 1 6.397e+02 6.623e+02 210 0 4 4.031e+02 4.369e+02 314 0 3 6.386e+02 6.634e+02 230 0 2 6.531e+02 6.909e+02 350 1 2 5.870e+02 5.890e+02 18 1 2 6.245e+02 6.355e+02 102 1 1 5.991e+02 6.189e+02 184 1 4 6.186e+02 6.414e+02 211 1 2 5.697e+02 6.063e+02 340 2 2 4.067e+01 4.333e+01 25 2 4 2.929e+02 2.951e+02 20 2 3 1.563e+01 2.637e+01 100 2 4 1.547e+02 1.813e+02 246 2 1 4.594e+00 3.741e+01 305 2 4 2.781e+02 3.099e+02 296
29533 0
29534 9 0 3 4.816e+02 4.844e+02 26 0 4 4.574e+02 4.666e+02 86 0 4 4.474e+02 4.766e+02 271 0 3 4.214e+02 4.606e+02 364 2 4 3.323e+02 3.397e+02 69 2 3 1.990e+01 2.210e+01 20 2 1 3.493e+02 3.647e+02 143 2 2 3.288e+02 3.432e+02 133 2 3 3.388e+02 3.752e+02 338
29535 6 0 1 6.245e+02 6.775e+02 492 2 2 3.352e+02 3.368e+02 15 2 4 7.486e+01 9.314e+01 170 2 4 3.271e+02 3.449e+02 165 2 2 3.675e+02 3.885e+02 196 3 2 6.544e+01 1.026e+02 345
29537 0
29538 2 1 2 1.234e+02 1.286e+02 49 2 4 8.317e+01 8.483e+01 16
29539 8 0 1 5.187e+02 5.313e+02 117 0 3 5.135e+02 5.365e+02 214 0 2 5.347e+02 5.573e+02 210 2 3 1.236e+01 2.964e+01 160 2 4 1.579e+02 1.781e+02 187 2 2 3.340e+01 5.060e+01 160 2 4 2.775e+01 5.625e+01 265 2 1 6.391e+00 3.561e+01 271
29540 35 0 2 6.300e+02 6.300e+02 -9 0 1 6.503e+02 6.517e+02 12 0 3 5.646e+02 5.694e+02 44 0 4 5.870e+02 5.890e+02 19 0 3 6.503e+02 6.517e+02 12 0 2 5.440e+02 5.480e+02 37 0 1 6.058e+02 6.122e+02 59 0 2 6.720e+02 6.720e+02 -14 0 3 5.506e+02 5.834e+02 304 0 4 6.270e+02 6.330e+02 56 0 4 6.676e+02 6.764e+02 81 0 2 6.112e+02 6.488e+02 349 0 3 6.434e+02 6.586e+02 140 0 3 6.309e+02 6.711e+02 374 0 2 6.558e+02 6.882e+02 300 0 4 6.553e+02 6.887e+02 310 1 3 5.250e+02 5.250e+02 -19 1 4 5.434e+02 5.486e+02 49 1 2 4.966e+02 5.114e+02 137 1 1 5.102e+02 5.398e+02 275 2 2 2.461e+02 2.579e+02 109 2 1 2.675e+02 2.785e+02 102 2 1 6.243e+01 6.357e+01 10 2 4 2.445e+02 2.595e+02 139 2 3 5.539e+01 7.061e+01 141 2 3 2.172e+02 2.448e+02 257 2 4 3.399e+01 5.001e+01 149 2 1 6.078e+00 3.592e+01 277 2 3 6.704e+00 3.530e+01 266 2 2 2.533e+01 5.867e+01 310 2 1 4.534e+01 8.066e+01 328 3 1 2.070e+01 2.130e+01 6 3 4 7.123e+01 9.677e+01 237 3 3 9.169e+01 1.183e+02 247 3 2 2.295e+01 6.105e+01 354
29541 11 1 1 2.205e+02 2.415e+02 196 2 2 4.958e+02 5.122e+02 153 2 3 5.127e+02 5.373e+02 228 2 4 4.944e+02 5.136e+02 179 2 1 5.128e+02 5.372e+02 226 3 2 5.449e+02 5.471e+02 20 3 1 5.651e+02 5.689e+02 35 3 3 5.669e+02 5.671e+02 1 3 2 5.809e+02 5.951e+02 131 3 4 5.374e+02 5.546e+02 160 3 2 5.713e+02 6.047e+02 310
29542 12 0 2 2.940e+02 2.940e+02 -0 0 2 4.582e+02 4.658e+02 70 0 3 2.700e+02 2.760e+02 56 0 2 6.264e+02 6.336e+02 67 0 4 2.862e+02 3.018e+02 145 0 3 4.339e+02 4.481e+02 132 0 4 4.516e+02 4.724e+02 194 0 4 6.186e+02 6.414e+02 211 0 1 6.328e+02 6.692e+02 337 0 1 3.789e+02 4.191e+02 373 0 3 4.700e+02 4.960e+02 242 0 4 4.001e+02 4.399e+02 370
