9465 10 0 4 6.232e+02 6.368e+02 126 0 3 5.917e+02 6.263e+02 320 1 1 2.307e+02 2.313e+02 5 1 2 2.099e+02 2.101e+02 1 1 3 2.303e+02 2.317e+02 12 1 4 2.082e+02 2.118e+02 33 1 1 2.166e+02 2.454e+02 267 1 3 1.705e+02 2.075e+02 343 1 2 1.918e+02 2.282e+02 337 1 4 1.910e+02 2.290e+02 352
9467 7 2 3 6.122e+01 6.478e+01 33 2 4 8.312e+01 8.488e+01 16 2 3 3.108e+02 3.192e+02 78 2 3 1.050e+02 1.050e+02 -2 2 4 2.790e+02 3.090e+02 278 2 2 2.228e+01 6.172e+01 366 2 4 6.733e+01 1.007e+02 310
9469 0
9470 4 3 1 3.984e+02 3.996e+02 11 3 3 3.822e+02 4.158e+02 311 3 2 4.083e+02 4.317e+02 217 3 4 4.063e+02 4.337e+02 255
9471 29 0 2 4.620e+02 4.620e+02 -1 0 4 4.612e+02 4.628e+02 15 0 2 6.559e+02 6.881e+02 299 0 3 4.244e+02 4.576e+02 308 0 4 6.578e+02 6.862e+02 264 1 2 6.286e+02 6.314e+02 26 1 4 6.221e+02 6.379e+02 146 1 1 5.899e+02 6.281e+02 355 2 4 2.519e+02 2.521e+02 2 2 2 4.000e+01 4.400e+01 37 2 4 4.200e+02 4.200e+02 -7 2 4 1.253e+02 1.267e+02 13 2 2 6.674e+02 6.766e+02 85 2 4 1.625e+02 1.735e+02 101 2 1 3.966e+02 4.014e+02 44 2 2 3.728e+02 3.832e+02 97 2 4 3.560e+01 4.840e+01 119 2 2 4.188e+02 4.212e+02 23 2 4 8.400e+01 8.400e+01 -4 2 1 3.861e+02 4.119e+02 240 2 4 3.673e+02 3.887e+02 199 2 3 5.337e+01 7.263e+01 179 2 3 9.730e+01 1.127e+02 143 2 3 1.717e+02 2.063e+02 321 2 3 3.393e+02 3.747e+02 328 2 4 2.483e+01 5.917e+01 319 2 4 7.864e+01 8.936e+01 100 2 2 1.073e+02 1.447e+02 347 3 2 7.217e+01 9.583e+01 220
9472 0
9473 17 0 4 6.704e+02 6.736e+02 30 0 4 5.811e+02 5.949e+02 128 0 2 6.680e+02 6.760e+02 74 0 4 6.632e+02 6.808e+02 164 0 1 6.390e+02 6.630e+02 223 0 3 6.354e+02 6.666e+02 290 0 2 6.599e+02 6.841e+02 224 1 1 6.072e+02 6.108e+02 33 1 3 6.056e+02 6.124e+02 63 1 4 6.182e+02 6.418e+02 220 1 2 3.127e+02 3.593e+02 432 1 3 3.363e+02 3.777e+02 385 1 2 6.141e+02 6.459e+02 296 1 4 3.572e+02 3.988e+02 387 2 1 6.300e+01 6.300e+01 -1 2 3 4.410e+02 4.410e+02 -4 2 4 1.260e+02 1.260e+02 -24
9474 5 1 4 6.115e+02 6.485e+02 344 2 3 1.801e+01 2.399e+01 56 2 4 8.178e+01 8.622e+01 41 2 2 2.779e+01 5.621e+01 264 2 2 1.221e+02 1.299e+02 73
9475 10 1 4 6.259e+02 6.341e+02 76 1 2 6.225e+02 6.375e+02 139 2 2 3.901e+01 4.499e+01 56 2 2 4.548e+02 4.692e+02 134 2 1 3.040e+02 3.260e+02 205 2 4 4.540e+02 4.700e+02 149 2 1 5.081e+01 7.519e+01 226 2 2 1.543e+02 1.817e+02 254 2 2 4.474e+02 4.766e+02 270 2 3 2.978e+00 3.902e+01 335
9476 0
9477 7 0 2 4.449e+02 4.791e+02 317 1 1 9.479e+01 1.152e+02 190 2 1 1.927e+01 2.273e+01 32 2 4 5.855e+02 5.905e+02 46 2 3 2.053e+01 2.147e+01 9 2 4 6.251e+02 6.349e+02 91 2 4 6.117e+02 6.483e+02 340
9478 12 0 1 6.489e+02 6.531e+02 40 0 4 6.181e+02 6.419e+02 220 0 3 6.459e+02 6.561e+02 95 0 2 6.165e+02 6.435e+02 251 1 4 5.844e+02 5.916e+02 66 1 3 4.697e+02 4.963e+02 246 1 3 5.579e+02 5.761e+02 170 1 2 5.304e+02 5.616e+02 290 2 4 5.025e+02 5.055e+02 27 2 3 3.504e+02 3.636e+02 123 2 1 5.893e+01 6.707e+01 76 2 2 3.466e+01 4.934e+01 136
9479 4 0 4 6.243e+02 6.357e+02 106 0 2 6.625e+02 6.815e+02 176 0 4 6.589e+02 6.851e+02 244 2 4 3.774e+02 3.786e+02 10
9484 6 0 2 6.554e+02 6.886e+02 308 0 4 3.524e+02 4.036e+02 476 0 4 6.453e+02 6.987e+02 496 0 2 3.121e+02 3.599e+02 445 1 4 6.107e+02 6.493e+02 358 2 1 -1.238e+00 4.324e+01 413
9486 2 0 4 6.251e+02 6.349e+02 90 0 3 6.452e+02 6.568e+02 107
9487 4 0 1 6.292e+02 6.728e+02 406 0 3 6.306e+02 6.714e+02 378 0 2 6.513e+02 6.927e+02 384 0 4 6.494e+02 6.946e+02 419
9490 6 0 1 3.985e+02 3.995e+02 9 0 3 4.394e+02 4.426e+02 30 0 2 6.609e+02 6.831e+02 206 0 4 4.451e+02 4.789e+02 314 0 4 6.587e+02 6.853e+02 247 0 1 4.242e+02 4.578e+02 312
9491 0
9492 0
9494 29 0 4 6.291e+02 6.309e+02 17 0 4 2.100e+02 2.100e+02 -14 0 4 5.040e+02 5.040e+02 -14 0 4 2.940e+02 2.940e+02 -2 0 4 1.603e+02 1.757e+02 144 0 4 4.181e+02 4.219e+02 36 0 4 2.506e+02 2.534e+02 26 0 4 5.798e+02 5.962e+02 152 0 4 2.358e+02 2.682e+02 300 0 2 6.700e+02 6.740e+02 37 0 3 3.951e+02 4.029e+02 72 0 4 4.876e+02 5.204e+02 304 0 4 6.124e+02 6.476e+02 327 0 4 6.720e+02 6.720e+02 -20 0 2 6.555e+02 6.885e+02 306 0 4 6.534e+02 6.906e+02 345 2 3 4.830e+02 4.830e+02 -6 2 4 4.569e+02 4.671e+02 95 2 4 1.680e+02 1.680e+02 -20 2 1 3.565e+02 3.575e+02 9 2 2 4.949e+02 5.131e+02 169 2 4 3.991e+01 4.409e+01 39 2 2 1.614e+02 1.746e+02 123 2 4 3.323e+02 3.397e+02 68 2 3 4.102e+00 3.790e+01 314 2 1 1.794e+02 1.986e+02 178 2 2 3.251e+02 3.469e+02 202 2 3 1.749e+02 2.031e+02 261 2 3 3.398e+02 3.742e+02 320
9496 3 3 1 3.964e+02 4.016e+02 48 3 3 3.918e+02 4.062e+02 134 3 2 3.650e+02 3.910e+02 241
9498 0
9499 8 1 3 4.794e+02 4.866e+02 67 1 4 5.023e+02 5.057e+02 32 3 2 5.443e+02 5.477e+02 31 3 4 5.448e+02 5.472e+02 22 3 3 2.192e+02 2.428e+02 220 3 4 5.717e+02 6.043e+02 303 3 1 5.512e+02 5.828e+02 293 3 3 5.515e+02 5.825e+02 287
9500 4 0 3 5.614e+02 5.726e+02 104 3 4 4.540e+02 4.700e+02 149 3 4 5.032e+02 5.048e+02 15 3 3 5.227e+02 5.273e+02 43
9502 2 0 1 6.275e+02 6.745e+02 437 0 3 6.241e+02 6.779e+02 500
9505 47 1 4 6.216e+02 6.384e+02 156 2 3 2.053e+01 2.147e+01 9 2 4 1.677e+02 1.683e+02 6 2 4 5.414e+02 5.506e+02 86 2 3 2.295e+02 2.325e+02 27 2 3 2.722e+02 2.738e+02 16 2 4 4.164e+02 4.236e+02 67 2 4 3.986e+01 4.414e+01 40 2 2 4.589e+02 4.651e+02 58 2 4 7.733e+01 9.067e+01 124 2 1 5.646e+02 5.694e+02 45 2 3 1.413e+02 1.527e+02 106 2 2 2.504e+02 2.536e+02 29 2 3 4.386e+02 4.434e+02 45 2 1 3.090e+02 3.210e+02 112 2 4 4.551e+02 4.689e+02 129 2 2 3.688e+02 3.872e+02 170 2 3 5.544e+02 5.796e+02 235 2 1 6.001e+01 6.599e+01 56 2 1 5.958e+02 6.222e+02 246 2 2 1.121e+02 1.399e+02 258 2 3 3.915e+02 4.065e+02 140 2 1 1.766e+02 2.014e+02 230 2 3 4.709e+02 4.951e+02 224 2 2 2.073e+02 2.127e+02 50 2 2 5.308e+02 5.612e+02 283 2 3 3.097e+02 3.203e+02 98 2 1 3.880e+02 4.100e+02 204 2 4 3.624e+02 3.936e+02 290 2 3 3.825e+02 4.155e+02 307 2 1 1.478e+01 2.722e+01 116 2 3 1.785e+02 1.995e+02 196 2 1 2.202e+02 2.418e+02 201 2 1 2.666e+02 2.794e+02 118 2 2 3.156e+01 5.244e+01 194 2 2 1.526e+02 1.834e+02 286 2 4 2.407e+02 2.633e+02 210 2 2 2.826e+02 3.054e+02 211 2 3 5.229e+01 7.371e+01 199 2 4 1.511e+02 1.849e+02 314 2 4 1.987e+02 2.213e+02 210 2 3 2.574e+02 2.886e+02 289 2 1 4.386e+01 8.214e+01 356 2 3 2.179e+02 2.441e+02 244 2 4 2.783e+02 3.097e+02 292 3 1 1.617e+01 2.583e+01 90 3 1 1.065e+01 3.135e+01 192
9506 0
9508 20 0 4 2.514e+02 2.526e+02 10 0 1 3.976e+02 4.004e+02 26 0 3 2.279e+02 2.341e+02 57 0 4 4.127e+02 4.273e+02 136 0 3 2.173e+02 2.447e+02 255 0 2 1.918e+02 2.282e+02 339 0 3 4.225e+02 4.595e+02 344 0 4 5.625e+02 6.135e+02 473 1 1 5.209e+02 5.291e+02 76 1 2 5.306e+02 5.614e+02 286 2 1 1.445e+02 1.495e+02 47 2 3 2.205e+02 2.415e+02 196 2 4 1.186e+02 1.334e+02 137 2 3 1.449e+02 1.491e+02 39 2 2 1.944e+02 2.256e+02 289 2 2 1.091e+02 1.429e+02 313 2 3 1.209e+02 1.731e+02 485 3 2 2.901e+02 2.979e+02 72 3 1 3.049e+02 3.251e+02 188 3 2 2.820e+02 3.060e+02 222
9509 0
9510 2 0 3 1.008e+02 1.092e+02 79 0 4 7.383e+01 9.417e+01 189
9512 4 2 2 5.880e+02 5.880e+02 -18 2 4 3.311e+02 3.409e+02 90 2 3 5.507e+02 5.833e+02 302 3 3 3.886e+02 4.094e+02 193
9513 8 0 3 6.470e+02 6.550e+02 74 0 4 5.776e+02 5.984e+02 193 0 4 6.695e+02 6.745e+02 47 0 4 6.151e+02 6.449e+02 277 1 4 4.174e+02 4.226e+02 49 2 4 4.195e+02 4.205e+02 10 2 2 4.109e+02 4.291e+02 169 2 3 4.268e+02 4.552e+02 264
9514 8 0 3 5.515e+02 5.825e+02 287 0 2 5.316e+02 5.604e+02 268 0 1 5.456e+02 5.884e+02 398 1 1 1.042e+02 1.058e+02 15 2 1 6.154e+01 6.446e+01 27 2 3 6.221e+01 6.379e+01 15 2 2 6.751e+01 1.005e+02 306 2 4 6.531e+01 1.027e+02 347
9515 0
9516 6 0 1 5.196e+02 5.304e+02 100 0 2 5.370e+02 5.550e+02 168 0 3 5.120e+02 5.380e+02 242 0 2 1.833e+02 2.367e+02 496 0 4 1.844e+02 2.356e+02 475 2 2 5.709e+01 1.109e+02 500
