48 0
49 1 0 4 4.991e+02 5.089e+02 91
50 52 0 1 6.084e+02 6.096e+02 11 0 3 3.946e+02 4.034e+02 81 0 3 6.090e+02 6.090e+02 -2 0 2 6.209e+02 6.391e+02 170 0 3 6.381e+02 6.639e+02 240 0 4 6.217e+02 6.383e+02 154 0 3 6.311e+02 6.709e+02 370 1 2 4.873e+02 5.207e+02 310 2 3 6.090e+02 6.090e+02 -14 2 4 2.520e+02 2.520e+02 -10 2 1 3.150e+02 3.150e+02 -2 2 2 5.460e+02 5.460e+02 -2 2 2 3.360e+02 3.360e+02 -14 2 1 6.060e+02 6.120e+02 56 2 3 1.559e+01 2.641e+01 100 2 4 4.158e+02 4.242e+02 79 2 4 8.227e+01 8.573e+01 32 2 3 5.149e+02 5.351e+02 187 2 3 1.469e+02 1.471e+02 1 2 2 5.803e+02 5.957e+02 144 2 2 2.097e+02 2.103e+02 6 2 1 4.311e+02 4.509e+02 183 2 3 3.137e+02 3.163e+02 24 2 4 5.317e+02 5.603e+02 266 2 1 3.560e+02 3.580e+02 18 2 4 5.798e+02 5.962e+02 153 2 1 1.182e+01 3.018e+01 170 2 2 4.075e+02 4.325e+02 231 2 3 9.860e+01 1.114e+02 119 2 3 5.488e+02 5.852e+02 338 2 2 1.625e+02 1.735e+02 103 2 2 6.184e+02 6.416e+02 216 2 2 2.498e+02 2.542e+02 40 2 2 2.933e+02 2.947e+02 13 2 4 3.295e+02 3.425e+02 121 2 2 2.954e+01 5.446e+01 231 2 4 1.126e+02 1.394e+02 250 2 4 1.620e+02 1.740e+02 112 2 4 2.000e+02 2.200e+02 186 2 4 2.867e+02 3.013e+02 136 2 3 3.415e+02 3.725e+02 288 2 2 6.643e+01 1.016e+02 326 2 1 1.856e+02 1.924e+02 63 2 1 2.198e+02 2.422e+02 209 2 3 2.623e+02 2.837e+02 200 2 2 1.556e+02 1.804e+02 230 2 4 2.353e+02 2.687e+02 310 2 1 2.577e+02 2.883e+02 284 2 3 1.761e+02 2.019e+02 240 2 3 2.569e+02 2.891e+02 300 2 1 1.307e+02 1.633e+02 302 2 3 1.291e+02 1.649e+02 333
51 27 0 2 3.295e+02 3.425e+02 120 0 1 5.221e+02 5.279e+02 54 0 3 2.135e+02 2.485e+02 326 0 3 5.185e+02 5.315e+02 120 0 2 6.598e+02 6.842e+02 227 0 4 1.852e+02 2.348e+02 460 0 3 3.783e+02 4.197e+02 384 0 2 5.300e+02 5.620e+02 296 0 4 6.584e+02 6.856e+02 252 0 3 6.301e+02 6.719e+02 389 0 1 6.263e+02 6.757e+02 459 2 3 1.043e+02 1.057e+02 13 2 1 1.779e+01 2.421e+01 60 2 4 8.155e+01 8.645e+01 46 2 2 2.100e+02 2.100e+02 -13 2 3 1.698e+01 2.502e+01 75 2 2 1.198e+02 1.322e+02 116 2 2 1.584e+02 1.776e+02 178 2 4 4.774e+02 5.306e+02 494 2 3 2.292e+02 2.328e+02 34 2 2 2.847e+01 5.553e+01 251 2 2 1.104e+02 1.416e+02 289 2 4 1.542e+02 1.818e+02 256 2 4 2.021e+02 2.179e+02 146 2 1 7.333e+00 3.467e+01 254 2 2 2.348e+02 2.692e+02 319 2 4 2.282e+02 2.758e+02 442
55 5 1 1 3.865e+01 8.735e+01 452 2 2 7.240e+01 9.560e+01 216 2 1 4.471e+01 8.129e+01 340 2 4 6.607e+01 1.019e+02 333 2 3 5.014e+01 7.586e+01 239
57 13 0 2 6.184e+02 6.416e+02 216 0 4 6.156e+02 6.444e+02 267 1 2 6.288e+02 6.312e+02 21 2 4 2.515e+02 2.525e+02 10 2 2 4.191e+02 4.209e+02 17 2 3 3.896e+02 4.084e+02 175 2 3 2.613e+02 2.847e+02 216 2 4 4.998e+02 5.082e+02 78 2 1 4.292e+02 4.528e+02 220 2 3 1.699e+02 2.081e+02 354 2 3 4.688e+02 4.972e+02 263 2 4 4.018e+02 4.382e+02 338 3 1 3.111e+02 3.189e+02 73
58 0
59 8 0 3 6.083e+02 6.097e+02 12 0 4 6.710e+02 6.730e+02 18 0 1 6.051e+02 6.129e+02 72 0 4 6.657e+02 6.783e+02 117 2 2 3.798e+01 4.602e+01 75 2 4 4.045e+01 4.355e+01 29 2 1 4.682e+01 7.918e+01 300 2 3 4.520e+01 8.080e+01 330
61 2 0 3 6.248e+02 6.772e+02 487 0 4 6.464e+02 6.976e+02 475
63 23 0 4 6.225e+02 6.375e+02 140 0 4 6.683e+02 6.757e+02 70 0 2 6.180e+02 6.420e+02 222 0 1 6.463e+02 6.557e+02 88 0 3 6.447e+02 6.573e+02 117 0 1 5.868e+02 6.312e+02 413 0 4 6.587e+02 6.853e+02 247 0 3 5.851e+02 6.329e+02 445 0 2 6.578e+02 6.862e+02 264 2 4 6.289e+02 6.311e+02 21 2 4 2.486e+02 2.554e+02 64 2 1 6.493e+02 6.527e+02 31 2 1 6.149e+01 6.451e+01 28 2 4 7.491e+01 9.309e+01 169 2 2 6.158e+02 6.442e+02 265 2 4 2.399e+02 2.641e+02 224 2 3 6.373e+02 6.647e+02 254 2 3 2.677e+02 2.783e+02 99 2 4 3.637e+01 4.763e+01 105 2 3 5.045e+01 7.555e+01 233 2 1 1.003e+01 3.197e+01 204 2 2 2.945e+01 5.455e+01 233 2 3 -3.662e+00 4.566e+01 458
64 16 0 2 6.214e+02 6.386e+02 159 0 2 4.928e+02 5.152e+02 208 0 2 5.316e+02 5.604e+02 268 0 4 5.783e+02 5.977e+02 180 0 1 4.652e+02 5.008e+02 331 0 1 5.481e+02 5.859e+02 351 0 1 5.969e+02 6.211e+02 225 0 3 6.328e+02 6.692e+02 339 0 4 4.802e+02 5.278e+02 442 0 3 5.466e+02 5.874e+02 379 0 4 6.031e+02 6.569e+02 500 0 3 5.029e+02 5.471e+02 410 0 2 5.237e+02 5.683e+02 415 2 2 1.467e+02 1.893e+02 395 2 4 1.480e+02 1.880e+02 371 2 3 1.681e+02 2.099e+02 388
65 8 0 2 6.614e+02 6.826e+02 197 0 4 6.603e+02 6.837e+02 216 0 1 6.408e+02 6.612e+02 189 0 3 6.371e+02 6.649e+02 259 1 1 5.963e+02 6.217e+02 236 2 4 7.796e+01 9.004e+01 112 2 2 6.876e+01 9.924e+01 283 2 3 9.232e+01 1.177e+02 236
66 0
69 4 2 1 1.446e+02 1.494e+02 45 2 4 1.146e+02 1.374e+02 211 2 3 1.430e+02 1.510e+02 75 2 2 1.067e+02 1.453e+02 359
70 6 0 1 6.090e+02 6.090e+02 -20 0 1 1.736e+02 2.044e+02 286 0 3 6.057e+02 6.123e+02 62 0 2 6.140e+02 6.460e+02 298 1 4 5.865e+02 5.895e+02 28 1 3 5.578e+02 5.762e+02 170
73 1 2 4 3.618e+02 3.942e+02 301
74 19 0 1 4.806e+02 4.854e+02 44 0 1 6.065e+02 6.115e+02 46 0 4 4.998e+02 5.082e+02 78 0 4 6.213e+02 6.387e+02 161 0 3 4.680e+02 4.980e+02 279 0 2 6.150e+02 6.450e+02 278 2 2 3.764e+02 3.796e+02 30 2 3 3.966e+02 4.014e+02 46 2 4 7.886e+01 8.914e+01 96 2 3 1.454e+02 1.486e+02 30 2 4 1.138e+02 1.382e+02 226 2 2 1.509e+02 1.851e+02 317 2 1 3.423e+02 3.717e+02 273 2 1 4.628e+01 7.972e+01 310 2 2 7.455e+01 9.345e+01 176 2 3 3.380e+02 3.760e+02 352 2 3 4.785e+01 7.815e+01 281 2 2 1.061e+02 1.459e+02 370 2 4 6.400e+01 1.040e+02 371
75 34 0 3 1.050e+02 1.050e+02 -9 0 4 4.200e+01 4.200e+01 -11 0 2 1.641e+02 1.719e+02 73 0 3 5.670e+02 5.670e+02 -7 0 2 3.664e+01 4.736e+01 100 0 3 6.050e+02 6.130e+02 74 0 1 8.723e+00 3.328e+01 228 0 1 5.146e+02 5.354e+02 193 0 2 6.607e+02 6.833e+02 210 0 3 3.789e+00 3.821e+01 320 0 3 5.127e+02 5.373e+02 228 0 4 5.700e+02 6.060e+02 335 0 4 6.610e+02 6.830e+02 205 0 4 6.085e+02 6.515e+02 400 0 2 6.463e+02 6.977e+02 477 1 4 3.268e+02 3.452e+02 171 1 3 5.517e+02 5.823e+02 284 1 4 6.157e+02 6.443e+02 266 2 4 2.520e+02 2.520e+02 -1 2 4 3.350e+02 3.370e+02 19 2 3 3.976e+02 4.004e+02 26 2 1 1.940e+01 2.260e+01 30 2 4 4.549e+02 4.691e+02 131 2 4 8.335e+01 8.465e+01 12 2 3 1.443e+02 1.497e+02 50 2 3 3.568e+02 3.572e+02 4 2 3 6.176e+01 6.424e+01 23 2 3 1.050e+02 1.050e+02 -4 2 2 1.603e+02 1.757e+02 142 2 2 3.708e+02 3.852e+02 133 2 3 1.389e+01 2.811e+01 132 2 4 1.249e+02 1.271e+02 20 2 1 1.299e+02 1.641e+02 317 2 4 3.762e+02 3.798e+02 33
80 20 0 1 5.248e+02 5.252e+02 4 0 2 5.348e+02 5.572e+02 207 1 2 6.291e+02 6.309e+02 16 1 4 6.300e+02 6.300e+02 -11 1 3 6.061e+02 6.119e+02 53 1 4 6.132e+02 6.468e+02 311 2 4 1.680e+02 1.680e+02 -0 2 4 5.459e+02 5.461e+02 1 2 4 1.254e+02 1.266e+02 11 2 3 3.948e+02 4.032e+02 77 2 1 1.470e+02 1.470e+02 -1 2 4 2.858e+02 3.022e+02 151 2 4 5.303e+02 5.617e+02 292 2 2 2.712e+01 5.688e+01 276 2 3 1.397e+02 1.543e+02 135 2 1 3.132e+02 3.168e+02 34 2 4 3.222e+02 3.498e+02 256 2 2 2.822e+02 3.058e+02 219 2 2 1.078e+02 1.442e+02 339 2 3 2.581e+02 2.879e+02 276
81 0
82 0
85 60 0 1 4.814e+02 4.846e+02 30 0 4 2.910e+02 2.970e+02 56 0 2 5.420e+02 5.500e+02 74 0 1 5.614e+02 5.726e+02 104 0 4 5.791e+02 5.969e+02 166 0 2 6.713e+02 6.727e+02 14 0 3 4.335e+02 4.485e+02 139 0 2 5.034e+02 5.046e+02 10 0 3 5.630e+02 5.710e+02 74 0 1 5.993e+02 6.187e+02 180 0 4 6.715e+02 6.725e+02 10 0 1 3.858e+02 4.122e+02 246 0 4 5.028e+02 5.052e+02 23 0 3 5.148e+02 5.352e+02 190 0 2 6.209e+02 6.391e+02 169 0 3 6.453e+02 6.567e+02 106 0 4 4.001e+02 4.399e+02 370 0 4 4.549e+02 4.691e+02 132 0 1 5.084e+02 5.416e+02 308 0 4 5.699e+02 6.061e+02 336 0 1 6.359e+02 6.661e+02 280 0 2 4.460e+02 4.780e+02 296 0 1 5.496e+02 5.844e+02 323 0 1 5.924e+02 6.256e+02 308 0 2 6.547e+02 6.893e+02 320 0 3 4.683e+02 4.977e+02 272 0 4 6.120e+02 6.480e+02 334 0 2 4.852e+02 5.228e+02 350 1 3 5.614e+02 5.726e+02 105 1 2 6.300e+02 6.300e+02 -1 1 2 4.583e+02 4.657e+02 68 1 1 6.067e+02 6.113e+02 42 1 4 5.423e+02 5.497e+02 68 1 3 6.035e+02 6.145e+02 102 1 1 5.618e+02 5.722e+02 97 1 1 5.977e+02 6.203e+02 210 1 4 5.685e+02 6.075e+02 361 2 4 3.357e+02 3.363e+02 6 2 2 4.188e+02 4.212e+02 22 2 3 1.467e+02 1.473e+02 5 2 4 5.450e+02 5.470e+02 18 2 2 1.243e+02 1.277e+02 31 2 3 3.954e+02 4.026e+02 66 2 1 1.834e+02 1.946e+02 105 2 3 4.316e+02 4.504e+02 175 2 4 1.976e+02 2.224e+02 230 2 2 4.462e+02 4.778e+02 294 2 3 2.973e+02 3.327e+02 329 2 4 3.682e+02 3.878e+02 182 2 1 4.237e+02 4.583e+02 321 2 4 8.155e+01 8.645e+01 46 2 3 3.813e+02 4.167e+02 329 2 1 1.396e+02 1.544e+02 138 2 4 1.140e+02 1.380e+02 222 2 3 1.346e+02 1.594e+02 230 2 3 9.362e+01 1.164e+02 211 2 4 1.542e+02 1.818e+02 257 3 4 1.259e+02 1.261e+02 1 3 1 5.104e+01 7.496e+01 222 3 4 6.813e+01 9.987e+01 295
88 16 0 2 6.720e+02 6.720e+02 -2 0 3 5.657e+02 5.683e+02 25 0 3 5.229e+01 7.371e+01 199 0 4 6.705e+02 6.735e+02 27 0 1 5.621e+02 5.719e+02 91 0 4 3.129e+01 5.271e+01 199 0 4 5.768e+02 5.992e+02 208 0 1 6.495e+02 6.525e+02 27 0 2 5.291e+02 5.629e+02 313 0 3 6.469e+02 6.551e+02 76 0 2 6.624e+02 6.816e+02 178 0 1 6.347e+02 6.673e+02 302 0 3 6.335e+02 6.685e+02 326 2 1 3.124e+02 3.176e+02 48 2 3 3.060e+02 3.240e+02 166 2 2 2.762e+02 3.118e+02 330
89 6 2 1 2.241e+02 2.379e+02 128 2 3 2.292e+02 2.328e+02 34 2 4 2.005e+02 2.195e+02 177 2 2 2.374e+02 2.666e+02 271 3 3 5.234e+02 5.266e+02 30 3 3 5.147e+02 5.353e+02 191
91 1 1 1 3.012e+02 3.288e+02 256
92 17 0 1 6.502e+02 6.518e+02 16 0 4 2.896e+02 2.984e+02 82 0 1 5.602e+02 5.738e+02 126 0 1 6.090e+02 6.090e+02 -1 0 2 6.685e+02 6.755e+02 66 0 3 5.618e+02 5.722e+02 96 0 4 5.834e+02 5.926e+02 85 0 4 6.715e+02 6.725e+02 9 0 1 5.509e+02 5.831e+02 300 0 3 5.934e+02 6.246e+02 290 0 3 6.333e+02 6.687e+02 329 0 4 6.569e+02 6.871e+02 281 0 2 6.459e+02 6.981e+02 486 0 3 4.152e+02 4.668e+02 480 1 4 5.420e+02 5.500e+02 75 2 1 7.872e+00 3.413e+01 244 2 3 4.237e+00 3.776e+01 311
93 3 2 2 5.808e+02 5.952e+02 134 2 4 5.778e+02 5.982e+02 190 2 3 5.986e+02 6.194e+02 194
95 17 0 1 6.042e+02 6.138e+02 90 0 2 6.249e+02 6.351e+02 96 0 4 6.259e+02 6.341e+02 76 0 3 5.937e+02 6.243e+02 285 1 3 6.074e+02 6.106e+02 30 1 2 6.252e+02 6.348e+02 89 1 1 5.991e+02 6.189e+02 185 1 2 5.700e+02 6.060e+02 334 1 4 5.689e+02 6.071e+02 356 2 1 5.979e+01 6.621e+01 60 2 3 6.051e+01 6.549e+01 46 2 2 6.737e+01 1.006e+02 309 2 4 6.647e+01 1.015e+02 326 3 1 8.501e+00 3.350e+01 232 3 2 3.367e+01 5.033e+01 155 3 3 9.578e+00 3.242e+01 212 3 4 3.112e+01 5.288e+01 202
97 0
99 7 0 1 6.494e+02 6.526e+02 29 0 2 3.718e+02 3.842e+02 115 0 2 6.117e+02 6.483e+02 340 0 3 6.397e+02 6.623e+02 210 0 1 3.406e+02 3.734e+02 305 2 1 9.844e+00 3.216e+01 207 2 3 3.338e+00 3.866e+01 328
101 1 2 2 3.619e+02 3.941e+02 300
102 0
103 1 2 4 6.711e+02 6.729e+02 17
104 14 0 1 5.655e+02 5.685e+02 28 0 4 5.879e+02 5.881e+02 2 0 3 5.610e+02 5.730e+02 111 0 2 6.257e+02 6.343e+02 80 0 1 5.530e+02 5.810e+02 260 0 4 6.268e+02 6.332e+02 59 0 3 5.918e+02 6.262e+02 319 1 3 6.090e+02 6.090e+02 -20 1 4 6.241e+02 6.359e+02 110 2 4 4.058e+01 4.342e+01 26 2 3 5.368e+01 7.232e+01 173 2 4 6.759e+01 1.004e+02 305 2 4 3.597e+02 3.963e+02 340 2 2 2.909e+01 5.491e+01 240
