48492 15 0 4 6.720e+02 6.720e+02 -14 0 1 6.510e+02 6.510e+02 -21 0 3 6.485e+02 6.535e+02 46 0 4 6.646e+02 6.794e+02 138 2 2 4.067e+01 4.333e+01 25 3 3 4.825e+02 4.835e+02 9 3 1 2.704e+02 2.756e+02 48 3 4 3.736e+02 3.824e+02 82 3 4 5.384e+02 5.536e+02 141 3 3 4.371e+02 4.449e+02 72 3 3 3.919e+02 4.061e+02 132 3 1 3.481e+02 3.659e+02 166 3 4 4.880e+02 5.200e+02 296 3 2 3.627e+02 3.933e+02 285 3 3 4.196e+02 4.624e+02 398
48494 54 0 1 5.666e+02 5.674e+02 7 0 1 5.243e+02 5.257e+02 14 0 4 3.724e+02 3.836e+02 104 0 4 5.839e+02 5.921e+02 76 0 3 5.224e+02 5.276e+02 49 0 2 3.684e+02 3.876e+02 178 0 1 6.080e+02 6.100e+02 19 0 3 6.446e+02 6.574e+02 118 0 2 4.876e+02 5.204e+02 304 0 3 5.616e+02 5.724e+02 100 0 3 6.070e+02 6.110e+02 38 0 2 6.620e+02 6.820e+02 186 0 1 5.553e+02 5.787e+02 217 0 2 6.252e+02 6.348e+02 90 0 1 6.376e+02 6.644e+02 248 0 3 5.518e+02 5.822e+02 283 0 4 6.212e+02 6.388e+02 163 0 4 6.552e+02 6.888e+02 311 0 1 5.093e+02 5.407e+02 292 0 4 5.774e+02 5.986e+02 197 0 4 6.127e+02 6.473e+02 320 0 1 5.912e+02 6.268e+02 331 0 2 6.103e+02 6.497e+02 366 1 2 4.191e+02 4.209e+02 16 1 4 5.863e+02 5.897e+02 31 1 1 2.702e+02 2.758e+02 52 1 2 6.279e+02 6.321e+02 39 1 2 5.417e+02 5.503e+02 80 1 1 6.050e+02 6.130e+02 75 1 3 5.546e+02 5.794e+02 230 1 2 6.164e+02 6.436e+02 253 1 1 5.068e+02 5.432e+02 338 1 2 5.279e+02 5.641e+02 336 1 4 6.135e+02 6.465e+02 307 2 3 3.117e+02 3.183e+02 61 2 2 6.693e+02 6.747e+02 50 2 4 3.748e+02 3.812e+02 60 2 4 4.178e+02 4.222e+02 41 2 2 3.699e+01 4.701e+01 93 2 4 6.703e+02 6.737e+02 32 2 3 1.437e+02 1.503e+02 61 2 2 4.086e+02 4.314e+02 211 2 3 3.438e+02 3.702e+02 245 2 1 4.687e+02 4.973e+02 266 2 4 1.140e+02 1.380e+02 223 2 3 4.312e+02 4.508e+02 181 2 4 2.770e+02 3.110e+02 316 2 2 4.446e+02 4.794e+02 324 2 2 3.261e+02 3.459e+02 183 2 3 3.846e+02 4.134e+02 268 2 3 8.752e+01 1.225e+02 325 2 1 4.210e+02 4.610e+02 371 2 3 3.372e+02 3.768e+02 368 2 2 1.070e+02 1.450e+02 352
48499 4 0 1 5.645e+02 5.695e+02 47 0 4 5.843e+02 5.917e+02 68 0 2 6.579e+02 6.861e+02 261 0 4 6.041e+02 6.559e+02 480
48501 7 0 3 5.995e+02 6.185e+02 176 0 1 5.941e+02 6.239e+02 277 2 2 1.675e+02 1.685e+02 10 2 3 5.857e+01 6.743e+01 82 2 4 1.593e+02 1.767e+02 162 2 3 1.301e+02 1.639e+02 313 2 1 1.707e+02 2.073e+02 340
48504 1 1 2 6.191e+02 6.409e+02 203
48508 1 2 2 2.088e+02 2.112e+02 22
48509 6 2 4 6.283e+02 6.317e+02 31 2 1 3.476e+02 3.664e+02 175 2 3 6.341e+02 6.679e+02 314 3 4 2.872e+02 3.008e+02 126 3 2 6.530e+02 6.910e+02 352 3 4 6.527e+02 6.913e+02 359
48510 23 0 2 4.040e+01 4.360e+01 30 0 2 5.040e+02 5.040e+02 -8 0 4 1.669e+02 1.691e+02 20 0 3 5.665e+02 5.675e+02 9 0 4 3.802e+01 4.598e+01 74 0 3 4.784e+02 4.876e+02 85 0 2 2.058e+02 2.142e+02 77 0 3 5.242e+02 5.258e+02 15 0 3 4.807e+01 7.793e+01 277 0 4 4.999e+02 5.081e+02 76 0 3 1.747e+02 2.033e+02 266 0 1 5.208e+02 5.292e+02 78 0 2 4.522e+02 4.718e+02 182 0 2 5.336e+02 5.584e+02 230 0 1 4.725e+02 4.935e+02 196 0 1 5.585e+02 5.755e+02 157 0 4 4.473e+02 4.767e+02 273 0 1 5.081e+02 5.419e+02 315 0 4 4.774e+02 5.306e+02 495 2 3 2.310e+02 2.310e+02 -24 2 1 2.254e+02 2.366e+02 104 2 2 1.953e+02 2.247e+02 273 2 4 1.930e+02 2.270e+02 316
48511 10 0 2 6.223e+02 6.377e+02 142 0 4 6.191e+02 6.409e+02 203 0 3 6.279e+02 6.741e+02 429 0 2 6.489e+02 6.951e+02 429 0 1 6.257e+02 6.763e+02 470 1 2 6.122e+02 6.478e+02 330 2 4 7.563e+01 9.237e+01 156 2 3 9.784e+01 1.122e+02 133 2 4 2.564e+01 5.836e+01 304 2 3 7.908e+01 1.309e+02 481
48512 0
48513 7 0 4 5.831e+02 5.929e+02 90 0 4 6.631e+02 6.809e+02 165 0 1 6.416e+02 6.604e+02 175 0 3 6.392e+02 6.628e+02 220 0 2 6.520e+02 6.920e+02 372 0 4 6.524e+02 6.916e+02 364 3 3 1.047e+01 3.153e+01 196
48514 40 0 1 4.796e+02 4.864e+02 64 0 3 6.035e+02 6.145e+02 101 0 3 4.829e+02 4.831e+02 1 0 1 6.004e+02 6.176e+02 159 0 4 5.708e+02 6.052e+02 319 0 4 4.872e+02 5.208e+02 312 0 2 4.441e+02 4.799e+02 332 1 3 1.460e+02 1.480e+02 19 1 3 1.815e+02 1.965e+02 139 1 4 5.747e+02 6.013e+02 246 1 4 1.551e+02 1.809e+02 240 2 3 5.657e+02 5.683e+02 24 2 3 3.866e+02 4.114e+02 230 2 3 3.145e+02 3.155e+02 9 2 4 5.417e+02 5.503e+02 80 2 3 3.542e+02 3.598e+02 52 2 2 5.801e+02 5.959e+02 146 2 1 1.433e+01 2.767e+01 124 2 1 3.815e+02 4.165e+02 326 2 3 1.886e+02 1.894e+02 7 2 4 2.857e+02 3.023e+02 154 2 4 3.747e+02 3.813e+02 62 2 3 1.887e+01 2.313e+01 40 2 4 1.242e+02 1.278e+02 34 2 3 1.463e+02 1.477e+02 14 2 1 2.977e+02 3.323e+02 320 2 4 3.328e+02 3.392e+02 59 2 2 3.937e+01 4.463e+01 49 2 3 1.009e+02 1.091e+02 76 2 2 1.663e+02 1.697e+02 32 2 2 1.899e+02 2.301e+02 374 2 2 3.677e+02 3.883e+02 190 2 3 5.387e+01 7.213e+01 170 2 2 7.406e+01 9.394e+01 185 2 1 1.831e+02 1.949e+02 110 2 2 3.248e+02 3.472e+02 207 2 3 8.410e+00 3.359e+01 234 2 4 1.503e+02 1.857e+02 330 2 4 3.044e+01 5.356e+01 215 2 1 4.431e+01 8.169e+01 347
48515 0
48517 1 1 2 6.118e+02 6.482e+02 337
48519 25 0 4 5.029e+02 5.051e+02 20 0 3 6.468e+02 6.552e+02 79 0 1 4.797e+02 4.863e+02 62 0 2 6.662e+02 6.778e+02 108 0 3 4.677e+02 4.983e+02 285 0 4 6.638e+02 6.802e+02 152 0 2 4.920e+02 5.160e+02 222 0 1 6.457e+02 6.563e+02 99 0 4 6.547e+02 6.893e+02 320 2 3 3.988e+02 3.992e+02 3 2 4 1.667e+02 1.693e+02 25 2 4 2.884e+02 2.996e+02 104 2 2 4.083e+02 4.317e+02 217 2 2 1.239e+02 1.281e+02 40 2 1 3.838e+02 4.142e+02 281 2 1 1.421e+02 1.519e+02 91 2 1 3.143e+02 3.157e+02 13 2 4 3.684e+02 3.876e+02 179 2 4 1.197e+02 1.323e+02 116 2 3 1.425e+02 1.515e+02 84 2 3 2.649e+02 2.811e+02 150 2 2 1.163e+02 1.357e+02 180 2 2 2.815e+02 3.065e+02 231 2 4 1.100e+02 1.420e+02 296 2 3 2.981e+02 3.319e+02 314
48520 16 2 3 1.037e+02 1.063e+02 25 2 2 2.932e+02 2.948e+02 15 2 4 3.756e+02 3.804e+02 46 2 3 6.459e+02 6.561e+02 96 2 4 1.246e+02 1.274e+02 26 2 4 6.148e+02 6.452e+02 282 2 4 1.626e+02 1.734e+02 100 2 2 6.647e+02 6.793e+02 135 2 1 3.087e+02 3.213e+02 117 2 1 6.398e+02 6.622e+02 209 2 4 3.789e+01 4.611e+01 76 2 3 2.645e+02 2.815e+02 158 2 3 6.380e+02 6.640e+02 240 2 4 1.063e+02 1.457e+02 366 2 1 6.313e+02 6.707e+02 366 3 3 3.769e-01 4.162e+01 383
48521 28 0 3 9.519e+01 1.148e+02 182 0 2 3.615e+02 3.945e+02 307 0 1 4.757e+02 4.903e+02 136 0 2 1.095e+02 1.425e+02 307 0 4 6.627e+02 6.813e+02 172 0 1 3.895e+02 4.085e+02 177 0 3 4.750e+02 4.910e+02 149 0 1 6.434e+02 6.586e+02 140 0 1 3.800e+02 4.180e+02 353 0 3 6.433e+02 6.587e+02 144 0 4 4.819e+02 5.261e+02 411 0 2 6.608e+02 6.832e+02 208 0 2 4.361e+02 4.879e+02 481 0 1 6.302e+02 6.718e+02 386 0 3 6.283e+02 6.737e+02 422 0 4 6.484e+02 6.956e+02 439 0 2 6.470e+02 6.970e+02 465 1 2 6.194e+02 6.406e+02 196 2 3 9.147e+01 1.185e+02 251 2 1 1.370e+02 1.570e+02 186 2 3 7.020e+00 3.498e+01 260 2 3 1.361e+02 1.579e+02 203 2 4 1.068e+02 1.452e+02 356 2 2 1.419e+02 1.941e+02 486 2 4 5.961e+01 1.084e+02 453 3 4 8.119e+01 8.681e+01 52 3 4 1.192e+02 1.328e+02 126 3 4 1.108e+02 1.412e+02 283
48522 0
48524 14 0 3 6.060e+02 6.120e+02 56 0 2 6.700e+02 6.740e+02 36 0 1 5.968e+02 6.212e+02 226 0 4 6.676e+02 6.764e+02 82 0 4 4.102e+02 4.298e+02 181 0 4 5.724e+02 6.036e+02 289 0 2 6.567e+02 6.873e+02 284 0 3 4.302e+02 4.518e+02 201 0 1 3.830e+02 4.150e+02 298 1 1 5.586e+02 5.754e+02 156 2 4 1.212e+02 1.308e+02 90 2 1 1.407e+02 1.533e+02 117 2 2 1.152e+02 1.368e+02 201 2 3 1.397e+02 1.543e+02 136
48525 21 0 2 6.286e+02 6.314e+02 26 0 4 3.777e+02 3.783e+02 6 0 3 5.183e+02 5.317e+02 125 0 4 6.294e+02 6.306e+02 11 0 2 4.944e+02 5.136e+02 179 0 1 5.117e+02 5.383e+02 246 0 1 5.928e+02 6.252e+02 300 0 4 4.877e+02 5.203e+02 303 0 3 5.895e+02 6.285e+02 363 2 1 2.710e+02 2.750e+02 36 2 4 4.121e+01 4.279e+01 15 2 2 8.400e+01 8.400e+01 -10 2 4 5.812e+02 5.948e+02 126 2 4 2.482e+02 2.558e+02 70 2 2 3.605e+01 4.795e+01 110 2 2 2.353e+02 2.687e+02 310 2 3 2.641e+02 2.819e+02 165 2 3 5.261e+01 7.339e+01 193 2 1 1.011e+01 3.189e+01 202 2 3 7.286e+00 3.471e+01 255 2 1 4.565e+01 8.035e+01 322
48526 2 1 4 5.029e+02 5.051e+02 21 1 4 4.932e+02 5.148e+02 200
48527 0
48529 2 0 1 5.167e+02 5.333e+02 154 0 2 5.369e+02 5.551e+02 169
48530 33 0 1 6.483e+02 6.537e+02 50 0 1 5.629e+02 5.711e+02 76 0 2 6.284e+02 6.316e+02 30 0 3 6.469e+02 6.551e+02 76 0 4 6.207e+02 6.393e+02 172 0 4 6.638e+02 6.802e+02 152 0 4 4.907e+02 5.173e+02 246 0 3 5.531e+02 5.809e+02 259 0 2 6.179e+02 6.421e+02 226 0 3 6.405e+02 6.615e+02 195 0 3 5.088e+02 5.412e+02 300 0 2 6.630e+02 6.810e+02 166 0 1 6.314e+02 6.706e+02 364 1 2 6.283e+02 6.317e+02 31 1 4 3.685e+02 3.875e+02 177 1 4 6.212e+02 6.388e+02 164 1 2 4.868e+02 5.212e+02 319 1 1 5.965e+02 6.215e+02 231 2 2 3.865e+01 4.535e+01 62 2 2 2.928e+02 2.952e+02 23 2 3 1.074e+01 3.126e+01 190 2 2 8.160e+01 8.640e+01 45 2 4 1.584e+02 1.776e+02 178 2 4 2.919e+02 2.961e+02 40 2 4 2.923e+01 5.477e+01 237 2 4 7.877e+01 8.923e+01 97 2 1 1.812e+02 1.968e+02 145 2 1 3.131e+02 3.169e+02 36 2 3 1.796e+02 1.984e+02 174 2 3 3.033e+02 3.267e+02 217 2 2 1.550e+02 1.810e+02 241 2 3 2.542e+02 2.918e+02 350 3 3 2.724e+02 2.736e+02 11
48532 8 0 2 6.474e+02 6.966e+02 457 1 3 6.058e+02 6.122e+02 59 1 2 6.127e+02 6.473e+02 322 2 2 3.348e+02 3.372e+02 22 2 4 3.260e+02 3.460e+02 186 2 3 3.002e+02 3.298e+02 275 2 1 3.438e+02 3.702e+02 246 2 1 -3.392e+00 4.539e+01 453
48534 5 1 2 6.288e+02 6.312e+02 23 1 4 4.140e+02 4.260e+02 111 1 3 5.978e+02 6.202e+02 208 1 4 3.590e+02 3.970e+02 353 2 3 2.982e+02 3.318e+02 312
48535 2 0 1 9.515e+01 1.149e+02 183 2 4 3.669e+02 3.891e+02 206
48539 24 0 4 6.699e+02 6.741e+02 40 0 2 6.671e+02 6.769e+02 91 0 1 6.402e+02 6.618e+02 201 0 3 6.353e+02 6.667e+02 292 0 1 6.351e+02 6.669e+02 296 1 4 6.300e+02 6.300e+02 -19 1 3 6.028e+02 6.152e+02 115 1 2 6.266e+02 6.334e+02 64 1 4 5.706e+02 6.054e+02 323 1 1 6.000e+02 6.180e+02 167 2 1 6.176e+01 6.424e+01 23 2 3 9.945e+01 1.105e+02 103 2 1 1.452e+02 1.488e+02 34 2 4 2.412e+02 2.628e+02 200 2 3 1.873e+01 2.327e+01 42 2 2 3.946e+01 4.454e+01 47 2 2 1.151e+02 1.369e+02 203 2 3 1.769e+02 2.011e+02 225 2 4 3.915e+01 4.485e+01 53 2 4 1.090e+02 1.430e+02 316 2 1 1.302e+02 1.638e+02 311 2 1 1.626e+01 2.574e+01 88 2 1 8.228e+00 3.377e+01 237 2 3 5.041e+00 3.696e+01 296
48540 17 0 3 6.088e+02 6.092e+02 3 0 1 6.502e+02 6.518e+02 15 0 1 6.090e+02 6.090e+02 -4 0 3 6.469e+02 6.551e+02 76 0 1 5.991e+02 6.189e+02 183 0 4 6.573e+02 6.867e+02 274 0 4 5.704e+02 6.056e+02 326 0 2 6.540e+02 6.900e+02 335 1 1 5.663e+02 5.677e+02 12 1 2 5.824e+02 5.936e+02 104 1 4 5.763e+02 5.997e+02 218 1 3 5.925e+02 6.255e+02 306 2 4 2.915e+02 2.965e+02 46 2 1 1.146e+01 3.054e+01 177 2 2 2.818e+02 3.062e+02 227 2 3 3.699e+00 3.830e+01 321 2 3 3.021e+02 3.279e+02 239
48541 4 0 4 2.904e+02 2.976e+02 67 0 3 2.596e+02 2.864e+02 248 1 2 5.026e+02 5.054e+02 26 1 1 6.066e+02 6.114e+02 44
48545 14 0 4 6.253e+02 6.347e+02 87 0 4 2.156e+01 6.244e+01 380 0 3 5.140e+02 5.360e+02 205 0 3 6.510e+02 6.510e+02 -21 0 1 4.240e-01 4.158e+01 382 0 2 6.692e+02 6.748e+02 51 1 4 5.824e+02 5.936e+02 104 2 4 1.668e+02 1.692e+02 22 2 3 2.100e+01 2.100e+01 -8 2 2 8.173e+01 8.627e+01 42 2 1 1.835e+02 1.945e+02 103 2 3 1.801e+02 1.979e+02 166 2 3 1.361e+02 1.579e+02 202 2 2 1.517e+02 1.843e+02 303
48546 5 1 4 3.232e+02 3.488e+02 238 2 2 1.581e+02 1.779e+02 184 2 4 1.555e+02 1.805e+02 231 2 1 1.655e+02 2.125e+02 436 2 3 1.203e+02 1.737e+02 496
48547 23 0 3 5.623e+02 5.717e+02 87 0 4 1.617e+02 1.743e+02 116 0 3 6.457e+02 6.563e+02 98 0 2 1.248e+02 1.272e+02 22 0 1 5.198e+02 5.302e+02 97 0 1 9.393e+01 1.161e+02 206 0 2 6.606e+02 6.834e+02 212 0 4 6.615e+02 6.825e+02 195 0 2 6.473e+02 6.967e+02 459 0 4 6.491e+02 6.949e+02 426 1 2 6.246e+02 6.354e+02 100 2 4 8.361e+01 8.439e+01 7 2 3 6.314e+02 6.706e+02 364 2 3 2.100e+01 2.100e+01 -18 2 4 2.940e+02 2.940e+02 -20 2 1 6.300e+01 6.300e+01 -8 2 1 1.640e+01 2.560e+01 86 2 3 1.276e+01 2.924e+01 153 2 4 2.299e+01 6.101e+01 353 2 1 2.440e+00 3.956e+01 345 2 3 -3.870e-01 4.239e+01 397 2 2 2.007e+01 6.393e+01 407 2 1 4.090e+01 8.510e+01 410
48548 0
48550 14 0 2 2.503e+02 2.537e+02 32 0 4 2.412e+02 2.628e+02 200 0 1 2.597e+02 2.863e+02 246 0 3 2.591e+02 2.869e+02 259 0 1 6.317e+02 6.703e+02 359 1 1 5.659e+02 5.681e+02 21 1 2 8.299e+01 8.501e+01 19 1 4 5.880e+02 5.880e+02 -2 1 3 4.338e+02 4.482e+02 133 1 2 5.805e+02 5.955e+02 140 1 4 4.445e+02 4.795e+02 325 1 3 5.946e+02 6.234e+02 268 2 1 2.674e+02 2.786e+02 104 2 3 1.679e+00 4.032e+01 359
48551 16 0 2 4.560e+02 4.680e+02 112 0 3 4.740e+02 4.920e+02 167 0 4 4.474e+02 4.766e+02 270 0 1 4.659e+02 5.001e+02 318 1 2 6.294e+02 6.306e+02 11 1 4 6.230e+02 6.370e+02 130 1 1 5.911e+02 6.269e+02 332 2 3 6.090e+02 6.090e+02 -13 2 4 5.880e+02 5.880e+02 -7 2 1 6.090e+02 6.090e+02 -8 2 4 1.442e+02 1.918e+02 442 2 1 2.900e+02 3.400e+02 464 2 2 6.213e+02 6.387e+02 161 2 2 6.160e+02 6.440e+02 260 2 4 2.674e+02 3.206e+02 494 3 4 6.948e+01 9.852e+01 270
48552 5 0 3 6.497e+02 6.523e+02 25 2 4 3.345e+02 3.375e+02 28 2 2 3.280e+02 3.440e+02 149 2 3 2.992e+02 3.308e+02 293 3 2 5.386e+02 5.534e+02 137
48553 1 1 2 1.249e+02 1.271e+02 21
