34933 3 0 3 5.196e+02 5.304e+02 100 0 2 4.912e+02 5.168e+02 238 0 3 5.138e+02 5.362e+02 207
34934 30 0 1 6.431e+02 6.589e+02 147 0 2 6.217e+02 6.383e+02 154 0 1 2.548e+02 2.912e+02 339 0 3 6.425e+02 6.595e+02 157 0 4 6.196e+02 6.404e+02 193 0 2 6.662e+02 6.778e+02 108 0 4 6.656e+02 6.784e+02 120 0 3 6.342e+02 6.678e+02 312 0 2 6.549e+02 6.891e+02 318 0 1 6.296e+02 6.724e+02 397 1 3 5.661e+02 5.679e+02 17 1 4 3.321e+02 3.399e+02 72 1 2 8.061e+01 8.739e+01 63 1 4 4.178e+02 4.222e+02 41 1 4 5.840e+02 5.920e+02 74 1 4 3.672e+02 3.888e+02 200 1 3 5.539e+02 5.801e+02 244 1 4 4.054e+02 4.346e+02 270 2 1 1.559e+01 2.641e+01 100 2 1 1.442e+02 1.498e+02 51 2 3 1.299e+01 2.901e+01 149 2 4 1.141e+02 1.379e+02 220 2 3 1.456e+02 1.484e+02 26 2 2 1.887e+01 6.513e+01 430 2 4 7.226e+01 9.574e+01 218 2 2 1.502e+02 1.858e+02 331 2 4 2.245e+01 6.155e+01 363 2 3 8.914e+01 1.209e+02 295 2 3 7.877e+01 1.312e+02 487 2 2 1.017e+02 1.503e+02 450
34937 4 0 4 4.452e+02 4.788e+02 311 0 1 4.216e+02 4.604e+02 360 1 4 5.689e+02 6.071e+02 356 2 1 3.069e+00 3.893e+01 333
34938 13 0 1 3.976e+02 4.004e+02 26 0 2 6.707e+02 6.733e+02 24 0 3 3.986e+02 3.994e+02 8 0 2 3.589e+02 3.971e+02 356 0 4 6.699e+02 6.741e+02 40 0 3 6.321e+02 6.699e+02 350 0 4 4.014e+02 4.386e+02 345 1 4 5.875e+02 5.885e+02 9 2 3 1.752e+01 2.448e+01 65 2 2 3.951e+01 4.449e+01 46 2 4 3.793e+01 4.607e+01 76 2 1 6.270e+01 6.330e+01 6 2 1 6.882e+00 3.512e+01 262
34939 2 0 1 2.117e+02 2.503e+02 359 0 3 2.499e+02 2.961e+02 430
34940 5 0 1 5.561e+02 5.779e+02 202 0 2 6.718e+02 6.722e+02 3 0 1 6.420e+02 6.600e+02 167 0 2 6.568e+02 6.872e+02 283 0 3 6.350e+02 6.670e+02 296
34941 1 0 2 3.282e+01 5.118e+01 170
34942 0
34943 10 0 1 5.239e+02 5.261e+02 20 0 1 6.440e+02 6.580e+02 130 0 3 6.437e+02 6.583e+02 136 0 2 5.319e+02 5.601e+02 261 0 4 6.623e+02 6.817e+02 180 0 2 6.538e+02 6.902e+02 339 1 1 4.738e+02 4.922e+02 171 2 2 8.151e+01 8.649e+01 46 2 4 7.913e+01 8.887e+01 90 2 3 4.395e+01 8.205e+01 354
34944 2 2 3 2.701e+02 2.759e+02 55 2 4 3.202e+02 3.518e+02 293
34947 0
34951 0
34952 3 0 2 1.633e+02 1.727e+02 88 1 3 1.155e+01 3.045e+01 176 1 4 2.793e+01 5.607e+01 261
34954 3 0 2 2.933e+02 2.947e+02 13 0 4 3.178e+02 3.542e+02 337 0 3 6.452e+02 6.568e+02 108
34958 5 0 4 4.174e+02 4.226e+02 48 2 3 4.391e+02 4.429e+02 36 2 2 4.537e+02 4.703e+02 155 2 1 4.684e+02 4.976e+02 270 2 4 4.058e+02 4.342e+02 265
34959 3 2 4 1.154e+02 1.366e+02 197 2 3 1.310e+02 1.630e+02 296 2 4 7.065e+01 9.735e+01 248
34960 2 0 2 6.586e+02 6.854e+02 249 3 3 -2.053e-01 4.221e+01 394
34961 8 0 2 6.612e+02 6.828e+02 200 0 4 4.931e+02 5.149e+02 202 2 4 2.100e+02 2.100e+02 -4 2 1 3.122e+02 3.178e+02 52 2 4 2.513e+02 2.527e+02 13 2 1 2.275e+02 2.345e+02 66 2 2 1.993e+02 2.207e+02 199 2 3 2.172e+02 2.448e+02 256
34962 31 0 2 6.291e+02 6.309e+02 17 0 1 5.241e+02 5.259e+02 16 0 4 5.866e+02 5.894e+02 26 0 1 2.988e+02 3.312e+02 300 0 4 6.714e+02 6.726e+02 10 0 3 5.231e+02 5.269e+02 35 0 2 6.649e+02 6.791e+02 132 0 2 5.286e+02 5.634e+02 324 0 4 5.722e+02 6.038e+02 294 0 3 6.351e+02 6.669e+02 296 0 4 6.108e+02 6.492e+02 357 1 2 5.874e+02 5.886e+02 10 1 2 5.037e+02 5.043e+02 6 1 1 5.634e+02 5.706e+02 66 1 1 6.001e+02 6.179e+02 166 1 4 6.141e+02 6.459e+02 295 2 2 4.193e+02 4.207e+02 12 2 1 1.453e+02 1.487e+02 31 2 1 6.480e+02 6.540e+02 56 2 1 1.871e+02 1.909e+02 36 2 1 3.466e+02 3.674e+02 194 2 1 5.588e+02 5.752e+02 151 2 2 1.124e+02 1.396e+02 252 2 3 1.878e+02 1.902e+02 22 2 4 1.574e+02 1.786e+02 197 2 4 1.523e+01 6.877e+01 497 2 3 1.343e+02 1.597e+02 236 2 1 3.820e+01 8.780e+01 460 2 1 1.699e+02 2.081e+02 354 3 2 3.502e+01 4.898e+01 130 3 1 2.169e+02 2.451e+02 261
34965 6 3 3 6.039e+02 6.141e+02 96 3 2 4.526e+02 4.714e+02 175 3 4 4.580e+02 4.660e+02 75 3 1 4.759e+02 4.901e+02 132 3 3 5.959e+02 6.221e+02 244 3 3 4.697e+02 4.963e+02 246
34966 4 2 2 1.235e+02 1.285e+02 46 2 3 1.004e+02 1.096e+02 86 2 3 9.043e+01 1.196e+02 270 2 4 6.378e+01 1.042e+02 376
34968 15 0 2 6.290e+02 6.310e+02 18 0 1 3.568e+02 3.572e+02 3 0 4 6.265e+02 6.335e+02 65 0 4 6.720e+02 6.720e+02 -14 0 1 6.048e+02 6.132e+02 79 0 3 6.075e+02 6.105e+02 27 0 3 6.510e+02 6.510e+02 -16 0 4 5.722e+02 6.038e+02 294 0 3 6.426e+02 6.594e+02 156 1 1 5.642e+02 5.698e+02 52 1 4 6.268e+02 6.332e+02 59 1 2 5.714e+02 6.046e+02 309 1 2 6.179e+02 6.421e+02 226 1 4 6.180e+02 6.420e+02 222 1 1 5.910e+02 6.270e+02 334
34969 0
34970 11 0 1 5.944e+02 6.236e+02 271 0 3 6.349e+02 6.671e+02 300 0 3 5.939e+02 6.241e+02 280 0 4 6.120e+02 6.480e+02 335 2 4 1.551e+02 1.809e+02 239 2 4 1.934e+02 2.266e+02 308 2 1 2.962e+02 3.338e+02 350 2 3 5.270e+01 7.330e+01 191 2 2 2.963e+01 5.437e+01 230 2 4 2.999e+01 5.401e+01 223 2 3 7.286e+00 3.471e+01 255
34972 11 0 1 4.403e+02 4.417e+02 14 0 2 4.619e+02 4.621e+02 1 0 3 6.486e+02 6.534e+02 45 0 4 4.499e+02 4.741e+02 225 0 4 6.630e+02 6.810e+02 168 0 3 4.713e+02 4.947e+02 218 2 3 1.468e+02 1.472e+02 4 2 4 1.220e+02 1.300e+02 75 2 3 8.756e+01 1.224e+02 324 3 3 3.566e+02 3.574e+02 7 3 4 3.599e+02 3.961e+02 336
34973 4 0 4 2.918e+02 2.962e+02 40 0 1 2.693e+02 2.767e+02 68 0 2 2.847e+02 3.033e+02 172 0 3 2.596e+02 2.864e+02 248
34976 14 0 2 6.300e+02 6.300e+02 -0 0 2 3.758e+02 3.802e+02 40 0 3 4.376e+02 4.444e+02 64 0 1 6.048e+02 6.132e+02 78 0 3 6.483e+02 6.537e+02 50 0 1 3.924e+02 4.056e+02 123 0 4 6.184e+02 6.416e+02 216 0 2 6.646e+02 6.794e+02 137 0 3 3.967e+02 4.013e+02 43 0 4 6.673e+02 6.767e+02 88 0 4 4.103e+02 4.297e+02 180 0 1 4.329e+02 4.491e+02 150 2 4 2.075e+02 2.125e+02 47 2 2 2.964e+01 5.436e+01 230
34977 2 2 3 8.366e+00 3.363e+01 235 2 3 5.162e+01 7.438e+01 211
34978 3 3 2 5.392e+02 5.528e+02 126 3 3 5.587e+02 5.753e+02 155 3 1 5.516e+02 5.824e+02 286
