53419 0
53420 16 0 2 5.456e+02 5.464e+02 8 0 3 6.036e+02 6.144e+02 100 0 1 5.124e+02 5.376e+02 234 0 1 5.980e+02 6.200e+02 204 0 2 6.609e+02 6.831e+02 206 0 3 5.493e+02 5.847e+02 329 0 4 5.703e+02 6.057e+02 329 0 4 6.612e+02 6.828e+02 200 1 4 5.814e+02 5.946e+02 122 1 4 5.279e+02 5.641e+02 336 2 3 1.431e+02 1.509e+02 72 2 4 1.234e+02 1.286e+02 48 2 2 1.544e+02 1.816e+02 252 2 4 2.811e+02 3.069e+02 240 2 4 3.205e+02 3.515e+02 288 2 1 1.297e+02 1.643e+02 321
53421 15 0 1 5.601e+02 5.739e+02 129 0 4 2.403e+02 2.637e+02 217 0 4 5.826e+02 5.934e+02 100 0 2 6.700e+02 6.740e+02 38 0 4 6.702e+02 6.738e+02 34 0 3 5.546e+02 5.794e+02 230 0 1 6.319e+02 6.701e+02 355 0 3 6.311e+02 6.709e+02 370 1 3 6.070e+02 6.110e+02 38 1 2 6.249e+02 6.351e+02 96 1 4 6.267e+02 6.333e+02 61 1 1 5.978e+02 6.202e+02 209 2 4 2.484e+02 2.556e+02 66 2 3 3.505e+02 3.635e+02 120 2 1 9.622e+00 3.238e+01 211
53422 16 2 3 6.068e+02 6.112e+02 40 2 2 3.336e+02 3.384e+02 46 2 1 4.364e+02 4.456e+02 86 2 4 1.620e+02 1.740e+02 112 2 4 4.513e+02 4.727e+02 199 2 2 2.086e+02 2.114e+02 26 2 4 5.763e+02 5.997e+02 217 2 4 3.277e+02 3.443e+02 155 2 3 4.321e+02 4.499e+02 166 2 1 1.800e+02 1.980e+02 167 2 2 4.464e+02 4.776e+02 289 2 3 3.417e+02 3.723e+02 285 3 3 3.975e+02 4.005e+02 28 3 1 3.882e+02 4.098e+02 200 3 2 3.680e+02 3.880e+02 186 3 4 3.666e+02 3.894e+02 212
53423 8 0 3 4.339e+02 4.481e+02 132 0 1 3.855e+02 4.125e+02 251 1 3 5.663e+02 5.677e+02 12 1 4 5.441e+02 5.479e+02 36 1 2 6.280e+02 6.320e+02 38 1 3 5.479e+02 5.861e+02 355 2 3 8.050e+00 3.395e+01 240 2 1 8.094e+00 3.391e+01 240
53424 7 3 2 4.171e+02 4.229e+02 55 3 3 5.230e+02 5.270e+02 36 3 2 5.880e+02 5.880e+02 -17 3 3 4.363e+02 4.457e+02 87 3 2 5.797e+02 5.963e+02 154 3 4 4.131e+02 4.269e+02 128 3 1 4.236e+02 4.584e+02 324
53425 8 0 1 3.976e+02 4.004e+02 26 0 3 4.695e+02 4.965e+02 250 0 2 3.597e+02 3.963e+02 340 0 4 4.885e+02 5.195e+02 288 1 3 1.888e+02 1.892e+02 4 1 4 2.090e+02 2.110e+02 19 1 4 1.660e+02 1.700e+02 38 1 1 1.297e+02 1.643e+02 321
53426 0
53427 0
53428 2 1 1 5.963e+02 6.217e+02 236 2 4 7.760e+01 9.040e+01 119
53429 12 0 2 6.660e+02 6.780e+02 111 0 2 4.986e+02 5.094e+02 100 0 4 6.643e+02 6.797e+02 144 0 4 4.963e+02 5.117e+02 142 0 1 5.080e+02 5.420e+02 316 1 2 2.304e+02 2.736e+02 400 2 1 2.295e+02 2.325e+02 28 2 4 4.562e+02 4.678e+02 108 2 4 2.470e+02 2.570e+02 93 2 4 4.899e+02 5.181e+02 262 2 2 2.402e+02 2.638e+02 220 2 3 2.127e+02 2.493e+02 340
53430 27 0 2 6.233e+02 6.367e+02 125 0 4 3.667e+02 3.893e+02 210 0 4 6.665e+02 6.775e+02 101 0 4 6.210e+02 6.390e+02 166 0 3 6.393e+02 6.627e+02 218 0 1 3.382e+02 3.758e+02 350 0 4 4.032e+02 4.368e+02 311 0 2 6.630e+02 6.810e+02 167 0 1 6.367e+02 6.653e+02 266 0 2 6.522e+02 6.918e+02 367 1 4 5.855e+02 5.905e+02 46 2 3 3.149e+02 3.151e+02 2 2 2 4.126e+01 4.274e+01 14 2 3 1.044e+02 1.056e+02 11 2 3 2.256e+02 2.364e+02 100 2 3 2.690e+02 2.770e+02 74 2 4 3.776e+01 4.624e+01 79 2 2 2.001e+02 2.199e+02 185 2 3 2.997e+02 3.303e+02 285 2 1 1.133e+01 3.067e+01 180 2 2 1.164e+02 1.356e+02 179 2 4 1.979e+02 2.221e+02 226 2 3 2.584e+02 2.876e+02 271 2 3 4.879e+01 7.721e+01 264 2 4 6.993e+01 9.807e+01 261 2 4 1.905e+02 2.295e+02 363 2 3 3.251e+00 3.875e+01 330
53431 45 0 3 6.083e+02 6.097e+02 12 0 2 3.309e+02 3.411e+02 96 0 3 6.504e+02 6.516e+02 10 0 1 4.362e+02 4.458e+02 89 0 1 2.953e+02 3.347e+02 366 0 4 4.526e+02 4.714e+02 176 0 1 3.383e+02 3.757e+02 347 0 3 5.179e+02 5.321e+02 132 0 4 5.861e+02 5.899e+02 36 0 2 6.692e+02 6.748e+02 51 0 3 4.328e+02 4.492e+02 152 0 2 4.951e+02 5.129e+02 166 0 1 5.556e+02 5.784e+02 212 0 1 6.029e+02 6.151e+02 114 0 4 6.710e+02 6.730e+02 18 0 4 4.902e+02 5.178e+02 257 0 1 5.134e+02 5.366e+02 216 0 2 6.177e+02 6.423e+02 229 0 2 6.540e+02 6.900e+02 334 0 2 4.491e+02 4.749e+02 239 0 3 5.510e+02 5.830e+02 296 0 4 5.753e+02 6.007e+02 236 0 4 6.504e+02 6.936e+02 400 0 1 5.915e+02 6.265e+02 325 0 4 6.144e+02 6.456e+02 289 0 4 5.694e+02 6.066e+02 345 1 4 5.450e+02 5.470e+02 19 1 2 3.360e+02 3.360e+02 -8 1 3 6.080e+02 6.100e+02 19 1 4 5.040e+02 5.040e+02 -6 1 1 5.649e+02 5.691e+02 40 1 2 6.300e+02 6.300e+02 -4 1 3 5.216e+02 5.284e+02 63 1 3 5.630e+02 5.710e+02 75 1 4 6.300e+02 6.300e+02 -10 1 2 5.002e+02 5.078e+02 70 1 4 5.880e+02 5.880e+02 -9 1 1 6.022e+02 6.158e+02 127 1 2 4.876e+02 5.204e+02 304 1 2 5.455e+02 5.465e+02 9 1 4 5.367e+02 5.553e+02 173 1 2 5.783e+02 5.977e+02 180 1 2 5.360e+02 5.560e+02 186 1 3 5.503e+02 5.837e+02 310 2 1 2.730e+02 2.730e+02 -0
53432 53 0 3 2.718e+02 2.742e+02 22 0 2 2.932e+02 2.948e+02 15 0 4 2.902e+02 2.978e+02 70 0 3 5.668e+02 5.672e+02 3 0 4 6.300e+02 6.300e+02 -4 0 1 2.595e+02 2.865e+02 250 0 4 6.720e+02 6.720e+02 -17 0 3 2.582e+02 2.878e+02 275 0 4 5.026e+02 5.054e+02 26 0 1 5.250e+02 5.250e+02 0 0 1 6.082e+02 6.098e+02 15 0 1 6.501e+02 6.519e+02 16 0 2 4.620e+02 4.620e+02 -23 0 1 5.604e+02 5.736e+02 123 0 3 6.077e+02 6.103e+02 25 0 3 6.479e+02 6.541e+02 58 0 1 5.195e+02 5.305e+02 103 0 4 5.755e+02 6.005e+02 232 0 3 4.775e+02 4.885e+02 103 0 3 5.198e+02 5.302e+02 96 0 2 6.158e+02 6.442e+02 264 0 1 4.709e+02 4.951e+02 224 0 2 5.305e+02 5.615e+02 288 0 4 6.125e+02 6.475e+02 325 0 4 4.437e+02 4.803e+02 340 1 4 5.864e+02 5.896e+02 30 1 3 6.048e+02 6.132e+02 79 1 4 5.415e+02 5.505e+02 84 1 2 6.277e+02 6.323e+02 43 1 3 5.615e+02 5.725e+02 103 1 4 6.290e+02 6.310e+02 18 1 1 5.580e+02 5.760e+02 168 1 1 6.052e+02 6.128e+02 71 1 4 5.764e+02 5.996e+02 215 1 3 5.960e+02 6.220e+02 242 1 2 5.282e+02 5.638e+02 330 1 4 5.308e+02 5.612e+02 283 2 4 1.654e+02 1.706e+02 49 2 3 2.100e+01 2.100e+01 -15 2 4 6.188e+02 6.412e+02 208 2 3 1.848e+02 1.932e+02 78 2 3 5.897e+02 6.283e+02 359 2 4 2.417e+02 2.623e+02 192 2 3 2.700e+02 2.760e+02 56 2 2 4.126e+01 4.274e+01 14 2 1 1.733e+02 2.047e+02 291 2 2 1.955e+02 2.245e+02 269 2 1 2.599e+02 2.861e+02 243 2 1 1.711e+01 2.489e+01 72 2 2 2.788e+02 3.092e+02 282 2 3 5.032e+01 7.568e+01 236 2 3 7.199e+00 3.480e+01 256 2 4 2.636e+01 5.764e+01 290
53433 18 0 3 4.822e+02 4.838e+02 15 0 2 6.720e+02 6.720e+02 -22 0 2 6.198e+02 6.402e+02 190 0 4 6.720e+02 6.720e+02 -12 0 4 6.163e+02 6.437e+02 255 0 1 6.443e+02 6.577e+02 124 0 3 6.472e+02 6.548e+02 70 0 2 6.674e+02 6.766e+02 86 0 3 6.389e+02 6.631e+02 225 2 3 1.828e+01 2.372e+01 50 2 2 2.068e+02 2.132e+02 60 2 4 7.715e+01 9.085e+01 127 2 3 1.801e+02 1.979e+02 165 2 4 1.993e+02 2.207e+02 198 2 4 2.542e+01 5.858e+01 308 2 3 9.559e+01 1.144e+02 175 2 1 1.735e+02 2.045e+02 288 2 2 2.546e+01 5.854e+01 307
53434 2 1 2 6.265e+02 6.335e+02 66 1 2 5.790e+02 5.970e+02 168
53435 0
53436 2 1 3 5.918e+02 6.262e+02 319 2 4 5.267e+02 5.653e+02 358
53437 7 0 3 5.670e+02 5.670e+02 -0 0 4 3.247e+02 3.473e+02 210 0 4 5.863e+02 5.897e+02 31 0 4 4.904e+02 5.176e+02 252 0 3 5.497e+02 5.843e+02 320 0 1 5.500e+02 5.840e+02 316 1 4 5.701e+02 6.059e+02 332
53438 31 0 1 6.485e+02 6.535e+02 46 0 3 4.407e+02 4.413e+02 6 0 4 4.613e+02 4.627e+02 13 0 4 5.825e+02 5.935e+02 103 0 3 6.450e+02 6.570e+02 110 0 4 4.137e+02 4.263e+02 116 0 1 6.065e+02 6.115e+02 46 0 2 6.665e+02 6.775e+02 101 0 4 6.182e+02 6.418e+02 219 0 4 6.651e+02 6.789e+02 128 0 1 5.978e+02 6.202e+02 208 0 2 6.562e+02 6.878e+02 293 0 3 5.948e+02 6.232e+02 264 1 2 6.243e+02 6.357e+02 106 1 4 6.206e+02 6.394e+02 174 1 2 6.188e+02 6.412e+02 207 2 1 6.503e+02 6.517e+02 14 2 4 3.758e+02 3.802e+02 41 2 4 5.875e+02 5.885e+02 9 2 4 8.096e+01 8.704e+01 56 2 2 1.678e+02 1.682e+02 4 2 3 6.065e+02 6.115e+02 46 2 4 2.915e+02 2.965e+02 46 2 4 6.118e+02 6.482e+02 339 2 4 3.520e+01 4.880e+01 126 2 4 1.629e+02 1.731e+02 95 2 2 5.693e+02 6.067e+02 346 2 3 2.992e+02 3.308e+02 294 2 1 1.853e+02 1.927e+02 69 2 3 1.369e+02 1.571e+02 188 2 4 1.531e+02 1.829e+02 276
53439 1 1 4 6.159e+02 6.441e+02 262
53440 2 0 3 6.298e+02 6.722e+02 393 2 2 1.944e+02 2.256e+02 290
53441 0
53442 0
53443 19 0 3 6.470e+02 6.550e+02 74 0 2 6.118e+02 6.482e+02 338 0 1 6.410e+02 6.610e+02 186 0 3 2.516e+02 2.944e+02 398 0 2 6.604e+02 6.836e+02 215 1 3 5.430e+02 5.910e+02 446 2 1 2.714e+02 2.746e+02 30 2 2 2.080e+02 2.120e+02 37 2 1 3.104e+02 3.196e+02 85 2 3 1.622e+01 2.578e+01 89 2 4 7.329e+01 9.471e+01 199 2 3 1.868e+02 1.912e+02 41 2 2 2.471e+02 2.569e+02 91 2 1 3.043e+02 3.257e+02 199 2 2 3.506e+01 4.894e+01 129 2 4 1.586e+02 1.774e+02 175 2 2 2.380e+02 2.660e+02 260 2 2 3.547e+02 4.013e+02 433 2 1 2.352e+00 3.965e+01 346
53444 21 0 1 6.078e+02 6.102e+02 22 0 2 4.989e+02 5.091e+02 94 0 1 5.249e+02 5.251e+02 1 0 3 6.036e+02 6.144e+02 100 0 2 6.668e+02 6.772e+02 97 0 4 5.001e+02 5.079e+02 73 0 3 5.228e+02 5.272e+02 40 0 2 6.218e+02 6.382e+02 153 0 4 6.626e+02 6.814e+02 174 0 3 4.713e+02 4.947e+02 217 0 2 5.281e+02 5.639e+02 333 0 4 6.179e+02 6.421e+02 225 0 2 4.904e+02 5.176e+02 253 0 1 5.912e+02 6.268e+02 330 0 2 6.118e+02 6.482e+02 338 1 2 5.435e+02 5.485e+02 46 2 4 2.487e+02 2.553e+02 62 2 4 2.933e+02 2.947e+02 13 2 3 3.118e+02 3.182e+02 59 2 1 3.066e+02 3.234e+02 156 2 2 2.832e+02 3.048e+02 200
53445 0
53446 12 0 4 5.026e+02 5.054e+02 26 0 1 4.800e+02 4.860e+02 56 0 3 4.691e+02 4.969e+02 258 0 2 4.918e+02 5.162e+02 227 2 4 2.506e+02 2.534e+02 26 2 3 5.683e+01 6.917e+01 115 2 4 2.414e+02 2.626e+02 197 2 1 1.954e+01 2.246e+01 27 2 3 2.616e+02 2.844e+02 212 2 4 3.278e+01 5.122e+01 171 2 2 2.667e+01 5.733e+01 285 2 4 2.066e+01 6.334e+01 396
53447 6 0 4 2.404e+02 2.636e+02 216 0 3 4.707e+02 4.953e+02 228 2 2 2.928e+01 5.472e+01 236 2 4 1.999e+01 6.401e+01 409 2 1 4.265e+01 8.335e+01 378 2 3 -2.225e+00 4.422e+01 431
53448 1 1 3 5.554e+02 5.786e+02 215
53449 8 0 3 5.643e+02 5.697e+02 50 0 1 5.545e+02 5.795e+02 231 0 2 5.342e+02 5.578e+02 219 2 2 3.341e+02 3.379e+02 36 2 3 1.990e+01 2.210e+01 20 2 1 1.222e+01 2.978e+01 163 2 3 8.767e+00 3.323e+01 227 2 2 2.685e+01 5.715e+01 281
53450 3 0 3 6.021e+02 6.159e+02 129 0 4 5.718e+02 6.042e+02 301 0 1 5.928e+02 6.252e+02 301
