24951 7 0 2 6.255e+02 6.345e+02 83 0 4 6.591e+02 6.849e+02 240 1 2 6.125e+02 6.475e+02 325 2 4 1.641e+02 1.719e+02 72 2 4 2.083e+02 2.117e+02 31 2 4 2.511e+02 2.529e+02 17 2 4 1.945e+02 2.255e+02 288
24955 1 2 3 8.097e+01 1.290e+02 446
24956 1 0 4 5.040e+02 5.040e+02 -21
24960 15 0 4 1.680e+02 1.680e+02 -9 0 3 4.401e+02 4.419e+02 16 0 1 1.405e+02 1.535e+02 120 0 1 4.320e+02 4.500e+02 167 0 4 4.427e+02 4.813e+02 359 1 3 2.209e+02 2.411e+02 187 1 2 2.029e+02 2.171e+02 132 1 1 2.206e+02 2.414e+02 193 1 4 2.824e+02 3.056e+02 216 1 4 2.004e+02 2.196e+02 179 2 2 6.294e+02 6.306e+02 11 2 1 5.142e+02 5.358e+02 201 2 2 1.063e+02 1.457e+02 366 2 4 1.845e+02 2.355e+02 473 3 4 4.075e+02 4.325e+02 232
24962 7 0 2 6.692e+02 6.748e+02 51 0 4 6.633e+02 6.807e+02 161 0 1 6.333e+02 6.687e+02 330 0 3 6.332e+02 6.688e+02 331 2 4 4.049e+01 4.351e+01 28 2 4 2.573e+01 5.827e+01 302 2 4 2.689e+02 3.191e+02 466
24963 8 0 1 2.947e+02 3.353e+02 376 0 1 4.377e+02 4.443e+02 61 0 2 6.532e+02 6.908e+02 349 0 4 6.485e+02 6.955e+02 437 1 2 6.300e+02 6.300e+02 -9 1 3 5.860e+02 6.320e+02 426 2 3 2.724e+02 2.736e+02 10 2 4 6.272e+02 6.328e+02 52
24966 0
24967 10 0 4 2.512e+02 2.528e+02 16 0 1 5.613e+02 5.727e+02 106 0 2 2.456e+02 2.584e+02 119 0 3 2.151e+02 2.469e+02 295 0 3 5.575e+02 5.765e+02 176 0 4 5.801e+02 5.959e+02 146 2 4 4.197e+02 4.203e+02 6 2 1 4.377e+02 4.443e+02 60 2 3 4.287e+02 4.533e+02 228 2 2 4.049e+02 4.351e+02 281
24970 12 0 3 1.020e+02 1.080e+02 56 0 4 1.648e+02 1.712e+02 59 0 3 5.086e+01 7.514e+01 226 2 3 2.310e+02 2.310e+02 0 2 2 3.764e+02 3.796e+02 30 2 2 1.237e+02 1.283e+02 43 2 4 4.094e+02 4.306e+02 196 2 4 2.498e+02 2.542e+02 40 2 1 3.046e+02 3.254e+02 193 2 3 3.489e+02 3.651e+02 150 2 2 3.192e+02 3.528e+02 312 3 2 1.680e+02 1.680e+02 -24
24972 3 1 3 6.047e+02 6.133e+02 80 1 2 5.796e+02 5.964e+02 156 1 3 5.926e+02 6.254e+02 305
24973 2 2 4 5.032e+02 5.048e+02 15 3 1 4.702e+02 4.958e+02 237
24974 16 0 3 6.082e+02 6.098e+02 16 0 4 6.287e+02 6.313e+02 25 0 1 6.045e+02 6.135e+02 84 0 2 6.202e+02 6.398e+02 182 0 1 5.934e+02 6.246e+02 289 0 3 5.926e+02 6.254e+02 305 0 4 6.152e+02 6.448e+02 276 1 4 6.270e+02 6.330e+02 56 1 4 5.854e+02 5.906e+02 49 1 3 6.077e+02 6.103e+02 25 1 2 5.781e+02 5.979e+02 185 1 1 5.936e+02 6.244e+02 286 2 2 4.121e+01 4.279e+01 15 2 4 2.902e+02 2.978e+02 70 2 4 3.322e+01 5.078e+01 163 2 3 1.357e+01 2.843e+01 138
24976 20 0 1 6.072e+02 6.108e+02 34 0 1 6.481e+02 6.539e+02 53 0 4 3.228e+02 3.492e+02 246 0 3 5.641e+02 5.699e+02 55 0 3 6.080e+02 6.100e+02 19 0 3 6.473e+02 6.547e+02 69 0 2 5.399e+02 5.521e+02 113 0 2 6.296e+02 6.304e+02 8 0 2 6.675e+02 6.765e+02 83 0 1 5.501e+02 5.839e+02 313 0 4 6.291e+02 6.309e+02 17 0 4 6.618e+02 6.822e+02 190 0 4 6.208e+02 6.392e+02 170 0 3 6.324e+02 6.696e+02 346 0 2 6.143e+02 6.457e+02 291 2 2 4.179e+01 4.221e+01 4 2 4 3.542e+01 4.858e+01 122 2 3 7.825e+00 3.418e+01 245 2 1 4.879e+01 7.721e+01 264 2 1 4.863e+00 3.714e+01 300
24977 19 0 4 6.128e+02 6.472e+02 319 0 2 6.633e+02 6.807e+02 162 1 2 6.211e+02 6.389e+02 165 2 2 6.297e+02 6.303e+02 6 2 3 9.429e+01 1.157e+02 199 2 2 5.997e+01 1.080e+02 446 2 4 6.226e+01 1.057e+02 404 3 4 4.579e+02 4.661e+02 76 3 4 5.017e+02 5.063e+02 43 3 4 4.140e+02 4.260e+02 111 3 3 5.240e+02 5.260e+02 19 3 1 4.353e+02 4.467e+02 106 3 1 4.784e+02 4.876e+02 86 3 2 4.538e+02 4.702e+02 153 3 3 4.797e+02 4.863e+02 60 3 3 4.209e+02 4.611e+02 373 3 1 5.155e+02 5.345e+02 177 3 2 4.874e+02 5.206e+02 308 3 4 4.899e+02 5.181e+02 261
24978 1 2 1 1.290e+01 2.910e+01 150
24979 1 2 2 6.436e+01 1.036e+02 365
24980 9 0 2 5.455e+02 5.465e+02 9 0 3 5.656e+02 5.684e+02 26 0 4 6.773e+01 1.003e+02 302 0 1 5.183e+02 5.317e+02 124 2 1 1.913e+01 2.287e+01 35 2 3 1.707e+01 2.493e+01 73 2 2 3.798e+01 4.602e+01 75 2 1 4.758e+01 7.842e+01 286 2 3 2.305e+00 3.969e+01 347
24981 11 0 2 6.682e+02 6.758e+02 71 0 4 6.700e+02 6.740e+02 37 0 1 6.357e+02 6.663e+02 284 0 3 6.338e+02 6.682e+02 320 2 2 7.410e+01 9.390e+01 184 2 1 1.882e+01 2.318e+01 40 2 4 7.985e+01 8.815e+01 77 2 3 1.765e+01 2.435e+01 62 2 3 9.183e+01 1.182e+02 245 2 4 1.905e+02 2.295e+02 361 2 3 5.987e+00 3.601e+01 279
24983 14 0 3 6.030e+02 6.150e+02 112 0 4 6.696e+02 6.744e+02 45 0 1 5.973e+02 6.207e+02 218 0 2 6.667e+02 6.773e+02 98 0 2 6.184e+02 6.416e+02 216 0 1 6.364e+02 6.656e+02 271 0 4 6.142e+02 6.458e+02 294 0 3 6.341e+02 6.679e+02 315 0 2 6.580e+02 6.860e+02 260 0 4 6.550e+02 6.890e+02 316 2 2 3.592e+01 4.808e+01 113 2 4 3.704e+01 4.696e+01 92 2 1 6.569e+00 3.543e+01 268 2 3 7.289e+00 3.471e+01 255
24984 5 0 2 6.569e+02 6.871e+02 281 0 4 6.543e+02 6.897e+02 329 1 2 5.876e+02 5.884e+02 7 1 3 6.090e+02 6.090e+02 -4 1 4 5.880e+02 5.880e+02 -21
24985 4 2 4 1.657e+02 1.703e+02 43 2 1 1.888e+02 1.892e+02 4 2 3 1.783e+02 1.997e+02 198 2 2 1.511e+02 1.849e+02 315
24989 3 0 2 6.207e+02 6.393e+02 172 1 1 5.506e+02 5.834e+02 305 2 2 1.678e+02 1.682e+02 5
24990 7 0 1 6.089e+02 6.091e+02 2 0 1 6.461e+02 6.559e+02 90 0 3 6.070e+02 6.110e+02 36 0 1 6.380e+02 6.640e+02 240 0 2 6.142e+02 6.458e+02 293 0 4 6.151e+02 6.449e+02 277 2 1 5.148e+01 7.452e+01 214
24991 0
24992 10 0 3 3.918e+02 4.062e+02 133 0 2 3.607e+02 3.953e+02 321 0 2 5.460e+02 5.460e+02 -14 0 1 3.834e+02 4.146e+02 290 0 1 5.233e+02 5.267e+02 31 0 3 5.170e+02 5.330e+02 149 0 2 6.712e+02 6.728e+02 15 0 2 5.274e+02 5.646e+02 346 2 1 1.837e+01 2.363e+01 49 2 3 2.352e+00 3.965e+01 346
24993 9 0 1 5.210e+02 5.290e+02 74 0 3 5.148e+02 5.352e+02 190 0 2 5.333e+02 5.587e+02 236 1 4 6.265e+02 6.335e+02 65 2 1 5.615e+01 6.985e+01 127 2 3 6.154e+01 6.446e+01 27 2 4 2.959e+01 5.441e+01 230 2 3 4.740e+01 7.860e+01 290 2 2 2.860e+01 5.540e+01 249
24994 3 0 1 5.656e+02 5.684e+02 26 0 3 5.584e+02 5.756e+02 159 0 4 5.825e+02 5.935e+02 103
24996 15 0 4 6.282e+02 6.318e+02 34 0 3 5.979e+02 6.201e+02 206 0 3 6.479e+02 6.541e+02 57 0 2 6.167e+02 6.433e+02 246 0 1 6.410e+02 6.610e+02 186 0 1 5.947e+02 6.233e+02 266 0 2 6.582e+02 6.858e+02 256 0 4 6.582e+02 6.858e+02 256 0 2 6.489e+02 6.951e+02 429 1 4 6.143e+02 6.457e+02 292 2 2 1.996e+02 2.204e+02 193 2 4 1.876e+02 2.324e+02 416 2 3 1.678e+02 2.102e+02 393 3 1 6.458e+02 6.562e+02 96 3 4 6.612e+02 6.828e+02 200
24998 0
25000 14 0 3 6.505e+02 6.515e+02 10 0 2 4.585e+02 4.655e+02 65 0 2 6.661e+02 6.779e+02 109 0 4 4.526e+02 4.714e+02 175 0 1 6.390e+02 6.630e+02 222 0 1 4.651e+02 5.009e+02 333 0 2 6.529e+02 6.911e+02 356 0 3 4.692e+02 4.968e+02 256 2 1 1.465e+02 1.475e+02 10 2 4 1.220e+02 1.300e+02 75 2 3 1.376e+02 1.564e+02 175 2 2 1.100e+02 1.420e+02 296 3 3 1.038e+01 3.162e+01 197 3 2 3.031e+01 5.369e+01 217
25001 8 0 4 6.269e+02 6.331e+02 58 0 3 2.225e+02 2.395e+02 158 0 4 6.120e+02 6.480e+02 334 2 1 1.954e+01 2.246e+01 27 2 4 3.734e+02 3.826e+02 86 2 3 3.874e+02 4.106e+02 215 2 3 1.771e+02 2.009e+02 221 2 4 3.617e+02 3.943e+02 303
25009 0
25015 10 0 1 5.500e+02 5.840e+02 316 0 2 6.300e+02 6.300e+02 -17 0 4 6.293e+02 6.307e+02 13 0 4 6.659e+02 6.781e+02 114 0 4 5.860e+02 5.900e+02 38 0 3 6.363e+02 6.657e+02 273 0 3 5.937e+02 6.243e+02 284 0 2 6.556e+02 6.884e+02 305 0 1 5.930e+02 6.250e+02 296 1 4 6.186e+02 6.414e+02 212
