15362 6 0 2 6.685e+02 6.755e+02 66 0 4 6.704e+02 6.736e+02 29 0 1 6.397e+02 6.623e+02 210 2 2 4.036e+01 4.364e+01 30 2 4 3.955e+01 4.445e+01 46 2 3 4.839e+01 7.761e+01 271
15365 11 0 3 6.507e+02 6.513e+02 6 0 2 6.708e+02 6.732e+02 22 0 4 3.248e+02 3.472e+02 207 0 2 6.104e+02 6.496e+02 365 0 4 6.720e+02 6.720e+02 -15 0 1 6.491e+02 6.529e+02 35 0 1 6.365e+02 6.655e+02 269 0 4 6.546e+02 6.894e+02 324 2 3 1.020e+02 1.080e+02 56 2 2 1.173e+02 1.347e+02 162 2 4 7.024e+01 9.776e+01 256
15368 22 0 4 4.593e+02 4.647e+02 50 0 1 5.636e+02 5.704e+02 64 0 4 5.856e+02 5.904e+02 44 0 2 6.716e+02 6.724e+02 8 0 2 4.994e+02 5.086e+02 86 0 2 6.245e+02 6.355e+02 101 0 4 6.698e+02 6.742e+02 40 0 4 4.941e+02 5.139e+02 185 0 3 5.547e+02 5.793e+02 229 0 4 6.215e+02 6.385e+02 157 0 1 6.378e+02 6.642e+02 245 0 1 5.069e+02 5.431e+02 336 0 1 6.014e+02 6.166e+02 141 0 3 6.369e+02 6.651e+02 262 0 3 5.124e+02 5.376e+02 234 0 3 5.978e+02 6.202e+02 207 2 3 1.743e+01 2.457e+01 66 2 2 3.443e+01 4.957e+01 140 2 1 7.242e+00 3.476e+01 256 2 1 1.366e+00 4.063e+01 365 3 4 4.094e+01 4.306e+01 20 3 4 2.901e+01 5.499e+01 241
15369 18 0 3 6.090e+02 6.090e+02 -0 0 3 5.213e+02 5.287e+02 70 0 1 6.059e+02 6.121e+02 57 0 4 6.638e+02 6.802e+02 152 0 2 4.998e+02 5.082e+02 77 0 1 5.177e+02 5.323e+02 136 0 4 5.001e+02 5.079e+02 72 0 2 5.255e+02 5.665e+02 381 0 1 4.706e+02 4.954e+02 230 2 1 1.835e+02 1.945e+02 101 2 4 6.296e+02 6.304e+02 8 2 2 1.611e+02 1.749e+02 128 2 4 6.720e+02 6.720e+02 -4 2 4 2.394e+02 2.646e+02 235 2 4 5.842e+02 5.918e+02 70 2 4 1.609e+02 1.751e+02 132 2 4 6.514e+02 6.926e+02 383 2 3 2.133e+02 2.487e+02 328
15370 11 0 4 6.706e+02 6.734e+02 26 0 1 6.494e+02 6.526e+02 29 0 3 6.363e+02 6.657e+02 273 0 2 6.617e+02 6.823e+02 190 1 4 5.856e+02 5.904e+02 45 1 4 6.245e+02 6.355e+02 103 1 3 5.910e+02 6.270e+02 334 1 4 5.672e+02 6.088e+02 387 2 3 1.887e+01 2.313e+01 40 2 1 1.644e+01 2.556e+01 85 2 2 2.420e+01 5.980e+01 330
15373 12 0 4 6.581e+02 6.859e+02 259 1 2 6.286e+02 6.314e+02 26 1 4 6.223e+02 6.377e+02 143 2 1 3.558e+02 3.582e+02 23 2 3 1.866e+02 1.914e+02 44 2 4 2.024e+02 2.176e+02 141 2 2 3.279e+02 3.441e+02 151 2 3 6.300e+01 6.300e+01 -4 2 3 2.985e+02 3.315e+02 307 2 4 3.258e+02 3.462e+02 189 2 1 1.133e+01 3.067e+01 180 2 3 6.347e+00 3.565e+01 272
15374 0
15375 1 1 1 2.144e+02 2.476e+02 308
15377 10 0 4 6.294e+02 6.306e+02 11 0 1 5.579e+02 5.761e+02 169 0 2 6.288e+02 6.312e+02 22 0 1 6.390e+02 6.630e+02 222 0 3 5.524e+02 5.816e+02 271 0 3 6.361e+02 6.659e+02 276 0 2 6.569e+02 6.871e+02 280 2 3 1.037e+02 1.063e+02 25 2 4 7.715e+01 9.085e+01 127 2 2 6.908e+01 9.892e+01 277
15378 24 0 4 6.239e+02 6.361e+02 114 0 4 6.669e+02 6.771e+02 94 0 1 5.561e+02 5.779e+02 202 0 4 5.832e+02 5.928e+02 89 0 1 6.452e+02 6.568e+02 108 0 1 5.502e+02 5.838e+02 311 0 1 6.023e+02 6.157e+02 125 0 3 6.435e+02 6.585e+02 140 0 3 5.942e+02 6.238e+02 276 0 2 6.601e+02 6.839e+02 220 0 2 6.134e+02 6.466e+02 309 0 1 6.351e+02 6.669e+02 296 0 4 6.039e+02 6.561e+02 486 0 3 6.325e+02 6.695e+02 344 0 4 6.513e+02 6.927e+02 384 0 2 6.498e+02 6.942e+02 413 2 3 6.149e+01 6.451e+01 28 2 2 7.881e+01 8.919e+01 96 2 4 3.636e+01 4.764e+01 105 2 4 7.338e+01 9.462e+01 197 2 1 5.588e+01 7.012e+01 132 2 3 4.642e+01 7.958e+01 308 2 2 1.976e+01 6.424e+01 413 3 2 5.873e+02 5.887e+02 14
15379 0
15380 0
15381 3 0 1 6.090e+02 6.090e+02 -1 0 2 6.288e+02 6.312e+02 22 0 4 6.266e+02 6.334e+02 63
15383 23 0 1 6.474e+02 6.546e+02 66 0 2 5.026e+02 5.054e+02 26 0 2 6.256e+02 6.344e+02 81 0 3 6.469e+02 6.551e+02 76 0 4 4.994e+02 5.086e+02 85 0 3 5.135e+02 5.365e+02 213 0 2 6.705e+02 6.735e+02 28 0 1 5.062e+02 5.438e+02 349 0 4 6.699e+02 6.741e+02 39 0 1 6.398e+02 6.622e+02 209 0 4 6.558e+02 6.882e+02 301 1 3 4.821e+02 4.839e+02 17 1 1 6.089e+02 6.091e+02 1 1 3 6.065e+02 6.115e+02 47 1 4 4.440e+02 4.800e+02 335 1 4 5.305e+02 5.615e+02 288 1 2 6.158e+02 6.442e+02 264 1 4 6.175e+02 6.425e+02 231 2 4 8.227e+01 8.573e+01 32 2 1 5.687e+01 6.913e+01 114 2 2 7.720e+01 9.080e+01 126 2 3 4.996e+01 7.604e+01 242 2 3 8.819e+01 1.218e+02 312
15384 0
15385 6 0 3 6.003e+02 6.177e+02 162 0 4 5.771e+02 5.989e+02 202 2 4 2.440e+02 2.600e+02 149 2 3 2.727e+02 2.733e+02 6 2 4 2.360e+02 2.680e+02 296 2 2 2.924e+02 2.956e+02 29
15386 15 0 4 6.614e+02 6.826e+02 196 0 2 6.558e+02 6.882e+02 301 0 1 6.332e+02 6.688e+02 330 2 2 2.490e+02 2.550e+02 56 2 4 2.475e+02 2.565e+02 83 2 3 6.488e+02 6.532e+02 41 2 1 1.769e+02 2.011e+02 224 2 3 3.895e+02 4.085e+02 176 2 1 2.291e+02 2.329e+02 36 2 4 6.685e+02 6.755e+02 65 2 1 2.527e+02 2.933e+02 376 2 2 3.637e+02 3.923e+02 266 2 2 1.500e+02 1.860e+02 335 2 2 2.743e+02 3.137e+02 366 2 4 3.597e+02 3.963e+02 340
15387 40 0 4 5.859e+02 5.901e+02 40 1 1 5.228e+02 5.272e+02 41 2 2 2.505e+02 2.535e+02 27 2 4 2.928e+02 2.952e+02 22 2 4 4.615e+02 4.625e+02 9 2 3 3.554e+02 3.586e+02 30 2 1 5.197e+02 5.303e+02 98 2 4 4.090e+01 4.310e+01 20 2 4 6.699e+02 6.741e+02 39 2 2 8.227e+01 8.573e+01 32 2 3 3.073e+02 3.227e+02 143 2 2 4.969e+02 5.111e+02 131 2 4 3.335e+02 3.385e+02 46 2 4 4.934e+02 5.146e+02 197 2 3 6.217e+01 6.383e+01 16 2 2 4.501e+02 4.739e+02 220 2 2 1.198e+02 1.322e+02 115 2 3 1.774e+02 2.006e+02 216 2 2 4.845e+02 5.235e+02 363 2 4 2.096e+02 2.104e+02 7 2 4 2.764e+02 3.116e+02 326 2 4 3.716e+02 3.844e+02 120 2 1 5.288e+01 7.312e+01 188 2 4 1.209e+02 1.311e+02 96 2 1 1.411e+02 1.529e+02 110 2 1 2.304e+02 2.316e+02 11 2 1 3.008e+02 3.292e+02 264 2 2 3.273e+02 3.447e+02 162 2 3 5.602e+01 6.998e+01 130 2 4 7.460e+01 9.340e+01 175 2 3 1.274e+02 1.666e+02 365 2 3 2.185e+02 2.435e+02 233 2 3 2.997e+02 3.303e+02 284 2 1 3.428e+02 3.712e+02 265 2 4 2.614e+01 5.786e+01 295 2 4 6.490e+01 1.031e+02 355 2 4 2.385e+02 2.655e+02 251 2 1 2.545e+02 2.915e+02 343 2 2 3.655e+02 3.905e+02 231 2 4 3.176e+02 3.544e+02 342
15389 0
15390 0
15391 6 1 2 1.245e+02 1.275e+02 28 2 2 8.240e+01 8.560e+01 30 2 3 1.470e+02 1.470e+02 -14 2 4 1.605e+02 1.755e+02 139 2 2 6.513e+01 1.029e+02 350 2 1 1.791e+02 1.989e+02 185
15392 56 0 1 2.293e+02 2.327e+02 31 0 3 2.716e+02 2.744e+02 26 0 1 1.753e+02 2.027e+02 254 0 1 3.990e+02 3.990e+02 -14 0 2 2.487e+02 2.553e+02 61 0 1 4.806e+02 4.854e+02 44 0 4 2.827e+02 3.053e+02 210 0 4 5.855e+02 5.905e+02 46 0 1 2.204e+02 2.416e+02 197 0 2 6.689e+02 6.751e+02 58 0 1 2.567e+02 2.893e+02 303 0 3 3.959e+02 4.021e+02 57 0 1 3.427e+02 3.713e+02 266 0 3 4.803e+02 4.857e+02 50 0 2 1.947e+02 2.253e+02 285 0 3 5.167e+02 5.333e+02 154 0 1 6.066e+02 6.114e+02 45 0 4 6.712e+02 6.728e+02 15 0 1 4.388e+02 4.432e+02 40 0 2 4.983e+02 5.097e+02 106 0 1 5.138e+02 5.362e+02 207 0 3 6.047e+02 6.133e+02 80 0 1 6.430e+02 6.590e+02 148 0 4 4.080e+02 4.320e+02 222 0 2 4.582e+02 4.658e+02 70 0 3 5.479e+02 5.861e+02 354 0 2 6.230e+02 6.370e+02 130 0 4 6.647e+02 6.793e+02 136 0 3 4.743e+02 4.917e+02 161 0 4 5.750e+02 6.010e+02 242 0 4 6.547e+02 6.893e+02 321 0 4 4.887e+02 5.193e+02 285 0 3 5.945e+02 6.235e+02 270 0 3 6.314e+02 6.706e+02 364 0 2 4.871e+02 5.209e+02 314 1 2 6.277e+02 6.323e+02 43 1 2 5.368e+02 5.552e+02 170 1 4 6.295e+02 6.305e+02 9 1 1 6.010e+02 6.170e+02 148 1 2 5.691e+02 6.069e+02 350 1 3 5.996e+02 6.184e+02 174 2 3 3.142e+02 3.158e+02 15 2 2 3.264e+01 5.136e+01 174 2 3 3.928e+02 4.052e+02 116 2 3 2.701e+02 2.759e+02 55 2 3 1.123e+01 3.077e+01 181 2 4 1.979e+02 2.221e+02 225 2 2 2.851e+02 3.029e+02 166 2 2 3.171e+02 3.549e+02 351 2 2 2.429e+01 5.971e+01 329 2 1 3.079e+02 3.221e+02 131 2 4 2.829e+01 5.571e+01 255 2 4 2.765e+02 3.115e+02 325 3 2 2.856e+01 5.544e+01 250 3 3 3.473e+00 3.853e+01 326 3 2 7.082e+01 9.718e+01 245
15395 14 0 1 6.454e+02 6.566e+02 105 0 2 6.582e+02 6.858e+02 256 0 4 6.594e+02 6.846e+02 234 0 4 6.516e+02 6.924e+02 378 2 3 1.014e+02 1.086e+02 66 2 2 1.194e+02 1.326e+02 123 2 4 1.204e+02 1.316e+02 104 2 4 6.549e+01 1.025e+02 344 2 3 9.035e+01 1.197e+02 272 2 2 6.477e+01 1.032e+02 357 3 1 6.046e+01 6.554e+01 47 3 3 6.199e+01 6.401e+01 19 3 2 6.647e+01 1.015e+02 326 3 4 6.464e+01 1.034e+02 360
15396 4 2 1 1.285e+01 2.915e+01 151 2 3 1.124e+01 3.076e+01 181 2 2 3.053e+01 5.347e+01 213 2 4 3.201e+01 5.199e+01 186
15398 10 2 2 1.589e+02 1.771e+02 170 2 3 4.714e+02 4.946e+02 216 2 2 2.034e+02 2.166e+02 122 2 3 5.191e+02 5.309e+02 110 2 3 3.921e+00 3.808e+01 317 2 4 2.068e+02 2.132e+02 59 2 3 5.477e+02 5.863e+02 359 2 1 2.223e+02 2.397e+02 162 2 3 2.125e+02 2.495e+02 343 2 3 5.073e+02 5.427e+02 329
15399 6 2 2 1.226e+02 1.294e+02 64 2 4 1.254e+02 1.266e+02 11 2 3 1.283e+02 1.657e+02 348 3 1 5.781e+01 6.819e+01 96 3 3 5.530e+01 7.070e+01 143 3 2 2.856e+01 5.544e+01 250
