52408 4 0 4 4.613e+02 4.627e+02 14 0 1 4.405e+02 4.415e+02 10 0 3 4.275e+02 4.545e+02 251 0 2 4.498e+02 4.742e+02 227
52409 10 0 3 6.090e+02 6.090e+02 -1 0 1 6.039e+02 6.141e+02 95 0 4 6.113e+02 6.487e+02 347 0 3 5.513e+02 5.827e+02 291 1 1 2.637e+02 2.823e+02 172 1 1 3.487e+02 3.653e+02 155 1 3 8.662e+01 1.234e+02 341 1 2 6.019e+01 1.078e+02 442 2 4 2.462e+02 2.578e+02 108 2 1 2.631e+02 2.829e+02 185
52411 10 0 3 2.301e+02 2.319e+02 16 0 1 2.246e+02 2.374e+02 118 0 2 1.954e+02 2.246e+02 271 1 2 2.734e+02 3.146e+02 382 1 1 2.049e+02 2.571e+02 486 2 2 3.350e+02 3.370e+02 18 2 3 3.547e+02 3.593e+02 43 3 3 5.630e+02 5.710e+02 75 3 4 5.359e+02 5.561e+02 188 3 4 4.485e+02 4.755e+02 250
52412 3 0 2 6.690e+02 6.750e+02 56 1 2 3.282e+02 3.438e+02 145 2 4 6.719e+02 6.721e+02 2
52414 3 0 3 3.972e+02 4.008e+02 34 0 2 3.678e+02 3.882e+02 190 0 4 3.990e+02 4.410e+02 390
52415 0
52417 27 0 1 6.507e+02 6.513e+02 6 0 3 6.090e+02 6.090e+02 -10 0 1 5.624e+02 5.716e+02 85 0 4 5.867e+02 5.893e+02 24 0 2 6.641e+02 6.799e+02 147 0 3 5.605e+02 5.735e+02 121 0 1 6.087e+02 6.093e+02 6 0 4 6.629e+02 6.811e+02 169 0 1 5.553e+02 5.787e+02 218 0 4 6.187e+02 6.413e+02 210 0 4 5.771e+02 5.989e+02 202 0 3 5.913e+02 6.267e+02 329 1 1 3.570e+02 3.570e+02 -19 1 3 5.935e+02 6.245e+02 287 2 4 8.400e+01 8.400e+01 -23 2 1 5.639e+02 5.701e+02 58 2 2 2.502e+02 2.538e+02 34 2 3 5.648e+02 5.692e+02 41 2 1 2.684e+02 2.776e+02 85 2 4 3.677e+01 4.723e+01 97 2 2 5.705e+02 6.055e+02 325 2 3 1.014e+02 1.086e+02 66 2 4 2.468e+02 2.572e+02 97 2 3 2.684e+02 2.776e+02 86 2 3 1.734e+01 2.466e+01 68 2 2 7.172e+01 9.628e+01 228 2 2 2.763e+02 3.117e+02 330
52418 18 0 4 6.698e+02 6.742e+02 40 0 2 6.632e+02 6.808e+02 164 0 3 5.590e+02 5.750e+02 149 0 4 3.186e+02 3.534e+02 323 0 4 5.783e+02 5.977e+02 180 0 1 6.407e+02 6.613e+02 190 0 3 6.349e+02 6.671e+02 300 0 4 6.561e+02 6.879e+02 296 1 1 6.044e+02 6.136e+02 86 1 2 6.201e+02 6.399e+02 184 2 4 4.200e+02 4.200e+02 -14 2 4 8.218e+01 8.582e+01 34 2 1 3.102e+02 3.198e+02 89 2 4 1.162e+02 1.358e+02 182 2 3 3.114e+02 3.186e+02 66 2 2 3.223e+02 3.497e+02 255 2 2 7.724e+01 9.076e+01 126 2 3 9.012e+01 1.199e+02 276
52420 0
52421 2 0 4 5.833e+02 5.927e+02 87 0 3 1.787e+02 1.993e+02 192
52422 0
52423 6 0 1 4.403e+02 4.417e+02 14 0 4 4.556e+02 4.684e+02 118 0 4 5.836e+02 5.924e+02 82 0 3 4.335e+02 4.485e+02 140 0 2 4.458e+02 4.782e+02 300 0 3 5.530e+02 5.810e+02 260
52425 13 0 4 4.947e+02 5.133e+02 173 2 2 4.126e+01 4.274e+01 14 2 4 4.611e+02 4.629e+02 17 2 3 1.466e+02 1.474e+02 7 2 2 6.675e+02 6.765e+02 83 2 4 3.664e+01 4.736e+01 100 2 4 1.607e+02 1.753e+02 136 2 1 4.790e+01 7.810e+01 280 2 4 6.822e+01 9.978e+01 293 2 2 1.558e+02 1.802e+02 227 2 3 2.130e+02 2.490e+02 335 2 3 2.309e+00 3.969e+01 347 2 3 1.272e+02 1.668e+02 367
52426 0
52427 0
52428 1 0 4 2.954e+01 5.446e+01 231
52429 1 3 1 5.212e+02 5.288e+02 71
52430 18 0 1 6.476e+02 6.544e+02 64 0 3 4.395e+02 4.425e+02 27 0 4 4.578e+02 4.662e+02 78 0 1 5.214e+02 5.286e+02 66 0 2 6.220e+02 6.380e+02 149 0 3 6.507e+02 6.513e+02 6 0 2 4.495e+02 4.745e+02 232 0 2 5.433e+02 5.487e+02 50 0 4 6.201e+02 6.399e+02 184 1 2 5.876e+02 5.884e+02 8 2 2 3.524e+01 4.876e+01 126 2 3 1.847e+02 1.933e+02 80 2 1 4.808e+01 7.792e+01 277 2 4 1.546e+02 1.814e+02 249 2 3 2.935e+00 3.907e+01 336 2 1 1.791e+02 1.989e+02 185 2 3 4.381e+01 8.219e+01 356 2 2 1.486e+02 1.874e+02 360
52431 4 0 4 6.718e+02 6.722e+02 4 0 3 6.368e+02 6.652e+02 263 2 3 1.050e+02 1.050e+02 -19 2 4 3.399e+01 5.001e+01 149
52432 14 0 1 5.233e+02 5.267e+02 31 0 1 6.037e+02 6.143e+02 98 0 2 6.691e+02 6.749e+02 53 0 3 5.088e+02 5.412e+02 301 0 3 6.010e+02 6.170e+02 149 0 4 6.668e+02 6.772e+02 97 0 2 5.346e+02 5.574e+02 211 0 4 6.188e+02 6.412e+02 209 0 1 6.418e+02 6.602e+02 171 0 2 6.164e+02 6.436e+02 252 0 3 6.396e+02 6.624e+02 212 2 4 7.684e+01 9.116e+01 133 2 3 9.555e+01 1.145e+02 176 2 2 7.002e+01 9.798e+01 260
52433 4 0 1 5.604e+02 5.736e+02 122 0 4 5.857e+02 5.903e+02 43 0 2 6.706e+02 6.734e+02 26 0 1 6.367e+02 6.653e+02 266
52434 0
52435 5 1 4 6.281e+02 6.319e+02 36 2 4 3.324e+02 3.396e+02 67 2 3 6.066e+02 6.114e+02 44 2 3 3.045e+02 3.255e+02 195 2 3 3.555e+02 3.585e+02 28
52436 3 0 2 1.667e+02 1.693e+02 25 0 3 6.481e+02 6.539e+02 54 0 2 5.004e+02 5.076e+02 67
52437 0
52438 8 0 4 6.658e+02 6.782e+02 115 0 2 6.627e+02 6.813e+02 173 2 4 2.512e+02 2.528e+02 16 2 4 1.583e+02 1.777e+02 180 2 4 2.065e+02 2.135e+02 65 2 4 1.522e+02 1.838e+02 294 2 4 2.381e+02 2.659e+02 258 2 4 1.968e+02 2.232e+02 246
52439 6 0 1 1.041e+02 1.059e+02 16 0 2 1.231e+02 1.289e+02 53 0 4 1.537e+02 1.823e+02 265 2 3 1.882e+01 2.318e+01 40 2 4 8.047e+01 8.753e+01 66 2 1 1.263e+01 2.937e+01 156
52440 2 2 4 1.130e+02 1.390e+02 241 3 2 4.476e+02 4.764e+02 267
52442 4 2 3 1.465e+02 1.475e+02 10 2 2 1.593e+02 1.767e+02 162 2 4 1.128e+02 1.392e+02 246 2 1 1.768e+02 2.012e+02 227
52443 9 0 2 2.520e+02 2.520e+02 -1 0 1 5.960e+02 6.220e+02 240 0 2 6.504e+02 6.936e+02 400 0 4 6.504e+02 6.936e+02 401 1 4 5.773e+02 5.987e+02 198 2 4 8.285e+01 8.515e+01 21 2 3 3.913e+02 4.067e+02 144 2 2 4.526e+02 4.714e+02 174 2 2 3.609e+02 3.951e+02 318
52445 2 0 4 4.908e+02 5.172e+02 246 2 4 5.790e+02 5.970e+02 167
52446 10 2 2 5.451e+02 5.469e+02 17 2 2 5.352e+02 5.568e+02 200 2 4 5.842e+02 5.918e+02 70 2 2 4.502e+02 4.738e+02 219 2 3 5.538e+02 5.802e+02 246 2 2 5.680e+02 6.080e+02 370 3 2 5.369e+02 5.551e+02 169 3 1 5.136e+02 5.364e+02 212 3 4 5.380e+02 5.540e+02 149 3 3 5.145e+02 5.355e+02 196
52447 8 0 1 2.296e+02 2.324e+02 26 0 2 2.514e+02 2.526e+02 11 0 1 2.235e+02 2.385e+02 140 0 3 2.558e+02 2.902e+02 319 0 4 2.412e+02 2.628e+02 200 0 1 2.155e+02 2.465e+02 287 2 3 3.984e+02 3.996e+02 10 2 4 3.694e+02 3.866e+02 159
52448 2 1 3 6.087e+02 6.093e+02 5 1 4 5.829e+02 5.931e+02 94
52451 5 0 4 4.161e+02 4.239e+02 72 0 3 4.276e+02 4.544e+02 248 1 3 1.431e+02 1.509e+02 73 1 2 1.558e+02 1.802e+02 226 1 4 1.523e+02 1.837e+02 291
52453 0
52454 8 0 4 6.476e+02 6.964e+02 454 0 2 6.453e+02 6.987e+02 496 1 4 6.048e+02 6.552e+02 467 2 2 1.010e+02 1.510e+02 464 3 1 4.366e+02 4.454e+02 81 3 4 5.023e+02 5.057e+02 31 3 1 5.217e+02 5.283e+02 62 3 2 4.867e+02 5.213e+02 320
52455 10 0 1 6.490e+02 6.530e+02 36 0 2 6.682e+02 6.758e+02 71 0 2 6.184e+02 6.416e+02 215 0 4 6.688e+02 6.752e+02 59 0 4 6.161e+02 6.439e+02 258 0 3 6.453e+02 6.567e+02 106 0 1 6.347e+02 6.673e+02 302 2 4 4.139e+01 4.261e+01 11 2 2 3.757e+01 4.643e+01 82 2 3 3.022e+00 3.898e+01 334
52457 6 1 1 5.644e+02 5.696e+02 48 2 2 5.025e+02 5.055e+02 28 2 3 4.727e+02 4.933e+02 190 2 1 5.081e+02 5.419e+02 315 2 4 4.433e+02 4.807e+02 348 2 4 4.846e+02 5.234e+02 360
52459 12 0 4 5.831e+02 5.929e+02 90 0 3 4.692e+02 4.968e+02 257 0 4 5.743e+02 6.017e+02 255 0 4 4.880e+02 5.200e+02 298 0 2 4.433e+02 4.807e+02 347 1 4 5.423e+02 5.497e+02 69 1 4 4.897e+02 5.183e+02 266 2 1 1.842e+01 2.358e+01 48 2 2 8.353e+01 8.447e+01 9 2 3 1.348e+01 2.852e+01 140 2 4 7.630e+01 9.170e+01 143 2 3 4.807e+01 7.793e+01 277
