39927 10 2 3 4.805e+02 4.855e+02 46 2 1 6.077e+02 6.103e+02 25 2 1 4.741e+02 4.919e+02 166 2 3 6.068e+02 6.112e+02 40 2 2 4.895e+02 5.185e+02 269 2 4 5.730e+02 6.030e+02 279 3 3 3.911e+02 4.069e+02 147 3 1 4.402e+02 4.418e+02 16 3 2 4.512e+02 4.728e+02 201 3 3 3.804e+02 4.176e+02 345
39928 17 0 4 6.680e+02 6.760e+02 75 0 2 5.342e+02 5.578e+02 220 0 3 6.471e+02 6.549e+02 72 0 3 5.089e+02 5.411e+02 299 0 4 6.621e+02 6.819e+02 185 1 4 6.280e+02 6.320e+02 38 1 4 6.138e+02 6.462e+02 301 2 1 6.122e+01 6.478e+01 33 2 3 1.839e+02 1.941e+02 95 2 3 5.988e+01 6.612e+01 58 2 4 1.586e+02 1.774e+02 175 2 2 2.636e+01 5.764e+01 290 2 1 1.848e+02 1.932e+02 78 2 4 3.107e+01 5.293e+01 203 2 2 1.560e+02 1.800e+02 223 2 3 4.485e+01 8.115e+01 337 2 3 3.116e+00 3.888e+01 332
39929 0
39931 0
39932 11 0 1 6.387e+02 6.633e+02 228 0 4 5.728e+02 6.032e+02 282 0 3 6.340e+02 6.680e+02 316 0 2 6.562e+02 6.878e+02 294 0 4 6.488e+02 6.952e+02 431 0 1 6.291e+02 6.729e+02 407 1 4 4.563e+02 4.677e+02 106 1 1 4.333e+02 4.487e+02 142 1 3 5.493e+02 5.847e+02 328 1 3 4.268e+02 4.552e+02 263 1 2 4.401e+02 4.839e+02 407
39933 12 0 3 6.074e+02 6.106e+02 30 0 4 6.704e+02 6.736e+02 30 0 4 5.849e+02 5.911e+02 58 0 1 6.494e+02 6.526e+02 30 0 1 6.068e+02 6.112e+02 40 0 3 6.491e+02 6.529e+02 35 0 4 5.725e+02 6.035e+02 288 0 2 6.101e+02 6.499e+02 369 2 4 3.982e+01 4.418e+01 40 2 1 5.252e+01 7.348e+01 195 2 3 4.924e+01 7.676e+01 256 2 2 2.439e+01 5.961e+01 327
39934 18 0 3 1.034e+02 1.066e+02 30 0 4 4.508e+02 4.732e+02 207 0 3 9.681e+01 1.132e+02 152 0 4 6.618e+02 6.822e+02 190 0 4 2.342e+02 2.698e+02 331 0 3 4.303e+02 4.517e+02 198 0 1 4.994e+02 5.506e+02 475 0 3 4.987e+02 5.513e+02 488 1 4 6.281e+02 6.319e+02 36 2 2 2.515e+02 2.525e+02 10 2 1 1.998e+01 2.202e+01 19 2 2 8.258e+01 8.542e+01 26 2 4 2.470e+02 2.570e+02 93 2 1 2.571e+02 2.889e+02 296 2 3 1.213e+01 2.987e+01 165 2 4 7.594e+01 9.206e+01 150 2 3 2.151e+02 2.469e+02 295 2 3 5.162e+01 7.438e+01 211
39935 11 2 3 3.140e+02 3.160e+02 19 2 4 3.772e+02 3.788e+02 15 2 2 2.917e+02 2.963e+02 42 3 4 4.609e+02 4.631e+02 20 3 1 4.814e+02 4.846e+02 30 3 1 4.403e+02 4.417e+02 13 3 3 4.788e+02 4.872e+02 77 3 3 4.246e+02 4.574e+02 304 3 1 4.703e+02 4.957e+02 236 3 2 4.442e+02 4.798e+02 330 3 4 4.469e+02 4.771e+02 280
39936 4 0 1 5.631e+02 5.709e+02 73 0 3 5.668e+02 5.672e+02 3 2 4 6.283e+02 6.317e+02 32 2 4 4.620e+02 4.620e+02 -20
39937 22 0 4 6.275e+02 6.325e+02 46 0 1 6.489e+02 6.531e+02 39 0 2 6.275e+02 6.325e+02 47 0 1 6.430e+02 6.590e+02 149 0 1 6.010e+02 6.170e+02 149 0 4 2.764e+02 3.116e+02 326 0 3 6.427e+02 6.593e+02 155 0 3 5.987e+02 6.193e+02 192 0 2 6.620e+02 6.820e+02 186 0 2 6.181e+02 6.419e+02 221 0 4 6.598e+02 6.842e+02 226 0 1 5.887e+02 6.293e+02 376 0 3 6.308e+02 6.712e+02 375 0 2 6.514e+02 6.926e+02 382 1 4 2.385e+02 2.655e+02 251 2 4 1.661e+02 1.699e+02 35 2 1 1.761e+01 2.439e+01 63 2 3 1.779e+01 2.421e+01 60 2 2 1.181e+02 1.339e+02 146 2 2 2.196e+01 6.204e+01 372 2 4 2.322e+01 6.078e+01 349 2 1 2.665e+00 3.933e+01 340
39938 0
39939 16 0 1 1.824e+01 2.376e+01 51 0 4 3.538e+01 4.862e+01 123 0 2 6.604e+02 6.836e+02 215 0 3 6.838e+00 3.516e+01 263 0 2 2.932e+01 5.468e+01 236 0 4 6.598e+02 6.842e+02 226 2 4 4.620e+02 4.620e+02 -21 2 1 1.348e+01 2.852e+01 140 2 2 8.088e+01 8.712e+01 58 2 3 2.684e+02 2.776e+02 86 2 3 5.292e+01 7.308e+01 187 2 4 7.648e+01 9.152e+01 140 2 4 2.340e+02 2.700e+02 335 2 3 2.574e+02 2.886e+02 290 2 3 7.424e+00 3.458e+01 252 2 4 2.780e+02 3.100e+02 297
39940 0
39941 1 0 4 1.848e+02 2.352e+02 469
39942 3 0 4 4.200e+01 4.200e+01 -15 0 2 6.699e+02 6.741e+02 39 2 1 7.599e+00 3.440e+01 249
39943 1 2 1 1.709e+02 2.071e+02 336
39945 0
39947 18 0 1 1.704e+02 2.076e+02 346 0 4 2.386e+02 2.654e+02 250 0 2 6.564e+02 6.876e+02 290 0 3 2.071e+02 2.549e+02 443 0 3 4.237e+02 4.583e+02 320 0 2 1.413e+02 1.947e+02 496 0 1 5.457e+02 5.883e+02 396 0 2 1.862e+02 2.338e+02 441 0 4 5.724e+02 6.036e+02 290 0 4 6.565e+02 6.875e+02 287 0 1 6.372e+02 6.648e+02 256 0 3 6.358e+02 6.662e+02 283 1 4 2.837e+02 3.043e+02 191 1 3 2.607e+02 2.853e+02 229 1 3 2.984e+02 3.316e+02 308 2 2 2.865e+01 5.535e+01 248 2 3 -5.593e+00 4.759e+01 494 2 4 1.873e+01 6.527e+01 432
39948 43 0 1 6.507e+02 6.513e+02 6 0 2 2.933e+02 2.947e+02 14 0 3 6.080e+02 6.100e+02 18 0 4 6.692e+02 6.748e+02 51 0 1 2.685e+02 2.775e+02 83 0 2 4.584e+02 4.656e+02 67 0 4 3.194e+02 3.526e+02 309 0 2 6.214e+02 6.386e+02 160 0 1 6.398e+02 6.622e+02 209 0 3 4.722e+02 4.938e+02 200 0 3 5.501e+02 5.839e+02 313 0 4 6.167e+02 6.433e+02 247 0 3 6.458e+02 6.562e+02 97 0 4 4.490e+02 4.750e+02 241 0 1 5.931e+02 6.249e+02 295 0 2 6.639e+02 6.801e+02 150 0 1 4.658e+02 5.002e+02 319 0 3 5.909e+02 6.271e+02 336 1 2 6.267e+02 6.333e+02 61 1 4 6.300e+02 6.300e+02 -4 1 4 5.325e+02 5.595e+02 250 1 1 5.958e+02 6.222e+02 245 2 1 2.100e+01 2.100e+01 -10 2 2 2.520e+02 2.520e+02 -8 2 1 2.651e+02 2.809e+02 146 2 3 1.981e+01 2.219e+01 22 2 2 1.257e+02 1.263e+02 6 2 3 1.838e+02 1.942e+02 97 2 4 2.025e+02 2.175e+02 140 2 2 4.049e+01 4.351e+01 28 2 4 7.545e+01 9.255e+01 159 2 4 1.556e+02 1.804e+02 230 2 4 2.439e+02 2.601e+02 150 2 3 6.122e+01 6.478e+01 33 2 3 9.438e+01 1.156e+02 197 2 1 1.310e+02 1.630e+02 298 2 3 2.179e+02 2.441e+02 243 2 4 3.381e+01 5.019e+01 152 2 4 1.171e+02 1.349e+02 165 2 3 9.262e+00 3.274e+01 218 2 2 7.343e+01 9.457e+01 196 3 2 2.940e+02 2.940e+02 -21 3 3 2.716e+02 2.744e+02 26
39949 13 1 1 1.042e+02 1.058e+02 16 1 2 1.172e+02 1.348e+02 164 3 4 4.200e+02 4.200e+02 -0 3 4 3.716e+02 3.844e+02 119 3 3 4.390e+02 4.430e+02 37 3 1 3.958e+02 4.022e+02 59 3 2 4.134e+02 4.266e+02 122 3 3 3.942e+02 4.038e+02 89 3 4 4.054e+02 4.346e+02 270 3 1 3.491e+02 3.649e+02 147 3 3 3.506e+02 3.634e+02 118 3 1 3.878e+02 4.102e+02 207 3 3 3.823e+02 4.157e+02 310
39950 0
39952 21 0 4 6.245e+02 6.355e+02 103 0 1 6.468e+02 6.552e+02 78 0 1 5.980e+02 6.200e+02 205 0 3 6.402e+02 6.618e+02 200 0 1 5.449e+02 5.891e+02 410 0 3 6.033e+02 6.147e+02 106 0 2 6.654e+02 6.786e+02 122 0 4 5.760e+02 6.000e+02 222 0 4 6.647e+02 6.793e+02 135 0 1 5.894e+02 6.286e+02 364 0 2 6.566e+02 6.874e+02 286 0 3 5.896e+02 6.284e+02 360 0 1 6.323e+02 6.697e+02 347 0 2 6.097e+02 6.503e+02 377 0 3 6.306e+02 6.714e+02 379 2 1 1.545e+01 2.655e+01 103 2 1 5.772e+01 6.828e+01 98 2 4 7.509e+01 9.291e+01 166 2 3 5.602e+01 6.998e+01 130 2 3 7.468e+00 3.453e+01 251 2 4 2.564e+01 5.836e+01 304
39953 4 0 4 5.880e+02 5.880e+02 -17 0 3 5.519e+02 5.821e+02 281 2 4 1.680e+02 1.680e+02 -15 2 4 1.242e+02 1.278e+02 34
39956 18 0 1 6.084e+02 6.096e+02 11 0 3 6.077e+02 6.103e+02 25 0 4 6.110e+02 6.490e+02 352 1 3 6.025e+02 6.155e+02 120 1 2 5.757e+02 6.003e+02 228 1 4 5.739e+02 6.021e+02 261 2 4 3.632e+01 4.768e+01 106 2 3 4.870e+01 7.730e+01 266 2 4 6.214e+02 6.386e+02 160 2 1 6.438e+02 6.582e+02 133 2 3 6.469e+02 6.551e+02 76 2 2 6.536e+02 6.904e+02 342 3 1 1.819e+01 2.381e+01 52 3 3 6.136e+01 6.464e+01 30 3 3 1.998e+01 2.202e+01 19 3 1 5.243e+01 7.357e+01 196 3 4 3.004e+01 5.396e+01 222 3 2 6.782e+01 1.002e+02 300
39957 0
39958 19 0 4 5.802e+02 5.958e+02 145 0 1 6.398e+02 6.622e+02 208 0 3 5.989e+02 6.191e+02 187 0 4 6.533e+02 6.907e+02 348 0 4 5.835e+01 1.097e+02 476 0 3 5.014e+02 5.486e+02 438 0 1 5.947e+02 6.233e+02 266 0 1 6.315e+02 6.705e+02 361 0 2 4.817e+02 5.263e+02 415 0 2 6.501e+02 6.939e+02 407 1 3 5.878e+02 6.302e+02 394 1 4 6.099e+02 6.501e+02 374 2 4 2.868e+02 3.012e+02 133 2 2 2.861e+02 3.019e+02 147 2 1 1.650e+02 2.130e+02 446 2 3 2.109e+02 2.511e+02 373 2 1 2.561e+02 2.899e+02 314 2 3 1.666e+02 2.114e+02 416 2 3 2.588e+02 2.872e+02 264
39960 1 0 2 6.553e+02 6.887e+02 310
39961 8 0 3 6.484e+02 6.536e+02 49 0 2 6.150e+02 6.450e+02 279 0 4 6.675e+02 6.765e+02 84 0 4 6.112e+02 6.488e+02 350 0 1 6.436e+02 6.584e+02 137 0 2 6.576e+02 6.864e+02 268 1 1 5.239e+02 5.261e+02 21 2 1 2.665e+00 3.933e+01 340
39962 6 2 3 1.847e+02 1.933e+02 80 2 1 2.242e+02 2.378e+02 126 2 4 1.583e+02 1.777e+02 180 2 2 1.972e+02 2.228e+02 238 2 1 1.718e+02 2.062e+02 319 2 1 2.159e+02 2.461e+02 280
39963 5 1 3 1.856e+02 1.924e+02 64 1 1 1.763e+02 2.017e+02 236 1 2 1.547e+02 1.813e+02 246 1 4 1.533e+02 1.827e+02 273 2 2 2.518e+02 2.522e+02 5
39965 4 2 4 6.234e+02 6.366e+02 122 2 4 2.681e+01 5.719e+01 282 2 4 4.060e+02 4.340e+02 260 2 4 6.814e+01 9.986e+01 295
39966 1 0 3 5.657e+02 5.683e+02 24
39967 12 0 2 4.887e+02 5.193e+02 284 0 3 5.073e+02 5.427e+02 328 1 4 4.472e+02 4.768e+02 276 1 4 6.052e+02 6.548e+02 460 2 4 4.994e+02 5.086e+02 86 3 2 3.736e+02 3.824e+02 82 3 2 4.164e+02 4.236e+02 66 3 1 4.728e+02 4.932e+02 189 3 4 3.721e+02 3.839e+02 110 3 3 4.337e+02 4.483e+02 135 3 3 3.821e+02 4.159e+02 313 3 1 3.804e+02 4.176e+02 346
39968 21 0 2 2.506e+02 2.534e+02 26 0 4 6.201e+02 6.399e+02 183 0 1 6.409e+02 6.611e+02 188 0 3 6.399e+02 6.621e+02 206 1 3 5.664e+02 5.676e+02 10 1 1 3.058e+02 3.242e+02 170 1 4 5.732e+02 6.028e+02 275 2 1 1.720e+01 2.480e+01 70 2 2 8.061e+01 8.739e+01 63 2 2 4.574e+02 4.666e+02 85 2 4 2.083e+02 2.117e+02 31 2 4 4.983e+02 5.097e+02 106 2 1 5.884e+01 6.716e+01 77 2 3 2.964e+02 3.336e+02 345 2 3 5.566e+01 7.034e+01 136 2 3 5.055e+02 5.445e+02 363 2 4 6.490e+01 1.031e+02 355 3 3 1.823e+01 2.377e+01 51 3 1 3.786e+00 3.821e+01 320 3 2 2.447e+01 5.953e+01 326 3 3 3.517e+00 3.848e+01 325
39970 0
39971 18 2 3 3.549e+02 3.591e+02 40 2 1 4.269e+02 4.551e+02 261 2 3 5.934e+01 6.666e+01 68 2 2 4.904e+02 5.176e+02 252 2 2 6.908e+01 9.892e+01 277 2 3 4.259e+02 4.561e+02 280 2 4 1.534e+02 1.826e+02 271 2 4 4.451e+02 4.789e+02 313 2 2 2.854e+02 3.026e+02 160 2 3 3.839e+02 4.141e+02 281 2 4 3.245e+02 3.475e+02 214 2 1 4.821e+01 7.779e+01 275 2 4 1.082e+02 1.438e+02 331 2 1 1.355e+02 1.585e+02 214 2 3 2.560e+02 2.900e+02 316 2 2 3.643e+02 3.917e+02 254 2 1 4.641e+00 3.736e+01 304 2 3 7.377e+00 3.462e+01 253
39973 1 2 4 1.671e+02 1.689e+02 16
39975 5 2 1 6.479e+02 6.541e+02 57 2 3 6.485e+02 6.535e+02 47 2 2 6.145e+02 6.455e+02 287 2 4 6.149e+02 6.451e+02 281 3 4 6.579e+02 6.861e+02 262
