45098 1 2 4 1.556e+02 1.804e+02 230
45099 0
45100 11 0 1 5.663e+02 5.677e+02 14 0 3 1.856e+02 1.924e+02 64 0 1 1.864e+02 1.916e+02 49 0 4 2.036e+02 2.164e+02 118 0 2 1.482e+02 1.878e+02 368 1 2 6.277e+02 6.323e+02 43 1 3 6.003e+02 6.177e+02 162 1 4 6.205e+02 6.395e+02 177 2 1 4.827e+02 4.833e+02 6 2 4 3.700e+02 3.860e+02 148 2 2 1.542e+02 1.818e+02 257
45101 3 0 3 6.467e+02 6.553e+02 80 0 1 6.393e+02 6.627e+02 218 0 4 6.537e+02 6.903e+02 340
45103 3 2 4 2.055e+02 2.145e+02 83 2 3 1.414e+02 1.526e+02 105 2 4 6.118e+02 6.482e+02 338
45104 0
45107 8 2 2 3.323e+02 3.397e+02 69 2 4 3.345e+02 3.375e+02 28 2 1 3.411e+02 3.729e+02 296 2 3 3.393e+02 3.747e+02 329 3 2 2.495e+02 2.545e+02 47 3 4 2.459e+02 2.581e+02 113 3 3 2.152e+02 2.468e+02 294 3 1 2.118e+02 2.502e+02 356
45108 11 0 1 5.660e+02 5.680e+02 18 0 4 5.796e+02 5.964e+02 156 0 3 5.562e+02 5.778e+02 200 1 3 5.666e+02 5.674e+02 8 1 2 5.428e+02 5.492e+02 60 1 4 5.807e+02 5.953e+02 135 1 2 4.852e+02 5.228e+02 349 1 2 5.281e+02 5.639e+02 332 2 2 2.928e+02 2.952e+02 21 2 4 2.841e+02 3.039e+02 183 2 3 2.563e+02 2.897e+02 310
45109 19 0 3 1.013e+02 1.087e+02 69 0 2 7.921e+01 8.879e+01 89 0 4 1.638e+02 1.722e+02 77 0 3 8.783e+01 1.222e+02 319 1 2 6.237e+02 6.363e+02 116 1 1 6.007e+02 6.173e+02 154 2 3 3.115e+02 3.185e+02 65 2 3 5.650e+02 5.690e+02 38 2 2 3.278e+02 3.442e+02 153 2 4 2.786e+02 3.094e+02 286 2 4 5.365e+02 5.555e+02 176 2 1 2.887e+00 3.911e+01 336 2 1 5.493e+02 5.847e+02 329 2 1 2.950e+02 3.350e+02 371 2 2 5.745e+02 6.015e+02 251 3 4 5.028e+02 5.052e+02 22 3 3 5.249e+02 5.251e+02 1 3 3 5.173e+02 5.327e+02 144 3 3 5.084e+02 5.416e+02 308
45110 4 0 2 6.569e+02 6.871e+02 280 0 4 6.553e+02 6.887e+02 310 2 2 2.568e+01 5.832e+01 303 2 4 6.576e+01 1.022e+02 339
45114 15 0 3 1.030e+02 1.070e+02 38 0 4 6.695e+02 6.745e+02 46 0 2 7.818e+01 8.982e+01 108 0 1 3.950e+02 4.030e+02 75 0 1 5.202e+01 7.398e+01 204 0 1 6.484e+02 6.536e+02 48 0 3 6.445e+02 6.575e+02 121 0 3 4.248e+02 4.572e+02 301 0 2 6.558e+02 6.882e+02 301 0 4 6.591e+02 6.849e+02 240 0 3 6.318e+02 6.702e+02 357 2 3 6.163e+01 6.437e+01 26 2 1 1.761e+02 2.019e+02 240 2 3 4.273e+01 8.327e+01 376 2 4 1.061e+02 1.459e+02 370
45115 30 0 1 4.820e+02 4.840e+02 18 0 2 5.446e+02 5.474e+02 26 0 1 3.551e+02 3.589e+02 35 0 4 5.873e+02 5.887e+02 13 0 4 3.751e+02 3.809e+02 53 0 3 6.495e+02 6.525e+02 27 0 2 5.028e+02 5.052e+02 23 0 2 3.624e+02 3.936e+02 290 0 2 6.227e+02 6.373e+02 135 0 2 6.706e+02 6.734e+02 26 0 4 4.985e+02 5.095e+02 103 0 3 5.083e+02 5.417e+02 310 0 4 6.208e+02 6.392e+02 170 0 4 6.697e+02 6.743e+02 42 0 1 4.199e+02 4.621e+02 392 0 1 4.736e+02 4.924e+02 174 0 1 5.048e+02 5.452e+02 376 0 4 5.712e+02 6.048e+02 312 0 3 6.424e+02 6.596e+02 160 1 3 6.072e+02 6.108e+02 34 1 4 6.244e+02 6.356e+02 104 2 4 2.507e+02 2.533e+02 25 2 1 3.142e+02 3.158e+02 16 2 3 2.668e+02 2.792e+02 115 2 2 2.912e+02 2.968e+02 51 2 4 2.578e+01 5.822e+01 301 2 2 2.057e+01 6.343e+01 398 2 4 1.667e+01 6.733e+01 470 2 1 -1.104e+00 4.310e+01 410 3 2 4.143e+01 4.257e+01 10
45116 2 1 1 5.240e+02 5.260e+02 19 2 2 3.671e+02 3.889e+02 203
45120 8 0 2 4.606e+02 4.634e+02 26 0 3 4.830e+02 4.830e+02 -8 0 4 4.552e+02 4.688e+02 126 0 1 4.693e+02 4.967e+02 255 1 4 5.426e+02 5.494e+02 64 1 2 6.186e+02 6.414e+02 212 1 3 5.536e+02 5.804e+02 250 2 1 5.395e+01 7.205e+01 168
45122 9 0 4 6.656e+02 6.784e+02 119 2 2 3.668e+01 4.732e+01 99 2 2 1.204e+02 1.316e+02 105 2 1 1.342e+02 1.598e+02 237 2 1 5.431e+01 7.169e+01 161 2 4 1.194e+02 1.326e+02 122 2 3 1.305e+02 1.635e+02 306 2 3 8.094e+00 3.391e+01 240 2 3 4.875e+01 7.725e+01 265
45123 0
45124 19 0 2 6.257e+02 6.343e+02 80 0 2 3.287e+02 3.433e+02 136 0 2 6.700e+02 6.740e+02 37 0 4 6.697e+02 6.743e+02 43 0 2 3.670e+02 3.890e+02 204 0 2 4.413e+02 4.827e+02 384 0 4 3.629e+02 3.931e+02 281 0 2 6.037e+02 6.563e+02 489 0 3 6.392e+02 6.628e+02 220 0 1 4.206e+02 4.614e+02 378 0 3 4.588e+02 5.072e+02 449 0 4 6.073e+02 6.527e+02 422 0 1 6.358e+02 6.662e+02 283 0 4 4.819e+02 5.261e+02 410 2 1 2.100e+01 2.100e+01 -23 2 1 1.470e+02 1.470e+02 -15 2 4 1.197e+02 1.323e+02 117 2 3 1.400e+02 1.540e+02 130 2 3 4.153e+01 8.447e+01 399
45126 10 2 1 6.181e+01 6.419e+01 22 2 3 1.448e+02 1.492e+02 41 2 2 1.630e+02 1.730e+02 93 2 2 2.254e+01 6.146e+01 361 2 3 1.793e+02 1.987e+02 180 2 1 1.339e+02 1.601e+02 244 2 3 1.366e+02 1.574e+02 193 3 3 4.814e+02 4.846e+02 30 3 4 4.556e+02 4.684e+02 118 3 1 4.299e+02 4.521e+02 206
45128 8 0 1 6.072e+02 6.108e+02 33 0 4 4.477e+02 4.763e+02 266 0 3 6.003e+02 6.177e+02 161 0 4 6.212e+02 6.388e+02 163 0 2 6.135e+02 6.465e+02 307 0 1 5.905e+02 6.275e+02 344 2 1 1.815e+01 2.385e+01 53 2 3 1.635e+01 2.565e+01 86
45130 0
45131 2 0 1 4.409e+02 4.411e+02 1 0 4 4.539e+02 4.701e+02 151
45133 40 0 1 6.035e+02 6.145e+02 103 0 4 4.459e+02 4.781e+02 299 0 2 6.217e+02 6.383e+02 155 0 1 4.254e+02 4.566e+02 289 0 4 5.744e+02 6.016e+02 252 2 4 4.620e+02 4.620e+02 -10 2 2 2.513e+02 2.527e+02 12 2 4 5.460e+02 5.460e+02 -0 2 4 2.940e+02 2.940e+02 -1 2 4 4.200e+02 4.200e+02 -11 2 3 3.553e+02 3.587e+02 32 2 4 5.035e+02 5.045e+02 9 2 1 5.929e+01 6.671e+01 69 2 3 5.670e+02 5.670e+02 -1 2 3 2.205e+02 2.415e+02 196 2 4 5.804e+02 5.956e+02 140 2 1 3.123e+02 3.177e+02 50 2 3 3.926e+02 4.054e+02 119 2 3 6.158e+01 6.442e+01 26 2 1 5.616e+02 5.724e+02 100 2 4 2.433e+02 2.607e+02 161 2 2 5.746e+02 6.014e+02 248 2 3 3.133e+02 3.167e+02 31 2 4 5.297e+02 5.623e+02 302 2 1 2.066e+01 2.134e+01 6 2 4 5.710e+02 6.050e+02 316 2 2 6.795e+01 1.000e+02 298 2 4 2.365e+02 2.675e+02 288 2 1 2.730e+02 2.730e+02 -10 2 3 1.738e+01 2.462e+01 67 2 2 2.910e+02 2.970e+02 56 2 2 3.919e+01 4.481e+01 52 2 3 3.029e+02 3.271e+02 224 2 4 3.533e+01 4.867e+01 124 2 3 2.570e+02 2.890e+02 297 2 3 1.186e+01 3.014e+01 170 2 4 2.748e+02 3.132e+02 357 2 2 2.600e+01 5.800e+01 297 2 4 3.013e+01 5.387e+01 220 2 3 3.338e+00 3.866e+01 328
45134 38 0 4 6.300e+02 6.300e+02 -1 0 1 2.730e+02 2.730e+02 -7 0 4 2.938e+02 2.942e+02 3 0 1 3.972e+02 4.008e+02 34 0 3 2.623e+02 2.837e+02 198 0 1 5.635e+02 5.705e+02 65 0 2 2.841e+02 3.039e+02 183 0 4 3.566e+02 3.994e+02 397 0 3 6.509e+02 6.511e+02 1 0 3 3.986e+02 3.994e+02 7 0 2 4.620e+02 4.620e+02 -5 0 3 5.575e+02 5.765e+02 176 0 2 6.288e+02 6.312e+02 23 0 2 6.698e+02 6.742e+02 41 0 4 4.587e+02 4.653e+02 62 0 2 5.343e+02 5.577e+02 216 0 1 5.964e+02 6.216e+02 235 0 4 6.720e+02 6.720e+02 -6 0 3 4.821e+02 4.839e+02 17 0 3 5.945e+02 6.235e+02 269 0 2 6.618e+02 6.822e+02 190 0 2 6.147e+02 6.453e+02 284 0 4 6.612e+02 6.828e+02 201 0 1 6.370e+02 6.650e+02 260 1 4 5.877e+02 5.883e+02 6 1 2 5.398e+02 5.522e+02 115 1 4 1.130e+02 1.390e+02 242 1 2 6.300e+02 6.300e+02 -12 1 1 5.086e+02 5.414e+02 305 1 4 6.244e+02 6.356e+02 104 1 1 5.918e+02 6.262e+02 319 1 2 6.151e+02 6.449e+02 277 1 4 6.137e+02 6.463e+02 302 2 4 2.003e+02 2.197e+02 180 2 4 3.102e+01 5.298e+01 204 2 3 2.226e+02 2.394e+02 156 2 3 2.580e+02 2.880e+02 278 2 3 4.758e+01 7.842e+01 286
45136 9 0 4 6.240e+02 6.360e+02 110 0 1 6.453e+02 6.567e+02 106 0 3 6.424e+02 6.596e+02 160 2 1 1.752e+01 2.448e+01 65 2 2 3.524e+01 4.876e+01 126 2 4 3.246e+01 5.154e+01 177 2 3 5.301e+01 7.299e+01 186 2 3 9.349e+00 3.265e+01 216 2 1 5.063e+01 7.537e+01 230
45138 3 1 4 6.211e+02 6.389e+02 165 2 1 1.377e+02 1.563e+02 173 2 4 2.831e+02 3.049e+02 202
45139 9 0 2 4.613e+02 4.627e+02 13 0 4 4.524e+02 4.716e+02 178 0 3 4.677e+02 4.983e+02 285 0 2 6.140e+02 6.460e+02 298 0 1 4.249e+02 4.571e+02 299 1 4 4.981e+02 5.099e+02 109 2 2 6.264e+02 6.336e+02 67 2 3 4.410e+02 4.410e+02 -6 2 1 6.401e+02 6.619e+02 203
45140 2 0 4 5.860e+02 5.900e+02 38 0 3 5.491e+02 5.849e+02 333
45142 9 0 3 5.598e+02 5.742e+02 133 0 4 6.148e+02 6.452e+02 282 0 3 5.119e+02 5.381e+02 244 0 2 5.335e+02 5.585e+02 233 2 4 8.330e+01 8.470e+01 13 3 4 1.670e+02 1.690e+02 18 3 4 2.002e+02 2.198e+02 182 3 3 3.020e+02 3.280e+02 242 3 4 1.493e+02 1.867e+02 346
45145 15 0 3 5.657e+02 5.683e+02 24 0 1 3.533e+02 3.607e+02 69 0 1 5.523e+02 5.817e+02 274 0 4 5.812e+02 5.948e+02 127 0 3 6.417e+02 6.603e+02 172 0 2 5.314e+02 5.606e+02 270 0 2 6.191e+02 6.409e+02 202 0 1 6.376e+02 6.644e+02 250 0 4 6.166e+02 6.434e+02 249 0 4 5.739e+02 6.021e+02 261 0 3 5.905e+02 6.275e+02 343 2 2 3.632e+01 4.768e+01 106 2 4 3.183e+01 5.217e+01 189 2 1 5.737e+01 6.863e+01 105 2 3 3.295e+00 3.871e+01 329
45146 11 0 4 5.023e+02 5.057e+02 31 0 2 6.699e+02 6.741e+02 40 0 4 4.183e+02 4.217e+02 31 0 3 5.152e+02 5.348e+02 182 0 4 6.683e+02 6.757e+02 68 0 2 6.586e+02 6.854e+02 249 0 1 6.320e+02 6.700e+02 353 2 3 2.218e+02 2.402e+02 170 2 4 6.759e+01 1.004e+02 305 2 1 1.702e+02 2.078e+02 349 2 4 2.379e+02 2.661e+02 262
45149 4 1 1 2.999e+02 3.301e+02 280 1 3 5.120e+02 5.380e+02 240 1 3 3.005e+02 3.295e+02 270 2 1 1.359e+02 1.581e+02 206
45150 0
45151 6 0 4 1.569e+02 1.791e+02 206 0 3 4.696e+02 4.964e+02 250 0 2 6.791e+01 1.001e+02 299 0 3 4.592e+01 8.008e+01 317 0 1 8.734e+01 1.227e+02 328 0 3 9.053e+01 1.195e+02 269
