57549 2 1 2 2.809e+02 3.071e+02 243 2 4 6.172e+02 6.428e+02 237
57550 7 0 4 1.487e+02 1.873e+02 359 0 2 6.527e+02 6.913e+02 359 2 1 6.300e+01 6.300e+01 -3 2 4 1.257e+02 1.263e+02 6 2 4 3.946e+01 4.454e+01 47 2 2 2.712e+01 5.688e+01 276 2 3 4.938e+01 7.662e+01 253
57551 1 0 3 5.079e+02 5.421e+02 317
57552 31 0 4 6.300e+02 6.300e+02 -15 0 1 6.510e+02 6.510e+02 -4 0 4 5.040e+02 5.040e+02 -4 0 2 5.446e+02 5.474e+02 26 0 2 6.274e+02 6.326e+02 48 0 3 6.510e+02 6.510e+02 -6 0 2 4.620e+02 4.620e+02 -2 0 1 5.993e+02 6.187e+02 180 0 2 6.697e+02 6.743e+02 43 0 1 4.236e+02 4.584e+02 323 0 1 4.792e+02 4.868e+02 70 0 3 5.527e+02 5.813e+02 266 0 3 5.896e+02 6.284e+02 360 0 4 6.714e+02 6.726e+02 11 0 2 4.964e+02 5.116e+02 140 0 1 5.076e+02 5.424e+02 323 0 2 6.592e+02 6.848e+02 237 0 4 4.552e+02 4.688e+02 126 0 3 6.351e+02 6.669e+02 296 0 3 4.716e+02 4.944e+02 212 1 4 5.857e+02 5.903e+02 43 1 3 6.090e+02 6.090e+02 -12 1 2 5.849e+02 5.911e+02 57 1 2 6.274e+02 6.326e+02 49 1 4 5.785e+02 5.975e+02 177 1 1 5.991e+02 6.189e+02 183 1 3 5.552e+02 5.788e+02 220 1 4 6.203e+02 6.397e+02 180 2 3 3.138e+02 3.162e+02 22 2 3 2.141e+02 2.479e+02 313 2 3 1.717e+02 2.063e+02 321
57553 0
57554 14 0 1 6.503e+02 6.517e+02 12 0 1 4.772e+02 4.888e+02 108 0 4 3.264e+02 3.456e+02 178 0 4 5.820e+02 5.940e+02 111 0 2 2.826e+02 3.054e+02 211 0 3 6.475e+02 6.545e+02 66 0 1 2.977e+02 3.323e+02 320 0 1 6.067e+02 6.113e+02 43 0 2 6.651e+02 6.789e+02 129 0 3 6.024e+02 6.156e+02 123 0 4 6.644e+02 6.796e+02 141 0 4 6.180e+02 6.420e+02 223 0 4 6.570e+02 6.870e+02 278 0 2 6.553e+02 6.887e+02 310
57555 18 0 3 6.061e+02 6.119e+02 53 0 1 6.031e+02 6.149e+02 110 0 2 6.693e+02 6.747e+02 50 0 4 6.680e+02 6.760e+02 74 0 4 5.693e+02 6.067e+02 348 2 1 1.875e+02 1.905e+02 28 2 3 6.158e+01 6.442e+01 26 2 3 1.413e+02 1.527e+02 106 2 4 3.861e+01 4.539e+01 63 2 2 1.237e+02 1.283e+02 42 2 4 1.648e+02 1.712e+02 60 2 2 2.824e+01 5.576e+01 256 2 4 1.202e+02 1.318e+02 108 2 3 1.778e+02 2.002e+02 208 2 3 9.205e+01 1.180e+02 240 2 1 1.295e+02 1.645e+02 326 2 4 1.100e+02 1.420e+02 297 2 2 1.523e+02 1.837e+02 291
57556 18 0 4 6.704e+02 6.736e+02 29 0 4 5.781e+02 5.979e+02 184 0 2 6.681e+02 6.759e+02 73 0 2 6.206e+02 6.394e+02 174 0 4 6.630e+02 6.810e+02 168 0 4 6.181e+02 6.419e+02 220 0 1 6.403e+02 6.617e+02 200 0 3 5.919e+02 6.261e+02 318 0 3 6.407e+02 6.613e+02 192 1 2 6.267e+02 6.333e+02 61 2 3 5.202e+02 5.298e+02 89 2 4 3.758e+01 4.642e+01 82 2 1 5.111e+02 5.389e+02 259 2 1 5.687e+01 6.913e+01 114 2 2 4.918e+02 5.162e+02 227 2 3 5.077e+01 7.523e+01 227 2 4 4.868e+02 5.212e+02 320 2 2 3.304e+01 5.096e+01 166
57557 24 0 1 5.243e+02 5.257e+02 13 0 4 3.751e+02 3.809e+02 54 0 4 5.850e+02 5.910e+02 56 0 1 5.597e+02 5.743e+02 135 0 1 3.450e+02 3.690e+02 223 0 1 6.056e+02 6.124e+02 64 0 2 3.201e+02 3.519e+02 295 0 3 6.045e+02 6.135e+02 83 0 4 6.562e+02 6.878e+02 294 0 3 5.488e+02 5.852e+02 339 0 2 6.146e+02 6.454e+02 286 0 4 6.162e+02 6.438e+02 257 2 1 5.629e+02 5.711e+02 76 2 1 1.877e+01 2.323e+01 41 2 3 5.237e+02 5.263e+02 24 2 4 1.243e+02 1.277e+02 31 2 1 1.470e+02 1.470e+02 -1 2 2 5.415e+02 5.505e+02 83 2 4 2.083e+02 2.117e+02 31 2 1 5.497e+02 5.843e+02 322 2 4 3.682e+02 3.878e+02 182 2 3 1.371e+02 1.569e+02 185 2 3 2.240e+02 2.380e+02 130 2 2 1.108e+02 1.412e+02 282
57558 4 0 4 3.727e+02 3.833e+02 98 0 1 3.496e+02 3.644e+02 137 0 2 3.660e+02 3.900e+02 222 1 4 4.172e+02 4.228e+02 51
57559 0
57560 9 0 1 3.102e+02 3.198e+02 89 0 3 6.489e+02 6.531e+02 40 0 4 3.284e+02 3.436e+02 141 0 2 3.175e+02 3.545e+02 344 0 2 2.259e+02 2.781e+02 486 0 1 5.828e+02 6.352e+02 486 2 4 1.656e+02 1.704e+02 46 2 3 5.001e+01 7.599e+01 241 2 2 2.251e+02 2.789e+02 500
57561 23 0 4 6.699e+02 6.741e+02 40 0 1 3.967e+02 4.013e+02 43 0 3 6.472e+02 6.548e+02 70 0 3 3.937e+02 4.043e+02 98 0 2 6.160e+02 6.440e+02 260 0 2 6.704e+02 6.736e+02 29 0 4 4.088e+02 4.312e+02 208 0 2 6.618e+02 6.822e+02 190 0 1 6.330e+02 6.690e+02 335 0 3 6.339e+02 6.681e+02 318 0 2 6.520e+02 6.920e+02 372 2 2 4.157e+01 4.243e+01 8 2 4 5.443e+02 5.477e+02 31 2 3 1.039e+02 1.061e+02 20 2 2 5.862e+02 5.898e+02 34 2 4 3.784e+01 4.616e+01 77 2 3 5.638e+02 5.702e+02 60 2 2 1.244e+02 1.276e+02 30 2 1 6.075e+02 6.105e+02 28 2 3 2.891e+00 3.911e+01 336 2 4 1.198e+02 1.322e+02 115 2 1 1.341e+02 1.599e+02 240 2 1 4.431e+01 8.169e+01 347
57562 0
57563 19 0 1 5.555e+02 5.785e+02 214 0 1 6.027e+02 6.153e+02 117 0 3 6.004e+02 6.176e+02 160 0 4 6.120e+02 6.480e+02 334 0 3 5.899e+02 6.281e+02 354 0 2 6.115e+02 6.485e+02 344 2 4 5.868e+02 5.892e+02 22 2 1 5.871e+01 6.729e+01 80 2 2 7.890e+01 8.910e+01 95 2 3 5.632e+02 5.708e+02 70 2 1 1.245e+01 2.955e+01 159 2 3 5.926e+02 6.254e+02 305 2 4 6.571e+01 1.023e+02 340 2 4 3.013e+01 5.387e+01 220 2 3 5.056e+02 5.444e+02 360 2 2 6.620e+01 1.018e+02 330 2 3 5.225e+01 7.375e+01 200 2 3 7.825e+00 3.418e+01 245 2 2 2.321e+01 6.079e+01 349
57564 52 0 2 6.288e+02 6.312e+02 22 0 1 5.545e+02 5.795e+02 233 0 4 6.246e+02 6.354e+02 100 0 1 6.350e+02 6.670e+02 297 0 4 4.506e+02 4.734e+02 212 0 3 5.559e+02 5.781e+02 206 0 4 5.793e+02 5.967e+02 161 0 3 6.335e+02 6.685e+02 326 0 3 4.655e+02 5.005e+02 325 0 1 5.138e+02 5.362e+02 208 0 1 6.061e+02 6.119e+02 54 0 4 6.520e+02 6.920e+02 372 0 1 5.948e+02 6.232e+02 264 1 2 6.284e+02 6.316e+02 30 1 3 5.234e+02 5.266e+02 30 1 4 5.838e+02 5.922e+02 79 1 4 6.235e+02 6.365e+02 121 1 1 5.621e+02 5.719e+02 90 1 2 5.802e+02 5.958e+02 145 1 1 5.913e+02 6.267e+02 329 1 3 5.492e+02 5.848e+02 330 2 4 5.452e+02 5.468e+02 16 2 1 3.126e+02 3.174e+02 45 2 4 3.775e+02 3.785e+02 10 2 4 4.054e+01 4.346e+01 27 2 4 4.995e+02 5.085e+02 84 2 2 7.850e+01 8.950e+01 102 2 3 3.819e+02 4.161e+02 317 2 3 1.441e+02 1.499e+02 54 2 4 2.063e+02 2.137e+02 68 2 3 2.715e+02 2.745e+02 27 2 4 3.357e+02 3.363e+02 6 2 1 6.185e+01 6.415e+01 21 2 4 1.158e+02 1.362e+02 190 2 1 1.411e+02 1.529e+02 109 2 1 2.305e+02 2.315e+02 9 2 2 2.917e+02 2.963e+02 42 2 2 3.720e+02 3.840e+02 112 2 3 5.081e+01 7.519e+01 226 2 2 6.571e+01 1.023e+02 340 2 2 1.478e+02 1.882e+02 376 2 2 2.490e+02 2.550e+02 56 2 1 2.984e+02 3.316e+02 309 2 3 3.427e+02 3.713e+02 266 2 2 3.278e+01 5.122e+01 171 2 4 2.416e+02 2.624e+02 193 2 4 2.761e+02 3.119e+02 333 2 1 4.781e+01 7.819e+01 282 2 1 2.181e+02 2.439e+02 240 2 2 2.250e+01 6.150e+01 362 2 3 2.117e+02 2.503e+02 358 3 1 1.465e+02 1.475e+02 10
57565 1 0 4 7.993e+01 8.807e+01 76
57566 1 0 1 4.332e+01 8.268e+01 366
57567 3 1 4 6.279e+02 6.321e+02 40 1 3 4.969e+01 7.631e+01 247 2 4 2.836e+02 3.044e+02 194
57568 0
57569 0
57570 0
57571 19 0 2 6.239e+02 6.361e+02 113 0 4 6.158e+02 6.442e+02 264 0 3 6.428e+02 6.592e+02 152 0 1 6.324e+02 6.696e+02 346 2 3 3.148e+02 3.152e+02 5 2 3 6.154e+01 6.446e+01 27 2 4 5.444e+02 5.476e+02 29 2 1 3.104e+02 3.196e+02 86 2 2 5.030e+02 5.050e+02 18 2 4 2.786e+02 3.094e+02 286 2 1 5.186e+02 5.314e+02 120 2 2 3.193e+02 3.527e+02 310 2 4 4.457e+02 4.783e+02 302 2 4 3.197e+01 5.203e+01 186 2 2 5.391e+02 5.529e+02 128 2 3 2.309e+00 3.969e+01 347 2 3 4.223e+02 4.597e+02 347 2 3 4.640e+02 5.020e+02 353 2 3 5.506e+02 5.834e+02 304
57572 4 0 4 5.016e+02 5.064e+02 46 0 2 6.617e+02 6.823e+02 191 0 4 6.583e+02 6.857e+02 255 2 4 4.189e+02 4.211e+02 21
57573 11 0 4 6.519e+02 6.921e+02 374 2 2 8.074e+01 8.726e+01 60 2 1 4.879e+01 7.721e+01 264 2 3 4.866e+01 7.734e+01 266 3 4 8.400e+01 8.400e+01 -12 3 2 8.400e+01 8.400e+01 -6 3 1 1.021e+02 1.079e+02 53 3 2 7.060e+01 9.740e+01 249 3 3 9.739e+01 1.126e+02 141 3 1 4.462e+01 8.138e+01 341 3 3 4.444e+01 8.156e+01 345
57574 0
