25211 0
25212 21 0 4 8.281e+01 8.519e+01 22 0 3 3.983e+02 3.997e+02 12 0 1 3.558e+02 3.582e+02 22 0 3 6.030e+02 6.150e+02 110 0 2 4.549e+02 4.691e+02 132 0 4 3.770e+02 3.790e+02 18 0 3 5.645e+02 5.695e+02 46 0 2 3.700e+02 3.860e+02 148 0 2 6.294e+02 6.306e+02 10 0 4 4.082e+02 4.318e+02 220 0 1 3.370e+02 3.770e+02 372 0 3 4.729e+02 4.931e+02 188 0 4 5.846e+02 5.914e+02 63 0 4 4.479e+02 4.761e+02 261 0 1 4.654e+02 5.006e+02 326 1 2 6.135e+02 6.465e+02 307 2 4 1.249e+02 1.271e+02 20 2 3 1.854e+02 1.926e+02 66 2 1 1.218e+01 2.982e+01 164 2 4 1.553e+02 1.807e+02 236 2 3 7.377e+00 3.462e+01 253
25215 5 0 1 6.463e+02 6.557e+02 86 0 3 6.489e+02 6.531e+02 40 1 2 3.322e+02 3.398e+02 70 1 2 2.854e+02 3.026e+02 160 1 2 2.735e+02 3.145e+02 381
25216 13 0 3 6.080e+02 6.100e+02 18 0 1 5.192e+02 5.308e+02 108 0 1 6.042e+02 6.138e+02 90 0 2 5.356e+02 5.564e+02 193 0 4 5.761e+02 5.999e+02 221 0 3 5.079e+02 5.421e+02 317 0 1 5.892e+02 6.288e+02 368 2 2 3.672e+01 4.728e+01 98 2 2 8.115e+01 8.685e+01 53 2 3 5.492e+00 3.651e+01 288 2 3 1.016e+02 1.084e+02 64 2 4 3.143e+01 5.257e+01 196 2 4 1.123e+02 1.397e+02 255
25217 0
25218 0
25220 0
25223 0
25225 0
25227 0
25228 0
25230 3 0 4 5.786e+02 5.974e+02 175 0 3 5.964e+02 6.216e+02 234 0 1 5.934e+02 6.246e+02 290
25237 0
25241 11 0 2 5.419e+02 5.501e+02 76 0 2 3.725e+02 3.835e+02 103 0 4 6.628e+02 6.812e+02 170 0 3 5.575e+02 5.765e+02 177 0 3 6.402e+02 6.618e+02 200 0 1 5.497e+02 5.843e+02 320 0 2 6.601e+02 6.839e+02 220 0 1 5.101e+02 5.399e+02 277 2 1 1.146e+01 3.054e+01 177 2 3 6.435e+00 3.557e+01 270 2 2 2.286e+01 6.114e+01 356
25248 6 1 4 6.297e+02 6.303e+02 5 1 2 6.275e+02 6.325e+02 47 1 1 5.944e+02 6.236e+02 270 2 4 3.780e+02 3.780e+02 -5 2 3 3.890e+02 4.090e+02 186 3 4 4.902e+02 5.178e+02 256
25249 1 2 4 5.868e+02 5.892e+02 23
25250 10 1 3 3.556e+02 3.584e+02 26 2 2 4.009e+01 4.391e+01 36 2 4 1.210e+02 1.310e+02 92 2 1 1.446e+02 1.494e+02 46 2 4 4.077e+02 4.323e+02 229 2 4 3.668e+01 4.732e+01 99 2 3 1.327e+02 1.613e+02 266 2 3 4.459e+00 3.754e+01 307 2 2 1.091e+02 1.429e+02 315 2 1 2.214e+00 3.979e+01 349
25252 15 0 2 6.291e+02 6.309e+02 17 0 4 6.288e+02 6.312e+02 23 0 3 6.315e+02 6.705e+02 363 1 2 6.256e+02 6.344e+02 81 1 4 6.267e+02 6.333e+02 61 1 1 5.948e+02 6.232e+02 264 1 3 5.924e+02 6.256e+02 309 2 2 7.993e+01 8.807e+01 76 2 4 7.881e+01 8.919e+01 96 2 1 4.700e+01 7.900e+01 297 2 3 4.826e+01 7.774e+01 274 3 2 3.928e+01 4.472e+01 50 3 4 4.063e+01 4.337e+01 26 3 1 4.668e+01 7.932e+01 303 3 3 4.467e+01 8.133e+01 340
25254 2 0 1 2.306e+02 2.314e+02 8 0 2 2.430e+02 2.610e+02 168
25255 14 0 4 6.703e+02 6.737e+02 31 0 2 6.641e+02 6.799e+02 146 0 4 6.590e+02 6.850e+02 241 1 2 6.297e+02 6.303e+02 6 1 1 6.081e+02 6.099e+02 16 1 1 5.522e+02 5.818e+02 276 1 3 6.033e+02 6.147e+02 106 2 2 3.865e+01 4.535e+01 62 2 3 2.298e+02 2.322e+02 21 2 4 3.843e+01 4.557e+01 66 2 4 1.987e+02 2.213e+02 210 2 3 1.123e+01 3.077e+01 181 2 4 6.670e+01 1.013e+02 321 2 1 4.493e+01 8.107e+01 336
25257 16 0 1 6.510e+02 6.510e+02 -7 0 2 6.148e+02 6.452e+02 282 0 2 6.682e+02 6.758e+02 70 0 4 6.065e+02 6.535e+02 436 0 4 6.707e+02 6.733e+02 24 0 2 6.584e+02 6.856e+02 252 0 3 6.331e+02 6.689e+02 333 1 2 6.254e+02 6.346e+02 86 1 4 5.728e+02 6.032e+02 282 1 2 6.127e+02 6.473e+02 320 2 2 7.818e+01 8.982e+01 108 2 4 6.131e+01 1.067e+02 421 2 3 6.176e+01 6.424e+01 23 2 3 1.702e+01 2.498e+01 74 2 1 5.440e+01 7.160e+01 160 2 3 4.659e+01 7.941e+01 305
25263 13 0 3 6.465e+02 6.555e+02 84 0 2 6.145e+02 6.455e+02 288 0 1 6.451e+02 6.569e+02 109 0 4 6.133e+02 6.467e+02 310 1 2 6.206e+02 6.394e+02 175 1 4 6.193e+02 6.407e+02 199 2 4 8.209e+01 8.591e+01 36 2 2 8.074e+01 8.726e+01 60 2 3 8.819e+01 1.218e+02 312 3 2 3.372e+01 5.028e+01 154 3 4 3.493e+01 4.907e+01 131 3 1 5.319e+01 7.281e+01 182 3 3 5.198e+01 7.402e+01 205
25267 18 0 2 6.716e+02 6.724e+02 7 0 4 5.799e+02 5.961e+02 151 0 4 6.711e+02 6.729e+02 16 0 3 5.931e+02 6.249e+02 296 0 1 6.449e+02 6.571e+02 114 0 3 6.436e+02 6.584e+02 138 0 4 6.603e+02 6.837e+02 218 0 1 6.360e+02 6.660e+02 279 0 2 6.581e+02 6.859e+02 259 0 4 6.529e+02 6.911e+02 355 2 1 1.676e+01 2.524e+01 79 2 4 1.231e+02 1.289e+02 55 2 3 4.304e+02 4.516e+02 197 2 2 1.619e+02 1.741e+02 114 2 4 4.499e+02 4.741e+02 225 2 3 7.064e+00 3.494e+01 259 2 4 1.649e+02 1.711e+02 57 2 3 1.302e+02 1.638e+02 311
25269 1 2 4 3.865e+01 4.535e+01 62
25270 0
25273 1 1 2 3.617e+02 3.943e+02 302
25274 14 0 1 2.705e+02 2.755e+02 46 0 1 6.480e+02 6.540e+02 56 0 1 4.826e+02 4.834e+02 8 0 4 5.846e+02 5.914e+02 63 0 2 6.659e+02 6.781e+02 113 0 3 4.768e+02 4.892e+02 116 0 4 6.673e+02 6.767e+02 88 0 4 4.990e+02 5.090e+02 93 0 3 6.453e+02 6.567e+02 106 0 2 4.863e+02 5.217e+02 329 0 4 6.573e+02 6.867e+02 274 0 1 6.378e+02 6.642e+02 246 0 3 6.368e+02 6.652e+02 265 0 2 6.566e+02 6.874e+02 286
25276 4 3 4 3.773e+02 3.787e+02 14 3 2 3.730e+02 3.830e+02 92 3 1 3.471e+02 3.669e+02 184 3 3 3.382e+02 3.758e+02 349
25277 4 0 3 4.252e+02 4.568e+02 294 0 2 4.424e+02 4.816e+02 365 0 1 3.808e+02 4.172e+02 337 2 4 6.688e+02 6.752e+02 59
25278 39 0 2 6.291e+02 6.309e+02 17 0 4 6.720e+02 6.720e+02 -11 0 4 5.020e+02 5.060e+02 36 0 4 6.267e+02 6.333e+02 62 0 1 6.510e+02 6.510e+02 -22 0 1 4.318e+02 4.502e+02 170 0 2 4.618e+02 4.622e+02 3 0 4 5.838e+02 5.922e+02 79 0 3 6.499e+02 6.521e+02 20 0 1 4.797e+02 4.863e+02 60 0 1 6.082e+02 6.098e+02 16 0 2 6.702e+02 6.738e+02 33 0 3 4.808e+02 4.852e+02 41 0 3 6.052e+02 6.128e+02 70 0 4 6.625e+02 6.815e+02 176 0 2 4.989e+02 5.091e+02 96 0 3 5.976e+02 6.204e+02 211 0 1 6.373e+02 6.647e+02 255 0 4 4.517e+02 4.723e+02 190 0 3 6.340e+02 6.680e+02 316 0 3 4.703e+02 4.957e+02 236 0 2 4.436e+02 4.804e+02 342 1 4 6.300e+02 6.300e+02 0 1 1 6.090e+02 6.090e+02 -20 1 3 5.972e+02 6.208e+02 219 1 2 6.188e+02 6.412e+02 209 2 4 3.340e+02 3.380e+02 36 2 1 1.823e+01 2.377e+01 51 2 2 8.209e+01 8.591e+01 36 2 1 1.814e+02 1.966e+02 141 2 2 3.964e+01 4.436e+01 44 2 4 8.400e+01 8.400e+01 -10 2 4 2.344e+02 2.696e+02 327 2 4 3.618e+01 4.782e+01 108 2 3 1.016e+02 1.084e+02 63 2 3 1.424e+01 2.776e+01 126 2 2 1.082e+02 1.438e+02 330 2 3 7.512e+00 3.449e+01 250 2 3 4.475e+01 8.125e+01 339
