7172 27 0 1 5.581e+02 5.759e+02 165 0 1 6.076e+02 6.104e+02 26 0 2 6.689e+02 6.751e+02 57 0 4 1.922e+02 2.278e+02 330 0 3 5.589e+02 5.751e+02 150 0 3 6.053e+02 6.127e+02 68 0 4 6.670e+02 6.770e+02 93 0 3 5.186e+02 5.314e+02 119 0 2 6.272e+02 6.328e+02 51 0 1 6.446e+02 6.574e+02 120 0 2 5.378e+02 5.542e+02 152 0 4 6.244e+02 6.356e+02 105 0 3 6.433e+02 6.587e+02 143 0 2 5.276e+02 5.644e+02 342 0 4 5.765e+02 5.995e+02 214 0 1 6.335e+02 6.685e+02 325 0 2 6.140e+02 6.460e+02 297 0 4 6.131e+02 6.469e+02 315 1 1 6.063e+02 6.117e+02 50 1 2 6.268e+02 6.332e+02 60 1 4 4.440e+02 4.800e+02 334 1 4 4.918e+02 5.162e+02 227 1 4 6.114e+02 6.486e+02 346 2 4 8.339e+01 8.461e+01 11 2 3 5.238e+02 5.262e+02 22 2 4 1.248e+02 1.272e+02 23 2 4 4.887e+02 5.193e+02 285
7174 2 1 4 6.284e+02 6.316e+02 30 3 1 1.323e+02 1.617e+02 274
7176 7 3 1 5.663e+02 5.677e+02 14 3 2 3.762e+02 3.798e+02 34 3 4 3.676e+02 3.884e+02 194 3 1 4.328e+02 4.492e+02 151 3 1 5.498e+02 5.842e+02 320 3 3 3.858e+02 4.122e+02 245 3 1 3.426e+02 3.714e+02 268
7177 8 1 4 6.135e+02 6.465e+02 306 2 3 4.396e+02 4.424e+02 26 2 2 5.851e+02 5.909e+02 54 2 4 2.035e+02 2.165e+02 120 2 4 4.171e+02 4.229e+02 53 2 2 4.567e+02 4.673e+02 98 2 4 2.385e+02 2.655e+02 250 2 1 6.014e+02 6.166e+02 140
7180 24 0 4 6.698e+02 6.742e+02 40 0 1 6.413e+02 6.607e+02 180 0 2 6.083e+02 6.517e+02 403 0 1 2.934e+02 3.366e+02 400 0 3 6.368e+02 6.652e+02 263 0 4 3.558e+02 4.002e+02 412 0 1 3.756e+02 4.224e+02 434 0 2 3.109e+02 3.611e+02 466 0 2 4.355e+02 4.885e+02 493 0 4 3.107e+02 3.613e+02 470 0 3 4.998e+02 5.502e+02 469 0 2 6.528e+02 6.912e+02 356 0 4 4.410e+02 4.830e+02 390 0 4 6.495e+02 6.945e+02 417 0 3 6.265e+02 6.755e+02 456 1 4 3.590e+02 3.970e+02 353 2 3 1.033e+02 1.067e+02 31 2 2 1.222e+02 1.298e+02 71 2 3 9.407e+01 1.159e+02 203 2 4 7.298e+01 9.502e+01 205 2 2 1.885e+02 2.315e+02 400 2 4 6.194e+01 1.061e+02 410 2 3 1.627e+02 2.153e+02 488 2 3 8.240e+01 1.276e+02 420
7184 8 0 4 2.085e+02 2.115e+02 27 0 3 1.736e+02 2.044e+02 286 0 2 1.969e+02 2.231e+02 243 1 1 4.409e+02 4.411e+02 1 1 4 4.121e+02 4.279e+02 147 1 1 4.280e+02 4.540e+02 242 2 4 4.192e+02 4.208e+02 15 2 3 4.374e+02 4.446e+02 67
7185 0
7187 7 0 2 4.982e+02 5.098e+02 108 0 3 5.186e+02 5.314e+02 118 2 4 3.779e+02 3.781e+02 2 2 1 3.959e+02 4.021e+02 57 2 4 7.702e+01 9.098e+01 130 2 2 3.665e+02 3.895e+02 214 2 3 3.869e+02 4.111e+02 226
7191 0
7193 40 0 3 4.364e+02 4.456e+02 86 2 1 2.715e+02 2.745e+02 27 2 4 5.454e+02 5.466e+02 10 2 1 1.765e+01 2.435e+01 62 2 1 3.971e+02 4.009e+02 35 2 4 1.232e+02 1.288e+02 51 2 4 4.561e+02 4.679e+02 109 2 3 1.878e+02 1.902e+02 23 2 3 5.662e+02 5.678e+02 15 2 4 2.459e+02 2.581e+02 113 2 3 6.502e+02 6.518e+02 15 2 1 3.553e+02 3.587e+02 32 2 4 4.159e+02 4.241e+02 76 2 3 1.972e+01 2.228e+01 24 2 3 4.764e+02 4.896e+02 122 2 4 8.317e+01 8.483e+01 16 2 2 5.792e+02 5.968e+02 163 2 3 1.451e+02 1.489e+02 35 2 3 4.335e+02 4.485e+02 140 2 2 2.407e+02 2.633e+02 210 2 1 4.737e+02 4.923e+02 173 2 1 3.008e+02 3.292e+02 263 2 1 5.482e+02 5.858e+02 350 2 3 3.546e+02 3.594e+02 44 2 2 4.004e+02 4.396e+02 365 2 2 2.667e+01 5.733e+01 285 2 2 4.465e+02 4.775e+02 287 2 2 7.917e+01 8.883e+01 90 2 2 1.665e+02 1.695e+02 27 2 3 2.537e+02 2.923e+02 359 2 2 3.734e+02 3.826e+02 85 2 1 5.050e+01 7.550e+01 232 2 4 7.392e+01 9.408e+01 187 2 1 1.851e+02 1.929e+02 73 2 2 3.308e+02 3.412e+02 96 2 3 4.776e+01 7.824e+01 283 2 3 8.756e+01 1.224e+02 324 2 4 3.295e+02 3.425e+02 121 2 1 3.418e+02 3.722e+02 282 2 2 3.619e+02 3.941e+02 300
7194 2 2 3 7.333e+00 3.467e+01 254 2 4 2.382e+02 2.658e+02 256
7196 16 0 1 6.505e+02 6.515e+02 9 0 3 4.809e+02 4.851e+02 39 0 3 6.494e+02 6.526e+02 30 0 1 4.778e+02 4.882e+02 96 0 4 5.818e+02 5.942e+02 115 0 2 6.711e+02 6.729e+02 16 0 3 5.540e+02 5.800e+02 242 0 3 5.922e+02 6.258e+02 312 0 4 6.714e+02 6.726e+02 11 0 4 4.837e+02 5.243e+02 376 0 1 5.477e+02 5.863e+02 359 0 4 6.125e+02 6.475e+02 325 0 1 6.334e+02 6.686e+02 327 0 3 6.327e+02 6.693e+02 340 1 2 6.239e+02 6.361e+02 114 1 4 6.166e+02 6.434e+02 248
7197 22 0 4 5.854e+02 5.906e+02 49 0 2 6.698e+02 6.742e+02 40 0 4 6.707e+02 6.733e+02 25 0 1 6.345e+02 6.675e+02 307 0 3 5.489e+02 5.851e+02 336 0 3 6.314e+02 6.706e+02 365 1 1 2.043e+01 2.157e+01 10 2 4 1.668e+02 1.692e+02 23 2 2 2.470e+02 2.570e+02 93 2 2 4.996e+02 5.084e+02 82 2 2 3.856e+01 4.544e+01 64 2 1 5.218e+02 5.282e+02 59 2 4 2.078e+02 2.122e+02 41 2 4 4.574e+02 4.666e+02 85 2 4 3.314e+01 5.086e+01 165 2 1 5.128e+02 5.372e+02 227 2 4 1.540e+02 1.820e+02 260 2 3 4.762e+02 4.898e+02 127 2 3 2.244e+02 2.376e+02 123 2 1 5.270e+01 7.330e+01 191 2 1 2.123e+02 2.497e+02 348 2 3 3.968e+00 3.803e+01 316
7198 10 0 1 6.280e+02 6.740e+02 426 0 4 3.540e+02 4.020e+02 446 0 4 4.836e+02 5.244e+02 378 0 3 6.242e+02 6.778e+02 497 1 4 6.063e+02 6.537e+02 440 2 3 8.397e+01 1.260e+02 390 2 4 2.102e+01 6.298e+01 390 2 3 -6.529e-01 4.265e+01 402 2 2 2.147e+01 6.253e+01 381 2 3 3.852e+01 8.748e+01 455
7200 1 3 1 9.699e+01 1.130e+02 149
7201 0
7202 6 0 4 3.705e+02 3.855e+02 139 1 4 6.242e+02 6.358e+02 108 2 3 3.557e+02 3.583e+02 24 2 2 3.350e+02 3.370e+02 19 2 1 2.179e+02 2.441e+02 244 2 4 3.659e+02 3.901e+02 225
7203 4 0 1 5.616e+02 5.724e+02 100 0 4 5.855e+02 5.905e+02 47 2 3 2.093e+01 2.107e+01 1 2 1 1.236e+01 2.964e+01 160
7204 45 0 4 3.762e+02 3.798e+02 34 0 1 5.221e+02 5.279e+02 53 0 1 3.560e+02 3.580e+02 19 0 4 5.880e+02 5.880e+02 -13 0 2 3.646e+02 3.914e+02 250 0 2 6.713e+02 6.727e+02 13 0 2 5.377e+02 5.543e+02 154 0 3 6.055e+02 6.125e+02 66 0 4 6.706e+02 6.734e+02 26 0 1 5.547e+02 5.793e+02 229 0 1 6.016e+02 6.164e+02 137 0 4 6.585e+02 6.855e+02 251 0 3 5.502e+02 5.838e+02 312 0 1 6.340e+02 6.680e+02 316 0 3 5.110e+02 5.390e+02 260 1 1 6.058e+02 6.122e+02 60 1 3 6.064e+02 6.116e+02 49 1 4 6.289e+02 6.311e+02 21 1 2 5.707e+02 6.053e+02 320 1 2 6.183e+02 6.417e+02 218 1 3 5.896e+02 6.284e+02 360 2 2 3.919e+01 4.481e+01 52 2 3 3.980e+02 4.000e+02 19 2 3 1.034e+02 1.066e+02 29 2 2 6.279e+02 6.321e+02 39 2 4 2.894e+02 2.986e+02 86 2 1 3.926e+02 4.054e+02 119 2 4 3.755e+02 3.805e+02 47 2 4 6.169e+02 6.431e+02 243 2 1 1.290e+01 2.910e+01 150 2 2 4.160e+02 4.240e+02 75 2 2 8.231e+01 8.569e+01 31 2 4 4.957e+02 5.123e+02 154 2 3 3.149e+02 3.151e+02 1 2 1 4.269e+02 4.551e+02 262 2 2 3.352e+02 3.368e+02 15 2 3 4.662e+02 4.998e+02 312 2 3 9.665e+00 3.233e+01 210 2 2 4.061e+02 4.339e+02 259 2 3 9.658e+01 1.134e+02 156 2 1 3.525e+02 3.615e+02 84 2 2 1.128e+02 1.392e+02 246 2 3 1.720e+02 2.060e+02 316 2 4 1.130e+02 1.389e+02 240 2 4 6.818e+01 9.982e+01 294
7205 4 0 2 5.430e+02 5.490e+02 56 0 3 5.531e+02 5.809e+02 259 0 2 6.573e+02 6.867e+02 274 0 1 5.475e+02 5.865e+02 362
7206 14 0 2 2.924e+02 2.956e+02 29 0 2 4.618e+02 4.622e+02 3 0 4 4.130e+02 4.270e+02 130 0 4 4.594e+02 4.646e+02 49 0 2 5.311e+02 5.609e+02 276 0 1 3.882e+02 4.098e+02 200 0 3 3.869e+02 4.111e+02 224 0 3 4.230e+02 4.590e+02 335 1 2 6.265e+02 6.335e+02 66 1 3 5.482e+02 5.858e+02 350 2 3 3.135e+02 3.165e+02 28 2 2 3.250e+02 3.470e+02 204 2 4 2.781e+02 3.099e+02 296 2 1 2.984e+02 3.316e+02 309
7208 10 0 1 6.031e+02 6.149e+02 110 0 3 6.000e+02 6.180e+02 168 0 2 6.163e+02 6.437e+02 255 0 4 6.200e+02 6.400e+02 186 2 4 5.460e+02 5.460e+02 -1 3 1 4.398e+02 4.422e+02 22 3 2 4.181e+02 4.219e+02 35 3 3 3.829e+02 4.151e+02 299 3 4 4.499e+02 4.741e+02 226 3 4 4.091e+02 4.309e+02 202
7211 16 2 1 2.310e+02 2.310e+02 -8 2 3 3.532e+02 3.608e+02 70 2 1 6.275e+01 6.325e+01 5 2 4 7.468e+01 9.332e+01 173 2 1 3.051e+02 3.249e+02 185 2 2 3.339e+02 3.381e+02 40 2 1 1.922e+01 2.278e+01 33 2 3 3.003e+02 3.297e+02 272 2 2 3.705e+02 3.855e+02 140 2 1 3.561e+00 3.844e+01 324 2 4 3.230e+02 3.490e+02 241 2 1 3.382e+02 3.758e+02 350 3 3 1.990e+01 2.210e+01 20 3 2 3.932e+01 4.468e+01 50 3 4 4.022e+01 4.378e+01 33 3 1 5.023e+01 7.577e+01 237
7213 0
7214 0
7216 5 0 2 6.210e+02 6.390e+02 167 2 3 1.883e+02 1.897e+02 12 2 4 2.936e+02 2.944e+02 8 2 4 1.932e+02 2.268e+02 311 3 4 2.492e+01 5.908e+01 317
7217 5 0 4 3.341e+02 3.379e+02 36 2 1 1.428e+02 1.512e+02 77 2 4 1.153e+02 1.367e+02 199 2 3 1.384e+02 1.556e+02 160 2 2 1.126e+02 1.394e+02 248
7218 13 0 2 6.284e+02 6.316e+02 29 0 4 6.251e+02 6.349e+02 90 0 3 6.459e+02 6.561e+02 96 0 2 6.682e+02 6.758e+02 71 0 2 3.200e+02 3.520e+02 297 0 4 6.704e+02 6.736e+02 30 0 1 6.433e+02 6.587e+02 144 0 4 6.625e+02 6.815e+02 176 0 3 6.352e+02 6.668e+02 294 2 1 5.696e+01 6.904e+01 112 2 3 6.167e+01 6.433e+01 25 2 2 6.890e+01 9.910e+01 280 2 4 2.263e+01 6.137e+01 360
7219 60 0 2 3.353e+02 3.367e+02 13 0 3 6.248e+01 6.352e+01 10 0 3 1.018e+02 1.082e+02 60 0 4 3.346e+02 3.374e+02 26 0 1 5.795e+01 6.805e+01 94 0 4 7.424e+01 9.376e+01 181 0 4 2.034e+02 2.166e+02 123 0 2 2.770e+01 5.630e+01 266 0 1 3.392e+02 3.748e+02 330 1 2 5.428e+02 5.492e+02 59 1 2 6.300e+02 6.300e+02 -0 1 1 5.217e+02 5.283e+02 61 1 3 4.320e+02 4.500e+02 168 1 3 5.575e+02 5.765e+02 176 1 2 4.462e+02 4.778e+02 294 1 4 6.300e+02 6.300e+02 -5 1 1 6.042e+02 6.138e+02 90 1 1 5.071e+02 5.429e+02 333 1 4 6.157e+02 6.443e+02 266 1 3 5.917e+02 6.263e+02 322 2 3 1.026e+02 1.074e+02 45 2 4 1.656e+02 1.704e+02 44 2 3 6.508e+02 6.512e+02 3 2 3 2.290e+02 2.330e+02 37 2 2 4.143e+02 4.257e+02 106 2 4 2.902e+02 2.978e+02 71 2 4 5.024e+02 5.056e+02 30 2 4 4.130e+01 4.270e+01 13 2 1 5.212e+02 5.288e+02 71 2 2 1.260e+02 1.260e+02 -14 2 2 5.862e+02 5.898e+02 33 2 3 1.885e+02 1.895e+02 9 2 4 4.139e+02 4.261e+02 113 2 2 2.080e+02 2.120e+02 37 2 4 4.564e+02 4.676e+02 105 2 2 2.841e+02 3.039e+02 184 2 3 5.538e+02 5.802e+02 245 2 1 5.965e+01 6.635e+01 62 2 1 5.999e+02 6.181e+02 170 2 4 1.129e+02 1.391e+02 243 2 3 6.342e+02 6.678e+02 311 2 4 1.590e+02 1.770e+02 167 2 3 3.840e+02 4.140e+02 278 2 4 2.418e+02 2.622e+02 189 2 4 4.451e+02 4.789e+02 315 2 3 3.044e+02 3.256e+02 197 2 3 5.141e+02 5.359e+02 203 2 3 1.523e+01 2.677e+01 107 2 4 5.740e+02 6.020e+02 260 2 1 1.359e+02 1.581e+02 206 2 4 6.583e+02 6.857e+02 255 2 4 1.960e+02 2.240e+02 260 2 2 4.884e+02 5.196e+02 290 2 3 2.611e+02 2.849e+02 220 2 3 4.992e+01 7.608e+01 243 2 3 1.700e+02 2.080e+02 353 2 3 2.171e+02 2.449e+02 258 2 3 4.998e+00 3.700e+01 297 2 1 1.274e+02 1.666e+02 365 2 2 3.017e+01 5.383e+01 220
7220 0
7221 12 0 4 4.941e+02 5.139e+02 185 2 2 4.153e+01 4.247e+01 9 2 4 2.499e+02 2.541e+02 39 2 2 3.771e+02 3.789e+02 16 2 3 2.701e+02 2.759e+02 53 2 2 3.327e+02 3.393e+02 60 2 4 1.956e+02 2.244e+02 268 2 3 3.067e+02 3.233e+02 155 2 4 3.170e+02 3.550e+02 353 2 2 2.816e+02 3.064e+02 230 2 1 2.566e+02 2.894e+02 305 2 4 2.737e+02 3.143e+02 377
