15851 64 0 4 2.511e+02 2.529e+02 16 0 4 5.040e+02 5.040e+02 -0 0 1 6.086e+02 6.094e+02 7 0 3 1.850e+02 1.930e+02 74 0 4 4.181e+02 4.219e+02 36 0 4 2.387e+02 2.653e+02 247 0 2 4.603e+02 4.637e+02 31 0 3 1.770e+02 2.010e+02 223 0 3 6.074e+02 6.106e+02 29 0 1 4.259e+02 4.561e+02 281 0 4 4.608e+02 4.632e+02 23 0 2 6.292e+02 6.308e+02 16 0 2 6.564e+02 6.876e+02 290 0 3 4.639e+02 5.021e+02 355 0 1 5.966e+02 6.214e+02 230 0 4 6.560e+02 6.880e+02 298 0 2 6.143e+02 6.457e+02 291 0 4 6.111e+02 6.489e+02 351 1 4 5.440e+02 5.480e+02 37 1 2 6.284e+02 6.316e+02 30 1 1 5.185e+02 5.315e+02 121 1 2 5.874e+02 5.886e+02 10 1 4 6.238e+02 6.362e+02 116 1 4 5.813e+02 5.947e+02 124 1 1 6.008e+02 6.172e+02 152 1 1 5.908e+02 6.272e+02 338 1 3 5.947e+02 6.233e+02 265 1 2 6.160e+02 6.440e+02 260 1 4 6.151e+02 6.449e+02 276 2 2 4.139e+01 4.261e+01 11 2 1 5.653e+02 5.687e+02 32 2 4 1.647e+02 1.713e+02 60 2 4 4.999e+02 5.081e+02 76 2 4 2.095e+02 2.105e+02 10 2 3 5.187e+02 5.313e+02 116 2 1 2.711e+02 2.749e+02 35 2 1 3.861e+02 4.119e+02 240 2 3 3.565e+02 3.575e+02 10 2 2 5.409e+02 5.511e+02 94 2 4 4.130e+01 4.270e+01 13 2 4 1.247e+02 1.273e+02 24 2 1 1.391e+02 1.549e+02 147 2 3 2.307e+02 2.313e+02 6 2 3 2.666e+02 2.794e+02 118 2 2 3.735e+02 3.825e+02 84 2 1 6.217e+01 6.383e+01 16 2 3 1.407e+02 1.533e+02 117 2 2 2.510e+02 2.530e+02 19 2 2 2.876e+02 3.004e+02 120 2 3 3.460e+02 3.680e+02 204 2 1 1.361e+01 2.839e+01 137 2 2 1.109e+02 1.411e+02 280 2 2 1.460e+02 1.900e+02 409 2 4 2.505e+02 2.535e+02 28 2 3 2.587e+02 2.873e+02 266 2 4 3.698e+02 3.862e+02 152 2 3 1.864e+01 2.336e+01 44 2 2 2.402e+02 2.638e+02 220 2 1 2.989e+02 3.311e+02 300 2 4 3.230e+02 3.490e+02 241 2 3 4.821e+01 7.779e+01 275 2 4 1.962e+02 2.238e+02 256 2 3 3.390e+02 3.750e+02 334 2 1 3.517e+00 3.848e+01 325
15852 3 0 4 6.720e+02 6.720e+02 -5 2 2 7.823e+01 8.977e+01 107 2 3 3.426e+00 3.857e+01 326
15853 9 2 3 6.300e+01 6.300e+01 -19 2 3 3.975e+02 4.005e+02 28 2 3 3.036e+02 3.264e+02 211 2 4 3.273e+02 3.447e+02 161 3 2 4.189e+02 4.211e+02 21 3 4 4.154e+02 4.246e+02 86 3 4 3.597e+02 3.963e+02 340 3 3 3.808e+02 4.172e+02 339 3 1 4.217e+02 4.603e+02 358
15854 12 0 2 6.271e+02 6.329e+02 54 0 3 4.407e+02 4.413e+02 6 0 4 6.256e+02 6.344e+02 82 0 3 6.455e+02 6.565e+02 101 0 2 6.200e+02 6.400e+02 186 0 2 6.627e+02 6.813e+02 173 0 4 6.169e+02 6.431e+02 244 0 1 6.420e+02 6.600e+02 166 0 4 5.790e+02 5.970e+02 168 0 4 6.602e+02 6.838e+02 219 2 4 2.435e+02 2.605e+02 157 2 2 1.917e+02 2.283e+02 340
15855 14 0 4 6.298e+02 6.302e+02 3 0 4 3.360e+02 3.360e+02 -2 0 1 3.106e+02 3.194e+02 81 0 3 6.090e+02 6.090e+02 -1 0 2 6.720e+02 6.720e+02 -8 0 2 3.199e+02 3.521e+02 300 0 2 6.267e+02 6.333e+02 62 0 1 6.420e+02 6.600e+02 166 0 1 5.978e+02 6.202e+02 209 0 3 6.436e+02 6.584e+02 138 0 3 5.948e+02 6.232e+02 263 0 2 6.599e+02 6.841e+02 225 0 4 6.583e+02 6.857e+02 254 0 1 6.364e+02 6.656e+02 271
15856 24 0 2 6.271e+02 6.329e+02 55 0 1 3.553e+02 3.587e+02 31 0 4 6.718e+02 6.722e+02 3 0 4 2.078e+02 2.122e+02 40 0 4 6.268e+02 6.332e+02 60 0 4 3.747e+02 3.813e+02 62 0 1 6.437e+02 6.583e+02 135 0 2 1.979e+02 2.221e+02 226 0 4 5.792e+02 5.968e+02 164 0 2 3.633e+02 3.927e+02 273 0 2 6.691e+02 6.749e+02 54 0 3 2.134e+02 2.486e+02 326 0 1 5.939e+02 6.241e+02 280 0 1 6.349e+02 6.671e+02 299 0 3 5.947e+02 6.233e+02 265 0 3 6.328e+02 6.692e+02 337 0 4 6.128e+02 6.472e+02 319 1 2 6.250e+02 6.350e+02 92 1 2 6.161e+02 6.439e+02 259 1 4 6.127e+02 6.473e+02 320 2 2 1.192e+02 1.328e+02 126 2 1 2.531e+00 3.947e+01 343 2 4 1.191e+02 1.329e+02 129 2 3 8.823e+01 1.218e+02 311
15858 3 2 1 1.554e+01 2.646e+01 101 2 3 2.066e+01 2.134e+01 6 2 2 2.622e+01 5.778e+01 293
15859 0
15860 3 1 4 4.604e+02 4.636e+02 30 2 4 1.645e+02 1.715e+02 65 2 1 3.140e+02 3.160e+02 19
15861 1 0 4 5.827e+02 5.933e+02 98
15862 11 0 4 6.707e+02 6.733e+02 25 0 4 3.324e+02 3.396e+02 67 0 4 4.555e+02 4.685e+02 120 0 1 3.075e+02 3.225e+02 139 0 2 6.715e+02 6.725e+02 9 0 4 3.896e+01 4.504e+01 56 0 4 4.477e+02 4.763e+02 266 0 2 2.849e+02 3.031e+02 170 0 1 9.349e+00 3.265e+01 216 1 3 6.026e+02 6.154e+02 120 1 4 5.797e+02 5.963e+02 154
15863 18 0 1 6.496e+02 6.524e+02 26 0 4 5.880e+02 5.880e+02 -7 0 3 6.496e+02 6.524e+02 26 0 1 4.810e+02 4.850e+02 38 0 1 5.951e+02 6.229e+02 258 0 2 6.708e+02 6.732e+02 23 0 1 4.234e+02 4.586e+02 326 0 1 4.684e+02 4.976e+02 271 0 1 6.345e+02 6.675e+02 306 0 3 4.724e+02 4.936e+02 196 0 2 4.934e+02 5.146e+02 196 1 4 5.870e+02 5.890e+02 19 1 4 5.448e+02 5.472e+02 22 1 4 5.326e+02 5.594e+02 248 2 3 1.881e+02 1.899e+02 17 2 4 1.567e+02 1.793e+02 210 2 2 2.007e+02 2.193e+02 173 2 1 1.781e+02 1.999e+02 203
15864 19 0 2 6.300e+02 6.300e+02 -1 0 1 6.500e+02 6.520e+02 18 0 4 5.824e+02 5.936e+02 105 0 3 6.510e+02 6.510e+02 -8 0 3 5.951e+02 6.229e+02 259 0 2 6.674e+02 6.766e+02 86 0 1 5.919e+02 6.261e+02 318 0 1 6.434e+02 6.586e+02 141 0 4 6.626e+02 6.814e+02 174 0 4 6.544e+02 6.896e+02 326 1 2 6.269e+02 6.331e+02 58 2 1 6.300e+01 6.300e+01 -7 2 2 8.400e+01 8.400e+01 -24 2 3 2.100e+01 2.100e+01 -6 2 4 7.993e+01 8.807e+01 76 2 3 1.020e+01 3.180e+01 200 2 2 3.583e+01 4.817e+01 115 2 4 3.013e+01 5.387e+01 220 2 3 4.700e+01 7.900e+01 297
15865 8 0 1 4.662e+02 4.998e+02 311 0 1 5.877e+02 6.303e+02 396 0 2 4.852e+02 5.228e+02 349 0 3 4.993e+02 5.507e+02 478 0 4 6.071e+02 6.529e+02 426 0 3 5.844e+02 6.336e+02 456 0 2 6.036e+02 6.564e+02 490 2 1 2.982e+02 3.318e+02 311
15866 15 1 4 5.825e+02 5.935e+02 102 1 4 5.386e+02 5.534e+02 138 1 3 5.523e+02 5.817e+02 274 2 1 2.695e+02 2.765e+02 65 2 3 3.950e+02 4.030e+02 75 2 2 2.485e+02 2.555e+02 65 2 2 2.888e+02 2.992e+02 97 2 4 2.428e+02 2.612e+02 171 2 4 6.582e+02 6.858e+02 256 2 4 2.911e+02 2.969e+02 55 2 1 1.280e+02 1.660e+02 352 2 4 2.015e+02 2.185e+02 158 2 1 3.040e+02 3.260e+02 205 2 3 2.145e+02 2.475e+02 306 2 3 2.947e+02 3.353e+02 376
15867 5 0 4 5.852e+02 5.908e+02 52 0 1 6.459e+02 6.561e+02 94 0 4 6.153e+02 6.447e+02 272 0 1 5.471e+02 5.869e+02 370 0 3 5.458e+02 5.882e+02 394
15868 14 0 1 3.147e+02 3.153e+02 6 0 4 3.335e+02 3.385e+02 46 0 2 3.239e+02 3.481e+02 225 0 3 6.469e+02 6.551e+02 76 0 1 6.419e+02 6.601e+02 170 0 2 1.120e+02 1.400e+02 260 0 4 6.547e+02 6.893e+02 321 2 3 1.752e+01 2.448e+01 65 2 3 9.892e+01 1.111e+02 113 2 3 2.300e+02 2.320e+02 18 2 2 2.459e+02 2.581e+02 113 2 4 6.777e+01 1.002e+02 301 2 3 2.187e+02 2.433e+02 228 2 4 1.967e+02 2.233e+02 247
15869 34 0 1 1.441e+02 1.499e+02 55 0 1 4.376e+02 4.444e+02 64 0 4 6.196e+02 6.404e+02 194 0 4 1.612e+02 1.748e+02 126 0 3 4.383e+02 4.437e+02 50 0 2 1.507e+02 1.853e+02 320 0 1 5.918e+02 6.262e+02 319 0 4 4.045e+02 4.355e+02 287 0 3 5.872e+02 6.308e+02 405 0 2 6.141e+02 6.459e+02 296 1 1 5.995e+02 6.185e+02 176 1 4 6.224e+02 6.376e+02 141 2 4 3.360e+02 3.360e+02 -10 2 2 4.200e+01 4.200e+01 -15 2 1 6.083e+02 6.097e+02 12 2 3 1.049e+02 1.051e+02 1 2 4 6.698e+02 6.742e+02 41 2 4 1.664e+02 1.696e+02 30 2 3 2.724e+02 2.736e+02 11 2 3 1.312e+01 2.888e+01 146 2 3 1.457e+02 1.483e+02 25 2 4 2.410e+02 2.630e+02 204 2 3 3.511e+02 3.629e+02 109 2 3 5.234e+01 7.366e+01 198 2 4 1.153e+02 1.367e+02 200 2 2 1.649e+02 1.711e+02 57 2 1 3.415e+02 3.725e+02 287 2 4 2.797e+01 5.603e+01 260 2 4 7.029e+01 9.771e+01 255 2 3 1.346e+02 1.594e+02 230 2 2 3.635e+02 3.925e+02 269 2 2 1.554e+02 1.806e+02 235 2 3 1.293e+02 1.647e+02 329 3 4 4.200e+01 4.200e+01 -16
15870 0
15871 12 0 2 6.675e+02 6.765e+02 83 0 1 4.354e+02 4.466e+02 105 0 4 3.656e+02 3.904e+02 230 0 2 5.347e+02 5.573e+02 210 0 4 6.678e+02 6.762e+02 77 0 3 5.547e+02 5.793e+02 228 0 4 6.046e+02 6.554e+02 471 0 1 6.320e+02 6.700e+02 352 0 1 5.500e+02 5.840e+02 316 2 4 7.801e+01 8.999e+01 111 2 2 7.504e+01 9.296e+01 166 2 3 8.868e+01 1.213e+02 303
15872 2 0 2 6.670e+02 6.770e+02 93 0 4 6.625e+02 6.815e+02 177
15874 1 1 4 5.754e+02 6.006e+02 235
15875 0
15876 10 0 2 6.295e+02 6.305e+02 9 0 1 6.475e+02 6.545e+02 65 0 4 6.260e+02 6.340e+02 74 0 1 6.395e+02 6.625e+02 213 0 3 6.332e+02 6.688e+02 330 2 1 1.350e+02 1.590e+02 222 3 1 3.977e+02 4.003e+02 25 3 4 4.163e+02 4.237e+02 68 3 3 3.863e+02 4.117e+02 236 3 2 4.080e+02 4.320e+02 222
15877 3 0 4 1.671e+02 1.689e+02 16 1 4 5.873e+02 5.887e+02 13 2 4 5.871e+02 5.889e+02 16
15879 18 0 4 6.170e+02 6.430e+02 241 0 2 6.695e+02 6.745e+02 47 0 4 6.617e+02 6.823e+02 191 0 1 6.442e+02 6.578e+02 126 0 3 6.429e+02 6.591e+02 150 1 1 6.069e+02 6.111e+02 40 1 2 5.774e+02 5.986e+02 196 1 3 6.031e+02 6.149e+02 109 1 4 5.824e+02 5.936e+02 104 1 2 6.146e+02 6.454e+02 286 1 2 5.365e+02 5.555e+02 177 1 4 6.138e+02 6.462e+02 301 1 3 5.493e+02 5.847e+02 328 2 2 1.250e+02 1.270e+02 18 2 3 9.376e+01 1.162e+02 209 2 4 1.142e+02 1.378e+02 219 2 4 6.374e+01 1.043e+02 376 2 4 1.071e+02 1.449e+02 350
15882 0
15883 30 0 4 6.300e+02 6.300e+02 -14 0 1 6.506e+02 6.514e+02 8 0 1 6.070e+02 6.110e+02 37 0 3 6.479e+02 6.541e+02 58 0 3 6.041e+02 6.139e+02 91 0 2 6.692e+02 6.748e+02 52 0 2 6.273e+02 6.327e+02 50 0 2 6.562e+02 6.878e+02 293 0 4 5.754e+02 6.006e+02 235 0 4 6.607e+02 6.833e+02 210 0 1 5.972e+02 6.208e+02 220 0 4 6.124e+02 6.476e+02 327 1 2 5.435e+02 5.485e+02 46 2 3 6.300e+01 6.300e+01 -13 2 4 1.253e+02 1.267e+02 12 2 2 3.746e+02 3.814e+02 63 2 1 3.917e+02 4.063e+02 135 2 2 3.771e+01 4.629e+01 80 2 3 9.900e+01 1.110e+02 111 2 1 1.394e+02 1.546e+02 140 2 4 2.421e+02 2.619e+02 183 2 4 3.690e+02 3.870e+02 168 2 3 1.088e+01 3.112e+01 188 2 2 1.225e+02 1.295e+02 66 2 3 1.279e+02 1.661e+02 355 2 3 3.388e+02 3.752e+02 337 2 4 3.506e+01 4.894e+01 129 2 2 7.491e+01 9.309e+01 169 2 1 5.627e+00 3.637e+01 286 2 4 7.527e+01 9.273e+01 162
15884 22 0 1 6.020e+02 6.160e+02 130 0 2 6.661e+02 6.779e+02 109 0 3 6.071e+02 6.109e+02 35 0 4 6.678e+02 6.762e+02 77 0 4 6.227e+02 6.373e+02 136 0 1 6.376e+02 6.644e+02 250 0 3 5.977e+02 6.203e+02 210 0 3 6.355e+02 6.665e+02 287 0 4 6.137e+02 6.463e+02 303 1 3 4.745e+02 4.915e+02 158 1 2 5.323e+02 5.597e+02 255 2 2 4.184e+02 4.216e+02 29 2 2 2.443e+02 2.597e+02 143 2 4 4.193e+02 4.207e+02 12 2 4 2.496e+02 2.544e+02 46 2 1 4.302e+02 4.518e+02 201 2 1 2.210e+02 2.410e+02 186 2 3 4.269e+02 4.551e+02 261 2 3 2.186e+02 2.434e+02 230 3 2 3.350e+02 3.370e+02 18 3 1 3.440e+02 3.700e+02 241 3 3 3.410e+02 3.730e+02 298
15885 11 0 2 5.454e+02 5.466e+02 11 0 2 3.273e+02 3.447e+02 161 0 3 6.485e+02 6.535e+02 46 0 2 6.650e+02 6.790e+02 130 0 1 3.410e+02 3.730e+02 298 0 3 5.533e+02 5.807e+02 254 1 2 6.205e+02 6.395e+02 177 1 1 5.933e+02 6.247e+02 291 2 3 6.300e+01 6.300e+01 -10 2 4 3.470e+01 4.930e+01 136 2 3 5.503e+01 7.097e+01 148
15886 1 0 4 6.565e+02 6.875e+02 287
15887 0
15889 4 0 3 6.382e+02 6.638e+02 238 1 4 6.101e+02 6.499e+02 370 2 4 3.732e+02 3.828e+02 90 2 1 5.126e+01 7.474e+01 218
15890 4 0 1 6.510e+02 6.510e+02 -0 0 3 6.452e+02 6.568e+02 107 0 4 6.701e+02 6.739e+02 36 1 3 -5.725e+00 4.772e+01 496
15891 59 0 3 4.807e+02 4.853e+02 43 0 2 3.772e+02 3.788e+02 15 0 4 4.593e+02 4.647e+02 50 0 4 4.944e+02 5.136e+02 179 0 2 1.752e+01 6.648e+01 455 0 3 4.228e+02 4.592e+02 337 0 3 7.922e+01 1.308e+02 479 0 2 4.527e+02 4.713e+02 172 0 1 2.892e+02 3.408e+02 480 0 2 5.231e+02 5.689e+02 425 0 1 5.853e+02 6.327e+02 440 0 2 1.021e+02 1.499e+02 443 0 3 6.269e+02 6.751e+02 448 0 3 3.749e+02 4.231e+02 448 0 1 4.696e+02 4.964e+02 249 0 1 5.441e+02 5.899e+02 425 0 3 5.847e+02 6.333e+02 451 0 2 6.483e+02 6.957e+02 440 0 4 3.970e+02 4.430e+02 426 0 4 4.377e+02 4.863e+02 450 0 3 5.432e+02 5.908e+02 441 0 2 6.074e+02 6.526e+02 420 0 4 6.484e+02 6.956e+02 438 0 1 4.145e+02 4.675e+02 492 0 2 4.792e+02 5.288e+02 460 0 4 6.061e+02 6.539e+02 445 1 2 5.440e+02 5.480e+02 36 1 2 5.265e+02 5.655e+02 363 1 2 6.077e+02 6.523e+02 414 1 2 4.378e+02 4.862e+02 449 1 2 5.654e+02 6.106e+02 420 1 4 6.056e+02 6.544e+02 453 1 4 5.640e+02 6.120e+02 446 1 1 5.842e+02 6.338e+02 460 1 3 5.838e+02 6.342e+02 467 2 4 4.179e+01 4.221e+01 4 2 1 1.432e+02 1.508e+02 71 2 4 2.090e+02 2.110e+02 18 2 1 1.918e+01 2.282e+01 34 2 4 1.193e+02 1.327e+02 125 2 3 1.402e+02 1.538e+02 126 2 2 4.369e+02 4.871e+02 466 2 2 2.026e+02 2.174e+02 137 2 3 2.066e+01 2.134e+01 6 2 1 2.229e+02 2.391e+02 151 2 4 1.824e+01 6.576e+01 441 2 2 1.079e+02 1.441e+02 336 2 3 1.660e+02 2.120e+02 428 2 3 2.151e+02 2.469e+02 295 2 2 1.788e+01 6.612e+01 448 2 3 1.218e+02 1.722e+02 468 2 4 1.846e+02 2.354e+02 472 2 4 1.430e+02 1.930e+02 465 2 1 2.067e+02 2.553e+02 452 3 2 1.122e+02 1.398e+02 256 3 4 1.761e+01 6.639e+01 453 3 1 4.198e+02 4.622e+02 393 3 1 8.025e+01 1.298e+02 460 3 3 3.636e+01 8.964e+01 495
15893 0
15897 6 0 4 5.037e+02 5.043e+02 6 0 4 6.288e+02 6.312e+02 23 0 2 4.991e+02 5.089e+02 91 0 2 6.266e+02 6.334e+02 63 1 4 6.281e+02 6.319e+02 36 2 4 5.394e+02 5.526e+02 123
15898 11 0 1 6.488e+02 6.532e+02 41 0 1 6.080e+02 6.100e+02 18 0 4 6.656e+02 6.784e+02 118 0 1 5.992e+02 6.188e+02 181 0 1 3.442e+02 3.698e+02 238 0 3 6.411e+02 6.609e+02 185 1 2 5.446e+02 5.474e+02 26 1 2 6.300e+02 6.300e+02 0 2 4 2.930e+02 2.950e+02 19 2 3 3.027e+02 3.273e+02 229 2 2 2.764e+02 3.116e+02 326
15899 5 0 2 6.671e+02 6.769e+02 91 0 4 5.832e+02 5.928e+02 90 0 2 6.558e+02 6.882e+02 300 0 4 6.178e+02 6.422e+02 226 3 3 8.774e+01 1.223e+02 320
15903 9 0 4 1.680e+02 1.680e+02 0 0 1 6.505e+02 6.515e+02 10 0 2 6.235e+02 6.365e+02 121 0 3 6.475e+02 6.545e+02 65 0 4 6.206e+02 6.394e+02 174 0 1 6.404e+02 6.616e+02 196 0 4 6.618e+02 6.822e+02 190 2 1 1.115e+01 3.085e+01 183 3 1 6.063e+02 6.117e+02 50
15904 9 0 2 2.076e+02 2.124e+02 44 0 4 2.482e+02 2.558e+02 70 0 3 2.153e+02 2.467e+02 291 0 2 2.344e+02 2.696e+02 327 1 4 5.868e+02 5.892e+02 22 1 2 5.858e+02 5.902e+02 40 1 1 5.567e+02 5.773e+02 192 1 3 5.937e+02 6.243e+02 284 1 4 5.700e+02 6.060e+02 335
