60161 11 0 3 5.659e+02 5.681e+02 20 0 3 4.387e+02 4.433e+02 43 0 2 5.460e+02 5.460e+02 0 0 1 4.327e+02 4.493e+02 155 0 1 5.628e+02 5.712e+02 77 0 4 4.401e+02 4.839e+02 407 0 3 5.515e+02 5.825e+02 287 0 1 5.071e+02 5.429e+02 332 1 2 6.290e+02 6.310e+02 19 1 4 6.238e+02 6.362e+02 116 1 1 5.934e+02 6.246e+02 290
60162 2 2 2 1.235e+02 1.285e+02 46 2 3 8.801e+01 1.220e+02 316
60163 14 0 4 6.701e+02 6.739e+02 36 0 4 5.843e+02 5.917e+02 70 0 4 2.043e+02 2.157e+02 106 0 1 5.480e+02 5.860e+02 352 0 1 6.071e+02 6.109e+02 35 0 3 6.052e+02 6.128e+02 70 0 2 6.532e+02 6.908e+02 349 0 2 6.133e+02 6.467e+02 310 0 4 6.144e+02 6.456e+02 290 2 1 1.613e+01 2.587e+01 90 2 4 4.193e+02 4.207e+02 14 2 3 1.222e+01 2.978e+01 163 2 2 2.892e+01 5.508e+01 243 2 4 2.999e+01 5.401e+01 223
60164 0
60165 60 0 1 2.728e+02 2.732e+02 3 0 2 6.290e+02 6.310e+02 19 0 2 3.760e+02 3.800e+02 37 0 3 6.510e+02 6.510e+02 -10 0 1 3.526e+02 3.614e+02 81 0 1 3.982e+02 3.998e+02 16 0 2 1.583e+02 1.777e+02 180 0 2 4.571e+02 4.669e+02 90 0 4 1.948e+02 2.252e+02 282 0 3 5.658e+02 5.682e+02 23 0 4 1.538e+02 1.822e+02 263 0 4 6.280e+02 6.320e+02 38 0 3 1.724e+02 2.056e+02 308 0 2 6.709e+02 6.731e+02 20 0 3 3.971e+02 4.009e+02 35 0 3 4.770e+02 4.890e+02 112 0 1 5.222e+02 5.278e+02 51 0 1 6.067e+02 6.113e+02 42 0 4 6.706e+02 6.734e+02 26 0 4 4.024e+02 4.376e+02 326 0 3 5.137e+02 5.363e+02 210 0 3 5.909e+02 6.271e+02 336 0 1 6.383e+02 6.637e+02 236 0 1 4.226e+02 4.594e+02 342 0 2 5.315e+02 5.605e+02 269 0 1 5.899e+02 6.281e+02 356 0 3 6.369e+02 6.651e+02 261 0 1 5.547e+02 5.793e+02 228 1 1 5.670e+02 5.670e+02 -0 1 2 4.586e+02 4.654e+02 64 1 4 5.030e+02 5.050e+02 19 1 4 4.571e+02 4.669e+02 90 1 2 6.255e+02 6.345e+02 84 1 1 4.244e+02 4.576e+02 309 1 1 5.239e+02 5.261e+02 20 1 2 5.824e+02 5.936e+02 105 1 4 4.431e+02 4.809e+02 351 1 4 6.269e+02 6.331e+02 57 1 3 4.810e+02 4.850e+02 36 1 1 5.982e+02 6.198e+02 200 1 1 5.102e+02 5.398e+02 276 1 2 6.125e+02 6.475e+02 325 2 1 2.716e+02 2.744e+02 26 2 4 3.766e+02 3.794e+02 26 2 4 5.436e+02 5.484e+02 45 2 2 2.093e+02 2.107e+02 12 2 1 5.636e+02 5.704e+02 63 2 2 1.244e+02 1.276e+02 30 2 4 1.530e+02 1.830e+02 279 2 2 5.348e+02 5.572e+02 208 2 4 2.065e+02 2.135e+02 66 2 3 5.522e+02 5.818e+02 276 2 3 8.967e+01 1.203e+02 285 2 1 1.302e+02 1.638e+02 312 2 1 2.294e+02 2.326e+02 29 2 4 1.145e+02 1.375e+02 213 2 2 2.469e+02 2.571e+02 94 2 4 2.430e+02 2.610e+02 167 2 3 2.229e+02 2.391e+02 150 2 3 2.112e+02 2.508e+02 368
60166 2 0 3 5.641e+02 5.699e+02 54 2 2 2.940e+02 2.940e+02 -12
60167 4 2 3 3.119e+02 3.181e+02 57 2 2 3.263e+02 3.457e+02 180 2 4 2.745e+02 3.135e+02 363 2 1 3.381e+02 3.759e+02 351
60168 9 0 2 6.562e+02 6.878e+02 293 0 4 6.537e+02 6.903e+02 340 2 2 1.249e+02 1.271e+02 21 2 4 1.238e+02 1.282e+02 40 2 3 8.649e+01 1.235e+02 344 3 2 7.841e+01 8.959e+01 104 3 4 7.998e+01 8.802e+01 75 3 1 9.138e+01 1.186e+02 253 3 3 9.012e+01 1.199e+02 276
60169 0
60170 0
60171 0
60172 0
60173 14 2 2 5.366e+02 5.554e+02 175 2 4 5.383e+02 5.537e+02 142 2 3 5.558e+02 5.782e+02 209 3 3 5.249e+02 5.251e+02 1 3 4 5.460e+02 5.460e+02 -4 3 3 3.865e+02 4.115e+02 232 3 3 6.075e+02 6.105e+02 27 3 3 4.237e+02 4.583e+02 320 3 1 5.205e+02 5.295e+02 83 3 3 5.551e+02 5.789e+02 221 3 2 4.942e+02 5.138e+02 182 3 2 5.334e+02 5.586e+02 234 3 4 4.931e+02 5.149e+02 203 3 2 4.890e+02 5.190e+02 278
60174 2 2 3 2.718e+02 2.742e+02 23 2 4 2.337e+02 2.703e+02 340
60175 3 0 2 3.733e+02 3.827e+02 87 0 4 4.174e+02 4.226e+02 48 0 3 3.951e+02 4.029e+02 73
60176 0
60177 0
60178 0
60179 0
60180 3 0 4 5.864e+02 5.896e+02 30 0 1 5.557e+02 5.783e+02 210 0 3 5.509e+02 5.831e+02 299
60181 25 2 2 2.518e+02 2.522e+02 4 2 3 1.460e+02 1.480e+02 19 2 4 2.511e+02 2.529e+02 16 2 1 1.804e+02 1.976e+02 160 2 4 1.083e+02 1.437e+02 330 2 3 1.833e+02 1.947e+02 106 2 2 1.967e+02 2.233e+02 247 2 1 1.435e+02 1.505e+02 66 2 4 1.949e+02 2.251e+02 281 2 2 1.608e+02 1.752e+02 135 2 4 1.604e+02 1.756e+02 141 2 1 1.330e+02 1.610e+02 260 2 3 1.341e+02 1.599e+02 239 3 1 1.466e+02 1.474e+02 8 3 1 1.870e+02 1.910e+02 36 3 3 1.465e+02 1.475e+02 10 3 4 1.604e+02 1.756e+02 140 3 2 1.229e+02 1.291e+02 57 3 3 1.810e+02 1.970e+02 148 3 4 1.250e+02 1.270e+02 19 3 2 1.536e+02 1.824e+02 267 3 1 9.331e+01 1.167e+02 217 3 4 1.520e+02 1.840e+02 298 3 3 8.545e+01 1.245e+02 363 3 4 1.073e+02 1.447e+02 347
60182 7 2 3 8.940e+01 1.206e+02 290 3 2 5.880e+02 5.880e+02 -3 3 2 4.984e+02 5.096e+02 105 3 4 5.806e+02 5.954e+02 137 3 4 5.011e+02 5.069e+02 55 3 3 5.558e+02 5.782e+02 208 3 3 5.155e+02 5.345e+02 176
60183 0
60184 10 0 1 6.090e+02 6.090e+02 -4 0 3 5.203e+02 5.297e+02 88 0 4 6.168e+02 6.432e+02 245 0 3 6.461e+02 6.559e+02 90 0 2 4.967e+02 5.113e+02 135 0 1 5.122e+02 5.378e+02 237 0 2 6.143e+02 6.457e+02 292 0 4 4.891e+02 5.189e+02 276 2 1 1.626e+01 2.574e+01 88 2 3 5.108e+02 5.392e+02 264
60185 8 0 2 4.609e+02 4.631e+02 20 0 4 4.505e+02 4.735e+02 214 0 1 4.253e+02 4.567e+02 291 0 3 4.671e+02 4.989e+02 295 1 2 5.854e+02 5.906e+02 49 1 3 6.046e+02 6.134e+02 81 1 4 6.182e+02 6.418e+02 220 1 2 5.295e+02 5.625e+02 307
60186 0
60187 13 0 4 2.448e+02 2.592e+02 133 0 2 6.599e+02 6.841e+02 225 0 4 6.585e+02 6.855e+02 250 1 1 6.059e+02 6.121e+02 58 1 2 6.123e+02 6.477e+02 330 2 4 4.200e+01 4.200e+01 -5 2 1 5.920e+01 6.680e+01 70 2 3 1.258e+01 2.942e+01 156 2 2 3.825e+01 4.575e+01 70 2 4 3.156e+01 5.244e+01 194 2 3 5.122e+01 7.478e+01 219 2 1 6.165e+00 3.583e+01 276 2 3 6.300e+00 3.570e+01 273
60188 0
