59356 14 0 1 6.458e+02 6.562e+02 97 0 3 6.426e+02 6.594e+02 156 0 4 6.599e+02 6.841e+02 225 0 2 6.575e+02 6.865e+02 270 2 1 1.972e+01 2.228e+01 24 2 2 2.483e+02 2.557e+02 69 2 1 2.599e+02 2.861e+02 243 2 3 1.563e+01 2.637e+01 100 2 4 2.408e+02 2.632e+02 208 2 1 2.540e+02 2.920e+02 352 2 1 2.127e+02 2.493e+02 340 2 3 2.531e+02 2.929e+02 369 2 3 2.124e+02 2.496e+02 345 2 2 2.750e+02 3.130e+02 352
59357 2 3 1 5.211e+02 5.289e+02 72 3 2 5.730e+02 6.030e+02 278
59358 0
59359 1 1 1 5.896e+02 6.284e+02 360
59360 8 0 4 5.727e+02 6.033e+02 285 0 4 6.564e+02 6.876e+02 290 1 3 2.048e+01 2.152e+01 10 1 2 5.005e+02 5.075e+02 65 2 3 1.391e+02 1.549e+02 147 2 4 3.216e+02 3.504e+02 268 2 1 5.624e+01 6.976e+01 126 2 4 1.145e+02 1.375e+02 213
59361 12 0 4 6.691e+02 6.749e+02 54 0 2 6.541e+02 6.899e+02 332 1 3 5.666e+02 5.674e+02 8 1 4 5.443e+02 5.477e+02 32 1 3 5.485e+02 5.855e+02 344 1 4 5.716e+02 6.044e+02 304 1 3 5.917e+02 6.263e+02 321 2 1 5.662e+02 5.678e+02 15 2 4 5.040e+02 5.040e+02 -13 2 3 5.231e+02 5.269e+02 35 2 1 6.090e+02 6.090e+02 -13 2 2 5.338e+02 5.582e+02 227
59362 59 0 4 4.593e+02 4.647e+02 50 0 4 3.257e+02 3.463e+02 192 0 1 5.241e+02 5.259e+02 16 0 4 5.869e+02 5.891e+02 20 0 2 3.184e+02 3.536e+02 327 0 2 6.712e+02 6.728e+02 15 0 1 5.117e+01 7.483e+01 220 0 3 5.247e+02 5.253e+02 6 0 1 6.057e+02 6.123e+02 62 0 4 6.701e+02 6.739e+02 36 0 2 4.883e+02 5.197e+02 292 0 2 5.431e+02 5.489e+02 54 0 3 6.043e+02 6.137e+02 88 0 1 6.475e+02 6.545e+02 66 0 1 5.627e+02 5.713e+02 80 0 4 6.212e+02 6.388e+02 164 0 3 6.442e+02 6.578e+02 126 0 1 5.162e+02 5.338e+02 164 0 2 6.204e+02 6.396e+02 178 0 4 6.582e+02 6.858e+02 256 0 1 5.510e+02 5.830e+02 296 0 4 5.715e+02 6.045e+02 306 0 2 6.564e+02 6.876e+02 289 0 3 5.533e+02 5.807e+02 254 0 1 5.913e+02 6.267e+02 330 0 1 5.079e+02 5.421e+02 317 1 2 5.000e+02 5.080e+02 74 1 4 5.865e+02 5.895e+02 28 1 3 6.081e+02 6.099e+02 16 1 2 5.860e+02 5.900e+02 36 1 2 6.282e+02 6.318e+02 33 1 2 5.405e+02 5.515e+02 103 1 4 6.297e+02 6.303e+02 6 1 1 5.597e+02 5.743e+02 136 1 1 5.959e+02 6.221e+02 244 1 4 5.732e+02 6.028e+02 276 2 1 2.039e+01 2.161e+01 11 2 2 2.517e+02 2.523e+02 6 2 2 5.877e+02 5.883e+02 6 2 4 2.926e+02 2.954e+02 26 2 3 4.393e+02 4.427e+02 32 2 4 3.754e+02 3.806e+02 48 2 2 4.534e+02 4.706e+02 159 2 1 6.257e+01 6.343e+01 8 2 4 5.864e+02 5.896e+02 29 2 2 8.299e+01 8.501e+01 19 2 3 3.961e+02 4.019e+02 54 2 3 2.211e+02 2.409e+02 183 2 4 5.791e+02 5.969e+02 165 2 1 2.692e+02 2.768e+02 70 2 4 4.142e+02 4.258e+02 108 2 3 5.207e+01 7.393e+01 203 2 4 4.436e+02 4.804e+02 341 2 4 7.078e+01 9.722e+01 246 2 3 6.000e+02 6.180e+02 167 2 4 2.326e+02 2.714e+02 360 2 3 4.296e+02 4.524e+02 211 2 1 2.610e+02 2.850e+02 223 2 4 6.090e+02 6.510e+02 390
59363 6 0 3 5.608e+02 5.732e+02 116 0 2 5.374e+02 5.546e+02 160 0 1 5.533e+02 5.807e+02 255 2 1 1.878e+02 1.902e+02 22 2 1 1.779e+02 2.001e+02 206 2 1 1.708e+02 2.072e+02 337
59364 20 2 3 2.701e+02 2.759e+02 54 2 1 5.634e+02 5.706e+02 66 2 3 6.104e+01 6.496e+01 36 2 2 5.873e+02 5.887e+02 13 2 4 7.451e+01 9.349e+01 176 2 3 6.009e+02 6.171e+02 150 2 1 2.700e+02 2.760e+02 56 2 1 5.481e+01 7.119e+01 152 2 2 6.665e+01 1.013e+02 322 2 2 2.341e+02 2.699e+02 333 3 4 3.355e+02 3.365e+02 10 3 2 3.296e+02 3.424e+02 118 3 1 3.969e+02 4.011e+02 39 3 4 2.084e+02 2.116e+02 29 3 1 3.078e+02 3.222e+02 135 3 3 3.970e+02 4.010e+02 37 3 2 4.059e+02 4.341e+02 262 3 3 2.985e+02 3.315e+02 307 3 2 3.643e+02 3.917e+02 254 3 4 3.633e+02 3.927e+02 273
59365 0
59366 18 2 3 4.794e+02 4.866e+02 66 2 1 4.691e+02 4.969e+02 258 2 1 5.118e+02 5.382e+02 245 2 2 4.922e+02 5.158e+02 220 2 4 4.861e+02 5.219e+02 333 3 3 3.980e+02 4.000e+02 19 3 3 5.242e+02 5.258e+02 15 3 4 4.606e+02 4.634e+02 26 3 3 5.608e+02 5.732e+02 115 3 1 3.907e+02 4.073e+02 155 3 4 4.138e+02 4.262e+02 115 3 4 5.013e+02 5.067e+02 50 3 2 3.634e+02 3.926e+02 271 3 2 5.330e+02 5.590e+02 242 3 2 4.070e+02 4.330e+02 242 3 2 4.900e+02 5.180e+02 260 3 3 5.519e+02 5.821e+02 281 3 2 5.690e+02 6.070e+02 353
59367 6 0 3 6.084e+02 6.096e+02 10 0 1 5.997e+02 6.183e+02 172 0 4 6.166e+02 6.434e+02 249 1 2 6.142e+02 6.458e+02 294 2 3 2.241e+02 2.379e+02 128 2 2 2.468e+02 2.572e+02 96
59368 0
59369 21 0 1 1.278e+02 1.662e+02 357 1 4 6.232e+02 6.368e+02 126 2 2 2.513e+02 2.527e+02 12 2 3 3.130e+02 3.170e+02 38 2 4 5.842e+02 5.918e+02 70 2 3 1.532e+01 2.668e+01 106 2 4 1.670e+02 1.690e+02 19 2 2 2.060e+02 2.140e+02 74 2 3 2.709e+02 2.751e+02 40 2 2 3.479e+01 4.921e+01 134 2 4 7.639e+01 9.161e+01 141 2 3 1.783e+02 1.997e+02 199 2 4 2.066e+02 2.134e+02 63 2 4 2.840e+02 3.040e+02 186 2 1 4.910e+00 3.709e+01 299 2 3 8.657e+01 1.234e+02 342 2 1 2.290e+02 2.330e+02 37 2 4 2.456e+01 5.944e+01 324 2 4 2.447e+02 2.593e+02 136 2 4 2.378e+02 2.662e+02 263 2 3 2.121e+02 2.499e+02 351
59370 13 0 1 5.208e+02 5.292e+02 78 0 1 4.292e+02 4.528e+02 220 0 2 5.361e+02 5.559e+02 185 0 4 5.761e+02 5.999e+02 220 0 3 4.271e+02 4.549e+02 258 0 3 5.068e+02 5.432e+02 337 0 1 3.874e+02 4.106e+02 216 0 1 5.409e+02 5.931e+02 485 0 4 4.077e+02 4.323e+02 228 1 4 5.264e+02 5.656e+02 364 2 3 6.838e+00 3.516e+01 263 2 1 5.358e+00 3.664e+01 290 2 4 1.090e+02 1.430e+02 316
59371 10 0 2 4.200e+01 4.200e+01 -9 0 4 6.285e+02 6.315e+02 27 0 3 5.804e+01 6.796e+01 92 0 3 4.410e+02 4.410e+02 -21 0 1 2.017e+01 2.183e+01 16 0 4 4.605e+02 4.635e+02 27 0 4 6.948e+01 9.852e+01 270 0 3 3.959e+02 4.021e+02 58 0 3 3.819e+02 4.161e+02 318 3 1 5.001e+01 7.599e+01 241
59372 4 0 3 6.473e+02 6.547e+02 69 0 1 5.200e+02 5.300e+02 92 0 4 6.605e+02 6.835e+02 214 0 2 6.563e+02 6.877e+02 292
59373 0
59374 5 0 3 6.420e+02 6.600e+02 166 0 2 6.611e+02 6.829e+02 202 0 4 6.661e+02 6.779e+02 109 0 1 6.394e+02 6.626e+02 216 2 2 2.061e+02 2.139e+02 72
59375 7 0 1 5.660e+02 5.680e+02 19 0 3 5.589e+02 5.751e+02 150 0 2 5.308e+02 5.612e+02 283 2 3 2.277e+02 2.343e+02 61 2 4 2.859e+02 3.021e+02 150 2 4 2.780e+02 3.100e+02 297 2 4 1.918e+02 2.282e+02 337
59376 11 2 1 3.984e+02 3.996e+02 11 2 2 4.152e+02 4.248e+02 90 2 4 4.195e+02 4.205e+02 10 2 4 4.465e+02 4.775e+02 287 2 1 3.808e+02 4.172e+02 339 2 3 3.813e+02 4.167e+02 329 3 4 4.617e+02 4.623e+02 6 3 2 4.600e+02 4.640e+02 36 3 3 4.661e+02 4.999e+02 314 3 3 4.235e+02 4.585e+02 325 3 1 4.635e+02 5.025e+02 361
59377 11 1 1 1.452e+02 1.488e+02 34 1 3 1.463e+02 1.477e+02 13 1 2 1.528e+02 1.832e+02 283 1 4 1.504e+02 1.856e+02 327 3 3 4.815e+02 4.845e+02 27 3 1 4.388e+02 4.432e+02 41 3 3 4.721e+02 4.939e+02 203 3 2 4.607e+02 4.633e+02 24 3 1 6.012e+02 6.168e+02 145 3 4 4.425e+02 4.815e+02 362 3 4 4.834e+02 5.246e+02 382
59378 1 1 2 6.177e+02 6.423e+02 229
59379 38 0 3 3.979e+02 4.001e+02 20 0 1 6.076e+02 6.104e+02 26 0 3 6.497e+02 6.523e+02 24 0 4 4.169e+02 4.231e+02 57 0 2 3.609e+02 3.951e+02 318 0 3 6.074e+02 6.106e+02 30 0 2 6.716e+02 6.724e+02 8 0 1 3.922e+02 4.058e+02 126 0 2 6.106e+02 6.494e+02 360 0 4 6.695e+02 6.745e+02 47 0 1 3.795e+02 4.185e+02 362 0 4 6.134e+02 6.466e+02 308 0 1 6.477e+02 6.543e+02 60 0 4 3.985e+02 4.415e+02 399 0 4 6.597e+02 6.843e+02 229 1 3 6.076e+02 6.104e+02 26 1 2 5.871e+02 5.889e+02 17 1 4 6.279e+02 6.321e+02 39 1 1 6.060e+02 6.120e+02 56 1 2 6.163e+02 6.437e+02 255 1 4 6.107e+02 6.493e+02 358 2 2 4.130e+01 4.270e+01 13 2 4 4.126e+01 4.274e+01 14 2 2 1.250e+02 1.270e+02 19 2 2 3.270e+02 3.450e+02 166 2 3 9.407e+01 1.159e+02 203 2 1 1.360e+02 1.580e+02 205 2 4 2.941e+01 5.459e+01 234 2 4 1.088e+02 1.432e+02 320 2 4 1.564e+02 1.796e+02 216 2 3 4.624e+01 7.976e+01 311 3 3 1.878e+01 2.322e+01 41 3 3 1.440e+02 1.500e+02 56 3 3 6.203e+01 6.397e+01 18 3 3 8.814e+00 3.319e+01 226 3 3 1.038e+02 1.062e+02 22 3 3 8.680e+01 1.232e+02 338 3 4 1.519e+02 1.841e+02 300
59380 15 2 2 5.867e+02 5.893e+02 24 2 4 2.859e+02 3.021e+02 150 2 1 2.645e+02 2.815e+02 158 2 4 5.823e+02 5.937e+02 106 2 3 5.502e+02 5.838e+02 311 2 3 2.637e+02 2.823e+02 173 2 2 2.830e+02 3.050e+02 204 3 4 4.193e+02 4.207e+02 13 3 4 3.757e+02 3.803e+02 43 3 2 4.133e+02 4.267e+02 125 3 1 5.178e+02 5.322e+02 134 3 3 3.913e+02 4.067e+02 143 3 2 4.923e+02 5.157e+02 218 3 1 4.288e+02 4.532e+02 226 3 3 5.084e+02 5.416e+02 308
59381 0
59382 6 0 2 6.720e+02 6.720e+02 -3 0 4 6.690e+02 6.750e+02 56 0 1 6.335e+02 6.685e+02 326 2 3 1.017e+02 1.083e+02 60 2 4 7.047e+01 9.753e+01 251 2 2 6.454e+01 1.035e+02 361
59383 10 2 4 2.481e+02 2.559e+02 73 2 1 2.664e+02 2.796e+02 122 2 1 1.065e+01 3.135e+01 192 2 2 2.409e+02 2.631e+02 206 2 3 1.267e+01 2.933e+01 155 2 3 2.607e+02 2.853e+02 229 2 2 3.008e+01 5.392e+01 221 2 4 2.784e+01 5.616e+01 263 3 1 1.761e+01 2.439e+01 63 3 3 1.761e+01 2.439e+01 63
59384 0
59385 3 0 4 4.168e+02 4.232e+02 59 0 3 5.633e+02 5.707e+02 68 0 3 4.287e+02 4.533e+02 229
59386 0
