35121 12 0 2 1.249e+02 1.271e+02 20 0 1 3.919e+02 4.061e+02 131 0 3 2.251e+02 2.369e+02 109 0 2 1.988e+02 2.212e+02 207 0 1 1.299e+02 1.641e+02 318 0 4 1.944e+02 2.256e+02 290 0 1 2.146e+02 2.474e+02 306 1 3 1.842e+02 1.938e+02 89 1 2 4.540e+02 4.700e+02 148 1 2 4.481e+02 4.759e+02 258 1 2 5.278e+02 5.642e+02 339 2 1 4.954e+00 3.705e+01 298
35122 11 0 1 6.501e+02 6.519e+02 16 0 3 6.481e+02 6.539e+02 53 0 2 6.673e+02 6.767e+02 88 0 4 6.694e+02 6.746e+02 48 0 2 6.595e+02 6.845e+02 231 0 1 6.357e+02 6.663e+02 284 0 2 6.528e+02 6.912e+02 357 0 4 6.533e+02 6.907e+02 347 1 4 6.243e+02 6.357e+02 106 2 3 1.667e+01 2.533e+01 80 2 4 1.172e+02 1.348e+02 163
35123 14 0 1 1.870e+02 1.910e+02 37 0 4 7.724e+01 9.076e+01 126 0 3 5.126e+01 7.474e+01 218 1 1 3.901e+02 4.079e+02 166 1 2 6.154e+02 6.446e+02 271 2 3 2.048e+01 2.152e+01 10 2 4 1.659e+02 1.701e+02 40 2 1 1.842e+02 1.938e+02 90 2 3 7.944e+01 1.306e+02 475 2 2 1.587e+02 1.773e+02 173 2 3 1.733e+02 2.047e+02 292 3 4 2.505e+02 2.535e+02 27 3 1 1.101e+01 3.099e+01 186 3 3 5.580e+00 3.642e+01 286
35124 9 0 2 4.620e+02 4.620e+02 -12 0 1 5.620e+02 5.720e+02 93 0 4 6.720e+02 6.720e+02 -11 0 1 4.713e+02 4.947e+02 217 0 3 5.988e+02 6.192e+02 190 0 4 4.924e+02 5.156e+02 216 2 4 4.009e+01 4.391e+01 36 2 3 6.127e+01 6.473e+01 32 2 2 3.506e+01 4.894e+01 129
35125 1 2 4 2.933e+02 2.947e+02 13
35126 3 0 4 4.925e+02 5.155e+02 214 0 2 4.862e+02 5.218e+02 330 0 1 4.622e+02 5.038e+02 386
35129 0
35131 4 0 3 6.493e+02 6.527e+02 31 0 3 5.905e+02 6.275e+02 344 0 4 6.686e+02 6.754e+02 64 0 3 6.353e+02 6.667e+02 291
35135 13 0 4 6.300e+02 6.300e+02 -5 0 3 2.307e+02 2.313e+02 6 0 3 5.670e+02 5.670e+02 -14 0 4 2.366e+02 2.674e+02 286 0 3 6.042e+02 6.138e+02 90 0 1 4.798e+02 4.862e+02 60 0 3 5.224e+02 5.276e+02 48 0 4 6.202e+02 6.398e+02 182 2 1 1.712e+01 2.488e+01 72 2 4 1.586e+02 1.774e+02 175 2 3 1.608e+01 2.592e+01 91 2 3 1.804e+02 1.976e+02 160 2 1 1.724e+02 2.056e+02 308
35136 60 0 1 6.506e+02 6.514e+02 7 0 4 4.614e+02 4.626e+02 10 0 3 2.281e+02 2.339e+02 55 0 3 5.242e+02 5.258e+02 16 0 1 1.443e+02 1.497e+02 50 0 4 5.873e+02 5.887e+02 13 0 4 2.814e+02 3.066e+02 235 0 4 6.702e+02 6.738e+02 33 0 1 3.478e+02 3.662e+02 170 0 1 4.390e+02 4.430e+02 37 0 2 1.145e+02 1.375e+02 214 0 1 4.828e+02 4.832e+02 3 0 4 1.607e+02 1.753e+02 136 0 2 5.425e+02 5.495e+02 66 0 4 3.645e+02 3.915e+02 250 0 1 6.076e+02 6.104e+02 26 0 2 3.198e+02 3.522e+02 301 0 3 6.481e+02 6.539e+02 54 0 3 4.300e+02 4.520e+02 205 0 3 4.818e+02 4.842e+02 22 0 1 5.662e+02 5.678e+02 16 0 3 6.061e+02 6.119e+02 55 0 2 6.669e+02 6.771e+02 96 0 2 5.016e+02 5.064e+02 45 0 3 5.655e+02 5.685e+02 27 0 2 6.289e+02 6.311e+02 20 0 2 6.555e+02 6.885e+02 306 0 4 5.022e+02 5.058e+02 33 0 1 5.225e+02 5.275e+02 46 0 4 6.296e+02 6.304e+02 8 0 2 4.491e+02 4.749e+02 240 0 3 5.521e+02 5.819e+02 277 0 3 5.981e+02 6.199e+02 202 0 3 4.651e+02 5.009e+02 332 0 2 5.263e+02 5.657e+02 366 0 3 5.913e+02 6.267e+02 329 1 2 5.457e+02 5.463e+02 6 1 2 6.297e+02 6.303e+02 6 1 1 5.241e+02 5.259e+02 16 1 3 5.666e+02 5.674e+02 8 1 4 6.300e+02 6.300e+02 -4 1 4 4.977e+02 5.103e+02 116 1 4 5.863e+02 5.897e+02 31 1 1 6.067e+02 6.113e+02 43 1 2 5.720e+02 6.040e+02 298 1 3 5.965e+02 6.215e+02 232 2 3 4.825e+02 4.835e+02 9 2 4 1.673e+02 1.687e+02 14 2 3 9.788e+01 1.121e+02 132 2 2 5.033e+02 5.047e+02 12 2 1 1.186e+01 3.014e+01 170 2 1 5.217e+02 5.283e+02 61 2 2 1.215e+02 1.305e+02 83 2 4 6.656e+02 6.784e+02 118 2 3 1.803e+02 1.977e+02 162 2 4 4.610e+02 4.630e+02 18 2 2 2.033e+02 2.167e+02 125 2 4 1.091e+02 1.429e+02 313 2 1 1.298e+02 1.642e+02 319 2 4 6.459e+01 1.034e+02 360
35139 7 2 2 3.727e+02 3.833e+02 98 2 3 3.492e+02 3.648e+02 145 3 3 5.247e+02 5.253e+02 6 3 2 4.970e+02 5.110e+02 130 3 1 5.933e+02 6.247e+02 292 3 1 5.154e+02 5.346e+02 178 3 3 5.083e+02 5.417e+02 310
35142 8 3 1 3.983e+02 3.997e+02 14 3 4 4.193e+02 4.207e+02 14 3 4 3.274e+02 3.446e+02 159 3 3 4.352e+02 4.468e+02 107 3 3 3.848e+02 4.132e+02 264 3 1 4.291e+02 4.529e+02 220 3 4 4.451e+02 4.789e+02 315 3 2 4.070e+02 4.330e+02 242
35144 31 0 1 3.552e+02 3.588e+02 34 0 2 3.756e+02 3.804e+02 44 0 3 3.987e+02 3.993e+02 6 0 1 4.781e+02 4.879e+02 90 0 2 5.409e+02 5.511e+02 96 0 4 5.847e+02 5.913e+02 62 0 1 6.499e+02 6.521e+02 20 0 4 4.998e+02 5.082e+02 78 0 4 6.116e+02 6.484e+02 341 0 3 6.486e+02 6.534e+02 45 0 4 4.055e+02 4.345e+02 269 0 3 4.706e+02 4.954e+02 230 0 3 5.896e+02 6.284e+02 360 0 2 6.661e+02 6.779e+02 110 0 2 4.926e+02 5.154e+02 212 0 2 6.109e+02 6.491e+02 355 0 4 6.683e+02 6.757e+02 68 1 4 5.867e+02 5.893e+02 25 1 2 6.274e+02 6.326e+02 49 1 4 6.265e+02 6.335e+02 66 1 4 5.719e+02 6.041e+02 300 1 1 6.010e+02 6.170e+02 148 2 3 1.028e+02 1.072e+02 40 2 4 3.879e+01 4.521e+01 60 2 4 7.917e+01 8.883e+01 90 2 3 5.862e+01 6.738e+01 81 2 2 1.115e+02 1.405e+02 270 2 1 2.187e+02 2.433e+02 228 2 1 5.099e+01 7.501e+01 223 2 2 7.141e+01 9.659e+01 234 2 3 5.117e+01 7.483e+01 220
35145 0
35146 0
35148 0
35149 9 0 2 6.711e+02 6.729e+02 17 0 2 6.213e+02 6.387e+02 162 0 4 6.688e+02 6.752e+02 60 0 4 6.178e+02 6.422e+02 226 0 4 6.613e+02 6.827e+02 199 0 1 6.400e+02 6.620e+02 204 2 2 1.240e+02 1.280e+02 36 2 4 1.164e+02 1.356e+02 178 2 1 1.281e+02 1.659e+02 350
35151 0
35153 18 0 3 5.250e+02 5.250e+02 0 0 2 6.653e+02 6.787e+02 125 0 3 5.990e+02 6.190e+02 186 0 4 6.700e+02 6.740e+02 38 0 1 5.894e+02 6.286e+02 364 0 4 6.629e+02 6.811e+02 170 1 2 6.168e+02 6.432e+02 246 1 1 5.934e+02 6.246e+02 290 1 2 6.086e+02 6.514e+02 398 2 2 3.758e+01 4.642e+01 82 2 4 5.039e+02 5.041e+02 2 2 3 1.276e+01 2.924e+01 153 2 3 5.153e+02 5.347e+02 180 2 4 7.895e+01 8.905e+01 94 2 3 9.403e+01 1.160e+02 204 2 4 2.268e+01 6.132e+01 359 2 2 4.882e+02 5.198e+02 294 2 2 7.150e+01 9.650e+01 232
35154 24 0 4 5.860e+02 5.900e+02 37 0 2 5.400e+02 5.520e+02 110 0 1 6.064e+02 6.116e+02 48 0 1 5.501e+02 5.839e+02 314 0 3 6.030e+02 6.150e+02 111 0 4 6.194e+02 6.406e+02 196 0 1 5.968e+02 6.212e+02 227 0 2 6.151e+02 6.449e+02 277 2 4 2.933e+02 2.947e+02 14 2 2 3.360e+02 3.360e+02 -13 2 1 6.024e+01 6.576e+01 51 2 3 3.068e+02 3.232e+02 152 2 3 5.970e+01 6.630e+01 61 2 2 1.183e+02 1.337e+02 142 2 3 3.458e+02 3.682e+02 209 2 2 3.807e+01 4.593e+01 73 2 4 1.205e+02 1.315e+02 102 2 2 2.757e+02 3.123e+02 340 2 4 3.506e+01 4.894e+01 129 2 3 9.326e+01 1.167e+02 218 2 1 7.737e+00 3.426e+01 246 2 3 6.882e+00 3.512e+01 262 2 2 2.788e+01 5.612e+01 262 2 4 2.806e+01 5.594e+01 259
35155 25 0 1 6.496e+02 6.524e+02 26 0 1 4.771e+02 4.889e+02 110 0 3 5.240e+02 5.260e+02 18 0 3 6.503e+02 6.517e+02 14 0 2 4.988e+02 5.092e+02 96 0 1 4.148e+01 8.452e+01 400 0 3 5.581e+02 5.759e+02 166 0 2 6.154e+02 6.446e+02 270 0 2 6.639e+02 6.801e+02 151 0 4 4.971e+02 5.109e+02 128 0 1 5.201e+02 5.299e+02 91 0 4 6.140e+02 6.460e+02 298 0 4 6.532e+02 6.908e+02 349 0 3 4.660e+02 5.000e+02 316 0 2 5.373e+02 5.547e+02 162 0 2 4.850e+02 5.230e+02 352 1 2 6.285e+02 6.315e+02 28 1 4 6.234e+02 6.366e+02 122 1 2 6.195e+02 6.405e+02 195 1 4 6.167e+02 6.433e+02 246 1 1 5.917e+02 6.263e+02 321 2 1 1.254e+01 2.946e+01 157 2 3 1.456e+01 2.744e+01 120 2 1 -1.955e+00 4.396e+01 426 2 2 2.097e+01 6.303e+01 390
35156 0
35159 55 0 2 3.349e+02 3.371e+02 20 0 4 2.081e+02 2.119e+02 35 0 3 6.090e+02 6.090e+02 -11 0 1 3.106e+02 3.194e+02 82 0 1 3.003e+02 3.297e+02 272 0 2 4.620e+02 4.620e+02 -9 0 3 5.651e+02 5.689e+02 36 0 2 6.280e+02 6.320e+02 36 0 4 4.603e+02 4.637e+02 32 0 1 5.229e+02 5.271e+02 40 0 4 5.880e+02 5.880e+02 -15 0 1 6.495e+02 6.525e+02 27 0 1 4.266e+02 4.554e+02 267 0 3 4.800e+02 4.860e+02 56 0 3 5.249e+02 5.251e+02 1 0 1 6.075e+02 6.105e+02 27 0 3 6.493e+02 6.527e+02 32 0 1 4.716e+02 4.944e+02 211 0 2 5.431e+02 5.489e+02 54 0 3 6.022e+02 6.158e+02 126 0 2 6.632e+02 6.808e+02 164 0 4 4.875e+02 5.205e+02 307 0 1 5.587e+02 5.753e+02 154 0 4 5.776e+02 5.984e+02 193 0 4 6.621e+02 6.819e+02 185 0 4 4.458e+02 4.782e+02 300 0 3 5.496e+02 5.844e+02 323 0 1 6.003e+02 6.177e+02 161 0 4 6.139e+02 6.461e+02 300 1 1 2.298e+02 2.322e+02 22 1 4 2.022e+02 2.178e+02 146 1 3 5.599e+02 5.741e+02 131 1 3 2.209e+02 2.411e+02 188 1 2 6.300e+02 6.300e+02 -21 1 2 1.967e+02 2.233e+02 246 1 4 6.300e+02 6.300e+02 -17 1 2 5.767e+02 5.993e+02 210 2 4 2.513e+02 2.527e+02 14 2 3 4.402e+02 4.418e+02 15 2 1 2.722e+02 2.738e+02 16 2 2 4.613e+02 4.627e+02 13 2 4 4.187e+02 4.213e+02 25 2 3 1.879e+02 1.901e+02 20 2 1 4.830e+02 4.830e+02 -17 2 4 2.089e+02 2.111e+02 20 2 3 4.275e+02 4.545e+02 250 2 1 2.624e+02 2.836e+02 197 2 4 4.478e+02 4.762e+02 263 2 3 6.167e+01 6.433e+01 25 2 4 4.026e+02 4.374e+02 324 2 2 2.385e+02 2.655e+02 251 2 3 2.649e+02 2.811e+02 150 2 4 3.210e+01 5.190e+01 184 2 4 1.136e+02 1.384e+02 230 2 3 8.275e+00 3.372e+01 236
35160 13 0 2 3.319e+02 3.401e+02 76 0 1 2.951e+02 3.349e+02 370 0 2 4.504e+02 4.736e+02 216 0 2 6.671e+02 6.769e+02 90 0 2 6.246e+02 6.354e+02 100 0 1 6.049e+02 6.131e+02 76 1 2 1.224e+02 1.296e+02 66 1 3 9.524e+01 1.148e+02 181 2 1 1.422e+02 1.518e+02 90 2 3 1.468e+02 1.472e+02 4 2 4 1.082e+02 1.438e+02 330 2 2 1.497e+02 1.863e+02 340 3 3 5.382e+01 7.218e+01 170
35161 4 0 3 5.644e+02 5.696e+02 48 0 1 5.533e+02 5.807e+02 255 0 4 5.749e+02 6.011e+02 243 0 2 5.345e+02 5.575e+02 213
35163 18 0 2 1.680e+02 1.680e+02 -15 0 4 6.715e+02 6.725e+02 10 0 4 2.066e+02 2.134e+02 63 0 2 6.692e+02 6.748e+02 51 0 3 1.773e+02 2.007e+02 217 0 2 6.550e+02 6.890e+02 316 0 4 6.540e+02 6.900e+02 334 1 2 6.227e+02 6.373e+02 135 1 2 6.126e+02 6.474e+02 323 1 4 6.133e+02 6.467e+02 310 2 2 4.130e+01 4.270e+01 13 2 4 3.677e+01 4.723e+01 97 2 1 5.651e+01 6.949e+01 120 2 3 5.179e+00 3.682e+01 294 3 2 1.610e+02 1.750e+02 130 3 4 1.573e+02 1.787e+02 199 3 3 1.764e+02 2.016e+02 234 3 1 1.670e+02 2.110e+02 408
35164 19 0 1 4.818e+02 4.842e+02 22 0 2 5.453e+02 5.467e+02 12 0 3 6.073e+02 6.107e+02 32 0 3 4.793e+02 4.867e+02 69 0 4 5.837e+02 5.923e+02 80 0 4 4.910e+02 5.170e+02 242 0 1 5.100e+02 5.400e+02 278 0 1 6.040e+02 6.140e+02 92 0 2 6.569e+02 6.871e+02 280 0 2 4.849e+02 5.231e+02 355 0 1 5.482e+02 5.858e+02 349 0 4 6.550e+02 6.890e+02 316 0 3 5.503e+02 5.837e+02 310 1 2 6.170e+02 6.430e+02 240 1 4 6.138e+02 6.462e+02 300 2 4 8.128e+01 8.672e+01 50 2 3 5.903e+01 6.697e+01 74 2 2 7.747e+01 9.053e+01 121 2 3 8.662e+01 1.234e+02 341
35165 12 0 3 3.939e+02 4.041e+02 94 0 1 3.875e+02 4.105e+02 214 0 4 3.645e+02 3.915e+02 251 0 2 6.538e+02 6.902e+02 337 0 4 6.528e+02 6.912e+02 357 1 1 3.972e+02 4.008e+02 33 2 3 2.307e+02 2.313e+02 6 2 2 4.904e+02 5.176e+02 253 2 4 1.986e+02 2.214e+02 212 2 4 6.101e+02 6.499e+02 369 2 3 1.684e+02 2.096e+02 382 2 2 1.845e+02 2.355e+02 474
35166 1 1 4 6.067e+02 6.533e+02 432
35167 0
35168 4 2 4 5.010e+02 5.070e+02 56 2 3 4.737e+02 4.923e+02 173 2 2 4.880e+02 5.200e+02 297 3 1 3.548e+02 3.592e+02 41
