30318 6 0 4 1.677e+02 1.683e+02 6 0 4 2.495e+02 2.545e+02 47 0 4 2.041e+02 2.159e+02 110 0 4 2.415e+02 2.625e+02 195 2 4 6.546e+02 6.894e+02 324 3 1 6.350e+02 6.670e+02 298
30321 17 0 1 3.974e+02 4.006e+02 29 0 4 4.144e+02 4.256e+02 104 0 1 3.859e+02 4.121e+02 243 0 4 6.544e+02 6.896e+02 326 0 3 3.824e+02 4.156e+02 309 2 3 2.703e+02 2.757e+02 50 2 3 3.563e+02 3.577e+02 12 2 1 4.405e+02 4.415e+02 9 2 4 2.412e+02 2.628e+02 200 2 2 4.991e+02 5.089e+02 90 2 1 2.652e+02 2.808e+02 146 2 1 3.951e+02 4.029e+02 72 2 2 3.741e+02 3.819e+02 72 2 1 4.761e+02 4.899e+02 129 2 2 2.828e+02 3.052e+02 209 2 1 3.792e+02 4.188e+02 367 2 4 3.306e+02 3.414e+02 100
30322 26 0 1 5.653e+02 5.687e+02 32 0 4 6.266e+02 6.334e+02 63 0 2 6.713e+02 6.727e+02 12 0 3 5.631e+02 5.709e+02 73 0 1 6.058e+02 6.122e+02 60 0 4 6.707e+02 6.733e+02 24 0 2 5.304e+02 5.616e+02 290 0 3 6.054e+02 6.126e+02 67 0 1 6.483e+02 6.537e+02 50 0 2 6.232e+02 6.368e+02 126 0 3 6.478e+02 6.542e+02 59 0 3 5.937e+02 6.243e+02 285 0 1 6.341e+02 6.679e+02 314 0 4 6.118e+02 6.482e+02 337 1 2 5.880e+02 5.880e+02 -2 1 1 5.546e+02 5.794e+02 230 1 3 5.985e+02 6.195e+02 195 1 4 5.731e+02 6.029e+02 277 2 4 4.157e+01 4.243e+01 8 2 3 1.037e+02 1.063e+02 24 2 3 9.228e+01 1.177e+02 236 2 4 1.512e+02 1.848e+02 312 2 4 4.452e+02 4.788e+02 311 2 3 2.213e+02 2.407e+02 180 2 2 1.093e+02 1.427e+02 310 2 3 1.319e+02 1.621e+02 280
30323 0
30324 25 0 1 4.654e+02 5.006e+02 327 0 1 5.446e+02 5.894e+02 416 0 4 5.709e+02 6.051e+02 317 0 2 6.531e+02 6.909e+02 351 0 4 4.030e+02 4.370e+02 316 0 3 4.624e+02 5.036e+02 382 0 2 5.240e+02 5.680e+02 409 0 2 6.133e+02 6.467e+02 310 0 4 6.559e+02 6.881e+02 300 0 4 4.812e+02 5.268e+02 423 0 4 6.069e+02 6.531e+02 430 0 1 6.327e+02 6.693e+02 340 0 2 4.425e+02 4.815e+02 362 1 3 5.657e+02 5.683e+02 25 1 1 5.477e+02 5.863e+02 359 1 1 2.554e+02 2.906e+02 326 1 2 6.179e+02 6.421e+02 225 1 2 5.729e+02 6.031e+02 280 1 4 6.108e+02 6.492e+02 356 1 4 5.263e+02 5.657e+02 366 1 1 5.895e+02 6.285e+02 361 2 2 3.338e+02 3.382e+02 41 2 2 1.094e+02 1.426e+02 308 2 4 1.446e+02 1.914e+02 435 2 4 9.928e+01 1.527e+02 496
30325 1 1 4 6.114e+02 6.486e+02 345
30326 6 2 2 2.823e+02 3.057e+02 218 3 4 4.485e+02 4.755e+02 251 3 1 5.046e+02 5.454e+02 380 3 2 5.282e+02 5.638e+02 330 3 3 5.003e+02 5.497e+02 459 3 4 5.280e+02 5.640e+02 334
30327 2 2 3 3.945e+02 4.035e+02 83 2 2 3.730e+02 3.830e+02 93
30328 12 0 2 6.689e+02 6.751e+02 57 1 3 5.242e+02 5.258e+02 15 1 4 5.031e+02 5.049e+02 17 1 3 5.098e+02 5.402e+02 283 2 3 1.027e+02 1.073e+02 43 2 1 3.553e+02 3.587e+02 31 2 2 1.244e+02 1.276e+02 30 2 4 3.334e+02 3.386e+02 48 2 4 6.984e+01 9.816e+01 263 2 2 3.214e+02 3.506e+02 271 2 2 1.079e+02 1.441e+02 336 2 3 3.427e+02 3.713e+02 266
30330 0
30331 1 2 3 4.379e+02 4.441e+02 57
30332 6 1 4 8.317e+01 8.483e+01 16 1 1 5.634e+02 5.706e+02 67 2 3 1.037e+02 1.063e+02 25 2 4 4.063e+01 4.337e+01 26 2 4 4.941e+02 5.139e+02 184 2 1 5.100e+02 5.400e+02 279
30333 7 0 2 6.693e+02 6.747e+02 50 0 4 6.679e+02 6.761e+02 76 0 4 6.530e+02 6.910e+02 352 2 4 1.577e+02 1.783e+02 190 2 1 1.765e+02 2.015e+02 231 2 3 1.806e+02 1.974e+02 156 2 2 1.554e+02 1.806e+02 234
30335 3 2 2 6.687e+02 6.753e+02 62 2 4 6.619e+02 6.821e+02 188 2 3 6.404e+02 6.616e+02 196
30337 0
30338 26 0 4 3.749e+02 3.811e+02 57 0 3 6.485e+02 6.535e+02 47 0 2 6.100e+02 6.500e+02 370 0 1 6.430e+02 6.590e+02 148 1 4 5.720e+02 6.040e+02 298 2 1 6.217e+01 6.383e+01 16 2 3 4.407e+02 4.413e+02 6 2 2 8.357e+01 8.443e+01 8 2 4 5.014e+02 5.066e+02 48 2 4 3.718e+02 3.842e+02 115 2 3 5.224e+02 5.276e+02 48 2 4 4.085e+01 4.315e+01 21 2 1 4.355e+02 4.465e+02 103 2 3 1.040e+02 1.060e+02 19 2 4 5.419e+02 5.501e+02 76 2 3 5.252e+01 7.348e+01 195 2 3 3.865e+02 4.115e+02 232 2 2 1.174e+02 1.346e+02 160 2 2 4.455e+02 4.785e+02 307 2 1 1.327e+02 1.613e+02 265 2 1 5.125e+02 5.375e+02 233 2 2 2.968e+01 5.432e+01 229 2 4 4.079e+02 4.321e+02 226 2 4 7.585e+01 9.215e+01 151 2 2 5.328e+02 5.592e+02 246 2 4 6.521e+01 1.028e+02 349
30339 40 0 4 6.275e+02 6.325e+02 47 0 3 4.401e+02 4.419e+02 17 0 2 5.033e+02 5.047e+02 13 0 1 5.231e+02 5.269e+02 35 0 1 6.075e+02 6.105e+02 28 0 3 6.487e+02 6.533e+02 42 0 4 4.160e+02 4.240e+02 74 0 4 4.984e+02 5.096e+02 105 0 3 5.234e+02 5.266e+02 30 0 3 5.951e+02 6.229e+02 258 0 2 6.714e+02 6.726e+02 11 0 1 4.639e+02 5.021e+02 356 0 2 5.405e+02 5.515e+02 102 0 2 6.182e+02 6.418e+02 219 0 4 6.702e+02 6.738e+02 33 0 2 4.843e+02 5.237e+02 366 0 3 5.068e+02 5.432e+02 338 0 1 6.384e+02 6.636e+02 234 0 2 5.225e+02 5.695e+02 437 1 1 6.040e+02 6.140e+02 93 1 3 6.033e+02 6.147e+02 106 1 4 2.334e+02 2.706e+02 346 1 2 6.284e+02 6.316e+02 30 1 4 6.273e+02 6.327e+02 50 1 2 6.125e+02 6.475e+02 325 2 2 2.932e+02 2.948e+02 15 2 4 4.981e+02 5.099e+02 110 2 4 3.753e+01 4.647e+01 83 2 3 5.173e+02 5.327e+02 144 2 4 1.575e+02 1.785e+02 196 2 2 2.000e+02 2.200e+02 186 2 4 2.809e+02 3.071e+02 243 2 1 8.588e+00 3.341e+01 230 2 3 2.203e+02 2.417e+02 199 2 1 2.998e+02 3.302e+02 282 2 3 6.122e+00 3.588e+01 276 2 4 2.380e+02 2.660e+02 260 2 3 2.600e+02 2.860e+02 242 3 3 2.043e+01 2.157e+01 10 3 3 4.489e+01 8.111e+01 336
30340 14 0 1 2.291e+02 2.329e+02 35 0 4 5.876e+02 5.884e+02 7 0 4 6.698e+02 6.742e+02 40 0 3 6.481e+02 6.539e+02 54 1 1 5.642e+02 5.698e+02 51 1 1 6.083e+02 6.097e+02 14 1 2 6.263e+02 6.337e+02 68 2 4 2.513e+02 2.527e+02 14 2 2 3.767e+02 3.793e+02 24 2 1 1.422e+02 1.518e+02 90 2 2 2.920e+02 2.960e+02 37 2 1 1.940e+01 2.260e+01 30 2 3 1.388e+01 2.812e+01 132 2 3 5.682e+01 6.918e+01 115
30342 5 0 3 5.216e+02 5.284e+02 64 0 2 4.984e+02 5.096e+02 105 0 2 4.911e+02 5.169e+02 239 0 1 4.631e+02 5.029e+02 369 1 4 6.099e+02 6.501e+02 374
30344 0
30345 0
30346 57 0 4 6.288e+02 6.312e+02 23 0 2 3.360e+02 3.360e+02 -21 0 1 6.500e+02 6.520e+02 18 0 2 2.440e+02 2.600e+02 149 0 3 2.691e+02 2.769e+02 73 0 2 5.410e+02 5.510e+02 92 0 4 3.332e+02 3.388e+02 51 0 4 5.848e+02 5.912e+02 59 0 1 3.146e+02 3.154e+02 8 0 3 6.489e+02 6.531e+02 40 0 2 1.176e+02 1.344e+02 156 0 4 4.587e+02 4.653e+02 62 0 1 2.657e+02 2.803e+02 136 0 1 5.153e+02 5.347e+02 180 0 4 2.798e+02 3.082e+02 264 0 1 6.082e+02 6.098e+02 16 0 2 6.713e+02 6.727e+02 12 0 1 4.250e+02 4.570e+02 298 0 1 4.812e+02 4.848e+02 34 0 1 5.537e+02 5.803e+02 246 0 2 6.294e+02 6.306e+02 11 0 4 6.701e+02 6.739e+02 35 1 3 3.988e+02 3.992e+02 3 1 1 5.656e+02 5.684e+02 26 1 3 4.410e+02 4.410e+02 -20 1 1 6.090e+02 6.090e+02 -24 1 2 4.129e+02 4.271e+02 131 1 3 5.670e+02 5.670e+02 -16 1 2 6.300e+02 6.300e+02 -5 1 1 4.308e+02 4.512e+02 190 1 4 5.787e+02 5.973e+02 172 1 4 6.300e+02 6.300e+02 -2 1 2 5.728e+02 6.032e+02 283 1 3 6.045e+02 6.135e+02 84 2 2 4.189e+02 4.211e+02 20 2 4 8.400e+01 8.400e+01 -20 2 2 4.620e+02 4.620e+02 -24 2 4 1.643e+02 1.717e+02 69 2 3 3.926e+02 4.054e+02 118 2 3 2.310e+02 2.310e+02 -4 2 1 4.731e+02 4.929e+02 185 2 1 3.136e+02 3.164e+02 26 2 4 3.759e+02 3.801e+02 40 2 1 4.334e+02 4.486e+02 141 2 2 1.257e+02 1.263e+02 6 2 3 4.342e+02 4.478e+02 126 2 1 1.842e+02 1.938e+02 90 2 4 4.013e+02 4.387e+02 348 2 4 2.474e+02 2.566e+02 86 2 3 3.117e+02 3.183e+02 61 2 3 3.452e+02 3.688e+02 219 2 3 5.575e+01 7.025e+01 135 2 4 1.235e+02 1.285e+02 47 2 1 1.324e+02 1.616e+02 270 2 2 2.414e+02 2.626e+02 197 3 2 4.932e+02 5.148e+02 201 3 4 2.726e+01 5.674e+01 274
30348 20 0 2 6.300e+02 6.300e+02 -24 0 4 5.880e+02 5.880e+02 -22 0 1 3.541e+02 3.599e+02 55 0 2 6.697e+02 6.743e+02 42 0 1 3.045e+02 3.255e+02 195 0 1 5.572e+02 5.768e+02 182 0 2 3.318e+02 3.402e+02 77 0 4 6.293e+02 6.307e+02 13 0 4 3.664e+02 3.896e+02 215 0 4 6.695e+02 6.745e+02 46 0 1 3.408e+02 3.732e+02 301 0 3 5.520e+02 5.820e+02 278 0 1 6.434e+02 6.586e+02 140 0 3 6.406e+02 6.614e+02 194 1 4 2.078e+02 2.122e+02 41 1 4 1.990e+02 2.210e+02 204 2 3 1.036e+02 1.064e+02 26 2 3 4.390e+02 4.430e+02 36 2 4 8.029e+01 8.771e+01 69 2 3 4.246e+02 4.574e+02 305
30349 13 0 4 6.266e+02 6.334e+02 63 0 1 6.432e+02 6.588e+02 145 0 2 1.224e+02 1.296e+02 66 0 2 4.605e+02 4.635e+02 28 0 1 9.532e+01 1.147e+02 180 0 3 4.729e+02 4.931e+02 188 0 4 4.514e+02 4.726e+02 196 1 1 5.911e+02 6.269e+02 333 2 4 8.204e+01 8.596e+01 36 2 4 6.232e+02 6.368e+02 127 2 1 6.422e+02 6.598e+02 163 2 2 6.149e+02 6.451e+02 280 2 3 6.338e+02 6.682e+02 320
30350 4 0 3 1.013e+02 1.087e+02 68 0 2 7.509e+01 9.291e+01 166 0 1 5.877e+02 6.303e+02 396 0 3 5.864e+02 6.316e+02 420
30352 4 0 3 6.058e+02 6.122e+02 60 1 3 6.090e+02 6.090e+02 -17 1 4 6.248e+02 6.352e+02 96 2 3 5.624e+01 6.976e+01 126
30353 5 2 3 5.373e+01 7.227e+01 172 2 2 7.603e+01 9.197e+01 148 2 1 1.016e+01 3.184e+01 201 2 4 7.128e+01 9.672e+01 236 2 3 5.449e+00 3.655e+01 289
30354 9 1 4 4.998e+02 5.082e+02 78 1 2 5.855e+02 5.905e+02 46 1 1 6.081e+02 6.099e+02 17 1 4 5.880e+02 5.880e+02 -16 1 1 5.963e+02 6.217e+02 236 1 1 5.501e+02 5.839e+02 315 1 3 5.945e+02 6.235e+02 269 1 4 5.704e+02 6.056e+02 327 1 4 5.274e+02 5.646e+02 345
30355 6 0 2 6.270e+02 6.330e+02 56 0 4 6.148e+02 6.452e+02 282 0 3 6.433e+02 6.587e+02 143 1 2 6.300e+02 6.300e+02 -18 1 4 6.235e+02 6.365e+02 120 1 3 5.928e+02 6.252e+02 301
30359 7 2 3 3.511e+02 3.629e+02 110 2 1 3.477e+02 3.663e+02 173 2 2 3.661e+02 3.899e+02 220 3 4 2.038e+02 2.162e+02 116 3 1 2.237e+02 2.383e+02 136 3 2 1.988e+02 2.212e+02 207 3 3 2.206e+02 2.414e+02 194
30360 1 0 4 1.495e+02 1.865e+02 343
30363 1 0 4 4.615e+02 4.625e+02 9
