54561 0
54564 0
54565 0
54566 71 0 2 1.669e+02 1.691e+02 20 0 1 5.669e+02 5.671e+02 2 0 4 3.289e+02 3.431e+02 132 0 1 6.083e+02 6.097e+02 13 0 1 1.021e+02 1.079e+02 53 0 2 6.717e+02 6.723e+02 5 0 4 1.572e+02 1.788e+02 201 0 1 4.410e+02 4.410e+02 -6 0 2 1.164e+02 1.356e+02 179 0 2 5.002e+02 5.078e+02 71 0 3 8.657e+01 1.234e+02 342 0 2 5.430e+02 5.490e+02 56 0 3 1.731e+02 2.049e+02 296 0 2 6.294e+02 6.306e+02 11 0 1 1.301e+02 1.639e+02 314 0 4 6.708e+02 6.732e+02 21 0 3 3.965e+02 4.015e+02 47 0 2 4.612e+02 4.628e+02 16 0 3 5.597e+02 5.743e+02 135 0 4 6.290e+02 6.310e+02 18 0 1 6.500e+02 6.520e+02 18 0 4 4.157e+02 4.243e+02 80 0 4 4.573e+02 4.667e+02 86 0 1 5.173e+02 5.327e+02 143 0 3 6.034e+02 6.146e+02 104 0 3 6.503e+02 6.517e+02 14 0 3 4.332e+02 4.488e+02 145 0 1 4.814e+02 4.846e+02 30 0 3 5.133e+02 5.367e+02 217 0 4 5.754e+02 6.006e+02 234 0 3 3.807e+02 4.173e+02 340 0 3 4.792e+02 4.868e+02 71 0 3 5.493e+02 5.847e+02 328 0 3 5.960e+02 6.220e+02 240 0 4 4.951e+02 5.129e+02 165 0 1 5.091e+02 5.409e+02 296 0 1 4.716e+02 4.944e+02 212 0 3 4.676e+02 4.984e+02 286 1 2 5.040e+02 5.040e+02 -3 1 2 6.291e+02 6.309e+02 16 1 1 4.783e+02 4.877e+02 87 1 2 5.855e+02 5.905e+02 46 1 4 6.292e+02 6.308e+02 15 1 4 4.938e+02 5.142e+02 190 1 4 5.831e+02 5.929e+02 91 1 1 6.080e+02 6.100e+02 18 1 3 5.115e+02 5.385e+02 250 1 1 5.615e+02 5.725e+02 102 1 3 6.081e+02 6.099e+02 17 1 2 5.748e+02 6.012e+02 245 1 4 5.713e+02 6.047e+02 310 2 3 1.747e+01 2.453e+01 66 2 2 2.097e+02 2.103e+02 6 2 1 5.222e+02 5.278e+02 51 2 1 1.191e+01 3.009e+01 169 2 4 4.973e+02 5.107e+02 124 2 3 1.830e+02 1.950e+02 112 2 2 5.455e+02 5.465e+02 9 2 4 2.093e+02 2.107e+02 13 2 4 6.615e+02 6.825e+02 195 2 2 3.215e+01 5.185e+01 183 2 2 4.891e+02 5.189e+02 276 2 2 1.495e+02 1.865e+02 343 2 4 5.424e+02 5.496e+02 66 2 1 2.191e+02 2.429e+02 221 2 4 5.696e+02 6.064e+02 342 2 4 3.232e+01 5.168e+01 180 2 3 5.156e+02 5.344e+02 175 2 3 2.145e+02 2.475e+02 306 2 3 5.533e+02 5.807e+02 254 2 4 2.317e+01 6.083e+01 350
54567 1 0 3 6.320e+02 6.700e+02 353
54568 35 0 3 5.670e+02 5.670e+02 -23 0 2 3.739e+02 3.821e+02 76 0 4 5.864e+02 5.896e+02 30 0 4 3.646e+02 3.914e+02 250 0 2 6.691e+02 6.749e+02 55 0 1 3.979e+02 4.001e+02 20 0 1 3.400e+02 3.740e+02 316 0 4 4.982e+02 5.098e+02 108 0 1 5.670e+02 5.670e+02 -13 0 3 6.047e+02 6.133e+02 80 0 1 6.433e+02 6.587e+02 144 0 3 3.909e+02 4.071e+02 150 0 4 4.585e+02 4.655e+02 65 0 4 6.243e+02 6.357e+02 106 0 3 6.432e+02 6.588e+02 146 0 3 4.302e+02 4.518e+02 201 0 4 4.455e+02 4.785e+02 306 0 1 6.006e+02 6.174e+02 156 0 2 6.614e+02 6.826e+02 196 0 3 3.732e+02 4.248e+02 480 0 2 6.206e+02 6.394e+02 175 0 4 6.645e+02 6.795e+02 140 0 4 3.968e+02 4.432e+02 430 0 4 6.155e+02 6.445e+02 270 0 4 6.558e+02 6.882e+02 300 0 2 6.478e+02 6.962e+02 449 2 4 4.200e+01 4.200e+01 -4 2 2 1.670e+02 1.690e+02 18 2 2 3.820e+01 4.580e+01 70 2 1 5.539e+01 7.061e+01 141 2 1 7.377e+00 3.462e+01 253 2 3 7.599e+00 3.440e+01 249 2 3 4.749e+01 7.851e+01 288 2 4 2.088e+01 6.312e+01 392 3 2 3.933e+02 4.467e+02 496
54569 8 0 1 6.496e+02 6.524e+02 26 0 2 6.597e+02 6.843e+02 229 2 1 2.281e+02 2.339e+02 54 2 1 3.537e+02 3.603e+02 60 2 4 2.461e+02 2.579e+02 110 2 3 2.996e+02 3.304e+02 286 2 2 3.323e+02 3.397e+02 69 2 4 3.244e+02 3.476e+02 216
54570 9 0 2 6.297e+02 6.303e+02 6 0 4 4.200e+02 4.200e+02 -4 0 4 6.260e+02 6.340e+02 75 0 3 6.341e+02 6.679e+02 315 1 3 5.919e+02 6.261e+02 318 1 2 6.174e+02 6.426e+02 235 1 4 6.144e+02 6.456e+02 289 2 2 1.260e+02 1.260e+02 -13 2 2 1.125e+02 1.395e+02 250
54571 13 0 4 6.297e+02 6.303e+02 6 0 3 3.895e+02 4.085e+02 177 0 4 5.026e+02 5.054e+02 26 0 2 3.645e+02 3.915e+02 250 0 3 5.218e+02 5.282e+02 59 0 4 3.664e+02 3.896e+02 215 0 1 6.038e+02 6.142e+02 96 0 3 6.011e+02 6.169e+02 147 0 4 3.190e+02 3.530e+02 316 0 2 6.161e+02 6.439e+02 259 2 3 5.927e+02 6.253e+02 302 2 4 5.671e+02 6.089e+02 388 2 2 6.079e+02 6.521e+02 410
54572 17 0 4 6.718e+02 6.722e+02 3 0 1 1.754e+02 2.026e+02 252 0 2 6.687e+02 6.753e+02 60 0 4 1.951e+02 2.249e+02 276 0 3 5.581e+02 5.759e+02 166 0 4 5.779e+02 5.981e+02 188 0 2 1.930e+02 2.270e+02 316 0 1 6.349e+02 6.671e+02 300 0 3 2.074e+02 2.546e+02 439 0 3 6.336e+02 6.684e+02 323 0 2 6.582e+02 6.858e+02 256 2 4 6.704e+02 6.736e+02 30 2 1 7.421e+00 3.458e+01 252 2 3 6.899e-01 4.131e+01 377 3 2 6.231e+02 6.369e+02 129 3 1 5.979e+02 6.201e+02 206 3 3 5.937e+02 6.243e+02 284
54573 6 0 4 2.818e+02 3.062e+02 227 1 4 6.267e+02 6.333e+02 61 1 1 6.051e+02 6.129e+02 73 1 3 5.956e+02 6.224e+02 248 1 2 6.192e+02 6.408e+02 200 2 4 2.120e+01 6.280e+01 386
54575 7 0 3 2.286e+02 2.334e+02 44 0 1 5.171e+02 5.329e+02 146 0 4 2.381e+02 2.659e+02 258 0 2 5.353e+02 5.567e+02 198 0 3 5.130e+02 5.370e+02 222 1 2 6.152e+02 6.448e+02 275 1 4 6.102e+02 6.498e+02 367
54576 11 0 2 6.252e+02 6.348e+02 89 0 4 3.335e+02 3.385e+02 46 0 4 6.275e+02 6.325e+02 47 0 4 6.653e+02 6.787e+02 125 0 4 6.166e+02 6.434e+02 249 0 3 6.390e+02 6.630e+02 222 0 1 5.910e+02 6.270e+02 334 0 2 6.593e+02 6.847e+02 236 0 3 5.942e+02 6.238e+02 275 0 4 6.531e+02 6.909e+02 350 0 1 6.321e+02 6.699e+02 350
54577 13 0 2 6.691e+02 6.749e+02 53 0 4 6.648e+02 6.792e+02 135 0 1 6.379e+02 6.641e+02 244 1 2 6.174e+02 6.426e+02 235 2 1 1.958e+01 2.242e+01 26 2 2 1.260e+02 1.260e+02 -14 2 3 1.433e+01 2.767e+01 124 2 4 1.197e+02 1.323e+02 116 2 2 3.538e+01 4.862e+01 123 2 3 9.187e+01 1.181e+02 244 2 1 1.321e+02 1.619e+02 277 2 1 8.545e+00 3.346e+01 231 2 4 3.071e+01 5.329e+01 210
54578 80 0 1 4.818e+02 4.842e+02 22 0 3 2.290e+02 2.330e+02 36 0 3 2.730e+02 2.730e+02 0 0 2 6.701e+02 6.739e+02 35 0 3 1.858e+02 1.922e+02 60 0 2 5.023e+02 5.057e+02 31 0 2 2.022e+02 2.178e+02 146 0 1 5.519e+02 5.821e+02 280 0 1 1.769e+02 2.011e+02 225 0 3 6.084e+02 6.096e+02 11 0 4 1.973e+02 2.227e+02 236 0 4 6.702e+02 6.738e+02 33 0 2 1.494e+02 1.866e+02 345 0 4 5.029e+02 5.051e+02 21 0 3 2.169e+02 2.451e+02 261 0 1 5.966e+02 6.214e+02 230 0 1 6.474e+02 6.546e+02 67 0 2 4.598e+02 4.642e+02 41 0 1 5.033e+02 5.467e+02 403 0 3 5.995e+02 6.185e+02 176 0 3 6.401e+02 6.619e+02 203 0 4 4.565e+02 4.675e+02 102 0 3 5.055e+02 5.445e+02 363 0 2 6.210e+02 6.390e+02 167 0 1 6.382e+02 6.638e+02 238 0 1 4.728e+02 4.932e+02 190 0 4 5.756e+02 6.004e+02 230 0 3 6.343e+02 6.677e+02 310 0 3 4.662e+02 4.998e+02 312 0 2 4.435e+02 4.805e+02 343 1 3 4.820e+02 4.840e+02 18 1 1 5.668e+02 5.672e+02 5 1 1 6.074e+02 6.106e+02 30 1 2 4.548e+02 4.692e+02 134 1 1 4.221e+02 4.599e+02 351 1 4 4.992e+02 5.088e+02 89 1 2 5.869e+02 5.891e+02 20 1 3 6.080e+02 6.100e+02 18 1 4 5.856e+02 5.904e+02 45 1 2 6.300e+02 6.300e+02 -4 1 1 4.628e+02 5.032e+02 376 1 2 5.403e+02 5.517e+02 106 1 4 6.267e+02 6.333e+02 62 1 3 5.567e+02 5.773e+02 191 1 4 5.287e+02 5.633e+02 320 1 1 5.540e+02 5.800e+02 240 2 2 2.936e+02 2.944e+02 8 2 1 6.475e+02 6.545e+02 65 2 2 3.742e+02 3.818e+02 70 2 3 6.445e+02 6.575e+02 120 2 3 2.100e+01 2.100e+01 -6 2 3 1.865e+02 1.915e+02 46 2 3 5.953e+02 6.227e+02 254 2 4 2.050e+02 2.150e+02 92 2 2 6.643e+02 6.797e+02 142 2 3 3.090e+02 3.210e+02 112 2 4 3.695e+02 3.865e+02 157 2 2 6.175e+02 6.425e+02 233 2 1 6.212e+01 6.388e+01 16 2 4 1.623e+02 1.737e+02 106 2 4 6.144e+02 6.456e+02 290 2 4 1.973e+02 2.227e+02 236 2 4 6.538e+02 6.902e+02 337 2 1 2.997e+02 3.303e+02 284 2 2 3.263e+02 3.457e+02 180 2 2 3.300e+01 5.100e+01 167 2 3 2.173e+02 2.447e+02 255 2 3 3.409e+02 3.731e+02 299 2 4 3.479e+01 4.921e+01 134 2 2 2.392e+02 2.648e+02 237 2 4 3.185e+02 3.535e+02 326 2 1 8.858e+00 3.314e+01 226 2 4 2.312e+02 2.728e+02 387 2 2 2.748e+01 5.652e+01 270 2 4 2.847e+01 5.553e+01 251 3 4 1.244e+02 1.276e+02 30 3 1 5.947e+01 6.653e+01 66 3 1 2.211e+02 2.409e+02 183 3 4 2.833e+01 5.567e+01 254 3 1 8.858e+00 3.314e+01 226
54579 32 0 2 6.709e+02 6.731e+02 21 0 1 5.143e+02 5.357e+02 198 0 4 6.667e+02 6.773e+02 99 0 2 5.376e+02 5.544e+02 156 0 3 5.111e+02 5.389e+02 258 2 2 4.157e+01 4.243e+01 8 2 4 1.664e+02 1.696e+02 29 2 3 5.246e+02 5.254e+02 8 2 4 2.100e+02 2.100e+02 -2 2 4 4.994e+02 5.086e+02 85 2 2 2.940e+02 2.940e+02 -5 2 2 5.421e+02 5.499e+02 73 2 2 7.832e+01 8.968e+01 106 2 4 6.157e+02 6.443e+02 266 2 1 1.875e+02 1.905e+02 27 2 4 4.522e+02 4.718e+02 182 2 2 2.509e+02 2.531e+02 21 2 1 5.548e+02 5.792e+02 226 2 4 2.935e+02 2.945e+02 9 2 3 4.753e+02 4.907e+02 142 2 4 3.538e+01 4.862e+01 123 2 2 4.503e+02 4.737e+02 217 2 4 8.164e+01 8.636e+01 44 2 3 1.813e+02 1.967e+02 142 2 3 2.242e+02 2.378e+02 127 2 3 3.144e+02 3.156e+02 10 2 1 8.050e+00 3.395e+01 240 2 3 9.981e+01 1.102e+02 96 2 2 1.532e+02 1.828e+02 275 2 3 7.064e+00 3.494e+01 259 2 2 6.540e+01 1.026e+02 346 2 1 4.547e+01 8.053e+01 326
54580 9 0 2 5.362e+02 5.558e+02 181 0 1 5.536e+02 5.804e+02 250 0 2 6.540e+02 6.900e+02 334 0 3 5.586e+02 5.754e+02 156 0 4 6.539e+02 6.901e+02 336 1 2 5.912e+01 1.089e+02 462 2 2 4.117e+01 4.283e+01 16 2 1 6.158e+01 6.442e+01 26 2 3 1.815e+01 2.385e+01 53
54581 4 0 4 3.780e+02 3.780e+02 -2 0 2 3.228e+02 3.492e+02 246 0 1 2.963e+02 3.337e+02 346 0 1 3.378e+02 3.762e+02 357
54582 1 0 4 5.827e+02 5.933e+02 98
54583 0
54584 9 0 1 1.913e+01 2.287e+01 35 0 4 3.677e+01 4.723e+01 97 0 2 6.586e+02 6.854e+02 248 0 2 3.165e+01 5.235e+01 192 0 3 4.459e+00 3.754e+01 307 1 4 6.280e+02 6.320e+02 38 1 1 6.046e+02 6.134e+02 81 1 2 6.242e+02 6.358e+02 108 1 3 5.922e+02 6.258e+02 311
54585 27 0 4 3.327e+02 3.393e+02 61 0 1 6.072e+02 6.108e+02 33 0 2 6.682e+02 6.758e+02 71 0 2 6.273e+02 6.327e+02 50 0 4 6.693e+02 6.747e+02 50 0 4 6.239e+02 6.361e+02 113 0 1 6.391e+02 6.629e+02 221 0 3 6.007e+02 6.173e+02 154 0 3 6.353e+02 6.667e+02 291 0 1 5.909e+02 6.271e+02 336 0 4 6.111e+02 6.489e+02 351 1 4 5.356e+02 5.564e+02 193 1 4 6.203e+02 6.397e+02 180 1 3 5.140e+02 5.360e+02 205 2 4 3.716e+02 3.844e+02 118 2 4 4.049e+01 4.351e+01 28 2 2 7.828e+01 8.972e+01 106 2 2 2.891e+02 2.989e+02 90 2 3 3.447e+02 3.693e+02 228 2 1 1.887e+01 2.313e+01 40 2 4 7.877e+01 8.923e+01 97 2 3 2.614e+02 2.846e+02 216 2 2 3.153e+02 3.567e+02 385 2 3 1.142e+01 3.058e+01 178 2 3 8.720e+01 1.228e+02 330 2 4 2.757e+02 3.123e+02 340 2 1 3.340e+02 3.800e+02 426
54586 0
54587 0
54588 4 2 4 2.509e+02 2.531e+02 20 2 1 2.686e+02 2.774e+02 81 2 3 2.640e+02 2.820e+02 167 2 2 2.312e+02 2.728e+02 386
54589 29 2 2 1.678e+02 1.682e+02 3 2 3 2.255e+02 2.365e+02 103 2 2 3.696e+02 3.864e+02 156 2 4 1.616e+02 1.744e+02 120 2 4 2.403e+02 2.637e+02 217 2 4 3.719e+02 3.841e+02 114 2 1 1.831e+02 1.949e+02 109 2 2 1.956e+02 2.244e+02 268 2 1 3.458e+02 3.682e+02 209 2 3 1.861e+02 1.919e+02 54 2 4 1.928e+02 2.272e+02 319 2 3 3.435e+02 3.705e+02 251 2 3 1.721e+02 2.059e+02 313 2 1 1.298e+02 1.642e+02 320 3 1 3.988e+02 3.992e+02 4 3 4 4.199e+02 4.201e+02 1 3 3 2.281e+02 2.339e+02 53 3 4 2.909e+02 2.971e+02 57 3 3 3.985e+02 3.995e+02 10 3 3 1.806e+02 1.974e+02 156 3 3 2.695e+02 2.765e+02 65 3 1 3.541e+02 3.599e+02 53 3 2 4.056e+02 4.344e+02 267 3 3 2.113e+02 2.507e+02 366 3 3 3.531e+02 3.609e+02 73 3 2 3.731e+02 3.829e+02 90 3 4 3.777e+02 3.783e+02 6 3 3 3.430e+02 3.710e+02 260 3 4 3.593e+02 3.967e+02 347
54590 53 0 2 6.286e+02 6.314e+02 26 0 4 6.720e+02 6.720e+02 -11 0 1 4.410e+02 4.410e+02 -20 0 4 3.829e+01 4.571e+01 69 0 2 4.580e+02 4.660e+02 74 0 3 1.123e+01 3.077e+01 181 0 2 5.447e+02 5.473e+02 24 0 4 6.298e+02 6.302e+02 4 0 1 6.435e+00 3.557e+01 270 0 1 6.510e+02 6.510e+02 -5 0 1 3.970e+02 4.010e+02 38 0 1 4.830e+02 4.830e+02 -8 0 1 5.580e+02 5.760e+02 168 0 4 5.869e+02 5.891e+02 20 0 3 3.990e+02 3.990e+02 -22 0 4 4.536e+02 4.704e+02 156 0 1 5.126e+02 5.374e+02 230 0 1 6.024e+02 6.156e+02 123 0 2 6.720e+02 6.720e+02 -16 0 4 4.132e+02 4.268e+02 127 0 1 4.700e+02 4.960e+02 241 0 1 5.504e+02 5.836e+02 309 0 2 6.227e+02 6.373e+02 135 0 3 4.350e+02 4.470e+02 112 0 3 4.744e+02 4.916e+02 159 0 3 5.553e+02 5.787e+02 218 0 3 5.982e+02 6.198e+02 201 0 1 4.176e+02 4.644e+02 434 0 1 5.917e+02 6.263e+02 322 1 4 6.300e+02 6.300e+02 0 1 3 5.250e+02 5.250e+02 -24 1 4 5.880e+02 5.880e+02 -9 1 1 6.051e+02 6.129e+02 73 1 2 5.037e+02 5.043e+02 6 1 2 5.435e+02 5.485e+02 46 1 3 6.082e+02 6.098e+02 16 1 1 4.736e+02 4.924e+02 176 1 4 5.460e+02 5.460e+02 -16 1 2 6.300e+02 6.300e+02 -17 1 4 4.867e+02 5.213e+02 322 1 3 5.575e+02 5.765e+02 176 1 3 5.968e+02 6.212e+02 227 1 4 5.719e+02 6.041e+02 300 2 2 8.240e+01 8.560e+01 30 2 2 4.620e+02 4.620e+02 -4 2 4 4.200e+02 4.200e+02 -10 2 2 1.260e+02 1.260e+02 -7 2 1 4.810e+02 4.850e+02 36 2 3 4.884e+01 7.716e+01 263 2 3 4.406e+02 4.414e+02 8 2 4 7.338e+01 9.462e+01 197 2 3 9.205e+01 1.180e+02 240 2 4 1.140e+02 1.380e+02 223
54591 2 0 1 1.626e+02 2.154e+02 490 1 2 1.416e+02 1.944e+02 490
54592 2 0 3 5.178e+02 5.322e+02 133 2 4 5.040e+02 5.040e+02 -9
