45783 12 0 1 6.068e+02 6.112e+02 40 0 3 6.481e+02 6.539e+02 55 0 4 2.049e+02 2.151e+02 96 0 3 6.030e+02 6.150e+02 110 0 2 6.142e+02 6.458e+02 294 0 2 6.548e+02 6.892e+02 320 0 4 6.185e+02 6.415e+02 214 2 3 5.705e+01 6.895e+01 110 2 4 5.026e+02 5.054e+02 26 2 3 5.005e+01 7.595e+01 240 2 3 6.929e+00 3.507e+01 261 2 4 2.259e+01 6.141e+01 360
45786 0
45787 11 0 2 2.353e+02 2.687e+02 310 2 4 1.644e+02 1.716e+02 67 2 1 5.605e+02 5.735e+02 120 2 3 1.747e+02 2.033e+02 266 2 3 5.576e+02 5.764e+02 175 2 2 5.765e+02 5.995e+02 213 2 4 5.768e+02 5.992e+02 207 3 4 4.587e+02 4.653e+02 60 3 3 4.792e+02 4.868e+02 71 3 2 4.886e+02 5.194e+02 286 3 1 4.651e+02 5.009e+02 333
45789 3 1 4 2.263e+02 2.777e+02 478 1 4 1.844e+02 2.356e+02 475 1 1 2.473e+02 2.987e+02 478
45790 0
45792 22 0 4 6.300e+02 6.300e+02 -20 0 2 6.687e+02 6.753e+02 61 0 4 2.050e+02 2.150e+02 93 0 2 6.296e+02 6.304e+02 7 0 3 1.731e+02 2.049e+02 296 0 4 6.665e+02 6.775e+02 101 0 2 1.965e+02 2.235e+02 250 0 4 6.197e+02 6.403e+02 192 0 3 6.313e+02 6.707e+02 366 0 1 5.907e+02 6.273e+02 340 1 3 5.665e+02 5.675e+02 9 1 3 6.082e+02 6.098e+02 16 2 3 1.985e+01 2.215e+01 21 2 4 1.572e+02 1.788e+02 201 2 4 3.286e+01 5.114e+01 170 2 1 1.795e+02 1.985e+02 177 2 4 1.944e+02 2.256e+02 290 2 4 2.299e+01 6.101e+01 353 2 3 1.809e+02 1.971e+02 151 2 3 4.758e+01 7.842e+01 286 2 2 1.555e+02 1.805e+02 231 2 3 -4.308e-01 4.243e+01 398
45795 0
45797 6 2 4 7.419e+01 9.381e+01 182 2 3 1.442e+02 1.498e+02 51 2 3 9.914e+01 1.109e+02 109 2 2 1.588e+02 1.772e+02 171 2 2 1.952e+02 2.248e+02 276 2 2 6.540e+01 1.026e+02 346
45799 21 0 1 6.468e+02 6.552e+02 79 0 1 1.026e+02 1.074e+02 45 0 2 6.250e+02 6.350e+02 92 0 4 3.712e+02 3.848e+02 127 0 2 6.647e+02 6.793e+02 136 0 4 6.686e+02 6.754e+02 63 0 3 8.200e+01 1.280e+02 427 0 4 5.732e+02 6.028e+02 275 0 1 6.409e+02 6.611e+02 188 0 1 5.894e+02 6.286e+02 364 0 4 6.611e+02 6.829e+02 202 0 4 3.948e+02 4.452e+02 467 0 2 6.074e+02 6.526e+02 419 0 2 6.513e+02 6.927e+02 384 0 4 6.509e+02 6.931e+02 392 0 1 6.250e+02 6.770e+02 483 0 4 6.453e+02 6.987e+02 496 2 3 1.954e+01 2.246e+01 27 2 2 3.946e+01 4.454e+01 47 2 1 5.889e+01 6.711e+01 76 2 1 4.817e+01 7.783e+01 276
45800 3 0 2 6.251e+02 6.349e+02 91 0 4 6.276e+02 6.324e+02 45 0 3 6.310e+02 6.710e+02 371
45801 0
45802 9 0 1 6.460e+02 6.560e+02 93 0 3 6.493e+02 6.527e+02 32 0 2 6.125e+02 6.475e+02 325 1 3 5.665e+02 5.675e+02 9 1 4 5.415e+02 5.505e+02 84 1 3 6.075e+02 6.105e+02 28 1 3 5.058e+02 5.442e+02 356 2 1 2.084e+01 2.116e+01 3 2 3 1.801e+01 2.399e+01 56
45803 16 0 2 5.451e+02 5.469e+02 17 0 1 4.366e+02 4.454e+02 81 0 1 5.608e+02 5.732e+02 115 0 3 4.385e+02 4.435e+02 46 0 4 4.475e+02 4.765e+02 270 0 3 5.610e+02 5.730e+02 111 1 2 5.446e+02 5.474e+02 26 1 1 6.067e+02 6.113e+02 42 1 2 5.872e+02 5.888e+02 16 1 3 6.079e+02 6.101e+02 20 1 4 5.734e+02 6.026e+02 270 1 2 6.268e+02 6.332e+02 60 1 1 5.967e+02 6.213e+02 228 1 2 6.152e+02 6.448e+02 275 1 4 6.135e+02 6.465e+02 306 2 3 3.983e+02 3.997e+02 14
45804 8 0 1 2.177e+02 2.443e+02 246 0 4 6.075e+02 6.525e+02 417 0 4 6.580e+02 6.860e+02 260 0 4 2.287e+02 2.753e+02 432 0 1 6.281e+02 6.739e+02 426 0 3 6.319e+02 6.701e+02 354 0 2 2.273e+02 2.767e+02 459 0 2 1.839e+02 2.361e+02 486
45807 0
45808 3 1 1 6.012e+02 6.168e+02 145 1 1 5.919e+02 6.261e+02 318 3 4 2.882e+01 5.518e+01 245
45809 0
45812 3 0 3 4.368e+02 4.452e+02 78 0 3 3.957e+02 4.023e+02 61 0 4 4.091e+02 4.309e+02 202
45815 7 2 1 2.230e+02 2.390e+02 148 2 3 4.570e+01 8.030e+01 321 2 2 1.506e+02 1.854e+02 323 2 2 2.390e+02 2.650e+02 242 2 2 1.951e+02 2.249e+02 277 2 4 1.978e+02 2.222e+02 227 2 4 2.326e+02 2.714e+02 360
45818 2 0 4 6.694e+02 6.746e+02 49 2 4 6.273e+02 6.327e+02 50
45820 2 2 1 1.415e+01 2.785e+01 127 2 3 1.106e+01 3.094e+01 185
45824 0
45825 4 0 4 2.750e+02 3.130e+02 353 1 4 5.875e+02 5.885e+02 9 2 3 4.206e+01 8.394e+01 389 2 4 2.048e+01 6.352e+01 400
45826 2 2 4 8.267e+01 8.533e+01 25 3 1 1.272e+01 2.928e+01 154
45827 0
45829 0
45830 12 0 4 6.712e+02 6.728e+02 15 0 2 6.700e+02 6.740e+02 36 0 4 6.643e+02 6.797e+02 143 2 2 3.942e+01 4.458e+01 48 2 4 5.864e+02 5.896e+02 29 2 4 8.370e+01 8.430e+01 6 2 1 1.236e+01 2.964e+01 160 2 3 6.060e+02 6.120e+02 56 2 4 7.482e+01 9.318e+01 170 2 3 5.511e+02 5.829e+02 296 2 4 3.206e+01 5.194e+01 185 2 3 5.718e+00 3.628e+01 284
45831 2 0 2 6.300e+02 6.300e+02 -23 0 4 6.693e+02 6.747e+02 50
45832 1 2 1 -1.148e+00 4.315e+01 411
