53257 3 2 3 3.139e+02 3.161e+02 21 2 2 3.252e+02 3.468e+02 200 2 4 3.218e+02 3.502e+02 263
53258 59 0 2 2.918e+02 2.962e+02 40 0 2 6.280e+02 6.320e+02 36 0 2 6.696e+02 6.744e+02 45 0 4 3.218e+02 3.502e+02 265 0 3 5.606e+02 5.734e+02 119 0 2 2.801e+02 3.079e+02 259 0 4 6.288e+02 6.312e+02 22 0 1 5.223e+02 5.277e+02 50 0 1 5.917e+02 6.263e+02 322 0 2 5.380e+02 5.540e+02 149 0 3 5.919e+02 6.261e+02 318 0 1 5.557e+02 5.783e+02 210 0 4 6.119e+02 6.481e+02 336 0 3 5.103e+02 5.397e+02 273 1 3 5.652e+02 5.688e+02 33 1 3 6.087e+02 6.093e+02 6 1 4 5.002e+02 5.078e+02 70 1 2 6.289e+02 6.311e+02 20 1 1 4.687e+02 4.973e+02 266 1 4 6.279e+02 6.321e+02 39 1 1 5.911e+02 6.269e+02 333 2 3 1.039e+02 1.061e+02 20 2 1 3.109e+02 3.191e+02 76 2 4 4.184e+02 4.216e+02 30 2 2 3.773e+02 3.787e+02 13 2 4 4.596e+02 4.644e+02 46 2 4 3.928e+01 4.472e+01 50 2 1 5.210e+02 5.290e+02 74 2 2 8.218e+01 8.582e+01 34 2 3 4.373e+02 4.447e+02 70 2 3 1.844e+02 1.936e+02 85 2 2 4.989e+02 5.091e+02 96 2 2 2.053e+02 2.147e+02 87 2 1 3.884e+02 4.096e+02 197 2 1 2.697e+02 2.763e+02 62 2 4 4.904e+02 5.176e+02 252 2 2 3.340e+02 3.380e+02 38 2 4 4.021e+02 4.379e+02 332 2 1 6.064e+01 6.536e+01 44 2 3 4.658e+02 5.002e+02 319 2 4 1.169e+02 1.351e+02 169 2 1 1.843e+02 1.937e+02 87 2 4 1.982e+02 2.218e+02 220 2 2 2.884e+02 2.996e+02 104 2 4 3.356e+02 3.364e+02 8 2 3 6.118e+01 6.482e+01 34 2 2 7.482e+01 9.318e+01 170 2 4 1.506e+02 1.854e+02 324 2 1 2.117e+02 2.503e+02 358 2 4 2.840e+02 3.040e+02 186 2 3 3.528e+02 3.612e+02 79 2 3 1.487e+01 2.713e+01 114 2 3 2.569e+02 2.891e+02 299 2 4 3.173e+02 3.547e+02 348 2 2 3.843e+01 4.557e+01 66 2 3 2.945e+02 3.355e+02 380 2 2 2.492e+01 5.908e+01 317 2 4 2.555e+01 5.845e+01 306 2 1 4.817e+01 7.783e+01 276
53259 11 2 1 6.507e+02 6.513e+02 6 2 4 6.293e+02 6.307e+02 12 2 3 2.269e+02 2.351e+02 76 2 3 1.846e+01 2.354e+01 47 2 4 2.026e+02 2.174e+02 137 2 2 6.144e+02 6.456e+02 289 2 2 2.335e+02 2.705e+02 344 2 3 6.401e+02 6.619e+02 202 3 3 1.698e+01 2.502e+01 75 3 2 4.094e+01 4.306e+01 20 3 3 4.190e+00 3.781e+01 312
53260 1 1 3 6.140e+01 6.460e+01 30
53261 0
53262 23 0 4 1.664e+02 1.696e+02 30 0 2 6.299e+02 6.301e+02 1 0 1 3.970e+02 4.010e+02 36 0 3 6.502e+02 6.518e+02 16 0 3 3.960e+02 4.020e+02 56 0 2 6.628e+02 6.812e+02 170 0 4 4.071e+02 4.329e+02 240 0 2 3.576e+02 3.984e+02 380 0 4 6.651e+02 6.789e+02 128 0 4 6.549e+02 6.891e+02 317 1 2 6.297e+02 6.303e+02 6 1 4 6.277e+02 6.323e+02 42 1 1 6.027e+02 6.153e+02 117 1 2 5.718e+02 6.042e+02 301 1 3 6.058e+02 6.122e+02 59 2 3 1.466e+02 1.474e+02 8 2 4 5.440e+02 5.480e+02 36 2 4 6.675e+02 6.765e+02 83 2 4 1.164e+02 1.356e+02 178 2 2 1.628e+02 1.732e+02 96 3 2 3.928e+01 4.472e+01 50 3 4 3.044e+01 5.356e+01 215 3 3 7.017e+00 3.498e+01 260
53263 17 0 4 5.840e+02 5.920e+02 75 0 3 4.653e+02 5.007e+02 329 0 1 5.495e+02 5.845e+02 326 0 2 6.555e+02 6.885e+02 306 0 4 6.555e+02 6.885e+02 306 1 2 6.230e+02 6.370e+02 130 2 3 2.003e+01 2.197e+01 18 2 4 3.870e+01 4.530e+01 61 2 4 4.155e+02 4.245e+02 84 2 4 2.343e+02 2.697e+02 328 2 3 4.361e+02 4.459e+02 91 2 1 1.070e+01 3.130e+01 191 2 2 4.452e+02 4.788e+02 312 2 2 3.457e+01 4.943e+01 138 2 1 4.263e+02 4.557e+02 274 2 3 4.819e+00 3.718e+01 300 2 2 2.600e+01 5.800e+01 297
53264 0
53265 2 1 2 8.400e+01 8.400e+01 -5 1 1 1.008e+02 1.092e+02 79
53266 10 0 3 6.087e+02 6.093e+02 6 0 1 6.508e+02 6.512e+02 3 0 1 4.410e+02 4.410e+02 -20 0 1 5.648e+02 5.692e+02 41 0 4 6.300e+02 6.300e+02 -2 0 3 5.593e+02 5.747e+02 144 0 4 5.826e+02 5.934e+02 100 0 1 6.053e+02 6.127e+02 68 0 4 6.160e+02 6.440e+02 260 1 1 5.562e+02 5.778e+02 201
53267 2 2 3 1.852e+02 1.928e+02 71 3 2 8.020e+01 8.780e+01 70
53268 4 2 3 2.296e+02 2.324e+02 26 2 4 2.506e+02 2.534e+02 26 2 1 7.915e+00 3.408e+01 243 2 3 4.732e+00 3.727e+01 302
53269 4 0 2 6.719e+02 6.721e+02 1 0 4 6.699e+02 6.741e+02 39 0 1 6.310e+02 6.710e+02 372 1 2 6.144e+02 6.456e+02 290
53270 23 0 4 6.293e+02 6.307e+02 14 0 4 3.745e+02 3.815e+02 65 0 1 3.035e+02 3.265e+02 214 0 2 3.287e+02 3.433e+02 136 0 1 5.534e+02 5.806e+02 252 1 3 4.298e+02 4.522e+02 209 1 4 4.048e+02 4.352e+02 282 2 4 3.342e+02 3.378e+02 34 2 3 1.442e+02 1.498e+02 51 2 3 2.233e+02 2.387e+02 143 2 1 3.497e+02 3.643e+02 136 2 1 1.417e+02 1.523e+02 99 2 2 2.435e+02 2.605e+02 157 2 2 3.283e+02 3.437e+02 144 2 2 1.493e+02 1.867e+02 347 2 4 1.990e+02 2.210e+02 204 2 3 3.399e+02 3.741e+02 318 2 1 2.158e+02 2.462e+02 283 2 4 2.368e+02 2.672e+02 283 3 3 2.075e+01 2.125e+01 5 3 1 1.828e+01 2.372e+01 50 3 2 7.504e+01 9.296e+01 166 3 2 3.057e+01 5.343e+01 212
53271 0
53272 40 0 3 6.056e+02 6.124e+02 64 0 2 6.646e+02 6.794e+02 137 0 2 2.785e+02 3.095e+02 287 0 1 5.947e+02 6.233e+02 265 0 4 6.552e+02 6.888e+02 312 0 4 6.149e+02 6.451e+02 281 1 4 6.249e+02 6.351e+02 96 1 4 5.772e+02 5.988e+02 200 1 3 5.478e+02 5.862e+02 357 2 1 1.797e+01 2.403e+01 56 2 1 4.821e+02 4.839e+02 17 2 3 9.811e+01 1.119e+02 128 2 1 5.217e+02 5.283e+02 60 2 2 1.629e+02 1.731e+02 94 2 3 6.469e+02 6.551e+02 76 2 4 2.487e+02 2.553e+02 60 2 3 5.163e+02 5.337e+02 161 2 3 3.052e+02 3.248e+02 182 2 4 6.172e+02 6.428e+02 237 2 2 3.299e+02 3.421e+02 114 2 2 6.709e+02 6.731e+02 20 2 3 1.676e+01 2.524e+01 79 2 1 3.798e+02 4.182e+02 357 2 2 7.549e+01 9.251e+01 158 2 2 5.322e+02 5.598e+02 256 2 1 1.824e+02 1.956e+02 123 2 4 6.578e+02 6.862e+02 264 2 1 3.468e+02 3.672e+02 190 2 2 3.865e+01 4.535e+01 62 2 4 5.309e+02 5.611e+02 281 2 4 1.560e+02 1.800e+02 223 2 1 5.534e+02 5.806e+02 253 2 4 3.677e+02 3.883e+02 192 2 1 5.127e+02 5.373e+02 228 2 1 6.207e+01 6.393e+01 17 2 3 1.303e+02 1.637e+02 310 2 4 3.182e+02 3.538e+02 330 2 3 6.064e+01 6.536e+01 44 2 4 2.775e+01 5.625e+01 265 3 4 1.229e+02 1.291e+02 58
53273 4 0 3 5.126e+02 5.374e+02 230 0 4 4.484e+02 4.756e+02 253 0 3 4.198e+02 4.622e+02 393 0 2 4.381e+02 4.859e+02 443
53274 4 0 1 5.662e+02 5.678e+02 15 0 2 5.397e+02 5.523e+02 117 0 4 5.807e+02 5.953e+02 136 0 3 5.558e+02 5.782e+02 208
53275 9 0 1 3.112e+02 3.188e+02 71 0 3 2.564e+02 2.896e+02 309 1 1 5.653e+02 5.687e+02 32 1 2 5.864e+02 5.896e+02 30 1 3 6.051e+02 6.129e+02 73 1 3 5.574e+02 5.766e+02 178 1 4 6.225e+02 6.375e+02 140 1 2 5.309e+02 5.611e+02 280 2 1 5.231e+02 5.269e+02 36
53276 0
53277 13 0 1 1.446e+02 1.494e+02 46 0 2 1.161e+02 1.359e+02 183 0 1 1.342e+02 1.598e+02 238 0 2 1.083e+02 1.437e+02 328 1 2 2.090e+02 2.110e+02 18 1 1 1.402e+02 1.538e+02 126 1 4 1.664e+02 1.696e+02 30 1 3 1.298e+02 1.642e+02 319 1 2 1.614e+02 1.746e+02 123 1 3 2.552e+02 2.908e+02 331 1 1 1.789e+02 1.991e+02 188 1 1 2.157e+02 2.463e+02 284 1 3 1.762e+02 2.018e+02 237
53278 1 0 4 3.349e+02 3.371e+02 20
53279 0
53280 20 0 1 5.642e+02 5.698e+02 51 0 1 6.477e+02 6.543e+02 62 0 4 1.633e+02 1.727e+02 87 0 3 5.656e+02 5.684e+02 26 0 3 6.470e+02 6.550e+02 74 0 4 5.746e+02 6.014e+02 250 0 4 6.563e+02 6.877e+02 291 0 2 5.260e+02 5.660e+02 370 0 2 6.548e+02 6.892e+02 320 2 1 1.441e+02 1.499e+02 53 2 4 3.753e+02 3.807e+02 50 2 4 4.188e+02 4.212e+02 22 2 4 1.195e+02 1.325e+02 120 2 3 1.396e+02 1.544e+02 138 2 3 4.370e+02 4.450e+02 75 2 4 2.854e+02 3.026e+02 159 2 3 4.294e+02 4.526e+02 216 2 2 1.115e+02 1.405e+02 270 2 3 3.026e+02 3.274e+02 230 2 4 3.591e+02 3.969e+02 350
53281 0
53282 5 2 1 1.698e+01 2.502e+01 75 2 3 1.725e+01 2.475e+01 70 3 1 1.985e+01 2.215e+01 21 3 3 1.981e+01 2.219e+01 22 3 4 2.281e+01 6.119e+01 356
53283 2 2 3 1.865e+02 1.915e+02 46 2 4 1.562e+02 1.798e+02 220
53284 4 0 1 6.509e+02 6.511e+02 2 0 4 6.642e+02 6.798e+02 146 0 3 6.436e+02 6.584e+02 138 0 2 6.567e+02 6.873e+02 285
53285 9 0 2 6.630e+02 6.810e+02 166 0 4 6.576e+02 6.864e+02 268 2 3 1.446e+02 1.494e+02 44 2 4 7.944e+01 8.856e+01 85 2 4 1.105e+02 1.415e+02 288 2 1 1.679e+00 4.032e+01 359 2 1 6.245e+02 6.775e+02 491 2 2 7.293e+01 9.507e+01 206 2 3 6.261e+02 6.759e+02 463
53286 1 0 2 6.605e+02 6.835e+02 213
53287 17 0 4 6.285e+02 6.315e+02 28 0 4 3.355e+02 3.365e+02 10 0 3 6.050e+02 6.130e+02 75 0 1 3.951e+02 4.029e+02 72 0 2 6.195e+02 6.405e+02 196 0 1 4.324e+02 4.496e+02 160 0 4 5.692e+02 6.068e+02 349 0 1 5.943e+02 6.237e+02 273 2 3 2.057e+01 2.143e+01 8 2 1 1.362e+01 2.838e+01 137 2 4 1.602e+02 1.758e+02 145 2 2 2.084e+02 2.116e+02 29 2 2 2.604e+01 5.796e+01 296 2 3 1.774e+02 2.006e+02 215 2 4 1.976e+02 2.224e+02 230 2 1 1.732e+02 2.048e+02 294 2 3 1.710e+02 2.070e+02 334
53288 24 0 3 6.079e+02 6.101e+02 21 0 1 3.116e+02 3.184e+02 63 0 4 6.699e+02 6.741e+02 40 0 2 3.297e+02 3.423e+02 116 0 2 6.689e+02 6.751e+02 57 0 1 5.984e+02 6.196e+02 196 0 4 3.601e+02 3.959e+02 333 0 1 6.430e+02 6.590e+02 148 0 2 6.129e+02 6.471e+02 318 0 3 6.421e+02 6.599e+02 166 0 4 6.135e+02 6.465e+02 307 0 2 6.603e+02 6.837e+02 218 0 4 5.700e+02 6.060e+02 335 0 1 6.327e+02 6.693e+02 340 0 3 6.337e+02 6.683e+02 321 2 3 1.895e+01 2.305e+01 38 2 3 1.454e+02 1.486e+02 29 2 3 1.824e+02 1.956e+02 123 2 2 2.051e+02 2.149e+02 90 2 1 8.501e+00 3.350e+01 232 2 2 1.541e+02 1.819e+02 258 2 2 2.654e+01 5.746e+01 287 2 4 1.484e+02 1.876e+02 365 2 1 1.692e+02 2.088e+02 368
53289 9 0 1 6.510e+02 6.510e+02 -14 0 2 6.703e+02 6.737e+02 31 0 4 6.718e+02 6.722e+02 4 0 2 6.615e+02 6.825e+02 195 0 3 6.367e+02 6.653e+02 266 1 2 6.156e+02 6.444e+02 267 2 1 2.084e+01 2.116e+01 3 2 3 1.676e+01 2.524e+01 79 2 2 2.645e+01 5.755e+01 289
53290 0
53291 0
53292 48 0 3 6.090e+02 6.090e+02 -1 0 4 6.715e+02 6.725e+02 9 0 2 4.593e+02 4.647e+02 50 0 1 3.515e+02 3.625e+02 103 0 3 5.662e+02 5.678e+02 16 0 4 3.600e+02 3.960e+02 335 0 2 6.295e+02 6.305e+02 10 0 1 6.507e+02 6.513e+02 6 0 2 3.201e+02 3.519e+02 295 0 3 3.852e+02 4.128e+02 256 0 3 4.815e+02 4.845e+02 28 0 1 5.495e+02 5.845e+02 326 0 4 6.293e+02 6.307e+02 12 0 3 6.505e+02 6.515e+02 9 0 1 4.229e+02 4.591e+02 336 0 4 4.874e+02 5.206e+02 308 0 4 5.854e+02 5.906e+02 48 0 2 6.689e+02 6.751e+02 58 0 1 6.090e+02 6.090e+02 -4 0 4 5.761e+02 5.999e+02 221 0 2 6.124e+02 6.476e+02 326 0 3 5.902e+02 6.278e+02 349 1 4 6.300e+02 6.300e+02 -0 1 3 4.390e+02 4.430e+02 36 1 1 5.244e+02 5.256e+02 11 1 2 5.869e+02 5.891e+02 20 1 1 6.090e+02 6.090e+02 -1 1 1 5.150e+02 5.350e+02 186 1 4 5.873e+02 5.887e+02 13 1 3 6.050e+02 6.130e+02 75 1 1 5.659e+02 5.681e+02 21 1 2 6.263e+02 6.337e+02 68 1 1 5.061e+02 5.439e+02 351 1 2 5.740e+02 6.020e+02 260 1 4 6.210e+02 6.390e+02 166 1 4 5.738e+02 6.022e+02 264 1 1 5.899e+02 6.281e+02 355 2 3 1.446e+02 1.494e+02 46 2 4 2.097e+02 2.103e+02 5 2 3 5.561e+01 7.039e+01 137 2 4 1.564e+02 1.796e+02 215 2 4 3.556e+01 4.844e+01 120 2 1 1.364e+02 1.576e+02 196 2 4 1.918e+02 2.282e+02 337 2 3 1.290e+02 1.650e+02 335 2 1 2.125e+02 2.495e+02 344 2 2 1.526e+02 1.834e+02 286 2 1 1.711e+02 2.069e+02 332
