34268 4 0 4 6.271e+02 6.329e+02 55 0 3 6.485e+02 6.535e+02 46 1 4 1.238e+02 1.282e+02 40 1 3 1.318e+02 1.622e+02 282
34270 0
34273 3 0 4 5.613e+02 6.147e+02 496 2 3 -4.829e+00 4.683e+01 480 2 2 1.532e+01 6.868e+01 496
34274 9 2 1 1.890e+02 1.890e+02 -2 2 2 7.971e+01 8.829e+01 80 2 3 1.867e+02 1.913e+02 42 2 3 5.095e+01 7.505e+01 224 2 2 1.498e+02 1.862e+02 338 2 2 1.982e+02 2.218e+02 220 2 1 9.982e+00 3.202e+01 205 2 4 1.497e+02 1.863e+02 340 2 2 2.672e+01 5.728e+01 284
34275 9 0 4 6.267e+02 6.333e+02 62 0 4 4.157e+01 4.243e+01 8 0 4 6.136e+02 6.464e+02 304 0 3 1.622e+01 2.578e+01 89 0 3 5.952e+02 6.228e+02 256 0 4 6.565e+02 6.875e+02 287 2 4 1.671e+02 1.689e+02 16 2 4 2.500e+02 2.540e+02 36 2 3 2.131e+02 2.489e+02 333
34276 0
34277 3 0 1 5.654e+02 5.686e+02 30 0 2 3.571e+02 3.989e+02 388 2 4 3.345e+02 3.375e+02 27
34279 32 0 1 6.493e+02 6.527e+02 32 0 1 6.080e+02 6.100e+02 19 0 4 6.691e+02 6.749e+02 54 0 3 6.073e+02 6.107e+02 31 0 3 6.454e+02 6.566e+02 105 0 4 6.270e+02 6.330e+02 56 0 2 6.613e+02 6.827e+02 198 0 2 6.157e+02 6.443e+02 266 0 1 6.383e+02 6.637e+02 236 0 4 5.719e+02 6.041e+02 299 1 4 5.873e+02 5.887e+02 13 1 1 6.090e+02 6.090e+02 -10 1 2 5.460e+02 5.460e+02 -17 1 3 6.046e+02 6.134e+02 81 1 2 5.862e+02 5.898e+02 34 1 2 6.297e+02 6.303e+02 6 1 3 5.528e+02 5.812e+02 264 1 4 6.202e+02 6.398e+02 182 1 1 5.937e+02 6.243e+02 284 1 3 5.908e+02 6.272e+02 337 1 2 6.151e+02 6.449e+02 277 2 2 2.516e+02 2.524e+02 7 2 1 2.718e+02 2.742e+02 23 2 1 3.966e+02 4.014e+02 44 2 3 3.544e+02 3.596e+02 49 2 3 2.215e+02 2.405e+02 177 2 2 3.766e+02 3.794e+02 26 2 1 1.200e+01 3.000e+01 167 2 2 1.502e+02 1.858e+02 331 2 4 1.939e+02 2.261e+02 299 2 4 3.257e+02 3.463e+02 192 2 4 2.923e+01 5.477e+01 237
34280 0
34281 18 0 1 6.502e+02 6.518e+02 15 0 1 6.085e+02 6.095e+02 10 0 3 6.510e+02 6.510e+02 -6 0 4 6.299e+02 6.301e+02 2 0 2 6.707e+02 6.733e+02 24 0 3 6.033e+02 6.147e+02 106 0 4 6.720e+02 6.720e+02 -4 0 2 6.236e+02 6.364e+02 118 0 2 6.541e+02 6.899e+02 332 0 3 5.945e+02 6.235e+02 269 0 4 6.576e+02 6.864e+02 267 2 4 1.668e+02 1.692e+02 21 2 2 1.651e+02 1.709e+02 55 2 1 1.850e+02 1.930e+02 74 2 3 1.772e+02 2.008e+02 220 2 2 1.515e+02 1.845e+02 306 2 1 1.316e+02 1.624e+02 286 2 3 1.284e+02 1.656e+02 346
34282 46 0 3 4.821e+02 4.839e+02 17 0 2 6.281e+02 6.319e+02 35 0 1 4.766e+02 4.894e+02 120 0 4 6.284e+02 6.316e+02 30 0 2 6.708e+02 6.732e+02 23 0 3 6.044e+02 6.136e+02 86 0 4 6.694e+02 6.746e+02 48 0 2 4.447e+02 4.793e+02 321 0 1 6.004e+02 6.176e+02 160 0 1 6.375e+02 6.645e+02 251 0 2 6.127e+02 6.473e+02 320 0 2 6.544e+02 6.896e+02 327 1 2 6.298e+02 6.302e+02 3 1 3 4.764e+02 4.896e+02 123 1 3 6.075e+02 6.105e+02 28 1 4 5.004e+02 5.076e+02 67 1 4 6.281e+02 6.319e+02 35 1 1 5.996e+02 6.184e+02 175 1 4 6.118e+02 6.482e+02 339 2 4 8.312e+01 8.488e+01 16 2 3 4.788e+02 4.872e+02 79 2 3 1.458e+02 1.482e+02 23 2 1 5.234e+02 5.266e+02 30 2 2 2.088e+02 2.112e+02 23 2 4 5.854e+02 5.906e+02 48 2 2 2.932e+02 2.948e+02 15 2 2 5.006e+02 5.074e+02 64 2 1 1.492e+01 2.708e+01 113 2 4 5.423e+02 5.497e+02 69 2 4 1.234e+02 1.286e+02 48 2 4 4.519e+02 4.721e+02 188 2 2 1.680e+02 1.680e+02 0 2 3 2.292e+02 2.328e+02 34 2 3 2.440e+00 3.956e+01 345 2 2 1.159e+02 1.361e+02 188 2 4 1.622e+02 1.738e+02 107 2 2 2.479e+02 2.561e+02 76 2 3 8.716e+01 1.228e+02 331 2 1 1.853e+02 1.927e+02 68 2 4 2.001e+02 2.199e+02 185 2 3 1.778e+02 2.002e+02 208 2 1 2.202e+02 2.418e+02 201 2 1 1.344e+02 1.596e+02 234 2 2 1.931e+02 2.269e+02 315 2 3 1.701e+02 2.079e+02 351 2 3 2.116e+02 2.504e+02 360
34283 7 2 2 4.989e+02 5.091e+02 94 2 3 4.780e+02 4.880e+02 93 2 4 4.444e+02 4.796e+02 327 3 2 1.246e+02 1.274e+02 26 3 4 3.798e+01 4.602e+01 75 3 3 8.855e+01 1.215e+02 306 3 3 5.086e+01 7.514e+01 226
34284 5 2 4 2.337e+02 2.703e+02 340 3 4 5.018e+02 5.062e+02 40 3 2 3.752e+02 3.808e+02 52 3 4 3.640e+02 3.920e+02 260 3 2 4.861e+02 5.219e+02 332
34286 0
34288 0
34289 15 0 4 3.334e+02 3.386e+02 48 0 1 3.085e+02 3.215e+02 121 0 2 3.261e+02 3.459e+02 184 0 4 3.242e+02 3.478e+02 220 1 4 5.879e+02 5.881e+02 1 1 1 5.605e+02 5.735e+02 121 1 2 5.780e+02 5.980e+02 186 1 3 5.532e+02 5.808e+02 256 2 4 5.026e+02 5.054e+02 26 2 3 5.238e+02 5.262e+02 23 2 4 5.844e+02 5.916e+02 66 2 4 2.363e+02 2.677e+02 292 2 4 6.699e+02 6.741e+02 39 2 2 5.378e+02 5.542e+02 153 2 4 5.680e+02 6.080e+02 370
34291 4 1 4 3.111e+02 3.609e+02 462 2 3 2.310e+02 2.310e+02 -22 2 4 2.019e+02 2.181e+02 150 2 2 2.786e+02 3.094e+02 286
34292 0
34293 1 0 1 6.483e+02 6.537e+02 50
34294 29 0 3 5.848e+01 6.752e+01 84 0 3 3.928e+02 4.052e+02 115 0 1 6.300e+00 3.570e+01 273 0 4 5.657e+02 6.103e+02 414 0 4 6.486e+02 6.954e+02 434 0 3 5.823e+02 6.357e+02 496 1 3 4.406e+02 4.414e+02 8 1 3 2.290e+02 2.330e+02 36 1 1 1.092e+01 3.108e+01 187 1 2 1.991e+02 2.209e+02 202 1 4 2.430e+02 2.610e+02 166 1 4 2.012e+02 2.188e+02 163 1 1 2.154e+02 2.466e+02 290 1 4 2.751e+02 3.129e+02 350 1 4 1.913e+02 2.287e+02 346 2 3 3.935e+02 4.045e+02 101 2 1 2.657e+02 2.803e+02 136 2 1 4.796e+02 4.864e+02 63 2 4 3.672e+02 3.888e+02 200 2 2 4.188e+02 4.212e+02 21 2 2 3.246e+02 3.474e+02 212 2 1 4.236e+02 4.584e+02 324 2 4 1.129e+02 1.391e+02 243 2 3 3.820e+02 4.160e+02 316 2 3 4.218e+02 4.602e+02 357 3 1 3.898e+02 4.082e+02 170 3 3 4.381e+02 4.439e+02 55 3 2 4.086e+02 4.314e+02 211 3 1 4.325e+02 4.495e+02 158
34295 10 0 4 5.862e+02 5.898e+02 34 0 3 2.272e+02 2.348e+02 70 0 1 6.463e+02 6.557e+02 88 0 4 2.859e+02 3.021e+02 150 0 2 6.242e+02 6.358e+02 108 0 3 6.429e+02 6.591e+02 151 0 4 5.803e+02 5.957e+02 143 0 4 6.609e+02 6.831e+02 206 0 4 5.641e+02 6.119e+02 443 0 2 6.589e+02 6.851e+02 244
34299 0
34300 9 0 4 6.293e+02 6.307e+02 12 0 1 6.059e+02 6.121e+02 57 0 3 5.948e+02 6.232e+02 264 0 2 6.150e+02 6.450e+02 278 1 2 6.228e+02 6.372e+02 135 1 3 4.667e+02 4.993e+02 303 2 1 1.864e+02 1.916e+02 48 2 4 3.673e+02 3.887e+02 199 2 4 3.609e+02 3.951e+02 317
34302 8 2 4 3.466e+01 4.934e+01 136 2 1 1.043e+01 3.157e+01 196 2 3 9.887e+00 3.211e+01 206 2 2 3.434e+01 4.966e+01 142 3 2 3.529e+01 4.871e+01 125 3 4 3.542e+01 4.858e+01 122 3 1 5.068e+01 7.532e+01 229 3 3 5.121e+01 7.479e+01 219
34304 0
34305 1 2 1 6.748e+00 3.525e+01 265
34306 1 0 4 6.149e+02 6.451e+02 280
34307 24 0 3 4.827e+02 4.833e+02 6 0 4 6.269e+02 6.331e+02 58 0 3 4.744e+02 4.916e+02 160 0 3 5.666e+02 5.674e+02 8 0 4 4.959e+02 5.121e+02 150 0 4 5.741e+02 6.019e+02 259 0 2 4.493e+02 4.747e+02 236 0 2 5.279e+02 5.641e+02 336 0 3 5.977e+02 6.203e+02 210 0 4 4.494e+02 4.746e+02 235 0 1 4.694e+02 4.966e+02 253 1 4 5.433e+02 5.487e+02 50 1 3 5.650e+02 5.690e+02 37 1 3 5.559e+02 5.781e+02 206 2 2 1.672e+02 1.688e+02 15 2 2 2.933e+02 2.947e+02 14 2 4 4.946e+02 5.134e+02 174 2 1 1.826e+02 1.954e+02 120 2 1 3.142e+02 3.158e+02 16 2 3 1.424e+02 1.516e+02 85 2 4 2.849e+02 3.031e+02 170 2 4 1.078e+02 1.442e+02 337 2 4 1.508e+02 1.852e+02 319 2 3 2.571e+02 2.889e+02 296
34309 5 0 1 4.790e+02 4.870e+02 74 0 1 4.674e+02 4.986e+02 290 1 2 5.456e+02 5.464e+02 8 3 2 4.049e+01 4.351e+01 28 3 1 4.319e+02 4.501e+02 169
34310 0
34312 4 0 2 5.453e+02 5.467e+02 14 0 3 5.654e+02 5.686e+02 30 0 2 4.949e+02 5.131e+02 170 0 4 5.755e+02 6.005e+02 233
34313 2 0 2 6.282e+02 6.318e+02 33 0 1 6.310e+02 6.710e+02 371
34316 7 0 1 5.515e+02 5.825e+02 288 0 4 5.823e+02 5.937e+02 106 0 3 5.090e+02 5.410e+02 297 1 2 5.022e+02 5.058e+02 34 1 4 5.035e+02 5.045e+02 10 1 1 4.668e+02 4.992e+02 301 1 3 4.641e+02 5.019e+02 351
34318 7 0 3 6.090e+02 6.090e+02 -0 0 4 5.755e+02 6.005e+02 233 0 4 6.564e+02 6.876e+02 290 2 3 1.029e+01 3.171e+01 199 2 2 3.376e+01 5.024e+01 153 2 4 2.901e+01 5.499e+01 241 2 1 8.232e+00 3.377e+01 237
34319 6 1 3 5.634e+02 5.706e+02 67 1 3 6.051e+02 6.129e+02 72 1 4 5.712e+02 6.048e+02 312 1 4 6.187e+02 6.413e+02 210 1 3 5.507e+02 5.833e+02 303 2 3 6.074e+02 6.106e+02 30
34321 0
34322 9 2 1 3.086e+02 3.214e+02 118 2 2 3.319e+02 3.401e+02 76 2 3 5.498e+01 7.102e+01 149 2 2 7.899e+01 8.901e+01 93 2 3 3.051e+02 3.249e+02 183 2 4 3.205e+02 3.515e+02 288 2 4 6.665e+01 1.013e+02 322 2 1 3.398e+02 3.742e+02 320 2 1 4.386e+01 8.214e+01 356
