38958 8 0 1 5.644e+02 5.696e+02 48 0 4 6.273e+02 6.327e+02 50 0 1 6.050e+02 6.130e+02 74 0 1 1.309e+02 1.631e+02 299 0 3 5.518e+02 5.822e+02 283 0 3 5.975e+02 6.205e+02 213 0 2 6.171e+02 6.429e+02 240 0 4 5.772e+02 5.988e+02 201
38959 0
38960 25 0 4 3.780e+02 3.780e+02 -4 0 4 5.840e+02 5.920e+02 75 0 4 6.661e+02 6.779e+02 110 0 4 7.244e+01 9.556e+01 215 0 1 6.090e+02 6.090e+02 -19 0 2 3.221e+02 3.499e+02 259 0 3 6.450e+02 6.570e+02 112 0 3 6.088e+02 6.092e+02 3 0 2 6.633e+02 6.807e+02 162 0 2 6.263e+02 6.337e+02 68 0 2 6.165e+02 6.435e+02 250 0 4 6.194e+02 6.406e+02 196 1 4 6.277e+02 6.323e+02 42 1 2 6.135e+02 6.465e+02 306 2 1 1.879e+02 1.901e+02 20 2 3 3.535e+02 3.605e+02 66 2 4 4.200e+01 4.200e+01 -5 2 2 1.251e+02 1.269e+02 17 2 1 1.468e+02 1.472e+02 4 2 2 2.071e+02 2.129e+02 55 2 1 1.465e+01 2.735e+01 118 2 3 9.434e+01 1.157e+02 198 2 1 5.526e+01 7.074e+01 144 2 4 1.157e+02 1.363e+02 192 2 3 1.016e+01 3.184e+01 201
38961 7 0 2 4.390e+02 4.850e+02 426 0 2 1.459e+02 1.901e+02 411 0 1 5.849e+02 6.331e+02 448 0 4 3.516e+02 4.044e+02 490 0 4 3.940e+02 4.460e+02 482 0 3 4.612e+02 5.048e+02 405 0 3 5.865e+02 6.315e+02 417
38962 16 0 2 5.435e+02 5.485e+02 46 0 3 6.081e+02 6.099e+02 16 0 3 5.505e+02 5.835e+02 306 0 1 5.491e+02 5.849e+02 333 1 2 5.382e+02 5.538e+02 145 1 4 5.361e+02 5.559e+02 185 1 1 5.537e+02 5.803e+02 246 1 3 5.550e+02 5.790e+02 223 2 4 3.897e+01 4.503e+01 56 2 4 1.680e+02 1.680e+02 -12 2 2 2.084e+02 2.116e+02 29 2 2 3.915e+01 4.485e+01 53 2 3 4.237e+00 3.776e+01 311 2 1 1.679e+00 4.032e+01 359 3 1 1.321e+01 2.879e+01 145 3 3 1.101e+01 3.099e+01 186
38964 0
38965 3 0 4 6.701e+02 6.739e+02 36 0 2 6.664e+02 6.776e+02 104 0 1 6.339e+02 6.681e+02 317
38966 10 0 3 6.447e+02 6.573e+02 116 0 2 6.648e+02 6.792e+02 134 0 4 6.599e+02 6.841e+02 226 1 4 6.113e+02 6.487e+02 348 2 1 5.666e+02 5.674e+02 8 2 2 5.357e+02 5.563e+02 190 2 2 5.280e+02 5.640e+02 334 3 4 4.172e+02 4.228e+02 51 3 2 3.743e+02 3.817e+02 68 3 3 3.840e+02 4.140e+02 279
38967 0
38968 6 0 1 4.805e+02 4.855e+02 46 0 2 4.981e+02 5.099e+02 110 0 4 5.008e+02 5.072e+02 59 0 3 4.683e+02 4.977e+02 272 1 2 5.002e+02 5.078e+02 70 1 1 4.692e+02 4.968e+02 256
38969 0
38971 30 0 4 3.329e+02 3.391e+02 58 0 1 6.095e+01 6.505e+01 38 0 4 2.859e+02 3.021e+02 150 0 1 3.912e+02 4.068e+02 146 0 1 3.079e+02 3.221e+02 132 0 2 6.618e+02 6.822e+02 189 0 2 3.194e+02 3.526e+02 308 1 4 6.259e+02 6.341e+02 76 1 3 3.320e+02 3.820e+02 464 2 4 3.348e+02 3.372e+02 22 2 4 4.612e+02 4.628e+02 16 2 1 2.079e+01 2.121e+01 4 2 3 4.826e+02 4.834e+02 8 2 3 1.023e+02 1.077e+02 50 2 3 1.447e+02 1.493e+02 43 2 4 4.861e+02 5.219e+02 332 2 4 3.742e+02 3.818e+02 71 2 4 4.447e+02 4.793e+02 320 2 2 3.596e+01 4.804e+01 112 2 4 1.175e+02 1.345e+02 157 2 4 2.841e+02 3.039e+02 184 2 1 3.450e+02 3.690e+02 222 2 4 3.650e+01 4.750e+01 102 2 4 6.773e+01 1.003e+02 302 2 3 3.489e+02 3.651e+02 150 2 3 1.070e+01 3.130e+01 191 2 2 3.599e+02 3.961e+02 336 2 1 5.297e+01 7.303e+01 186 2 3 4.449e+01 8.151e+01 344 3 4 2.515e+01 5.885e+01 313
38972 18 0 3 6.463e+02 6.557e+02 87 0 2 4.995e+02 5.085e+02 83 0 4 4.948e+02 5.132e+02 170 0 3 5.894e+02 6.286e+02 364 0 1 4.744e+02 4.916e+02 160 1 4 5.856e+02 5.904e+02 44 1 2 5.337e+02 5.583e+02 229 1 3 5.057e+02 5.443e+02 359 1 1 5.527e+02 5.813e+02 266 1 1 5.057e+02 5.443e+02 358 1 2 5.717e+02 6.043e+02 302 2 3 3.144e+02 3.156e+02 11 2 3 4.827e+02 4.833e+02 6 2 1 2.017e+01 2.183e+01 16 2 3 1.393e+01 2.807e+01 131 2 4 2.834e+02 3.046e+02 197 2 4 4.474e+02 4.766e+02 270 2 3 3.038e+02 3.262e+02 207
38973 12 0 2 6.684e+02 6.756e+02 67 0 4 6.669e+02 6.771e+02 96 2 1 2.079e+01 2.121e+01 4 2 1 6.491e+02 6.529e+02 36 2 4 2.478e+02 2.562e+02 79 2 1 6.415e+02 6.605e+02 176 2 3 2.698e+02 2.762e+02 60 2 2 1.178e+02 1.342e+02 153 2 3 4.685e+00 3.732e+01 303 2 1 5.912e+02 6.268e+02 330 2 4 1.220e+02 1.300e+02 75 2 3 1.310e+02 1.630e+02 298
38976 6 2 2 3.767e+02 3.793e+02 25 3 4 3.341e+02 3.379e+02 36 3 2 5.012e+02 5.068e+02 51 3 1 5.219e+02 5.281e+02 57 3 3 4.755e+02 4.905e+02 140 3 4 4.848e+02 5.232e+02 356
38977 10 0 3 6.018e+02 6.162e+02 135 0 4 5.750e+02 6.010e+02 242 0 1 6.008e+02 6.172e+02 152 2 4 4.099e+01 4.301e+01 19 2 4 1.244e+02 1.276e+02 29 2 1 1.402e+02 1.538e+02 126 2 2 3.569e+01 4.831e+01 117 2 2 1.163e+02 1.357e+02 180 2 3 1.335e+02 1.605e+02 250 2 3 4.449e+01 8.151e+01 344
38978 8 2 1 1.909e+01 2.291e+01 36 2 2 8.303e+01 8.497e+01 18 2 1 2.227e+02 2.393e+02 154 2 3 5.148e+01 7.452e+01 214 2 3 2.224e+02 2.396e+02 160 2 4 6.553e+01 1.025e+02 343 2 2 2.395e+02 2.645e+02 231 2 4 2.407e+02 2.633e+02 210
38979 15 0 1 4.813e+02 4.847e+02 32 0 3 4.384e+02 4.436e+02 48 0 3 4.810e+02 4.850e+02 36 0 1 5.230e+02 5.270e+02 37 0 4 4.115e+02 4.285e+02 158 0 3 5.198e+02 5.302e+02 97 0 2 6.555e+02 6.885e+02 307 0 2 4.841e+02 5.239e+02 370 0 2 5.302e+02 5.618e+02 293 0 4 4.874e+02 5.206e+02 308 1 3 6.038e+02 6.142e+02 96 1 2 5.810e+02 5.950e+02 130 2 3 5.535e+01 7.065e+01 142 2 2 7.172e+01 9.628e+01 228 2 4 6.768e+01 1.003e+02 303
38980 0
38981 6 0 3 6.478e+02 6.542e+02 60 0 1 6.414e+02 6.606e+02 178 2 4 4.148e+01 4.252e+01 10 2 1 5.947e+01 6.653e+01 66 2 2 3.089e+01 5.311e+01 206 2 3 4.839e+01 7.761e+01 271
38983 18 0 2 6.720e+02 6.720e+02 -24 0 2 3.776e+02 3.784e+02 8 0 2 6.279e+02 6.321e+02 40 0 4 3.736e+02 3.824e+02 82 0 4 6.720e+02 6.720e+02 -15 0 2 1.220e+02 1.300e+02 75 0 1 3.927e+02 4.053e+02 117 0 4 1.551e+02 1.809e+02 240 0 2 6.152e+02 6.448e+02 275 0 1 6.510e+02 6.510e+02 -15 0 3 3.861e+02 4.119e+02 239 0 4 6.125e+02 6.475e+02 326 0 3 6.510e+02 6.510e+02 -15 0 3 6.365e+02 6.655e+02 270 1 4 6.265e+02 6.335e+02 65 1 1 5.969e+02 6.211e+02 226 1 4 6.153e+02 6.447e+02 273 2 1 5.627e+00 3.637e+01 286
38987 0
38989 4 0 4 6.702e+02 6.738e+02 34 0 1 6.465e+02 6.555e+02 84 0 2 6.569e+02 6.871e+02 280 2 4 2.459e+02 2.581e+02 114
38990 5 1 3 4.688e+02 4.972e+02 264 1 3 4.211e+02 4.609e+02 369 1 4 4.882e+02 5.198e+02 294 1 3 5.074e+02 5.426e+02 326 2 3 2.621e+02 2.839e+02 202
38993 6 0 1 4.410e+02 4.410e+02 -3 2 1 5.244e+02 5.256e+02 10 2 2 4.988e+02 5.092e+02 97 2 4 3.632e+02 3.928e+02 276 2 4 4.940e+02 5.140e+02 186 2 3 4.661e+02 4.999e+02 314
38997 0
38998 13 0 1 4.779e+02 4.881e+02 96 0 3 6.462e+02 6.558e+02 89 0 3 4.802e+02 4.858e+02 52 0 2 6.157e+02 6.443e+02 266 0 1 6.452e+02 6.568e+02 108 0 2 1.847e+02 2.353e+02 470 0 2 4.886e+02 5.194e+02 286 0 2 6.638e+02 6.802e+02 153 0 4 4.917e+02 5.163e+02 229 0 4 6.605e+02 6.835e+02 213 0 1 4.607e+02 5.053e+02 414 0 4 4.823e+02 5.257e+02 404 0 2 4.415e+02 4.825e+02 381
38999 1 2 4 2.838e+02 3.042e+02 189
39000 15 0 3 6.510e+02 6.510e+02 -0 0 4 6.160e+02 6.440e+02 260 0 2 6.692e+02 6.748e+02 52 0 4 6.696e+02 6.744e+02 44 0 1 6.424e+02 6.596e+02 159 0 2 6.540e+02 6.900e+02 335 1 3 6.070e+02 6.110e+02 38 1 4 6.152e+02 6.448e+02 276 1 3 5.099e+02 5.401e+02 280 1 3 5.919e+02 6.261e+02 318 2 3 5.610e+02 5.730e+02 110 2 4 3.677e+01 4.723e+01 97 2 4 5.369e+02 5.551e+02 169 2 3 4.812e+01 7.788e+01 276 2 2 5.277e+02 5.643e+02 340
39001 3 1 4 3.663e+01 4.737e+01 100 1 1 5.507e+01 7.093e+01 147 1 3 5.095e+01 7.505e+01 224
39003 1 2 4 4.125e+01 4.275e+01 14
