37213 19 0 1 4.820e+02 4.840e+02 19 0 2 6.241e+02 6.359e+02 110 0 4 4.142e+02 4.258e+02 108 0 3 4.810e+02 4.850e+02 38 0 4 5.785e+02 5.975e+02 177 0 1 6.369e+02 6.651e+02 262 0 1 3.943e+02 4.037e+02 88 0 2 4.450e+02 4.790e+02 316 0 3 5.963e+02 6.217e+02 236 0 3 6.374e+02 6.646e+02 253 0 3 4.280e+02 4.540e+02 241 0 4 4.447e+02 4.793e+02 322 0 1 5.945e+02 6.235e+02 269 0 1 4.241e+02 4.579e+02 313 1 1 1.879e+02 1.901e+02 20 1 2 6.127e+02 6.473e+02 322 1 4 2.063e+02 2.137e+02 69 2 1 5.005e+01 7.595e+01 240 2 4 6.894e+01 9.906e+01 280
37214 5 0 3 5.250e+02 5.250e+02 -19 0 3 4.410e+02 4.410e+02 -3 0 2 5.014e+02 5.066e+02 48 0 1 4.337e+02 4.483e+02 136 0 4 4.470e+02 4.770e+02 278
37215 3 1 4 6.160e+02 6.440e+02 260 2 4 1.494e+02 1.866e+02 346 2 4 1.936e+02 2.264e+02 306
37216 14 0 3 6.074e+02 6.106e+02 29 0 2 6.244e+02 6.356e+02 104 0 4 6.667e+02 6.773e+02 99 0 4 5.767e+02 5.993e+02 210 1 4 5.842e+02 5.918e+02 70 1 4 6.261e+02 6.339e+02 72 1 4 6.109e+02 6.491e+02 355 2 4 4.174e+02 4.226e+02 49 2 3 9.699e+01 1.130e+02 149 2 4 4.551e+02 4.689e+02 129 2 1 1.976e+01 2.224e+01 23 2 4 6.356e+01 1.044e+02 380 2 3 4.225e+02 4.595e+02 343 2 4 3.138e+01 5.262e+01 197
37217 7 0 1 5.606e+02 5.734e+02 120 0 4 6.234e+02 6.366e+02 122 0 2 3.659e+02 3.901e+02 226 0 1 6.039e+02 6.141e+02 95 0 4 4.107e+02 4.293e+02 172 0 3 5.957e+02 6.223e+02 246 2 2 2.931e+02 2.949e+02 16
37218 14 2 4 3.359e+02 3.361e+02 2 2 4 5.031e+02 5.049e+02 16 2 3 5.090e+02 5.410e+02 297 3 1 3.143e+02 3.157e+02 13 3 1 3.952e+02 4.028e+02 71 3 1 4.784e+02 4.876e+02 86 3 3 3.134e+02 3.166e+02 30 3 2 3.741e+02 3.819e+02 73 3 4 2.930e+02 2.950e+02 19 3 4 3.673e+02 3.887e+02 198 3 2 2.774e+02 3.106e+02 309 3 3 3.920e+02 4.060e+02 130 3 1 2.959e+02 3.341e+02 354 3 2 3.633e+02 3.927e+02 274
37219 16 0 2 5.411e+02 5.509e+02 91 0 4 3.739e+02 3.821e+02 76 0 4 5.869e+02 5.891e+02 20 0 1 6.458e+02 6.562e+02 96 0 1 5.196e+02 5.304e+02 100 0 3 6.428e+02 6.592e+02 153 0 4 4.109e+02 4.291e+02 169 0 1 5.570e+02 5.770e+02 186 0 2 6.586e+02 6.854e+02 248 0 3 5.540e+02 5.800e+02 241 0 4 6.617e+02 6.823e+02 191 1 2 6.214e+02 6.386e+02 160 2 1 5.831e+01 6.769e+01 87 2 3 6.015e+01 6.585e+01 53 2 2 2.380e+01 6.020e+01 338 2 4 2.703e+01 5.697e+01 278
37221 3 0 1 6.503e+02 6.517e+02 13 0 3 6.438e+02 6.582e+02 135 0 4 6.606e+02 6.834e+02 211
37222 4 0 2 6.583e+02 6.857e+02 255 0 4 6.561e+02 6.879e+02 296 2 3 1.373e+02 1.567e+02 180 2 4 1.516e+02 1.844e+02 305
37224 10 0 1 6.052e+02 6.128e+02 71 0 4 6.282e+02 6.318e+02 33 0 3 5.951e+02 6.229e+02 258 0 2 6.223e+02 6.377e+02 143 2 3 2.066e+01 2.134e+01 6 2 1 1.904e+01 2.296e+01 36 2 3 8.498e+00 3.350e+01 232 2 4 7.356e+01 9.444e+01 194 2 1 1.632e+00 4.037e+01 360 2 2 2.304e+01 6.096e+01 352
37225 4 0 1 3.553e+02 3.587e+02 32 0 4 6.706e+02 6.734e+02 26 0 4 6.614e+02 6.826e+02 196 1 1 5.041e+01 7.559e+01 234
37227 14 0 1 6.418e+02 6.602e+02 170 0 3 6.408e+02 6.612e+02 189 0 4 6.610e+02 6.830e+02 205 2 1 1.454e+02 1.486e+02 29 2 2 1.228e+02 1.292e+02 59 2 3 1.443e+02 1.497e+02 50 2 4 1.237e+02 1.283e+02 42 2 2 1.074e+02 1.446e+02 346 3 1 1.031e+02 1.069e+02 36 3 4 7.478e+01 9.322e+01 171 3 3 1.018e+02 1.082e+02 59 3 2 7.361e+01 9.439e+01 193 3 3 9.488e+01 1.151e+02 188 3 2 6.647e+01 1.015e+02 326
37229 16 0 1 3.984e+02 3.996e+02 10 0 2 6.243e+02 6.357e+02 106 0 3 6.501e+02 6.519e+02 17 0 3 4.395e+02 4.425e+02 27 0 4 6.263e+02 6.337e+02 70 0 2 6.703e+02 6.737e+02 32 0 4 4.451e+02 4.789e+02 313 0 1 5.948e+02 6.232e+02 263 0 4 6.709e+02 6.731e+02 20 0 3 5.939e+02 6.241e+02 280 0 1 6.338e+02 6.682e+02 319 0 3 6.327e+02 6.693e+02 340 0 4 6.536e+02 6.904e+02 341 1 2 6.166e+02 6.434e+02 248 2 2 8.285e+01 8.515e+01 21 2 3 3.803e+02 4.177e+02 348
37231 6 0 1 4.811e+02 4.849e+02 36 0 2 5.040e+02 5.040e+02 -0 0 4 4.964e+02 5.116e+02 141 0 3 5.093e+02 5.407e+02 291 0 3 4.758e+02 4.902e+02 134 0 2 4.855e+02 5.225e+02 343
37232 5 0 2 6.688e+02 6.752e+02 60 0 4 6.687e+02 6.753e+02 62 0 1 6.445e+02 6.575e+02 121 2 4 1.253e+02 1.267e+02 13 2 3 1.322e+02 1.618e+02 276
37234 3 0 4 6.720e+02 6.720e+02 -1 2 1 1.236e+01 2.964e+01 160 2 2 2.348e+01 6.052e+01 344
37236 15 0 3 5.231e+02 5.269e+02 35 2 4 3.351e+02 3.369e+02 16 2 1 3.564e+02 3.576e+02 11 2 1 6.185e+01 6.415e+01 21 2 3 5.189e+02 5.311e+02 113 2 3 3.437e+02 3.703e+02 246 2 4 5.832e+02 5.928e+02 89 2 2 3.219e+02 3.501e+02 261 2 3 4.291e+02 4.529e+02 220 2 4 4.500e+02 4.740e+02 223 2 4 3.204e+02 3.516e+02 289 3 1 1.523e+01 2.677e+01 107 3 3 5.523e+02 5.817e+02 273 3 1 4.099e+00 3.790e+01 314 3 1 4.543e+01 8.057e+01 326
37237 38 0 2 5.449e+02 5.471e+02 20 0 4 5.870e+02 5.890e+02 19 0 2 8.168e+01 8.632e+01 43 0 1 6.433e+02 6.587e+02 142 0 4 7.303e+01 9.497e+01 204 0 3 4.385e+02 4.435e+02 46 0 4 1.963e+02 2.237e+02 254 0 4 4.578e+02 4.662e+02 78 0 1 2.543e+02 2.917e+02 348 0 1 5.626e+02 5.714e+02 82 0 3 9.026e+01 1.197e+02 274 0 1 6.074e+02 6.106e+02 29 0 3 6.458e+02 6.562e+02 96 0 4 4.456e+02 4.784e+02 304 0 3 5.632e+02 5.708e+02 71 0 3 6.074e+02 6.106e+02 30 0 2 6.629e+02 6.811e+02 169 0 2 5.315e+02 5.605e+02 269 0 2 6.225e+02 6.375e+02 139 0 4 6.638e+02 6.802e+02 152 0 3 5.497e+02 5.843e+02 320 0 4 6.214e+02 6.386e+02 160 0 3 6.386e+02 6.634e+02 230 1 1 5.653e+02 5.687e+02 31 1 2 6.298e+02 6.302e+02 3 1 3 5.224e+02 5.276e+02 49 1 4 5.878e+02 5.882e+02 3 1 4 6.295e+02 6.305e+02 9 1 2 4.938e+02 5.142e+02 190 1 2 5.794e+02 5.966e+02 160 1 1 6.039e+02 6.141e+02 95 1 1 5.116e+02 5.384e+02 250 1 4 5.299e+02 5.621e+02 300 1 3 6.067e+02 6.113e+02 42 1 3 5.476e+02 5.864e+02 360 1 1 5.907e+02 6.273e+02 340 2 1 6.005e+02 6.175e+02 158 2 3 2.259e+02 2.361e+02 94
37238 23 0 3 4.193e+00 3.781e+01 312 0 1 6.459e+02 6.561e+02 95 0 3 6.059e+02 6.121e+02 57 2 3 1.949e+01 2.251e+01 28 2 2 5.410e+02 5.510e+02 93 2 4 1.244e+02 1.276e+02 30 2 4 7.998e+01 8.802e+01 75 2 1 5.661e+02 5.679e+02 16 2 2 1.584e+02 1.776e+02 178 2 3 5.150e+02 5.350e+02 186 2 4 1.564e+02 1.796e+02 216 2 1 1.786e+02 1.994e+02 193 2 4 5.334e+02 5.586e+02 234 2 3 1.782e+02 1.998e+02 200 3 3 3.976e+02 4.004e+02 26 3 1 3.564e+02 3.576e+02 10 3 1 3.959e+02 4.021e+02 58 3 4 4.461e+02 4.779e+02 295 3 3 3.514e+02 3.626e+02 105 3 2 4.031e+02 4.369e+02 313 3 2 3.684e+02 3.876e+02 178 3 4 3.655e+02 3.905e+02 231 3 2 3.593e+02 3.967e+02 348
37239 0
37241 0
37242 25 0 4 3.335e+02 3.385e+02 47 0 1 3.135e+02 3.165e+02 27 0 1 5.662e+02 5.678e+02 15 0 2 6.259e+02 6.341e+02 76 0 4 2.049e+02 2.151e+02 94 0 2 6.707e+02 6.733e+02 25 0 2 3.219e+02 3.501e+02 262 0 1 4.336e+02 4.484e+02 137 0 4 1.953e+02 2.247e+02 273 0 3 5.615e+02 5.725e+02 103 0 4 6.277e+02 6.323e+02 42 0 4 6.693e+02 6.747e+02 50 0 3 4.380e+02 4.440e+02 56 0 4 5.809e+02 5.951e+02 132 0 1 6.463e+02 6.557e+02 88 0 1 5.998e+02 6.182e+02 170 0 3 6.469e+02 6.551e+02 76 0 3 5.952e+02 6.228e+02 256 0 1 6.345e+02 6.675e+02 306 0 4 6.110e+02 6.490e+02 352 0 3 6.369e+02 6.651e+02 262 2 1 5.862e+01 6.738e+01 81 2 4 3.488e+01 4.912e+01 132 2 3 5.198e+01 7.402e+01 205 2 2 3.071e+01 5.329e+01 210
37245 12 0 1 5.669e+02 5.671e+02 1 0 4 6.262e+02 6.338e+02 70 0 1 6.494e+02 6.526e+02 29 0 1 5.595e+02 5.745e+02 140 0 4 5.673e+02 6.087e+02 384 0 3 5.558e+02 5.782e+02 209 0 3 5.164e+02 5.336e+02 160 0 2 5.326e+02 5.594e+02 250 0 1 5.110e+02 5.390e+02 260 1 2 6.233e+02 6.367e+02 124 1 4 6.176e+02 6.424e+02 230 2 4 4.018e+01 4.382e+01 34
37247 7 1 4 5.445e+02 5.475e+02 27 1 1 5.177e+02 5.323e+02 136 1 3 5.584e+02 5.756e+02 160 1 3 5.145e+02 5.355e+02 195 1 4 5.298e+02 5.622e+02 300 1 2 5.280e+02 5.640e+02 335 2 2 6.164e+02 6.436e+02 252
37252 0
37253 18 0 4 3.729e+02 3.831e+02 96 0 2 6.250e+02 6.350e+02 92 0 1 3.546e+02 3.594e+02 45 0 4 6.218e+02 6.382e+02 152 0 2 3.610e+02 3.950e+02 316 0 3 6.369e+02 6.651e+02 261 0 1 6.346e+02 6.674e+02 305 1 3 6.088e+02 6.092e+02 4 1 1 4.344e+02 4.476e+02 122 1 1 5.954e+02 6.226e+02 252 1 1 5.480e+02 5.860e+02 352 1 4 6.148e+02 6.452e+02 282 2 1 1.447e+02 1.493e+02 43 2 4 4.986e+02 5.094e+02 100 2 2 1.241e+02 1.279e+02 35 2 4 1.158e+02 1.362e+02 189 2 1 1.310e+02 1.630e+02 298 2 3 9.237e+01 1.176e+02 235
37254 66 0 3 4.815e+02 4.845e+02 28 0 4 1.680e+02 1.680e+02 -3 0 2 6.296e+02 6.304e+02 7 0 4 3.322e+02 3.398e+02 71 0 4 6.690e+02 6.750e+02 56 0 4 3.711e+02 3.849e+02 128 0 1 4.393e+02 4.427e+02 31 0 2 5.005e+02 5.075e+02 66 0 3 5.633e+02 5.707e+02 68 0 4 6.195e+02 6.405e+02 196 0 1 6.508e+02 6.512e+02 4 0 3 4.397e+02 4.423e+02 25 0 2 4.604e+02 4.636e+02 30 0 1 5.240e+02 5.260e+02 18 0 3 5.932e+02 6.248e+02 294 0 3 6.488e+02 6.532e+02 40 0 1 4.258e+02 4.562e+02 282 0 4 4.538e+02 4.702e+02 153 0 3 5.208e+02 5.292e+02 78 0 2 6.673e+02 6.767e+02 88 0 4 4.929e+02 5.151e+02 206 0 2 5.361e+02 5.559e+02 183 0 3 6.345e+02 6.675e+02 306 0 2 4.466e+02 4.774e+02 286 0 1 5.057e+02 5.443e+02 358 0 4 6.535e+02 6.905e+02 343 0 1 4.674e+02 4.986e+02 290 0 2 4.886e+02 5.194e+02 286 1 3 6.085e+02 6.095e+02 9 1 4 5.863e+02 5.897e+02 31 1 2 6.290e+02 6.310e+02 18 1 2 4.437e+02 4.803e+02 340 1 4 5.404e+02 5.516e+02 104 1 4 6.296e+02 6.304e+02 7 1 3 5.625e+02 5.715e+02 84 1 1 6.071e+02 6.109e+02 35 1 2 5.334e+02 5.586e+02 234 1 1 5.559e+02 5.781e+02 206 1 2 5.710e+02 6.050e+02 316 2 3 1.882e+01 2.318e+01 40 2 2 5.027e+02 5.053e+02 25 2 4 1.650e+02 1.710e+02 56 2 4 6.704e+02 6.736e+02 30 2 2 2.084e+02 2.116e+02 30 2 4 4.170e+02 4.230e+02 56 2 2 3.780e+01 4.620e+01 78 2 4 4.601e+02 4.639e+02 36 2 4 1.160e+02 1.360e+02 186 2 4 4.447e+02 4.793e+02 321 2 3 1.800e+02 1.980e+02 166 2 4 4.007e+02 4.393e+02 359 2 4 3.740e+01 4.660e+01 86 2 2 7.666e+01 9.134e+01 136 2 3 1.345e+02 1.595e+02 232 2 1 2.153e+02 2.467e+02 292 2 3 5.781e+01 6.819e+01 96 2 4 7.271e+01 9.529e+01 210 2 4 1.564e+02 1.796e+02 216 2 4 2.649e+01 5.751e+01 288 2 2 6.679e+01 1.012e+02 320 2 1 5.198e+01 7.402e+01 205 2 3 4.574e+01 8.026e+01 320 2 1 8.185e+00 3.382e+01 238 3 3 1.855e+02 1.925e+02 66 3 4 1.578e+02 1.782e+02 190 3 2 1.509e+02 1.851e+02 317
37256 8 1 3 6.065e+02 6.115e+02 47 2 3 1.016e+01 3.184e+01 201 2 4 4.162e+02 4.238e+02 71 2 1 1.778e+02 2.002e+02 209 2 1 5.805e+00 3.619e+01 282 2 2 4.095e+02 4.305e+02 196 2 3 4.304e+02 4.516e+02 196 2 2 4.024e+02 4.376e+02 327
37258 2 0 2 6.656e+02 6.784e+02 120 0 4 6.664e+02 6.776e+02 105
37259 1 2 4 5.780e+02 5.980e+02 186
