20690 0
20691 0
20692 37 0 1 6.500e+02 6.520e+02 18 0 3 6.472e+02 6.548e+02 71 0 4 4.169e+02 4.231e+02 58 0 2 6.717e+02 6.723e+02 6 0 3 3.837e+02 4.143e+02 285 0 2 6.612e+02 6.828e+02 200 0 4 6.599e+02 6.841e+02 224 1 4 5.877e+02 5.883e+02 6 1 4 6.261e+02 6.339e+02 72 1 1 5.605e+02 5.735e+02 121 1 2 6.175e+02 6.425e+02 233 1 3 5.663e+02 5.677e+02 13 1 3 5.924e+02 6.256e+02 309 1 2 5.347e+02 5.573e+02 210 2 3 2.052e+01 2.148e+01 9 2 4 4.595e+02 4.645e+02 47 2 4 8.271e+01 8.529e+01 24 2 3 5.245e+02 5.255e+02 9 2 4 1.625e+02 1.735e+02 103 2 2 3.715e+02 3.845e+02 121 2 1 3.909e+02 4.071e+02 150 2 2 4.085e+01 4.315e+01 21 2 3 4.771e+02 4.889e+02 109 2 1 1.829e+02 1.951e+02 113 2 2 5.439e+02 5.481e+02 40 2 4 3.652e+02 3.908e+02 238 2 2 7.051e+01 9.749e+01 250 2 1 4.718e+02 4.942e+02 209 2 3 1.802e+02 1.978e+02 163 2 1 5.208e+02 5.292e+02 78 2 3 3.378e+02 3.762e+02 356 2 4 4.908e+02 5.172e+02 245 2 1 1.767e+00 4.023e+01 357 2 2 4.830e+02 5.250e+02 390 2 3 9.079e+01 1.192e+02 264 3 4 8.334e+01 8.466e+01 12 3 4 7.293e+01 9.507e+01 206
20694 8 0 2 3.932e+01 4.468e+01 50 0 3 5.621e+02 5.719e+02 91 0 4 3.206e+01 5.194e+01 185 0 3 5.133e+02 5.367e+02 218 0 3 4.799e+01 7.801e+01 279 0 2 5.382e+02 5.538e+02 146 0 1 4.415e+00 3.758e+01 308 0 1 5.130e+02 5.370e+02 223
20696 23 0 4 5.789e+02 5.971e+02 170 0 1 4.324e+02 4.496e+02 159 0 4 4.472e+02 4.768e+02 276 0 3 5.119e+02 5.381e+02 243 0 1 6.007e+02 6.173e+02 154 0 2 6.566e+02 6.874e+02 286 0 3 4.246e+02 4.574e+02 306 0 2 4.883e+02 5.197e+02 291 0 1 5.468e+02 5.872e+02 376 0 3 5.996e+02 6.184e+02 174 0 4 6.542e+02 6.898e+02 330 0 4 4.806e+02 5.274e+02 434 0 1 5.017e+02 5.483e+02 432 0 2 6.085e+02 6.515e+02 399 0 4 6.482e+02 6.958e+02 442 0 2 4.371e+02 4.869e+02 462 0 3 5.415e+02 5.925e+02 474 0 4 6.037e+02 6.563e+02 488 1 4 2.907e+02 2.973e+02 60 1 1 5.974e+02 6.206e+02 216 1 2 6.031e+02 6.569e+02 499 2 3 5.413e+01 7.187e+01 165 2 4 5.862e+01 1.094e+02 471
20697 4 0 1 5.992e+02 6.188e+02 182 0 2 6.630e+02 6.810e+02 168 0 2 6.158e+02 6.442e+02 264 0 4 6.602e+02 6.838e+02 219
20698 0
20699 0
20704 26 0 1 6.503e+02 6.517e+02 14 0 2 5.445e+02 5.475e+02 28 0 1 6.078e+02 6.102e+02 21 0 3 6.494e+02 6.526e+02 29 0 2 5.003e+02 5.077e+02 68 0 1 5.627e+02 5.713e+02 80 0 2 6.245e+02 6.355e+02 102 0 2 6.718e+02 6.722e+02 3 0 4 5.007e+02 5.073e+02 62 0 3 5.666e+02 5.674e+02 8 0 3 5.961e+02 6.219e+02 239 0 4 6.710e+02 6.730e+02 18 0 1 4.696e+02 4.964e+02 248 0 3 5.537e+02 5.803e+02 247 0 2 6.171e+02 6.429e+02 239 0 1 6.343e+02 6.677e+02 310 0 1 5.093e+02 5.407e+02 291 0 4 6.209e+02 6.391e+02 170 0 2 6.550e+02 6.890e+02 316 0 2 5.272e+02 5.648e+02 350 0 4 6.560e+02 6.880e+02 297 0 1 5.482e+02 5.858e+02 349 2 4 6.701e+02 6.739e+02 36 2 4 3.753e+01 4.647e+01 83 2 3 2.935e+00 3.907e+01 336 2 2 6.621e+02 6.819e+02 184
20707 1 0 1 5.431e+02 5.909e+02 444
20710 11 0 2 6.644e+02 6.796e+02 140 0 4 6.627e+02 6.813e+02 173 1 4 5.825e+02 5.935e+02 101 1 3 5.911e+02 6.269e+02 333 2 1 2.021e+01 2.179e+01 15 2 1 2.250e+02 2.370e+02 111 2 2 3.040e+01 5.360e+01 216 2 2 4.986e+02 5.094e+02 100 2 2 7.482e+01 9.318e+01 170 3 4 2.568e+01 5.832e+01 303 3 1 8.586e+01 1.241e+02 356
20711 4 0 1 5.006e+02 5.494e+02 454 1 2 5.383e+02 5.537e+02 143 2 3 4.686e+02 4.974e+02 267 2 1 2.585e+02 2.875e+02 270
20712 0
20715 6 0 2 5.011e+02 5.069e+02 54 0 4 5.033e+02 5.047e+02 14 0 4 4.957e+02 5.123e+02 155 0 3 4.713e+02 4.947e+02 218 2 1 1.752e+01 2.448e+01 65 2 3 1.483e+01 2.717e+01 115
20716 0
20717 0
20721 13 0 3 6.463e+02 6.557e+02 88 0 4 3.663e+02 3.897e+02 218 0 1 5.491e+02 5.849e+02 333 0 1 3.454e+02 3.686e+02 216 0 4 5.754e+02 6.006e+02 234 0 1 6.435e+02 6.585e+02 139 0 2 3.217e+02 3.503e+02 265 0 3 5.972e+02 6.208e+02 220 0 2 6.537e+02 6.903e+02 340 0 2 6.150e+02 6.450e+02 278 0 4 6.134e+02 6.466e+02 308 2 3 2.088e+01 2.112e+01 2 2 1 8.275e+00 3.372e+01 236
20723 17 0 2 3.780e+02 3.780e+02 -0 0 4 1.606e+02 1.754e+02 138 0 1 5.647e+02 5.693e+02 42 0 4 3.684e+02 3.876e+02 179 0 4 5.860e+02 5.900e+02 37 0 3 5.636e+02 5.704e+02 63 0 2 6.266e+02 6.334e+02 63 0 1 3.386e+02 3.754e+02 342 0 2 6.641e+02 6.799e+02 146 0 3 3.851e+02 4.129e+02 258 0 2 5.381e+02 5.539e+02 147 0 4 6.262e+02 6.338e+02 70 0 4 6.625e+02 6.815e+02 176 0 1 5.514e+02 5.826e+02 290 0 1 5.948e+02 6.232e+02 264 0 3 6.318e+02 6.702e+02 357 0 4 6.544e+02 6.896e+02 327
20724 13 2 3 3.096e+02 3.204e+02 100 2 3 6.078e+02 6.102e+02 23 2 1 3.560e+02 3.580e+02 18 2 2 6.160e+02 6.440e+02 260 2 1 1.186e+01 3.014e+01 170 2 2 3.727e+02 3.833e+02 98 2 4 5.741e+02 6.019e+02 258 2 4 3.283e+02 3.437e+02 144 2 1 3.377e+02 3.763e+02 359 2 3 3.396e+02 3.744e+02 323 2 2 3.601e+02 3.959e+02 332 3 4 3.533e+02 4.027e+02 459 3 1 3.735e+02 4.245e+02 474
20725 0
20726 28 0 4 3.755e+02 3.805e+02 46 1 4 5.441e+02 5.479e+02 35 1 1 5.198e+02 5.302e+02 96 1 3 5.165e+02 5.335e+02 158 1 2 5.344e+02 5.576e+02 215 2 3 1.041e+02 1.059e+02 16 2 2 4.200e+02 4.200e+02 -11 2 1 1.890e+02 1.890e+02 0 2 4 3.776e+02 3.784e+02 8 2 4 6.672e+02 6.768e+02 89 2 4 4.133e+02 4.267e+02 125 2 3 6.390e+02 6.630e+02 223 2 3 3.096e+02 3.204e+02 100 2 3 3.824e+02 4.156e+02 309 2 2 3.345e+02 3.375e+02 27 2 2 6.613e+02 6.827e+02 199 2 2 1.201e+02 1.319e+02 110 2 2 1.651e+02 1.709e+02 55 2 3 3.019e+02 3.281e+02 243 2 1 3.532e+02 3.608e+02 70 2 3 7.872e+00 3.413e+01 244 2 4 7.056e+01 9.744e+01 250 2 1 1.787e+02 1.993e+02 190 2 4 3.237e+02 3.483e+02 228 2 3 4.615e+01 7.985e+01 313 2 3 1.342e+02 1.598e+02 238 2 3 3.392e+02 3.748e+02 331 2 4 1.579e+02 1.781e+02 187
20727 10 0 3 6.492e+02 6.528e+02 33 2 3 5.659e+02 5.681e+02 20 2 3 6.062e+02 6.118e+02 52 2 3 1.841e+02 1.939e+02 90 2 3 2.679e+02 2.781e+02 96 2 3 1.029e+02 1.071e+02 40 2 1 1.816e+02 1.964e+02 137 2 2 1.989e+02 2.211e+02 206 2 1 1.819e+01 2.381e+01 52 2 4 1.499e+02 1.861e+02 336
20728 7 0 3 1.877e+02 1.903e+02 24 0 4 2.016e+02 2.184e+02 156 0 2 6.644e+02 6.796e+02 141 0 4 6.640e+02 6.800e+02 149 2 3 1.050e+02 1.050e+02 0 2 2 1.076e+02 1.444e+02 341 2 4 6.661e+01 1.014e+02 323
20729 1 2 4 3.751e+02 3.809e+02 54
20730 12 0 2 6.660e+02 6.780e+02 110 0 4 6.604e+02 6.836e+02 215 3 2 2.502e+02 2.538e+02 33 3 3 3.123e+02 3.177e+02 50 3 3 3.948e+02 4.032e+02 77 3 2 2.916e+02 2.964e+02 45 3 4 4.019e+02 4.381e+02 336 3 2 2.340e+02 2.700e+02 335 3 4 3.212e+02 3.508e+02 275 3 3 3.823e+02 4.157e+02 310 3 3 4.276e+02 4.544e+02 249 3 3 2.975e+02 3.325e+02 326
20731 0
20732 1 1 4 6.230e+02 6.370e+02 130
20733 0
20734 6 0 3 4.379e+02 4.441e+02 57 0 1 6.051e+02 6.129e+02 73 0 1 4.267e+02 4.553e+02 266 2 1 1.550e+01 2.650e+01 102 2 3 9.622e+00 3.238e+01 211 2 4 2.537e+01 5.863e+01 309
20736 0
20737 13 0 4 5.040e+02 5.040e+02 -18 0 2 6.226e+02 6.374e+02 137 0 1 4.806e+02 4.854e+02 46 0 3 5.141e+02 5.359e+02 202 0 4 6.720e+02 6.720e+02 -16 0 2 6.486e+02 6.954e+02 434 0 4 6.460e+02 6.980e+02 483 2 3 6.279e+01 6.321e+01 4 2 2 8.317e+01 8.483e+01 16 2 1 5.557e+01 7.043e+01 138 2 4 7.603e+01 9.197e+01 148 2 3 2.892e+02 3.408e+02 479 3 3 3.721e+02 4.259e+02 500
20738 2 2 4 3.231e+02 3.489e+02 240 2 4 3.162e+02 3.558e+02 368
20739 27 0 4 4.582e+02 4.658e+02 71 0 4 3.738e+02 3.822e+02 77 0 1 6.067e+02 6.113e+02 43 0 1 3.463e+02 3.677e+02 199 0 3 3.890e+02 4.090e+02 186 0 3 4.806e+02 4.854e+02 45 0 3 6.032e+02 6.148e+02 108 0 4 6.616e+02 6.824e+02 193 0 1 4.302e+02 4.518e+02 201 0 4 6.226e+02 6.374e+02 138 0 2 6.139e+02 6.461e+02 299 1 2 6.150e+02 6.450e+02 279 2 3 1.890e+02 1.890e+02 -2 2 3 5.198e+02 5.302e+02 97 2 3 2.100e+01 2.100e+01 -11 2 4 4.916e+02 5.164e+02 230 2 2 8.128e+01 8.672e+01 50 2 3 1.378e+02 1.562e+02 170 2 2 3.960e+01 4.440e+01 45 2 3 9.003e+01 1.200e+02 278 2 2 1.618e+02 1.742e+02 116 2 2 1.968e+02 2.232e+02 245 2 3 3.789e+00 3.821e+01 320 2 4 1.611e+02 1.749e+02 129 2 2 2.806e+01 5.594e+01 259 2 1 1.790e+02 1.990e+02 186 2 1 4.718e+01 7.882e+01 294
20741 0
20743 1 0 3 6.242e+02 6.778e+02 497
20745 5 0 4 6.210e+02 6.390e+02 168 0 4 6.690e+02 6.750e+02 56 0 1 6.023e+02 6.157e+02 124 0 3 5.996e+02 6.184e+02 175 0 2 6.180e+02 6.420e+02 222
20746 31 0 4 3.344e+02 3.376e+02 30 0 4 3.760e+02 3.800e+02 37 0 2 5.021e+02 5.059e+02 35 0 2 3.343e+02 3.377e+02 32 0 3 5.630e+02 5.710e+02 74 0 3 6.488e+02 6.532e+02 41 0 4 4.917e+02 5.163e+02 228 0 1 5.567e+02 5.773e+02 190 0 2 6.661e+02 6.779e+02 110 0 3 5.085e+02 5.415e+02 307 0 4 6.640e+02 6.800e+02 148 0 2 5.326e+02 5.594e+02 249 0 2 6.560e+02 6.880e+02 297 0 4 6.561e+02 6.879e+02 295 1 3 5.230e+02 5.270e+02 36 1 3 6.066e+02 6.114e+02 44 1 2 5.785e+02 5.975e+02 176 1 4 3.170e+01 5.230e+01 191 1 4 5.337e+02 5.583e+02 229 2 4 2.512e+02 2.528e+02 16 2 1 1.685e+01 2.515e+01 77 2 4 8.007e+01 8.793e+01 73 2 3 1.859e+02 1.921e+02 57 2 3 4.238e+02 4.582e+02 319 2 3 9.681e+01 1.132e+02 152 2 3 4.639e+02 5.021e+02 354 2 4 1.576e+02 1.784e+02 193 2 4 4.011e+02 4.389e+02 351 2 3 2.630e+02 2.830e+02 186 2 2 1.915e+02 2.285e+02 344 3 1 1.976e+01 2.224e+01 23
20750 4 2 4 1.186e+02 1.334e+02 137 2 3 4.237e+00 3.776e+01 311 2 2 2.236e+01 6.164e+01 365 2 1 -2.002e+00 4.400e+01 427
20754 8 0 1 6.469e+02 6.551e+02 76 0 3 6.462e+02 6.558e+02 89 0 2 6.548e+02 6.892e+02 320 1 2 6.300e+02 6.300e+02 -2 2 4 3.732e+02 3.828e+02 90 2 1 3.980e+02 4.000e+02 18 2 4 4.146e+02 4.254e+02 100 2 2 7.145e+01 9.655e+01 233
20756 6 0 1 5.222e+02 5.278e+02 51 0 3 5.149e+02 5.351e+02 188 0 2 5.319e+02 5.601e+02 261 2 4 5.305e+02 5.615e+02 287 2 2 2.812e+02 3.068e+02 238 2 4 5.746e+02 6.014e+02 248
