43983 20 3 4 5.040e+02 5.040e+02 -7 3 3 4.384e+02 4.436e+02 49 3 1 5.670e+02 5.670e+02 -24 3 4 4.440e+02 4.800e+02 335 3 3 5.246e+02 5.254e+02 8 3 2 4.026e+02 4.374e+02 323 3 3 5.607e+02 5.733e+02 117 3 1 6.004e+02 6.176e+02 160 3 4 4.023e+02 4.377e+02 329 3 2 5.022e+02 5.058e+02 33 3 2 5.368e+02 5.552e+02 170 3 3 6.007e+02 6.173e+02 154 3 2 6.555e+02 6.885e+02 306 3 1 5.237e+02 5.263e+02 24 3 4 5.361e+02 5.559e+02 184 3 2 6.199e+02 6.401e+02 187 3 3 5.086e+02 5.414e+02 305 3 4 5.270e+02 5.650e+02 353 3 2 4.883e+02 5.197e+02 292 3 1 5.511e+02 5.829e+02 295
43984 19 0 4 6.191e+02 6.409e+02 202 0 4 4.134e+01 4.266e+01 12 0 2 6.690e+02 6.750e+02 56 0 4 3.291e+01 5.109e+01 169 0 2 5.002e+02 5.078e+02 70 0 3 5.188e+02 5.312e+02 116 0 4 6.687e+02 6.753e+02 62 0 4 4.850e+02 5.230e+02 352 0 3 6.450e+02 6.570e+02 112 0 1 4.652e+02 5.008e+02 330 0 1 6.365e+02 6.655e+02 270 0 3 6.352e+02 6.668e+02 293 2 4 1.680e+02 1.680e+02 -1 2 1 1.711e+01 2.489e+01 72 2 1 1.878e+02 1.902e+02 23 2 3 1.146e+01 3.054e+01 177 2 3 1.831e+02 1.949e+02 109 2 2 1.968e+02 2.232e+02 245 2 4 1.579e+02 1.781e+02 187
43985 0
43987 10 0 2 6.578e+02 6.862e+02 263 0 4 6.534e+02 6.906e+02 345 2 2 1.205e+02 1.315e+02 103 2 4 1.222e+02 1.298e+02 70 2 1 1.327e+02 1.613e+02 266 2 3 1.311e+02 1.629e+02 295 3 2 8.200e+01 8.600e+01 37 3 4 8.400e+01 8.400e+01 -1 3 3 8.703e+01 1.230e+02 334 3 1 8.815e+01 1.219e+02 313
43990 20 0 4 6.709e+02 6.731e+02 20 0 2 6.648e+02 6.792e+02 133 0 4 5.725e+02 6.035e+02 288 0 2 6.153e+02 6.447e+02 273 0 3 5.438e+02 5.902e+02 431 0 4 6.124e+02 6.476e+02 327 0 1 5.886e+02 6.294e+02 378 0 3 5.836e+02 6.344e+02 472 0 2 6.040e+02 6.560e+02 483 1 3 6.057e+02 6.123e+02 62 1 2 6.289e+02 6.311e+02 21 1 2 6.152e+02 6.448e+02 275 2 3 1.050e+02 1.050e+02 -0 2 4 1.186e+02 1.334e+02 137 2 3 1.860e+02 1.920e+02 56 2 2 1.113e+02 1.407e+02 274 2 1 1.415e+02 1.525e+02 101 2 3 1.377e+02 1.563e+02 172 2 2 1.550e+02 1.810e+02 241 2 4 1.577e+02 1.783e+02 192
43991 0
43993 60 0 1 5.647e+02 5.693e+02 43 0 4 2.082e+02 2.118e+02 34 0 1 6.077e+02 6.103e+02 24 0 3 1.799e+02 1.981e+02 169 0 4 6.684e+02 6.756e+02 67 0 3 6.036e+02 6.144e+02 100 0 2 6.123e+02 6.477e+02 328 0 4 4.031e+02 4.369e+02 314 0 4 6.176e+02 6.424e+02 230 1 4 6.257e+02 6.343e+02 80 1 2 5.800e+02 5.960e+02 149 1 2 7.545e+01 9.255e+01 159 1 1 6.037e+02 6.143e+02 99 1 4 5.808e+02 5.952e+02 133 1 3 6.027e+02 6.153e+02 117 1 3 5.495e+02 5.845e+02 326 1 2 6.205e+02 6.395e+02 177 1 1 5.939e+02 6.241e+02 280 2 2 3.356e+02 3.364e+02 8 2 2 4.040e+01 4.360e+01 30 2 4 5.450e+02 5.470e+02 18 2 3 1.043e+02 1.057e+02 12 2 4 6.287e+02 6.313e+02 24 2 2 1.644e+02 1.716e+02 66 2 4 2.091e+02 2.109e+02 16 2 3 4.380e+02 4.440e+02 56 2 2 2.921e+02 2.959e+02 36 2 2 4.521e+02 4.719e+02 184 2 4 3.746e+02 3.814e+02 63 2 3 5.608e+02 5.732e+02 116 2 1 6.127e+01 6.473e+01 32 2 4 1.226e+02 1.294e+02 63 2 4 4.091e+02 4.309e+02 203 2 4 1.667e+02 1.693e+02 25 2 1 5.594e+02 5.746e+02 140 2 2 2.048e+02 2.152e+02 97 2 2 5.710e+02 6.050e+02 316 2 4 2.923e+02 2.957e+02 31 2 1 4.233e+02 4.587e+02 328 2 1 3.445e+02 3.695e+02 232 2 4 2.901e+01 5.499e+01 241 2 4 8.025e+01 8.775e+01 70 2 1 1.434e+02 1.506e+02 66 2 1 2.220e+02 2.400e+02 166 2 2 2.828e+02 3.052e+02 209 2 4 3.200e+02 3.520e+02 298 2 3 4.790e+01 7.810e+01 280 2 3 9.268e+01 1.173e+02 229 2 3 1.316e+02 1.624e+02 286 2 4 2.836e+02 3.044e+02 194 2 3 7.872e+00 3.413e+01 244 2 2 1.106e+02 1.414e+02 286 2 3 1.695e+02 2.085e+02 363 2 1 3.073e+02 3.227e+02 142 2 4 1.107e+02 1.413e+02 284 2 3 3.034e+02 3.266e+02 216 2 2 7.312e+01 9.488e+01 202 2 3 2.578e+02 2.882e+02 283 3 1 1.792e+01 2.408e+01 57 3 4 2.362e+01 6.038e+01 341
43996 6 1 2 5.040e+02 5.040e+02 -1 1 3 5.996e+02 6.184e+02 175 1 1 5.130e+02 5.370e+02 222 1 2 5.788e+02 5.972e+02 171 1 1 5.976e+02 6.204e+02 212 1 4 5.773e+02 5.987e+02 198
43997 4 0 4 6.300e+02 6.300e+02 -9 0 3 5.598e+02 5.742e+02 134 1 1 5.662e+02 5.678e+02 16 2 4 8.400e+01 8.400e+01 -22
43998 4 0 4 6.687e+02 6.753e+02 62 0 4 5.807e+02 5.953e+02 135 0 3 6.477e+02 6.543e+02 60 0 4 6.547e+02 6.893e+02 322
44001 0
44002 0
44003 6 0 2 5.446e+02 5.474e+02 26 0 2 6.616e+02 6.824e+02 193 0 1 5.129e+02 5.371e+02 224 0 4 6.418e+01 1.038e+02 368 0 4 6.592e+02 6.848e+02 237 0 3 5.496e+02 5.844e+02 324
44004 8 0 1 5.602e+02 5.738e+02 127 0 3 5.120e+02 5.380e+02 240 0 4 4.783e+02 5.297e+02 476 0 3 5.476e+02 5.864e+02 360 2 2 2.415e+02 2.625e+02 196 2 3 2.101e+02 2.519e+02 389 2 4 2.255e+02 2.785e+02 491 3 4 2.182e+01 6.218e+01 375
44005 8 0 3 2.061e+01 2.139e+01 7 0 4 4.200e+01 4.200e+01 -4 0 3 8.319e+00 3.368e+01 236 2 3 1.050e+02 1.050e+02 -0 2 2 1.254e+02 1.266e+02 11 2 4 7.769e+01 9.031e+01 117 2 3 5.107e+02 5.393e+02 266 2 1 2.175e+02 2.445e+02 251
44006 2 2 4 1.235e+02 1.285e+02 47 2 4 6.113e+02 6.487e+02 347
44007 0
44008 7 0 1 6.508e+02 6.512e+02 4 0 3 5.235e+02 5.265e+02 27 0 1 5.231e+02 5.269e+02 35 0 3 6.471e+02 6.549e+02 72 0 4 6.613e+02 6.827e+02 198 0 2 6.584e+02 6.856e+02 252 2 3 9.443e+01 1.156e+02 196
44014 0
44018 3 2 4 3.762e+01 4.638e+01 81 2 4 3.210e+01 5.190e+01 184 2 3 4.354e+01 8.246e+01 361
44022 1 1 2 2.802e+02 3.078e+02 256
44024 6 2 4 4.172e+02 4.228e+02 51 2 4 1.461e+02 1.899e+02 407 2 1 4.395e+02 4.425e+02 27 2 3 4.360e+02 4.460e+02 93 2 3 7.931e+01 1.307e+02 477 2 2 4.013e+02 4.387e+02 346
44026 2 1 3 5.225e+02 5.275e+02 47 1 2 5.859e+02 5.901e+02 39
44027 0
44028 0
44030 0
44031 15 0 3 2.290e+02 2.330e+02 38 0 3 3.820e+02 4.160e+02 316 0 4 2.048e+02 2.152e+02 96 0 1 2.237e+02 2.383e+02 136 0 3 2.472e+02 2.988e+02 479 2 1 3.504e+02 3.636e+02 123 2 3 3.519e+02 3.621e+02 96 2 2 3.243e+02 3.477e+02 217 2 4 3.239e+02 3.481e+02 225 3 1 3.988e+02 3.992e+02 3 3 2 3.677e+02 3.883e+02 191 3 3 3.915e+02 4.065e+02 140 3 2 4.453e+02 4.787e+02 310 3 3 3.466e+02 3.674e+02 194 3 4 3.659e+02 3.901e+02 226
44034 43 0 1 3.990e+02 3.990e+02 -4 0 4 5.880e+02 5.880e+02 -19 0 2 6.716e+02 6.724e+02 7 0 2 2.054e+02 2.146e+02 86 0 3 3.929e+02 4.051e+02 113 0 4 2.021e+02 2.179e+02 146 0 2 5.396e+02 5.524e+02 119 0 2 6.292e+02 6.308e+02 15 0 3 2.141e+02 2.479e+02 315 0 4 6.720e+02 6.720e+02 0 0 4 4.142e+02 4.258e+02 108 0 1 5.547e+02 5.793e+02 229 0 4 6.300e+02 6.300e+02 -8 0 3 6.411e+02 6.609e+02 183 0 4 4.043e+02 4.357e+02 292 0 2 4.862e+02 5.218e+02 330 0 3 5.545e+02 5.795e+02 233 0 1 6.059e+02 6.121e+02 57 0 2 6.550e+02 6.890e+02 316 0 3 6.042e+02 6.138e+02 89 0 4 6.553e+02 6.887e+02 310 0 1 5.937e+02 6.243e+02 285 0 1 6.345e+02 6.675e+02 306 0 3 5.935e+02 6.245e+02 287 0 3 6.324e+02 6.696e+02 346 0 2 6.158e+02 6.442e+02 265 1 3 6.085e+02 6.095e+02 9 1 4 5.880e+02 5.880e+02 0 1 4 6.295e+02 6.305e+02 9 1 2 5.793e+02 5.967e+02 162 1 2 6.273e+02 6.327e+02 50 1 4 5.747e+02 6.013e+02 247 2 3 1.047e+02 1.053e+02 6 2 1 2.730e+02 2.730e+02 -9 2 1 1.815e+01 2.385e+01 53 2 4 8.400e+01 8.400e+01 -7 2 4 2.431e+02 2.609e+02 166 2 3 2.721e+02 2.739e+02 16 2 3 2.100e+01 2.100e+01 -2 2 2 2.347e+02 2.693e+02 322 2 2 2.999e+01 5.401e+01 223 2 2 1.091e+02 1.429e+02 314 2 2 6.719e+01 1.008e+02 312
