12020 47 0 1 4.812e+02 4.848e+02 33 0 4 3.751e+02 3.809e+02 55 0 1 5.631e+02 5.709e+02 73 0 2 2.932e+02 2.948e+02 15 0 4 5.880e+02 5.880e+02 -0 0 4 2.847e+02 3.033e+02 172 0 3 6.489e+02 6.531e+02 39 0 1 2.559e+02 2.901e+02 318 0 2 4.981e+02 5.099e+02 110 0 3 5.592e+02 5.748e+02 145 0 2 6.289e+02 6.311e+02 21 0 2 6.701e+02 6.739e+02 35 0 4 5.036e+02 5.044e+02 7 0 4 6.269e+02 6.331e+02 57 0 4 6.696e+02 6.744e+02 44 0 1 4.716e+02 4.944e+02 211 0 3 5.488e+02 5.852e+02 338 0 2 6.187e+02 6.413e+02 210 0 1 6.494e+02 6.526e+02 29 0 3 4.746e+02 4.914e+02 156 0 4 6.189e+02 6.411e+02 206 0 4 4.957e+02 5.123e+02 154 0 1 5.922e+02 6.258e+02 312 0 4 4.466e+02 4.774e+02 286 0 3 5.895e+02 6.285e+02 363 0 3 4.692e+02 4.968e+02 256 0 4 6.111e+02 6.489e+02 350 0 2 4.884e+02 5.196e+02 290 1 3 4.817e+02 4.843e+02 25 1 3 5.668e+02 5.672e+02 5 1 3 6.068e+02 6.112e+02 41 1 3 5.234e+02 5.266e+02 30 1 2 5.851e+02 5.909e+02 55 1 2 6.290e+02 6.310e+02 19 1 4 5.861e+02 5.899e+02 35 1 4 6.261e+02 6.339e+02 73 1 1 6.057e+02 6.123e+02 60 2 1 2.723e+02 2.737e+02 12 2 3 6.163e+01 6.437e+01 26 2 3 6.029e+02 6.151e+02 114 2 4 2.385e+02 2.655e+02 251 2 2 7.190e+01 9.610e+01 225 2 4 5.765e+02 5.995e+02 213 2 2 2.362e+02 2.678e+02 293 2 3 2.576e+02 2.884e+02 286 2 4 2.743e+01 5.657e+01 270 2 1 5.068e+01 7.532e+01 229
12022 27 0 2 1.659e+02 1.701e+02 39 0 1 4.807e+02 4.853e+02 43 0 1 5.647e+02 5.693e+02 43 0 4 1.654e+02 1.706e+02 49 0 2 5.020e+02 5.060e+02 37 0 1 1.859e+02 1.921e+02 58 0 3 5.661e+02 5.679e+02 17 0 2 6.193e+02 6.407e+02 199 0 2 6.630e+02 6.810e+02 167 0 4 5.016e+02 5.064e+02 45 0 2 5.266e+02 5.654e+02 360 0 4 6.170e+02 6.430e+02 242 0 4 6.606e+02 6.834e+02 212 0 1 6.388e+02 6.632e+02 226 1 2 6.259e+02 6.341e+02 76 1 4 5.869e+02 5.891e+02 20 1 3 6.044e+02 6.136e+02 86 1 4 6.135e+02 6.465e+02 307 1 1 5.899e+02 6.281e+02 354 2 4 3.742e+02 3.818e+02 70 2 2 3.354e+01 5.046e+01 157 2 3 1.876e+02 1.904e+02 26 2 1 1.056e+01 3.144e+01 194 2 4 1.625e+02 1.735e+02 101 2 4 1.993e+02 2.207e+02 199 2 3 9.352e+00 3.265e+01 216 2 4 2.990e+01 5.410e+01 225
12024 37 0 2 6.720e+02 6.720e+02 -1 0 2 5.030e+02 5.050e+02 18 0 3 5.199e+02 5.301e+02 95 0 1 6.397e+02 6.623e+02 210 0 4 4.994e+02 5.086e+02 85 0 2 5.378e+02 5.542e+02 153 0 2 6.099e+02 6.501e+02 374 0 3 6.381e+02 6.639e+02 240 0 4 6.165e+02 6.435e+02 251 0 2 6.485e+02 6.955e+02 437 0 3 5.410e+02 5.930e+02 482 0 4 6.052e+02 6.548e+02 460 0 4 6.511e+02 6.929e+02 388 0 1 4.993e+02 5.507e+02 478 1 4 3.285e+02 3.435e+02 140 1 2 6.256e+02 6.344e+02 82 1 1 5.982e+02 6.198e+02 200 1 2 5.683e+02 6.077e+02 366 1 3 5.933e+02 6.247e+02 291 2 3 2.310e+02 2.310e+02 -4 2 2 4.200e+01 4.200e+01 -10 2 3 4.403e+02 4.417e+02 14 2 2 8.400e+01 8.400e+01 -21 2 2 2.520e+02 2.520e+02 -19 2 4 4.451e+02 4.789e+02 314 2 4 4.175e+01 4.225e+01 5 2 4 7.702e+01 9.098e+01 130 2 3 1.368e+02 1.572e+02 189 2 4 2.422e+02 2.618e+02 181 2 3 1.155e+01 3.045e+01 176 2 4 1.142e+02 1.378e+02 219 2 4 1.993e+02 2.207e+02 198 2 4 2.936e+01 5.464e+01 235 2 1 4.951e+01 7.649e+01 250 2 3 4.758e+01 7.842e+01 286 2 1 6.882e+00 3.512e+01 262 3 4 7.141e+01 9.659e+01 234
12025 0
12026 4 2 4 2.940e+02 2.940e+02 -10 2 3 3.133e+02 3.167e+02 32 2 4 4.056e+02 4.344e+02 268 2 3 4.624e+02 5.036e+02 383
12028 5 2 3 1.221e+02 1.719e+02 463 3 2 3.336e+02 3.384e+02 44 3 1 3.126e+02 3.174e+02 46 3 4 3.233e+02 3.487e+02 236 3 3 3.449e+02 3.691e+02 226
12029 44 0 4 2.510e+02 2.530e+02 18 0 2 3.359e+02 3.361e+02 1 0 4 3.286e+02 3.434e+02 138 0 2 4.606e+02 4.634e+02 26 0 2 2.060e+02 2.140e+02 75 0 1 3.064e+02 3.236e+02 159 0 4 3.609e+02 3.951e+02 317 0 2 6.714e+02 6.726e+02 11 0 3 2.213e+02 2.407e+02 180 0 2 6.610e+02 6.830e+02 205 0 1 4.263e+02 4.557e+02 273 0 1 5.194e+02 5.306e+02 104 0 1 5.969e+02 6.211e+02 225 0 4 6.612e+02 6.828e+02 200 0 3 4.238e+02 4.582e+02 319 0 2 5.370e+02 5.550e+02 167 0 4 6.183e+02 6.417e+02 217 0 3 5.536e+02 5.804e+02 249 1 4 4.170e+02 4.230e+02 56 1 1 5.625e+02 5.715e+02 83 1 2 6.288e+02 6.312e+02 22 1 4 5.033e+02 5.047e+02 14 1 3 5.655e+02 5.685e+02 27 1 4 6.280e+02 6.320e+02 36 1 2 4.930e+02 5.150e+02 205 1 2 5.838e+02 5.922e+02 78 1 1 5.994e+02 6.186e+02 178 1 3 5.100e+02 5.400e+02 278 1 4 5.768e+02 5.992e+02 209 1 3 5.918e+02 6.262e+02 319 1 2 5.707e+02 6.053e+02 322 2 3 2.310e+02 2.310e+02 -22 2 1 5.169e+02 5.331e+02 150 2 4 4.013e+01 4.387e+01 35 2 4 4.934e+02 5.146e+02 196 2 3 9.914e+01 1.109e+02 109 2 3 1.873e+02 1.907e+02 31 2 2 2.071e+02 2.129e+02 54 2 3 3.008e+02 3.292e+02 264 2 3 1.568e+01 2.632e+01 99 2 4 1.624e+02 1.736e+02 105 2 4 2.767e+02 3.113e+02 321 2 1 5.723e+01 6.877e+01 107 2 3 1.814e+00 4.019e+01 356
12031 4 0 2 2.519e+02 2.521e+02 1 0 1 2.174e+02 2.446e+02 252 1 2 1.120e+02 1.400e+02 260 2 2 3.606e+02 3.954e+02 324
12033 15 0 2 8.155e+01 8.645e+01 46 2 4 2.518e+02 2.522e+02 4 2 3 1.635e+01 2.565e+01 86 2 4 4.620e+02 4.620e+02 -9 2 4 1.648e+02 1.712e+02 59 2 4 5.452e+02 5.468e+02 16 2 3 2.679e+02 2.781e+02 94 2 1 4.829e+02 4.831e+02 2 2 3 2.199e+02 2.421e+02 206 2 2 4.497e+02 4.743e+02 228 2 2 2.928e+02 2.952e+02 23 2 3 4.717e+02 4.943e+02 210 2 3 1.774e+02 2.006e+02 216 2 1 2.968e+02 3.332e+02 338 2 1 2.548e+02 2.912e+02 338
12034 21 0 2 4.619e+02 4.621e+02 1 0 2 5.379e+02 5.541e+02 150 0 1 6.076e+02 6.104e+02 26 0 2 6.712e+02 6.728e+02 15 0 1 4.755e+02 4.905e+02 139 0 1 5.182e+02 5.318e+02 126 0 2 6.202e+02 6.398e+02 181 0 4 6.690e+02 6.750e+02 56 0 3 4.662e+02 4.998e+02 312 0 3 5.077e+02 5.423e+02 320 0 4 6.179e+02 6.421e+02 224 0 3 6.401e+02 6.619e+02 203 0 2 4.426e+02 4.814e+02 360 0 1 5.475e+02 5.865e+02 362 0 3 5.972e+02 6.208e+02 219 0 2 6.100e+02 6.500e+02 371 1 1 6.090e+02 6.090e+02 0 1 2 6.283e+02 6.317e+02 32 2 3 1.878e+01 2.322e+01 41 2 3 5.180e+01 7.420e+01 208 2 4 7.074e+01 9.726e+01 246
12035 0
12037 1 0 4 4.200e+02 4.200e+02 -10
12038 1 0 4 6.300e+02 6.300e+02 -16
12039 16 0 2 6.720e+02 6.720e+02 -21 0 3 6.039e+02 6.141e+02 95 0 4 6.665e+02 6.775e+02 102 0 4 5.735e+02 6.025e+02 269 0 1 6.372e+02 6.648e+02 256 2 1 6.239e+01 6.361e+01 11 2 2 5.835e+02 5.925e+02 83 2 3 6.239e+01 6.361e+01 11 2 4 5.842e+02 5.918e+02 70 2 4 3.883e+01 4.517e+01 59 2 1 6.022e+02 6.158e+02 127 2 3 5.234e+01 7.366e+01 198 2 3 5.926e+02 6.254e+02 304 2 2 3.282e+01 5.118e+01 170 2 4 3.120e+01 5.280e+01 200 2 2 2.429e+01 5.971e+01 329
12040 24 0 1 6.475e+02 6.545e+02 65 0 4 5.025e+02 5.055e+02 28 0 4 3.274e+02 3.446e+02 159 0 4 6.218e+02 6.382e+02 153 0 3 6.498e+02 6.522e+02 22 0 4 5.816e+02 5.944e+02 120 0 2 6.672e+02 6.768e+02 89 0 3 4.654e+02 5.006e+02 326 0 3 5.953e+02 6.227e+02 255 0 4 6.677e+02 6.763e+02 80 0 4 6.125e+02 6.475e+02 325 0 2 6.562e+02 6.878e+02 294 0 1 5.908e+02 6.272e+02 337 0 2 6.117e+02 6.483e+02 340 1 3 6.030e+02 6.150e+02 110 2 2 4.107e+01 4.293e+01 17 2 1 5.893e+01 6.707e+01 76 2 4 1.608e+02 1.752e+02 134 2 3 5.903e+01 6.697e+01 74 2 3 1.810e+01 2.390e+01 54 2 2 6.616e+01 1.018e+02 331 2 4 3.376e+01 5.024e+01 153 2 1 4.012e+00 3.799e+01 316 2 3 2.396e+00 3.960e+01 346
12041 19 0 3 2.307e+02 2.313e+02 6 0 3 6.507e+02 6.513e+02 5 0 3 2.723e+02 2.737e+02 14 0 2 2.450e+02 2.590e+02 130 0 3 2.128e+02 2.492e+02 338 0 2 6.126e+02 6.474e+02 323 0 4 2.333e+02 2.707e+02 347 0 1 6.396e+02 6.624e+02 211 0 4 6.538e+02 6.902e+02 339 1 3 5.654e+02 5.686e+02 30 1 2 5.855e+02 5.905e+02 46 1 1 1.783e+01 2.417e+01 59 1 4 5.803e+02 5.957e+02 142 1 1 5.904e+02 6.276e+02 346 1 3 1.276e+01 2.924e+01 153 1 1 5.604e+02 5.736e+02 123 1 3 5.532e+02 5.808e+02 257 1 2 5.309e+02 5.611e+02 281 1 4 5.336e+02 5.584e+02 230
12043 0
12044 19 0 4 2.404e+02 2.636e+02 216 0 3 2.716e+02 2.744e+02 26 0 4 5.663e+02 6.097e+02 403 0 3 5.853e+02 6.327e+02 440 1 1 4.773e+02 4.887e+02 106 1 4 5.875e+02 5.885e+02 9 1 2 6.283e+02 6.317e+02 31 1 3 5.633e+02 5.707e+02 69 1 2 6.180e+02 6.420e+02 222 1 1 5.073e+02 5.427e+02 329 1 2 5.366e+02 5.554e+02 175 1 3 5.895e+02 6.285e+02 363 2 4 2.520e+02 2.520e+02 -0 2 4 4.604e+02 4.636e+02 29 2 3 2.694e+02 2.766e+02 67 2 3 6.026e+02 6.154e+02 119 2 1 1.191e+01 3.009e+01 169 2 2 5.789e+02 5.971e+02 170 2 2 2.846e+02 3.034e+02 175
12047 0
12049 65 0 1 6.491e+02 6.529e+02 36 0 4 5.027e+02 5.053e+02 24 0 2 7.307e+01 9.493e+01 203 0 3 5.234e+02 5.266e+02 29 0 4 6.228e+02 6.372e+02 133 0 3 6.485e+02 6.535e+02 46 0 3 4.385e+02 4.435e+02 46 0 2 5.011e+02 5.069e+02 55 0 3 5.642e+02 5.698e+02 52 0 2 6.679e+02 6.761e+02 76 0 2 4.876e+02 5.205e+02 306 0 1 5.171e+02 5.329e+02 147 0 4 5.702e+02 6.058e+02 330 0 4 6.686e+02 6.754e+02 63 0 1 4.235e+02 4.585e+02 326 0 3 4.658e+02 5.002e+02 320 0 2 5.370e+02 5.550e+02 168 0 1 6.385e+02 6.635e+02 232 0 1 5.532e+02 5.808e+02 256 0 3 6.371e+02 6.649e+02 259 0 2 6.527e+02 6.913e+02 358 1 1 6.080e+02 6.100e+02 19 1 3 3.113e+02 3.187e+02 68 1 2 5.837e+02 5.923e+02 80 1 2 6.293e+02 6.307e+02 13 1 4 5.809e+02 5.951e+02 132 1 4 6.272e+02 6.328e+02 51 1 3 5.991e+02 6.189e+02 184 2 3 1.046e+02 1.054e+02 7 2 2 4.188e+02 4.212e+02 22 2 3 2.265e+02 2.355e+02 84 2 3 6.070e+02 6.110e+02 36 2 2 2.932e+02 2.948e+02 16 2 1 6.468e+02 6.552e+02 79 2 1 3.556e+02 3.584e+02 26 2 4 4.176e+02 4.224e+02 45 2 3 6.149e+01 6.451e+01 28 2 1 5.221e+02 5.279e+02 54 2 4 1.245e+02 1.275e+02 27 2 2 6.280e+02 6.320e+02 37 2 1 1.439e+02 1.501e+02 58 2 2 2.045e+02 2.155e+02 103 2 1 4.374e+02 4.446e+02 66 2 3 3.066e+02 3.234e+02 156 2 4 4.950e+02 5.130e+02 167 2 4 3.724e+02 3.836e+02 104 2 3 5.200e+02 5.300e+02 92 2 1 1.855e+01 2.345e+01 46 2 4 5.773e+02 5.987e+02 198 2 4 8.047e+01 8.753e+01 66 2 3 4.386e+02 4.434e+02 44 2 3 1.437e+02 1.503e+02 60 2 2 4.862e+02 5.218e+02 331 2 4 2.063e+02 2.137e+02 69 2 1 2.597e+02 2.863e+02 247 2 2 3.330e+02 3.390e+02 56 2 3 1.451e+01 2.749e+01 120 2 2 1.177e+02 1.343e+02 155 2 4 1.610e+02 1.750e+02 130 2 4 2.409e+02 2.631e+02 206 2 3 2.549e+02 2.911e+02 336 2 4 3.605e+02 3.955e+02 325 2 2 3.470e+01 4.930e+01 136 2 2 6.836e+01 9.964e+01 290 3 3 9.262e+00 3.274e+01 218
12052 32 0 1 5.658e+02 5.682e+02 23 0 2 6.714e+02 6.726e+02 11 0 4 1.540e+02 1.820e+02 260 0 1 4.382e+02 4.438e+02 51 0 2 4.601e+02 4.639e+02 35 0 3 5.658e+02 5.682e+02 22 0 1 6.065e+02 6.115e+02 46 0 4 6.713e+02 6.727e+02 12 0 3 4.386e+02 4.434e+02 44 0 4 4.552e+02 4.688e+02 126 0 1 5.987e+02 6.193e+02 191 0 1 6.442e+02 6.578e+02 126 0 1 4.316e+02 4.504e+02 174 0 3 4.664e+02 4.996e+02 309 0 3 5.514e+02 5.826e+02 290 0 4 5.731e+02 6.029e+02 277 0 3 6.426e+02 6.594e+02 156 0 1 4.232e+02 4.588e+02 331 0 1 6.381e+02 6.639e+02 240 1 2 6.277e+02 6.323e+02 42 1 1 5.618e+02 5.722e+02 96 1 4 6.244e+02 6.356e+02 105 1 1 5.938e+02 6.242e+02 283 2 4 2.501e+02 2.539e+02 36 2 1 2.693e+02 2.767e+02 68 2 2 1.253e+02 1.267e+02 13 2 1 1.417e+02 1.523e+02 99 2 3 2.266e+02 2.354e+02 82 2 3 1.014e+02 1.086e+02 67 2 2 2.346e+02 2.694e+02 323 2 3 2.618e+02 2.842e+02 209 2 4 3.622e+02 3.938e+02 293
12053 0
12054 6 0 4 6.720e+02 6.720e+02 -14 0 1 6.501e+02 6.519e+02 16 0 3 6.428e+02 6.592e+02 153 1 3 6.052e+02 6.128e+02 70 1 4 6.213e+02 6.387e+02 161 2 4 1.260e+02 1.260e+02 -10
12055 31 0 3 5.997e+01 6.603e+01 56 0 4 8.213e+01 8.587e+01 35 1 4 6.292e+02 6.308e+02 16 2 3 2.309e+02 2.311e+02 2 2 1 6.483e+02 6.537e+02 50 2 4 8.303e+01 8.497e+01 18 2 1 3.975e+02 4.005e+02 28 2 3 1.877e+02 1.903e+02 24 2 2 5.873e+02 5.887e+02 14 2 4 3.712e+02 3.848e+02 126 2 3 6.465e+02 6.555e+02 83 2 1 1.384e+01 2.816e+01 133 2 3 3.913e+02 4.067e+02 142 2 1 1.433e+02 1.507e+02 69 2 2 4.963e+02 5.117e+02 143 2 2 2.055e+02 2.145e+02 84 2 1 5.164e+02 5.336e+02 160 2 3 1.240e+01 2.960e+01 160 2 4 6.197e+02 6.403e+02 191 2 2 1.659e+02 1.701e+02 39 2 3 6.388e+02 6.632e+02 227 2 4 1.989e+02 2.211e+02 206 2 4 4.952e+02 5.128e+02 163 2 3 4.395e+01 8.205e+01 354 2 3 5.074e+02 5.426e+02 327 2 4 1.663e+02 1.697e+02 31 2 2 6.105e+02 6.495e+02 361 2 1 2.213e+02 2.407e+02 180 2 2 6.577e+02 6.863e+02 266 2 2 2.406e+02 2.634e+02 212 2 4 6.632e+02 6.808e+02 164
12056 2 1 2 5.624e+02 6.136e+02 475 2 1 1.379e+01 2.821e+01 134
12057 9 0 3 5.618e+02 5.722e+02 97 2 4 3.347e+02 3.373e+02 24 2 2 3.266e+02 3.454e+02 175 2 4 1.245e+02 1.275e+02 27 2 1 3.525e+02 3.615e+02 83 2 4 1.111e+02 1.409e+02 277 2 1 3.447e+02 3.693e+02 228 2 3 3.402e+02 3.738e+02 312 3 3 3.554e+02 3.586e+02 30
12060 4 2 2 7.935e+01 8.865e+01 86 2 4 2.050e+02 2.150e+02 93 2 4 8.271e+01 8.529e+01 24 2 3 8.931e+01 1.207e+02 291
12062 11 1 4 5.687e+02 6.073e+02 359 2 3 1.765e+01 2.435e+01 62 2 2 1.636e+02 1.724e+02 81 2 3 4.374e+02 4.446e+02 66 2 2 3.780e+01 4.620e+01 78 2 1 1.859e+02 1.921e+02 57 2 2 4.014e+02 4.386e+02 346 2 1 1.608e+01 2.592e+01 91 2 4 4.027e+02 4.373e+02 320 2 4 1.576e+02 1.784e+02 193 2 1 5.805e+00 3.619e+01 282
12063 4 0 2 3.763e+02 3.797e+02 32 0 1 5.207e+02 5.293e+02 80 0 1 5.063e+02 5.437e+02 347 0 1 3.401e+02 3.739e+02 313
12064 0
