13563 0
13565 9 2 3 2.282e+02 2.338e+02 52 2 4 2.889e+02 2.991e+02 94 2 1 3.955e+02 4.025e+02 66 2 1 2.195e+02 2.425e+02 213 2 2 2.864e+02 3.016e+02 140 2 1 1.310e+02 1.630e+02 296 2 4 1.952e+02 2.248e+02 276 2 3 3.023e+02 3.277e+02 236 2 2 2.344e+02 2.696e+02 327
13566 0
13567 18 0 4 3.771e+02 3.789e+02 17 0 1 5.219e+02 5.281e+02 57 0 4 3.684e+02 3.876e+02 178 0 2 6.231e+02 6.369e+02 128 0 4 3.620e+02 3.940e+02 298 0 3 5.153e+02 5.347e+02 180 0 4 6.124e+02 6.476e+02 326 0 3 6.430e+02 6.590e+02 149 0 4 4.868e+02 5.212e+02 319 1 2 5.439e+02 5.481e+02 40 1 3 5.614e+02 5.726e+02 104 1 1 5.074e+02 5.426e+02 326 1 4 5.361e+02 5.559e+02 185 1 1 5.566e+02 5.774e+02 193 1 3 5.528e+02 5.812e+02 265 2 1 6.450e+02 6.570e+02 112 2 2 2.038e+02 2.162e+02 115 2 2 6.550e+02 6.890e+02 316
13577 26 0 1 5.670e+02 5.670e+02 -14 0 4 3.278e+02 3.442e+02 152 0 1 3.005e+02 3.295e+02 270 0 4 4.200e+02 4.200e+02 -19 0 4 4.576e+02 4.664e+02 82 0 4 5.880e+02 5.880e+02 -7 0 1 6.491e+02 6.529e+02 35 0 3 4.410e+02 4.410e+02 0 0 3 6.011e+02 6.169e+02 146 0 3 6.468e+02 6.552e+02 79 0 3 5.544e+02 5.796e+02 235 0 4 5.685e+02 6.075e+02 361 0 2 6.707e+02 6.733e+02 25 0 3 3.860e+02 4.120e+02 241 0 2 6.635e+02 6.805e+02 157 0 4 6.571e+02 6.869e+02 277 0 3 6.338e+02 6.682e+02 319 2 1 6.300e+01 6.300e+01 -21 2 4 2.940e+02 2.940e+02 -0 2 2 4.184e+01 4.216e+01 3 2 4 2.368e+02 2.672e+02 282 2 4 4.473e+02 4.767e+02 274 2 4 3.623e+01 4.777e+01 107 2 4 2.778e+02 3.102e+02 301 2 3 9.080e+00 3.292e+01 221 2 1 4.281e+00 3.772e+01 310
13580 6 0 4 6.273e+02 6.327e+02 50 0 1 6.068e+02 6.112e+02 40 0 3 6.482e+02 6.538e+02 51 0 3 6.080e+02 6.100e+02 19 0 4 6.155e+02 6.445e+02 269 0 2 6.552e+02 6.888e+02 311
13581 5 3 1 3.557e+02 3.583e+02 24 3 1 4.770e+02 4.890e+02 112 3 2 4.874e+02 5.206e+02 308 3 2 5.763e+02 5.997e+02 218 3 2 6.146e+02 6.454e+02 286
13582 1 2 4 5.032e+02 5.048e+02 16
13584 0
13585 6 2 1 4.375e+02 4.445e+02 66 2 3 4.401e+02 4.419e+02 16 3 2 4.583e+02 4.657e+02 70 3 4 4.569e+02 4.671e+02 96 3 1 4.259e+02 4.561e+02 280 3 3 4.260e+02 4.560e+02 278
13586 2 0 4 5.040e+02 5.040e+02 -20 2 4 3.667e+02 3.893e+02 210
13587 18 0 4 3.780e+02 3.780e+02 -19 0 1 3.542e+02 3.598e+02 51 0 2 5.415e+02 5.505e+02 83 0 2 6.687e+02 6.753e+02 62 0 4 6.666e+02 6.774e+02 100 0 3 5.531e+02 5.809e+02 258 0 2 6.631e+02 6.809e+02 166 0 1 5.475e+02 5.865e+02 361 0 1 6.325e+02 6.695e+02 343 0 3 6.338e+02 6.682e+02 320 2 1 2.280e+02 2.340e+02 56 2 2 2.920e+02 2.960e+02 37 2 1 1.353e+01 2.847e+01 139 2 3 3.111e+02 3.189e+02 72 2 3 1.496e+01 2.704e+01 112 2 2 1.179e+02 1.341e+02 150 2 4 2.826e+02 3.054e+02 212 3 2 1.587e+02 1.773e+02 173
13588 1 0 1 6.508e+02 6.512e+02 4
13589 0
13590 0
13591 2 1 1 2.196e+02 2.424e+02 212 1 2 2.313e+02 2.727e+02 385
13593 6 0 1 1.869e+02 1.911e+02 39 1 2 2.779e+02 3.101e+02 299 2 1 6.042e+01 6.558e+01 48 2 3 5.476e+01 7.124e+01 153 2 4 3.443e+01 4.957e+01 140 2 2 2.712e+01 5.688e+01 276
13594 0
13595 23 0 1 5.242e+02 5.258e+02 16 0 2 6.706e+02 6.734e+02 26 0 3 5.242e+02 5.258e+02 15 0 4 6.711e+02 6.729e+02 17 0 4 4.438e+02 4.802e+02 339 0 1 6.400e+02 6.620e+02 204 0 4 6.572e+02 6.868e+02 275 1 3 5.645e+02 5.695e+02 46 1 3 6.088e+02 6.092e+02 4 1 2 5.822e+02 5.938e+02 108 1 2 6.293e+02 6.307e+02 12 1 4 5.876e+02 5.884e+02 7 1 1 6.047e+02 6.133e+02 80 1 4 5.432e+02 5.488e+02 52 1 2 6.230e+02 6.370e+02 130 1 1 5.558e+02 5.782e+02 207 1 3 5.948e+02 6.232e+02 263 1 2 5.734e+02 6.026e+02 271 1 4 6.137e+02 6.463e+02 302 1 1 5.894e+02 6.286e+02 365 2 4 2.089e+02 2.111e+02 20 2 2 3.740e+02 3.820e+02 75 2 4 1.923e+02 2.277e+02 329
13596 0
13597 3 0 2 6.149e+02 6.451e+02 280 0 4 3.619e+02 3.941e+02 300 0 4 6.121e+02 6.479e+02 332
13598 3 3 2 4.617e+02 4.623e+02 6 3 3 4.767e+02 4.893e+02 117 3 3 4.631e+02 5.029e+02 370
13599 8 0 4 2.265e+02 2.775e+02 474 3 3 3.937e+02 4.043e+02 99 3 3 4.759e+02 4.901e+02 131 3 2 4.606e+02 4.634e+02 26 3 1 3.898e+02 4.082e+02 170 3 2 4.920e+02 5.160e+02 223 3 4 4.591e+02 4.649e+02 53 3 2 3.639e+02 3.921e+02 261
13600 0
13601 13 0 2 6.270e+02 6.330e+02 56 0 4 2.428e+02 2.612e+02 171 0 4 6.236e+02 6.364e+02 119 0 1 6.319e+02 6.701e+02 356 2 3 4.821e+02 4.839e+02 17 2 4 5.007e+02 5.073e+02 61 2 1 4.740e+02 4.920e+02 168 2 4 7.293e+01 9.507e+01 206 2 3 5.117e+02 5.383e+02 246 2 3 8.254e+01 1.275e+02 417 2 2 4.867e+02 5.213e+02 320 2 3 3.861e+01 8.739e+01 453 2 4 4.446e+02 4.794e+02 324
13602 0
13604 2 2 4 2.187e+01 6.213e+01 374 2 4 1.094e+02 1.426e+02 308
13605 4 0 2 5.229e+02 5.691e+02 430 0 1 5.441e+02 5.899e+02 425 0 4 6.046e+02 6.554e+02 472 0 3 5.420e+02 5.920e+02 465
13608 1 2 2 5.850e+02 5.910e+02 56
13609 5 2 4 4.063e+01 4.337e+01 26 2 4 1.604e+02 1.756e+02 141 2 1 6.091e+01 6.509e+01 39 2 2 3.062e+01 5.338e+01 211 2 3 4.911e+01 7.689e+01 258
13610 16 0 4 6.250e+02 6.350e+02 93 0 3 5.596e+02 5.744e+02 137 0 2 6.234e+02 6.366e+02 123 0 4 5.770e+02 5.990e+02 204 0 1 5.930e+02 6.250e+02 296 0 3 5.937e+02 6.243e+02 284 2 4 4.126e+01 4.274e+01 14 2 3 1.866e+02 1.914e+02 45 2 3 2.271e+02 2.349e+02 72 2 2 3.730e+02 3.830e+02 92 2 3 3.788e+02 4.192e+02 375 2 3 8.815e+01 1.219e+02 313 2 4 1.557e+02 1.803e+02 228 2 4 3.713e+02 3.847e+02 124 2 4 1.131e+02 1.389e+02 240 2 4 1.900e+02 2.300e+02 371
13613 4 0 4 4.200e+02 4.200e+02 -4 0 4 4.126e+02 4.274e+02 138 1 4 3.253e+02 3.467e+02 199 2 4 3.138e+01 5.262e+01 197
13614 4 0 3 5.599e+02 5.741e+02 132 2 3 5.238e+01 7.362e+01 197 2 4 8.330e+01 8.470e+01 13 2 1 5.122e+01 7.478e+01 219
