59737 5 0 2 1.239e+02 1.281e+02 40 0 4 5.038e+02 5.042e+02 5 0 1 4.763e+02 4.897e+02 125 0 3 4.701e+02 4.959e+02 240 0 2 4.876e+02 5.204e+02 305
59738 0
59739 0
59740 0
59741 2 0 4 4.605e+02 4.635e+02 27 0 3 4.713e+02 4.947e+02 217
59742 4 0 1 6.007e+02 6.173e+02 154 0 3 6.004e+02 6.176e+02 159 0 4 5.739e+02 6.021e+02 261 0 1 5.915e+02 6.265e+02 326
59743 30 0 1 6.089e+02 6.091e+02 2 0 4 3.328e+02 3.392e+02 59 0 2 6.704e+02 6.736e+02 29 0 1 2.625e+02 2.835e+02 195 0 3 4.400e+02 4.420e+02 19 0 2 2.822e+02 3.058e+02 220 0 4 4.542e+02 4.698e+02 145 0 3 5.655e+02 5.685e+02 28 0 2 6.272e+02 6.328e+02 51 0 1 4.335e+02 4.485e+02 140 0 2 4.509e+02 4.731e+02 206 0 4 6.269e+02 6.331e+02 57 0 1 6.385e+02 6.635e+02 233 0 4 5.815e+02 5.945e+02 120 0 3 6.366e+02 6.654e+02 268 0 3 5.939e+02 6.241e+02 280 2 1 1.879e+02 1.901e+02 20 2 4 7.818e+01 8.982e+01 108 2 3 1.465e+02 1.475e+02 10 2 3 1.797e+01 2.403e+01 56 2 3 9.995e+01 1.101e+02 94 2 4 1.608e+02 1.752e+02 133 2 1 5.606e+01 6.994e+01 129 2 2 7.047e+01 9.753e+01 251 2 3 1.836e+02 1.944e+02 100 2 4 2.559e+01 5.841e+01 305 2 3 8.729e+01 1.227e+02 329 2 1 1.387e+02 1.553e+02 154 2 4 1.081e+02 1.439e+02 333 2 2 1.579e+02 1.781e+02 188
59744 5 1 2 5.880e+02 5.880e+02 -21 1 1 5.530e+02 5.810e+02 260 1 3 6.000e+02 6.180e+02 167 1 4 5.706e+02 6.054e+02 323 1 4 6.120e+02 6.480e+02 334
59745 0
59746 4 3 2 6.294e+02 6.306e+02 11 3 2 1.167e+02 1.353e+02 172 3 1 6.465e+02 6.555e+02 83 3 2 5.823e+02 5.937e+02 106
59747 1 1 3 3.048e+02 3.252e+02 190
59748 6 0 2 6.718e+02 6.722e+02 4 0 4 6.706e+02 6.734e+02 26 1 4 6.150e+02 6.450e+02 279 1 2 6.123e+02 6.477e+02 328 2 4 4.148e+01 4.252e+01 10 2 3 6.791e+00 3.521e+01 264
59749 0
59750 1 3 3 2.973e+02 3.327e+02 328
59751 2 1 1 8.228e+00 3.377e+01 237 3 1 1.770e+01 2.430e+01 61
59752 32 0 4 5.039e+02 5.041e+02 1 0 3 5.223e+02 5.277e+02 50 0 4 5.873e+02 5.887e+02 12 0 3 6.482e+02 6.538e+02 52 0 3 4.813e+02 4.847e+02 32 0 1 5.612e+02 5.728e+02 107 0 1 6.082e+02 6.098e+02 16 0 2 6.708e+02 6.732e+02 23 0 2 5.024e+02 5.056e+02 30 0 2 5.403e+02 5.517e+02 106 0 3 6.065e+02 6.115e+02 47 0 4 6.709e+02 6.731e+02 20 0 1 4.765e+02 4.895e+02 121 0 1 5.134e+02 5.366e+02 216 0 2 6.298e+02 6.302e+02 5 0 1 6.470e+02 6.550e+02 75 0 2 4.472e+02 4.768e+02 275 0 3 5.094e+02 5.406e+02 289 0 4 6.162e+02 6.438e+02 257 0 4 6.593e+02 6.847e+02 236 0 4 4.857e+02 5.223e+02 340 0 3 5.477e+02 5.863e+02 359 0 4 5.712e+02 6.048e+02 312 0 2 6.550e+02 6.890e+02 316 1 4 5.016e+02 5.064e+02 46 2 2 4.103e+01 4.297e+01 18 2 4 4.162e+01 4.238e+01 7 2 4 8.007e+01 8.793e+01 73 2 3 1.348e+01 2.852e+01 140 2 1 5.256e+01 7.344e+01 194 2 3 4.893e+01 7.707e+01 261 2 4 2.456e+01 5.944e+01 324
59753 3 0 1 6.499e+02 6.521e+02 20 0 3 6.479e+02 6.541e+02 58 0 4 6.536e+02 6.904e+02 342
59754 11 2 4 2.504e+02 2.536e+02 29 2 1 2.715e+02 2.745e+02 28 2 1 3.556e+02 3.584e+02 26 2 2 1.249e+02 1.271e+02 20 2 2 2.413e+02 2.627e+02 199 2 4 3.281e+02 3.439e+02 147 2 4 1.180e+02 1.340e+02 149 2 3 2.575e+02 2.885e+02 288 2 3 3.459e+02 3.681e+02 206 2 1 1.317e+02 1.623e+02 284 2 2 3.205e+02 3.515e+02 288
59755 0
59756 1 1 2 6.300e+02 6.300e+02 0
59757 0
59758 17 0 1 5.637e+02 5.703e+02 62 0 1 6.466e+02 6.554e+02 82 0 3 5.641e+02 5.699e+02 55 0 3 6.430e+02 6.590e+02 148 0 2 5.244e+02 5.676e+02 400 0 4 5.707e+02 6.053e+02 321 0 2 6.545e+02 6.895e+02 326 1 3 1.027e+02 1.073e+02 43 1 2 1.139e+02 1.381e+02 224 1 3 5.642e+01 6.958e+01 122 1 2 8.231e+01 8.569e+01 31 1 1 5.229e+01 7.371e+01 199 2 4 2.520e+02 2.520e+02 -4 2 4 2.084e+02 2.116e+02 30 2 3 2.301e+02 2.319e+02 17 2 1 8.272e+00 3.373e+01 236 2 4 2.340e+02 2.700e+02 335
59759 1 0 3 5.658e+02 5.682e+02 22
59760 0
59761 4 2 4 3.760e+02 3.800e+02 37 2 3 3.987e+02 3.993e+02 6 2 1 3.126e+02 3.174e+02 46 2 1 7.064e+00 3.494e+01 259
59763 1 0 4 6.258e+02 6.342e+02 79
