38783 20 0 1 4.830e+02 4.830e+02 -24 0 4 2.519e+02 2.521e+02 1 0 1 6.494e+02 6.526e+02 30 0 1 4.410e+02 4.410e+02 -8 0 4 5.040e+02 5.040e+02 -19 0 3 5.246e+02 5.254e+02 8 0 2 4.977e+02 5.103e+02 116 0 1 3.802e+02 4.178e+02 350 2 3 6.300e+01 6.300e+01 -21 2 4 2.086e+02 2.114e+02 26 2 1 6.001e+01 6.599e+01 56 2 3 2.283e+02 2.337e+02 50 2 1 1.173e+01 3.027e+01 172 2 3 4.569e+02 5.091e+02 484 2 2 6.818e+01 9.982e+01 294 2 1 5.012e+02 5.488e+02 442 2 4 2.420e+02 2.620e+02 186 2 2 4.785e+02 5.295e+02 473 2 3 9.349e+00 3.265e+01 216 2 4 2.577e+01 5.823e+01 301
38784 9 2 4 4.086e+02 4.314e+02 211 3 1 5.247e+02 5.253e+02 6 3 2 4.523e+02 4.717e+02 180 3 3 4.806e+02 4.854e+02 45 3 4 5.001e+02 5.079e+02 73 3 3 5.132e+02 5.368e+02 219 3 1 4.753e+02 4.907e+02 143 3 2 4.917e+02 5.163e+02 228 3 3 4.642e+02 5.018e+02 349
38786 0
38788 14 0 4 6.300e+02 6.300e+02 -3 0 3 4.402e+02 4.418e+02 16 0 3 5.665e+02 5.675e+02 10 0 1 6.043e+02 6.137e+02 87 0 2 5.344e+02 5.576e+02 216 0 4 5.820e+02 5.940e+02 110 0 4 4.473e+02 4.767e+02 274 0 1 5.509e+02 5.831e+02 299 0 2 6.184e+02 6.416e+02 216 0 3 5.931e+02 6.249e+02 295 1 1 5.241e+02 5.259e+02 17 2 2 4.175e+01 4.225e+01 5 2 3 1.420e+01 2.780e+01 126 2 1 5.113e+01 7.487e+01 220
38791 0
38793 0
38795 1 2 4 1.941e+02 2.259e+02 296
38796 12 0 1 5.208e+02 5.292e+02 78 0 3 5.186e+02 5.314e+02 120 0 2 5.318e+02 5.602e+02 265 2 4 8.258e+01 8.542e+01 26 2 4 3.960e+01 4.440e+01 45 2 1 4.390e+02 4.430e+02 38 2 3 1.004e+02 1.096e+02 86 2 3 4.388e+02 4.432e+02 41 2 2 1.180e+02 1.340e+02 148 2 1 1.292e+02 1.648e+02 330 2 4 4.087e+02 4.313e+02 210 2 2 7.159e+01 9.641e+01 230
38799 0
38801 9 2 3 1.931e+01 2.269e+01 31 2 4 1.234e+02 1.286e+02 49 2 2 3.924e+01 4.476e+01 51 2 3 9.820e+01 1.118e+02 126 2 3 3.808e+02 4.172e+02 337 2 2 2.008e+02 2.192e+02 171 2 2 1.212e+02 1.308e+02 90 2 1 1.288e+02 1.652e+02 338 2 3 1.304e+02 1.636e+02 309
38802 40 0 3 4.800e+02 4.860e+02 56 0 3 6.473e+02 6.547e+02 69 0 2 5.022e+02 5.058e+02 33 0 4 5.778e+02 5.982e+02 189 0 2 6.708e+02 6.732e+02 22 0 2 4.878e+02 5.202e+02 301 0 1 5.958e+02 6.222e+02 245 0 4 6.691e+02 6.749e+02 54 0 3 5.976e+02 6.204e+02 211 0 4 6.611e+02 6.829e+02 203 0 3 6.341e+02 6.679e+02 313 1 4 6.300e+02 6.300e+02 0 1 4 5.406e+02 5.514e+02 100 1 1 6.085e+02 6.095e+02 10 1 2 6.298e+02 6.302e+02 3 1 3 5.943e+02 6.237e+02 273 1 4 6.097e+02 6.503e+02 376 2 1 1.940e+01 2.260e+01 30 2 1 1.837e+02 1.943e+02 98 2 4 2.093e+02 2.107e+02 12 2 2 5.849e+02 5.911e+02 57 2 4 2.940e+02 2.940e+02 -14 2 4 3.713e+02 3.847e+02 124 2 3 3.840e+02 4.140e+02 278 2 4 4.126e+01 4.274e+01 14 2 1 2.296e+02 2.324e+02 26 2 1 3.122e+02 3.178e+02 52 2 2 3.205e+02 3.515e+02 288 2 4 1.138e+02 1.382e+02 227 2 3 2.310e+02 2.310e+02 0 2 3 3.081e+02 3.219e+02 129 2 4 3.237e+02 3.483e+02 228 2 2 2.491e+02 2.549e+02 55 2 3 2.622e+02 2.838e+02 201 2 3 2.203e+02 2.417e+02 198 2 2 2.878e+02 3.002e+02 116 2 2 1.997e+02 2.203e+02 192 2 4 2.754e+02 3.126e+02 345 3 1 3.509e+02 3.631e+02 114 3 3 8.767e+00 3.323e+01 227
38805 31 0 2 3.314e+02 3.406e+02 86 0 4 2.460e+02 2.580e+02 111 0 1 6.404e+02 6.616e+02 196 0 2 2.901e+02 2.979e+02 72 0 2 3.165e+02 3.555e+02 362 0 3 6.386e+02 6.634e+02 230 0 4 1.931e+02 2.269e+02 314 0 2 6.616e+02 6.824e+02 194 1 3 6.056e+02 6.124e+02 63 1 2 5.793e+02 5.967e+02 162 1 1 6.027e+02 6.153e+02 117 1 4 5.807e+02 5.953e+02 136 1 1 5.908e+02 6.272e+02 338 1 1 5.482e+02 5.858e+02 349 2 3 3.978e+02 4.002e+02 23 2 4 8.361e+01 8.439e+01 7 2 4 2.936e+02 2.944e+02 7 2 3 3.521e+02 3.619e+02 91 2 2 4.046e+02 4.354e+02 286 2 3 1.025e+02 1.075e+02 47 2 3 3.112e+02 3.188e+02 71 2 2 3.312e+02 3.408e+02 90 2 3 6.300e+01 6.300e+01 -16 2 2 1.925e+02 2.275e+02 326 2 1 3.025e+02 3.275e+02 233 2 1 3.467e+02 3.673e+02 191 2 1 1.900e+01 2.300e+01 37 2 4 3.636e+02 3.924e+02 267 2 2 4.200e+01 4.200e+01 -14 2 3 1.622e+01 2.578e+01 89 2 1 4.998e+00 3.700e+01 297
38806 0
38807 10 0 1 7.922e+01 1.308e+02 479 2 4 3.744e+02 3.816e+02 66 2 2 5.868e+02 5.892e+02 23 2 1 5.501e+02 5.839e+02 314 2 4 5.836e+02 5.924e+02 81 2 3 6.363e+02 6.657e+02 273 2 1 5.960e+02 6.220e+02 241 3 1 6.483e+02 6.537e+02 50 3 2 6.707e+02 6.733e+02 24 3 4 6.675e+02 6.765e+02 84
38808 52 0 3 3.989e+02 3.991e+02 2 0 1 3.111e+02 3.189e+02 73 0 3 4.795e+02 4.865e+02 66 0 1 3.561e+02 3.579e+02 17 0 2 6.700e+02 6.740e+02 37 0 4 4.121e+01 4.279e+01 15 0 4 4.174e+02 4.226e+02 49 0 1 2.664e+02 2.796e+02 123 0 4 4.588e+02 4.652e+02 59 0 2 3.758e+02 3.802e+02 41 0 3 6.481e+02 6.539e+02 55 0 1 4.358e+02 4.462e+02 96 0 1 4.763e+02 4.897e+02 124 0 1 5.910e+02 6.270e+02 334 0 4 6.596e+02 6.844e+02 230 0 3 4.376e+02 4.444e+02 64 0 2 4.488e+02 4.752e+02 246 0 3 5.920e+02 6.260e+02 316 0 1 6.410e+02 6.610e+02 186 1 2 5.002e+02 5.078e+02 71 1 1 6.079e+02 6.101e+02 21 1 2 5.831e+02 5.929e+02 91 1 3 6.067e+02 6.113e+02 42 1 2 5.763e+02 5.997e+02 217 1 2 6.293e+02 6.307e+02 14 1 4 6.273e+02 6.327e+02 50 2 2 1.673e+02 1.687e+02 13 2 4 2.489e+02 2.551e+02 58 2 1 4.385e+02 4.435e+02 46 2 4 3.738e+02 3.822e+02 78 2 1 4.798e+02 4.862e+02 60 2 1 6.300e+01 6.300e+01 -4 2 4 5.876e+02 5.884e+02 7 2 2 1.239e+02 1.281e+02 39 2 4 6.654e+02 6.786e+02 122 2 1 1.451e+02 1.489e+02 36 2 3 3.937e+02 4.043e+02 98 2 1 1.904e+01 2.296e+01 36 2 2 4.025e+02 4.375e+02 325 2 4 1.232e+02 1.288e+02 52 2 1 3.820e+02 4.160e+02 316 2 4 1.572e+02 1.788e+02 200 2 3 1.828e+01 2.372e+01 50 2 4 7.765e+01 9.035e+01 118 2 3 1.314e+02 1.626e+02 290 2 3 2.119e+02 2.501e+02 354 2 4 3.834e+01 4.566e+01 68 2 2 1.139e+02 1.381e+02 224 2 3 5.732e+01 6.868e+01 106 2 2 7.289e+01 9.511e+01 206 2 3 9.322e+01 1.168e+02 219 3 1 2.281e+02 2.339e+02 55
38812 10 0 4 5.837e+02 5.923e+02 80 0 4 6.650e+02 6.790e+02 130 0 1 5.572e+02 5.768e+02 182 0 3 6.026e+02 6.154e+02 120 0 1 6.419e+02 6.601e+02 170 0 3 5.546e+02 5.794e+02 230 0 4 5.785e+02 5.975e+02 177 0 3 6.405e+02 6.615e+02 195 0 1 5.957e+02 6.223e+02 246 0 2 6.627e+02 6.813e+02 172
38816 25 0 4 5.873e+02 5.887e+02 14 0 2 6.699e+02 6.741e+02 39 0 4 4.158e+02 4.242e+02 78 0 4 4.579e+02 4.661e+02 76 0 1 5.562e+02 5.778e+02 201 0 1 6.065e+02 6.115e+02 46 0 2 6.636e+02 6.804e+02 156 0 3 3.939e+02 4.041e+02 96 0 3 6.073e+02 6.107e+02 31 0 4 6.676e+02 6.764e+02 81 0 3 4.281e+02 4.539e+02 239 0 3 5.501e+02 5.839e+02 315 0 2 6.290e+02 6.310e+02 19 0 3 6.320e+02 6.700e+02 352 2 4 1.229e+02 1.291e+02 58 2 2 2.080e+02 2.120e+02 37 2 4 8.151e+01 8.649e+01 46 2 3 1.787e+02 1.993e+02 192 2 1 2.291e+02 2.329e+02 35 2 3 9.937e+01 1.106e+02 105 2 1 1.359e+02 1.581e+02 206 2 4 1.931e+02 2.269e+02 313 2 2 1.220e+02 1.300e+02 74 2 2 1.085e+02 1.435e+02 326 2 3 8.608e+01 1.239e+02 351
38817 0
38818 13 0 3 5.236e+02 5.264e+02 26 0 4 6.682e+02 6.758e+02 70 0 2 5.010e+02 5.070e+02 56 0 1 3.608e+00 3.839e+01 323 0 3 5.181e+02 5.319e+02 129 0 4 4.929e+02 5.151e+02 206 0 1 5.098e+02 5.402e+02 281 1 2 6.144e+02 6.456e+02 289 2 4 4.139e+01 4.261e+01 11 2 3 2.235e+02 2.385e+02 139 2 1 5.018e+01 7.582e+01 238 2 2 1.979e+02 2.221e+02 225 2 3 5.189e+01 7.411e+01 206
38819 0
38820 10 2 4 1.652e+02 1.708e+02 52 2 1 5.654e+02 5.686e+02 30 2 3 3.551e+02 3.589e+02 36 2 1 2.066e+01 2.134e+01 6 2 4 6.676e+02 6.764e+02 81 2 2 1.586e+02 1.774e+02 175 2 4 2.436e+02 2.604e+02 156 2 2 6.612e+02 6.828e+02 200 2 3 2.641e+02 2.819e+02 165 2 3 1.748e+02 2.032e+02 263
38821 0
38822 19 0 4 5.880e+02 5.880e+02 -3 0 1 4.719e+02 4.941e+02 206 0 1 5.986e+02 6.194e+02 194 0 2 4.492e+02 4.748e+02 238 0 4 3.154e+02 3.566e+02 383 0 3 5.952e+02 6.228e+02 256 0 3 8.276e+01 1.272e+02 413 0 1 6.287e+02 6.733e+02 415 0 1 3.755e+02 4.225e+02 437 0 4 3.937e+02 4.463e+02 488 0 2 6.490e+02 6.950e+02 426 0 4 6.495e+02 6.945e+02 418 1 2 5.453e+02 5.467e+02 13 1 3 5.536e+02 5.804e+02 250 1 4 5.271e+02 5.649e+02 351 1 1 5.090e+02 5.410e+02 298 2 4 6.243e+01 1.056e+02 400 2 3 8.110e+01 1.289e+02 444 2 2 5.709e+01 1.109e+02 500
38825 29 0 2 6.720e+02 6.720e+02 -14 0 1 6.385e+02 6.635e+02 231 0 3 6.336e+02 6.684e+02 323 1 1 5.670e+02 5.670e+02 0 1 3 5.662e+02 5.678e+02 15 1 4 5.420e+02 5.500e+02 75 1 2 5.742e+02 6.018e+02 257 2 4 3.360e+02 3.360e+02 -20 2 3 6.230e+01 6.370e+01 13 2 4 8.249e+01 8.551e+01 28 2 3 1.434e+02 1.506e+02 66 2 1 3.150e+02 3.150e+02 -12 2 1 3.533e+02 3.607e+02 68 2 3 2.084e+01 2.116e+01 3 2 3 1.030e+02 1.070e+02 38 2 2 1.680e+02 1.680e+02 -10 2 1 2.689e+02 2.771e+02 76 2 2 3.251e+02 3.469e+02 203 2 2 3.080e+01 5.320e+01 208 2 2 1.183e+02 1.337e+02 142 2 1 1.796e+02 1.984e+02 175 2 3 3.050e+02 3.250e+02 186 2 3 3.462e+02 3.678e+02 200 2 1 8.498e+00 3.350e+01 232 2 3 9.106e+01 1.189e+02 259 2 3 1.343e+02 1.597e+02 236 2 2 2.809e+02 3.071e+02 244 2 4 1.106e+02 1.414e+02 286 2 4 6.652e+01 1.015e+02 325
38827 19 0 2 3.729e+02 3.831e+02 94 0 4 3.651e+02 3.909e+02 239 0 3 3.864e+02 4.116e+02 235 0 4 5.724e+02 6.036e+02 290 0 1 3.819e+02 4.161e+02 318 0 4 6.102e+02 6.498e+02 368 0 3 5.421e+02 5.919e+02 463 2 1 3.143e+02 3.157e+02 13 2 3 3.966e+02 4.014e+02 46 2 1 1.586e+01 2.614e+01 96 2 4 2.881e+02 2.999e+02 109 2 4 3.695e+02 3.865e+02 157 2 3 1.447e+01 2.753e+01 121 2 3 3.071e+02 3.229e+02 147 2 4 3.579e+02 3.981e+02 373 2 4 2.995e+01 5.405e+01 224 2 2 2.773e+02 3.107e+02 310 2 1 5.117e+01 7.483e+01 220 2 2 1.976e+01 6.424e+01 413
38828 6 0 4 4.903e+02 5.177e+02 254 0 4 4.522e+02 4.718e+02 181 0 4 6.500e+02 6.940e+02 409 0 4 4.812e+02 5.268e+02 423 0 4 4.354e+02 4.886e+02 495 2 3 9.380e+01 1.162e+02 208
38829 12 0 3 4.227e+02 4.593e+02 340 2 2 2.520e+02 2.520e+02 -23 2 1 3.990e+02 3.990e+02 -3 2 4 2.404e+02 2.636e+02 216 2 2 4.088e+02 4.312e+02 209 2 4 2.885e+02 2.995e+02 102 2 2 2.406e+02 2.634e+02 211 2 1 3.068e+02 3.232e+02 152 3 4 3.342e+02 3.378e+02 34 3 2 4.907e+02 5.173e+02 247 3 2 3.224e+02 3.496e+02 253 3 3 3.481e+02 3.659e+02 165
38834 11 0 3 5.988e+02 6.192e+02 189 0 4 2.876e+02 3.004e+02 120 0 2 6.235e+02 6.365e+02 120 0 4 6.189e+02 6.411e+02 206 0 1 5.924e+02 6.256e+02 309 0 2 6.161e+02 6.439e+02 258 2 2 5.869e+02 5.891e+02 20 2 1 5.956e+02 6.224e+02 250 2 2 4.438e+02 4.802e+02 337 2 3 5.545e+02 5.795e+02 231 2 4 5.720e+02 6.040e+02 298
38835 1 0 2 6.553e+02 6.887e+02 310
38836 16 0 2 6.168e+02 6.432e+02 245 0 3 6.490e+02 6.530e+02 36 0 1 3.814e+02 4.166e+02 326 0 4 6.120e+02 6.480e+02 335 0 1 6.431e+02 6.589e+02 146 0 3 6.351e+02 6.669e+02 296 1 4 6.158e+02 6.442e+02 263 2 1 6.289e+01 6.311e+01 2 2 4 8.400e+01 8.400e+01 -23 2 3 1.334e+02 1.606e+02 252 2 1 2.100e+01 2.100e+01 -14 2 2 1.180e+02 1.340e+02 149 2 3 2.100e+01 2.100e+01 -19 2 2 7.329e+01 9.471e+01 199 2 2 2.918e+01 5.482e+01 238 2 3 9.286e+01 1.171e+02 226
38837 6 0 1 6.455e+02 6.565e+02 103 0 1 5.972e+02 6.208e+02 220 0 3 5.956e+02 6.224e+02 249 0 4 6.042e+02 6.558e+02 479 2 4 1.229e+02 1.291e+02 58 2 1 8.272e+00 3.373e+01 236
38839 3 0 4 2.490e+02 2.550e+02 56 0 2 5.357e+02 5.563e+02 190 0 3 5.469e+02 5.871e+02 374
38840 0
