20445 2 0 4 1.890e+02 2.310e+02 390 0 4 5.790e+01 1.101e+02 485
20446 5 0 3 2.586e+02 2.874e+02 267 1 2 4.183e+02 4.217e+02 32 1 1 6.074e+02 6.106e+02 30 1 1 4.390e+02 4.430e+02 38 1 1 4.764e+02 4.896e+02 122
20448 0
20452 5 0 1 5.670e+02 5.670e+02 -3 0 3 6.090e+02 6.090e+02 -14 0 4 6.144e+02 6.456e+02 290 2 4 1.543e+02 1.817e+02 255 2 2 1.544e+02 1.816e+02 253
20454 16 0 1 5.207e+02 5.293e+02 80 2 1 1.864e+02 1.916e+02 48 2 3 1.800e+02 1.980e+02 167 2 2 1.973e+02 2.227e+02 236 3 3 4.410e+02 4.410e+02 -15 3 1 4.830e+02 4.830e+02 -19 3 1 3.892e+02 4.088e+02 181 3 2 4.620e+02 4.620e+02 -4 3 3 4.754e+02 4.906e+02 141 3 3 3.807e+02 4.173e+02 340 3 2 4.887e+02 5.193e+02 284 3 2 4.200e+02 4.200e+02 -1 3 4 4.566e+02 4.674e+02 100 3 4 4.123e+02 4.277e+02 143 3 2 4.477e+02 4.763e+02 265 3 2 4.014e+02 4.386e+02 346
20456 4 2 2 2.933e+02 2.947e+02 13 2 4 2.890e+02 2.990e+02 93 2 3 3.145e+02 3.155e+02 9 2 1 3.073e+02 3.227e+02 144
20458 4 0 4 4.066e+02 4.334e+02 250 0 4 5.723e+02 6.037e+02 292 0 3 6.382e+02 6.638e+02 237 0 1 5.864e+02 6.316e+02 420
20459 6 0 1 1.890e+02 1.890e+02 -22 0 4 2.093e+02 2.107e+02 13 0 4 6.709e+02 6.731e+02 20 0 3 6.431e+02 6.589e+02 147 0 3 1.791e+02 1.989e+02 185 0 2 1.961e+02 2.239e+02 259
20460 23 0 4 3.217e+02 3.503e+02 266 2 4 2.507e+02 2.533e+02 24 2 2 3.356e+02 3.364e+02 8 2 4 6.697e+02 6.743e+02 43 2 3 1.870e+02 1.910e+02 36 2 2 2.893e+02 2.987e+02 87 2 1 3.515e+02 3.625e+02 102 2 4 4.458e+02 4.782e+02 300 2 2 1.211e+02 1.309e+02 91 2 1 1.460e+02 1.480e+02 19 2 2 2.063e+02 2.137e+02 68 2 3 2.681e+02 2.779e+02 90 2 4 1.223e+02 1.297e+02 69 2 4 1.661e+02 1.699e+02 35 2 2 1.961e+02 2.239e+02 259 2 4 2.850e+02 3.030e+02 166 2 1 1.879e+02 1.901e+02 21 2 4 1.903e+02 2.297e+02 366 2 4 1.559e+02 1.801e+02 224 2 1 2.114e+02 2.506e+02 365 2 3 1.279e+02 1.661e+02 354 2 4 1.494e+02 1.866e+02 346 3 3 1.267e+01 2.933e+01 155
20461 6 0 2 3.773e+02 3.787e+02 14 0 1 3.520e+02 3.620e+02 92 1 1 6.009e+02 6.171e+02 150 2 3 2.008e+01 2.192e+01 17 2 2 3.825e+01 4.575e+01 70 2 2 2.272e+01 6.128e+01 358
20462 58 0 1 1.466e+02 1.474e+02 7 0 3 5.235e+02 5.265e+02 27 0 1 3.096e+02 3.204e+02 100 0 4 5.874e+02 5.886e+02 10 0 2 3.255e+02 3.465e+02 195 0 3 6.500e+02 6.520e+02 19 0 4 1.595e+02 1.765e+02 157 0 4 4.200e+02 4.200e+02 -4 0 4 3.296e+02 3.424e+02 119 0 4 5.007e+02 5.073e+02 60 0 2 1.547e+02 1.813e+02 247 0 1 5.209e+02 5.291e+02 76 0 2 6.291e+02 6.309e+02 17 0 2 6.692e+02 6.748e+02 52 0 3 4.345e+02 4.475e+02 120 0 2 4.469e+02 4.771e+02 281 0 3 5.155e+02 5.345e+02 176 0 4 6.281e+02 6.319e+02 36 0 4 6.700e+02 6.740e+02 38 0 1 4.671e+02 4.989e+02 296 0 2 5.378e+02 5.542e+02 153 0 1 5.995e+02 6.185e+02 176 0 1 6.418e+02 6.602e+02 171 0 3 4.674e+02 4.986e+02 289 0 1 5.545e+02 5.795e+02 233 0 3 5.997e+02 6.183e+02 172 0 3 6.414e+02 6.606e+02 178 0 4 4.865e+02 5.215e+02 326 0 3 5.501e+02 5.839e+02 314 0 4 6.197e+02 6.403e+02 190 0 1 6.309e+02 6.711e+02 374 0 3 5.058e+02 5.442e+02 357 0 1 5.897e+02 6.283e+02 358 0 1 5.477e+02 5.863e+02 359 0 4 6.118e+02 6.482e+02 338 0 1 5.059e+02 5.441e+02 354 1 2 5.449e+02 5.471e+02 20 1 2 4.156e+02 4.244e+02 82 1 3 6.085e+02 6.095e+02 10 1 1 5.199e+02 5.301e+02 95 1 3 5.618e+02 5.722e+02 97 1 2 6.299e+02 6.301e+02 2 1 4 5.851e+02 5.909e+02 54 1 4 6.295e+02 6.305e+02 9 1 1 6.062e+02 6.118e+02 52 1 3 5.926e+02 6.254e+02 304 2 4 2.925e+02 2.955e+02 28 2 3 5.718e+01 6.882e+01 108 2 4 2.417e+02 2.623e+02 190 2 2 2.876e+02 3.004e+02 119 2 3 3.016e+02 3.284e+02 248 2 4 4.055e+02 4.345e+02 270 2 4 2.986e+01 5.414e+01 226 3 4 2.507e+02 2.533e+02 24 3 4 2.037e+02 2.163e+02 116 3 4 1.652e+02 1.708e+02 52 3 4 2.151e+01 6.249e+01 380 3 4 1.507e+02 1.853e+02 320
20463 3 0 4 6.687e+02 6.753e+02 60 2 4 4.031e+01 4.369e+01 31 2 4 3.192e+01 5.208e+01 187
20465 0
20466 14 0 2 6.300e+02 6.300e+02 -4 0 1 4.406e+02 4.414e+02 8 0 4 4.556e+02 4.684e+02 118 0 1 5.996e+02 6.184e+02 174 0 3 4.403e+02 4.417e+02 14 0 2 4.459e+02 4.781e+02 299 0 3 5.978e+02 6.202e+02 207 1 3 6.074e+02 6.106e+02 29 1 4 5.838e+02 5.922e+02 77 1 4 5.782e+02 5.978e+02 181 1 3 5.946e+02 6.234e+02 267 1 3 5.499e+02 5.841e+02 318 2 3 5.400e+01 7.200e+01 167 2 2 2.824e+01 5.576e+01 256
20467 0
20470 8 0 4 3.767e+02 3.793e+02 25 0 4 6.257e+02 6.343e+02 80 0 3 2.132e+02 2.488e+02 330 1 1 3.551e+02 3.589e+02 36 1 4 5.849e+02 5.911e+02 57 1 1 5.662e+02 5.678e+02 15 1 2 5.400e+02 5.520e+02 111 1 1 5.494e+02 5.846e+02 327
20471 1 0 2 6.540e+02 6.900e+02 334
20472 13 0 2 5.460e+02 5.460e+02 -4 0 1 5.088e+02 5.412e+02 300 1 4 5.788e+02 5.972e+02 171 2 4 1.659e+02 1.701e+02 40 2 3 3.142e+02 3.158e+02 16 2 3 1.859e+02 1.921e+02 58 2 4 2.071e+02 2.129e+02 54 2 4 6.122e+02 6.478e+02 331 2 4 3.208e+02 3.512e+02 283 2 4 2.808e+02 3.072e+02 246 2 4 5.701e+02 6.059e+02 332 2 2 3.208e+02 3.512e+02 283 2 1 3.382e+02 3.758e+02 350
20474 19 0 2 6.716e+02 6.724e+02 8 0 4 6.663e+02 6.777e+02 106 0 1 6.328e+02 6.692e+02 337 1 2 6.300e+02 6.300e+02 -2 1 1 6.079e+02 6.101e+02 20 2 2 2.520e+02 2.520e+02 -10 2 1 2.723e+02 2.737e+02 12 2 3 1.716e+01 2.484e+01 71 2 3 2.307e+02 2.313e+02 6 2 2 3.475e+01 4.925e+01 135 2 3 1.890e+02 1.890e+02 -20 2 2 2.016e+02 2.184e+02 156 2 2 3.201e+02 3.519e+02 296 2 1 7.333e+00 3.467e+01 254 2 2 1.592e+02 1.768e+02 164 2 4 2.020e+02 2.180e+02 149 2 3 2.587e+02 2.873e+02 265 2 4 2.367e+01 6.033e+01 340 2 4 2.386e+02 2.654e+02 248
20475 0
20476 19 0 2 6.261e+02 6.339e+02 73 0 3 9.542e+01 1.146e+02 178 0 3 6.505e+02 6.515e+02 10 0 4 6.218e+02 6.382e+02 152 0 1 6.442e+02 6.578e+02 127 0 4 6.122e+02 6.478e+02 330 0 2 6.674e+02 6.766e+02 85 0 4 6.647e+02 6.793e+02 135 0 3 6.386e+02 6.634e+02 230 2 3 1.042e+02 1.058e+02 16 2 1 1.850e+01 2.350e+01 46 2 3 2.012e+01 2.188e+01 16 2 2 3.596e+01 4.804e+01 112 2 2 1.122e+02 1.398e+02 256 2 3 5.171e+01 7.429e+01 210 2 4 6.732e+01 1.007e+02 310 2 4 3.143e+01 5.257e+01 196 2 1 4.632e+01 7.968e+01 310 2 3 4.190e+00 3.781e+01 312
20477 0
20479 31 0 2 6.281e+02 6.319e+02 35 0 4 3.764e+02 3.796e+02 30 0 4 6.704e+02 6.736e+02 30 0 4 8.101e+01 8.699e+01 56 0 1 4.401e+02 4.419e+02 16 0 1 3.556e+02 3.584e+02 26 0 2 4.619e+02 4.621e+02 1 0 2 3.656e+02 3.904e+02 230 0 1 5.239e+02 5.261e+02 21 0 4 3.583e+02 3.977e+02 366 0 4 6.267e+02 6.333e+02 60 0 2 6.693e+02 6.747e+02 50 0 3 4.327e+02 4.493e+02 154 0 4 4.591e+02 4.649e+02 54 0 2 5.392e+02 5.528e+02 127 0 4 6.185e+02 6.415e+02 213 0 3 6.402e+02 6.618e+02 200 0 1 3.911e+02 4.069e+02 146 0 2 4.446e+02 4.794e+02 324 0 3 5.082e+02 5.418e+02 312 0 2 6.610e+02 6.830e+02 205 0 3 3.888e+02 4.092e+02 190 0 4 6.576e+02 6.864e+02 267 0 1 4.219e+02 4.601e+02 354 0 2 6.530e+02 6.910e+02 353 1 1 2.705e+02 2.755e+02 47 2 3 2.693e+02 2.767e+02 68 2 1 1.128e+01 3.072e+01 180 2 4 2.888e+02 2.992e+02 97 2 3 4.146e+00 3.785e+01 313 2 4 1.962e+02 2.238e+02 257
20480 17 0 3 4.394e+02 4.426e+02 30 0 2 6.231e+02 6.369e+02 129 0 4 6.688e+02 6.752e+02 59 0 4 6.266e+02 6.334e+02 64 0 4 4.471e+02 4.769e+02 277 0 1 5.976e+02 6.204e+02 211 0 3 5.926e+02 6.254e+02 305 2 1 1.859e+02 1.921e+02 57 2 1 2.661e+02 2.799e+02 129 2 3 1.875e+02 1.905e+02 28 2 3 2.644e+02 2.816e+02 159 2 3 5.669e+01 6.931e+01 117 2 1 2.039e+01 2.161e+01 11 2 4 1.470e+02 1.890e+02 390 2 2 1.929e+02 2.271e+02 317 2 3 1.819e+01 2.381e+01 52 2 2 2.707e+01 5.693e+01 277
20486 0
20488 7 0 4 5.811e+02 5.949e+02 128 0 1 5.485e+02 5.855e+02 344 0 2 6.175e+02 6.425e+02 232 0 1 6.265e+02 6.755e+02 456 0 3 5.923e+02 6.257e+02 310 1 1 5.552e+02 5.788e+02 219 2 3 3.129e+02 3.171e+02 39
20489 6 2 4 2.504e+02 2.536e+02 30 2 1 2.714e+02 2.746e+02 30 2 1 1.357e+01 2.843e+01 138 2 4 3.638e+02 3.922e+02 263 2 2 2.380e+02 2.660e+02 260 2 3 2.589e+02 2.871e+02 262
