18540 13 0 2 3.773e+02 3.787e+02 13 0 1 6.502e+02 6.518e+02 15 0 2 4.593e+02 4.647e+02 50 0 4 3.652e+02 3.908e+02 237 0 3 6.489e+02 6.531e+02 40 0 1 3.449e+02 3.691e+02 224 0 3 3.861e+02 4.119e+02 240 0 4 4.565e+02 4.675e+02 101 0 3 4.636e+02 5.024e+02 360 0 2 6.536e+02 6.904e+02 342 0 4 6.551e+02 6.889e+02 313 1 1 1.151e+01 3.049e+01 176 1 3 2.352e+00 3.965e+01 346
18541 3 3 3 3.974e+02 4.006e+02 30 3 2 3.304e+02 3.416e+02 104 3 1 3.081e+02 3.219e+02 128
18543 1 2 1 1.077e-01 4.189e+01 388
18544 19 0 1 6.495e+02 6.525e+02 28 0 3 5.635e+02 5.705e+02 65 0 3 6.030e+02 6.150e+02 112 0 3 8.850e+01 1.215e+02 306 0 2 5.335e+02 5.585e+02 232 0 1 5.556e+02 5.784e+02 212 0 4 5.692e+02 6.068e+02 349 0 2 6.545e+02 6.895e+02 325 0 1 5.916e+02 6.264e+02 324 0 4 6.532e+02 6.908e+02 350 2 3 2.297e+02 2.323e+02 24 2 1 1.563e+01 2.637e+01 100 2 4 2.499e+02 2.541e+02 40 2 3 1.492e+01 2.708e+01 113 2 3 1.728e+02 2.052e+02 300 2 4 1.981e+02 2.219e+02 221 2 3 4.998e+00 3.700e+01 297 2 3 2.171e+02 2.449e+02 258 2 1 1.676e+00 4.032e+01 359
18547 18 0 4 5.843e+02 5.917e+02 69 0 1 6.421e+02 6.599e+02 166 0 1 4.676e+02 4.984e+02 286 0 3 6.022e+02 6.158e+02 126 0 3 6.444e+02 6.576e+02 123 0 3 4.701e+02 4.959e+02 240 0 1 5.468e+02 5.872e+02 375 0 2 6.239e+02 6.361e+02 114 0 2 6.548e+02 6.892e+02 320 0 4 4.788e+02 5.292e+02 467 0 3 5.471e+02 5.869e+02 370 0 2 6.129e+02 6.471e+02 318 0 4 6.499e+02 6.941e+02 410 0 4 6.107e+02 6.493e+02 359 2 4 7.311e+01 9.489e+01 202 2 4 3.448e+01 4.952e+01 140 2 4 6.163e+01 1.064e+02 416 2 4 3.939e+02 4.461e+02 485
18548 8 0 4 5.040e+02 5.040e+02 -2 0 2 6.616e+02 6.824e+02 193 0 3 4.735e+02 4.925e+02 177 0 4 6.619e+02 6.821e+02 188 1 2 6.275e+02 6.325e+02 47 1 1 5.897e+02 6.283e+02 358 2 4 4.610e+02 4.630e+02 18 2 4 4.488e+02 4.752e+02 246
18549 24 2 3 1.007e+02 1.093e+02 80 2 1 3.131e+02 3.169e+02 36 2 4 3.897e+01 4.503e+01 56 2 3 3.904e+02 4.076e+02 160 2 2 1.244e+02 1.276e+02 29 2 4 2.882e+02 2.998e+02 107 2 4 5.737e+02 6.023e+02 266 2 1 1.739e+01 2.461e+01 67 2 3 4.233e+02 4.587e+02 329 2 4 7.549e+01 9.251e+01 158 2 1 1.337e+02 1.603e+02 246 2 3 3.010e+02 3.290e+02 260 2 2 3.574e+01 4.826e+01 116 2 4 1.153e+02 1.367e+02 198 2 2 2.784e+02 3.096e+02 289 2 1 5.140e+01 7.460e+01 216 2 3 8.774e+01 1.223e+02 320 2 3 5.270e+00 3.673e+01 292 2 2 1.113e+02 1.407e+02 274 2 2 2.335e+01 6.065e+01 346 2 3 4.485e+01 8.115e+01 337 3 3 5.970e+01 6.630e+01 61 3 3 8.891e+01 1.211e+02 299 3 4 8.249e+01 8.551e+01 28
18551 5 0 1 6.318e+02 6.702e+02 356 0 3 5.446e+02 5.894e+02 416 0 2 6.035e+02 6.565e+02 492 0 3 6.285e+02 6.735e+02 417 2 1 9.847e+00 3.215e+01 207
18552 1 2 4 1.924e+02 2.276e+02 326
18555 36 0 2 5.455e+02 5.465e+02 9 0 1 6.074e+02 6.106e+02 30 0 1 3.930e+02 4.050e+02 112 0 3 5.997e+02 6.183e+02 172 0 2 3.594e+02 3.966e+02 346 0 3 3.926e+02 4.054e+02 119 0 4 6.205e+02 6.395e+02 176 0 2 6.542e+02 6.898e+02 331 0 4 4.152e+02 4.248e+02 89 0 1 5.068e+02 5.432e+02 339 1 2 5.855e+02 5.905e+02 46 1 2 6.154e+02 6.446e+02 270 1 4 6.144e+02 6.456e+02 290 2 2 2.512e+02 2.528e+02 16 2 3 3.131e+02 3.169e+02 36 2 2 3.357e+02 3.363e+02 6 2 3 6.453e+02 6.567e+02 106 2 4 8.186e+01 8.614e+01 40 2 4 6.656e+02 6.784e+02 120 2 1 1.426e+02 1.514e+02 81 2 3 2.674e+02 2.786e+02 104 2 1 3.507e+02 3.633e+02 116 2 3 1.128e+01 3.072e+01 180 2 3 1.017e+02 1.083e+02 61 2 3 1.404e+02 1.536e+02 123 2 3 2.183e+02 2.437e+02 236 2 2 2.878e+02 3.002e+02 115 2 2 2.833e+01 5.567e+01 254 2 2 1.188e+02 1.332e+02 133 2 4 2.382e+02 2.658e+02 257 2 4 2.922e+02 2.958e+02 34 2 4 1.180e+02 1.340e+02 149 2 1 2.651e+02 2.809e+02 147 2 3 8.945e+01 1.206e+02 289 2 1 2.998e+02 3.302e+02 281 2 4 1.108e+02 1.412e+02 283
18557 0
18560 90 0 4 2.516e+02 2.524e+02 7 0 1 6.505e+02 6.515e+02 10 0 1 1.448e+02 1.492e+02 41 0 2 4.596e+02 4.644e+02 46 0 3 2.722e+02 2.738e+02 15 0 3 5.650e+02 5.690e+02 36 0 4 3.728e+02 3.832e+02 96 0 1 6.068e+02 6.112e+02 41 0 2 1.629e+02 1.731e+02 94 0 3 6.503e+02 6.517e+02 13 0 2 2.908e+02 2.972e+02 60 0 4 4.164e+02 4.236e+02 67 0 2 3.180e+02 3.540e+02 334 0 4 4.618e+02 4.622e+02 5 0 3 1.804e+02 1.976e+02 160 0 2 5.410e+02 5.510e+02 93 0 4 2.815e+02 3.065e+02 232 0 3 6.036e+02 6.144e+02 100 0 4 3.592e+02 3.968e+02 349 0 2 6.709e+02 6.731e+02 20 0 3 1.680e+02 2.100e+02 390 0 1 3.927e+02 4.053e+02 117 0 1 2.538e+02 2.922e+02 356 0 2 5.022e+02 5.058e+02 34 0 1 5.617e+02 5.723e+02 98 0 2 6.275e+02 6.325e+02 46 0 4 6.707e+02 6.733e+02 24 0 1 4.268e+02 4.552e+02 263 0 4 5.014e+02 5.066e+02 48 0 1 5.151e+02 5.349e+02 184 0 4 6.254e+02 6.346e+02 86 0 3 4.246e+02 4.574e+02 305 0 2 4.529e+02 4.711e+02 170 0 3 5.177e+02 5.323e+02 136 0 4 6.107e+02 6.493e+02 358 0 3 3.846e+02 4.134e+02 267 0 4 4.914e+02 5.166e+02 235 0 3 5.544e+02 5.796e+02 234 0 4 4.021e+02 4.379e+02 333 0 1 4.659e+02 5.001e+02 318 0 1 5.079e+02 5.421e+02 317 0 3 4.644e+02 5.016e+02 346 0 3 5.078e+02 5.422e+02 319 0 1 5.496e+02 5.844e+02 323 1 2 4.182e+02 4.218e+02 33 1 1 4.809e+02 4.851e+02 39 1 1 4.386e+02 4.434e+02 46 1 4 5.876e+02 5.884e+02 7 1 1 6.062e+02 6.118e+02 51 1 2 5.015e+02 5.065e+02 47 1 2 5.423e+02 5.497e+02 69 1 1 2.103e+02 2.517e+02 385 1 3 6.078e+02 6.102e+02 23 1 1 5.225e+02 5.275e+02 47 1 4 5.442e+02 5.478e+02 33 1 2 6.289e+02 6.311e+02 20 1 3 5.176e+02 5.324e+02 137 1 3 5.646e+02 5.694e+02 45 1 4 6.297e+02 6.303e+02 6 1 1 5.546e+02 5.794e+02 230 1 2 5.765e+02 5.995e+02 213 1 4 5.727e+02 6.033e+02 284 1 2 5.263e+02 5.657e+02 366 2 4 3.340e+02 3.380e+02 37 2 4 1.674e+02 1.686e+02 10 2 4 2.501e+02 2.539e+02 35 2 3 2.706e+02 2.754e+02 46 2 1 3.561e+02 3.579e+02 16 2 4 4.049e+01 4.351e+01 28 2 4 1.252e+02 1.268e+02 15 2 1 1.842e+02 1.938e+02 90 2 3 2.998e+02 3.302e+02 282 2 3 3.525e+02 3.615e+02 83 2 3 6.199e+01 6.401e+01 19 2 2 8.218e+01 8.582e+01 34 2 3 1.823e+02 1.957e+02 125 2 1 2.562e+02 2.898e+02 312 2 2 3.306e+02 3.414e+02 100 2 1 4.915e+01 7.685e+01 257 2 4 1.144e+02 1.376e+02 216 2 2 1.575e+02 1.785e+02 195 2 2 2.800e+02 3.080e+02 260 2 4 3.231e+02 3.489e+02 239 2 2 2.439e+01 5.961e+01 327 2 3 1.732e+02 2.048e+02 293 2 2 1.510e+02 1.850e+02 316 3 3 1.882e+01 2.318e+01 40 3 4 1.190e+02 1.330e+02 130 3 3 1.351e+02 1.589e+02 221 3 1 1.313e+02 1.627e+02 291
18564 0
18565 13 0 1 6.386e+02 6.634e+02 230 0 1 5.501e+02 5.839e+02 315 0 2 6.160e+02 6.440e+02 260 0 3 6.384e+02 6.636e+02 235 0 4 5.684e+02 6.076e+02 364 0 2 6.574e+02 6.866e+02 270 0 1 5.831e+02 6.349e+02 480 0 4 6.543e+02 6.897e+02 329 0 1 6.264e+02 6.756e+02 456 2 4 4.200e+01 4.200e+01 -5 2 3 5.449e+01 7.151e+01 158 2 2 1.179e+02 1.341e+02 150 2 4 1.073e+02 1.447e+02 347
18567 0
18568 3 0 3 1.763e+02 2.017e+02 236 0 4 1.849e+02 2.351e+02 466 2 4 5.907e+01 1.089e+02 463
18572 14 0 4 3.760e+02 3.800e+02 36 0 2 3.360e+02 3.360e+02 -3 0 1 2.990e+02 3.310e+02 298 0 2 6.586e+02 6.854e+02 249 0 4 3.233e+02 3.487e+02 236 0 4 6.564e+02 6.876e+02 290 0 4 3.646e+02 3.914e+02 248 2 4 8.299e+01 8.501e+01 19 2 1 2.100e+01 2.100e+01 -22 2 3 1.023e+02 1.077e+02 50 2 2 1.252e+02 1.268e+02 16 2 2 3.466e+01 4.934e+01 136 2 4 1.100e+02 1.420e+02 297 2 3 4.974e+01 7.626e+01 246
18574 7 0 4 6.602e+02 6.838e+02 220 0 2 2.741e+02 3.139e+02 370 2 2 3.755e+02 3.805e+02 47 2 4 3.807e+01 4.593e+01 73 2 2 3.775e+01 4.625e+01 79 2 3 8.228e+00 3.377e+01 237 2 1 4.269e+01 8.331e+01 377
18577 0
18578 4 0 3 5.629e+02 5.711e+02 76 0 2 5.342e+02 5.578e+02 219 0 1 5.536e+02 5.804e+02 250 1 4 6.231e+02 6.369e+02 128
18579 2 1 2 6.263e+02 6.337e+02 70 1 4 6.203e+02 6.397e+02 180
18580 27 0 4 6.201e+02 6.399e+02 184 0 2 6.708e+02 6.732e+02 22 0 4 4.969e+02 5.111e+02 131 0 3 1.714e+02 2.066e+02 327 0 2 6.195e+02 6.405e+02 196 0 1 6.448e+02 6.572e+02 116 0 1 1.297e+02 1.643e+02 322 0 4 5.704e+02 6.056e+02 326 0 3 6.430e+02 6.590e+02 149 0 4 3.974e+02 4.426e+02 420 0 1 5.910e+02 6.270e+02 334 0 4 6.628e+02 6.812e+02 171 0 3 5.885e+02 6.295e+02 381 0 1 6.362e+02 6.658e+02 275 0 4 6.524e+02 6.916e+02 365 0 2 6.459e+02 6.981e+02 485 1 1 5.650e+02 5.690e+02 36 1 1 6.053e+02 6.127e+02 69 1 2 6.276e+02 6.324e+02 45 1 4 6.223e+02 6.377e+02 144 1 1 5.041e+02 5.459e+02 389 2 4 2.511e+02 2.529e+02 16 2 4 6.679e+02 6.761e+02 76 2 1 3.126e+02 3.174e+02 44 2 2 5.019e+02 5.061e+02 39 2 4 4.950e+02 5.130e+02 168 2 3 4.648e+02 5.012e+02 338
18581 26 0 1 5.654e+02 5.686e+02 29 0 3 5.236e+02 5.264e+02 26 0 3 6.453e+02 6.567e+02 106 0 2 4.949e+02 5.131e+02 170 0 4 6.582e+02 6.858e+02 256 1 4 2.457e+02 2.583e+02 117 1 3 2.248e+02 2.372e+02 116 1 1 5.548e+02 5.792e+02 226 1 4 6.210e+02 6.390e+02 166 1 3 5.898e+02 6.282e+02 356 1 3 4.857e+01 7.743e+01 268 2 4 2.519e+02 2.521e+02 1 2 3 2.302e+02 2.318e+02 15 2 1 6.109e+01 6.491e+01 36 2 3 3.915e+02 4.065e+02 139 2 3 1.432e+02 1.508e+02 70 2 2 2.474e+02 2.566e+02 86 2 1 2.594e+02 2.866e+02 253 2 3 5.741e+01 6.859e+01 104 2 2 1.588e+02 1.772e+02 171 2 4 2.030e+02 2.170e+02 130 2 3 2.574e+02 2.886e+02 289 2 4 3.349e+01 5.051e+01 158 2 4 1.071e+02 1.449e+02 351 2 1 1.308e+02 1.632e+02 301 2 2 2.510e+01 5.890e+01 314
18582 5 2 4 4.615e+02 4.625e+02 9 2 3 4.810e+02 4.850e+02 38 2 3 5.120e+02 5.380e+02 240 2 3 4.676e+02 4.984e+02 286 2 2 4.878e+02 5.202e+02 301
18583 0
18585 0
18588 10 1 4 5.848e+02 5.912e+02 60 1 3 5.558e+02 5.782e+02 208 1 4 5.286e+02 5.634e+02 323 2 3 1.870e+02 1.910e+02 36 2 3 1.465e+02 1.475e+02 9 2 3 6.075e+00 3.593e+01 277 2 4 1.148e+02 1.372e+02 209 2 2 1.640e+02 1.720e+02 75 2 4 1.923e+02 2.277e+02 328 3 4 4.176e+02 4.224e+02 44
18589 19 0 1 4.757e+02 4.903e+02 136 0 4 7.778e+01 9.022e+01 116 0 3 6.436e+02 6.584e+02 138 0 2 7.029e+01 9.771e+01 255 0 2 4.961e+02 5.119e+02 147 0 3 4.520e+01 8.080e+01 330 0 1 5.956e+02 6.224e+02 249 0 3 4.665e+02 4.995e+02 307 1 3 4.788e+02 4.872e+02 79 1 4 5.865e+02 5.895e+02 27 1 1 6.070e+02 6.110e+02 38 1 2 4.947e+02 5.133e+02 173 1 4 5.436e+02 5.484e+02 44 1 3 6.074e+02 6.106e+02 29 1 3 5.050e+02 5.450e+02 372 1 2 5.801e+02 5.959e+02 147 1 3 5.913e+02 6.267e+02 329 1 2 5.362e+02 5.558e+02 182 2 1 3.490e+02 3.650e+02 148
18590 21 0 1 6.506e+02 6.514e+02 7 0 1 5.604e+02 5.736e+02 123 0 2 6.284e+02 6.316e+02 30 0 3 6.501e+02 6.519e+02 17 0 4 5.812e+02 5.948e+02 126 0 3 5.554e+02 5.786e+02 215 0 2 6.538e+02 6.902e+02 338 1 4 6.274e+02 6.326e+02 48 1 4 5.779e+02 5.981e+02 188 1 3 5.522e+02 5.818e+02 275 2 2 3.982e+01 4.418e+01 40 2 4 4.143e+01 4.257e+01 10 2 3 1.886e+02 1.894e+02 7 2 2 2.065e+02 2.135e+02 66 2 1 5.059e+01 7.541e+01 230 2 4 1.638e+02 1.722e+02 79 2 1 2.179e+02 2.441e+02 243 2 1 7.242e+00 3.476e+01 256 2 3 7.108e+00 3.489e+01 258 2 2 2.340e+01 6.060e+01 346 3 1 1.039e+02 1.061e+02 20
