39459 5 0 2 6.681e+02 6.759e+02 73 0 3 5.654e+02 5.686e+02 30 0 4 6.652e+02 6.788e+02 127 2 4 2.096e+02 2.104e+02 7 2 4 1.536e+02 1.824e+02 268
39460 6 2 4 6.699e+02 6.741e+02 39 3 1 4.410e+02 4.410e+02 -19 3 4 4.177e+02 4.223e+02 42 3 1 3.858e+02 4.122e+02 245 3 2 4.091e+02 4.309e+02 202 3 3 4.290e+02 4.530e+02 222
39461 0
39462 7 2 2 2.063e+02 2.137e+02 69 2 4 2.045e+02 2.155e+02 103 2 3 1.739e+02 2.041e+02 280 3 3 1.406e+02 1.534e+02 119 3 1 1.385e+02 1.555e+02 158 3 2 1.550e+02 1.810e+02 241 3 4 1.546e+02 1.814e+02 250
39463 3 0 2 6.702e+02 6.738e+02 33 0 4 6.691e+02 6.749e+02 55 0 4 6.574e+02 6.866e+02 270
39464 20 0 4 6.291e+02 6.309e+02 16 0 1 5.230e+02 5.270e+02 38 0 3 6.505e+02 6.515e+02 9 0 4 5.040e+02 5.040e+02 -13 0 3 5.165e+02 5.335e+02 158 0 2 6.665e+02 6.775e+02 102 0 4 6.688e+02 6.752e+02 59 0 1 6.442e+02 6.578e+02 126 0 4 6.608e+02 6.832e+02 209 2 1 1.884e+02 1.896e+02 11 2 2 1.253e+02 1.267e+02 12 2 3 6.300e+01 6.300e+01 -9 2 3 9.878e+01 1.112e+02 116 2 1 1.428e+02 1.512e+02 77 2 3 1.747e+01 2.453e+01 66 2 4 7.751e+01 9.049e+01 120 2 1 1.289e+02 1.651e+02 336 2 4 3.847e+01 4.553e+01 66 2 4 6.540e+01 1.026e+02 346 2 1 1.168e+01 3.032e+01 173
39465 26 0 2 2.913e+02 2.967e+02 50 0 1 6.065e+02 6.115e+02 47 0 2 6.713e+02 6.727e+02 12 0 4 2.857e+02 3.023e+02 154 0 1 4.789e+02 4.871e+02 76 0 1 2.589e+02 2.871e+02 261 0 3 6.087e+02 6.093e+02 5 0 4 6.706e+02 6.734e+02 26 0 3 4.781e+02 4.879e+02 91 0 4 6.158e+02 6.442e+02 263 0 3 6.334e+02 6.686e+02 326 0 2 4.512e+02 4.728e+02 200 0 2 6.135e+02 6.465e+02 306 0 2 6.538e+02 6.902e+02 337 0 4 4.845e+02 5.235e+02 363 0 4 6.537e+02 6.903e+02 340 1 3 5.632e+02 5.708e+02 71 1 4 6.294e+02 6.306e+02 10 1 2 5.440e+02 5.480e+02 38 1 1 6.048e+02 6.132e+02 77 1 4 5.407e+02 5.513e+02 98 1 2 6.211e+02 6.389e+02 166 1 3 5.931e+02 6.249e+02 295 2 3 3.989e+02 3.991e+02 2 2 4 3.694e+02 3.866e+02 159 2 2 4.095e+02 4.305e+02 195
39466 13 0 3 5.655e+02 5.685e+02 27 0 3 6.495e+02 6.525e+02 28 0 1 4.746e+02 4.914e+02 156 0 1 5.181e+02 5.319e+02 128 0 4 6.149e+02 6.451e+02 281 0 1 6.395e+02 6.625e+02 214 0 2 4.974e+02 5.106e+02 123 0 4 4.934e+02 5.146e+02 197 1 3 5.654e+02 5.686e+02 30 2 2 4.200e+01 4.200e+01 -10 2 4 4.036e+01 4.364e+01 30 2 3 1.128e+01 3.072e+01 180 2 1 8.232e+00 3.377e+01 237
39467 9 2 2 5.460e+02 5.460e+02 -15 2 4 2.456e+02 2.584e+02 120 2 3 2.100e+01 2.100e+01 -13 2 3 2.173e+02 2.447e+02 254 2 1 5.123e+02 5.377e+02 236 2 1 2.586e+02 2.874e+02 268 2 3 1.370e+01 2.830e+01 136 2 2 3.291e+01 5.109e+01 169 2 1 7.781e+00 3.422e+01 246
39468 9 0 1 6.083e+02 6.097e+02 14 0 1 5.225e+02 5.275e+02 46 0 4 6.267e+02 6.333e+02 62 0 4 6.720e+02 6.720e+02 0 0 3 6.020e+02 6.160e+02 130 0 1 6.398e+02 6.622e+02 207 0 2 6.219e+02 6.381e+02 150 2 3 1.936e+01 2.264e+01 30 2 4 2.058e+02 2.142e+02 78
39469 3 1 1 2.222e+02 2.398e+02 163 2 4 1.260e+02 1.260e+02 -22 2 3 1.326e+01 2.874e+01 144
39470 35 0 4 2.496e+02 2.544e+02 46 0 1 6.494e+02 6.526e+02 29 0 4 3.318e+02 3.402e+02 77 0 1 4.408e+02 4.412e+02 3 0 2 2.439e+02 2.601e+02 150 0 4 4.592e+02 4.648e+02 52 0 2 2.907e+02 2.973e+02 62 0 2 5.370e+02 5.550e+02 168 0 1 2.180e+02 2.440e+02 242 0 3 6.502e+02 6.518e+02 15 0 1 2.604e+02 2.856e+02 234 0 2 6.153e+02 6.447e+02 274 0 3 2.176e+02 2.444e+02 249 0 4 6.565e+02 6.875e+02 287 0 4 2.810e+02 3.070e+02 242 0 4 4.058e+02 4.342e+02 263 0 1 5.077e+02 5.423e+02 320 0 2 6.539e+02 6.901e+02 336 1 2 6.083e+02 6.517e+02 403 2 2 3.335e+02 3.385e+02 46 2 1 6.275e+01 6.325e+01 5 2 3 3.078e+02 3.222e+02 134 2 1 1.815e+01 2.385e+01 53 2 4 4.071e+02 4.329e+02 240 2 2 1.222e+02 1.298e+02 71 2 4 2.041e+02 2.159e+02 110 2 4 3.757e+01 4.643e+01 82 2 2 1.098e+02 1.422e+02 300 2 1 1.291e+02 1.649e+02 332 2 4 2.743e+02 3.137e+02 366 2 1 3.394e+02 3.746e+02 327 2 2 3.143e+01 5.257e+01 196 2 2 1.503e+02 1.857e+02 329 2 3 4.426e+01 8.174e+01 348 2 3 3.769e-01 4.162e+01 383
39471 10 0 4 1.625e+02 1.735e+02 102 0 3 4.387e+02 4.433e+02 42 0 4 2.043e+02 2.157e+02 106 0 4 6.216e+02 6.384e+02 156 0 3 9.348e+01 1.165e+02 214 0 1 4.312e+02 4.508e+02 182 0 4 4.525e+02 4.715e+02 177 0 4 4.027e+02 4.373e+02 320 0 1 4.246e+02 4.574e+02 305 0 3 4.194e+02 4.626e+02 400
39472 7 0 2 6.647e+02 6.793e+02 136 0 1 5.082e+02 5.418e+02 312 1 4 4.504e+02 4.736e+02 216 2 1 1.918e+01 2.282e+01 34 2 3 3.987e+02 3.993e+02 6 2 3 1.707e+01 2.493e+01 73 2 2 4.079e+02 4.321e+02 226
39473 4 2 4 4.027e+02 4.373e+02 320 2 4 1.437e+02 1.923e+02 450 2 4 1.889e+02 2.311e+02 392 2 1 2.078e+02 2.542e+02 430
39474 15 0 4 4.081e+01 4.319e+01 22 0 4 6.682e+02 6.758e+02 71 0 3 5.204e+02 5.296e+02 86 0 1 6.457e+02 6.563e+02 98 0 2 4.929e+02 5.151e+02 206 0 1 5.096e+02 5.404e+02 286 0 2 6.114e+02 6.486e+02 345 0 3 6.459e+02 6.561e+02 94 0 3 4.187e+02 4.633e+02 415 1 1 2.278e+02 2.342e+02 60 2 3 1.839e+02 1.941e+02 96 2 2 1.651e+02 1.709e+02 54 2 1 -1.508e+00 4.351e+01 418 2 4 1.626e+02 1.734e+02 100 2 3 -5.230e+00 4.723e+01 487
39476 7 0 4 6.717e+02 6.723e+02 5 1 3 5.939e+02 6.241e+02 280 1 4 6.157e+02 6.443e+02 266 2 4 2.065e+02 2.135e+02 65 2 4 1.560e+02 1.800e+02 223 2 3 1.283e+02 1.657e+02 346 2 2 9.936e+01 1.526e+02 495
39477 0
39482 0
39485 47 0 3 5.096e+02 5.404e+02 286 0 3 2.563e+02 2.897e+02 310 0 2 4.864e+02 5.216e+02 326 0 4 3.574e+02 3.986e+02 383 0 4 5.694e+02 6.066e+02 345 0 2 6.459e+02 6.981e+02 485 0 4 4.876e+02 5.204e+02 304 1 3 3.055e+02 3.245e+02 177 1 2 2.002e+02 2.198e+02 181 2 3 4.823e+02 4.837e+02 12 2 3 1.043e+02 1.057e+02 12 2 3 6.084e+02 6.096e+02 11 2 2 2.512e+02 2.528e+02 15 2 3 3.979e+02 4.001e+02 21 2 1 2.700e+02 2.760e+02 56 2 4 5.858e+02 5.902e+02 41 2 4 3.765e+02 3.795e+02 27 2 1 4.385e+02 4.435e+02 47 2 4 1.244e+02 1.276e+02 30 2 2 4.943e+02 5.137e+02 180 2 4 1.657e+02 1.703e+02 43 2 1 5.120e+02 5.380e+02 241 2 4 2.036e+02 2.164e+02 119 2 2 6.267e+02 6.333e+02 62 2 3 2.724e+02 2.736e+02 10 2 1 6.371e+02 6.649e+02 258 2 4 3.358e+02 3.362e+02 3 2 2 4.111e+02 4.289e+02 165 2 4 8.159e+01 8.641e+01 45 2 4 4.549e+02 4.691e+02 131 2 1 1.373e+02 1.567e+02 180 2 1 5.908e+02 6.272e+02 339 2 1 2.251e+02 2.369e+02 109 2 4 4.029e+02 4.371e+02 318 2 1 2.613e+02 2.847e+02 218 2 3 3.834e+02 4.146e+02 289 2 2 3.249e+02 3.471e+02 206 2 2 1.213e+02 1.307e+02 87 2 3 1.346e+02 1.594e+02 230 2 3 2.249e+02 2.371e+02 113 2 2 2.836e+02 3.044e+02 193 2 3 3.426e+02 3.714e+02 268 2 4 1.092e+02 1.428e+02 312 2 3 1.271e+02 1.669e+02 369 2 4 2.390e+02 2.650e+02 241 2 4 6.603e+01 1.020e+02 334 2 2 1.029e+02 1.491e+02 430
39486 17 0 1 6.493e+02 6.527e+02 31 0 4 8.400e+01 8.400e+01 -6 0 1 4.410e+02 4.410e+02 -10 0 4 4.577e+02 4.663e+02 80 0 2 6.702e+02 6.738e+02 34 0 3 4.407e+02 4.413e+02 5 0 1 5.531e+02 5.809e+02 259 0 4 5.789e+02 5.971e+02 169 0 4 6.655e+02 6.785e+02 121 0 2 4.494e+02 4.746e+02 234 0 1 5.958e+02 6.222e+02 246 0 3 6.417e+02 6.603e+02 173 0 3 5.987e+02 6.193e+02 192 0 2 6.636e+02 6.804e+02 156 1 3 6.090e+02 6.090e+02 -14 1 2 6.300e+02 6.300e+02 -14 1 4 6.191e+02 6.409e+02 202
39489 6 0 1 6.090e+02 6.090e+02 -13 0 3 6.072e+02 6.108e+02 33 0 2 6.126e+02 6.474e+02 323 0 4 6.153e+02 6.447e+02 274 0 1 6.292e+02 6.728e+02 406 2 3 5.147e+02 5.353e+02 191
39490 14 0 4 6.247e+02 6.353e+02 98 0 4 4.950e+02 5.130e+02 166 0 3 5.122e+02 5.378e+02 237 0 3 6.390e+02 6.630e+02 222 0 1 5.108e+02 5.392e+02 264 2 3 1.743e+01 2.457e+01 66 2 1 1.455e+02 1.485e+02 28 2 1 1.541e+01 2.659e+01 104 2 2 1.252e+02 1.268e+02 15 2 2 3.578e+01 4.822e+01 116 2 4 1.201e+02 1.319e+02 109 2 2 2.523e+01 5.877e+01 311 2 3 9.034e+01 1.197e+02 272 3 3 3.014e+02 3.286e+02 252
39491 11 0 1 5.670e+02 5.670e+02 -24 0 4 5.827e+02 5.933e+02 98 0 4 6.207e+02 6.393e+02 173 0 1 5.921e+02 6.259e+02 313 0 3 6.275e+02 6.745e+02 436 0 3 5.950e+02 6.230e+02 260 0 2 6.526e+02 6.914e+02 360 0 2 6.077e+02 6.523e+02 415 0 4 6.498e+02 6.942e+02 413 0 4 6.050e+02 6.550e+02 465 0 1 6.255e+02 6.765e+02 474
39492 26 0 2 6.279e+02 6.321e+02 39 0 2 4.610e+02 4.630e+02 19 0 3 5.641e+02 5.699e+02 55 0 4 6.280e+02 6.320e+02 36 0 1 6.430e+02 6.590e+02 149 0 4 4.518e+02 4.722e+02 190 0 1 5.985e+02 6.195e+02 196 0 4 6.586e+02 6.854e+02 248 0 3 4.646e+02 5.014e+02 342 0 3 5.956e+02 6.224e+02 248 2 3 1.945e+01 2.255e+01 29 2 2 8.290e+01 8.510e+01 20 2 3 2.269e+02 2.351e+02 76 2 2 3.950e+01 4.450e+01 46 2 3 9.474e+01 1.153e+02 190 2 3 1.853e+02 1.927e+02 68 2 2 2.001e+02 2.199e+02 183 2 1 1.159e+01 3.041e+01 175 2 4 1.092e+02 1.428e+02 311 2 1 1.751e+02 2.029e+02 259 2 4 3.461e+01 4.939e+01 137 2 4 6.867e+01 9.933e+01 285 2 4 1.516e+02 1.844e+02 304 2 3 5.207e+01 7.393e+01 203 2 3 8.496e+01 1.250e+02 372 2 2 2.443e+01 5.957e+01 326
39494 0
39496 10 0 3 6.079e+02 6.101e+02 20 0 4 3.765e+02 3.795e+02 27 0 4 6.121e+02 6.479e+02 332 0 2 6.588e+02 6.852e+02 245 0 4 6.568e+02 6.872e+02 282 1 1 6.030e+02 6.150e+02 110 1 3 6.011e+02 6.169e+02 146 1 2 6.191e+02 6.409e+02 203 2 4 2.494e+02 2.546e+02 49 2 4 2.351e+02 2.689e+02 315
39498 6 2 1 5.997e+01 6.603e+01 56 2 3 6.051e+01 6.549e+01 46 2 1 7.108e+00 3.489e+01 258 2 2 6.481e+01 1.032e+02 356 2 4 2.488e+01 5.912e+01 318 3 1 2.039e+01 2.161e+01 11
39499 0
39505 0
39506 41 0 4 5.023e+02 5.057e+02 31 0 3 5.420e+02 5.920e+02 465 1 3 6.013e+02 6.167e+02 144 1 2 5.750e+02 6.010e+02 241 1 1 5.955e+02 6.225e+02 251 1 1 5.477e+02 5.863e+02 358 2 2 3.879e+01 4.521e+01 60 2 3 1.017e+02 1.083e+02 61 2 1 1.467e+02 1.473e+02 5 2 3 3.967e+02 4.013e+02 42 2 4 2.506e+02 2.534e+02 26 2 4 5.022e+02 5.058e+02 34 2 3 2.730e+02 2.730e+02 -6 2 2 4.097e+02 4.303e+02 190 2 3 3.545e+02 3.595e+02 46 2 4 4.570e+02 4.670e+02 93 2 3 5.840e+01 6.760e+01 86 2 1 3.830e+02 4.150e+02 298 2 4 1.203e+02 1.317e+02 106 2 4 4.448e+02 4.792e+02 320 2 4 1.643e+02 1.717e+02 69 2 4 4.005e+02 4.395e+02 361 2 4 2.926e+02 2.954e+02 26 2 2 3.222e+02 3.498e+02 257 2 1 1.976e+01 2.224e+01 23 2 1 1.832e+02 1.948e+02 108 2 3 2.170e+02 2.450e+02 260 2 3 3.126e+02 3.174e+02 44 2 3 1.451e+01 2.749e+01 120 2 2 1.080e+02 1.440e+02 335 2 3 1.404e+02 1.536e+02 122 2 2 2.835e+02 3.045e+02 195 2 4 3.322e+01 5.078e+01 163 2 2 6.652e+01 1.015e+02 325 2 2 1.643e+02 1.717e+02 68 2 1 3.023e+02 3.277e+02 236 2 1 5.135e+01 7.465e+01 216 2 3 1.339e+02 1.601e+02 244 2 1 2.534e+02 2.926e+02 364 2 4 2.515e+01 5.885e+01 313 2 3 1.704e+02 2.076e+02 345
39509 10 0 3 5.969e+02 6.211e+02 224 0 1 5.951e+02 6.229e+02 258 1 4 6.157e+02 6.443e+02 266 1 3 5.944e+02 6.236e+02 270 2 2 5.860e+02 5.900e+02 38 2 4 1.118e+02 1.402e+02 264 2 4 5.274e+02 5.646e+02 346 2 1 1.364e+02 1.576e+02 196 2 3 1.272e+02 1.668e+02 367 2 2 1.008e+02 1.512e+02 469
39510 6 0 1 6.439e+02 6.581e+02 131 0 1 4.403e+02 4.417e+02 12 0 2 6.242e+02 6.358e+02 107 0 3 6.475e+02 6.545e+02 65 0 4 4.492e+02 4.748e+02 237 0 4 6.206e+02 6.394e+02 174
39511 5 0 1 6.482e+02 6.538e+02 52 0 3 6.036e+02 6.144e+02 100 0 3 6.473e+02 6.547e+02 69 0 2 6.584e+02 6.856e+02 252 0 4 6.575e+02 6.865e+02 270
