53847 10 0 1 4.825e+02 4.835e+02 9 0 2 6.685e+02 6.755e+02 66 0 3 4.721e+02 4.939e+02 203 0 1 5.967e+02 6.213e+02 228 0 4 6.595e+02 6.845e+02 231 2 1 2.017e+01 2.183e+01 16 2 4 1.637e+02 1.723e+02 80 2 4 2.072e+02 2.128e+02 51 2 3 8.410e+00 3.359e+01 234 2 4 2.322e+01 6.078e+01 349
53848 5 0 2 5.278e+02 5.642e+02 337 2 3 6.104e+01 6.496e+01 36 2 2 7.069e+01 9.731e+01 247 2 1 4.861e+01 7.739e+01 267 2 4 2.304e+01 6.096e+01 352
53849 0
53850 0
53851 34 0 1 6.079e+02 6.101e+02 20 0 3 6.509e+02 6.511e+02 2 0 2 6.283e+02 6.317e+02 31 0 1 6.491e+02 6.529e+02 36 0 4 6.299e+02 6.301e+02 1 0 4 6.629e+02 6.811e+02 170 0 3 6.048e+02 6.132e+02 77 0 4 6.206e+02 6.394e+02 174 0 2 6.134e+02 6.466e+02 308 1 2 5.388e+02 5.532e+02 134 1 1 6.065e+02 6.115e+02 46 1 3 5.630e+02 5.710e+02 75 1 3 6.026e+02 6.154e+02 119 1 2 5.768e+02 5.992e+02 208 1 4 6.240e+02 6.360e+02 111 2 1 1.462e+02 1.478e+02 15 2 1 2.310e+02 2.310e+02 -4 2 2 2.901e+02 2.979e+02 72 2 2 1.168e+02 1.352e+02 171 2 2 1.613e+02 1.747e+02 124 2 3 2.290e+02 2.330e+02 36 2 3 3.116e+02 3.184e+02 64 2 4 1.189e+02 1.331e+02 132 2 4 1.607e+02 1.753e+02 135 2 2 1.990e+02 2.210e+02 205 2 4 2.760e+02 3.120e+02 334 2 4 1.093e+02 1.427e+02 310 2 3 1.395e+02 1.545e+02 140 2 4 6.445e+01 1.035e+02 363 2 4 1.546e+02 1.814e+02 249 2 3 8.590e+01 1.241e+02 355 2 3 1.775e+02 2.005e+02 214 2 1 1.328e+02 1.612e+02 264 2 3 1.276e+02 1.664e+02 360
53852 1 2 2 8.160e+01 8.640e+01 45
53853 18 0 3 6.481e+02 6.539e+02 53 0 4 6.106e+02 6.494e+02 360 0 2 6.651e+02 6.789e+02 128 0 4 6.708e+02 6.732e+02 22 0 1 6.417e+02 6.603e+02 172 0 3 6.316e+02 6.704e+02 360 2 4 1.669e+02 1.691e+02 20 2 1 3.148e+02 3.152e+02 4 2 3 1.406e+01 2.794e+01 129 2 1 1.885e+02 1.895e+02 10 2 2 2.073e+02 2.127e+02 50 2 3 3.134e+02 3.166e+02 29 2 2 3.244e+02 3.476e+02 215 2 3 1.835e+02 1.945e+02 103 2 1 2.203e+02 2.417e+02 199 2 4 2.784e+02 3.096e+02 290 2 3 1.751e+02 2.029e+02 259 2 2 1.550e+02 1.810e+02 242
53854 8 2 4 5.384e+02 5.536e+02 141 2 1 4.357e+02 4.463e+02 98 2 4 1.222e+02 1.298e+02 71 2 4 4.994e+02 5.086e+02 85 2 2 7.487e+01 9.313e+01 170 2 2 4.917e+02 5.163e+02 229 2 3 5.085e+02 5.415e+02 306 2 3 4.644e+02 5.016e+02 345
53855 1 0 4 3.221e+02 3.499e+02 258
53856 0
53857 7 0 2 1.629e+02 1.731e+02 95 0 2 1.101e+02 1.419e+02 296 2 2 8.321e+01 8.479e+01 15 2 3 1.028e+02 1.072e+02 41 2 3 4.736e+01 7.864e+01 290 2 2 1.126e+02 1.394e+02 249 2 4 7.226e+01 9.574e+01 218
53858 0
53859 1 0 4 6.695e+02 6.745e+02 46
53860 5 0 4 6.685e+02 6.755e+02 65 0 1 6.394e+02 6.626e+02 216 0 3 6.355e+02 6.665e+02 288 2 3 6.064e+01 6.536e+01 44 2 4 2.954e+01 5.446e+01 231
53861 4 0 3 6.041e+02 6.139e+02 91 0 1 6.017e+02 6.163e+02 136 0 2 6.578e+02 6.862e+02 263 0 4 6.557e+02 6.883e+02 303
53862 3 2 3 6.163e+01 6.437e+01 26 2 2 7.863e+01 8.937e+01 100 2 4 2.479e+01 5.921e+01 320
53863 14 0 4 6.300e+02 6.300e+02 -21 0 3 2.727e+02 2.733e+02 6 0 4 2.833e+02 3.047e+02 198 0 3 6.487e+02 6.533e+02 43 0 4 6.656e+02 6.784e+02 118 0 2 6.563e+02 6.877e+02 291 1 3 2.688e+02 2.772e+02 79 1 4 5.019e+02 5.061e+02 39 1 3 2.985e+02 3.315e+02 306 2 3 1.013e+02 1.087e+02 70 2 1 1.454e+02 1.486e+02 30 2 4 7.047e+01 9.753e+01 251 2 4 2.793e+02 3.087e+02 274 2 2 6.499e+01 1.030e+02 353
53864 10 0 2 6.652e+02 6.788e+02 126 0 4 6.649e+02 6.791e+02 131 0 2 6.546e+02 6.894e+02 323 0 4 6.519e+02 6.921e+02 373 1 4 2.474e+02 2.566e+02 86 1 2 6.263e+02 6.337e+02 69 1 1 2.194e+02 2.426e+02 216 1 4 6.262e+02 6.338e+02 70 1 2 2.415e+02 2.625e+02 195 1 3 2.105e+02 2.515e+02 380
53865 0
53866 0
53867 29 2 4 3.356e+02 3.364e+02 7 2 3 1.447e+02 1.493e+02 42 2 2 2.501e+02 2.539e+02 36 2 4 2.924e+02 2.956e+02 30 2 4 4.136e+02 4.264e+02 119 2 1 3.539e+02 3.601e+02 57 2 2 4.481e+02 4.759e+02 258 2 1 6.221e+01 6.379e+01 15 2 3 4.284e+02 4.536e+02 234 2 3 9.887e+01 1.111e+02 114 2 3 3.884e+02 4.096e+02 196 2 4 2.065e+02 2.135e+02 66 2 1 2.640e+02 2.820e+02 167 2 4 3.751e+02 3.809e+02 53 2 3 1.370e+01 2.830e+01 136 2 4 1.125e+02 1.395e+02 250 2 4 1.520e+02 1.840e+02 297 2 3 2.216e+02 2.404e+02 174 2 2 2.893e+02 2.987e+02 88 2 3 3.441e+02 3.699e+02 240 2 2 3.484e+01 4.916e+01 133 2 3 2.558e+02 2.902e+02 319 2 2 3.241e+02 3.479e+02 221 2 4 3.412e+01 4.988e+01 146 2 1 3.399e+02 3.741e+02 318 2 3 5.490e+01 7.110e+01 150 2 2 3.604e+02 3.956e+02 326 2 2 2.694e+01 5.706e+01 280 2 1 4.314e+01 8.286e+01 369
53868 1 2 3 6.256e+02 6.764e+02 472
53869 4 0 3 6.292e+02 6.728e+02 406 0 1 6.275e+02 6.745e+02 436 2 1 1.783e+01 2.417e+01 59 2 3 6.748e+00 3.525e+01 265
53870 7 0 2 6.081e+02 6.519e+02 406 0 2 3.624e+02 3.936e+02 290 0 1 6.305e+02 6.715e+02 381 0 4 6.120e+02 6.480e+02 335 0 4 3.581e+02 3.979e+02 370 1 4 5.267e+02 5.653e+02 359 2 4 2.578e+01 5.822e+01 301
53871 0
53872 3 0 2 3.747e+02 3.813e+02 62 0 4 3.734e+02 3.826e+02 86 0 1 3.436e+02 3.704e+02 250
53873 8 0 4 5.831e+02 5.929e+02 91 0 3 6.054e+02 6.126e+02 67 0 2 2.856e+02 3.024e+02 156 0 1 5.995e+02 6.185e+02 177 0 3 5.957e+02 6.223e+02 246 0 2 6.205e+02 6.395e+02 176 0 4 6.176e+02 6.424e+02 230 2 3 4.684e+02 4.976e+02 270
53874 0
53875 6 0 4 1.619e+02 1.741e+02 114 2 3 3.990e+02 3.990e+02 -15 2 2 4.200e+02 4.200e+02 -15 2 1 4.396e+02 4.424e+02 26 2 4 4.089e+02 4.311e+02 206 2 1 4.266e+02 4.554e+02 267
53876 4 0 3 4.320e+02 4.500e+02 167 0 4 5.807e+02 5.953e+02 136 0 2 4.439e+02 4.801e+02 336 0 4 4.037e+02 4.363e+02 303
53877 0
53878 10 0 1 6.506e+02 6.514e+02 7 0 3 6.485e+02 6.535e+02 46 0 2 6.673e+02 6.767e+02 87 0 4 6.558e+02 6.882e+02 300 2 3 1.042e+02 1.058e+02 16 2 3 6.074e+02 6.106e+02 30 2 4 2.685e+01 5.715e+01 281 2 3 6.441e+02 6.579e+02 129 2 3 6.349e+02 6.671e+02 299 2 4 6.550e+02 6.890e+02 316
53879 2 0 2 6.627e+02 6.813e+02 173 0 4 6.594e+02 6.846e+02 235
53880 1 2 3 9.815e+01 1.118e+02 127
53881 0
53882 17 0 3 3.950e+02 4.030e+02 75 0 2 3.758e+02 3.802e+02 40 0 4 4.188e+02 4.212e+02 22 2 2 4.179e+01 4.221e+01 4 2 1 2.298e+02 2.322e+02 23 2 4 6.702e+02 6.738e+02 33 2 4 3.793e+01 4.607e+01 76 2 2 1.235e+02 1.285e+02 46 2 1 1.437e+02 1.503e+02 62 2 4 2.475e+02 2.565e+02 84 2 1 2.193e+02 2.427e+02 218 2 3 2.555e+02 2.905e+02 325 2 1 4.574e+01 8.026e+01 320 2 2 2.321e+02 2.719e+02 370 2 1 3.833e+00 3.817e+01 319 2 2 1.924e+02 2.276e+02 326 2 3 2.665e+00 3.933e+01 340
53883 61 0 3 2.701e+02 2.759e+02 55 0 1 4.825e+02 4.835e+02 9 0 2 3.738e+02 3.822e+02 78 0 2 6.282e+02 6.318e+02 34 0 2 2.361e+02 2.679e+02 295 0 2 6.720e+02 6.720e+02 -20 0 2 2.910e+02 2.970e+02 56 0 4 4.200e+02 4.200e+02 -16 0 4 3.207e+02 3.513e+02 284 0 2 5.020e+02 5.060e+02 37 0 4 2.890e+02 2.990e+02 93 0 4 6.261e+02 6.339e+02 72 0 4 3.647e+02 3.913e+02 246 0 4 6.720e+02 6.720e+02 -9 0 1 2.628e+02 2.832e+02 189 0 1 4.408e+02 4.412e+02 3 0 1 2.970e+02 3.330e+02 334 0 4 5.040e+02 5.040e+02 -3 0 3 6.002e+02 6.178e+02 163 0 1 6.475e+02 6.545e+02 65 0 3 4.406e+02 4.414e+02 8 0 4 4.610e+02 4.630e+02 19 0 1 5.076e+02 5.424e+02 324 0 3 5.938e+02 6.242e+02 283 0 3 6.498e+02 6.522e+02 21 0 3 3.920e+02 4.060e+02 130 0 2 4.521e+02 4.719e+02 184 0 2 6.169e+02 6.431e+02 244 0 1 6.372e+02 6.648e+02 256 0 1 3.855e+02 4.125e+02 251 0 3 4.662e+02 4.998e+02 311 0 4 6.146e+02 6.454e+02 286 0 3 4.262e+02 4.558e+02 276 0 1 4.660e+02 5.000e+02 316 0 4 5.706e+02 6.054e+02 323 1 3 3.978e+02 4.002e+02 23 1 2 6.300e+02 6.300e+02 -20 1 3 4.387e+02 4.433e+02 42 1 4 5.793e+02 5.967e+02 162 1 4 4.560e+02 4.680e+02 111 1 1 6.083e+02 6.097e+02 13 1 4 5.712e+02 6.048e+02 311 1 3 5.963e+02 6.217e+02 236 1 1 5.919e+02 6.261e+02 318 2 4 8.317e+01 8.483e+01 16 2 4 5.040e+02 5.040e+02 -19 2 4 2.940e+02 2.940e+02 -2 2 2 6.720e+02 6.720e+02 -9 2 4 4.193e+02 4.207e+02 13 2 2 7.536e+01 9.264e+01 160 2 3 6.390e+02 6.630e+02 222 2 3 3.092e+02 3.208e+02 107 2 4 6.615e+02 6.825e+02 195 2 2 3.254e+02 3.466e+02 196 2 4 2.905e+01 5.495e+01 240 2 3 9.236e+01 1.176e+02 235 2 1 3.445e+02 3.695e+02 232 2 1 4.637e+00 3.736e+01 304 2 4 3.616e+02 3.944e+02 305 3 1 3.560e+02 3.580e+02 18 3 3 3.458e+02 3.682e+02 209
53884 6 2 3 2.725e+02 2.735e+02 9 2 4 7.455e+01 9.345e+01 176 2 4 2.413e+02 2.627e+02 200 2 2 2.908e+02 2.972e+02 59 2 3 1.002e+02 1.098e+02 90 2 2 6.535e+01 1.026e+02 346
