40719 0
40720 5 0 3 3.917e+02 4.063e+02 135 0 4 8.016e+01 8.784e+01 71 0 1 1.828e+02 1.952e+02 116 0 3 5.050e+01 7.550e+01 232 0 3 3.808e+02 4.172e+02 339
40721 43 0 2 6.685e+02 6.755e+02 65 0 4 6.714e+02 6.726e+02 11 0 1 6.380e+02 6.640e+02 242 0 3 6.328e+02 6.692e+02 339 1 4 5.868e+02 5.892e+02 22 1 2 6.240e+02 6.360e+02 111 1 3 5.566e+02 5.774e+02 194 1 4 6.224e+02 6.376e+02 141 1 3 5.947e+02 6.233e+02 265 2 4 3.350e+02 3.370e+02 19 2 3 3.990e+02 3.990e+02 -10 2 3 1.470e+02 1.470e+02 -4 2 1 6.499e+02 6.521e+02 20 2 4 3.734e+02 3.826e+02 86 2 2 4.135e+02 4.265e+02 120 2 4 3.991e+01 4.409e+01 39 2 2 6.198e+02 6.402e+02 189 2 4 1.260e+02 1.260e+02 -10 2 4 6.212e+02 6.388e+02 164 2 2 1.661e+02 1.699e+02 36 2 4 6.589e+02 6.851e+02 244 2 2 2.899e+02 2.981e+02 76 2 3 5.903e+02 6.277e+02 348 2 3 3.468e+02 3.672e+02 190 2 3 6.324e+02 6.696e+02 345 2 1 6.127e+01 6.473e+01 32 2 2 8.227e+01 8.573e+01 32 2 4 1.589e+02 1.771e+02 169 2 4 2.861e+02 3.019e+02 146 2 2 3.263e+02 3.457e+02 180 2 1 5.561e+01 7.039e+01 137 2 4 7.558e+01 9.242e+01 156 2 3 1.797e+02 1.983e+02 172 2 1 3.073e+02 3.227e+02 144 2 1 3.426e+02 3.714e+02 267 2 3 5.481e+01 7.119e+01 152 2 3 9.784e+01 1.122e+02 133 2 1 1.390e+02 1.550e+02 149 2 3 2.550e+02 2.910e+02 334 2 2 2.559e+01 5.841e+01 305 2 4 1.119e+02 1.401e+02 261 2 1 1.755e+02 2.025e+02 250 2 3 4.700e+01 7.900e+01 297
40722 0
40724 14 0 2 1.219e+02 1.301e+02 76 0 4 6.695e+02 6.745e+02 46 0 1 6.453e+02 6.567e+02 106 0 3 5.477e+02 5.863e+02 358 0 3 6.376e+02 6.644e+02 249 0 2 6.534e+02 6.906e+02 346 0 4 6.530e+02 6.910e+02 353 2 4 8.132e+01 8.668e+01 50 2 2 2.050e+02 2.150e+02 92 2 2 6.912e+01 9.888e+01 276 2 3 1.794e+02 1.986e+02 179 2 4 1.957e+02 2.243e+02 265 2 3 9.034e+01 1.197e+02 272 2 1 1.693e+02 2.087e+02 366
40725 20 0 1 6.072e+02 6.108e+02 34 0 4 6.289e+02 6.311e+02 20 0 3 5.965e+02 6.215e+02 232 0 2 6.547e+02 6.893e+02 321 0 2 6.165e+02 6.435e+02 250 1 4 5.335e+02 5.585e+02 233 2 4 5.878e+02 5.882e+02 4 2 4 3.883e+01 4.517e+01 59 2 3 6.076e+02 6.104e+02 26 2 1 6.149e+01 6.451e+01 28 2 3 6.440e+02 6.580e+02 130 2 2 5.873e+02 5.887e+02 12 2 2 3.345e+01 5.055e+01 159 2 3 5.488e+02 5.852e+02 338 2 3 5.153e+01 7.447e+01 213 2 4 5.752e+02 6.008e+02 237 2 3 6.328e+02 6.692e+02 339 2 2 6.157e+02 6.443e+02 266 2 3 5.895e+02 6.285e+02 362 3 1 5.580e+02 5.760e+02 167
40727 3 0 1 5.552e+02 5.788e+02 219 0 3 6.006e+02 6.174e+02 156 0 3 4.661e+02 4.999e+02 313
40730 15 0 1 6.490e+02 6.530e+02 38 0 2 5.038e+02 5.042e+02 4 0 4 5.864e+02 5.896e+02 29 0 1 4.317e+02 4.503e+02 173 0 4 5.014e+02 5.066e+02 48 0 3 5.154e+02 5.346e+02 179 0 2 6.543e+02 6.897e+02 328 0 1 4.781e+02 4.879e+02 91 0 3 5.073e+02 5.427e+02 328 0 4 4.915e+02 5.165e+02 233 0 2 4.892e+02 5.188e+02 275 2 2 4.000e+01 4.400e+01 37 2 4 3.502e+01 4.898e+01 130 2 3 8.767e+00 3.323e+01 227 2 1 4.863e+00 3.714e+01 300
40731 4 0 2 6.719e+02 6.721e+02 2 0 4 6.720e+02 6.720e+02 -3 2 2 2.854e+02 3.026e+02 160 3 4 4.538e+02 4.702e+02 153
40732 0
40733 18 0 1 3.910e+02 4.070e+02 148 0 2 6.640e+02 6.800e+02 149 0 2 4.471e+02 4.769e+02 276 0 1 4.238e+02 4.582e+02 319 0 3 4.595e+02 5.065e+02 437 1 1 1.020e+02 1.080e+02 56 2 3 9.510e+01 1.149e+02 184 2 3 1.406e+02 1.534e+02 120 2 1 1.204e+01 2.996e+01 166 2 4 1.202e+02 1.318e+02 107 2 1 1.388e+02 1.552e+02 153 2 1 3.009e+02 3.291e+02 261 2 3 1.050e+00 4.095e+01 370 2 2 1.104e+02 1.416e+02 290 2 2 1.535e+02 1.825e+02 270 2 3 2.995e+02 3.305e+02 288 2 4 1.506e+02 1.854e+02 324 2 4 2.723e+02 3.157e+02 402
40734 5 0 2 6.651e+02 6.789e+02 128 2 4 5.460e+02 5.460e+02 -1 2 2 5.856e+02 5.904e+02 45 2 3 5.619e+02 5.721e+02 96 2 2 5.736e+02 6.024e+02 268
40735 0
40736 0
40738 3 1 3 6.052e+02 6.128e+02 71 1 1 5.530e+02 5.810e+02 260 1 2 5.752e+02 6.008e+02 237
40739 4 0 4 5.813e+02 5.947e+02 124 0 1 5.476e+02 5.864e+02 360 0 3 5.939e+02 6.241e+02 280 2 4 3.318e+01 5.082e+01 164
40740 27 0 1 6.494e+02 6.526e+02 30 0 3 4.762e+02 4.898e+02 127 0 1 5.237e+02 5.263e+02 25 0 4 3.217e+02 3.503e+02 265 0 2 6.274e+02 6.326e+02 48 0 2 4.536e+02 4.704e+02 156 0 3 5.250e+02 5.250e+02 -2 0 3 6.441e+02 6.579e+02 129 0 1 4.708e+02 4.952e+02 227 0 2 6.112e+02 6.488e+02 350 0 2 6.584e+02 6.856e+02 253 0 4 4.444e+02 4.796e+02 326 0 4 6.607e+02 6.833e+02 210 0 1 6.342e+02 6.678e+02 311 0 3 6.363e+02 6.657e+02 272 1 2 6.245e+02 6.355e+02 102 1 1 6.000e+02 6.180e+02 166 1 1 5.881e+02 6.299e+02 389 2 3 2.727e+02 2.733e+02 6 2 4 3.663e+01 4.737e+01 100 2 2 2.940e+02 2.940e+02 -10 2 3 5.988e+01 6.612e+01 58 2 3 3.141e+02 3.159e+02 16 2 3 9.978e+00 3.202e+01 205 2 4 2.753e+02 3.127e+02 346 2 2 3.538e+01 4.862e+01 123 2 1 5.252e+01 7.348e+01 195
40741 0
40742 8 0 2 6.630e+02 6.810e+02 166 0 4 6.618e+02 6.822e+02 190 2 4 8.276e+01 8.524e+01 23 2 2 2.484e+02 2.556e+02 66 2 3 1.022e+02 1.078e+02 52 2 3 2.207e+02 2.413e+02 191 2 2 1.152e+02 1.368e+02 200 2 4 2.391e+02 2.649e+02 240
40745 31 1 4 6.173e+02 6.427e+02 236 1 1 5.492e+02 5.848e+02 330 2 4 3.333e+02 3.387e+02 50 2 2 5.870e+02 5.890e+02 19 2 3 2.297e+02 2.323e+02 24 2 4 4.117e+01 4.283e+01 16 2 2 4.105e+02 4.295e+02 176 2 2 1.211e+02 1.309e+02 91 2 1 6.054e+02 6.126e+02 66 2 4 1.996e+02 2.204e+02 194 2 3 2.642e+02 2.818e+02 163 2 1 3.494e+02 3.646e+02 141 2 4 4.115e+02 4.285e+02 158 2 1 1.335e+01 2.865e+01 142 2 3 6.058e+02 6.122e+02 59 2 3 9.802e+01 1.120e+02 130 2 3 2.223e+02 2.397e+02 162 2 1 4.281e+02 4.539e+02 240 2 4 2.851e+02 3.029e+02 166 2 4 5.814e+02 5.946e+02 123 2 3 3.463e+02 3.677e+02 199 2 3 4.300e+02 4.520e+02 204 2 3 1.335e+01 2.865e+01 142 2 4 1.068e+02 1.452e+02 357 2 2 2.444e+02 2.596e+02 141 2 3 3.021e+02 3.279e+02 240 3 2 4.031e+01 4.369e+01 31 3 2 8.056e+01 8.744e+01 64 3 1 1.160e+01 3.040e+01 175 3 2 2.869e+01 5.531e+01 247 3 3 4.673e+01 7.927e+01 302
40747 18 0 4 5.027e+02 5.053e+02 25 0 2 6.268e+02 6.332e+02 59 0 2 4.971e+02 5.109e+02 128 0 4 6.250e+02 6.350e+02 93 0 1 6.319e+02 6.701e+02 355 0 1 4.747e+02 4.913e+02 154 0 3 6.345e+02 6.675e+02 307 2 4 8.258e+01 8.542e+01 26 2 1 5.943e+01 6.657e+01 66 2 2 7.899e+01 8.901e+01 93 2 1 1.402e+02 1.538e+02 126 2 3 6.176e+01 6.424e+01 23 2 3 8.815e+01 1.219e+02 313 2 3 1.429e+02 1.511e+02 76 2 4 2.272e+01 6.128e+01 358 2 2 6.445e+01 1.035e+02 363 2 2 1.531e+02 1.829e+02 277 2 1 1.949e+00 4.005e+01 354
40748 7 0 2 6.179e+02 6.421e+02 225 0 3 6.442e+02 6.578e+02 126 0 4 6.155e+02 6.445e+02 269 1 1 3.544e+02 3.596e+02 48 2 4 8.195e+01 8.605e+01 38 2 3 9.591e+01 1.141e+02 169 2 2 6.562e+01 1.024e+02 341
40750 3 0 1 5.616e+02 5.724e+02 100 0 4 5.848e+02 5.912e+02 59 0 3 5.513e+02 5.827e+02 292
40752 13 2 4 2.513e+02 2.527e+02 12 2 1 3.140e+02 3.160e+02 18 2 1 1.436e+02 1.504e+02 63 2 2 2.487e+02 2.553e+02 62 2 3 1.452e+02 1.488e+02 33 2 2 2.843e+02 3.037e+02 180 2 2 1.651e+02 1.709e+02 54 2 4 1.652e+02 1.708e+02 52 2 1 1.820e+02 1.960e+02 130 2 4 1.546e+02 1.814e+02 248 3 3 1.729e+01 2.471e+01 69 3 1 9.127e+00 3.287e+01 220 3 2 2.968e+01 5.432e+01 229
40753 0
40756 0
40757 0
40758 8 2 4 4.620e+02 4.620e+02 -0 2 2 5.003e+02 5.077e+02 68 2 3 5.978e+02 6.202e+02 208 2 1 4.308e+02 4.512e+02 190 2 4 5.031e+02 5.049e+02 17 2 3 5.071e+02 5.429e+02 332 2 2 4.590e+02 4.650e+02 56 2 1 5.049e+02 5.451e+02 374
40760 2 0 2 6.507e+02 6.933e+02 395 0 4 6.485e+02 6.955e+02 436
