57343 13 0 4 6.161e+02 6.439e+02 258 0 2 6.089e+02 6.511e+02 392 0 3 6.406e+02 6.614e+02 193 0 2 5.225e+02 5.695e+02 437 0 2 3.550e+02 4.010e+02 427 0 4 6.070e+02 6.530e+02 428 0 4 5.614e+02 6.146e+02 494 2 1 3.961e+02 4.019e+02 53 2 2 2.070e+02 2.130e+02 56 2 1 4.731e+02 4.929e+02 183 2 2 2.378e+02 2.662e+02 264 2 3 -9.692e-01 4.297e+01 408 2 2 4.825e+02 5.255e+02 399
57344 6 0 4 6.474e+02 6.966e+02 456 1 1 4.290e+02 4.530e+02 222 2 1 5.961e+01 6.639e+01 63 2 3 1.963e+01 2.237e+01 26 2 2 3.560e+01 4.840e+01 119 2 4 1.100e+02 1.420e+02 298
57345 0
57346 2 3 1 5.665e+01 6.935e+01 118 3 1 3.382e+00 3.862e+01 327
57347 0
57348 0
57349 12 0 3 4.380e+02 4.440e+02 56 0 4 7.976e+01 8.824e+01 79 0 3 6.076e+02 6.104e+02 26 0 4 6.640e+02 6.800e+02 148 0 4 4.477e+02 4.763e+02 266 0 1 5.948e+02 6.232e+02 264 0 2 6.152e+02 6.448e+02 276 0 4 6.095e+02 6.505e+02 380 2 4 4.992e+02 5.088e+02 90 2 1 5.191e+02 5.309e+02 110 2 3 5.150e+02 5.350e+02 186 2 2 4.879e+02 5.201e+02 300
57350 12 2 3 2.241e+02 2.379e+02 129 2 1 2.220e+02 2.400e+02 168 2 2 2.402e+02 2.638e+02 220 2 4 2.381e+02 2.659e+02 259 3 4 8.400e+01 8.400e+01 -0 3 1 1.046e+02 1.054e+02 7 3 1 1.326e+01 2.874e+01 144 3 3 1.012e+02 1.088e+02 71 3 3 1.743e+01 2.457e+01 66 3 3 1.430e+02 1.510e+02 74 3 2 7.006e+01 9.794e+01 259 3 3 1.296e+02 1.644e+02 324
57351 0
57352 5 2 3 6.084e+02 6.096e+02 11 2 3 5.926e+02 6.254e+02 305 2 4 5.698e+02 6.062e+02 338 3 1 4.723e+02 4.937e+02 199 3 4 4.473e+02 4.767e+02 272
57353 5 0 3 2.296e+02 2.324e+02 26 0 4 2.058e+02 2.142e+02 77 2 3 1.029e+02 1.071e+02 39 2 4 6.755e+01 1.005e+02 306 2 2 1.125e+02 1.395e+02 250
57354 7 0 1 3.147e+02 3.153e+02 5 0 3 4.756e+02 4.904e+02 137 0 2 6.654e+02 6.786e+02 123 0 4 4.932e+02 5.148e+02 200 0 4 6.633e+02 6.807e+02 161 0 2 4.859e+02 5.221e+02 336 0 2 6.544e+02 6.896e+02 327
57355 0
57356 0
57358 5 0 2 6.560e+02 6.880e+02 296 2 1 6.087e+01 6.513e+01 40 2 4 3.883e+01 4.517e+01 59 2 2 2.981e+01 5.419e+01 226 2 3 4.606e+01 7.994e+01 315
57359 11 0 4 1.656e+02 1.704e+02 45 2 3 3.975e+02 4.005e+02 27 2 3 1.613e+01 2.587e+01 90 2 3 4.358e+02 4.462e+02 96 2 4 3.644e+02 3.916e+02 252 2 1 3.900e+02 4.080e+02 166 2 1 6.478e+00 3.552e+01 270 2 3 1.354e+02 1.586e+02 215 2 4 4.090e+02 4.310e+02 205 2 1 4.277e+02 4.543e+02 246 2 2 4.056e+02 4.344e+02 268
57360 5 0 3 6.073e+02 6.107e+02 32 0 2 6.159e+02 6.441e+02 261 2 4 3.334e+02 3.386e+02 49 2 4 2.918e+02 2.962e+02 40 2 4 3.623e+02 3.937e+02 291
57361 20 0 1 6.489e+02 6.531e+02 39 0 1 6.045e+02 6.135e+02 83 0 4 6.667e+02 6.773e+02 99 0 1 5.976e+02 6.204e+02 211 0 3 6.428e+02 6.592e+02 153 0 2 6.598e+02 6.842e+02 227 0 4 6.591e+02 6.849e+02 240 2 1 6.300e+01 6.300e+01 -14 2 2 1.643e+02 1.717e+02 68 2 2 2.920e+02 2.960e+02 37 2 1 1.918e+01 2.282e+01 34 2 3 1.402e+02 1.538e+02 127 2 1 3.116e+02 3.184e+02 63 2 3 1.792e+01 2.408e+01 57 2 1 1.765e+02 2.015e+02 232 2 4 1.962e+02 2.238e+02 256 2 4 2.832e+02 3.048e+02 200 2 2 3.829e+01 4.571e+01 69 2 4 1.516e+02 1.844e+02 304 2 3 2.595e+02 2.865e+02 251
57362 7 0 2 5.457e+02 5.463e+02 5 0 3 4.394e+02 4.426e+02 29 0 1 3.836e+02 4.144e+02 286 0 4 4.468e+02 4.772e+02 283 0 3 5.607e+02 5.733e+02 117 1 4 6.267e+02 6.333e+02 62 2 1 6.838e+00 3.516e+01 263
57363 0
57364 0
57365 1 0 3 5.554e+02 5.786e+02 215
57366 0
57367 0
57368 13 0 4 5.860e+02 5.900e+02 36 0 3 5.908e+02 6.272e+02 338 1 2 5.880e+02 5.880e+02 -0 1 4 6.267e+02 6.333e+02 60 1 4 5.866e+02 5.894e+02 26 1 3 5.901e+02 6.279e+02 351 2 2 3.991e+01 4.409e+01 39 2 4 4.189e+01 4.211e+01 2 2 1 5.710e+01 6.890e+01 110 2 3 5.223e+00 3.678e+01 293 2 3 4.503e+01 8.097e+01 334 3 1 1.092e+01 3.108e+01 187 3 3 1.079e+01 3.121e+01 190
57369 1 1 3 8.123e+01 1.288e+02 441
57370 21 0 4 6.298e+02 6.302e+02 4 0 2 6.709e+02 6.731e+02 20 0 1 5.209e+02 5.291e+02 76 0 2 6.179e+02 6.421e+02 224 0 4 6.705e+02 6.735e+02 28 0 2 5.340e+02 5.580e+02 223 0 4 6.162e+02 6.438e+02 257 0 1 6.441e+02 6.579e+02 129 0 3 6.448e+02 6.572e+02 115 0 4 6.613e+02 6.827e+02 200 0 1 6.387e+02 6.633e+02 228 1 2 6.184e+02 6.416e+02 216 2 1 2.030e+01 2.170e+01 13 2 2 3.747e+02 3.813e+02 62 2 2 1.249e+02 1.271e+02 20 2 1 1.407e+02 1.533e+02 116 2 4 3.755e+02 3.805e+02 47 2 2 1.139e+02 1.381e+02 226 2 3 1.292e+02 1.648e+02 331 2 4 1.174e+02 1.346e+02 159 3 2 3.205e+02 3.515e+02 287
57372 0
