14821 42 0 4 6.720e+02 6.720e+02 -4 0 2 4.603e+02 4.637e+02 31 0 3 4.683e+02 4.977e+02 274 0 1 4.232e+02 4.588e+02 330 1 4 5.871e+02 5.889e+02 16 2 1 2.721e+02 2.739e+02 17 2 4 4.598e+02 4.642e+02 41 2 2 1.647e+02 1.713e+02 60 2 4 5.861e+02 5.899e+02 35 2 4 2.503e+02 2.537e+02 32 2 3 4.791e+02 4.869e+02 72 2 3 2.726e+02 2.734e+02 8 2 3 6.059e+02 6.121e+02 57 2 2 3.758e+02 3.802e+02 40 2 3 3.845e+02 4.135e+02 269 2 1 6.248e+01 6.352e+01 10 2 2 4.916e+02 5.164e+02 230 2 2 1.208e+02 1.312e+02 96 2 3 1.384e+02 1.556e+02 160 2 1 3.141e+02 3.159e+02 17 2 2 3.327e+02 3.393e+02 61 2 3 6.136e+01 6.464e+01 30 2 4 1.200e+02 1.320e+02 111 2 4 1.503e+02 1.857e+02 329 2 2 2.365e+02 2.675e+02 287 2 2 2.846e+02 3.034e+02 176 2 4 3.266e+02 3.454e+02 175 2 4 3.582e+01 4.818e+01 115 2 2 7.639e+01 9.161e+01 141 2 4 2.881e+02 2.999e+02 110 2 1 3.512e+02 3.628e+02 107 2 2 2.609e+01 5.791e+01 296 2 4 7.792e+01 9.008e+01 113 2 3 2.545e+02 2.915e+02 343 2 3 3.439e+02 3.701e+02 244 2 1 9.986e+01 1.101e+02 96 2 3 2.967e+02 3.333e+02 340 2 2 3.669e+02 3.891e+02 206 2 3 8.500e+01 1.250e+02 371 2 1 2.534e+02 2.926e+02 365 2 4 3.648e+02 3.912e+02 245 2 1 3.381e+02 3.759e+02 351
14822 21 0 1 6.488e+02 6.532e+02 41 0 1 5.244e+02 5.256e+02 10 0 1 6.048e+02 6.132e+02 78 0 3 6.490e+02 6.530e+02 36 0 3 5.187e+02 5.313e+02 116 0 2 6.263e+02 6.337e+02 69 0 2 1.864e+02 2.336e+02 438 0 2 6.573e+02 6.867e+02 274 0 2 5.304e+02 5.616e+02 290 0 1 5.980e+02 6.200e+02 205 0 4 6.570e+02 6.870e+02 278 0 1 5.412e+02 5.928e+02 479 0 4 6.165e+02 6.435e+02 250 0 3 5.453e+02 5.887e+02 403 2 1 1.922e+01 2.278e+01 33 2 4 1.234e+02 1.286e+02 48 2 1 1.433e+02 1.507e+02 68 2 2 2.178e+01 6.222e+01 376 2 2 1.188e+02 1.332e+02 134 2 3 1.290e+02 1.650e+02 335 2 3 6.394e-02 4.194e+01 389
14824 10 0 1 4.290e+02 4.530e+02 222 2 2 8.330e+01 8.470e+01 13 2 2 2.516e+02 2.524e+02 8 2 3 1.039e+01 3.161e+01 197 2 4 8.083e+01 8.717e+01 59 2 1 5.121e+02 5.379e+02 240 2 4 2.387e+02 2.653e+02 246 2 3 4.889e+01 7.711e+01 262 2 3 8.981e+01 1.202e+02 282 2 1 6.838e+00 3.516e+01 263
14825 20 0 1 1.470e+02 1.470e+02 -17 0 2 6.271e+02 6.329e+02 53 0 4 2.507e+02 2.533e+02 25 0 3 6.500e+02 6.520e+02 18 0 2 1.589e+02 1.771e+02 170 0 4 6.290e+02 6.310e+02 19 0 4 1.521e+02 1.839e+02 295 0 1 6.493e+02 6.527e+02 31 0 3 1.724e+02 2.056e+02 308 0 4 5.868e+02 5.892e+02 22 0 2 6.559e+02 6.881e+02 299 0 4 5.746e+02 6.014e+02 248 0 4 6.546e+02 6.894e+02 323 0 1 5.913e+02 6.267e+02 329 0 3 5.897e+02 6.283e+02 359 0 2 6.102e+02 6.498e+02 368 2 1 1.501e+01 2.699e+01 111 2 4 1.574e+02 1.786e+02 196 2 3 1.290e+01 2.910e+01 150 2 3 1.545e+00 4.046e+01 361
14826 5 0 1 5.629e+02 5.711e+02 76 0 2 5.257e+02 5.663e+02 376 3 4 5.033e+02 5.047e+02 13 3 3 5.250e+02 5.250e+02 0 3 4 4.921e+02 5.159e+02 220
14827 13 0 2 3.251e+02 3.469e+02 203 0 4 3.647e+02 3.913e+02 247 0 2 4.967e+02 5.113e+02 136 0 4 6.720e+02 6.720e+02 -2 0 1 3.410e+02 3.730e+02 298 0 1 5.086e+02 5.414e+02 305 1 4 5.778e+02 5.982e+02 190 1 4 6.278e+02 6.322e+02 41 1 1 6.038e+02 6.142e+02 97 1 3 5.947e+02 6.233e+02 266 1 2 6.144e+02 6.456e+02 290 2 1 2.070e+01 2.130e+01 6 2 3 2.097e+01 2.103e+01 0
14828 0
14829 4 0 2 6.707e+02 6.733e+02 24 0 4 6.713e+02 6.727e+02 12 0 1 6.322e+02 6.698e+02 349 0 3 6.307e+02 6.713e+02 376
14832 8 0 2 6.281e+02 6.319e+02 35 0 1 5.627e+02 5.713e+02 80 0 4 6.275e+02 6.325e+02 46 0 2 6.720e+02 6.720e+02 0 0 3 4.387e+02 4.433e+02 43 0 4 6.698e+02 6.742e+02 41 0 2 6.643e+02 6.797e+02 143 2 1 1.222e+01 2.978e+01 163
14835 8 0 3 6.510e+02 6.510e+02 -8 0 1 6.484e+02 6.536e+02 49 0 4 4.115e+02 4.285e+02 157 0 2 6.155e+02 6.445e+02 270 0 2 6.636e+02 6.804e+02 156 0 3 4.307e+02 4.513e+02 190 0 1 4.270e+02 4.550e+02 260 1 2 6.212e+02 6.388e+02 163
14836 0
14840 8 0 4 6.092e+02 6.508e+02 386 1 1 3.430e+02 3.710e+02 260 1 2 5.724e+02 6.036e+02 290 1 3 3.428e+02 3.712e+02 264 1 2 3.669e+02 3.891e+02 206 2 1 1.550e+01 2.650e+01 102 2 3 1.254e+01 2.946e+01 157 2 2 3.376e+01 5.024e+01 153
14843 14 0 2 6.272e+02 6.328e+02 51 0 4 1.638e+02 1.722e+02 78 0 1 5.596e+02 5.744e+02 138 0 2 6.195e+02 6.405e+02 195 0 3 6.442e+02 6.578e+02 126 0 3 5.586e+02 5.754e+02 156 0 4 6.233e+02 6.367e+02 124 0 2 6.559e+02 6.881e+02 300 0 2 5.321e+02 5.599e+02 258 0 4 6.118e+02 6.482e+02 337 2 1 1.541e+01 2.659e+01 104 2 4 7.231e+01 9.569e+01 217 2 3 1.186e+01 3.014e+01 170 2 3 4.821e+01 7.779e+01 275
14844 0
14845 0
14853 2 0 3 5.903e+02 6.277e+02 346 0 4 6.110e+02 6.490e+02 353
14854 10 2 1 2.100e+01 2.100e+01 -3 2 3 2.307e+02 2.313e+02 5 2 3 3.534e+02 3.606e+02 66 2 3 1.545e+01 2.655e+01 103 2 4 2.432e+02 2.608e+02 163 2 4 3.307e+02 3.413e+02 99 2 4 2.039e+02 2.161e+02 114 2 3 2.544e+02 2.916e+02 345 2 1 3.494e+02 3.646e+02 140 2 2 3.600e+02 3.960e+02 334
14859 8 0 4 4.830e+02 5.250e+02 390 0 3 5.028e+02 5.472e+02 412 0 1 5.877e+02 6.303e+02 396 0 3 5.882e+02 6.298e+02 386 1 4 5.682e+02 6.078e+02 368 1 4 6.086e+02 6.514e+02 397 2 3 1.268e+02 1.672e+02 376 2 4 1.489e+02 1.871e+02 356
14867 14 0 2 6.560e+02 6.880e+02 298 0 4 6.568e+02 6.872e+02 282 2 1 3.979e+02 4.001e+02 20 2 2 2.881e+02 2.999e+02 110 2 2 1.226e+02 1.294e+02 64 2 3 3.974e+02 4.006e+02 29 2 4 2.911e+02 2.969e+02 55 2 3 4.346e+02 4.474e+02 118 2 3 2.976e+02 3.324e+02 324 2 2 4.030e+02 4.370e+02 316 2 4 4.029e+02 4.371e+02 317 3 1 6.509e+02 6.511e+02 1 3 2 4.197e+02 4.203e+02 5 3 4 2.335e+02 2.705e+02 344
14873 3 0 1 6.456e+02 6.564e+02 100 0 3 6.415e+02 6.605e+02 176 0 2 6.576e+02 6.864e+02 268
14877 12 0 3 6.297e+01 6.303e+01 0 0 1 6.487e+02 6.533e+02 43 0 3 6.510e+02 6.510e+02 -0 0 2 1.202e+02 1.318e+02 107 0 1 5.161e+02 5.339e+02 165 0 2 6.700e+02 6.740e+02 38 0 2 8.106e+01 8.694e+01 55 0 2 4.907e+02 5.173e+02 247 0 2 6.558e+01 1.024e+02 342 0 3 5.205e+02 5.295e+02 83 0 2 6.549e+02 6.891e+02 317 0 4 4.851e+02 5.229e+02 350
14879 0
14880 33 0 4 6.253e+02 6.347e+02 87 0 1 6.489e+02 6.531e+02 39 0 3 5.647e+02 5.693e+02 42 0 4 5.841e+02 5.919e+02 73 0 3 6.427e+02 6.593e+02 155 0 2 5.326e+02 5.594e+02 249 0 1 6.036e+02 6.144e+02 100 0 2 6.632e+02 6.808e+02 164 0 1 5.459e+02 5.881e+02 392 0 3 5.979e+02 6.201e+02 206 0 4 6.600e+02 6.840e+02 222 0 2 6.222e+02 6.378e+02 146 0 1 6.407e+02 6.613e+02 190 1 3 6.034e+02 6.146e+02 104 1 4 6.114e+02 6.486e+02 346 1 3 5.894e+02 6.286e+02 365 2 1 1.885e+02 1.895e+02 9 2 1 2.679e+02 2.781e+02 95 2 3 5.956e+01 6.644e+01 64 2 3 1.007e+02 1.093e+02 80 2 1 1.454e+02 1.486e+02 29 2 4 2.094e+02 2.106e+02 11 2 4 3.574e+01 4.826e+01 116 2 4 1.182e+02 1.338e+02 146 2 4 1.616e+02 1.744e+02 119 2 3 2.172e+02 2.448e+02 256 2 3 2.626e+02 2.834e+02 194 2 2 7.814e+01 8.986e+01 109 2 3 1.797e+02 1.983e+02 172 2 2 1.928e+02 2.272e+02 319 2 4 2.754e+02 3.126e+02 345 2 4 6.966e+01 9.834e+01 266 2 3 1.380e+02 1.560e+02 168
14888 0
14889 6 0 2 6.168e+02 6.432e+02 246 0 3 6.340e+02 6.680e+02 316 0 4 6.204e+02 6.396e+02 179 0 4 6.533e+02 6.907e+02 348 0 1 5.857e+02 6.323e+02 433 0 2 6.496e+02 6.944e+02 416
14890 7 0 4 5.022e+02 5.058e+02 34 2 2 3.542e+01 4.858e+01 122 2 2 8.119e+01 8.681e+01 52 2 3 5.243e+01 7.357e+01 196 2 4 8.168e+01 8.632e+01 43 2 4 3.291e+01 5.109e+01 169 2 3 8.922e+01 1.208e+02 293
14892 32 0 2 6.295e+02 6.305e+02 10 0 2 5.034e+02 5.046e+02 11 0 1 5.218e+02 5.282e+02 59 0 2 6.213e+02 6.387e+02 161 0 2 6.620e+02 6.820e+02 186 0 4 4.087e+02 4.313e+02 210 0 4 4.985e+02 5.095e+02 101 0 4 6.219e+02 6.381e+02 150 0 3 6.355e+02 6.665e+02 287 0 3 4.285e+02 4.535e+02 232 0 3 4.737e+02 4.923e+02 173 0 4 6.591e+02 6.849e+02 239 0 1 4.659e+02 5.001e+02 317 1 1 4.810e+02 4.850e+02 36 1 4 5.367e+02 5.553e+02 172 1 1 6.014e+02 6.166e+02 141 1 2 6.239e+02 6.361e+02 113 1 4 6.146e+02 6.454e+02 286 2 3 1.039e+02 1.061e+02 20 2 4 1.673e+02 1.687e+02 12 2 2 1.236e+02 1.284e+02 45 2 1 1.887e+02 1.893e+02 6 2 2 2.098e+02 2.102e+02 4 2 4 8.124e+01 8.676e+01 51 2 1 1.415e+02 1.525e+02 101 2 3 2.283e+02 2.337e+02 50 2 3 1.469e+02 1.471e+02 2 2 4 1.980e+02 2.220e+02 222 2 2 1.646e+02 1.714e+02 63 2 2 1.931e+02 2.269e+02 315 2 3 1.773e+02 2.007e+02 217 2 4 1.529e+02 1.831e+02 280
14895 0
14904 2 0 1 6.024e+02 6.156e+02 123 0 4 6.154e+02 6.446e+02 271
