45835 3 0 2 6.054e+02 6.546e+02 457 2 2 1.842e+01 6.558e+01 438 2 4 4.061e+02 4.339e+02 258
45839 10 0 3 4.793e+02 4.867e+02 69 0 4 5.012e+02 5.068e+02 51 0 2 6.637e+02 6.803e+02 155 0 2 4.569e+02 4.671e+02 94 0 4 6.640e+02 6.800e+02 148 0 2 6.540e+02 6.900e+02 335 1 4 6.254e+02 6.346e+02 86 1 4 6.121e+02 6.479e+02 332 2 4 3.331e+02 3.389e+02 54 2 4 3.248e+02 3.472e+02 209
45840 1 2 2 1.441e+02 1.919e+02 445
45842 12 0 2 6.669e+02 6.771e+02 95 0 4 6.668e+02 6.772e+02 96 2 3 6.024e+01 6.576e+01 51 2 4 5.019e+02 5.061e+02 40 2 1 2.244e+02 2.376e+02 123 2 4 4.496e+02 4.744e+02 230 2 4 3.704e+01 4.696e+01 92 2 4 6.120e+02 6.480e+02 335 2 3 5.279e+01 7.321e+01 190 2 3 6.366e+02 6.654e+02 267 2 2 6.583e+02 6.857e+02 254 2 4 6.524e+02 6.916e+02 364
45843 4 0 4 5.034e+02 5.046e+02 10 0 2 4.988e+02 5.092e+02 97 0 1 4.715e+02 4.945e+02 213 0 3 4.646e+02 5.014e+02 342
45846 15 0 3 2.729e+02 2.731e+02 2 0 1 2.699e+02 2.761e+02 58 0 2 2.344e+02 2.696e+02 326 0 4 5.740e+02 6.020e+02 260 0 4 2.764e+02 3.116e+02 327 0 3 5.943e+02 6.237e+02 274 1 2 1.646e+02 1.714e+02 64 1 1 1.767e+02 2.013e+02 229 1 3 1.762e+02 2.018e+02 238 2 3 2.291e+02 2.329e+02 35 2 4 1.639e+02 1.721e+02 76 2 1 2.232e+02 2.388e+02 145 2 4 2.010e+02 2.190e+02 167 2 2 2.354e+02 2.686e+02 309 3 4 1.125e+02 1.395e+02 251
45847 23 1 2 6.284e+02 6.316e+02 29 2 2 4.200e+01 4.200e+01 -18 2 3 1.470e+02 1.470e+02 -6 2 2 3.215e+01 5.185e+01 183 2 4 1.247e+02 1.273e+02 25 2 4 5.018e+02 5.062e+02 41 2 1 1.890e+02 1.890e+02 -24 2 1 5.229e+02 5.271e+02 40 2 2 2.069e+02 2.131e+02 58 2 3 9.352e+00 3.265e+01 216 2 2 4.925e+02 5.155e+02 213 2 2 7.881e+01 8.919e+01 96 2 3 5.102e+02 5.398e+02 276 2 1 1.366e+02 1.574e+02 193 2 3 2.254e+02 2.366e+02 104 2 4 2.910e+01 5.490e+01 240 2 2 1.205e+02 1.315e+02 103 2 3 1.319e+02 1.621e+02 280 2 2 1.936e+02 2.264e+02 304 3 3 2.100e+01 2.100e+01 -0 3 1 1.050e+02 1.050e+02 -6 3 3 6.019e+01 6.581e+01 52 3 2 1.104e+02 1.416e+02 290
45849 24 0 2 6.275e+02 6.325e+02 46 0 4 2.457e+02 2.583e+02 116 0 2 6.674e+02 6.766e+02 86 0 1 2.619e+02 2.841e+02 206 0 4 6.229e+02 6.371e+02 131 0 4 3.671e+02 3.889e+02 203 0 4 6.653e+02 6.787e+02 124 0 2 2.341e+02 2.699e+02 333 0 2 6.131e+02 6.469e+02 315 0 4 3.610e+02 3.950e+02 316 0 1 6.417e+02 6.603e+02 173 0 2 2.762e+02 3.118e+02 331 0 1 5.900e+02 6.280e+02 353 0 3 6.371e+02 6.649e+02 259 2 2 3.839e+01 4.561e+01 67 2 2 2.498e+02 2.542e+02 41 2 3 2.730e+02 2.730e+02 -3 2 4 4.049e+01 4.351e+01 28 2 4 2.504e+02 2.536e+02 29 2 1 2.679e+02 2.781e+02 96 2 4 2.060e+02 2.140e+02 75 2 2 2.801e+02 3.079e+02 259 2 3 4.426e+01 8.174e+01 348 2 3 2.179e+02 2.441e+02 244
45850 3 0 2 3.725e+02 3.835e+02 103 0 1 6.495e+02 6.525e+02 28 0 3 6.473e+02 6.547e+02 68
45851 25 0 3 6.012e+02 6.168e+02 145 0 4 5.739e+02 6.021e+02 261 0 2 6.596e+02 6.844e+02 230 0 3 4.588e+02 5.072e+02 450 0 1 5.982e+02 6.198e+02 200 0 4 6.558e+02 6.882e+02 300 0 4 4.788e+02 5.292e+02 467 0 1 5.827e+02 6.353e+02 488 0 2 6.476e+02 6.964e+02 454 0 4 6.470e+02 6.970e+02 465 0 1 6.283e+02 6.737e+02 421 0 3 6.261e+02 6.759e+02 462 2 1 1.855e+01 2.345e+01 46 2 3 1.832e+01 2.368e+01 50 2 2 4.063e+01 4.337e+01 26 2 3 8.375e+01 1.263e+02 395 2 1 1.690e+02 2.090e+02 372 2 1 3.364e+02 3.776e+02 383 2 4 2.918e+01 5.482e+01 238 2 1 1.279e+02 1.661e+02 356 2 3 3.375e+02 3.765e+02 361 2 3 5.176e+00 3.682e+01 294 2 3 1.222e+02 1.718e+02 460 2 2 3.584e+02 3.976e+02 364 2 3 3.874e+01 8.726e+01 450
45852 5 1 2 2.082e+02 2.118e+02 34 1 1 1.859e+02 1.921e+02 58 1 4 2.044e+02 2.156e+02 105 1 3 2.111e+02 2.509e+02 369 1 1 1.730e+02 2.050e+02 296
45855 9 0 2 6.254e+02 6.346e+02 86 0 4 6.226e+02 6.374e+02 137 0 3 6.358e+02 6.662e+02 282 0 1 6.325e+02 6.695e+02 343 2 4 1.664e+02 1.696e+02 30 2 3 1.442e+02 1.498e+02 51 2 4 1.188e+02 1.332e+02 135 2 4 1.586e+02 1.774e+02 174 2 3 1.270e+02 1.670e+02 371
45858 1 2 1 3.817e+02 4.163e+02 320
45859 10 0 2 6.272e+02 6.328e+02 51 0 2 3.279e+02 3.441e+02 150 0 1 3.060e+02 3.240e+02 167 0 4 6.278e+02 6.322e+02 41 0 4 3.257e+02 3.463e+02 190 0 1 6.002e+02 6.178e+02 164 0 4 3.989e+02 4.411e+02 391 0 3 6.002e+02 6.178e+02 164 0 4 5.687e+02 6.073e+02 358 2 1 4.701e+02 4.959e+02 240
45861 1 2 1 1.411e+02 1.529e+02 110
45863 3 1 4 5.855e+02 5.905e+02 46 1 3 5.540e+02 5.800e+02 242 1 4 5.304e+02 5.616e+02 289
45864 1 0 2 6.596e+02 6.844e+02 230
45867 19 0 4 4.117e+01 4.283e+01 16 0 2 3.651e+02 3.909e+02 239 0 2 6.672e+02 6.768e+02 89 0 4 3.367e+01 5.033e+01 155 0 4 6.547e+02 6.893e+02 322 1 4 6.135e+02 6.465e+02 306 2 3 5.202e+02 5.298e+02 90 2 4 3.287e+02 3.433e+02 136 2 2 5.313e+02 5.607e+02 272 2 4 3.910e+01 4.490e+01 54 2 4 4.867e+02 5.213e+02 320 2 3 2.965e+02 3.335e+02 343 2 3 5.501e+02 5.839e+02 314 2 1 5.961e+01 6.639e+01 63 2 2 5.728e+02 6.032e+02 282 2 3 5.211e+01 7.389e+01 202 2 4 5.283e+02 5.637e+02 329 2 2 2.551e+01 5.849e+01 306 2 1 5.917e+02 6.263e+02 320
45868 2 2 3 6.344e+00 3.566e+01 272 2 4 2.721e+01 5.679e+01 275
45869 10 0 3 6.069e+02 6.111e+02 39 0 4 6.249e+02 6.351e+02 96 0 4 5.745e+02 6.015e+02 250 0 1 5.921e+02 6.259e+02 313 2 1 2.303e+02 2.317e+02 13 2 3 2.310e+02 2.310e+02 -12 2 1 7.421e+00 3.458e+01 252 2 2 2.340e+02 2.700e+02 335 2 3 6.748e+00 3.525e+01 265 2 4 1.939e+02 2.261e+02 299
45870 3 0 3 6.065e+02 6.115e+02 46 0 1 6.019e+02 6.161e+02 131 0 4 5.693e+02 6.067e+02 346
45871 0
45873 11 0 1 6.071e+02 6.109e+02 35 0 1 6.460e+02 6.560e+02 93 0 4 6.259e+02 6.341e+02 76 0 3 6.481e+02 6.539e+02 54 0 1 5.520e+02 5.820e+02 278 0 4 5.847e+02 5.913e+02 61 0 2 6.229e+02 6.371e+02 132 0 4 5.765e+02 5.995e+02 213 0 2 6.141e+02 6.459e+02 295 0 4 6.112e+02 6.488e+02 350 1 4 4.586e+02 4.654e+02 63
45874 0
45876 10 0 2 1.680e+02 1.680e+02 -8 0 4 4.515e+02 4.725e+02 195 0 3 4.251e+02 4.569e+02 296 0 3 4.648e+02 5.012e+02 338 1 2 2.063e+02 2.137e+02 70 1 1 5.593e+02 5.747e+02 142 1 4 6.221e+02 6.379e+02 147 2 4 8.178e+01 8.622e+01 41 2 3 8.967e+01 1.203e+02 285 3 3 1.774e+01 2.426e+01 60
45877 54 0 1 3.990e+02 3.990e+02 -2 0 4 2.465e+02 2.575e+02 103 0 2 1.592e+02 1.768e+02 164 0 3 3.935e+02 4.045e+02 103 0 1 5.239e+02 5.261e+02 20 0 3 1.802e+02 1.978e+02 163 0 4 4.103e+02 4.297e+02 180 0 4 1.504e+02 1.856e+02 326 0 2 5.299e+02 5.621e+02 299 0 4 4.851e+02 5.229e+02 350 1 2 6.291e+02 6.309e+02 17 1 2 5.857e+02 5.903e+02 42 1 4 6.283e+02 6.317e+02 32 1 1 5.137e+02 5.363e+02 210 1 2 5.454e+02 5.466e+02 11 1 2 6.112e+02 6.488e+02 349 1 4 5.317e+02 5.603e+02 266 1 1 5.920e+02 6.260e+02 316 1 3 5.513e+02 5.827e+02 291 2 2 2.513e+02 2.527e+02 13 2 3 5.979e+01 6.621e+01 60 2 3 4.777e+02 4.883e+02 98 2 4 1.242e+02 1.278e+02 34 2 3 5.234e+02 5.266e+02 30 2 3 1.470e+02 1.470e+02 -4 2 4 6.698e+02 6.742e+02 40 2 4 2.509e+02 2.531e+02 20 2 4 4.162e+02 4.238e+02 70 2 1 2.647e+02 2.813e+02 155 2 4 5.375e+02 5.545e+02 157 2 1 1.985e+01 2.215e+01 21 2 2 8.200e+01 8.600e+01 37 2 3 4.223e+02 4.597e+02 347 2 2 1.607e+02 1.753e+02 136 2 3 5.487e+02 5.853e+02 340 2 4 2.058e+02 2.142e+02 78 2 2 6.534e+02 6.906e+02 346 2 3 2.584e+02 2.876e+02 270 2 3 3.812e+02 4.168e+02 330 2 3 2.097e+01 2.103e+01 0 2 1 1.841e+02 1.939e+02 90 2 4 2.398e+02 2.642e+02 227 2 2 3.520e+01 4.880e+01 126 2 2 2.005e+02 2.195e+02 176 2 1 8.811e+00 3.319e+01 226 2 1 2.176e+02 2.444e+02 250 2 4 3.134e+01 5.266e+01 198 2 3 2.198e+02 2.422e+02 207 2 3 3.338e+00 3.866e+01 328 3 4 8.204e+01 8.596e+01 36 3 1 1.017e+02 1.083e+02 61 3 3 1.035e+02 1.065e+02 27 3 2 1.145e+02 1.375e+02 213 3 3 7.377e+00 3.462e+01 253
45878 14 0 4 6.713e+02 6.727e+02 14 0 4 5.818e+02 5.942e+02 116 0 1 6.481e+02 6.539e+02 54 0 1 5.485e+02 5.855e+02 344 0 3 5.917e+02 6.263e+02 321 0 3 6.501e+02 6.519e+02 17 0 2 6.105e+02 6.495e+02 363 0 2 6.706e+02 6.734e+02 26 0 1 6.380e+02 6.640e+02 240 0 3 6.328e+02 6.692e+02 338 2 4 4.112e+01 4.288e+01 16 2 2 3.398e+01 5.002e+01 149 2 1 5.121e+01 7.479e+01 219 2 3 5.202e+01 7.398e+01 204
45879 4 0 3 2.639e+02 2.821e+02 169 0 4 2.873e+02 3.007e+02 125 2 4 3.332e+02 3.388e+02 52 2 3 3.448e+02 3.692e+02 227
45880 4 0 1 6.462e+02 6.558e+02 90 0 2 6.677e+02 6.763e+02 80 0 4 6.669e+02 6.771e+02 95 2 4 1.246e+02 1.274e+02 26
45882 0
