19826 77 0 1 1.878e+02 1.902e+02 23 0 3 6.090e+02 6.090e+02 0 0 4 3.768e+02 3.792e+02 23 0 3 6.503e+02 6.517e+02 13 0 2 2.084e+02 2.116e+02 29 0 3 4.410e+02 4.410e+02 0 0 1 3.533e+02 3.607e+02 69 0 3 5.636e+02 5.704e+02 64 0 3 2.252e+02 2.368e+02 108 0 4 6.266e+02 6.334e+02 64 0 2 3.240e+02 3.480e+02 223 0 4 6.700e+02 6.740e+02 36 0 4 2.340e+02 2.700e+02 334 0 4 4.090e+02 4.310e+02 204 0 2 3.640e+02 3.920e+02 260 0 2 4.955e+02 5.125e+02 157 0 4 3.166e+02 3.554e+02 360 0 3 5.163e+02 5.337e+02 162 0 4 5.864e+02 5.896e+02 29 0 1 6.488e+02 6.532e+02 40 0 4 4.036e+02 4.364e+02 304 0 4 4.908e+02 5.172e+02 246 0 1 5.104e+02 5.396e+02 270 0 1 6.043e+02 6.137e+02 86 0 2 6.687e+02 6.753e+02 61 0 1 5.500e+02 5.840e+02 316 0 2 6.244e+02 6.356e+02 104 0 4 6.540e+02 6.900e+02 334 0 4 6.188e+02 6.412e+02 209 0 4 5.726e+02 6.034e+02 286 0 2 6.119e+02 6.481e+02 336 1 3 5.638e+02 5.702e+02 59 1 2 6.292e+02 6.308e+02 16 1 1 4.782e+02 4.878e+02 89 1 4 5.837e+02 5.923e+02 80 1 4 4.425e+02 4.815e+02 363 1 4 6.297e+02 6.303e+02 5 1 3 4.812e+02 4.848e+02 33 1 2 5.410e+02 5.510e+02 93 1 1 6.054e+02 6.126e+02 67 1 4 4.877e+02 5.203e+02 303 1 1 5.606e+02 5.734e+02 118 1 3 6.044e+02 6.136e+02 86 1 4 5.757e+02 6.003e+02 229 1 1 5.990e+02 6.190e+02 186 1 3 5.506e+02 5.834e+02 305 1 1 5.897e+02 6.283e+02 358 1 2 5.269e+02 5.651e+02 354 2 2 2.513e+02 2.527e+02 12 2 4 3.337e+02 3.383e+02 43 2 3 4.785e+02 4.875e+02 83 2 3 1.626e+01 2.574e+01 88 2 2 5.450e+02 5.470e+02 18 2 3 9.640e+01 1.136e+02 160 2 1 1.843e+02 1.937e+02 88 2 2 4.987e+02 5.093e+02 99 2 4 2.081e+02 2.119e+02 35 2 3 5.112e+02 5.388e+02 256 2 1 2.607e+02 2.853e+02 228 2 4 4.521e+02 4.719e+02 184 2 3 3.551e+02 3.589e+02 36 2 4 5.330e+02 5.590e+02 242 2 4 3.497e+01 4.903e+01 130 2 1 5.530e+02 5.810e+02 260 2 1 2.285e+02 2.335e+02 46 2 3 5.529e+02 5.811e+02 261 2 1 3.481e+02 3.659e+02 165 2 1 5.090e+02 5.410e+02 298 2 3 7.646e+00 3.435e+01 248 2 3 2.298e+02 2.322e+02 23 2 2 3.220e+02 3.500e+02 260 2 4 2.815e+01 5.585e+01 257 2 3 2.176e+02 2.444e+02 248 2 4 2.363e+02 2.677e+02 291 2 2 1.959e+02 2.241e+02 261 2 3 2.119e+02 2.501e+02 354 3 2 3.686e+01 4.714e+01 96
19827 49 0 2 5.460e+02 5.460e+02 -0 0 1 5.649e+02 5.691e+02 39 0 1 3.549e+02 3.591e+02 39 0 1 6.036e+02 6.144e+02 100 0 2 6.648e+02 6.792e+02 133 0 1 5.126e+02 5.374e+02 230 0 3 6.010e+02 6.170e+02 149 0 4 6.673e+02 6.767e+02 88 0 1 5.523e+02 5.817e+02 272 0 4 6.188e+02 6.412e+02 209 0 3 6.367e+02 6.653e+02 266 0 2 6.155e+02 6.445e+02 270 0 1 6.328e+02 6.692e+02 338 2 4 3.333e+02 3.387e+02 50 2 1 2.012e+01 2.188e+01 16 2 4 4.588e+02 4.652e+02 60 2 3 1.884e+02 1.896e+02 10 2 3 6.078e+02 6.102e+02 23 2 4 2.097e+02 2.103e+02 6 2 4 6.657e+02 6.783e+02 117 2 2 2.929e+02 2.951e+02 20 2 1 3.886e+02 4.094e+02 194 2 3 3.550e+02 3.590e+02 38 2 1 4.811e+02 4.849e+02 36 2 3 1.945e+01 2.255e+01 29 2 2 5.391e+02 5.529e+02 129 2 4 1.238e+02 1.282e+02 41 2 4 5.821e+02 5.939e+02 110 2 4 1.580e+02 1.780e+02 186 2 2 2.004e+02 2.196e+02 178 2 3 4.695e+02 4.965e+02 250 2 3 3.029e+02 3.271e+02 224 2 4 5.376e+02 5.544e+02 156 2 2 3.720e+02 3.840e+02 111 2 3 6.446e+02 6.574e+02 118 2 4 3.834e+01 4.566e+01 68 2 2 4.507e+02 4.733e+02 210 2 1 1.772e+02 2.008e+02 219 2 3 5.509e+02 5.831e+02 299 2 1 2.232e+02 2.388e+02 145 2 3 5.093e+02 5.407e+02 291 2 1 2.974e+02 3.326e+02 327 2 1 5.970e+01 6.630e+01 61 2 2 6.472e+01 1.033e+02 358 2 3 2.164e+02 2.456e+02 271 2 3 5.265e+01 7.335e+01 192 2 1 4.866e+00 3.713e+01 300 3 3 1.999e+01 2.201e+01 19 3 1 1.891e+01 2.309e+01 39
19828 4 1 4 2.883e+01 5.517e+01 245 1 3 3.856e+01 8.744e+01 454 2 2 1.625e+02 1.735e+02 103 2 3 3.830e+02 4.150e+02 296
19829 2 0 4 6.720e+02 6.720e+02 -11 0 1 1.850e+01 2.350e+01 46
19830 14 0 1 5.597e+02 5.743e+02 136 0 2 6.297e+02 6.303e+02 6 0 4 4.998e+02 5.082e+02 77 0 3 5.641e+02 5.699e+02 53 0 4 5.779e+02 5.981e+02 188 0 3 5.163e+02 5.337e+02 162 0 2 4.833e+02 5.247e+02 384 0 1 5.527e+02 5.813e+02 266 0 2 5.270e+02 5.650e+02 353 0 3 5.457e+02 5.883e+02 395 0 1 4.998e+02 5.502e+02 467 2 1 1.761e+01 2.439e+01 63 2 3 4.766e+02 4.894e+02 120 2 3 1.819e+01 2.381e+01 52
19834 9 0 1 6.502e+02 6.518e+02 16 0 1 6.030e+02 6.150e+02 110 0 3 6.485e+02 6.535e+02 47 0 2 6.233e+02 6.367e+02 124 0 2 6.529e+02 6.911e+02 355 0 4 6.196e+02 6.404e+02 193 0 4 6.555e+02 6.885e+02 307 0 1 6.338e+02 6.682e+02 320 2 4 6.961e+01 9.839e+01 267
19835 0
19837 3 2 2 4.959e+02 5.121e+02 150 2 1 4.751e+02 4.909e+02 146 2 4 4.932e+02 5.148e+02 201
19838 8 0 2 6.720e+02 6.720e+02 -2 0 1 5.250e+02 5.250e+02 -1 0 4 6.720e+02 6.720e+02 -2 1 4 5.819e+02 5.941e+02 113 1 2 6.230e+02 6.370e+02 130 1 4 6.172e+02 6.428e+02 238 2 1 4.324e+02 4.496e+02 159 3 2 2.757e+02 3.123e+02 340
19841 1 2 4 2.371e+02 2.669e+02 276
19844 9 1 3 6.046e+02 6.134e+02 82 1 4 5.828e+02 5.932e+02 97 2 2 1.666e+02 1.694e+02 26 2 4 1.653e+02 1.707e+02 50 2 1 1.712e+02 2.068e+02 331 2 3 1.726e+02 2.054e+02 304 3 3 2.293e+02 2.327e+02 31 3 1 2.279e+02 2.341e+02 58 3 4 1.933e+02 2.267e+02 310
19845 8 0 3 6.462e+02 6.558e+02 89 0 3 6.394e+02 6.626e+02 215 2 1 6.074e+02 6.106e+02 30 2 4 7.581e+01 9.219e+01 152 3 3 6.070e+02 6.110e+02 38 3 4 6.696e+02 6.744e+02 45 3 4 5.707e+02 6.053e+02 320 3 2 6.109e+02 6.491e+02 354
19846 1 2 3 1.770e+00 4.023e+01 357
19847 5 0 1 6.082e+02 6.098e+02 16 0 2 6.582e+02 6.858e+02 257 1 4 6.280e+02 6.320e+02 38 1 1 6.059e+02 6.121e+02 57 1 2 6.193e+02 6.407e+02 199
19849 0
19850 3 1 3 5.069e+02 5.431e+02 336 2 4 3.758e+02 3.802e+02 40 2 4 1.547e+02 1.813e+02 246
19852 1 0 4 1.638e+02 1.722e+02 79
19854 8 0 1 4.360e+02 4.460e+02 93 0 2 4.563e+02 4.677e+02 106 1 3 5.210e+02 5.290e+02 75 1 1 6.026e+02 6.154e+02 118 1 2 4.916e+02 5.164e+02 230 1 2 4.863e+02 5.217e+02 330 2 4 4.561e+02 4.679e+02 110 2 4 1.643e+02 1.717e+02 68
19855 5 2 3 6.288e+01 6.312e+01 2 2 2 8.038e+01 8.762e+01 67 2 4 3.103e+01 5.297e+01 204 2 4 8.142e+01 8.658e+01 48 2 3 9.681e+01 1.132e+02 152
19859 8 0 1 3.966e+02 4.014e+02 45 0 2 3.695e+02 3.865e+02 157 0 4 4.592e+02 4.648e+02 51 0 3 4.359e+02 4.461e+02 95 0 4 3.738e+02 3.822e+02 77 0 1 3.421e+02 3.719e+02 276 2 1 1.626e+01 2.574e+01 88 2 1 1.003e+01 3.197e+01 204
19860 26 0 1 1.470e+02 1.470e+02 0 0 1 4.799e+02 4.861e+02 58 0 1 1.362e+02 1.578e+02 200 0 2 5.446e+02 5.474e+02 26 0 2 6.660e+02 6.780e+02 112 0 3 4.799e+02 4.861e+02 57 0 1 5.501e+02 5.839e+02 313 0 4 6.666e+02 6.774e+02 100 0 4 4.940e+02 5.140e+02 186 0 4 6.547e+02 6.893e+02 322 0 2 4.893e+02 5.187e+02 273 0 4 4.886e+02 5.194e+02 286 1 1 6.051e+02 6.129e+02 72 1 4 5.826e+02 5.934e+02 100 1 2 6.277e+02 6.323e+02 43 1 4 6.258e+02 6.342e+02 78 1 4 6.172e+02 6.428e+02 238 1 3 5.927e+02 6.253e+02 302 2 3 1.001e+02 1.099e+02 91 2 4 6.287e+02 6.313e+02 24 2 3 6.494e+02 6.526e+02 30 2 4 1.183e+02 1.337e+02 143 2 4 3.582e+01 4.818e+01 115 2 2 1.120e+02 1.400e+02 260 2 3 5.176e+01 7.424e+01 209 2 2 6.737e+01 1.006e+02 309
19861 6 0 1 5.576e+02 5.764e+02 175 0 4 2.858e+02 3.022e+02 152 0 1 6.017e+02 6.163e+02 135 0 2 6.204e+02 6.396e+02 178 1 1 6.082e+02 6.098e+02 16 2 4 6.178e+02 6.422e+02 226
19863 8 0 2 6.546e+02 6.894e+02 323 0 4 6.520e+02 6.920e+02 372 2 4 2.920e+02 2.960e+02 36 2 1 3.025e+02 3.275e+02 233 2 1 7.020e+00 3.498e+01 260 2 3 3.033e+02 3.267e+02 217 2 3 5.449e+00 3.655e+01 289 2 2 2.757e+02 3.123e+02 340
19864 0
19865 15 0 1 6.476e+02 6.544e+02 63 0 3 6.039e+02 6.141e+02 94 0 2 5.360e+02 5.560e+02 186 0 1 6.000e+02 6.180e+02 168 0 4 5.701e+02 6.059e+02 333 1 2 6.298e+02 6.302e+02 3 1 2 5.740e+02 6.020e+02 260 1 4 6.103e+02 6.497e+02 366 2 3 3.983e+02 3.997e+02 13 2 2 4.552e+02 4.688e+02 126 2 4 3.632e+01 4.768e+01 106 2 3 4.323e+02 4.497e+02 162 2 4 3.590e+02 3.970e+02 353 2 1 4.237e+02 4.583e+02 321 2 3 4.146e+00 3.785e+01 313
19869 29 0 2 6.573e+02 6.867e+02 272 0 4 6.559e+02 6.881e+02 300 2 3 2.075e+01 2.125e+01 5 2 2 6.681e+02 6.759e+02 72 2 2 1.672e+02 1.688e+02 16 2 3 5.192e+02 5.308e+02 107 2 1 2.274e+02 2.346e+02 66 2 4 6.161e+02 6.439e+02 259 2 2 2.938e+02 2.942e+02 4 2 3 6.469e+02 6.551e+02 76 2 2 3.968e+01 4.432e+01 43 2 4 4.116e+02 4.284e+02 156 2 4 8.258e+01 8.542e+01 26 2 4 4.927e+02 5.153e+02 210 2 4 2.053e+02 2.147e+02 88 2 2 5.398e+02 5.522e+02 116 2 1 1.725e+01 2.475e+01 70 2 1 5.544e+02 5.796e+02 235 2 2 1.249e+02 1.271e+02 20 2 3 5.133e+02 5.367e+02 218 2 2 1.954e+02 2.246e+02 271 2 4 3.533e+01 4.867e+01 124 2 2 6.921e+01 9.879e+01 275 2 3 2.146e+02 2.474e+02 305 2 3 2.887e+00 3.911e+01 336 2 4 7.051e+01 9.749e+01 250 2 2 2.725e+01 5.675e+01 274 2 3 8.868e+01 1.213e+02 303 3 4 1.966e+02 2.234e+02 250
19870 3 0 4 5.838e+02 5.922e+02 78 0 1 5.955e+02 6.225e+02 250 0 3 5.958e+02 6.222e+02 246
19872 6 1 4 1.643e+02 1.717e+02 68 1 3 1.400e+02 1.540e+02 130 1 2 1.179e+02 1.341e+02 150 1 4 1.135e+02 1.385e+02 232 1 1 1.314e+02 1.626e+02 289 1 3 1.350e+02 1.590e+02 222
19873 15 0 4 2.520e+02 2.520e+02 -1 0 1 2.070e+01 2.130e+01 6 0 4 1.568e+02 1.792e+02 207 0 1 6.364e+02 6.656e+02 271 0 2 5.327e+02 5.593e+02 246 0 3 6.385e+02 6.635e+02 231 0 1 5.491e+02 5.849e+02 332 0 4 6.494e+02 6.946e+02 419 1 3 5.100e+02 5.400e+02 279 1 4 5.310e+02 5.610e+02 278 2 4 6.059e+01 1.074e+02 435 2 3 4.027e+01 8.573e+01 422 3 4 8.400e+01 8.400e+01 -10 3 3 5.221e+02 5.279e+02 54 3 4 5.288e+02 5.632e+02 319
19875 0
19877 11 1 4 6.256e+02 6.344e+02 82 1 4 5.368e+02 5.552e+02 170 2 4 2.084e+02 2.116e+02 30 2 3 2.717e+02 2.743e+02 25 2 1 2.234e+02 2.386e+02 141 2 2 2.914e+02 2.966e+02 48 2 4 2.421e+02 2.619e+02 183 2 1 3.056e+02 3.244e+02 174 2 2 2.017e+02 2.183e+02 154 2 3 2.164e+02 2.456e+02 270 3 3 1.487e+01 2.713e+01 114
19878 5 1 2 6.127e+02 6.473e+02 321 2 4 3.341e+02 3.379e+02 35 2 4 3.267e+02 3.453e+02 172 2 4 3.639e+02 3.921e+02 262 2 4 2.764e+02 3.116e+02 326
