40978 0
40979 0
40980 40 0 4 5.870e+02 5.890e+02 18 0 1 5.522e+02 5.818e+02 276 0 3 5.508e+02 5.832e+02 300 1 2 6.143e+02 6.457e+02 292 2 1 3.141e+02 3.159e+02 16 2 4 6.277e+02 6.323e+02 43 2 1 1.922e+01 2.278e+01 33 2 3 3.960e+02 4.020e+02 56 2 4 8.348e+01 8.452e+01 10 2 2 4.571e+02 4.669e+02 90 2 2 2.085e+02 2.115e+02 27 2 3 6.506e+02 6.514e+02 8 2 3 2.716e+02 2.744e+02 26 2 4 4.547e+02 4.693e+02 136 2 4 3.712e+02 3.848e+02 126 2 2 6.700e+02 6.740e+02 38 2 3 1.806e+01 2.394e+01 55 2 1 4.255e+02 4.565e+02 288 2 3 9.286e+01 1.171e+02 226 2 3 4.250e+02 4.570e+02 296 2 4 2.067e+02 2.133e+02 60 2 2 4.024e+02 4.376e+02 326 2 2 2.935e+02 2.945e+02 10 2 4 3.255e+02 3.465e+02 196 2 4 3.587e+01 4.813e+01 114 2 2 1.105e+02 1.415e+02 287 2 1 2.255e+02 2.365e+02 103 2 3 3.060e+02 3.240e+02 167 2 2 3.213e+02 3.507e+02 274 2 1 5.916e+01 6.684e+01 71 2 2 6.616e+01 1.018e+02 331 2 3 2.274e+02 2.346e+02 66 2 3 2.606e+02 2.854e+02 230 2 3 5.786e+01 6.814e+01 96 2 4 2.411e+02 2.629e+02 203 2 4 2.829e+02 3.051e+02 206 2 3 9.171e+00 3.283e+01 220 2 3 2.120e+02 2.500e+02 352 2 2 2.995e+01 5.405e+01 224 2 1 2.531e+00 3.947e+01 343
40981 4 0 1 4.731e+02 4.929e+02 185 1 1 6.052e+02 6.128e+02 71 1 2 5.728e+02 6.032e+02 283 2 2 3.170e+01 5.230e+01 191
40983 32 0 1 6.507e+02 6.513e+02 6 0 1 5.654e+02 5.686e+02 29 0 4 5.869e+02 5.891e+02 20 0 2 6.692e+02 6.748e+02 51 0 1 5.174e+02 5.326e+02 141 0 4 6.720e+02 6.720e+02 -6 0 4 4.460e+02 4.780e+02 296 0 2 5.406e+02 5.514e+02 100 0 3 6.476e+02 6.544e+02 64 0 3 5.585e+02 5.755e+02 157 0 4 6.590e+02 6.850e+02 242 0 3 6.329e+02 6.691e+02 336 0 2 6.593e+02 6.847e+02 236 1 1 6.013e+02 6.167e+02 144 1 2 6.260e+02 6.340e+02 75 2 2 1.668e+02 1.692e+02 21 2 4 1.213e+02 1.307e+02 87 2 4 1.680e+02 1.680e+02 -6 2 1 1.366e+01 2.834e+01 136 2 1 1.470e+02 1.470e+02 -1 2 3 1.110e+01 3.090e+01 184 2 2 1.128e+02 1.392e+02 246 2 3 1.468e+02 1.472e+02 4 2 1 -5.728e+00 4.773e+01 496 2 4 1.586e+02 1.774e+02 176 2 1 1.336e+02 1.604e+02 249 2 3 1.383e+02 1.557e+02 162 2 1 1.729e+02 2.051e+02 299 2 3 1.721e+02 2.059e+02 315 2 1 1.206e+02 1.734e+02 490 3 1 5.134e+02 5.366e+02 216 3 2 4.899e+02 5.181e+02 261
40985 0
40986 0
40987 3 1 4 6.300e+02 6.300e+02 -10 1 3 5.989e+02 6.191e+02 187 2 4 7.195e+01 9.605e+01 224
40988 8 0 4 6.140e+02 6.460e+02 298 0 2 1.535e+02 1.825e+02 269 0 2 5.316e+02 5.604e+02 268 0 4 2.797e+01 5.603e+01 260 0 2 6.148e+02 6.452e+02 282 0 3 1.722e+02 2.058e+02 311 0 4 6.534e+02 6.906e+02 346 0 1 1.269e+02 1.671e+02 374
40989 5 0 3 5.647e+02 5.693e+02 42 0 1 5.573e+02 5.767e+02 180 0 2 6.570e+02 6.870e+02 278 0 2 5.320e+02 5.600e+02 260 1 2 6.247e+02 6.353e+02 99
40991 24 0 3 6.071e+02 6.109e+02 36 0 2 6.260e+02 6.340e+02 74 0 1 3.467e+02 3.673e+02 191 0 2 6.641e+02 6.799e+02 146 0 2 3.211e+02 3.509e+02 277 0 4 6.225e+02 6.375e+02 139 0 4 6.629e+02 6.811e+02 169 0 1 6.006e+02 6.174e+02 156 0 3 6.367e+02 6.653e+02 266 0 4 6.128e+02 6.472e+02 320 0 2 6.533e+02 6.907e+02 347 0 1 6.327e+02 6.693e+02 340 2 4 4.162e+01 4.238e+01 7 2 3 1.453e+02 1.487e+02 31 2 1 6.154e+01 6.446e+01 27 2 2 1.662e+02 1.698e+02 34 2 3 5.934e+01 6.666e+01 68 2 4 1.644e+02 1.716e+02 66 2 1 1.492e+01 2.708e+01 113 2 3 1.331e+02 1.609e+02 259 2 3 2.079e+01 2.121e+01 4 2 4 1.554e+02 1.806e+02 234 2 2 3.372e+01 5.028e+01 154 2 3 4.745e+01 7.855e+01 289
40993 7 0 4 3.258e+02 3.462e+02 190 0 1 1.550e+01 2.650e+01 102 0 4 3.542e+01 4.858e+01 122 1 2 8.128e+01 8.672e+01 50 1 2 1.680e+02 1.680e+02 -3 1 2 6.138e+02 6.462e+02 300 1 2 2.095e+02 2.105e+02 10
40995 0
40997 0
40998 7 0 2 3.729e+02 3.831e+02 96 0 3 3.975e+02 4.005e+02 28 0 4 4.145e+02 4.255e+02 102 0 1 4.661e+02 4.999e+02 313 1 1 5.584e+01 7.016e+01 133 2 3 3.204e+00 3.880e+01 330 3 1 1.034e+01 3.166e+01 198
41000 13 0 2 6.720e+02 6.720e+02 -14 0 4 5.805e+02 5.955e+02 139 0 4 3.221e+02 3.499e+02 259 0 4 6.704e+02 6.736e+02 29 0 2 6.167e+02 6.433e+02 246 0 4 3.592e+02 3.968e+02 350 0 1 6.490e+02 6.530e+02 37 0 4 6.203e+02 6.397e+02 180 0 3 6.440e+02 6.580e+02 130 0 1 6.330e+02 6.690e+02 334 0 2 6.533e+02 6.907e+02 347 2 3 2.100e+01 2.100e+01 -4 2 3 4.799e+01 7.801e+01 279
41001 0
41002 0
41003 0
41004 1 0 2 6.540e+02 6.900e+02 334
41005 13 0 1 6.501e+02 6.519e+02 16 0 4 5.037e+02 5.043e+02 6 0 3 6.480e+02 6.540e+02 56 0 1 4.385e+02 4.435e+02 47 0 4 4.954e+02 5.126e+02 160 0 4 6.643e+02 6.797e+02 144 0 3 4.364e+02 4.456e+02 86 0 4 4.523e+02 4.717e+02 180 0 2 6.619e+02 6.821e+02 187 0 2 4.473e+02 4.767e+02 273 0 2 6.543e+02 6.897e+02 329 1 4 6.218e+02 6.382e+02 153 2 1 1.070e+01 3.130e+01 191
41008 3 2 4 5.724e+02 6.036e+02 290 3 2 4.996e+02 5.084e+02 81 3 4 4.088e+02 4.312e+02 207
41011 7 0 2 6.684e+02 6.756e+02 66 0 4 6.681e+02 6.759e+02 72 0 1 6.336e+02 6.684e+02 323 2 2 1.260e+02 1.260e+02 0 2 3 8.949e+01 1.205e+02 288 2 4 1.537e+02 1.823e+02 265 2 4 6.602e+01 1.020e+02 334
41012 0
41013 4 0 1 6.483e+02 6.537e+02 50 0 2 6.614e+02 6.826e+02 197 2 1 1.312e+01 2.888e+01 146 2 3 1.657e+01 2.543e+01 82
41016 8 0 2 3.352e+02 3.368e+02 16 0 3 4.361e+02 4.459e+02 90 0 1 3.015e+02 3.285e+02 251 0 4 3.272e+02 3.448e+02 164 1 3 1.855e+02 1.925e+02 66 2 3 6.149e+01 6.451e+01 28 2 4 3.255e+01 5.145e+01 176 2 1 3.655e+00 3.835e+01 322
41017 5 0 1 4.830e+02 4.830e+02 -4 0 4 5.009e+02 5.071e+02 57 0 3 4.712e+02 4.948e+02 220 0 2 4.910e+02 5.170e+02 242 3 1 9.443e+00 3.256e+01 215
41019 28 0 1 5.664e+02 5.676e+02 11 0 1 2.719e+02 2.741e+02 20 0 4 6.718e+02 6.722e+02 4 0 1 1.833e+02 1.947e+02 106 0 4 4.584e+02 4.656e+02 66 0 4 2.884e+02 2.996e+02 105 0 3 5.662e+02 5.678e+02 15 0 2 2.827e+02 3.053e+02 210 0 4 5.815e+02 5.945e+02 121 0 2 6.695e+02 6.745e+02 46 0 3 4.688e+02 4.972e+02 264 0 1 5.529e+02 5.811e+02 261 0 3 6.027e+02 6.153e+02 117 0 1 6.373e+02 6.647e+02 254 0 2 5.274e+02 5.646e+02 346 0 2 6.244e+02 6.356e+02 104 0 3 6.315e+02 6.705e+02 363 0 4 6.256e+02 6.344e+02 81 0 1 5.990e+02 6.190e+02 186 0 4 6.100e+02 6.500e+02 372 1 2 6.166e+02 6.434e+02 249 1 4 6.118e+02 6.482e+02 337 2 1 1.819e+01 2.381e+01 52 2 4 1.255e+02 1.265e+02 10 2 4 2.876e+02 3.004e+02 118 2 3 2.025e+01 2.175e+01 14 2 2 3.470e+01 4.930e+01 136 2 1 4.372e+01 8.228e+01 358
41020 8 2 2 4.130e+01 4.270e+01 13 2 4 8.195e+01 8.605e+01 38 2 1 6.032e+02 6.148e+02 107 2 3 7.828e+00 3.417e+01 245 2 2 5.776e+02 5.984e+02 193 2 4 3.040e+01 5.360e+01 216 2 3 5.511e+02 5.829e+02 296 2 4 5.723e+02 6.037e+02 292
41021 15 0 1 6.418e+02 6.602e+02 171 0 2 6.631e+02 6.809e+02 165 0 4 6.596e+02 6.844e+02 230 2 3 3.104e+02 3.196e+02 86 2 1 3.496e+02 3.644e+02 137 2 1 5.943e+02 6.237e+02 273 2 3 8.905e+00 3.310e+01 225 2 3 4.239e+02 4.581e+02 318 2 3 3.364e+02 3.776e+02 382 3 1 6.463e+02 6.557e+02 88 3 2 6.716e+02 6.724e+02 8 3 2 6.191e+02 6.409e+02 202 3 4 5.755e+02 6.005e+02 233 3 3 6.403e+02 6.617e+02 199 3 3 6.321e+02 6.699e+02 350
41022 0
