13997 14 0 2 6.280e+02 6.320e+02 37 0 4 3.754e+02 3.806e+02 49 0 4 6.239e+02 6.361e+02 113 0 2 3.703e+02 3.857e+02 143 0 4 6.638e+02 6.802e+02 153 0 3 6.378e+02 6.642e+02 245 0 1 3.447e+02 3.693e+02 229 2 4 6.295e+02 6.305e+02 10 2 2 1.260e+02 1.260e+02 -2 2 3 6.495e+02 6.525e+02 27 2 4 1.167e+02 1.353e+02 172 2 1 1.371e+02 1.569e+02 183 2 3 9.178e+01 1.182e+02 246 2 3 8.438e+01 1.256e+02 383
13998 0
13999 9 0 2 4.620e+02 4.620e+02 -3 0 4 4.538e+02 4.702e+02 152 0 4 2.856e+02 3.024e+02 156 0 4 6.175e+02 6.425e+02 233 0 1 4.250e+02 4.570e+02 297 0 4 5.690e+02 6.070e+02 352 0 3 4.276e+02 4.544e+02 249 2 3 3.944e+02 4.036e+02 86 2 4 4.066e+02 4.334e+02 249
14001 30 1 3 2.083e+00 3.992e+01 351 1 4 2.335e+01 6.065e+01 346 2 3 6.217e+01 6.383e+01 16 2 1 4.410e+02 4.410e+02 -12 2 3 1.884e+02 1.896e+02 11 2 3 4.821e+02 4.839e+02 16 2 4 2.084e+02 2.116e+02 30 2 1 5.228e+02 5.272e+02 41 2 3 3.570e+02 3.570e+02 -4 2 1 3.963e+02 4.017e+02 50 2 3 1.676e+01 2.524e+01 79 2 4 4.953e+02 5.127e+02 161 2 2 1.624e+02 1.736e+02 104 2 1 4.243e+02 4.577e+02 310 2 2 2.043e+02 2.157e+02 106 2 4 4.526e+02 4.714e+02 176 2 2 3.756e+02 3.804e+02 44 2 3 4.644e+02 5.016e+02 345 2 2 3.309e+01 5.091e+01 166 2 2 6.935e+01 9.865e+01 272 2 4 1.523e+02 1.837e+02 292 2 4 2.361e+02 2.679e+02 296 2 4 3.746e+02 3.814e+02 64 2 4 3.134e+01 5.266e+01 198 2 1 1.789e+02 1.991e+02 187 2 1 2.146e+02 2.474e+02 304 2 1 5.104e+01 7.496e+01 222 2 1 7.242e+00 3.476e+01 256 2 4 2.515e+01 5.885e+01 313 3 1 3.460e+02 3.680e+02 205
14002 0
14003 5 2 3 1.050e+02 1.050e+02 -24 2 4 2.400e+02 2.640e+02 222 2 4 4.962e+02 5.118e+02 146 2 2 6.109e+02 6.491e+02 356 2 2 4.473e+02 4.767e+02 274
14004 18 2 2 3.770e+02 3.790e+02 19 2 2 3.933e+01 4.467e+01 50 2 4 2.908e+02 2.972e+02 59 2 3 3.560e+02 3.580e+02 19 2 4 4.117e+01 4.283e+01 16 2 4 1.158e+02 1.362e+02 189 2 2 3.293e+02 3.427e+02 124 2 3 7.872e+00 3.413e+01 244 2 4 3.226e+02 3.494e+02 248 2 1 4.655e+01 7.945e+01 306 2 1 3.463e+02 3.677e+02 200 2 1 4.237e+00 3.776e+01 311 2 2 3.634e+02 3.926e+02 271 2 2 2.483e+01 5.917e+01 319 2 2 3.195e+02 3.525e+02 306 2 3 4.386e+01 8.214e+01 356 3 4 3.803e+01 4.597e+01 74 3 4 2.981e+01 5.419e+01 226
14006 5 0 2 6.280e+02 6.320e+02 37 0 4 6.221e+02 6.379e+02 146 0 1 5.921e+02 6.259e+02 314 0 3 6.360e+02 6.660e+02 278 3 2 6.450e+01 1.035e+02 362
14007 1 0 4 6.486e+02 6.954e+02 434
14009 0
14010 9 2 2 1.166e+02 1.354e+02 174 2 1 1.358e+02 1.582e+02 208 2 3 1.370e+02 1.570e+02 186 3 3 3.568e+02 3.572e+02 4 3 1 3.038e+02 3.262e+02 207 3 1 3.450e+02 3.690e+02 222 3 1 1.354e+02 1.586e+02 216 3 4 3.231e+02 3.489e+02 240 3 3 1.343e+02 1.597e+02 236
14012 0
14013 15 0 2 6.263e+02 6.337e+02 69 0 1 6.500e+02 6.520e+02 19 0 2 4.998e+02 5.082e+02 77 0 3 5.208e+02 5.292e+02 79 0 4 6.297e+02 6.303e+02 6 0 1 6.342e+02 6.678e+02 311 0 3 4.309e+02 4.511e+02 187 0 4 6.102e+02 6.498e+02 367 0 3 6.345e+02 6.675e+02 307 0 1 3.825e+02 4.155e+02 307 0 4 4.036e+02 4.364e+02 304 2 1 1.671e+01 2.529e+01 80 2 3 9.995e+01 1.101e+02 94 2 2 1.123e+02 1.397e+02 255 2 4 1.093e+02 1.427e+02 310
14016 19 0 1 2.007e+01 2.193e+01 17 0 3 3.983e+02 3.997e+02 13 0 1 5.584e+02 5.756e+02 159 0 2 2.941e+01 5.459e+01 234 0 1 6.045e+02 6.135e+02 83 0 4 7.437e+01 9.363e+01 179 0 3 6.017e+02 6.163e+02 135 0 3 5.054e+01 7.546e+01 231 0 4 4.071e+02 4.329e+02 239 0 3 5.540e+02 5.800e+02 241 0 4 6.185e+02 6.415e+02 213 0 4 5.807e+02 5.953e+02 135 0 2 6.158e+02 6.442e+02 263 2 3 1.976e+01 2.224e+01 23 2 1 1.824e+01 2.376e+01 51 2 4 3.215e+01 5.185e+01 183 2 3 1.743e+02 2.037e+02 272 2 4 1.979e+02 2.221e+02 226 2 2 2.568e+01 5.832e+01 303
14017 14 0 4 6.704e+02 6.736e+02 30 0 4 5.005e+02 5.075e+02 66 0 4 5.846e+02 5.914e+02 63 0 1 6.479e+02 6.541e+02 58 0 3 5.554e+02 5.786e+02 216 0 4 6.191e+02 6.409e+02 202 0 3 6.441e+02 6.579e+02 128 0 2 6.669e+02 6.771e+02 94 0 3 6.356e+02 6.664e+02 286 0 4 6.553e+02 6.887e+02 310 1 1 5.611e+02 5.729e+02 110 2 4 2.794e+02 3.086e+02 271 2 3 3.423e+02 3.717e+02 274 2 3 4.942e+01 7.658e+01 252
14019 7 0 3 2.634e+02 2.826e+02 179 0 1 6.404e+02 6.616e+02 197 0 2 2.830e+02 3.050e+02 204 0 4 2.866e+02 3.014e+02 137 0 1 2.607e+02 2.853e+02 229 1 2 6.274e+02 6.326e+02 49 1 4 6.176e+02 6.424e+02 230
14020 66 0 2 4.595e+02 4.645e+02 46 0 4 1.638e+02 1.722e+02 78 0 1 5.247e+02 5.253e+02 6 0 2 2.080e+02 2.120e+02 37 0 1 6.088e+02 6.092e+02 4 0 2 2.891e+02 2.989e+02 90 0 3 6.499e+02 6.521e+02 20 0 4 3.279e+02 3.441e+02 151 0 4 4.561e+02 4.679e+02 110 0 1 1.715e+02 2.065e+02 325 0 3 5.224e+02 5.276e+02 48 0 1 2.303e+02 2.317e+02 13 0 3 6.074e+02 6.106e+02 30 0 2 2.467e+02 2.573e+02 99 0 2 6.694e+02 6.746e+02 49 0 1 2.158e+02 2.462e+02 282 0 3 4.255e+02 4.565e+02 288 0 3 2.170e+02 2.450e+02 260 0 1 4.818e+02 4.842e+02 22 0 4 1.952e+02 2.248e+02 275 0 2 5.418e+02 5.502e+02 79 0 4 5.759e+02 6.001e+02 225 0 4 6.701e+02 6.739e+02 36 0 2 5.012e+02 5.068e+02 51 0 3 5.587e+02 5.753e+02 154 0 1 5.944e+02 6.236e+02 271 0 1 6.459e+02 6.561e+02 96 0 4 4.868e+02 5.212e+02 319 0 2 6.172e+02 6.428e+02 237 0 2 6.587e+02 6.853e+02 247 0 4 6.123e+02 6.477e+02 328 1 4 6.297e+02 6.303e+02 6 1 2 5.870e+02 5.890e+02 19 1 2 3.626e+02 3.934e+02 286 1 1 6.080e+02 6.100e+02 18 1 4 5.851e+02 5.909e+02 54 1 3 3.371e+02 3.769e+02 370 1 3 6.074e+02 6.106e+02 29 1 4 5.460e+02 5.460e+02 0 1 2 6.300e+02 6.300e+02 -4 1 1 5.658e+02 5.682e+02 22 1 2 5.767e+02 5.993e+02 210 2 3 1.039e+02 1.061e+02 21 2 4 2.094e+02 2.106e+02 11 2 4 2.934e+02 2.946e+02 10 2 4 3.296e+02 3.424e+02 118 2 4 4.089e+02 4.311e+02 206 2 4 4.045e+01 4.355e+01 29 2 4 4.929e+02 5.151e+02 206 2 2 1.258e+02 1.262e+02 5 2 1 2.270e+02 2.350e+02 74 2 1 2.686e+02 2.774e+02 82 2 1 6.275e+01 6.325e+01 5 2 2 7.451e+01 9.349e+01 176 2 3 1.739e+02 2.041e+02 280 2 3 2.288e+02 2.332e+02 41 2 3 2.679e+02 2.781e+02 94 2 3 5.557e+01 7.043e+01 138 2 4 7.307e+01 9.493e+01 203 2 4 2.488e+02 2.552e+02 59 2 2 3.605e+01 4.795e+01 110 2 4 1.095e+02 1.424e+02 306 2 2 2.065e+02 2.135e+02 66 2 2 2.515e+01 5.885e+01 313 2 4 2.030e+02 2.170e+02 130 2 2 2.402e+02 2.638e+02 219
14021 11 0 3 4.350e+01 8.250e+01 362 0 2 6.560e+02 6.880e+02 296 0 3 8.029e+01 1.297e+02 459 0 4 6.551e+02 6.889e+02 313 1 2 6.282e+02 6.318e+02 34 1 4 6.227e+02 6.373e+02 136 1 3 2.050e+02 2.570e+02 483 1 1 5.900e+02 6.280e+02 353 1 2 1.845e+02 2.355e+02 474 2 4 2.887e+02 2.993e+02 99 2 3 2.575e+02 2.885e+02 287
14022 13 0 4 5.880e+02 5.880e+02 -16 0 4 2.046e+02 2.154e+02 100 0 1 5.219e+02 5.281e+02 58 0 2 6.288e+02 6.312e+02 21 0 3 5.202e+02 5.298e+02 89 0 4 6.300e+02 6.300e+02 -3 0 1 6.439e+02 6.581e+02 132 0 2 5.288e+02 5.632e+02 320 0 1 5.936e+02 6.244e+02 286 0 1 6.343e+02 6.677e+02 310 0 1 5.532e+02 5.808e+02 256 0 4 6.494e+02 6.946e+02 420 0 3 5.494e+02 5.846e+02 327
14023 1 0 3 6.385e+02 6.635e+02 233
14025 10 0 2 6.296e+02 6.304e+02 7 0 3 5.631e+02 5.709e+02 72 0 3 1.299e+01 2.901e+01 149 0 4 5.847e+02 5.913e+02 62 0 4 2.501e+01 5.899e+01 316 0 2 5.306e+02 5.614e+02 286 0 4 6.241e+02 6.359e+02 110 0 1 5.554e+02 5.786e+02 216 0 1 5.925e+02 6.255e+02 306 0 3 5.912e+02 6.268e+02 330
14026 0
14027 0
14031 0
14032 10 0 1 6.478e+02 6.542e+02 59 0 1 5.216e+02 5.284e+02 63 0 1 6.398e+02 6.622e+02 208 0 1 4.362e+02 4.458e+02 89 0 2 4.496e+02 4.744e+02 230 0 2 5.350e+02 5.570e+02 204 0 2 6.607e+02 6.833e+02 210 0 3 4.295e+02 4.525e+02 214 0 3 5.065e+02 5.435e+02 344 2 3 1.500e+01 2.700e+01 111
14033 2 2 4 2.939e+02 2.941e+02 2 2 4 2.328e+02 2.712e+02 356
14034 0
