31395 28 0 1 6.495e+02 6.525e+02 28 0 3 3.984e+02 3.996e+02 10 0 4 4.602e+02 4.638e+02 34 0 4 2.807e+02 3.073e+02 246 0 1 5.229e+02 5.271e+02 40 0 2 3.654e+02 3.906e+02 234 0 3 6.043e+02 6.137e+02 88 0 1 4.348e+02 4.472e+02 115 0 2 4.561e+02 4.679e+02 110 0 2 5.427e+02 5.493e+02 60 0 4 5.809e+02 5.951e+02 132 0 2 6.590e+02 6.850e+02 240 0 1 3.872e+02 4.108e+02 219 0 3 5.621e+02 5.719e+02 90 0 1 6.004e+02 6.176e+02 160 0 4 6.587e+02 6.853e+02 247 0 3 4.234e+02 4.586e+02 327 0 1 5.533e+02 5.807e+02 254 0 3 5.945e+02 6.235e+02 269 0 2 6.534e+02 6.906e+02 346 0 4 4.023e+02 4.377e+02 328 0 4 6.524e+02 6.916e+02 365 0 3 4.179e+02 4.641e+02 430 1 4 6.255e+02 6.345e+02 83 2 3 6.019e+01 6.581e+01 52 2 1 4.996e+01 7.604e+01 242 2 2 2.761e+01 5.639e+01 267 2 4 2.209e+01 6.191e+01 370
31396 5 0 4 6.160e+02 6.440e+02 260 0 3 5.942e+02 6.238e+02 275 0 4 6.525e+02 6.915e+02 362 0 4 6.105e+02 6.495e+02 363 2 4 3.351e+02 3.369e+02 17
31397 0
31398 1 0 4 5.637e+02 6.123e+02 451
31400 13 0 1 3.128e+02 3.172e+02 41 0 4 3.187e+02 3.533e+02 322 1 3 1.017e+02 1.083e+02 61 1 3 2.716e+02 2.744e+02 26 1 4 1.226e+02 1.294e+02 64 1 4 2.364e+02 2.676e+02 290 2 3 1.883e+02 1.897e+02 12 2 2 1.680e+02 1.680e+02 -23 2 4 1.631e+02 1.729e+02 91 2 2 1.957e+02 2.243e+02 266 2 1 1.819e+02 1.961e+02 132 2 3 1.345e+02 1.595e+02 233 2 1 1.732e+02 2.048e+02 293
31402 0
31403 0
31404 23 0 4 6.264e+02 6.336e+02 67 0 1 6.480e+02 6.540e+02 56 0 2 5.009e+02 5.071e+02 58 0 2 6.662e+02 6.778e+02 107 0 4 4.989e+02 5.091e+02 95 0 3 5.097e+02 5.403e+02 285 0 4 6.647e+02 6.793e+02 136 0 3 6.448e+02 6.572e+02 116 0 2 6.578e+02 6.862e+02 264 2 4 3.353e+02 3.367e+02 12 2 3 3.984e+02 3.996e+02 10 2 2 8.326e+01 8.474e+01 14 2 2 3.743e+02 3.817e+02 68 2 3 5.079e+02 5.421e+02 317 2 4 8.231e+01 8.569e+01 31 2 4 2.886e+02 2.994e+02 100 2 3 3.491e+02 3.649e+02 146 2 2 1.239e+02 1.281e+02 40 2 3 9.488e+01 1.151e+02 188 2 3 8.891e+01 1.211e+02 299 3 2 6.227e+02 6.373e+02 136 3 4 4.538e+02 4.702e+02 153 3 1 6.404e+02 6.616e+02 196
31405 39 0 4 6.669e+02 6.771e+02 94 0 2 5.006e+02 5.074e+02 64 0 3 5.616e+02 5.724e+02 100 0 1 5.991e+02 6.189e+02 183 0 3 6.446e+02 6.574e+02 119 0 4 4.998e+02 5.082e+02 78 0 1 5.211e+02 5.289e+02 73 0 3 5.954e+02 6.226e+02 253 0 2 6.619e+02 6.821e+02 187 0 1 4.729e+02 4.931e+02 187 0 3 5.157e+02 5.343e+02 173 0 4 6.168e+02 6.432e+02 245 0 1 6.386e+02 6.634e+02 230 0 2 5.409e+02 5.511e+02 96 0 2 6.138e+02 6.462e+02 301 0 1 5.577e+02 5.763e+02 172 0 4 5.680e+02 6.080e+02 370 0 3 5.062e+02 5.438e+02 349 0 2 5.239e+02 5.681e+02 410 1 2 6.161e+02 6.439e+02 258 1 4 6.118e+02 6.482e+02 337 2 3 5.799e+01 6.801e+01 93 2 4 4.173e+02 4.227e+02 50 2 2 7.989e+01 8.811e+01 76 2 4 5.014e+02 5.066e+02 48 2 3 1.420e+02 1.520e+02 92 2 3 5.234e+02 5.266e+02 30 2 1 6.165e+00 3.583e+01 276 2 2 4.143e+02 4.257e+02 106 2 4 7.926e+01 8.874e+01 88 2 1 4.293e+02 4.527e+02 218 2 4 1.564e+02 1.796e+02 216 2 3 4.225e+02 4.595e+02 344 2 1 2.142e+02 2.478e+02 312 2 3 4.256e+01 8.344e+01 380 2 2 7.204e+01 9.596e+01 222 2 3 1.283e+02 1.657e+02 348 2 4 2.156e+01 6.244e+01 380 2 3 8.608e+01 1.239e+02 351
31407 22 0 1 6.450e+02 6.570e+02 110 0 2 5.025e+02 5.055e+02 28 0 2 6.208e+02 6.392e+02 170 0 2 6.652e+02 6.788e+02 126 0 4 4.977e+02 5.103e+02 117 0 3 5.104e+02 5.396e+02 271 0 4 6.218e+02 6.382e+02 152 0 4 6.686e+02 6.754e+02 64 0 1 4.687e+02 4.973e+02 266 0 4 5.747e+02 6.013e+02 247 0 3 6.379e+02 6.641e+02 243 0 4 4.888e+02 5.192e+02 281 0 1 5.940e+02 6.240e+02 278 0 2 6.591e+02 6.849e+02 239 1 2 6.300e+02 6.300e+02 -20 1 2 5.880e+02 5.880e+02 0 1 4 5.371e+02 5.549e+02 166 1 2 6.190e+02 6.410e+02 204 1 2 6.108e+02 6.492e+02 357 2 3 6.252e+01 6.348e+01 9 2 3 1.998e+01 2.202e+01 19 2 4 4.139e+01 4.261e+01 11
31409 1 0 3 6.498e+02 6.522e+02 21
31410 6 0 3 2.730e+02 2.730e+02 -4 0 4 6.715e+02 6.725e+02 9 1 1 2.997e+02 3.303e+02 284 2 2 5.339e+02 5.581e+02 226 3 2 8.240e+01 8.560e+01 30 3 2 7.271e+01 9.529e+01 210
31413 4 2 4 1.505e+02 1.855e+02 326 2 2 6.557e+02 6.883e+02 303 2 2 1.480e+02 1.880e+02 372 2 4 6.503e+02 6.937e+02 403
31414 0
31415 21 0 3 3.970e+02 4.010e+02 37 0 2 3.708e+02 3.852e+02 134 0 2 6.215e+02 6.385e+02 157 0 4 2.034e+02 2.166e+02 123 0 1 5.137e+02 5.363e+02 210 0 4 3.613e+02 3.947e+02 310 0 3 5.976e+02 6.204e+02 212 0 3 2.133e+02 2.487e+02 328 0 3 3.823e+02 4.157e+02 310 0 3 5.164e+02 5.336e+02 160 0 4 6.151e+02 6.449e+02 277 0 3 6.298e+02 6.722e+02 395 0 2 4.811e+02 5.269e+02 426 0 4 5.721e+02 6.039e+02 296 0 4 4.780e+02 5.300e+02 483 0 2 6.096e+02 6.504e+02 378 0 4 6.073e+02 6.527e+02 421 2 4 5.403e+02 5.517e+02 106 2 2 5.368e+02 5.552e+02 171 2 3 5.505e+02 5.835e+02 306 2 1 -4.648e+00 4.665e+01 476
31416 5 0 1 5.877e+02 6.303e+02 395 0 4 6.480e+02 6.960e+02 446 0 3 5.864e+02 6.316e+02 419 0 1 6.276e+02 6.744e+02 434 0 3 6.263e+02 6.757e+02 459
31417 1 2 2 5.805e+02 5.955e+02 139
31418 6 0 1 4.825e+02 4.835e+02 9 0 2 6.288e+02 6.312e+02 22 0 2 5.031e+02 5.049e+02 17 0 4 6.272e+02 6.328e+02 52 0 1 4.277e+02 4.543e+02 247 0 4 5.001e+02 5.079e+02 72
31419 27 0 3 1.887e+01 2.313e+01 40 0 1 3.976e+02 4.004e+02 26 0 2 2.836e+02 3.044e+02 194 0 3 6.079e+02 6.101e+02 21 0 2 6.706e+02 6.734e+02 26 0 4 3.165e+02 3.555e+02 363 0 4 4.177e+02 4.223e+02 43 0 4 4.996e+02 5.084e+02 82 0 3 5.610e+02 5.730e+02 111 0 1 6.037e+02 6.143e+02 98 0 4 6.707e+02 6.733e+02 25 0 3 3.871e+02 4.109e+02 220 0 1 4.783e+02 4.877e+02 88 0 1 5.579e+02 5.761e+02 170 0 1 6.351e+02 6.669e+02 295 0 2 5.329e+02 5.591e+02 244 0 3 6.321e+02 6.699e+02 351 1 1 6.078e+02 6.102e+02 22 1 2 6.286e+02 6.314e+02 26 1 4 6.272e+02 6.328e+02 51 1 2 6.151e+02 6.449e+02 277 1 3 5.895e+02 6.285e+02 361 2 4 2.098e+02 2.102e+02 5 2 3 9.407e+01 1.159e+02 203 2 3 4.794e+01 7.806e+01 280 2 2 6.764e+01 1.004e+02 304 2 4 6.679e+01 1.012e+02 320
31420 4 0 3 6.061e+02 6.119e+02 54 0 4 5.773e+02 5.987e+02 199 0 1 5.959e+02 6.221e+02 243 2 3 6.078e+02 6.102e+02 23
31421 4 0 2 6.477e+02 6.963e+02 451 0 4 6.473e+02 6.967e+02 458 2 1 7.737e+00 3.426e+01 246 2 3 -1.417e+00 4.342e+01 416
31422 1 3 4 5.370e+02 5.550e+02 168
31423 2 2 1 1.599e+01 2.601e+01 93 2 3 1.361e+01 2.839e+01 137
31424 46 0 2 6.525e+02 6.915e+02 362 2 3 3.131e+02 3.169e+02 36 2 2 4.171e+02 4.229e+02 53 2 2 3.327e+02 3.393e+02 62 2 4 5.022e+02 5.058e+02 33 2 3 1.981e+01 2.219e+01 22 2 1 5.239e+02 5.261e+02 21 2 2 8.303e+01 8.497e+01 18 2 3 5.183e+02 5.317e+02 125 2 3 1.870e+02 1.910e+02 36 2 1 3.794e+02 4.186e+02 365 2 4 2.080e+02 2.120e+02 37 2 2 2.919e+02 2.961e+02 39 2 4 3.323e+02 3.397e+02 69 2 4 4.031e+01 4.369e+01 31 2 4 8.330e+01 8.470e+01 13 2 4 1.542e+02 1.818e+02 256 2 1 2.293e+02 2.327e+02 31 2 4 2.831e+02 3.049e+02 203 2 1 3.549e+02 3.591e+02 39 2 1 6.100e+01 6.500e+01 37 2 3 1.027e+02 1.073e+02 42 2 3 1.720e+02 2.060e+02 316 2 3 2.245e+02 2.375e+02 120 2 3 2.536e+02 2.924e+02 360 2 3 3.543e+02 3.597e+02 50 2 3 5.723e+01 6.877e+01 107 2 2 1.235e+02 1.285e+02 47 2 1 1.322e+02 1.618e+02 275 2 4 2.483e+02 2.557e+02 68 2 2 2.768e+02 3.112e+02 319 2 2 3.743e+02 3.817e+02 68 2 1 1.065e+01 3.135e+01 192 2 4 1.196e+02 1.324e+02 120 2 3 1.295e+02 1.645e+02 325 2 2 1.998e+02 2.202e+02 189 2 4 3.712e+02 3.848e+02 127 2 3 1.052e+01 3.148e+01 195 2 2 1.144e+02 1.376e+02 216 2 2 2.389e+02 2.651e+02 243 2 1 3.417e+02 3.723e+02 284 2 2 2.703e+01 5.697e+01 278 2 3 8.640e+01 1.236e+02 346 2 2 1.936e+02 2.264e+02 305 2 3 3.398e+02 3.742e+02 319 2 4 1.947e+02 2.253e+02 285
31425 13 0 4 6.711e+02 6.729e+02 17 0 2 6.669e+02 6.771e+02 95 0 1 6.359e+02 6.661e+02 280 0 3 6.322e+02 6.698e+02 350 2 3 4.824e+02 4.836e+02 11 2 4 6.275e+02 6.325e+02 47 2 3 1.698e+01 2.502e+01 75 2 4 8.038e+01 8.762e+01 67 2 1 1.412e+02 1.528e+02 107 2 4 2.876e+02 3.004e+02 120 2 1 3.071e+02 3.229e+02 146 2 3 3.086e+02 3.214e+02 119 2 2 2.752e+02 3.128e+02 349
31428 26 0 2 5.032e+02 5.048e+02 16 0 4 5.847e+02 5.913e+02 61 0 4 4.980e+02 5.100e+02 111 0 3 5.903e+02 6.277e+02 347 0 3 5.073e+02 5.427e+02 329 2 1 2.706e+02 2.754e+02 46 2 1 1.864e+01 2.336e+01 44 2 1 3.969e+02 4.011e+02 40 2 2 8.227e+01 8.573e+01 32 2 3 3.954e+02 4.026e+02 67 2 3 2.701e+02 2.759e+02 54 2 3 1.837e+01 2.363e+01 49 2 2 4.084e+02 4.316e+02 216 2 4 7.957e+01 8.843e+01 82 2 4 2.394e+02 2.646e+02 235 2 2 2.871e+02 3.009e+02 129 2 4 3.623e+02 3.937e+02 291 2 2 3.825e+01 4.575e+01 70 2 3 9.726e+01 1.127e+02 144 2 1 2.139e+02 2.481e+02 317 2 4 2.853e+02 3.027e+02 161 2 4 3.726e+01 4.674e+01 88 2 4 1.106e+02 1.414e+02 286 2 3 3.112e+02 3.188e+02 71 2 1 5.454e+01 7.146e+01 157 2 4 6.414e+01 1.039e+02 369
31429 1 0 3 5.491e+02 5.849e+02 332
31430 24 0 4 2.909e+02 2.971e+02 58 0 3 6.001e+02 6.179e+02 166 1 4 6.245e+02 6.355e+02 102 2 3 6.149e+01 6.451e+01 28 2 1 3.946e+02 4.034e+02 81 2 4 8.151e+01 8.649e+01 46 2 3 4.806e+02 4.854e+02 46 2 3 1.581e+01 2.619e+01 96 2 4 5.866e+02 5.894e+02 26 2 3 9.604e+01 1.140e+02 166 2 4 3.638e+02 3.922e+02 263 2 3 3.977e+02 4.003e+02 25 2 2 3.986e+01 4.414e+01 40 2 2 4.998e+02 5.082e+02 77 2 1 1.254e+01 2.946e+01 157 2 3 5.978e+02 6.202e+02 207 2 3 6.838e+00 3.516e+01 263 2 2 4.028e+02 4.372e+02 319 2 4 4.517e+02 4.723e+02 190 2 4 4.013e+02 4.387e+02 347 2 2 4.922e+02 5.158e+02 219 3 1 6.203e+01 6.397e+01 18 3 3 1.545e+00 4.046e+01 361 3 2 3.219e+01 5.181e+01 182
