42997 7 0 2 3.270e+02 3.450e+02 167 0 2 6.601e+02 6.839e+02 220 0 1 3.432e+02 3.708e+02 257 0 4 3.609e+02 3.951e+02 317 0 4 6.579e+02 6.861e+02 262 1 2 6.300e+02 6.300e+02 -10 2 4 3.475e+01 4.925e+01 135
42998 27 0 2 6.720e+02 6.720e+02 -4 0 4 4.142e+02 4.258e+02 107 0 4 5.817e+02 5.943e+02 116 0 4 6.704e+02 6.736e+02 30 0 1 3.920e+02 4.060e+02 130 0 3 5.549e+02 5.791e+02 224 1 3 3.553e+02 3.587e+02 31 2 2 3.870e+01 4.530e+01 61 2 3 1.042e+02 1.058e+02 15 2 3 6.088e+02 6.092e+02 3 2 4 1.666e+02 1.694e+02 26 2 4 2.907e+02 2.973e+02 60 2 4 4.462e+02 4.778e+02 294 2 1 6.042e+01 6.558e+01 48 2 4 1.236e+02 1.284e+02 45 2 1 1.849e+02 1.931e+02 76 2 3 6.226e+01 6.374e+01 14 2 2 1.137e+02 1.383e+02 228 2 1 1.424e+02 1.516e+02 85 2 3 1.056e+01 3.144e+01 194 2 2 7.159e+01 9.641e+01 230 2 3 1.774e+02 2.006e+02 216 2 4 2.734e+01 5.666e+01 272 2 4 6.903e+01 9.897e+01 278 2 3 1.362e+02 1.578e+02 201 2 1 4.848e+01 7.752e+01 270 2 2 1.521e+02 1.839e+02 295
43003 14 0 1 6.479e+02 6.541e+02 58 0 1 5.239e+02 5.261e+02 20 0 4 6.202e+02 6.398e+02 182 0 3 5.153e+02 5.347e+02 180 0 2 6.127e+02 6.473e+02 321 0 2 5.315e+02 5.605e+02 270 2 2 2.515e+02 2.525e+02 9 2 1 2.693e+02 2.767e+02 69 2 1 6.051e+01 6.549e+01 46 2 4 2.442e+02 2.598e+02 146 2 4 3.484e+01 4.916e+01 133 2 3 2.135e+02 2.485e+02 326 2 3 5.696e+01 6.904e+01 112 2 4 2.335e+02 2.705e+02 343
43004 0
43006 10 0 2 2.084e+02 2.116e+02 29 0 4 2.077e+02 2.123e+02 43 0 1 2.131e+02 2.489e+02 333 0 3 2.127e+02 2.493e+02 340 1 3 2.308e+02 2.312e+02 4 1 4 2.505e+02 2.535e+02 27 1 2 2.491e+02 2.549e+02 54 1 1 2.161e+02 2.459e+02 276 1 3 2.131e+02 2.489e+02 333 2 4 1.236e+02 1.284e+02 44
43007 6 0 2 3.360e+02 3.360e+02 -3 0 1 5.612e+02 5.728e+02 107 0 1 3.507e+02 3.633e+02 117 0 4 3.248e+02 3.472e+02 209 1 2 7.491e+01 9.309e+01 169 1 4 7.724e+01 9.076e+01 126
43010 0
43011 3 2 4 2.514e+02 2.526e+02 11 2 1 2.730e+02 2.730e+02 -5 2 3 2.284e+02 2.336e+02 48
43012 6 1 1 1.828e+02 1.952e+02 115 1 2 1.981e+02 2.219e+02 220 1 4 2.010e+02 2.190e+02 168 1 3 1.727e+02 2.053e+02 303 2 1 1.361e+01 2.839e+01 137 2 3 1.003e+01 3.197e+01 204
43013 5 2 4 3.942e+01 4.458e+01 48 2 3 2.246e+02 2.374e+02 118 2 3 6.136e+01 6.464e+01 30 2 4 1.991e+02 2.209e+02 203 2 2 1.918e+02 2.282e+02 338
43014 6 0 3 6.475e+02 6.545e+02 65 0 2 6.595e+02 6.845e+02 232 0 4 6.586e+02 6.854e+02 250 2 3 5.714e+01 6.886e+01 109 2 2 7.347e+01 9.453e+01 196 2 4 7.222e+01 9.578e+01 219
43016 14 0 4 6.259e+02 6.341e+02 76 0 1 6.002e+02 6.178e+02 164 0 2 3.694e+02 3.866e+02 160 0 3 6.477e+02 6.543e+02 61 0 3 5.973e+02 6.207e+02 217 0 2 6.645e+02 6.795e+02 139 0 1 3.337e+02 3.803e+02 433 0 3 3.797e+02 4.183e+02 358 0 4 6.643e+02 6.797e+02 144 0 4 3.568e+02 3.992e+02 394 0 4 6.539e+02 6.901e+02 336 2 3 1.050e+02 1.050e+02 -15 2 4 6.679e+01 1.012e+02 320 2 2 1.076e+02 1.444e+02 342
43017 6 0 3 4.261e+02 4.559e+02 277 2 4 6.229e+02 6.371e+02 131 2 2 6.700e+02 6.740e+02 38 2 3 6.385e+02 6.635e+02 232 3 1 1.900e+01 2.300e+01 37 3 1 5.723e+01 6.877e+01 107
43018 77 0 2 3.344e+02 3.376e+02 30 0 3 3.981e+02 3.999e+02 17 0 2 5.029e+02 5.051e+02 20 0 4 3.246e+02 3.474e+02 212 0 2 5.445e+02 5.475e+02 27 0 1 2.986e+02 3.314e+02 304 0 4 5.858e+02 5.902e+02 40 0 1 3.450e+02 3.690e+02 223 0 2 6.708e+02 6.732e+02 22 0 1 3.377e+02 3.763e+02 359 0 4 4.185e+02 4.215e+02 27 0 4 4.924e+02 5.156e+02 216 0 3 5.128e+02 5.372e+02 226 0 4 6.182e+02 6.418e+02 219 0 4 6.695e+02 6.745e+02 46 0 1 4.652e+02 5.008e+02 330 0 3 5.493e+02 5.847e+02 329 0 4 5.765e+02 5.995e+02 213 0 3 6.418e+02 6.602e+02 171 0 1 5.104e+02 5.396e+02 271 0 1 5.949e+02 6.231e+02 262 0 1 6.360e+02 6.660e+02 278 0 3 5.982e+02 6.198e+02 200 0 2 6.147e+02 6.453e+02 284 1 4 6.291e+02 6.309e+02 16 1 2 4.596e+02 4.644e+02 45 1 1 4.400e+02 4.420e+02 18 1 4 5.880e+02 5.880e+02 -0 1 4 3.651e+02 3.909e+02 240 1 1 6.087e+02 6.093e+02 6 1 3 4.737e+02 4.923e+02 173 1 1 5.650e+02 5.690e+02 37 1 3 6.062e+02 6.118e+02 51 1 4 4.893e+02 5.187e+02 273 1 3 5.598e+02 5.742e+02 134 1 2 6.279e+02 6.321e+02 39 1 2 5.850e+02 5.910e+02 56 1 2 6.154e+02 6.446e+02 270 1 4 5.705e+02 6.055e+02 326 2 4 2.513e+02 2.527e+02 12 2 1 2.730e+02 2.730e+02 0 2 3 3.972e+02 4.008e+02 34 2 2 3.338e+02 3.382e+02 40 2 3 2.079e+01 2.121e+01 4 2 3 4.324e+02 4.496e+02 160 2 4 1.260e+02 1.260e+02 -4 2 4 6.184e+02 6.416e+02 215 2 3 1.456e+02 1.484e+02 26 2 3 3.867e+02 4.113e+02 229 2 4 2.099e+02 2.101e+02 2 2 4 4.449e+02 4.791e+02 318 2 4 2.900e+02 2.980e+02 75 2 4 3.762e+02 3.798e+02 33 2 4 3.583e+01 4.817e+01 115 2 3 1.047e+02 1.053e+02 6 2 2 1.676e+02 1.684e+02 8 2 2 2.455e+02 2.585e+02 120 2 1 3.000e+02 3.300e+02 279 2 4 3.290e+02 3.430e+02 130 2 2 3.040e+01 5.360e+01 216 2 4 1.183e+02 1.337e+02 142 2 1 1.843e+02 1.937e+02 88 2 1 2.204e+02 2.416e+02 196 2 3 3.014e+02 3.286e+02 252 2 3 3.368e+02 3.772e+02 376 2 1 6.616e+00 3.538e+01 267 2 2 1.174e+02 1.346e+02 160 2 3 1.820e+02 1.960e+02 130 2 3 2.211e+02 2.409e+02 184 2 1 2.545e+02 2.915e+02 344 2 4 6.863e+01 9.937e+01 286 2 1 1.431e+02 1.509e+02 73 2 4 1.969e+02 2.231e+02 244 2 2 2.766e+02 3.114e+02 323 2 4 1.597e+02 1.763e+02 154 2 1 2.115e+02 2.505e+02 362 3 3 1.891e+01 2.309e+01 39
43019 0
43021 28 0 3 6.203e+01 6.397e+01 18 0 4 8.128e+01 8.672e+01 50 0 2 3.448e+01 4.952e+01 140 0 1 5.889e+01 6.711e+01 76 0 4 2.730e+01 5.670e+01 273 0 1 4.915e+01 7.685e+01 257 1 1 1.998e+01 2.202e+01 19 1 2 1.182e+02 1.338e+02 145 1 2 8.370e+01 8.430e+01 6 1 3 3.108e+02 3.192e+02 78 1 1 1.137e+01 3.063e+01 179 1 1 3.439e+02 3.701e+02 244 1 4 8.204e+01 8.596e+01 36 1 4 1.219e+02 1.301e+02 76 1 1 5.943e+01 6.657e+01 66 1 2 3.321e+02 3.399e+02 72 1 3 5.427e+01 7.173e+01 162 1 3 3.484e+02 3.656e+02 160 1 2 7.706e+01 9.094e+01 129 1 1 9.609e+01 1.139e+02 166 1 4 2.977e+01 5.423e+01 227 1 2 2.854e+02 3.026e+02 160 1 3 9.272e+01 1.173e+02 228 1 1 4.897e+01 7.703e+01 260 1 4 2.863e+02 3.017e+02 144 1 3 4.848e+01 7.752e+01 270 1 1 3.011e+02 3.289e+02 259 1 4 3.204e+02 3.516e+02 290
43022 79 0 4 4.620e+02 4.620e+02 -1 0 2 2.477e+02 2.563e+02 80 0 3 5.229e+02 5.271e+02 39 0 2 2.892e+02 2.988e+02 90 0 4 5.867e+02 5.893e+02 24 0 2 6.715e+02 6.725e+02 10 0 1 2.163e+02 2.457e+02 273 0 3 3.910e+02 4.070e+02 149 0 4 2.854e+02 3.026e+02 160 0 2 5.009e+02 5.071e+02 58 0 1 2.595e+02 2.865e+02 250 0 1 5.659e+02 5.681e+02 20 0 3 2.545e+02 2.915e+02 343 0 4 6.261e+02 6.339e+02 72 0 2 2.752e+02 3.128e+02 350 0 4 6.710e+02 6.730e+02 18 0 1 3.864e+02 4.116e+02 234 0 4 2.746e+02 3.134e+02 360 0 4 5.011e+02 5.069e+02 53 0 3 5.623e+02 5.717e+02 87 0 1 6.033e+02 6.147e+02 106 0 1 6.452e+02 6.568e+02 108 0 1 4.253e+02 4.567e+02 291 0 2 4.572e+02 4.668e+02 90 0 1 5.533e+02 5.807e+02 254 0 3 6.006e+02 6.174e+02 156 0 3 6.466e+02 6.554e+02 81 0 3 4.231e+02 4.589e+02 333 0 1 4.736e+02 4.924e+02 174 0 3 5.082e+02 5.418e+02 312 0 4 5.751e+02 6.009e+02 239 0 1 6.312e+02 6.708e+02 367 0 1 4.574e+02 5.086e+02 475 0 3 5.909e+02 6.271e+02 336 0 3 6.320e+02 6.700e+02 352 0 3 4.603e+02 5.057e+02 422 0 2 6.154e+02 6.446e+02 271 0 4 6.130e+02 6.470e+02 316 0 4 5.656e+02 6.104e+02 416 1 1 5.646e+02 5.694e+02 45 1 1 3.538e+02 3.602e+02 60 1 2 6.287e+02 6.313e+02 25 1 2 5.859e+02 5.901e+02 40 1 4 6.296e+02 6.304e+02 7 1 4 5.740e+02 6.020e+02 260 1 1 6.069e+02 6.111e+02 39 1 1 5.519e+02 5.821e+02 280 1 3 6.036e+02 6.144e+02 100 1 3 5.904e+02 6.276e+02 346 2 1 1.869e+02 1.911e+02 40 2 2 5.454e+02 5.466e+02 10 2 2 2.500e+02 2.540e+02 36 2 1 3.964e+02 4.016e+02 48 2 2 1.247e+02 1.273e+02 24 2 3 5.238e+02 5.262e+02 23 2 3 1.867e+02 1.913e+02 43 2 3 4.347e+02 4.473e+02 117 2 4 2.092e+02 2.108e+02 16 2 4 4.980e+02 5.100e+02 112 2 2 2.853e+02 3.027e+02 161 2 2 5.359e+02 5.561e+02 187 2 4 3.727e+02 3.833e+02 99 2 3 3.819e+02 4.161e+02 317 2 3 1.003e+02 1.097e+02 88 2 4 4.423e+02 4.817e+02 366 2 4 1.645e+02 1.715e+02 65 2 1 5.545e+02 5.795e+02 233 2 3 2.271e+02 2.349e+02 73 2 3 3.019e+02 3.281e+02 244 2 2 3.646e+02 3.914e+02 250 2 3 4.404e+01 8.196e+01 352 2 4 1.181e+02 1.339e+02 146 2 1 1.743e+02 2.037e+02 273 2 2 1.938e+02 2.262e+02 301 2 3 -5.051e+00 4.705e+01 484 2 2 1.497e+02 1.863e+02 340 2 4 1.866e+02 2.334e+02 436 3 4 2.513e+02 2.527e+02 12 3 4 2.345e+02 2.695e+02 326
43023 40 0 4 4.587e+02 4.653e+02 61 0 3 2.693e+02 2.767e+02 68 0 2 6.663e+02 6.777e+02 106 0 4 4.126e+02 4.274e+02 137 0 1 4.794e+02 4.866e+02 67 0 4 6.637e+02 6.803e+02 155 0 3 4.272e+02 4.548e+02 257 0 1 4.645e+02 5.015e+02 343 0 1 6.415e+02 6.605e+02 176 0 3 6.398e+02 6.622e+02 207 1 1 5.665e+02 5.675e+02 9 1 4 6.288e+02 6.312e+02 23 1 4 5.827e+02 5.933e+02 98 1 3 6.037e+02 6.143e+02 98 1 2 5.798e+02 5.962e+02 152 1 2 6.219e+02 6.381e+02 151 1 1 5.912e+02 6.268e+02 330 2 1 3.130e+02 3.170e+02 36 2 4 5.451e+02 5.469e+02 17 2 3 1.407e+02 1.533e+02 116 2 2 2.043e+02 2.157e+02 106 2 1 2.688e+02 2.772e+02 78 2 4 3.677e+01 4.723e+01 97 2 2 1.178e+02 1.342e+02 153 2 4 5.300e+02 5.620e+02 298 2 4 2.100e+02 2.100e+02 -1 2 4 6.146e+02 6.454e+02 286 2 1 2.519e+02 2.941e+02 391 2 3 6.451e+02 6.569e+02 110 2 1 2.245e+02 2.375e+02 121 2 4 5.690e+02 6.070e+02 352 2 3 2.261e+02 2.359e+02 90 2 2 6.708e+02 6.732e+02 23 2 2 2.374e+02 2.666e+02 270 3 1 1.792e+01 2.408e+01 57 3 3 6.300e+01 6.300e+01 -2 3 3 2.030e+01 2.170e+01 13 3 2 3.892e+01 4.508e+01 57 3 1 4.910e+00 3.709e+01 299 3 3 5.492e+00 3.651e+01 288
43025 1 0 4 6.135e+02 6.465e+02 306
43027 1 3 1 3.922e+02 4.058e+02 126
43029 0
43032 22 0 1 5.670e+02 5.670e+02 -12 0 4 5.029e+02 5.051e+02 21 0 2 6.657e+02 6.783e+02 116 0 1 5.623e+02 5.717e+02 87 0 3 4.580e+02 5.080e+02 465 0 2 5.304e+02 5.616e+02 289 0 4 5.701e+02 6.059e+02 333 0 4 4.834e+02 5.246e+02 383 0 1 4.579e+02 5.081e+02 466 2 1 2.100e+01 2.100e+01 -7 2 3 1.050e+02 1.050e+02 -10 2 3 2.097e+01 2.103e+01 0 2 2 2.497e+01 5.903e+01 316 2 4 1.102e+02 1.418e+02 294 2 4 2.452e+01 5.948e+01 325 2 3 -4.961e+00 4.696e+01 482 2 4 4.021e+02 4.379e+02 333 3 2 3.251e+01 5.149e+01 176 3 1 6.929e+00 3.507e+01 261 3 4 3.421e+01 4.979e+01 145 3 3 6.886e+00 3.511e+01 262 3 1 5.683e+01 6.917e+01 115
43033 4 0 1 5.666e+02 5.674e+02 7 0 3 5.634e+02 5.706e+02 66 0 3 5.519e+02 5.821e+02 281 0 2 5.322e+02 5.598e+02 256
43035 0
43038 0
43039 63 0 2 5.452e+02 5.468e+02 16 0 2 6.293e+02 6.307e+02 13 0 3 6.503e+02 6.517e+02 13 0 4 3.669e+02 3.891e+02 206 0 2 4.995e+02 5.085e+02 84 0 2 3.627e+02 3.933e+02 285 0 1 5.177e+02 5.323e+02 135 0 4 6.286e+02 6.314e+02 26 0 2 6.709e+02 6.731e+02 20 0 4 5.010e+02 5.070e+02 56 0 3 5.196e+02 5.304e+02 100 0 4 5.846e+02 5.914e+02 64 0 1 6.458e+02 6.562e+02 96 0 3 4.704e+02 4.956e+02 234 0 3 5.520e+02 5.820e+02 279 0 1 6.025e+02 6.155e+02 121 0 1 6.385e+02 6.635e+02 232 0 2 4.924e+02 5.156e+02 216 0 3 6.001e+02 6.179e+02 165 0 4 6.534e+02 6.906e+02 346 1 3 4.827e+02 4.833e+02 6 1 3 5.616e+02 5.724e+02 100 1 1 4.383e+02 4.437e+02 50 1 1 6.087e+02 6.093e+02 5 1 3 4.390e+02 4.430e+02 37 1 4 5.029e+02 5.051e+02 21 1 4 4.562e+02 4.678e+02 107 1 2 5.862e+02 5.898e+02 34 1 2 4.516e+02 4.724e+02 193 1 3 6.081e+02 6.099e+02 16 1 3 5.220e+02 5.280e+02 56 1 4 4.083e+02 4.317e+02 217 1 4 5.859e+02 5.901e+02 39 1 2 6.273e+02 6.327e+02 50 1 2 5.392e+02 5.528e+02 127 1 4 6.284e+02 6.316e+02 30 1 4 5.724e+02 6.036e+02 290 1 4 5.336e+02 5.584e+02 230 1 2 5.282e+02 5.638e+02 331 2 4 1.663e+02 1.697e+02 31 2 4 2.920e+02 2.960e+02 36 2 2 4.184e+02 4.216e+02 29 2 4 4.009e+01 4.391e+01 36 2 4 5.417e+02 5.503e+02 80 2 2 7.881e+01 8.919e+01 96 2 3 3.839e+02 4.141e+02 280 2 3 1.878e+02 1.902e+02 22 2 2 4.068e+02 4.332e+02 245 2 4 3.662e+02 3.898e+02 220 2 4 4.087e+02 4.313e+02 210 2 1 6.176e+01 6.424e+01 23 2 2 7.150e+01 9.650e+01 232 2 2 1.574e+02 1.786e+02 196 2 4 1.971e+02 2.229e+02 240 2 3 6.158e+01 6.442e+01 26 2 4 6.665e+01 1.013e+02 322 2 3 1.287e+02 1.653e+02 340 2 3 2.103e+02 2.517e+02 384 2 1 7.781e+00 3.422e+01 246 2 2 2.968e+01 5.432e+01 229 2 4 2.784e+01 5.616e+01 263 2 1 4.736e+01 7.864e+01 290 2 3 4.888e+01 7.712e+01 262
43040 0
43042 8 0 4 5.733e+02 6.027e+02 272 0 4 6.547e+02 6.893e+02 322 0 1 5.415e+02 5.925e+02 474 0 4 6.113e+02 6.487e+02 347 0 3 5.871e+02 6.309e+02 407 0 3 6.262e+02 6.758e+02 461 2 3 5.718e+00 3.628e+01 284 2 2 1.644e+01 6.756e+01 475
43051 26 0 4 5.803e+02 5.957e+02 144 0 3 6.500e+02 6.520e+02 18 0 1 5.917e+02 6.263e+02 321 0 1 6.478e+02 6.542e+02 60 0 3 5.957e+02 6.223e+02 246 0 2 6.615e+02 6.825e+02 195 0 4 6.593e+02 6.847e+02 236 2 4 2.502e+02 2.538e+02 33 2 4 3.764e+02 3.796e+02 29 2 3 4.392e+02 4.428e+02 34 2 3 1.945e+01 2.255e+01 29 2 3 3.987e+02 3.993e+02 6 2 1 2.662e+02 2.798e+02 126 2 1 8.905e+00 3.310e+01 225 2 4 4.152e+02 4.248e+02 90 2 4 1.577e+02 1.783e+02 190 2 2 4.455e+02 4.785e+02 306 2 4 3.195e+02 3.525e+02 306 2 1 4.379e+02 4.441e+02 57 2 3 1.335e+01 2.865e+01 142 2 3 3.877e+02 4.103e+02 210 2 3 2.563e+02 2.897e+02 310 2 2 4.075e+02 4.325e+02 233 2 2 3.421e+01 4.979e+01 145 2 4 2.568e+01 5.832e+01 303 2 1 4.283e+02 4.537e+02 236
43056 2 0 3 5.849e+01 6.751e+01 84 0 4 2.474e+01 5.926e+01 320
43061 3 2 3 6.090e+02 6.090e+02 0 2 4 5.827e+02 5.933e+02 98 2 3 5.936e+02 6.244e+02 286
43062 12 0 1 6.481e+02 6.539e+02 53 0 3 6.447e+02 6.573e+02 117 0 4 6.586e+02 6.854e+02 250 0 2 6.561e+02 6.879e+02 295 2 1 1.608e+01 2.592e+01 91 2 2 7.841e+01 8.959e+01 104 2 3 1.891e+01 2.309e+01 39 2 4 1.135e+02 1.385e+02 231 2 3 5.247e+01 7.353e+01 196 2 4 7.186e+01 9.614e+01 226 2 1 4.552e+01 8.048e+01 325 2 2 2.313e+01 6.087e+01 350
43064 19 0 3 6.090e+02 6.090e+02 -12 0 3 1.885e+02 1.895e+02 10 0 1 5.230e+02 5.270e+02 38 0 4 6.192e+02 6.408e+02 201 0 4 1.530e+02 1.830e+02 278 0 2 5.336e+02 5.584e+02 230 0 4 4.094e+02 4.306e+02 197 0 1 5.536e+02 5.804e+02 248 1 2 6.237e+02 6.363e+02 116 2 4 8.236e+01 8.564e+01 30 2 4 5.396e+02 5.524e+02 118 2 1 6.194e+01 6.406e+01 20 2 3 5.581e+02 5.759e+02 165 2 3 6.118e+01 6.482e+01 34 2 1 7.242e+00 3.476e+01 256 2 2 1.440e+02 1.920e+02 446 2 2 2.712e+01 5.688e+01 276 2 4 1.415e+02 1.945e+02 493 2 4 2.600e+01 5.800e+01 297
