55212 17 0 4 6.261e+02 6.339e+02 72 0 1 3.967e+02 4.013e+02 43 0 1 6.020e+02 6.160e+02 130 0 2 6.223e+02 6.377e+02 143 0 4 4.066e+02 4.334e+02 248 0 4 5.804e+02 5.956e+02 140 0 1 6.471e+02 6.549e+02 73 0 3 4.285e+02 4.535e+02 231 0 3 5.968e+02 6.212e+02 227 0 3 6.496e+02 6.524e+02 26 0 2 6.713e+02 6.727e+02 12 0 3 6.355e+02 6.665e+02 288 2 3 5.934e+01 6.666e+01 68 2 3 1.334e+01 2.866e+01 142 2 2 6.782e+01 1.002e+02 300 2 4 3.295e+01 5.105e+01 168 2 1 5.063e+01 7.537e+01 230
55213 0
55214 7 0 4 4.124e+02 4.276e+02 141 2 1 6.118e+01 6.482e+01 34 2 4 7.859e+01 8.941e+01 100 2 4 3.627e+01 4.773e+01 106 2 3 5.288e+01 7.312e+01 188 2 2 2.846e+01 5.554e+01 251 2 4 2.281e+01 6.119e+01 356
55215 13 2 1 2.659e+02 2.801e+02 131 2 1 2.216e+02 2.404e+02 176 2 3 2.632e+02 2.828e+02 182 2 3 2.226e+02 2.394e+02 156 2 2 2.405e+02 2.635e+02 214 3 2 1.676e+02 1.684e+02 8 3 4 1.647e+02 1.713e+02 62 3 1 1.841e+02 1.939e+02 90 3 3 1.861e+02 1.919e+02 53 3 1 1.773e+02 2.007e+02 218 3 3 1.746e+02 2.034e+02 267 3 2 1.936e+02 2.264e+02 304 3 4 1.921e+02 2.279e+02 333
55216 0
55217 12 0 1 5.230e+02 5.270e+02 37 0 1 6.083e+02 6.097e+02 12 0 2 5.439e+02 5.481e+02 40 0 1 3.480e+02 3.660e+02 167 0 3 6.046e+02 6.134e+02 82 0 4 3.616e+02 3.944e+02 305 0 1 4.633e+02 5.027e+02 366 0 3 5.975e+02 6.205e+02 213 0 2 3.219e+02 3.501e+02 261 0 4 6.173e+02 6.427e+02 236 0 2 6.122e+02 6.478e+02 330 1 3 6.016e+02 6.164e+02 137
55218 17 0 1 3.563e+02 3.577e+02 13 0 1 3.932e+02 4.048e+02 108 0 3 4.277e+02 4.543e+02 246 0 4 4.448e+02 4.792e+02 320 2 1 5.650e+02 5.690e+02 38 2 3 5.639e+02 5.701e+02 58 2 4 5.304e+02 5.616e+02 290 3 1 4.381e+02 4.439e+02 53 3 1 4.812e+02 4.848e+02 34 3 1 3.863e+02 4.117e+02 236 3 4 5.314e+02 5.606e+02 270 3 4 4.152e+02 4.248e+02 90 3 3 3.896e+02 4.084e+02 175 3 3 4.330e+02 4.490e+02 149 3 2 4.042e+02 4.358e+02 293 3 4 4.046e+02 4.354e+02 286 3 2 4.464e+02 4.776e+02 290
55219 7 0 4 6.300e+02 6.300e+02 -20 0 4 6.689e+02 6.751e+02 58 2 4 4.200e+02 4.200e+02 -4 2 2 4.620e+02 4.620e+02 -17 2 1 4.820e+02 4.840e+02 18 2 4 4.128e+02 4.272e+02 134 3 3 3.404e+02 3.736e+02 309
55220 5 2 4 2.037e+02 2.163e+02 117 2 1 2.201e+02 2.419e+02 203 2 3 1.692e+02 2.088e+02 367 2 3 2.187e+02 2.433e+02 228 2 2 1.957e+02 2.243e+02 265
55221 1 2 4 3.770e+02 3.790e+02 19
55222 6 2 1 1.904e+01 2.296e+01 36 2 4 8.213e+01 8.587e+01 35 2 3 1.806e+01 2.394e+01 55 2 2 7.957e+01 8.843e+01 82 2 2 2.618e+01 5.782e+01 294 2 3 8.783e+01 1.222e+02 319
55223 2 0 4 6.673e+02 6.767e+02 88 2 3 6.167e+01 6.433e+01 25
55224 25 0 2 6.548e+02 6.892e+02 319 1 3 6.076e+02 6.104e+02 26 1 3 5.961e+02 6.219e+02 240 1 3 5.137e+02 5.363e+02 210 2 3 3.987e+02 3.993e+02 6 2 4 8.334e+01 8.466e+01 12 2 4 6.263e+02 6.337e+02 68 2 4 3.743e+02 3.817e+02 69 2 4 6.671e+02 6.769e+02 90 2 1 5.651e+01 6.949e+01 120 2 1 3.962e+02 4.018e+02 51 2 3 1.017e+02 1.083e+02 61 2 4 5.327e+02 5.593e+02 246 2 1 1.374e+02 1.566e+02 179 2 4 6.597e+02 6.843e+02 229 2 2 3.287e+02 3.433e+02 136 2 3 5.524e+02 5.816e+02 271 2 3 6.149e+01 6.451e+01 28 2 2 7.513e+01 9.287e+01 165 2 4 3.306e+02 3.414e+02 100 2 4 2.663e+01 5.737e+01 286 2 2 6.849e+01 9.951e+01 288 2 1 3.484e+02 3.656e+02 159 2 3 3.387e+02 3.753e+02 340 2 4 3.589e+02 3.971e+02 354
55225 0
55226 79 0 1 5.655e+02 5.685e+02 28 0 4 7.774e+01 9.026e+01 116 0 4 5.880e+02 5.880e+02 -19 0 4 2.087e+02 2.113e+02 25 0 4 6.713e+02 6.727e+02 14 0 1 3.551e+02 3.589e+02 35 0 4 5.035e+02 5.045e+02 9 0 3 5.641e+02 5.699e+02 55 0 2 6.283e+02 6.317e+02 32 0 1 6.503e+02 6.517e+02 12 0 2 4.958e+02 5.122e+02 153 0 1 5.202e+02 5.298e+02 90 0 4 5.829e+02 5.931e+02 94 0 3 6.484e+02 6.536e+02 49 0 1 4.729e+02 4.931e+02 188 0 3 5.223e+02 5.277e+02 50 0 3 6.008e+02 6.172e+02 153 0 2 6.695e+02 6.745e+02 46 0 4 4.858e+02 5.222e+02 337 0 2 5.455e+02 5.465e+02 10 0 4 6.248e+02 6.352e+02 96 0 3 5.534e+02 5.806e+02 253 0 1 5.978e+02 6.202e+02 209 0 1 5.097e+02 5.403e+02 284 0 4 6.104e+02 6.496e+02 364 0 2 5.268e+02 5.652e+02 357 1 2 1.259e+02 1.261e+02 2 1 3 5.658e+02 5.682e+02 22 1 4 6.286e+02 6.314e+02 26 1 3 5.214e+02 5.286e+02 67 1 2 5.866e+02 5.894e+02 26 1 3 6.071e+02 6.109e+02 36 1 1 5.160e+02 5.340e+02 166 1 4 5.852e+02 5.908e+02 51 1 2 6.294e+02 6.306e+02 11 1 1 5.080e+02 5.420e+02 316 1 4 5.447e+02 5.473e+02 24 1 1 5.985e+02 6.195e+02 195 1 3 5.114e+02 5.386e+02 253 1 4 5.788e+02 5.972e+02 171 1 2 5.352e+02 5.568e+02 201 1 1 5.582e+02 5.758e+02 164 1 4 5.726e+02 6.034e+02 286 2 4 2.504e+02 2.536e+02 30 2 2 4.594e+02 4.646e+02 49 2 4 3.337e+02 3.383e+02 42 2 4 5.861e+02 5.899e+02 35 2 1 1.976e+01 2.224e+01 23 2 4 4.196e+02 4.204e+02 8 2 1 4.768e+02 4.892e+02 115 2 2 2.075e+02 2.125e+02 47 2 3 5.955e+02 6.225e+02 251 2 3 1.963e+01 2.237e+01 26 2 2 6.608e+02 6.832e+02 208 2 2 1.184e+02 1.336e+02 141 2 1 4.359e+02 4.461e+02 95 2 3 1.852e+02 1.928e+02 71 2 4 5.290e+02 5.630e+02 316 2 4 2.062e+02 2.138e+02 70 2 3 4.347e+02 4.473e+02 117 2 3 2.661e+02 2.799e+02 129 2 2 4.114e+02 4.286e+02 159 2 2 3.856e+01 4.544e+01 64 2 3 3.804e+02 4.176e+02 346 2 4 7.729e+01 9.071e+01 125 2 4 1.526e+02 1.834e+02 286 2 3 2.246e+02 2.374e+02 118 2 4 2.856e+02 3.024e+02 156 2 3 6.118e+01 6.482e+01 34 2 4 1.119e+02 1.401e+02 262 2 2 2.513e+02 2.527e+02 12 2 1 4.817e+01 7.783e+01 276 2 4 6.778e+01 1.002e+02 301 2 1 2.201e+02 2.419e+02 203 2 1 4.550e+00 3.745e+01 306 2 4 1.966e+02 2.234e+02 249 2 2 2.254e+01 6.146e+01 361 2 3 4.229e+01 8.371e+01 385 3 1 5.237e+02 5.263e+02 24
55227 0
55228 6 0 4 8.312e+01 8.488e+01 16 0 3 1.012e+02 1.088e+02 71 0 3 4.965e+01 7.635e+01 248 0 1 9.865e+01 1.114e+02 118 0 2 1.083e+02 1.437e+02 329 3 1 6.403e+02 6.617e+02 199
55229 5 0 2 4.612e+02 4.628e+02 16 0 4 4.598e+02 4.642e+02 40 0 1 4.236e+02 4.584e+02 323 1 2 5.387e+02 5.533e+02 136 2 3 3.382e+00 3.862e+01 327
55230 0
55231 26 0 4 1.621e+02 1.739e+02 110 0 3 5.250e+02 5.250e+02 -2 0 3 6.085e+02 6.095e+02 9 0 3 6.510e+02 6.510e+02 -9 0 1 4.384e+02 4.436e+02 49 0 1 5.182e+02 5.318e+02 126 0 4 6.646e+02 6.794e+02 138 0 3 4.372e+02 4.448e+02 71 0 2 4.464e+02 4.776e+02 290 0 3 5.135e+02 5.365e+02 214 0 1 6.466e+02 6.554e+02 82 0 3 4.272e+02 4.548e+02 256 0 2 6.622e+02 6.818e+02 182 0 1 3.863e+02 4.117e+02 236 0 3 3.849e+02 4.131e+02 262 0 1 4.141e+02 4.679e+02 500 2 4 2.100e+02 2.100e+02 0 2 4 1.182e+02 1.338e+02 145 2 4 1.587e+02 1.773e+02 173 2 1 4.679e+02 4.981e+02 280 2 4 6.854e+01 9.946e+01 287 2 1 -1.686e+00 4.369e+01 421 2 1 4.246e+02 4.574e+02 305 2 3 8.868e+01 1.213e+02 303 2 3 -5.233e+00 4.723e+01 487 2 2 1.037e+02 1.483e+02 415
55232 4 1 3 4.323e+02 4.497e+02 161 2 2 5.849e+02 5.911e+02 57 3 2 4.950e+02 5.130e+02 167 3 3 4.721e+02 4.939e+02 203
55233 3 0 1 5.589e+02 5.751e+02 150 0 3 5.621e+02 5.719e+02 91 0 2 5.310e+02 5.610e+02 279
55234 0
55235 4 2 3 5.795e+01 6.805e+01 94 2 4 3.259e+01 5.141e+01 175 2 3 4.942e+01 7.658e+01 252 3 1 1.460e+01 2.740e+01 119
55236 0
55237 15 0 2 6.720e+02 6.720e+02 -21 0 2 6.537e+02 6.903e+02 340 0 4 6.538e+02 6.902e+02 338 1 2 6.128e+02 6.472e+02 319 2 4 2.494e+02 2.546e+02 48 2 1 3.148e+02 3.152e+02 3 2 3 1.631e+01 2.569e+01 87 2 4 4.103e+02 4.297e+02 180 2 3 2.725e+02 2.735e+02 10 2 2 2.920e+02 2.960e+02 38 2 4 4.896e+02 5.184e+02 268 2 4 2.501e+01 5.899e+01 316 2 2 6.840e+01 9.960e+01 290 2 1 4.862e+01 7.738e+01 267 2 1 2.712e+00 3.929e+01 340
55238 16 0 1 4.843e+01 7.757e+01 270 0 4 4.898e+02 5.182e+02 263 0 4 6.818e+01 9.982e+01 294 0 2 2.314e+02 2.726e+02 383 0 3 4.568e+02 5.092e+02 487 0 3 2.534e+02 2.926e+02 365 0 3 4.704e+01 7.896e+01 296 0 2 1.559e+01 6.841e+01 490 1 2 5.444e+02 5.476e+02 29 2 2 2.051e+02 2.149e+02 91 2 3 6.973e+00 3.503e+01 260 2 4 2.873e+01 5.527e+01 246 2 3 2.500e+02 2.960e+02 426 2 2 2.138e+01 6.262e+01 383 2 1 3.843e+01 8.757e+01 456 2 3 3.695e+01 8.905e+01 484
55239 1 0 2 6.538e+02 6.902e+02 337
55240 10 0 3 5.670e+02 5.670e+02 -10 0 2 6.719e+02 6.721e+02 1 0 1 5.587e+02 5.753e+02 154 0 2 5.308e+02 5.612e+02 281 2 3 1.459e+02 1.481e+02 20 2 2 1.257e+02 1.263e+02 6 2 4 1.611e+02 1.749e+02 129 2 4 8.222e+01 8.578e+01 33 2 3 9.209e+01 1.179e+02 240 2 2 6.688e+01 1.011e+02 318
55241 9 0 1 5.231e+02 5.269e+02 36 0 4 5.848e+02 5.912e+02 59 0 3 6.490e+02 6.530e+02 38 0 1 5.640e+02 5.700e+02 56 0 3 5.556e+02 5.784e+02 212 0 4 6.534e+02 6.906e+02 345 0 3 5.173e+02 5.327e+02 142 0 2 5.295e+02 5.625e+02 306 2 4 4.139e+01 4.261e+01 11
55242 30 0 4 3.780e+02 3.780e+02 -20 1 2 5.458e+02 5.462e+02 3 2 1 4.828e+02 4.832e+02 4 2 4 1.680e+02 1.680e+02 -14 2 2 3.334e+02 3.386e+02 48 2 2 5.038e+02 5.042e+02 5 2 3 2.100e+01 2.100e+01 -16 2 2 5.863e+02 5.897e+02 32 2 2 8.400e+01 8.400e+01 -11 2 4 4.123e+02 4.277e+02 142 2 2 1.652e+02 1.708e+02 51 2 4 4.620e+02 4.620e+02 0 2 1 3.514e+02 3.626e+02 104 2 1 5.133e+02 5.367e+02 217 2 3 6.257e+01 6.343e+01 8 2 1 6.057e+02 6.123e+02 62 2 4 7.922e+01 8.878e+01 89 2 4 4.937e+02 5.143e+02 192 2 1 1.795e+02 1.985e+02 176 2 3 5.531e+02 5.809e+02 258 2 3 3.003e+02 3.297e+02 272 2 4 5.773e+02 5.987e+02 199 2 4 3.204e+02 3.516e+02 290 2 4 4.012e+02 4.388e+02 350 2 1 1.227e+01 2.973e+01 162 2 3 4.718e+02 4.942e+02 208 2 3 1.774e+02 2.006e+02 215 2 2 4.470e+02 4.770e+02 278 2 1 5.037e+01 7.563e+01 235 3 2 6.563e+02 6.877e+02 291
55243 6 0 1 6.488e+02 6.532e+02 41 0 3 6.445e+02 6.575e+02 121 0 2 6.563e+02 6.877e+02 292 1 4 5.459e+02 5.461e+02 2 1 1 5.213e+02 5.287e+02 70 1 2 5.292e+02 5.628e+02 312
55244 4 1 4 5.378e+02 5.542e+02 153 1 2 5.359e+02 5.561e+02 187 1 1 5.530e+02 5.810e+02 260 2 4 7.863e+01 8.937e+01 100
55245 0
55246 3 2 2 7.922e+01 8.878e+01 89 2 4 8.168e+01 8.632e+01 43 2 3 8.671e+01 1.233e+02 340
55247 0
55248 6 0 3 1.890e+02 1.890e+02 -16 0 4 5.839e+02 5.921e+02 76 0 2 1.635e+02 1.725e+02 84 0 1 1.376e+02 1.564e+02 174 0 1 1.791e+02 1.989e+02 185 1 4 5.030e+02 5.050e+02 19
55249 5 0 2 6.545e+02 6.895e+02 325 2 1 1.401e+02 1.539e+02 129 2 2 1.135e+02 1.385e+02 233 2 3 1.393e+02 1.547e+02 144 2 4 1.148e+02 1.372e+02 207
