41197 10 2 3 4.406e+02 4.414e+02 7 2 4 2.071e+02 2.129e+02 54 2 1 1.769e+02 2.011e+02 224 2 2 4.183e+02 4.217e+02 31 2 1 2.267e+02 2.353e+02 80 2 2 4.044e+02 4.356e+02 290 2 3 8.532e+01 1.247e+02 366 2 2 2.041e+02 2.159e+02 110 2 4 4.016e+02 4.384e+02 342 2 3 2.212e+02 2.408e+02 181
41199 3 1 1 1.889e+02 1.891e+02 1 1 4 2.926e+02 2.954e+02 26 1 4 2.822e+02 3.058e+02 219
41200 33 0 2 6.294e+02 6.306e+02 11 0 4 3.314e+02 3.406e+02 86 0 1 6.501e+02 6.519e+02 16 0 1 5.224e+02 5.276e+02 48 0 2 6.678e+02 6.762e+02 77 0 1 8.918e+01 1.208e+02 294 0 3 4.359e+02 4.461e+02 95 0 4 3.585e+02 3.975e+02 363 0 2 4.974e+02 5.106e+02 122 0 1 5.952e+02 6.228e+02 256 0 4 6.695e+02 6.745e+02 46 0 4 4.963e+02 5.117e+02 143 0 3 5.051e+02 5.450e+02 370 0 3 6.009e+02 6.171e+02 150 0 3 6.402e+02 6.618e+02 201 0 4 4.529e+02 4.711e+02 169 0 2 6.143e+02 6.457e+02 292 0 4 6.577e+02 6.863e+02 266 0 4 6.184e+02 6.416e+02 216 0 1 6.330e+02 6.690e+02 335 1 3 6.086e+02 6.094e+02 8 1 2 5.811e+02 5.949e+02 128 1 4 6.232e+02 6.368e+02 127 1 3 5.103e+02 5.397e+02 273 1 4 5.707e+02 6.053e+02 320 1 4 5.278e+02 5.642e+02 338 1 1 5.482e+02 5.858e+02 350 2 2 3.775e+02 3.785e+02 9 2 3 3.447e+02 3.693e+02 229 2 1 3.875e+02 4.105e+02 213 2 4 3.628e+02 3.932e+02 283 3 1 4.811e+02 4.849e+02 36 3 1 4.723e+02 4.937e+02 198
41201 28 0 4 6.207e+02 6.393e+02 173 0 3 6.432e+02 6.588e+02 146 0 2 5.340e+02 5.580e+02 223 0 2 6.129e+02 6.471e+02 317 0 2 6.575e+02 6.865e+02 269 1 2 6.207e+02 6.393e+02 173 1 4 5.725e+02 6.035e+02 288 1 4 6.169e+02 6.431e+02 243 2 3 2.235e+02 2.385e+02 140 2 4 6.211e+02 6.389e+02 166 2 4 3.017e+01 5.383e+01 220 2 2 4.961e+02 5.119e+02 147 2 3 9.465e+01 1.153e+02 192 2 4 5.441e+02 5.479e+02 36 2 1 1.355e+02 1.585e+02 213 2 1 5.961e+02 6.219e+02 239 2 4 2.352e+02 2.688e+02 311 2 4 4.041e+02 4.359e+02 296 2 3 6.478e+00 3.552e+01 270 2 2 4.867e+02 5.213e+02 320 2 2 1.109e+02 1.411e+02 280 2 1 5.654e+02 5.686e+02 29 2 1 4.637e+01 7.963e+01 309 2 3 5.925e+02 6.255e+02 306 2 4 1.124e+02 1.396e+02 252 2 1 5.154e+02 5.346e+02 178 2 3 5.500e+02 5.840e+02 316 2 3 5.058e+02 5.442e+02 357
41202 15 0 1 6.090e+02 6.090e+02 0 0 3 5.194e+02 5.306e+02 104 0 3 6.068e+02 6.112e+02 41 0 1 6.325e+02 6.695e+02 343 0 2 6.289e+02 6.311e+02 20 0 3 6.382e+02 6.638e+02 238 0 2 6.135e+02 6.465e+02 306 2 1 2.310e+02 2.310e+02 -7 2 4 3.950e+01 4.450e+01 46 2 2 2.520e+02 2.520e+02 -9 2 2 3.573e+01 4.827e+01 116 2 4 2.509e+02 2.531e+02 20 2 1 5.673e+01 6.927e+01 116 2 3 2.128e+02 2.492e+02 338 2 3 5.175e+01 7.425e+01 209
41203 4 2 2 1.222e+02 1.298e+02 70 2 1 1.457e+02 1.483e+02 24 2 3 9.501e+01 1.150e+02 186 2 4 1.082e+02 1.438e+02 330
41204 16 0 1 6.073e+02 6.107e+02 31 0 1 6.484e+02 6.536e+02 49 0 1 4.391e+02 4.429e+02 35 0 3 6.039e+02 6.141e+02 94 0 3 6.495e+02 6.525e+02 28 0 3 4.368e+02 4.452e+02 78 0 4 4.472e+02 4.768e+02 276 0 4 6.175e+02 6.425e+02 231 0 2 6.669e+02 6.771e+02 94 0 2 4.439e+02 4.801e+02 336 0 2 6.132e+02 6.468e+02 312 0 4 6.644e+02 6.796e+02 140 0 4 6.541e+02 6.899e+02 333 2 3 4.830e+02 4.830e+02 -3 2 4 4.488e+02 4.752e+02 245 2 2 4.886e+02 5.194e+02 286
41206 11 0 1 4.395e+02 4.425e+02 28 0 3 4.363e+02 4.457e+02 87 0 4 4.487e+02 4.753e+02 247 0 2 4.417e+02 4.823e+02 376 1 4 4.058e+01 4.342e+01 26 1 4 6.263e+02 6.337e+02 69 1 4 1.238e+02 1.282e+02 40 1 1 5.665e+01 6.935e+01 118 1 4 1.662e+02 1.698e+02 34 1 3 5.805e+00 3.619e+01 282 1 4 7.401e+01 9.399e+01 186
41207 0
41208 10 0 1 6.481e+02 6.539e+02 54 0 2 6.253e+02 6.347e+02 88 1 2 5.456e+02 5.464e+02 8 1 3 6.090e+02 6.090e+02 -20 1 2 5.385e+02 5.535e+02 139 1 2 6.225e+02 6.375e+02 140 1 4 6.119e+02 6.481e+02 336 2 3 2.012e+01 2.188e+01 16 2 1 1.770e+01 2.430e+01 61 2 4 4.065e+02 4.335e+02 251
41212 5 2 2 4.594e+02 4.646e+02 48 2 3 4.249e+02 4.571e+02 299 2 4 4.581e+02 4.659e+02 73 2 1 4.232e+02 4.588e+02 330 3 1 3.942e+02 4.038e+02 90
41213 4 1 2 5.338e+02 5.582e+02 226 2 1 2.277e+02 2.343e+02 60 2 3 2.680e+02 2.780e+02 93 2 2 2.343e+02 2.697e+02 329
41214 11 0 4 4.386e+02 4.854e+02 435 2 3 1.032e+02 1.068e+02 34 2 2 3.323e+02 3.397e+02 69 2 3 3.008e+02 3.292e+02 263 2 4 3.302e+02 3.418e+02 108 2 1 2.974e+02 3.326e+02 327 3 1 1.042e+02 1.058e+02 16 3 3 9.833e+01 1.117e+02 124 3 2 1.165e+02 1.355e+02 177 3 4 1.147e+02 1.373e+02 210 3 1 9.340e+01 1.166e+02 216
41217 0
41219 6 0 1 5.630e+02 5.710e+02 75 0 4 5.834e+02 5.926e+02 85 0 2 6.697e+02 6.743e+02 42 0 3 5.543e+02 5.797e+02 236 0 2 6.210e+02 6.390e+02 166 0 4 6.669e+02 6.771e+02 94
41222 38 0 3 6.076e+02 6.104e+02 26 0 2 6.720e+02 6.720e+02 -5 0 2 2.418e+02 2.622e+02 189 0 2 4.587e+02 4.653e+02 60 0 3 2.730e+02 2.730e+02 0 0 1 5.208e+02 5.292e+02 78 0 4 3.237e+02 3.483e+02 229 0 2 6.289e+02 6.311e+02 20 0 2 2.920e+02 2.960e+02 36 0 4 6.720e+02 6.720e+02 -1 0 4 2.870e+02 3.010e+02 130 0 4 4.528e+02 4.712e+02 170 0 1 2.556e+02 2.904e+02 324 0 3 5.250e+02 5.250e+02 -1 0 4 6.300e+02 6.300e+02 -1 0 1 6.499e+02 6.521e+02 20 0 3 4.690e+02 4.970e+02 260 0 2 5.427e+02 5.493e+02 60 0 1 6.022e+02 6.158e+02 127 0 3 6.505e+02 6.515e+02 10 0 2 4.872e+02 5.208e+02 312 0 3 5.606e+02 5.734e+02 120 0 4 5.712e+02 6.048e+02 312 0 1 4.646e+02 5.014e+02 342 1 4 6.285e+02 6.315e+02 27 1 2 5.866e+02 5.894e+02 26 1 3 6.039e+02 6.141e+02 94 1 2 6.296e+02 6.304e+02 7 1 4 5.711e+02 6.049e+02 315 1 1 5.989e+02 6.191e+02 187 2 4 1.646e+02 1.714e+02 63 2 4 1.237e+02 1.283e+02 42 2 3 1.415e+02 1.525e+02 103 2 4 1.088e+02 1.432e+02 319 2 2 1.611e+02 1.749e+02 129 2 2 1.078e+02 1.442e+02 338 2 1 1.347e+02 1.593e+02 229 3 1 1.954e+01 2.246e+01 27
41223 2 2 2 2.329e+02 2.711e+02 355 2 4 2.351e+02 2.689e+02 315
41224 12 0 2 6.271e+02 6.329e+02 55 0 2 6.711e+02 6.729e+02 16 0 1 6.026e+02 6.154e+02 120 0 4 6.713e+02 6.727e+02 13 0 4 6.169e+02 6.431e+02 244 0 1 6.492e+02 6.528e+02 34 0 3 5.953e+02 6.227e+02 254 0 3 6.487e+02 6.533e+02 42 0 2 6.622e+02 6.818e+02 182 0 4 6.633e+02 6.807e+02 161 0 3 6.329e+02 6.691e+02 336 1 4 6.123e+02 6.477e+02 329
41225 0
41226 7 2 4 8.092e+01 8.708e+01 57 2 1 5.245e+02 5.255e+02 9 2 1 1.454e+02 1.486e+02 30 2 4 4.951e+02 5.129e+02 166 2 3 5.218e+02 5.282e+02 59 2 4 1.109e+02 1.411e+02 280 2 2 5.265e+02 5.655e+02 362
41227 9 0 1 6.475e+02 6.545e+02 66 0 1 6.338e+02 6.682e+02 320 1 3 5.596e+02 5.744e+02 137 1 3 6.050e+02 6.130e+02 74 1 2 5.350e+02 5.570e+02 204 1 3 5.942e+02 6.238e+02 276 2 4 2.080e+02 2.120e+02 36 2 2 2.023e+02 2.177e+02 143 2 3 2.202e+02 2.418e+02 201
41229 3 0 4 4.994e+02 5.086e+02 85 1 4 6.283e+02 6.317e+02 32 2 4 1.679e+02 1.681e+02 2
41232 10 0 2 6.703e+02 6.737e+02 32 0 4 6.616e+02 6.824e+02 194 0 1 6.337e+02 6.683e+02 320 1 4 4.154e+02 4.246e+02 86 1 4 4.014e+02 4.386e+02 346 2 3 1.049e+02 1.051e+02 2 2 3 6.053e+02 6.127e+02 70 2 2 1.201e+02 1.319e+02 110 2 3 5.511e+02 5.829e+02 296 2 3 5.945e+02 6.235e+02 269
41236 0
41238 7 0 3 6.059e+02 6.121e+02 58 0 4 6.695e+02 6.745e+02 46 0 4 5.715e+02 6.045e+02 307 0 1 5.930e+02 6.250e+02 296 2 2 8.397e+01 8.403e+01 0 2 4 8.088e+01 8.712e+01 58 2 3 4.511e+01 8.089e+01 332
41239 3 0 1 6.033e+02 6.147e+02 106 0 3 6.062e+02 6.118e+02 52 3 3 5.852e+00 3.615e+01 281
41240 0
41241 17 0 4 6.653e+02 6.787e+02 125 0 1 4.396e+02 4.424e+02 26 0 4 3.587e+02 3.973e+02 359 0 1 4.232e+02 4.588e+02 331 1 4 6.184e+02 6.416e+02 215 1 3 2.616e+02 2.844e+02 212 2 2 4.200e+01 4.200e+01 -20 2 4 4.175e+01 4.225e+01 5 2 2 1.217e+02 1.303e+02 80 2 1 1.443e+02 1.497e+02 50 2 1 2.201e+02 2.419e+02 203 2 3 4.685e+00 3.732e+01 303 2 4 1.243e+02 1.277e+02 31 2 1 4.830e+01 7.770e+01 273 2 3 8.770e+01 1.223e+02 321 3 3 2.026e+01 2.174e+01 14 3 3 3.251e+00 3.875e+01 330
41243 5 0 3 8.815e+01 1.219e+02 313 3 1 4.824e+02 4.836e+02 11 3 1 2.281e+02 2.339e+02 55 3 2 2.473e+02 2.567e+02 88 3 2 4.459e+02 4.781e+02 300
41244 1 0 4 6.283e+02 6.317e+02 32
41245 22 2 3 1.034e+02 1.066e+02 30 2 4 1.670e+02 1.690e+02 19 2 4 4.188e+02 4.212e+02 22 2 4 2.493e+02 2.547e+02 50 2 2 4.047e+02 4.353e+02 284 2 1 2.699e+02 2.761e+02 57 2 2 3.314e+02 3.406e+02 86 2 3 5.857e+01 6.743e+01 82 2 2 1.235e+02 1.284e+02 46 2 1 1.423e+02 1.517e+02 87 2 1 1.936e+01 2.264e+01 30 2 2 8.254e+01 8.546e+01 27 2 2 2.363e+02 2.677e+02 292 2 3 2.590e+02 2.870e+02 260 2 3 1.159e+01 3.041e+01 175 2 2 1.162e+02 1.358e+02 181 2 2 3.183e+01 5.217e+01 189 2 4 7.078e+01 9.722e+01 246 2 4 2.865e+01 5.535e+01 248 2 3 9.371e+01 1.163e+02 210 2 1 5.627e+00 3.637e+01 286 2 4 1.084e+02 1.436e+02 326
