32652 5 0 3 6.074e+02 6.106e+02 29 0 4 4.567e+02 4.673e+02 98 0 1 5.967e+02 6.213e+02 229 0 4 6.156e+02 6.444e+02 267 0 4 2.256e+02 2.784e+02 490
32653 12 0 1 4.410e+02 4.410e+02 -8 0 4 4.987e+02 5.093e+02 98 0 1 6.376e+02 6.644e+02 248 0 1 3.960e+02 4.020e+02 56 0 2 4.899e+02 5.181e+02 262 0 1 4.670e+02 4.990e+02 297 0 3 4.657e+02 5.003e+02 322 2 2 1.610e+02 1.750e+02 130 2 3 7.377e+00 3.462e+01 253 2 4 1.624e+02 1.736e+02 104 2 1 1.385e+02 1.555e+02 158 2 3 1.330e+02 1.610e+02 260
32663 7 0 4 5.831e+02 5.929e+02 90 0 1 6.061e+02 6.119e+02 53 0 4 6.243e+02 6.357e+02 106 0 3 5.992e+02 6.188e+02 181 0 2 6.191e+02 6.409e+02 202 3 2 3.305e+02 3.415e+02 101 3 4 1.163e+02 1.357e+02 180
32669 14 0 4 6.716e+02 6.724e+02 7 0 3 5.993e+02 6.187e+02 180 0 1 6.501e+02 6.519e+02 16 0 2 6.206e+02 6.394e+02 175 0 3 6.490e+02 6.530e+02 38 0 4 6.181e+02 6.419e+02 221 0 4 6.555e+02 6.885e+02 307 0 1 5.978e+02 6.202e+02 209 0 2 6.531e+02 6.909e+02 351 1 2 6.210e+02 6.390e+02 166 1 1 5.910e+02 6.270e+02 335 2 3 2.039e+01 2.161e+01 11 2 4 4.063e+01 4.337e+01 26 2 1 2.036e+00 3.996e+01 352
32672 12 0 4 2.903e+02 2.977e+02 68 0 4 6.611e+02 6.829e+02 202 0 2 6.554e+02 6.886e+02 309 1 4 6.244e+02 6.356e+02 104 1 1 6.026e+02 6.154e+02 118 1 2 6.188e+02 6.412e+02 209 1 3 5.979e+02 6.201e+02 206 1 2 6.098e+02 6.502e+02 375 2 4 2.467e+02 2.573e+02 99 2 3 5.992e+01 6.608e+01 57 2 2 7.495e+01 9.305e+01 168 2 4 2.667e+01 5.733e+01 285
32673 9 0 1 6.501e+02 6.519e+02 16 0 3 6.493e+02 6.527e+02 32 0 2 6.120e+02 6.480e+02 334 0 4 6.548e+02 6.892e+02 319 1 1 5.482e+02 5.858e+02 349 2 1 6.293e+01 6.307e+01 1 2 2 8.043e+01 8.757e+01 66 2 3 4.771e+01 7.829e+01 284 2 4 7.468e+01 9.332e+01 173
32674 47 0 3 5.668e+02 5.672e+02 3 0 1 6.087e+02 6.093e+02 6 0 2 6.712e+02 6.728e+02 15 0 4 4.188e+02 4.212e+02 22 0 2 5.025e+02 5.055e+02 27 0 1 5.659e+02 5.681e+02 20 0 3 6.090e+02 6.090e+02 -2 0 4 6.713e+02 6.727e+02 13 0 3 4.370e+02 4.450e+02 75 0 4 4.503e+02 4.737e+02 218 0 2 5.357e+02 5.563e+02 190 0 2 6.226e+02 6.374e+02 138 0 1 6.456e+02 6.564e+02 100 0 1 3.919e+02 4.061e+02 132 0 1 4.723e+02 4.937e+02 199 0 1 5.550e+02 5.790e+02 222 0 4 6.199e+02 6.401e+02 188 0 3 6.461e+02 6.559e+02 90 0 3 3.843e+02 4.137e+02 272 0 4 5.744e+02 6.016e+02 253 0 1 5.918e+02 6.262e+02 319 1 1 6.090e+02 6.090e+02 -4 1 2 6.276e+02 6.324e+02 45 1 4 6.255e+02 6.345e+02 83 1 3 6.025e+02 6.155e+02 121 1 3 5.928e+02 6.252e+02 301 2 3 1.025e+02 1.075e+02 46 2 4 6.712e+02 6.728e+02 16 2 4 2.519e+02 2.521e+02 2 2 4 5.019e+02 5.061e+02 40 2 2 2.936e+02 2.944e+02 8 2 4 2.940e+02 2.940e+02 -4 2 3 6.284e+01 6.316e+01 3 2 4 1.126e+02 1.394e+02 250 2 1 3.128e+02 3.172e+02 41 2 4 3.107e+01 5.293e+01 203 2 2 7.482e+01 9.318e+01 170 2 3 3.102e+02 3.198e+02 89 2 1 5.705e+01 6.895e+01 110 2 4 7.217e+01 9.583e+01 220 2 1 2.700e+02 2.760e+02 56 2 1 5.714e+00 3.629e+01 284 2 3 2.717e+02 2.743e+02 25 2 3 3.742e+00 3.826e+01 320 2 2 2.815e+02 3.065e+02 232 2 2 2.223e+01 6.177e+01 367 3 1 6.386e+02 6.634e+02 230
32675 0
32676 17 0 1 6.045e+02 6.135e+02 84 0 2 6.690e+02 6.750e+02 56 0 2 4.589e+02 4.651e+02 58 0 3 6.083e+02 6.097e+02 12 0 4 6.697e+02 6.743e+02 42 0 1 4.784e+02 4.876e+02 86 0 1 5.654e+02 5.686e+02 29 0 4 5.703e+02 6.057e+02 330 0 4 6.609e+02 6.831e+02 206 0 4 4.927e+02 5.153e+02 210 0 1 5.935e+02 6.245e+02 287 1 2 6.243e+02 6.357e+02 106 1 2 5.805e+02 5.955e+02 139 2 3 5.853e+01 6.747e+01 83 2 1 1.936e+01 2.264e+01 30 2 3 1.510e+01 2.690e+01 110 2 4 3.080e+01 5.320e+01 208
32677 19 0 4 3.768e+02 3.792e+02 23 0 1 6.488e+02 6.532e+02 41 0 3 6.508e+02 6.512e+02 3 0 4 5.011e+02 5.069e+02 53 0 3 5.189e+02 5.311e+02 113 0 4 6.300e+02 6.300e+02 -22 0 4 6.598e+02 6.842e+02 226 0 1 6.062e+02 6.118e+02 51 0 4 6.143e+02 6.457e+02 291 0 4 5.712e+02 6.048e+02 311 1 4 6.287e+02 6.313e+02 24 1 2 6.229e+02 6.371e+02 132 1 3 5.951e+02 6.229e+02 259 2 2 4.094e+01 4.306e+01 20 2 1 6.024e+01 6.576e+01 51 2 1 4.965e+01 7.635e+01 248 2 2 7.320e+01 9.480e+01 200 2 1 1.182e+01 3.018e+01 170 2 3 7.199e+00 3.480e+01 256
32678 1 0 4 6.540e+02 6.900e+02 335
32679 0
32680 7 0 2 4.582e+02 4.658e+02 70 2 4 5.397e+02 5.523e+02 117 2 3 6.050e+02 6.130e+02 74 2 3 5.176e+02 5.324e+02 138 2 3 5.969e+02 6.211e+02 224 2 2 4.893e+02 5.187e+02 272 3 1 5.482e+02 5.858e+02 350
32681 10 0 3 6.498e+02 6.522e+02 23 0 2 6.700e+02 6.740e+02 37 0 3 5.546e+02 5.794e+02 230 0 4 5.730e+02 6.030e+02 279 0 4 6.720e+02 6.720e+02 -12 0 3 6.325e+02 6.695e+02 343 2 1 3.108e+02 3.192e+02 77 2 3 5.671e+00 3.633e+01 285 2 2 1.910e+02 2.290e+02 352 2 4 1.855e+02 2.345e+02 456
32682 11 0 2 4.955e+02 5.125e+02 158 0 3 5.079e+02 5.421e+02 318 0 4 4.889e+02 5.191e+02 280 1 4 6.250e+02 6.350e+02 92 2 2 2.447e+02 2.593e+02 135 2 3 5.875e+01 6.725e+01 79 2 4 2.482e+02 2.558e+02 70 2 4 3.089e+01 5.311e+01 206 2 2 6.580e+01 1.022e+02 338 2 3 2.119e+02 2.501e+02 356 2 1 4.839e+01 7.761e+01 271
32683 8 0 2 6.716e+02 6.724e+02 7 0 4 6.699e+02 6.741e+02 40 0 2 6.564e+02 6.876e+02 290 0 4 6.561e+02 6.879e+02 296 0 1 6.315e+02 6.705e+02 362 2 2 2.083e+02 2.117e+02 32 2 3 1.758e+02 2.022e+02 246 2 4 1.956e+02 2.244e+02 268
32684 5 0 3 6.068e+02 6.112e+02 40 0 1 6.005e+02 6.175e+02 158 0 4 6.109e+02 6.491e+02 354 2 4 1.643e+02 1.717e+02 68 3 2 2.546e+01 5.854e+01 307
32685 20 0 3 6.510e+02 6.510e+02 -13 0 3 5.659e+02 5.681e+02 20 0 1 6.477e+02 6.543e+02 62 0 4 4.461e+02 4.779e+02 296 0 1 5.587e+02 5.753e+02 155 0 2 6.153e+02 6.447e+02 274 0 2 6.612e+02 6.828e+02 201 0 2 5.335e+02 5.585e+02 232 0 4 6.650e+02 6.790e+02 130 2 2 4.103e+01 4.297e+01 18 2 3 3.990e+02 3.990e+02 -14 2 3 1.434e+02 1.506e+02 66 2 3 2.706e+02 2.754e+02 44 2 1 3.924e+02 4.056e+02 123 2 4 3.669e+02 3.891e+02 206 2 2 4.078e+02 4.322e+02 227 2 4 3.686e+01 4.714e+01 96 2 4 1.156e+02 1.364e+02 193 2 1 4.906e+01 7.694e+01 259 2 3 5.223e+00 3.678e+01 293
32686 18 0 1 5.509e+02 5.831e+02 299 0 4 5.770e+02 5.990e+02 205 0 1 5.426e+02 5.914e+02 453 0 3 5.964e+02 6.216e+02 235 0 3 6.331e+02 6.689e+02 332 0 4 6.149e+02 6.451e+02 280 0 2 6.538e+02 6.902e+02 337 0 2 6.085e+02 6.515e+02 400 0 4 6.524e+02 6.916e+02 365 0 4 6.056e+02 6.544e+02 454 0 1 6.304e+02 6.716e+02 382 2 4 6.183e+02 6.417e+02 217 2 1 9.218e+00 3.278e+01 219 2 4 1.168e+02 1.352e+02 171 2 1 4.520e+01 8.080e+01 330 2 1 1.231e+02 1.709e+02 443 2 3 4.148e+01 8.452e+01 400 2 2 1.810e+01 6.590e+01 444
32687 5 2 4 8.321e+01 8.479e+01 15 2 1 3.113e+02 3.187e+02 68 2 3 5.718e+01 6.882e+01 108 2 2 2.367e+01 6.033e+01 340 2 4 6.683e+01 1.012e+02 319
32688 19 0 1 5.558e+02 5.782e+02 207 0 1 6.459e+02 6.561e+02 95 0 3 5.498e+02 5.842e+02 320 0 3 6.464e+02 6.556e+02 85 0 2 6.655e+02 6.785e+02 121 0 4 6.666e+02 6.774e+02 100 0 2 6.300e+02 6.300e+02 -5 0 1 6.393e+02 6.627e+02 217 0 4 6.287e+02 6.313e+02 24 0 3 6.405e+02 6.615e+02 196 0 4 5.866e+02 5.894e+02 26 0 3 6.053e+02 6.127e+02 68 0 1 5.934e+02 6.246e+02 290 1 2 6.123e+02 6.477e+02 329 2 3 6.172e+01 6.428e+01 24 2 2 3.946e+01 4.454e+01 47 2 4 3.251e+01 5.149e+01 176 2 1 5.171e+01 7.429e+01 210 2 3 5.088e+00 3.691e+01 296
32689 7 2 3 1.873e+01 2.327e+01 42 2 3 4.826e+02 4.834e+02 8 2 1 1.510e+01 2.690e+01 110 2 4 3.062e+01 5.338e+01 211 2 3 4.301e+02 4.519e+02 202 2 2 4.869e+02 5.211e+02 318 2 4 4.478e+02 4.762e+02 265
32690 1 0 4 2.785e+02 3.095e+02 288
32691 1 3 3 5.996e+02 6.184e+02 174
32692 24 0 1 4.398e+02 4.422e+02 21 0 3 4.372e+02 4.448e+02 70 0 4 4.498e+02 4.742e+02 227 0 2 6.110e+02 6.490e+02 352 0 3 6.322e+02 6.698e+02 349 0 4 4.002e+02 4.398e+02 367 0 4 5.656e+02 6.104e+02 416 0 1 6.304e+02 6.716e+02 382 1 4 5.422e+02 5.498e+02 71 2 4 1.665e+02 1.695e+02 28 2 1 7.151e+00 3.485e+01 257 2 3 1.316e+02 1.624e+02 286 2 3 5.805e+00 3.619e+01 282 2 2 5.717e+02 6.043e+02 302 2 4 1.095e+02 1.425e+02 307 2 4 1.507e+02 1.853e+02 320 2 4 1.860e+02 2.340e+02 446 2 2 2.205e+01 6.195e+01 370 2 2 1.019e+02 1.501e+02 447 2 1 1.310e+02 1.630e+02 296 2 2 2.274e+02 2.766e+02 457 2 4 1.832e+01 6.568e+01 440 2 2 1.428e+02 1.932e+02 469 2 1 -5.593e+00 4.759e+01 494
32693 24 0 3 5.250e+02 5.250e+02 -18 0 1 6.053e+02 6.127e+02 69 0 3 1.823e+02 1.957e+02 124 0 4 6.717e+02 6.723e+02 6 0 4 2.037e+02 2.163e+02 117 0 2 6.278e+02 6.322e+02 40 0 2 1.559e+02 1.801e+02 224 0 4 6.629e+02 6.811e+02 170 0 4 4.081e+02 4.319e+02 220 0 3 5.968e+02 6.212e+02 226 0 2 6.564e+02 6.876e+02 290 0 3 4.311e+02 4.509e+02 183 0 2 6.185e+02 6.415e+02 213 0 3 3.839e+02 4.141e+02 281 2 1 2.012e+01 2.188e+01 16 2 2 5.029e+02 5.051e+02 20 2 3 1.828e+01 2.372e+01 50 2 4 5.016e+02 5.064e+02 46 2 4 7.392e+01 9.408e+01 187 2 2 2.627e+01 5.773e+01 292 2 1 4.735e+02 4.925e+02 176 2 4 2.429e+01 5.971e+01 329 2 1 4.670e+02 4.990e+02 298 2 3 4.683e+02 4.977e+02 272
32694 3 0 2 6.692e+02 6.748e+02 51 0 4 6.678e+02 6.762e+02 79 0 2 6.275e+02 6.325e+02 46
32695 1 0 4 6.577e+02 6.863e+02 266
32696 11 0 4 6.697e+02 6.743e+02 42 0 1 6.424e+02 6.596e+02 160 0 3 6.411e+02 6.609e+02 185 0 2 6.603e+02 6.837e+02 216 2 4 2.473e+02 2.567e+02 87 2 3 2.675e+02 2.785e+02 102 2 2 2.850e+02 3.030e+02 166 2 1 2.080e+00 3.992e+01 351 2 4 2.818e+02 3.062e+02 226 2 1 2.575e+02 2.885e+02 288 2 4 2.755e+02 3.125e+02 343
32697 37 1 2 6.284e+02 6.316e+02 30 1 4 5.375e+02 5.545e+02 158 1 3 5.180e+02 5.320e+02 130 1 2 5.371e+02 5.549e+02 165 1 1 5.925e+02 6.255e+02 306 2 1 1.676e+01 2.524e+01 79 2 3 3.940e+02 4.040e+02 93 2 3 1.449e+02 1.491e+02 39 2 3 4.815e+02 4.845e+02 28 2 1 2.289e+02 2.331e+02 40 2 3 2.717e+02 2.743e+02 25 2 2 4.174e+02 4.226e+02 48 2 3 2.008e+01 2.192e+01 17 2 4 4.489e+02 4.751e+02 243 2 4 1.171e+02 1.349e+02 165 2 4 5.816e+02 5.944e+02 119 2 2 1.542e+02 1.818e+02 256 2 4 2.332e+02 2.708e+02 350 2 4 4.118e+02 4.282e+02 152 2 2 2.925e+02 2.955e+02 27 2 2 4.424e+02 4.816e+02 365 2 4 3.587e+02 3.973e+02 358 2 3 4.362e+02 4.458e+02 90 2 3 5.597e+01 7.003e+01 130 2 1 4.278e+02 4.542e+02 246 2 2 7.904e+01 8.896e+01 92 2 3 4.215e+02 4.605e+02 362 2 1 1.291e+02 1.649e+02 332 2 1 3.093e+02 3.207e+02 106 2 1 2.578e+00 3.942e+01 342 2 4 6.558e+01 1.024e+02 342 2 1 1.690e+02 2.090e+02 371 2 3 2.607e+02 2.853e+02 228 2 2 2.510e+01 5.890e+01 314 2 4 2.741e+02 3.139e+02 369 3 1 1.693e+01 2.507e+01 76 3 1 4.732e+00 3.727e+01 302
32698 5 0 4 5.878e+02 5.882e+02 3 0 1 5.536e+02 5.804e+02 248 2 3 2.100e+01 2.100e+01 -22 2 4 3.170e+01 5.230e+01 191 2 2 2.658e+01 5.742e+01 286
32699 23 0 1 4.376e+02 4.444e+02 64 0 3 4.328e+02 4.492e+02 153 0 2 4.482e+02 4.758e+02 256 0 4 4.521e+02 4.719e+02 184 1 2 5.031e+02 5.049e+02 16 1 1 5.644e+02 5.696e+02 48 1 4 4.997e+02 5.083e+02 80 1 3 5.636e+02 5.704e+02 64 1 3 5.081e+02 5.419e+02 314 1 2 5.711e+02 6.049e+02 315 1 4 5.726e+02 6.034e+02 286 2 1 1.851e+01 2.349e+01 46 2 3 6.886e+00 3.511e+01 262 3 4 3.336e+02 3.384e+02 45 3 1 3.150e+02 3.150e+02 -2 3 3 2.628e+02 2.832e+02 190 3 3 3.117e+02 3.183e+02 62 3 1 2.583e+02 2.877e+02 272 3 2 3.288e+02 3.432e+02 135 3 2 2.884e+02 2.996e+02 104 3 3 3.036e+02 3.264e+02 212 3 2 3.212e+02 3.508e+02 275 3 4 3.227e+02 3.493e+02 246
32700 15 0 1 4.803e+02 4.857e+02 50 0 2 6.300e+02 6.300e+02 -17 0 2 6.720e+02 6.720e+02 -3 0 3 4.802e+02 4.858e+02 51 0 4 6.300e+02 6.300e+02 -9 0 3 6.463e+02 6.557e+02 88 0 2 4.902e+02 5.178e+02 257 0 1 5.918e+02 6.262e+02 319 0 2 6.568e+02 6.872e+02 282 0 2 4.512e+02 4.728e+02 200 0 4 6.526e+02 6.914e+02 360 0 4 4.439e+02 4.801e+02 336 0 1 4.670e+02 4.990e+02 298 2 4 1.233e+02 1.287e+02 50 2 3 1.428e+02 1.512e+02 79
32701 2 0 3 5.022e+02 5.478e+02 424 0 2 4.838e+02 5.242e+02 376
32704 14 0 4 3.752e+02 3.808e+02 52 0 2 6.649e+02 6.791e+02 131 0 4 6.646e+02 6.794e+02 138 1 1 1.024e+02 1.076e+02 49 2 1 2.057e+01 2.143e+01 8 2 4 2.500e+02 2.540e+02 36 2 3 2.100e+01 2.100e+01 -1 2 4 3.879e+01 4.521e+01 60 2 3 2.122e+02 2.498e+02 350 2 1 6.073e+01 6.527e+01 42 2 3 6.657e+00 3.534e+01 266 2 2 2.717e+01 5.683e+01 276 2 3 4.525e+01 8.075e+01 330 3 4 3.263e+02 3.457e+02 180
