3834 6 0 2 3.347e+02 3.373e+02 24 0 4 3.275e+02 3.445e+02 157 0 2 3.229e+02 3.491e+02 244 2 3 1.034e+02 1.066e+02 30 2 4 1.166e+02 1.354e+02 174 2 4 6.858e+01 9.942e+01 286
3836 5 0 1 5.645e+02 5.695e+02 46 0 1 5.575e+02 5.765e+02 176 2 1 4.823e+02 4.837e+02 13 2 4 4.993e+02 5.087e+02 87 3 1 6.427e+02 6.593e+02 155
3837 0
3838 2 2 4 3.309e+01 5.091e+01 166 2 3 6.929e+00 3.507e+01 261
3841 1 0 2 6.152e+02 6.448e+02 276
3842 9 0 2 6.716e+02 6.724e+02 8 0 4 6.712e+02 6.728e+02 15 0 1 6.326e+02 6.694e+02 341 2 2 8.142e+01 8.658e+01 48 2 4 8.240e+01 8.560e+01 30 2 3 8.752e+01 1.225e+02 325 3 1 5.682e+01 6.918e+01 115 3 3 5.512e+01 7.088e+01 146 3 4 3.017e+01 5.383e+01 220
3843 0
3845 4 0 1 6.067e+02 6.113e+02 43 0 4 5.768e+02 5.992e+02 209 0 3 5.971e+02 6.209e+02 221 0 2 6.551e+02 6.889e+02 315
3846 0
3847 4 1 1 5.250e+02 5.250e+02 -10 1 1 5.075e+02 5.425e+02 326 2 2 8.276e+01 8.524e+01 23 2 4 1.648e+02 1.712e+02 60
3848 10 0 3 6.081e+02 6.099e+02 17 0 4 4.534e+02 4.706e+02 160 0 4 6.140e+02 6.460e+02 298 0 4 3.587e+02 3.973e+02 358 0 2 4.469e+02 4.771e+02 280 1 2 6.284e+02 6.316e+02 30 1 1 5.940e+02 6.240e+02 278 2 4 4.049e+01 4.351e+01 28 2 3 5.458e+01 7.142e+01 156 2 1 5.207e+01 7.393e+01 203
3849 12 0 2 6.228e+02 6.372e+02 133 0 2 6.679e+02 6.761e+02 76 0 4 6.264e+02 6.336e+02 66 0 3 6.400e+02 6.620e+02 204 0 4 6.186e+02 6.414e+02 212 0 1 6.356e+02 6.664e+02 286 2 3 1.895e+01 2.305e+01 38 2 3 6.028e+01 6.572e+01 50 2 1 1.918e+01 2.282e+01 34 2 2 6.997e+01 9.803e+01 260 2 4 3.071e+01 5.329e+01 210 2 1 5.028e+01 7.572e+01 236
3850 9 0 4 1.630e+02 1.730e+02 92 0 2 6.670e+02 6.770e+02 93 0 4 6.693e+02 6.747e+02 50 0 1 6.446e+02 6.574e+02 120 0 3 6.453e+02 6.567e+02 106 1 4 6.295e+02 6.305e+02 9 1 4 5.753e+02 6.007e+02 236 2 1 2.290e+02 2.330e+02 38 2 1 2.141e+02 2.479e+02 314
3851 6 0 4 6.300e+02 6.300e+02 -23 0 1 4.403e+02 4.417e+02 13 1 4 6.181e+02 6.419e+02 221 1 3 5.933e+02 6.247e+02 291 2 3 3.145e+02 3.155e+02 10 2 4 2.364e+02 2.676e+02 290
3854 17 0 3 6.033e+02 6.147e+02 106 0 4 6.591e+02 6.849e+02 240 0 2 6.192e+02 6.408e+02 201 0 1 6.337e+02 6.683e+02 322 0 4 6.139e+02 6.461e+02 299 0 3 6.364e+02 6.656e+02 271 0 2 6.574e+02 6.866e+02 270 1 1 4.782e+02 4.878e+02 89 1 2 6.142e+02 6.458e+02 294 2 4 3.919e+01 4.481e+01 52 2 2 7.729e+01 9.071e+01 125 2 3 2.201e+02 2.419e+02 203 2 1 5.700e+01 6.900e+01 111 2 4 2.330e+02 2.710e+02 352 2 3 9.935e+00 3.207e+01 206 2 4 6.661e+01 1.014e+02 323 2 3 4.758e+01 7.842e+01 286
3855 27 0 3 6.077e+02 6.103e+02 25 0 1 5.212e+02 5.288e+02 70 0 4 6.276e+02 6.324e+02 44 0 4 4.928e+02 5.152e+02 208 0 3 5.225e+02 5.275e+02 46 0 1 6.065e+02 6.115e+02 47 0 2 4.902e+02 5.178e+02 256 0 2 5.278e+02 5.642e+02 339 0 2 6.246e+02 6.354e+02 100 0 1 6.500e+02 6.520e+02 19 0 1 5.965e+02 6.215e+02 232 0 2 6.682e+02 6.758e+02 70 0 3 5.989e+02 6.191e+02 188 0 4 6.638e+02 6.802e+02 152 0 4 6.130e+02 6.470e+02 316 0 1 6.311e+02 6.709e+02 370 2 2 4.072e+01 4.328e+01 24 2 3 1.008e+02 1.092e+02 79 2 1 2.302e+02 2.318e+02 15 2 4 3.668e+01 4.732e+01 99 2 4 2.804e+02 3.076e+02 252 2 1 5.678e+01 6.922e+01 116 2 2 6.526e+01 1.027e+02 348 2 3 5.961e+01 6.639e+01 63 2 4 6.804e+01 9.996e+01 296 2 1 1.128e+01 3.072e+01 180 2 3 9.083e+00 3.292e+01 221
3856 7 2 3 1.469e+02 1.471e+02 1 2 2 1.582e+02 1.778e+02 181 2 2 1.175e+02 1.345e+02 158 2 1 1.755e+02 2.025e+02 251 2 4 1.181e+02 1.339e+02 147 2 1 1.273e+02 1.667e+02 366 2 3 8.819e+01 1.218e+02 312
3858 0
3859 5 0 4 5.789e+02 5.971e+02 169 0 3 6.013e+02 6.167e+02 142 2 2 6.656e+02 6.784e+02 120 3 3 6.057e+02 6.123e+02 60 3 4 5.780e+02 5.980e+02 186
3860 1 1 1 2.647e+02 2.813e+02 154
3861 10 0 1 2.562e+02 2.898e+02 312 1 1 2.094e+02 2.526e+02 400 2 4 8.343e+01 8.457e+01 10 2 3 1.586e+01 2.614e+01 96 2 2 8.142e+01 8.658e+01 48 2 3 8.680e+01 1.232e+02 338 2 4 1.972e+01 6.428e+01 414 3 4 6.648e+02 6.792e+02 135 3 3 6.296e+02 6.724e+02 398 3 4 6.503e+02 6.937e+02 402
3863 0
3864 5 0 3 6.057e+02 6.123e+02 61 0 4 5.696e+02 6.064e+02 342 1 1 5.476e+02 5.864e+02 360 2 4 5.278e+02 5.642e+02 339 2 4 4.859e+02 5.221e+02 336
3865 8 0 1 6.006e+02 6.174e+02 156 0 1 6.493e+02 6.527e+02 32 0 2 6.211e+02 6.389e+02 166 0 3 6.469e+02 6.551e+02 76 0 4 6.145e+02 6.455e+02 288 1 3 2.057e+01 2.143e+01 8 1 4 4.600e+02 4.640e+02 36 3 2 5.040e+02 5.040e+02 -20
3866 2 0 4 2.898e+02 2.982e+02 77 1 4 6.270e+02 6.330e+02 56
3869 14 0 1 6.090e+02 6.090e+02 -21 0 3 6.510e+02 6.510e+02 0 0 4 4.557e+02 4.683e+02 117 0 3 5.655e+02 5.685e+02 28 0 3 6.090e+02 6.090e+02 -9 0 1 6.502e+02 6.518e+02 15 0 1 5.501e+02 5.839e+02 313 0 4 5.837e+02 5.923e+02 80 0 3 6.350e+02 6.670e+02 296 0 4 5.754e+02 6.006e+02 234 0 3 5.945e+02 6.235e+02 269 1 4 5.296e+02 5.624e+02 304 1 2 6.146e+02 6.454e+02 286 2 4 4.200e+01 4.200e+01 -10
3871 12 0 2 1.673e+02 1.687e+02 14 0 3 3.972e+02 4.008e+02 34 0 4 3.758e+02 3.802e+02 41 0 4 4.133e+02 4.267e+02 124 0 4 4.032e+02 4.368e+02 312 1 1 6.090e+02 6.090e+02 -6 1 4 5.858e+02 5.902e+02 41 1 4 6.272e+02 6.328e+02 52 1 3 5.968e+02 6.212e+02 227 1 2 6.178e+02 6.422e+02 227 1 4 6.109e+02 6.491e+02 355 2 4 2.089e+02 2.111e+02 20
3872 0
3873 3 0 4 6.691e+02 6.749e+02 54 0 4 3.934e+02 4.466e+02 494 0 4 6.462e+02 6.978e+02 480
3875 18 0 4 6.713e+02 6.727e+02 12 0 3 5.234e+02 5.266e+02 30 0 4 5.826e+02 5.934e+02 100 0 2 6.703e+02 6.737e+02 32 0 1 5.589e+02 5.751e+02 151 0 1 6.053e+02 6.127e+02 69 0 1 6.344e+02 6.676e+02 308 0 2 4.903e+02 5.177e+02 255 0 3 5.552e+02 5.788e+02 219 0 3 6.021e+02 6.159e+02 128 0 1 5.119e+02 5.381e+02 243 0 4 6.211e+02 6.389e+02 165 0 2 6.155e+02 6.445e+02 270 2 3 2.066e+01 2.134e+01 6 2 2 3.892e+01 4.508e+01 57 2 4 4.027e+01 4.373e+01 32 2 1 4.897e+01 7.703e+01 260 2 3 4.606e+01 7.994e+01 315
3876 4 0 4 6.635e+02 6.805e+02 157 0 3 5.487e+02 5.853e+02 340 0 1 6.353e+02 6.667e+02 292 0 3 6.319e+02 6.701e+02 355
3877 18 0 3 4.783e+02 4.877e+02 88 0 3 5.235e+02 5.265e+02 28 0 2 4.538e+02 4.702e+02 153 0 2 5.453e+02 5.467e+02 13 0 1 4.685e+02 4.975e+02 269 0 4 4.851e+02 5.229e+02 351 1 2 6.300e+02 6.300e+02 -5 1 1 5.897e+02 6.283e+02 359 2 1 6.243e+01 6.357e+01 10 2 3 9.748e+01 1.125e+02 140 2 2 4.067e+01 4.333e+01 25 2 2 7.038e+01 9.762e+01 253 2 4 4.057e+02 4.343e+02 266 2 2 2.839e+02 3.041e+02 188 2 3 1.070e+01 3.130e+01 191 2 4 7.581e+01 9.219e+01 152 2 4 2.645e+01 5.755e+01 289 2 1 4.947e+01 7.653e+01 251
