51852 13 2 4 3.760e+02 3.800e+02 37 2 1 3.952e+02 4.028e+02 70 2 3 2.256e+02 2.364e+02 100 2 2 5.415e+02 5.505e+02 83 2 1 2.618e+02 2.842e+02 208 2 3 3.868e+02 4.112e+02 227 2 2 2.488e+02 2.552e+02 60 2 3 5.147e+02 5.353e+02 190 2 2 3.615e+02 3.945e+02 307 2 1 5.565e+02 5.775e+02 196 2 4 1.940e+02 2.260e+02 297 2 1 5.095e+02 5.405e+02 288 2 4 5.284e+02 5.636e+02 327
51856 0
51859 7 1 1 3.066e+02 3.234e+02 156 3 3 4.779e+02 4.881e+02 95 3 1 4.367e+02 4.453e+02 80 3 2 4.854e+02 5.226e+02 345 3 2 4.417e+02 4.823e+02 376 3 4 4.914e+02 5.166e+02 235 3 1 4.629e+02 5.031e+02 373
51860 11 0 3 6.080e+02 6.100e+02 19 0 2 5.027e+02 5.053e+02 25 0 3 5.212e+02 5.288e+02 71 0 1 6.037e+02 6.143e+02 98 0 1 4.682e+02 4.978e+02 275 0 4 6.221e+02 6.379e+02 146 0 4 5.696e+02 6.064e+02 341 2 4 3.350e+02 3.370e+02 19 2 3 1.595e+01 2.605e+01 94 2 4 3.192e+01 5.208e+01 187 2 2 2.429e+01 5.971e+01 329
51862 0
51863 23 0 2 6.271e+02 6.329e+02 55 0 1 3.548e+02 3.592e+02 41 0 2 6.697e+02 6.743e+02 42 0 2 3.662e+02 3.898e+02 220 0 4 6.272e+02 6.328e+02 52 0 4 6.710e+02 6.730e+02 18 0 4 3.215e+02 3.505e+02 269 0 4 6.195e+02 6.405e+02 195 0 1 6.338e+02 6.682e+02 319 0 3 6.380e+02 6.640e+02 242 0 2 6.547e+02 6.893e+02 320 0 4 6.553e+02 6.887e+02 310 1 3 3.027e+02 3.273e+02 229 1 4 2.760e+02 3.120e+02 334 2 1 6.140e+01 6.460e+01 30 2 4 8.043e+01 8.757e+01 66 2 4 2.020e+02 2.180e+02 148 2 4 4.155e+02 4.245e+02 83 2 3 1.779e+01 2.421e+01 60 2 3 4.265e+02 4.555e+02 270 2 3 9.066e+01 1.193e+02 266 2 3 2.234e+02 2.386e+02 141 2 2 4.018e+01 4.382e+01 34
51864 33 0 3 6.087e+02 6.093e+02 6 0 4 3.751e+02 3.809e+02 54 0 1 6.499e+02 6.521e+02 20 0 3 5.643e+02 5.697e+02 50 0 4 6.271e+02 6.329e+02 55 0 3 6.463e+02 6.557e+02 87 0 4 4.189e+02 4.211e+02 20 0 2 5.006e+02 5.074e+02 63 0 3 5.930e+02 6.250e+02 298 0 3 6.398e+02 6.622e+02 208 0 3 3.820e+02 4.160e+02 316 0 4 4.965e+02 5.115e+02 140 0 1 5.059e+02 5.441e+02 354 0 2 6.599e+02 6.841e+02 225 0 3 5.102e+02 5.398e+02 276 0 4 6.565e+02 6.875e+02 288 0 1 6.362e+02 6.658e+02 276 2 4 8.325e+01 8.475e+01 14 2 4 6.713e+02 6.727e+02 12 2 4 2.940e+02 2.940e+02 -4 2 1 5.218e+02 5.282e+02 60 2 3 5.898e+01 6.702e+01 75 2 2 8.038e+01 8.762e+01 67 2 2 5.339e+02 5.581e+02 226 2 3 1.878e+02 1.902e+02 21 2 4 6.531e+02 6.909e+02 350 2 3 1.191e+01 3.009e+01 169 2 4 1.594e+02 1.766e+02 160 2 2 1.941e+02 2.259e+02 295 2 1 4.933e+01 7.667e+01 254 2 1 1.811e+02 1.969e+02 146 2 3 4.700e+01 7.900e+01 297 2 2 1.513e+02 1.847e+02 310
51865 6 0 4 6.550e+02 6.890e+02 316 2 4 2.003e+02 2.197e+02 180 2 2 1.956e+02 2.244e+02 267 2 3 1.700e+02 2.080e+02 353 2 1 2.164e+02 2.456e+02 271 2 2 2.336e+02 2.704e+02 342
51866 16 0 4 5.880e+02 5.880e+02 -0 0 4 4.968e+02 5.112e+02 134 0 3 5.632e+02 5.708e+02 70 0 1 6.066e+02 6.114e+02 44 0 1 6.498e+02 6.522e+02 23 0 3 5.575e+02 5.765e+02 177 0 3 5.953e+02 6.227e+02 255 0 2 6.720e+02 6.720e+02 0 0 4 6.148e+02 6.452e+02 282 0 3 6.476e+02 6.544e+02 64 0 1 5.958e+02 6.222e+02 245 0 4 6.649e+02 6.791e+02 131 0 2 6.133e+02 6.467e+02 310 0 2 6.575e+02 6.865e+02 270 2 3 4.938e+01 7.662e+01 253 2 4 2.959e+01 5.441e+01 230
51867 0
51870 1 0 4 3.637e+02 3.923e+02 265
51871 1 0 4 5.700e+02 6.060e+02 335
51872 19 0 1 1.019e+02 1.081e+02 58 0 2 6.261e+02 6.339e+02 72 0 2 4.996e+02 5.084e+02 82 0 3 9.842e+01 1.116e+02 122 0 2 6.181e+02 6.419e+02 221 0 3 8.604e+01 1.240e+02 352 0 2 6.694e+02 6.746e+02 49 0 4 5.013e+02 5.067e+02 50 0 2 1.074e+02 1.446e+02 346 0 1 5.163e+02 5.337e+02 161 0 4 6.219e+02 6.381e+02 150 0 3 6.343e+02 6.677e+02 310 0 1 6.324e+02 6.696e+02 346 2 1 1.016e+01 3.184e+01 201 2 3 1.004e+02 1.096e+02 86 2 1 1.390e+02 1.550e+02 148 2 3 6.391e+00 3.561e+01 271 2 4 1.188e+02 1.332e+02 134 3 2 1.621e+02 1.739e+02 110
51874 47 0 1 3.978e+02 4.002e+02 23 0 2 5.031e+02 5.049e+02 17 0 3 5.182e+02 5.318e+02 127 0 1 6.030e+02 6.150e+02 111 0 4 4.161e+02 4.239e+02 73 0 4 4.983e+02 5.097e+02 106 0 4 6.253e+02 6.347e+02 87 0 1 4.632e+02 5.028e+02 367 0 4 5.780e+02 5.980e+02 186 0 1 5.938e+02 6.242e+02 283 0 3 5.985e+02 6.195e+02 196 1 2 5.880e+02 5.880e+02 -0 1 1 6.064e+02 6.116e+02 48 1 4 5.838e+02 5.922e+02 78 1 2 6.275e+02 6.325e+02 46 1 3 5.582e+02 5.758e+02 164 1 4 6.265e+02 6.335e+02 66 1 3 5.896e+02 6.284e+02 360 2 3 2.057e+01 2.143e+01 8 2 4 2.078e+02 2.122e+02 40 2 3 5.657e+02 5.683e+02 25 2 2 2.892e+02 2.988e+02 90 2 2 6.273e+02 6.327e+02 50 2 2 4.184e+01 4.216e+01 3 2 2 6.714e+02 6.726e+02 11 2 3 2.237e+02 2.383e+02 136 2 4 6.202e+02 6.398e+02 182 2 3 3.107e+02 3.193e+02 80 2 4 6.691e+02 6.749e+02 53 2 4 3.551e+01 4.849e+01 120 2 3 5.558e+02 5.782e+02 207 2 2 6.571e+01 1.023e+02 340 2 3 5.916e+02 6.264e+02 323 2 2 2.511e+02 2.529e+02 17 2 3 6.418e+02 6.602e+02 171 2 1 2.629e+02 2.831e+02 187 2 3 5.075e+02 5.425e+02 326 2 1 5.543e+01 7.057e+01 140 2 4 6.113e+02 6.487e+02 347 2 4 2.495e+02 2.545e+02 46 2 3 2.629e+02 2.831e+02 188 2 3 5.673e+01 6.927e+01 116 2 4 1.922e+02 2.278e+02 330 2 4 2.760e+02 3.120e+02 335 2 3 6.791e+00 3.521e+01 264 2 2 2.236e+01 6.164e+01 365 2 1 4.619e+01 7.981e+01 312
51875 12 1 2 5.442e+02 5.478e+02 33 1 3 2.655e+02 2.805e+02 140 1 4 1.974e+02 2.226e+02 235 1 3 5.542e+02 5.798e+02 238 1 3 1.707e+02 2.073e+02 340 1 2 1.897e+02 2.303e+02 377 2 4 1.673e+02 1.687e+02 14 2 1 6.024e+01 6.576e+01 51 2 4 3.919e+01 4.481e+01 52 2 4 1.502e+02 1.858e+02 330 2 2 3.255e+01 5.145e+01 176 2 3 4.776e+01 7.824e+01 283
51876 9 0 2 6.680e+02 6.760e+02 75 0 4 6.644e+02 6.796e+02 140 2 1 1.459e+02 1.481e+02 20 2 4 5.869e+02 5.891e+02 21 2 2 1.240e+02 1.280e+02 36 2 4 5.807e+02 5.953e+02 136 2 4 1.157e+02 1.363e+02 190 2 3 8.990e+01 1.201e+02 280 2 2 1.068e+02 1.452e+02 356
51879 2 0 1 6.328e+02 6.692e+02 337 2 4 3.125e+01 5.275e+01 200
51880 6 0 4 4.604e+02 4.636e+02 30 0 4 6.173e+02 6.427e+02 236 0 1 5.522e+02 5.818e+02 275 0 3 5.955e+02 6.225e+02 250 2 1 9.978e+00 3.202e+01 205 2 4 6.723e+01 1.008e+02 311
51882 12 0 2 2.063e+02 2.137e+02 68 0 1 1.731e+02 2.049e+02 295 0 4 5.755e+02 6.005e+02 233 0 4 2.039e+02 2.161e+02 114 1 1 1.019e+02 1.081e+02 58 1 1 6.284e+01 6.316e+01 3 1 2 1.154e+02 1.366e+02 196 1 3 5.920e+01 6.680e+01 70 1 1 8.819e+01 1.218e+02 312 1 2 7.172e+01 9.628e+01 228 1 4 6.598e+01 1.020e+02 335 1 1 4.588e+01 8.012e+01 318
51883 0
51884 2 2 4 2.093e+02 2.107e+02 14 2 4 1.978e+02 2.222e+02 227
51885 4 0 1 5.637e+02 5.703e+02 61 2 3 1.330e+01 2.870e+01 143 2 1 7.599e+00 3.440e+01 249 2 4 3.598e+02 3.962e+02 339
51886 0
51888 1 0 4 5.827e+02 5.933e+02 99
51889 47 0 3 5.198e+02 5.302e+02 96 0 4 3.247e+02 3.473e+02 210 0 4 6.227e+02 6.373e+02 136 0 1 6.381e+02 6.639e+02 240 0 3 4.359e+02 4.461e+02 94 0 3 5.618e+02 5.722e+02 96 0 2 6.193e+02 6.407e+02 198 0 3 6.411e+02 6.609e+02 184 0 2 5.369e+02 5.551e+02 169 0 4 5.659e+02 6.101e+02 410 0 2 6.593e+02 6.847e+02 236 0 1 5.055e+02 5.445e+02 362 0 1 5.921e+02 6.259e+02 313 0 4 6.573e+02 6.867e+02 273 0 1 5.483e+02 5.857e+02 348 0 3 5.900e+02 6.280e+02 352 0 2 6.488e+02 6.952e+02 430 1 3 1.407e+02 1.533e+02 117 1 2 6.209e+02 6.391e+02 169 1 1 1.316e+02 1.624e+02 286 1 4 6.199e+02 6.401e+02 187 1 2 1.501e+02 1.859e+02 333 2 3 1.026e+02 1.074e+02 44 2 1 5.741e+01 6.859e+01 104 2 2 8.016e+01 8.784e+01 71 2 2 1.604e+02 1.756e+02 140 2 2 2.029e+02 2.171e+02 132 2 3 3.003e+02 3.297e+02 273 2 3 5.615e+01 6.985e+01 127 2 4 6.719e+01 1.008e+02 312 2 4 1.595e+02 1.765e+02 158 2 4 1.958e+02 2.242e+02 264 2 4 2.744e+02 3.136e+02 364 2 3 1.025e+01 3.175e+01 200 2 1 1.739e+02 2.041e+02 281 2 1 2.163e+02 2.457e+02 273 2 2 3.601e+01 4.799e+01 111 2 3 1.697e+02 2.083e+02 359 2 4 3.206e+01 5.194e+01 185 2 3 1.240e+02 1.700e+02 426 2 3 4.660e+01 7.940e+01 305 2 4 2.385e+01 6.015e+01 337 2 3 4.148e+01 8.452e+01 400 2 2 1.756e+01 6.644e+01 454 3 1 6.300e+01 6.300e+01 -6 3 3 6.172e+01 6.428e+01 24 3 4 2.393e+01 6.007e+01 336
51891 0
51892 6 1 4 6.157e+02 6.443e+02 266 2 1 1.779e+01 2.421e+01 60 2 4 2.065e+02 2.135e+02 65 2 3 2.250e+02 2.370e+02 111 2 2 2.424e+02 2.616e+02 179 2 1 2.110e+02 2.510e+02 371
51894 5 0 4 6.290e+02 6.310e+02 18 0 2 6.257e+02 6.343e+02 80 0 4 6.159e+02 6.441e+02 261 0 1 5.927e+02 6.253e+02 302 2 3 3.316e+02 3.824e+02 471
51895 19 0 1 4.796e+02 4.864e+02 64 0 1 5.649e+02 5.691e+02 39 0 4 5.851e+02 5.909e+02 53 0 4 3.615e+02 3.945e+02 307 0 4 4.184e+02 4.216e+02 30 0 2 6.240e+02 6.360e+02 111 0 1 6.327e+02 6.693e+02 340 0 1 4.396e+02 4.424e+02 26 0 3 5.495e+02 5.845e+02 326 0 4 6.227e+02 6.373e+02 136 0 3 6.367e+02 6.653e+02 265 0 3 3.830e+02 4.150e+02 298 2 3 1.013e+02 1.087e+02 68 2 4 4.121e+01 4.279e+01 15 2 3 5.682e+01 6.918e+01 115 2 1 4.933e+01 7.667e+01 254 2 2 1.114e+02 1.406e+02 270 2 2 2.932e+01 5.468e+01 236 2 4 1.070e+02 1.450e+02 352
51896 5 1 4 5.851e+02 5.909e+02 55 2 4 3.725e+02 3.835e+02 101 2 3 5.014e+01 7.586e+01 239 2 4 6.414e+01 1.039e+02 369 2 4 3.582e+02 3.978e+02 367
51898 2 0 2 6.562e+02 6.878e+02 294 0 4 6.548e+02 6.892e+02 320
51899 18 2 2 4.148e+01 4.252e+01 10 2 3 1.922e+01 2.278e+01 33 2 3 4.379e+02 4.441e+02 58 2 4 2.061e+02 2.139e+02 73 2 3 5.644e+02 5.696e+02 49 2 4 5.422e+02 5.498e+02 71 2 2 1.992e+02 2.208e+02 201 2 4 4.085e+02 4.315e+02 214 2 3 2.152e+02 2.468e+02 294 3 2 5.015e+02 5.065e+02 47 3 1 4.356e+02 4.464e+02 100 3 4 5.013e+02 5.067e+02 50 3 3 4.303e+02 4.517e+02 198 3 1 5.170e+02 5.330e+02 148 3 4 4.530e+02 4.710e+02 168 3 3 4.685e+02 4.975e+02 270 3 2 4.492e+02 4.748e+02 238 3 2 4.870e+02 5.210e+02 316
51901 22 0 2 6.284e+02 6.316e+02 29 0 3 1.536e+01 2.664e+01 105 0 2 6.703e+02 6.737e+02 31 0 3 5.647e+02 5.693e+02 42 0 4 7.006e+01 9.794e+01 259 0 4 6.290e+02 6.310e+02 19 0 3 1.676e+00 4.032e+01 359 0 4 6.719e+02 6.721e+02 2 0 1 5.965e+02 6.215e+02 232 0 1 6.418e+02 6.602e+02 170 0 3 5.932e+02 6.248e+02 293 0 3 6.371e+02 6.649e+02 258 1 2 6.281e+02 6.319e+02 36 1 4 6.146e+02 6.454e+02 286 2 4 8.088e+01 8.712e+01 58 2 4 1.639e+02 1.721e+02 76 2 3 4.372e+02 4.448e+02 71 2 3 9.218e+01 1.178e+02 238 2 4 4.107e+02 4.293e+02 173 2 1 1.869e+02 1.911e+02 39 2 2 1.581e+02 1.779e+02 183 2 3 1.725e+02 2.055e+02 306
