12359 6 0 1 3.881e+02 4.099e+02 203 2 3 4.234e+02 4.586e+02 327 3 2 6.300e+02 6.300e+02 -11 3 1 5.638e+02 5.702e+02 59 3 2 5.793e+02 5.967e+02 161 3 4 5.748e+02 6.012e+02 246
12360 25 0 1 5.658e+02 5.682e+02 23 0 1 6.469e+02 6.551e+02 76 0 4 5.024e+02 5.056e+02 30 0 3 5.638e+02 5.702e+02 59 0 2 6.652e+02 6.788e+02 126 0 4 5.758e+02 6.002e+02 227 0 4 6.667e+02 6.773e+02 98 0 1 5.895e+02 6.285e+02 361 0 3 5.930e+02 6.250e+02 297 0 2 6.050e+02 6.550e+02 464 2 1 1.734e+01 2.466e+01 68 2 2 8.281e+01 8.519e+01 22 2 2 1.609e+02 1.751e+02 131 2 2 3.506e+01 4.894e+01 129 2 4 7.662e+01 9.138e+01 137 2 4 1.651e+02 1.709e+02 55 2 4 2.793e+02 3.087e+02 272 2 3 1.312e+01 2.888e+01 146 2 3 9.501e+01 1.150e+02 186 2 1 1.847e+02 1.933e+02 80 2 4 2.928e+01 5.472e+01 236 2 2 1.204e+02 1.316e+02 105 2 3 1.698e+02 2.082e+02 357 2 3 4.552e+01 8.048e+01 325 2 1 5.583e+00 3.642e+01 286
12362 7 1 4 5.863e+02 5.897e+02 32 1 1 6.088e+02 6.092e+02 5 1 1 5.613e+02 5.727e+02 106 1 4 6.236e+02 6.364e+02 118 1 3 5.530e+02 5.810e+02 260 1 2 6.149e+02 6.451e+02 280 1 2 5.747e+02 6.013e+02 246
12363 9 0 1 6.509e+02 6.511e+02 1 0 1 4.802e+02 4.858e+02 52 0 3 4.775e+02 4.885e+02 102 0 4 4.943e+02 5.137e+02 180 0 2 6.562e+02 6.878e+02 293 0 2 4.893e+02 5.187e+02 273 0 4 6.454e+02 6.986e+02 495 2 4 5.018e+02 5.062e+02 40 2 3 5.114e+02 5.386e+02 252
12366 11 1 2 4.929e+02 5.151e+02 206 2 4 8.400e+01 8.400e+01 -4 2 4 3.772e+02 3.788e+02 16 2 1 3.983e+02 3.997e+02 13 2 2 8.231e+01 8.569e+01 31 2 1 6.037e+02 6.143e+02 98 2 3 9.124e+01 1.188e+02 256 2 3 3.881e+02 4.099e+02 203 2 2 3.649e+02 3.911e+02 244 2 2 4.009e+02 4.391e+02 354 2 4 3.522e+02 4.038e+02 479
12367 0
12368 21 0 1 5.199e+02 5.301e+02 95 0 2 5.423e+02 5.497e+02 70 0 3 5.140e+02 5.360e+02 205 2 4 4.112e+01 4.288e+01 16 2 4 4.600e+02 4.640e+02 36 2 4 8.209e+01 8.591e+01 36 2 4 2.028e+02 2.172e+02 134 2 3 4.743e+02 4.917e+02 162 2 3 5.835e+01 6.765e+01 86 2 1 4.696e+02 4.964e+02 248 2 2 7.460e+01 9.340e+01 175 2 2 2.021e+02 2.179e+02 146 2 2 4.843e+02 5.237e+02 366 2 2 4.085e+01 4.315e+01 21 2 3 8.801e+01 1.220e+02 316 2 1 2.212e+02 2.408e+02 182 2 4 3.358e+01 5.042e+01 156 2 3 2.173e+02 2.447e+02 255 2 4 2.708e+01 5.692e+01 277 2 1 5.001e+01 7.599e+01 241 2 3 4.954e+00 3.705e+01 298
12370 5 0 2 6.715e+02 6.725e+02 9 0 4 6.655e+02 6.785e+02 120 1 1 4.811e+02 4.849e+02 35 2 2 3.335e+02 3.385e+02 47 2 3 3.793e+02 4.187e+02 366
12372 7 0 1 5.581e+02 5.759e+02 166 0 1 6.497e+02 6.523e+02 25 0 2 6.219e+02 6.381e+02 151 0 3 5.545e+02 5.795e+02 231 2 3 1.712e+01 2.488e+01 72 2 1 1.308e+01 2.892e+01 147 2 2 2.376e+01 6.024e+01 339
12373 3 0 4 6.679e+02 6.761e+02 76 0 4 6.540e+02 6.900e+02 335 2 4 3.573e+02 3.987e+02 385
12374 3 0 1 6.484e+02 6.536e+02 49 0 2 6.541e+02 6.899e+02 333 2 1 3.123e+02 3.177e+02 50
12378 0
12379 0
12380 0
12382 5 0 4 3.318e+02 3.402e+02 79 0 4 1.674e+02 1.686e+02 11 0 2 6.578e+02 6.862e+02 263 0 4 6.566e+02 6.874e+02 286 1 1 6.047e+02 6.133e+02 80
12384 16 0 1 2.685e+02 2.775e+02 83 0 1 6.036e+02 6.144e+02 100 0 4 2.893e+02 2.987e+02 88 0 3 6.493e+02 6.527e+02 32 0 4 2.385e+02 2.655e+02 250 0 3 6.029e+02 6.151e+02 113 0 2 6.704e+02 6.736e+02 30 0 3 2.575e+02 2.885e+02 287 0 2 6.118e+02 6.482e+02 337 0 2 2.777e+02 3.103e+02 303 0 4 6.671e+02 6.769e+02 90 0 4 6.181e+02 6.419e+02 221 0 1 6.435e+02 6.585e+02 140 0 1 6.320e+02 6.700e+02 353 0 3 6.336e+02 6.684e+02 324 2 2 8.375e+01 8.425e+01 5
12386 9 0 2 3.356e+02 3.364e+02 8 0 4 2.382e+02 2.658e+02 257 0 2 4.930e+02 5.150e+02 204 0 1 3.037e+02 3.263e+02 210 0 1 5.168e+02 5.332e+02 152 0 4 3.279e+02 3.441e+02 150 0 4 4.939e+02 5.141e+02 188 1 2 6.229e+02 6.371e+02 131 1 2 6.133e+02 6.467e+02 310
12387 6 0 4 5.827e+02 5.933e+02 98 0 2 6.215e+02 6.385e+02 158 0 3 6.417e+02 6.603e+02 173 0 1 5.477e+02 5.863e+02 358 0 4 6.162e+02 6.438e+02 256 0 3 5.436e+02 5.904e+02 435
12389 0
12390 0
12392 6 2 3 6.248e+01 6.352e+01 10 2 4 5.859e+02 5.901e+02 39 2 1 5.454e+01 7.146e+01 157 2 2 7.396e+01 9.404e+01 186 2 4 7.123e+01 9.677e+01 237 2 3 5.925e+02 6.255e+02 306
12397 0
12398 8 1 3 6.027e+02 6.153e+02 117 1 4 5.755e+02 6.005e+02 233 1 2 6.276e+02 6.324e+02 45 1 4 1.518e+02 1.842e+02 301 1 4 6.271e+02 6.329e+02 54 1 4 6.139e+02 6.461e+02 300 2 3 1.756e+01 2.444e+01 64 2 2 4.117e+01 4.283e+01 16
12399 6 2 3 2.726e+02 2.734e+02 8 2 4 4.129e+02 4.271e+02 132 2 2 2.938e+02 2.942e+02 4 2 4 2.917e+02 2.963e+02 42 2 2 2.811e+02 3.069e+02 239 2 3 2.992e+02 3.308e+02 293
12402 10 0 1 5.606e+02 5.734e+02 118 0 4 5.880e+02 5.880e+02 -22 0 2 6.646e+02 6.794e+02 138 0 3 5.561e+02 5.779e+02 202 2 4 3.738e+02 3.822e+02 78 2 4 4.535e+02 4.705e+02 158 2 3 5.494e+01 7.106e+01 150 2 3 4.760e+02 4.900e+02 130 2 4 1.177e+02 1.343e+02 154 2 3 1.313e+02 1.627e+02 292
12403 0
12404 18 0 2 6.287e+02 6.313e+02 24 0 3 6.501e+02 6.519e+02 17 0 4 6.249e+02 6.351e+02 94 0 2 6.718e+02 6.722e+02 3 0 3 6.026e+02 6.154e+02 120 0 1 6.503e+02 6.517e+02 13 0 4 6.175e+02 6.425e+02 232 0 4 6.667e+02 6.773e+02 98 0 1 5.930e+02 6.250e+02 297 0 2 6.544e+02 6.896e+02 327 0 3 5.899e+02 6.281e+02 355 0 4 6.543e+02 6.897e+02 329 0 1 6.336e+02 6.684e+02 324 1 1 6.088e+02 6.092e+02 3 1 3 5.994e+02 6.186e+02 178 1 2 6.247e+02 6.353e+02 98 1 4 6.254e+02 6.346e+02 86 1 2 6.135e+02 6.465e+02 306
12405 11 0 3 6.510e+02 6.510e+02 -24 0 2 6.720e+02 6.720e+02 -20 0 4 6.668e+02 6.772e+02 97 1 4 5.877e+02 5.883e+02 6 1 3 5.624e+02 5.716e+02 86 1 2 5.816e+02 5.944e+02 119 1 3 5.497e+02 5.843e+02 320 2 2 6.158e+02 6.442e+02 264 2 2 1.096e+02 1.424e+02 305 2 4 4.887e+02 5.193e+02 284 2 4 2.324e+02 2.716e+02 364
