14289 24 0 3 5.664e+02 5.676e+02 10 0 3 5.611e+02 5.729e+02 109 0 3 5.969e+02 6.211e+02 225 0 2 3.606e+02 3.954e+02 324 0 4 5.760e+02 6.000e+02 222 0 1 5.948e+02 6.232e+02 265 1 4 5.455e+02 5.465e+02 9 1 1 5.250e+02 5.250e+02 -4 1 3 5.648e+02 5.692e+02 41 1 2 6.235e+02 6.365e+02 120 1 3 5.173e+02 5.327e+02 142 1 2 5.825e+02 5.935e+02 101 1 4 6.236e+02 6.364e+02 118 1 1 4.705e+02 4.955e+02 233 1 1 5.596e+02 5.744e+02 137 1 3 5.958e+02 6.222e+02 246 1 3 5.568e+02 5.772e+02 189 1 4 6.109e+02 6.491e+02 354 1 4 5.738e+02 6.022e+02 263 1 2 5.311e+02 5.609e+02 277 2 3 3.137e+02 3.163e+02 24 2 2 3.349e+02 3.371e+02 20 2 4 2.899e+02 2.981e+02 76 3 3 7.512e+00 3.449e+01 250
14290 1 2 4 1.680e+02 1.680e+02 -15
14291 0
14292 4 1 2 6.108e+02 6.492e+02 356 2 3 1.050e+02 1.050e+02 -2 2 1 3.651e+00 3.835e+01 322 2 3 9.154e-01 4.108e+01 373
14293 0
14294 0
14296 13 0 1 6.472e+02 6.548e+02 70 0 3 4.784e+02 4.876e+02 86 0 2 6.254e+02 6.346e+02 86 0 3 4.694e+02 4.966e+02 252 0 4 6.256e+02 6.344e+02 81 0 1 6.355e+02 6.665e+02 288 0 3 6.342e+02 6.678e+02 312 0 2 6.551e+02 6.889e+02 313 2 2 3.986e+01 4.414e+01 40 2 4 3.870e+01 4.530e+01 61 2 1 5.822e+01 6.778e+01 89 2 3 5.099e+01 7.501e+01 223 2 1 4.012e+00 3.799e+01 316
14299 5 2 3 1.047e+02 1.053e+02 6 2 3 3.134e+02 3.166e+02 29 2 2 1.246e+02 1.274e+02 26 2 4 6.670e+01 1.013e+02 321 2 1 1.321e+02 1.619e+02 276
14300 0
14301 0
14302 0
14303 1 0 4 6.659e+02 6.781e+02 113
14305 22 0 4 1.629e+02 1.731e+02 96 0 1 6.397e+02 6.623e+02 210 0 1 5.526e+02 5.814e+02 267 0 4 5.823e+02 5.937e+02 106 0 2 6.636e+02 6.804e+02 156 0 3 5.978e+02 6.202e+02 208 0 4 6.577e+02 6.863e+02 266 0 1 5.930e+02 6.250e+02 298 1 1 5.670e+02 5.670e+02 -7 1 1 6.084e+02 6.096e+02 11 1 1 3.014e+02 3.286e+02 253 1 3 3.427e+02 3.713e+02 266 1 2 5.371e+02 5.549e+02 165 1 2 6.293e+02 6.307e+02 12 1 1 5.538e+02 5.802e+02 246 1 3 5.486e+02 5.854e+02 342 2 1 1.514e+01 2.686e+01 109 2 2 1.624e+02 1.736e+02 105 2 3 8.407e+00 3.359e+01 234 2 4 1.579e+02 1.781e+02 188 2 1 1.347e+02 1.593e+02 228 2 3 1.350e+02 1.590e+02 223
14306 19 0 4 3.825e+01 4.575e+01 70 0 4 7.984e+01 8.816e+01 77 0 3 7.967e+01 1.303e+02 470 0 4 5.865e+02 5.895e+02 28 0 2 6.709e+02 6.731e+02 21 0 2 6.293e+02 6.307e+02 13 0 3 6.002e+02 6.178e+02 163 0 3 5.097e+02 5.403e+02 284 0 1 5.908e+02 6.272e+02 337 0 2 6.090e+02 6.510e+02 390 1 3 1.866e+02 1.914e+02 46 1 4 2.041e+02 2.159e+02 109 1 4 2.334e+02 2.706e+02 346 2 3 1.443e+02 1.497e+02 50 2 4 1.148e+02 1.372e+02 207 2 4 1.976e+02 2.224e+02 230 2 2 3.811e+01 4.589e+01 72 2 4 3.641e+01 4.759e+01 104 2 3 5.629e+01 6.971e+01 125
14307 7 0 1 6.389e+02 6.631e+02 225 0 1 4.357e+02 4.463e+02 99 0 2 6.191e+02 6.409e+02 203 0 3 6.422e+02 6.598e+02 164 0 4 6.149e+02 6.451e+02 280 0 2 4.407e+02 4.833e+02 396 1 2 6.202e+02 6.398e+02 182
14308 0
14309 7 0 2 5.448e+02 5.472e+02 22 0 4 4.158e+02 4.242e+02 79 0 2 6.556e+02 6.884e+02 305 0 4 6.543e+02 6.897e+02 329 1 2 6.113e+02 6.487e+02 348 2 4 1.164e+02 1.356e+02 178 2 4 1.985e+02 2.215e+02 213
14310 35 2 4 8.400e+01 8.400e+01 -22 2 3 4.824e+02 4.836e+02 11 2 1 3.119e+02 3.181e+02 58 2 3 4.396e+02 4.424e+02 26 2 4 3.780e+02 3.780e+02 -9 2 4 5.040e+02 5.040e+02 -13 2 1 6.300e+01 6.300e+01 -10 2 1 5.247e+02 5.253e+02 6 2 3 1.050e+02 1.050e+02 -2 2 4 4.178e+02 4.222e+02 41 2 4 1.651e+02 1.709e+02 54 2 2 4.521e+02 4.719e+02 184 2 3 3.149e+02 3.151e+02 1 2 3 5.220e+02 5.280e+02 56 2 1 3.502e+02 3.638e+02 126 2 1 4.259e+02 4.561e+02 281 2 3 6.279e+01 6.321e+01 4 2 3 4.718e+02 4.942e+02 208 2 2 1.260e+02 1.260e+02 -12 2 2 5.409e+02 5.511e+02 95 2 3 1.803e+02 1.977e+02 161 2 1 5.618e+02 5.722e+02 96 2 4 2.020e+02 2.180e+02 149 2 4 2.916e+02 2.964e+02 46 2 2 3.216e+02 3.504e+02 268 2 2 3.762e+01 4.638e+01 81 2 2 1.582e+02 1.778e+02 182 2 3 2.185e+02 2.435e+02 231 2 2 2.793e+02 3.087e+02 272 2 1 1.285e+01 2.915e+01 151 2 4 2.804e+02 3.076e+02 253 2 3 1.133e+01 3.067e+01 180 2 3 3.006e+02 3.294e+02 268 2 4 2.501e+01 5.899e+01 316 2 1 4.920e+01 7.680e+01 256
14311 25 0 1 4.830e+02 4.830e+02 -23 0 4 6.720e+02 6.720e+02 -19 0 4 5.880e+02 5.880e+02 -10 0 2 6.671e+02 6.769e+02 91 0 3 5.927e+02 6.253e+02 302 0 4 6.559e+02 6.881e+02 299 0 2 6.568e+02 6.872e+02 282 1 4 5.847e+02 5.913e+02 62 1 3 5.554e+02 5.786e+02 216 1 2 6.130e+02 6.470e+02 316 1 4 6.123e+02 6.477e+02 328 2 1 2.730e+02 2.730e+02 -20 2 2 4.190e+02 4.210e+02 19 2 4 3.780e+02 3.780e+02 -4 2 2 2.489e+02 2.551e+02 58 2 1 3.902e+02 4.078e+02 164 2 4 2.511e+02 2.529e+02 16 2 2 6.631e+02 6.809e+02 166 2 4 1.159e+02 1.361e+02 187 2 3 2.194e+02 2.426e+02 215 2 3 3.925e+02 4.055e+02 120 2 4 2.428e+02 2.612e+02 171 2 2 5.336e+02 5.584e+02 230 2 4 1.930e+02 2.270e+02 316 3 3 5.584e+01 7.016e+01 133
14312 0
14313 36 0 1 5.506e+02 5.834e+02 304 0 1 2.078e+02 2.542e+02 431 0 3 5.494e+02 5.846e+02 326 0 2 6.070e+02 6.530e+02 426 0 2 2.289e+02 2.751e+02 429 0 3 6.293e+02 6.727e+02 402 0 4 5.621e+02 6.139e+02 481 0 2 6.543e+02 6.897e+02 329 0 4 6.464e+02 6.976e+02 476 1 4 5.040e+02 5.040e+02 -1 2 3 3.965e+02 4.015e+02 46 2 3 6.055e+01 6.545e+01 46 2 4 4.604e+02 4.636e+02 30 2 4 7.347e+01 9.453e+01 196 2 2 5.427e+02 5.493e+02 61 2 3 2.692e+02 2.768e+02 70 2 4 6.693e+02 6.747e+02 50 2 1 1.604e+01 2.596e+01 92 2 2 4.190e+02 4.210e+02 18 2 3 9.882e+01 1.112e+02 115 2 1 4.755e+02 4.905e+02 139 2 1 1.705e+02 2.075e+02 344 2 2 5.336e+02 5.584e+02 230 2 1 2.609e+02 2.851e+02 224 2 4 4.200e+02 4.200e+02 -0 2 1 5.189e+01 7.411e+01 206 2 3 4.751e+02 4.909e+02 147 2 2 1.091e+02 1.429e+02 315 2 4 5.346e+02 5.574e+02 211 2 2 2.805e+02 3.075e+02 251 2 1 4.368e+02 4.452e+02 79 2 3 9.083e+00 3.292e+01 221 2 2 4.450e+02 4.790e+02 316 2 3 5.116e+02 5.384e+02 250 2 3 4.361e+02 4.459e+02 90 2 2 4.845e+02 5.235e+02 363
14315 4 3 3 3.990e+02 3.990e+02 -4 3 2 4.173e+02 4.227e+02 50 3 4 4.052e+02 4.348e+02 276 3 1 4.244e+02 4.576e+02 308
14318 20 0 3 4.814e+02 4.846e+02 30 0 3 6.073e+02 6.107e+02 31 0 4 2.886e+02 2.994e+02 100 0 1 4.381e+02 4.439e+02 55 0 3 3.961e+02 4.019e+02 53 0 4 4.938e+02 5.142e+02 190 0 4 5.727e+02 6.033e+02 284 0 4 4.152e+02 4.248e+02 90 0 2 4.494e+02 4.746e+02 234 0 1 4.238e+02 4.582e+02 319 0 3 3.809e+02 4.171e+02 336 1 2 5.420e+02 5.500e+02 74 1 3 6.059e+02 6.121e+02 57 1 1 5.621e+02 5.719e+02 91 1 4 6.254e+02 6.346e+02 86 1 2 5.732e+02 6.028e+02 276 1 1 5.852e+00 3.615e+01 281 1 3 5.449e+00 3.655e+01 289 2 1 1.904e+01 2.296e+01 36 2 3 1.402e+01 2.798e+01 130
14321 0
14322 33 0 3 6.085e+02 6.095e+02 9 0 2 1.260e+02 1.260e+02 -5 0 4 5.015e+02 5.065e+02 47 0 1 5.225e+02 5.275e+02 47 0 1 9.025e+01 1.197e+02 274 0 2 6.232e+02 6.368e+02 126 0 2 6.709e+02 6.731e+02 20 0 1 4.811e+02 4.849e+02 36 0 3 5.204e+02 5.296e+02 85 0 4 6.249e+02 6.351e+02 94 0 4 6.665e+02 6.775e+02 101 0 3 4.705e+02 4.955e+02 233 0 3 5.571e+02 5.769e+02 184 0 4 5.801e+02 5.959e+02 147 0 1 6.410e+02 6.610e+02 186 0 2 4.904e+02 5.176e+02 252 0 2 5.273e+02 5.647e+02 346 0 1 5.972e+02 6.208e+02 220 0 3 6.437e+02 6.583e+02 136 0 3 4.639e+02 5.021e+02 354 0 3 5.954e+02 6.226e+02 252 0 4 6.557e+02 6.883e+02 303 0 4 6.161e+02 6.439e+02 258 1 2 2.811e+01 5.589e+01 258 1 1 5.090e+01 7.510e+01 225 2 3 1.043e+02 1.057e+02 13 2 3 2.263e+02 2.357e+02 86 2 2 1.185e+02 1.335e+02 139 2 1 1.397e+02 1.543e+02 135 2 4 1.218e+02 1.302e+02 78 2 3 1.291e+02 1.649e+02 332 2 4 7.581e+01 9.219e+01 152 2 4 6.746e+01 1.005e+02 307
14323 23 0 4 5.015e+02 5.065e+02 46 0 2 2.484e+02 2.556e+02 67 0 3 5.211e+02 5.289e+02 73 0 2 6.299e+02 6.301e+02 2 0 1 4.351e+02 4.469e+02 110 0 2 5.003e+02 5.077e+02 69 0 3 5.628e+02 5.712e+02 77 0 3 6.070e+02 6.110e+02 37 0 1 4.724e+02 4.936e+02 196 0 3 5.125e+02 5.375e+02 232 0 4 6.528e+02 6.912e+02 356 0 4 4.829e+02 5.251e+02 392 1 4 5.880e+02 5.880e+02 -7 1 2 6.253e+02 6.347e+02 88 1 3 6.029e+02 6.151e+02 114 2 2 1.644e+02 1.716e+02 66 2 3 1.438e+02 1.502e+02 60 2 2 2.886e+02 2.994e+02 100 2 4 1.612e+02 1.748e+02 127 2 4 2.869e+02 3.011e+02 132 2 1 1.716e+02 2.064e+02 323 2 1 3.050e+02 3.250e+02 186 2 3 2.541e+02 2.919e+02 350
14324 16 0 3 9.537e+01 1.146e+02 179 1 3 5.250e+02 5.250e+02 -12 1 2 5.460e+02 5.460e+02 -12 1 3 6.085e+02 6.095e+02 10 1 2 5.003e+02 5.077e+02 70 1 2 5.862e+02 5.898e+02 33 1 4 6.272e+02 6.328e+02 51 1 2 4.873e+02 5.207e+02 310 1 4 5.373e+02 5.547e+02 161 1 4 4.863e+02 5.217e+02 329 1 1 5.583e+02 5.757e+02 161 2 4 5.040e+02 5.040e+02 -10 2 1 1.760e+02 2.020e+02 242 2 1 5.189e+02 5.311e+02 113 2 2 4.947e+02 5.133e+02 172 2 3 5.138e+02 5.362e+02 208
14325 10 0 2 5.009e+02 5.071e+02 58 2 1 5.207e+02 5.293e+02 80 2 1 6.297e+01 6.303e+01 0 2 3 5.217e+02 5.283e+02 60 2 3 1.765e+01 2.435e+01 62 2 2 5.299e+02 5.621e+02 300 2 4 5.287e+02 5.633e+02 320 3 2 3.719e+02 3.841e+02 114 3 1 3.508e+02 3.632e+02 115 3 3 3.400e+02 3.740e+02 316
14326 0
