54722 19 0 1 1.876e+02 1.904e+02 26 0 1 6.508e+02 6.512e+02 3 0 2 2.041e+02 2.159e+02 109 0 3 4.772e+02 4.888e+02 108 0 3 6.496e+02 6.524e+02 26 0 3 2.576e+02 2.884e+02 286 0 2 4.499e+02 4.741e+02 225 0 2 2.313e+02 2.727e+02 385 0 2 6.711e+02 6.729e+02 16 0 1 4.739e+02 4.921e+02 170 0 4 4.429e+02 4.811e+02 355 2 4 3.915e+01 4.485e+01 53 2 2 3.178e+02 3.542e+02 338 2 1 5.858e+01 6.742e+01 82 2 3 5.606e+01 6.994e+01 129 2 2 3.367e+01 5.033e+01 155 2 4 2.914e+01 5.486e+01 239 2 1 5.108e+01 7.492e+01 221 2 3 4.606e+01 7.994e+01 315
54723 0
54724 0
54725 1 0 1 2.933e+02 3.367e+02 402
54726 0
54727 8 2 1 2.719e+02 2.741e+02 20 2 4 1.678e+02 1.682e+02 4 2 4 2.444e+02 2.596e+02 141 2 3 2.716e+02 2.744e+02 26 2 1 1.867e+02 1.913e+02 43 2 2 1.594e+02 1.766e+02 159 2 2 2.798e+02 3.082e+02 263 2 3 1.757e+02 2.023e+02 247
54728 14 2 1 6.088e+02 6.092e+02 4 2 4 4.197e+01 4.203e+01 0 2 3 5.629e+02 5.711e+02 76 2 3 5.440e+01 7.160e+01 160 2 1 5.585e+02 5.755e+02 158 2 2 5.739e+02 6.021e+02 262 2 4 6.577e+02 6.863e+02 266 2 4 5.707e+02 6.053e+02 321 3 4 5.027e+02 5.053e+02 25 3 3 5.246e+02 5.254e+02 7 3 2 4.923e+02 5.157e+02 217 3 4 4.974e+02 5.106e+02 123 3 1 5.175e+02 5.325e+02 139 3 3 5.052e+02 5.448e+02 367
54729 13 0 1 6.432e+02 6.588e+02 145 0 3 6.371e+02 6.649e+02 258 2 1 2.079e+01 2.121e+01 4 2 1 9.665e+00 3.233e+01 210 2 3 8.094e+00 3.391e+01 240 2 3 8.083e+01 1.292e+02 449 2 1 4.459e+00 3.754e+01 307 2 2 1.058e+02 1.462e+02 376 2 4 1.047e+02 1.473e+02 396 3 3 5.133e+02 5.367e+02 218 3 2 4.862e+02 5.218e+02 330 3 4 5.213e+02 5.707e+02 459 3 1 4.597e+02 5.063e+02 432
54730 18 0 4 6.279e+02 6.321e+02 39 0 2 1.648e+02 1.712e+02 59 0 2 6.700e+02 6.740e+02 38 0 1 1.787e+02 1.993e+02 192 0 3 5.553e+02 5.787e+02 216 0 2 2.032e+02 2.168e+02 126 0 4 6.175e+02 6.425e+02 233 0 3 1.725e+02 2.055e+02 307 0 4 4.876e+02 5.204e+02 305 1 2 6.288e+02 6.312e+02 23 1 1 3.136e+02 3.164e+02 26 1 2 3.298e+02 3.422e+02 116 1 4 6.214e+02 6.386e+02 159 1 1 5.927e+02 6.253e+02 302 1 3 3.036e+02 3.264e+02 212 3 2 2.506e+02 2.534e+02 26 3 2 3.763e+02 3.797e+02 31 3 3 5.135e+01 7.465e+01 216
54731 4 0 4 6.597e+02 6.843e+02 228 0 2 6.571e+02 6.869e+02 277 0 1 6.282e+02 6.738e+02 423 0 3 6.256e+02 6.764e+02 471
54732 0
54733 12 1 1 6.085e+02 6.095e+02 9 1 4 6.294e+02 6.306e+02 10 1 2 6.220e+02 6.380e+02 149 1 3 5.929e+02 6.251e+02 299 2 4 2.475e+02 2.565e+02 83 2 3 4.364e+02 4.456e+02 86 2 3 2.261e+02 2.359e+02 90 2 2 4.544e+02 4.696e+02 140 2 2 2.464e+02 2.576e+02 105 2 4 4.021e+02 4.379e+02 333 2 1 2.573e+02 2.887e+02 291 2 4 4.412e+02 4.828e+02 387
54734 8 2 2 4.143e+01 4.257e+01 10 2 2 1.217e+02 1.303e+02 80 2 3 5.199e+02 5.301e+02 95 2 3 6.882e+00 3.512e+01 262 2 4 4.916e+02 5.164e+02 230 2 3 9.384e+01 1.162e+02 207 2 2 5.389e+02 5.531e+02 131 2 2 1.072e+02 1.448e+02 350
54735 10 0 4 6.713e+02 6.727e+02 14 0 3 5.988e+02 6.192e+02 190 0 4 5.758e+02 6.002e+02 227 2 4 5.457e+02 5.463e+02 5 2 3 1.880e+02 1.900e+02 19 2 3 5.639e+02 5.701e+02 58 2 2 2.080e+02 2.120e+02 37 2 4 1.197e+02 1.323e+02 117 2 4 1.560e+02 1.800e+02 222 2 1 2.259e+02 2.361e+02 96
54736 7 2 3 4.803e+02 4.857e+02 50 2 4 4.475e+02 4.765e+02 269 3 1 5.667e+02 5.673e+02 6 3 1 5.240e+02 5.260e+02 18 3 2 5.377e+02 5.543e+02 154 3 3 5.239e+02 5.261e+02 20 3 4 5.279e+02 5.641e+02 336
54737 0
54738 21 0 3 3.975e+02 4.005e+02 28 0 3 4.787e+02 4.873e+02 80 0 2 6.704e+02 6.736e+02 30 0 1 4.389e+02 4.431e+02 40 0 2 3.612e+02 3.948e+02 312 0 4 4.530e+02 4.710e+02 167 0 3 5.579e+02 5.761e+02 170 0 4 6.685e+02 6.755e+02 66 0 3 4.350e+02 4.470e+02 111 0 1 4.764e+02 4.896e+02 122 0 2 5.387e+02 5.533e+02 136 0 1 6.405e+02 6.615e+02 195 0 1 3.890e+02 4.090e+02 186 0 2 4.427e+02 4.813e+02 358 0 1 5.539e+02 5.801e+02 244 0 2 6.628e+02 6.812e+02 170 0 4 4.063e+02 4.337e+02 255 0 3 6.381e+02 6.639e+02 240 0 4 6.566e+02 6.874e+02 286 2 1 1.667e+01 2.533e+01 80 2 3 1.249e+01 2.951e+01 158
54739 27 2 3 3.138e+02 3.162e+02 23 2 1 3.990e+02 3.990e+02 -6 2 1 3.083e+02 3.217e+02 124 2 3 3.953e+02 4.027e+02 70 2 4 3.638e+02 3.922e+02 264 2 4 2.746e+02 3.134e+02 360 2 2 3.632e+02 3.928e+02 275 2 2 3.193e+02 3.527e+02 310 3 2 2.504e+02 2.536e+02 30 3 2 3.761e+02 3.799e+02 35 3 1 4.408e+02 4.412e+02 3 3 4 2.518e+02 2.522e+02 4 3 2 2.870e+02 3.010e+02 130 3 3 3.957e+02 4.023e+02 62 3 2 4.188e+02 4.212e+02 22 3 1 2.602e+02 2.858e+02 237 3 4 2.927e+02 2.953e+02 24 3 3 3.548e+02 3.592e+02 40 3 2 4.030e+02 4.370e+02 316 3 3 2.621e+02 2.839e+02 203 3 1 3.067e+02 3.233e+02 155 3 1 3.448e+02 3.692e+02 226 3 3 2.536e+02 2.924e+02 360 3 3 2.985e+02 3.315e+02 306 3 4 3.629e+02 3.931e+02 280 3 4 3.199e+02 3.521e+02 300 3 1 3.856e+02 4.124e+02 249
54740 0
54741 0
54742 17 0 4 2.476e+02 2.564e+02 82 1 2 5.460e+02 5.460e+02 -22 1 1 5.209e+02 5.291e+02 76 1 1 5.625e+02 5.715e+02 83 1 3 5.171e+02 5.329e+02 147 1 2 5.835e+02 5.925e+02 83 1 2 4.899e+02 5.181e+02 262 1 4 5.343e+02 5.577e+02 217 1 4 4.940e+02 5.140e+02 186 1 2 5.322e+02 5.598e+02 257 2 1 1.855e+01 2.345e+01 46 2 4 5.035e+02 5.045e+02 9 2 3 1.326e+01 2.874e+01 144 2 2 2.986e+01 5.414e+01 226 2 4 4.422e+02 4.818e+02 368 2 2 5.763e+02 5.997e+02 217 2 4 4.014e+02 4.386e+02 346
54743 6 0 2 6.667e+02 6.773e+02 98 0 4 6.651e+02 6.789e+02 128 2 1 1.857e+02 1.923e+02 60 2 3 9.036e+00 3.296e+01 222 2 2 5.788e+02 5.972e+02 170 2 4 2.396e+02 2.644e+02 230
54744 0
54745 2 0 2 5.451e+02 5.469e+02 17 0 3 5.608e+02 5.732e+02 116
54746 11 0 2 6.634e+02 6.806e+02 160 0 4 6.634e+02 6.806e+02 160 0 3 6.391e+02 6.629e+02 220 2 1 1.900e+01 2.300e+01 37 2 3 9.559e+01 1.144e+02 175 2 3 7.242e+00 3.476e+01 256 2 2 1.190e+02 1.330e+02 130 2 4 1.101e+02 1.419e+02 295 3 2 4.606e+02 4.634e+02 26 3 3 3.891e+02 4.089e+02 184 3 4 4.941e+02 5.139e+02 183
54747 3 2 3 2.296e+02 2.324e+02 26 2 4 1.947e+02 2.253e+02 284 3 1 4.377e+02 4.443e+02 62
54748 82 0 4 4.617e+02 4.623e+02 6 0 2 6.275e+02 6.325e+02 46 0 4 6.710e+02 6.730e+02 18 0 2 3.707e+02 3.853e+02 136 0 3 4.372e+02 4.448e+02 70 0 4 5.033e+02 5.047e+02 13 0 4 3.691e+02 3.869e+02 166 0 1 5.181e+02 5.319e+02 129 0 4 6.258e+02 6.342e+02 77 0 1 6.454e+02 6.566e+02 104 0 1 3.962e+02 4.018e+02 52 0 2 4.526e+02 4.714e+02 175 0 3 5.167e+02 5.333e+02 154 0 1 5.990e+02 6.190e+02 186 0 3 6.429e+02 6.591e+02 151 0 3 3.903e+02 4.077e+02 162 0 1 5.476e+02 5.864e+02 360 0 3 6.038e+02 6.142e+02 97 0 2 6.688e+02 6.752e+02 60 0 3 3.847e+02 4.133e+02 265 0 4 5.715e+02 6.045e+02 307 0 1 6.363e+02 6.657e+02 273 0 1 3.825e+02 4.155e+02 306 0 4 6.132e+02 6.468e+02 312 1 3 6.077e+02 6.103e+02 25 1 4 5.024e+02 5.056e+02 30 1 2 5.876e+02 5.884e+02 8 1 4 6.281e+02 6.319e+02 36 1 1 5.170e+02 5.330e+02 148 1 4 5.782e+02 5.978e+02 181 1 1 6.078e+02 6.102e+02 23 1 3 5.175e+02 5.325e+02 139 1 2 5.300e+02 5.620e+02 298 1 2 6.207e+02 6.393e+02 172 1 2 4.907e+02 5.173e+02 247 1 3 4.644e+02 5.016e+02 346 1 2 4.851e+02 5.229e+02 350 2 4 5.458e+02 5.462e+02 4 2 4 4.103e+01 4.297e+01 18 2 3 6.085e+02 6.095e+02 10 2 4 8.191e+01 8.609e+01 39 2 1 4.397e+02 4.423e+02 24 2 3 1.883e+02 1.897e+02 12 2 2 4.609e+02 4.631e+02 20 2 2 2.076e+02 2.124e+02 44 2 1 5.597e+02 5.743e+02 136 2 2 2.902e+02 2.978e+02 71 2 4 5.847e+02 5.913e+02 60 2 1 6.207e+01 6.393e+01 17 2 3 3.981e+02 3.999e+02 16 2 2 7.082e+01 9.718e+01 245 2 4 4.593e+02 4.647e+02 50 2 2 1.609e+02 1.751e+02 132 2 3 5.603e+02 5.737e+02 125 2 3 2.293e+02 2.327e+02 31 2 3 6.008e+02 6.172e+02 153 2 3 2.607e+02 2.853e+02 229 2 4 4.084e+02 4.316e+02 215 2 2 3.663e+02 3.897e+02 218 2 3 4.806e+02 4.854e+02 46 2 3 1.936e+01 2.264e+01 30 2 2 5.375e+02 5.545e+02 157 2 3 9.165e+01 1.184e+02 248 2 3 4.285e+02 4.535e+02 232 2 1 1.852e+02 1.928e+02 70 2 2 4.923e+02 5.157e+02 217 2 4 2.353e+02 2.687e+02 310 2 4 4.023e+02 4.377e+02 328 2 4 2.839e+02 3.041e+02 188 2 1 4.646e+02 5.014e+02 341 2 4 3.638e+02 3.922e+02 263 2 2 4.094e+01 4.306e+01 20 2 2 6.409e+01 1.039e+02 370 2 4 1.574e+02 1.786e+02 196 2 4 1.909e+02 2.291e+02 354 2 3 2.981e+02 3.319e+02 313 2 1 9.531e+00 3.247e+01 213 2 2 1.059e+02 1.461e+02 373 2 3 1.292e+02 1.648e+02 331 2 1 2.545e+02 2.915e+02 343 2 2 2.936e+01 5.464e+01 235 2 3 3.248e+00 3.875e+01 330
54749 0
54750 4 0 4 5.724e+02 6.036e+02 290 0 2 6.571e+02 6.869e+02 277 0 4 6.555e+02 6.885e+02 306 2 1 6.973e+00 3.503e+01 260
54751 58 0 2 6.274e+02 6.326e+02 48 0 3 5.219e+02 5.281e+02 57 0 2 6.181e+02 6.419e+02 221 0 1 3.431e+02 3.709e+02 258 0 2 6.627e+02 6.813e+02 172 0 2 4.951e+02 5.129e+02 165 0 4 3.582e+02 3.978e+02 367 0 3 5.569e+02 5.771e+02 188 0 4 6.126e+02 6.474e+02 323 0 3 6.391e+02 6.629e+02 221 0 4 6.601e+02 6.839e+02 220 1 1 5.654e+02 5.686e+02 29 1 2 5.840e+02 5.920e+02 74 1 3 6.048e+02 6.132e+02 79 1 3 5.616e+02 5.724e+02 100 1 1 5.937e+02 6.243e+02 284 1 4 5.809e+02 5.951e+02 131 1 3 5.936e+02 6.244e+02 286 1 4 6.116e+02 6.484e+02 342 2 1 5.652e+02 5.688e+02 34 2 4 3.760e+02 3.800e+02 38 2 3 4.384e+02 4.436e+02 48 2 3 1.877e+01 2.323e+01 41 2 2 4.598e+02 4.642e+02 40 2 4 1.240e+02 1.280e+02 38 2 4 6.201e+02 6.399e+02 184 2 3 2.282e+02 2.338e+02 51 2 3 6.463e+02 6.557e+02 87 2 4 2.923e+02 2.957e+02 31 2 1 3.531e+02 3.609e+02 72 2 4 4.129e+02 4.271e+02 132 2 1 1.222e+01 2.978e+01 163 2 4 4.601e+02 4.639e+02 36 2 3 1.037e+02 1.063e+02 24 2 2 6.670e+02 6.770e+02 92 2 1 1.412e+02 1.528e+02 107 2 1 4.249e+02 4.571e+02 300 2 4 2.427e+02 2.613e+02 172 2 3 4.718e+02 4.942e+02 209 2 3 3.070e+02 3.230e+02 149 2 4 6.702e+02 6.738e+02 33 2 2 3.756e+02 3.804e+02 45 2 4 6.581e+02 6.859e+02 259 2 3 7.825e+00 3.418e+01 245 2 2 1.213e+02 1.307e+02 88 2 4 2.036e+02 2.164e+02 119 2 1 2.679e+02 2.781e+02 96 2 2 3.193e+02 3.527e+02 310 2 2 2.488e+01 5.912e+01 318 2 4 7.078e+01 9.722e+01 246 2 2 2.399e+02 2.641e+02 225 2 3 2.644e+02 2.816e+02 160 2 4 1.109e+02 1.411e+02 280 2 1 2.143e+02 2.477e+02 310 2 1 3.022e+02 3.278e+02 238 2 2 1.074e+02 1.446e+02 345 2 2 2.727e+02 3.153e+02 396 3 4 3.448e+01 4.952e+01 140
