24123 80 0 1 5.669e+02 5.671e+02 2 0 4 3.303e+02 3.417e+02 106 0 2 6.279e+02 6.321e+02 39 0 3 5.934e+01 6.666e+01 68 0 1 6.505e+02 6.515e+02 10 0 4 8.258e+01 8.542e+01 26 0 2 5.034e+02 5.046e+02 10 0 4 1.643e+02 1.717e+02 70 0 3 5.670e+02 5.670e+02 0 0 2 2.454e+02 2.586e+02 122 0 4 5.836e+02 5.924e+02 82 0 2 2.866e+02 3.014e+02 138 0 2 6.714e+02 6.726e+02 11 0 2 3.250e+02 3.470e+02 204 0 1 3.922e+02 4.058e+02 127 0 2 4.004e+01 4.396e+01 36 0 4 5.020e+02 5.060e+02 36 0 1 1.364e+02 1.576e+02 197 0 1 5.208e+02 5.292e+02 77 0 2 2.398e+02 2.642e+02 226 0 4 6.250e+02 6.350e+02 92 0 1 3.062e+02 3.238e+02 164 0 4 6.673e+02 6.767e+02 88 0 4 3.656e+02 3.904e+02 230 0 1 4.772e+02 4.888e+02 107 0 2 1.073e+02 1.447e+02 347 0 3 5.239e+02 5.261e+02 20 0 1 5.981e+02 6.199e+02 202 0 3 6.427e+02 6.593e+02 154 0 2 4.519e+02 4.721e+02 188 0 2 5.395e+02 5.525e+02 121 0 3 5.999e+02 6.181e+02 170 0 4 6.590e+02 6.850e+02 242 0 3 4.708e+02 4.952e+02 227 0 1 5.501e+02 5.839e+02 313 0 2 6.117e+02 6.483e+02 340 0 3 6.341e+02 6.679e+02 314 1 4 6.300e+02 6.300e+02 -2 1 4 2.937e+02 2.943e+02 6 1 2 4.995e+02 5.085e+02 83 1 2 4.543e+02 4.697e+02 144 1 4 5.878e+02 5.882e+02 3 1 3 3.016e+02 3.284e+02 249 1 1 6.090e+02 6.090e+02 -4 1 3 4.247e+02 4.573e+02 303 1 3 5.213e+02 5.287e+02 69 1 4 5.457e+02 5.463e+02 6 1 3 6.090e+02 6.090e+02 -4 1 1 4.735e+02 4.925e+02 177 1 1 5.649e+02 5.691e+02 39 1 2 6.299e+02 6.301e+02 2 1 1 5.143e+02 5.357e+02 198 1 3 5.653e+02 5.687e+02 31 1 2 5.851e+02 5.909e+02 53 1 2 5.287e+02 5.633e+02 322 2 4 3.333e+02 3.387e+02 50 2 1 5.244e+02 5.256e+02 10 2 2 8.370e+01 8.430e+01 6 2 4 5.877e+02 5.883e+02 6 2 2 1.640e+02 1.720e+02 74 2 4 4.985e+02 5.095e+02 101 2 4 8.168e+01 8.632e+01 43 2 3 5.218e+02 5.282e+02 59 2 3 1.876e+02 1.904e+02 26 2 3 6.061e+02 6.119e+02 55 2 3 4.803e+01 7.797e+01 278 2 3 1.050e+02 1.050e+02 0 2 3 5.143e+02 5.357e+02 199 2 1 1.317e+02 1.623e+02 285 2 4 6.241e+02 6.359e+02 109 2 3 3.411e+02 3.729e+02 295 2 2 5.279e+02 5.641e+02 336 2 2 1.221e+02 1.299e+02 73 2 2 6.168e+02 6.432e+02 245 2 4 1.534e+02 1.826e+02 270 2 4 6.175e+02 6.425e+02 232 2 2 7.042e+01 9.758e+01 252 2 1 5.948e+02 6.232e+02 264 2 3 8.559e+01 1.244e+02 360 3 4 6.854e+01 9.946e+01 287
24124 1 0 4 6.572e+02 6.868e+02 275
24125 33 0 1 3.933e+02 4.047e+02 106 0 2 6.628e+02 6.812e+02 171 0 4 4.130e+02 4.270e+02 130 0 1 5.452e+02 5.888e+02 406 0 3 5.879e+02 6.301e+02 391 0 4 6.602e+02 6.838e+02 220 0 3 3.834e+02 4.146e+02 289 0 4 4.810e+02 5.270e+02 428 0 2 6.063e+02 6.537e+02 440 0 1 4.581e+02 5.079e+02 462 0 4 6.463e+02 6.977e+02 476 1 3 -3.170e+00 4.517e+01 449 2 4 4.615e+02 4.625e+02 10 2 4 1.661e+02 1.699e+02 36 2 1 3.563e+02 3.577e+02 14 2 3 4.779e+02 4.881e+02 94 2 4 3.852e+01 4.548e+01 65 2 1 4.724e+02 4.936e+02 196 2 2 1.581e+02 1.779e+02 184 2 4 2.883e+02 2.997e+02 106 2 3 3.553e+02 3.587e+02 32 2 2 4.854e+02 5.226e+02 345 2 3 5.225e+01 7.375e+01 200 2 1 1.835e+02 1.945e+02 102 2 3 2.587e+02 2.873e+02 265 2 4 3.344e+02 3.376e+02 29 2 1 4.637e+00 3.736e+01 304 2 1 1.753e+02 2.027e+02 254 2 2 3.197e+02 3.523e+02 303 2 3 1.733e+02 2.047e+02 292 3 2 3.488e+01 4.912e+01 132 3 1 5.984e+00 3.602e+01 279 3 2 2.568e+01 5.832e+01 303
24126 0
24129 0
24130 4 2 3 9.618e+01 1.138e+02 164 2 3 2.663e+02 2.797e+02 124 2 4 1.106e+02 1.414e+02 286 2 2 4.880e+02 5.200e+02 298
24131 13 0 2 5.417e+02 5.503e+02 80 0 4 5.879e+02 5.881e+02 1 0 1 5.623e+02 5.717e+02 88 0 2 6.635e+02 6.805e+02 157 0 3 5.632e+02 5.708e+02 70 0 4 6.604e+02 6.836e+02 216 0 2 5.323e+02 5.597e+02 255 0 4 6.546e+02 6.894e+02 324 0 3 5.071e+02 5.429e+02 333 2 2 4.067e+01 4.333e+01 25 2 4 3.735e+01 4.665e+01 86 2 3 2.800e+00 3.920e+01 338 2 1 3.789e+00 3.821e+01 320
24135 49 0 4 6.293e+02 6.307e+02 12 0 4 3.331e+02 3.389e+02 54 0 1 6.508e+02 6.512e+02 3 0 1 6.038e+02 6.142e+02 97 0 3 6.496e+02 6.524e+02 26 0 2 6.218e+02 6.382e+02 152 0 2 6.545e+02 6.895e+02 326 0 1 5.977e+02 6.203e+02 210 0 4 6.562e+02 6.878e+02 294 0 3 5.956e+02 6.224e+02 250 1 3 5.653e+02 5.687e+02 31 1 3 6.090e+02 6.090e+02 -7 1 1 4.410e+02 4.410e+02 -10 1 3 4.349e+02 4.471e+02 113 1 1 5.243e+02 5.257e+02 14 1 2 5.453e+02 5.467e+02 13 1 2 4.480e+02 4.760e+02 260 1 4 4.436e+02 4.804e+02 342 1 3 5.246e+02 5.254e+02 8 1 3 5.568e+02 5.772e+02 190 1 4 6.289e+02 6.311e+02 21 1 1 4.803e+02 4.857e+02 50 1 2 5.758e+02 6.002e+02 226 1 1 5.980e+02 6.200e+02 204 1 3 4.694e+02 4.966e+02 252 1 4 5.808e+02 5.952e+02 135 1 3 5.939e+02 6.241e+02 280 1 4 5.287e+02 5.633e+02 320 2 1 6.243e+01 6.357e+01 10 2 2 4.609e+02 4.631e+02 20 2 4 2.051e+02 2.149e+02 91 2 4 5.384e+02 5.536e+02 141 2 2 2.933e+02 2.947e+02 13 2 2 5.876e+02 5.884e+02 8 2 2 3.834e+01 4.566e+01 68 2 3 4.317e+02 4.503e+02 172 2 1 2.299e+02 2.321e+02 20 2 4 4.541e+02 4.699e+02 147 2 4 2.911e+02 2.969e+02 55 2 3 5.615e+02 5.725e+02 103 2 4 3.686e+01 4.714e+01 96 2 3 5.948e+02 6.232e+02 264 2 3 2.288e+02 2.332e+02 40 2 1 4.696e+02 4.964e+02 250 2 3 2.619e+02 2.841e+02 206 2 3 6.078e+00 3.592e+01 277 2 2 2.347e+02 2.693e+02 322 2 4 2.785e+02 3.095e+02 287 2 3 4.628e+01 7.972e+01 310
24136 5 0 2 5.387e+02 5.533e+02 136 0 3 5.098e+02 5.402e+02 283 1 2 6.178e+02 6.422e+02 226 1 4 6.127e+02 6.473e+02 321 2 3 5.401e+00 3.660e+01 290
24138 0
24139 5 0 3 2.272e+02 2.348e+02 71 0 2 2.001e+02 2.199e+02 185 0 1 2.221e+02 2.399e+02 165 2 4 1.220e+02 1.300e+02 74 3 1 2.292e+02 2.328e+02 34
24141 19 0 2 5.378e+02 5.542e+02 153 0 2 6.647e+02 6.793e+02 136 0 3 5.574e+02 5.766e+02 178 0 4 6.666e+02 6.774e+02 100 0 1 5.518e+02 5.822e+02 282 0 1 6.388e+02 6.632e+02 227 0 3 6.370e+02 6.650e+02 260 0 2 6.584e+02 6.856e+02 252 0 4 6.582e+02 6.858e+02 256 1 3 5.651e+02 5.689e+02 36 1 3 5.222e+02 5.278e+02 52 1 4 4.962e+02 5.118e+02 145 1 2 5.360e+02 5.560e+02 186 1 3 5.535e+02 5.805e+02 250 2 1 6.010e+01 6.590e+01 54 2 2 3.829e+01 4.571e+01 69 2 3 8.228e+00 3.377e+01 237 2 4 3.111e+01 5.289e+01 202 2 1 1.858e+00 4.014e+01 356
24142 14 0 4 6.280e+02 6.320e+02 37 0 1 6.040e+02 6.140e+02 93 0 2 1.194e+02 1.326e+02 122 0 2 6.215e+02 6.385e+02 158 0 4 1.527e+02 1.833e+02 284 0 3 5.990e+02 6.190e+02 186 0 1 8.608e+01 1.239e+02 351 2 3 6.080e+02 6.100e+02 18 2 3 1.595e+01 2.605e+01 94 2 4 5.816e+02 5.944e+02 119 2 2 1.251e+02 1.269e+02 17 2 4 1.192e+02 1.328e+02 126 2 1 5.968e+02 6.212e+02 227 2 3 8.904e+01 1.210e+02 296
24145 8 2 1 6.239e+01 6.361e+01 11 2 4 1.235e+02 1.284e+02 46 2 2 3.610e+01 4.790e+01 110 2 2 7.648e+01 9.152e+01 140 2 4 3.511e+01 4.889e+01 128 2 3 9.618e+01 1.138e+02 164 2 3 6.795e+00 3.521e+01 264 2 2 1.107e+02 1.413e+02 284
24146 7 2 3 1.869e+02 1.911e+02 40 2 1 1.875e+02 1.905e+02 28 2 4 1.534e+02 1.826e+02 270 2 2 4.943e+02 5.137e+02 180 2 2 1.487e+02 1.873e+02 358 3 1 1.765e+01 2.435e+01 62 3 1 5.627e+00 3.637e+01 286
24149 14 0 4 6.649e+02 6.791e+02 131 0 3 6.364e+02 6.656e+02 271 0 2 6.634e+02 6.806e+02 159 2 2 8.186e+01 8.614e+01 40 2 3 5.231e+02 5.269e+02 36 2 4 5.004e+02 5.076e+02 67 2 4 8.267e+01 8.533e+01 25 2 2 5.452e+02 5.468e+02 15 2 1 4.668e+01 7.932e+01 303 2 1 5.130e+02 5.370e+02 223 2 3 1.044e+02 1.056e+02 10 2 3 4.381e+01 8.219e+01 356 2 4 7.280e+01 9.520e+01 208 2 2 1.123e+02 1.397e+02 255
24150 12 0 4 4.573e+02 4.667e+02 88 0 3 4.298e+02 4.522e+02 208 1 2 8.137e+01 8.663e+01 49 1 4 1.238e+02 1.282e+02 41 1 4 8.061e+01 8.739e+01 63 1 1 9.793e+01 1.121e+02 131 1 3 9.187e+01 1.181e+02 244 2 1 5.907e+01 6.693e+01 73 2 3 6.279e+01 6.321e+01 4 2 3 5.037e+01 7.563e+01 235 2 2 6.724e+01 1.008e+02 311 2 4 2.959e+01 5.441e+01 230
24151 2 0 4 6.719e+02 6.721e+02 2 2 1 8.992e+00 3.301e+01 223
24155 13 0 1 6.084e+02 6.096e+02 11 0 3 6.492e+02 6.528e+02 34 0 1 6.354e+02 6.666e+02 289 1 2 6.288e+02 6.312e+02 21 2 4 6.293e+02 6.307e+02 12 2 1 1.370e+01 2.830e+01 136 2 1 6.480e+02 6.540e+02 56 2 2 6.135e+02 6.465e+02 307 2 1 3.248e+00 3.875e+01 330 2 3 6.392e+02 6.628e+02 220 2 3 1.228e+00 4.077e+01 367 2 2 2.017e+01 6.383e+01 406 2 4 1.922e+01 6.478e+01 423
24157 5 2 2 5.030e+02 5.050e+02 19 2 1 5.140e+02 5.360e+02 205 2 4 5.001e+02 5.079e+02 72 2 3 5.097e+02 5.403e+02 284 2 3 4.688e+02 4.972e+02 263
24158 0
24159 29 0 2 6.299e+02 6.301e+02 1 0 1 5.221e+02 5.279e+02 53 0 4 6.259e+02 6.341e+02 76 0 2 6.688e+02 6.752e+02 59 0 2 5.424e+02 5.496e+02 66 0 4 6.136e+02 6.464e+02 304 0 4 6.704e+02 6.736e+02 30 0 3 5.537e+02 5.803e+02 246 0 3 6.455e+02 6.565e+02 101 0 1 5.059e+02 5.441e+02 354 0 1 6.342e+02 6.678e+02 312 0 3 6.341e+02 6.679e+02 314 0 2 6.569e+02 6.871e+02 280 0 4 6.560e+02 6.880e+02 296 1 3 5.669e+02 5.671e+02 2 1 4 6.252e+02 6.348e+02 90 1 2 6.164e+02 6.436e+02 252 1 4 5.703e+02 6.057e+02 328 2 2 4.000e+01 4.400e+01 37 2 3 1.159e+01 3.041e+01 175 2 2 1.257e+02 1.263e+02 6 2 1 1.428e+02 1.512e+02 78 2 3 5.449e+01 7.151e+01 158 2 2 1.128e+02 1.392e+02 245 2 1 1.310e+02 1.630e+02 298 2 4 2.636e+01 5.764e+01 290 2 4 1.113e+02 1.407e+02 273 2 1 4.529e+01 8.071e+01 329 2 3 9.232e+01 1.177e+02 236
24160 7 2 1 1.913e+01 2.287e+01 35 2 3 1.851e+01 2.349e+01 46 2 2 2.434e+01 5.966e+01 328 2 4 2.434e+01 5.966e+01 328 3 1 1.734e+01 2.466e+01 68 3 3 1.765e+01 2.435e+01 62 3 4 2.434e+01 5.966e+01 328
24161 0
24165 2 2 1 2.100e+01 2.100e+01 -22 2 3 1.402e+01 2.798e+01 130
24169 42 0 1 6.082e+02 6.098e+02 16 0 2 3.751e+02 3.809e+02 53 0 2 6.711e+02 6.729e+02 16 0 1 3.476e+02 3.664e+02 176 0 3 4.378e+02 4.442e+02 60 0 2 2.828e+02 3.052e+02 208 0 1 5.590e+02 5.750e+02 149 0 4 3.683e+02 3.877e+02 180 0 4 5.867e+02 5.893e+02 25 0 4 3.275e+02 3.445e+02 158 0 4 6.699e+02 6.741e+02 40 0 3 3.961e+02 4.019e+02 53 0 2 3.197e+02 3.523e+02 302 0 4 4.534e+02 4.706e+02 160 0 3 6.039e+02 6.141e+02 95 0 1 6.471e+02 6.549e+02 72 0 1 4.319e+02 4.501e+02 169 0 4 6.175e+02 6.425e+02 233 0 3 6.473e+02 6.547e+02 69 0 4 4.089e+02 4.311e+02 206 0 2 6.129e+02 6.471e+02 318 0 1 6.335e+02 6.685e+02 325 1 2 6.267e+02 6.333e+02 60 1 4 5.715e+02 6.045e+02 307 2 2 3.897e+01 4.503e+01 56 2 3 3.984e+02 3.996e+02 11 2 1 2.284e+02 2.336e+02 48 2 4 2.906e+02 2.974e+02 63 2 2 4.112e+02 4.288e+02 163 2 3 8.858e+00 3.314e+01 226 2 4 1.220e+02 1.300e+02 74 2 3 2.277e+02 2.343e+02 62 2 1 3.786e+02 4.194e+02 380 2 1 3.109e+02 3.191e+02 76 2 4 3.655e+02 3.905e+02 232 2 2 2.892e+01 5.508e+01 243 2 4 2.376e+02 2.664e+02 268 2 2 2.830e+02 3.050e+02 204 2 4 3.026e+01 5.374e+01 218 2 2 2.329e+02 2.711e+02 354 2 4 2.846e+02 3.034e+02 175 2 1 4.597e+01 8.003e+01 316
24170 2 2 4 4.183e+02 4.217e+02 31 3 4 4.163e+02 4.237e+02 69
24171 1 2 3 9.484e+00 3.252e+01 214
24172 2 0 1 5.644e+02 5.696e+02 48 0 4 6.682e+02 6.758e+02 71
24173 17 0 2 4.085e+01 4.315e+01 21 0 4 6.705e+02 6.735e+02 28 1 1 5.596e+02 5.744e+02 138 2 1 1.891e+01 2.309e+01 39 2 2 2.067e+02 2.133e+02 61 2 2 2.902e+02 2.978e+02 70 2 2 3.235e+02 3.485e+02 231 2 1 4.220e+02 4.600e+02 353 2 4 3.825e+01 4.575e+01 70 2 4 2.332e+02 2.708e+02 350 2 1 3.081e+02 3.219e+02 128 2 4 3.264e+02 3.456e+02 179 2 3 5.852e+00 3.615e+01 281 2 3 3.065e+02 3.235e+02 158 2 2 3.035e+01 5.365e+01 216 2 3 2.602e+02 2.858e+02 238 2 4 2.760e+02 3.120e+02 335
24174 22 0 1 6.510e+02 6.510e+02 -19 0 2 6.300e+02 6.300e+02 -15 0 3 6.506e+02 6.514e+02 8 0 4 6.262e+02 6.338e+02 70 0 1 6.365e+02 6.655e+02 270 0 3 6.372e+02 6.648e+02 256 0 1 5.836e+02 6.344e+02 472 0 2 6.569e+02 6.871e+02 281 0 3 5.826e+02 6.354e+02 490 0 4 6.583e+02 6.857e+02 255 0 2 6.460e+02 6.980e+02 482 0 4 6.453e+02 6.987e+02 496 1 2 5.623e+02 6.137e+02 477 1 3 5.825e+02 6.355e+02 492 2 4 2.508e+02 2.532e+02 22 2 2 4.153e+01 4.247e+01 9 2 3 1.222e+01 2.978e+01 163 2 4 2.618e+01 5.782e+01 294 2 3 4.261e+02 4.559e+02 277 2 1 2.905e+02 3.395e+02 455 2 1 5.045e+00 3.696e+01 296 2 1 -4.738e+00 4.674e+01 478
24175 0
24176 0
