35765 0
35766 10 0 4 2.086e+02 2.114e+02 26 0 4 6.645e+02 6.795e+02 140 2 1 2.100e+01 2.100e+01 -0 2 1 1.446e+02 1.494e+02 46 2 4 2.487e+02 2.553e+02 61 2 4 3.062e+01 5.338e+01 211 2 4 1.169e+02 1.351e+02 170 2 4 1.954e+02 2.246e+02 271 2 2 1.097e+02 1.423e+02 303 3 2 6.494e+02 6.946e+02 420
35767 5 0 4 6.586e+02 6.854e+02 249 2 2 1.250e+02 1.270e+02 19 2 1 9.171e+00 3.283e+01 220 2 1 1.397e+02 1.543e+02 135 2 3 8.137e+00 3.386e+01 239
35768 21 0 3 4.830e+02 4.830e+02 -5 0 2 5.023e+02 5.057e+02 32 0 1 5.250e+02 5.250e+02 -10 0 2 6.662e+02 6.778e+02 108 0 3 5.217e+02 5.283e+02 60 0 4 6.625e+02 6.815e+02 176 0 4 4.907e+02 5.173e+02 246 0 2 5.427e+02 5.493e+02 62 0 4 4.784e+02 5.296e+02 476 0 1 5.497e+02 5.843e+02 322 0 4 4.393e+02 4.847e+02 422 0 3 5.099e+02 5.401e+02 280 1 4 7.226e+01 9.574e+01 218 1 3 4.785e+01 7.815e+01 281 2 2 2.506e+02 2.534e+02 26 2 2 7.881e+01 8.919e+01 96 2 3 2.244e+02 2.376e+02 123 2 1 9.349e+00 3.265e+01 216 2 3 9.093e+01 1.191e+02 261 2 4 2.398e+02 2.642e+02 226 2 1 2.171e+02 2.449e+02 258
35769 92 0 2 3.776e+02 3.784e+02 7 0 1 9.506e+01 1.149e+02 185 0 1 3.970e+02 4.010e+02 38 0 1 2.996e+02 3.304e+02 286 0 4 5.026e+02 5.054e+02 26 0 2 3.313e+02 3.407e+02 87 0 3 4.772e+01 7.828e+01 284 0 1 3.455e+02 3.685e+02 214 0 1 6.498e+02 6.522e+02 23 0 4 3.656e+02 3.904e+02 230 0 4 4.173e+02 4.227e+02 50 0 1 3.379e+02 3.761e+02 354 0 2 5.030e+02 5.050e+02 18 0 3 5.650e+02 5.690e+02 37 0 3 6.052e+02 6.128e+02 70 0 3 6.510e+02 6.510e+02 -4 0 1 4.327e+02 4.493e+02 154 0 4 4.566e+02 4.674e+02 100 0 2 6.218e+02 6.382e+02 152 0 4 6.705e+02 6.735e+02 28 0 3 4.374e+02 4.446e+02 66 0 1 4.696e+02 4.964e+02 248 0 4 6.267e+02 6.333e+02 60 0 1 6.407e+02 6.613e+02 191 0 3 3.862e+02 4.118e+02 238 0 2 4.438e+02 4.802e+02 337 0 4 5.758e+02 6.002e+02 226 0 4 4.002e+02 4.398e+02 368 0 1 6.020e+02 6.160e+02 130 0 2 6.113e+02 6.487e+02 348 1 3 5.250e+02 5.250e+02 -6 1 4 5.871e+02 5.889e+02 16 1 3 6.089e+02 6.091e+02 1 1 1 4.788e+02 4.872e+02 77 1 2 5.439e+02 5.481e+02 39 1 2 6.300e+02 6.300e+02 -1 1 4 4.946e+02 5.134e+02 175 1 3 5.646e+02 5.694e+02 44 1 4 6.292e+02 6.308e+02 16 1 1 5.056e+02 5.444e+02 360 1 2 5.875e+02 5.885e+02 10 1 1 5.951e+02 6.229e+02 258 1 1 5.608e+02 5.732e+02 116 1 2 5.769e+02 5.991e+02 206 1 2 5.329e+02 5.591e+02 244 1 1 5.505e+02 5.835e+02 307 1 2 5.704e+02 6.056e+02 326 2 3 1.020e+02 1.080e+02 56 2 2 6.719e+02 6.721e+02 1 2 4 1.638e+02 1.722e+02 79 2 1 4.359e+02 4.461e+02 96 2 1 2.297e+02 2.323e+02 24 2 2 4.574e+02 4.666e+02 85 2 2 2.923e+02 2.957e+02 32 2 3 5.227e+02 5.273e+02 42 2 3 3.554e+02 3.586e+02 29 2 3 4.361e+02 4.459e+02 91 2 1 2.100e+01 2.100e+01 -19 2 3 4.766e+02 4.894e+02 119 2 1 1.819e+02 1.961e+02 131 2 4 5.403e+02 5.517e+02 106 2 3 2.289e+02 2.331e+02 40 2 1 3.969e+02 4.011e+02 39 2 3 2.648e+02 2.812e+02 153 2 1 4.672e+02 4.988e+02 293 2 4 3.722e+02 3.838e+02 108 2 1 4.281e+02 4.539e+02 240 2 3 2.088e+01 2.112e+01 2 2 4 4.858e+02 5.222e+02 338 2 4 7.284e+01 9.516e+01 207 2 4 4.022e+02 4.378e+02 330 2 3 1.303e+02 1.637e+02 310 2 3 4.230e+02 4.590e+02 335 2 4 2.063e+02 2.137e+02 68 2 1 2.600e+02 2.860e+02 241 2 2 3.705e+02 3.855e+02 139 2 1 6.300e+01 6.300e+01 -10 2 4 1.080e+02 1.440e+02 335 2 2 1.542e+02 1.818e+02 256 2 2 2.397e+02 2.643e+02 229 2 4 3.244e+02 3.476e+02 216 2 3 5.867e+01 6.733e+01 80 2 4 1.543e+02 1.817e+02 255 2 4 2.404e+02 2.636e+02 216 2 2 3.156e+01 5.244e+01 194 2 3 1.702e+02 2.078e+02 349 2 2 2.012e+02 2.188e+02 163 2 4 3.453e+01 4.947e+01 139 2 1 2.124e+02 2.496e+02 346 2 2 2.236e+01 6.164e+01 365 3 4 4.126e+01 4.274e+01 14 3 4 4.581e+02 4.659e+02 73
35773 11 0 2 6.270e+02 6.330e+02 56 0 4 5.841e+02 5.919e+02 72 0 3 6.469e+02 6.551e+02 76 0 4 6.531e+02 6.909e+02 350 2 1 1.825e+02 1.955e+02 120 2 3 1.793e+02 1.987e+02 180 2 2 1.999e+02 2.201e+02 187 2 4 2.604e+01 5.796e+01 296 2 4 1.085e+02 1.435e+02 326 2 4 1.936e+02 2.264e+02 304 3 1 1.689e+01 2.511e+01 76
35777 0
35778 6 0 3 6.026e+02 6.154e+02 120 0 2 6.702e+02 6.738e+02 33 0 4 6.214e+02 6.386e+02 159 0 4 6.661e+02 6.779e+02 110 0 1 4.650e+02 5.010e+02 335 2 4 4.983e+02 5.097e+02 106
35779 0
35780 2 2 3 3.990e+02 3.990e+02 0 2 2 4.036e+02 4.364e+02 305
35781 4 1 2 2.878e+02 3.002e+02 115 2 1 5.216e+02 5.284e+02 64 2 1 6.024e+02 6.156e+02 122 3 2 1.525e+02 1.835e+02 287
35785 11 0 3 4.830e+02 4.830e+02 -21 0 4 6.213e+02 6.387e+02 162 0 2 5.011e+02 5.069e+02 54 0 3 5.176e+02 5.324e+02 137 0 1 5.985e+02 6.195e+02 196 0 4 5.021e+02 5.059e+02 36 0 3 6.376e+02 6.644e+02 248 0 4 4.915e+02 5.165e+02 231 0 1 4.661e+02 4.999e+02 315 0 2 4.431e+02 4.809e+02 351 2 4 3.614e+01 4.786e+01 109
35786 6 0 1 5.513e+02 5.827e+02 292 0 4 5.750e+02 6.010e+02 242 0 3 5.479e+02 5.861e+02 356 0 2 6.478e+02 6.962e+02 449 2 4 1.155e+02 1.365e+02 195 2 3 1.399e+02 1.541e+02 132
35788 2 2 1 3.139e+02 3.161e+02 20 2 4 4.200e+01 4.200e+01 -1
35791 9 0 3 6.496e+02 6.524e+02 26 0 4 6.634e+02 6.806e+02 160 3 1 5.245e+02 5.255e+02 10 3 2 5.430e+02 5.490e+02 56 3 4 4.590e+02 4.650e+02 56 3 4 5.359e+02 5.561e+02 188 3 2 4.499e+02 4.741e+02 225 3 3 5.121e+02 5.379e+02 239 3 3 4.693e+02 4.967e+02 254
35792 8 0 2 1.561e+02 1.799e+02 221 0 4 1.588e+02 1.772e+02 170 0 1 1.662e+02 2.118e+02 423 1 4 5.858e+02 5.902e+02 41 1 1 1.367e+02 1.573e+02 191 1 2 2.833e+02 3.047e+02 200 1 3 9.663e+01 1.134e+02 156 2 4 1.247e+02 1.273e+02 24
35793 13 0 1 3.130e+02 3.170e+02 36 1 3 5.664e+02 5.676e+02 11 1 4 5.755e+02 6.005e+02 233 2 4 6.256e+02 6.344e+02 82 2 4 1.258e+02 1.262e+02 3 2 3 3.966e+02 4.014e+02 46 2 2 3.664e+02 3.896e+02 215 2 4 1.135e+02 1.385e+02 232 2 3 5.897e+02 6.283e+02 359 2 4 4.045e+02 4.355e+02 288 3 2 6.662e+02 6.778e+02 108 3 4 6.685e+02 6.755e+02 65 3 4 6.578e+02 6.862e+02 263
35794 0
35797 3 0 2 6.117e+02 6.483e+02 340 3 4 4.608e+02 4.632e+02 23 3 1 3.896e+02 4.084e+02 175
35798 9 0 4 6.298e+02 6.302e+02 3 0 3 6.027e+02 6.153e+02 116 0 2 6.158e+02 6.442e+02 263 1 2 4.444e+02 4.796e+02 326 1 1 5.060e+02 5.440e+02 353 2 4 8.186e+01 8.614e+01 40 2 2 6.881e+01 9.919e+01 282 2 3 8.824e+01 1.218e+02 311 2 3 1.258e+02 1.682e+02 393
35799 10 0 3 2.280e+02 2.340e+02 56 0 3 5.234e+02 5.266e+02 30 0 1 2.253e+02 2.367e+02 106 0 2 2.338e+02 2.702e+02 338 0 1 5.090e+02 5.410e+02 297 0 4 2.361e+02 2.679e+02 295 2 3 2.084e+01 2.116e+01 3 2 1 1.532e+01 2.668e+01 106 2 2 2.595e+01 5.805e+01 298 3 1 6.525e+00 3.547e+01 269
35800 11 0 2 6.659e+02 6.781e+02 113 0 3 5.111e+02 5.389e+02 258 0 4 6.549e+02 6.891e+02 318 1 4 6.259e+02 6.341e+02 76 1 2 6.228e+02 6.372e+02 133 1 3 5.916e+02 6.264e+02 323 1 4 5.687e+02 6.073e+02 359 1 4 6.126e+02 6.474e+02 323 2 4 3.342e+02 3.378e+02 33 2 4 6.241e+02 6.359e+02 109 2 3 6.404e+02 6.616e+02 196
35801 0
35802 11 0 1 5.648e+02 5.692e+02 40 0 4 2.872e+02 3.008e+02 126 0 1 6.018e+02 6.162e+02 135 0 1 2.663e+02 2.797e+02 125 0 2 5.391e+02 5.529e+02 129 0 3 6.065e+02 6.115e+02 47 0 3 2.537e+02 2.923e+02 358 0 2 6.590e+02 6.850e+02 240 0 2 2.755e+02 3.125e+02 343 0 4 5.799e+02 5.961e+02 150 2 4 2.308e+02 2.732e+02 395
35804 48 2 4 3.778e+02 3.782e+02 5 2 1 3.947e+02 4.033e+02 80 2 4 1.222e+02 1.298e+02 71 2 2 5.038e+02 5.042e+02 3 2 2 2.494e+02 2.546e+02 49 2 2 5.853e+02 5.907e+02 50 2 2 3.746e+02 3.814e+02 63 2 3 6.467e+02 6.553e+02 80 2 1 5.997e+01 6.603e+01 56 2 2 4.192e+02 4.208e+02 15 2 3 1.025e+02 1.075e+02 46 2 4 5.031e+02 5.049e+02 16 2 4 2.439e+02 2.601e+02 151 2 3 5.573e+02 5.767e+02 180 2 3 2.592e+02 2.868e+02 256 2 4 5.853e+02 5.907e+02 50 2 1 5.131e+01 7.469e+01 217 2 2 6.709e+02 6.731e+02 20 2 4 1.146e+02 1.374e+02 212 2 4 4.167e+02 4.233e+02 60 2 1 2.548e+02 2.912e+02 337 2 4 4.597e+02 4.643e+02 43 2 2 1.070e+02 1.450e+02 353 2 1 5.521e+02 5.819e+02 277 2 3 6.053e+02 6.127e+02 68 2 4 6.600e+02 6.840e+02 222 2 3 4.323e+02 4.497e+02 162 2 1 4.824e+02 4.836e+02 11 2 1 5.986e+02 6.194e+02 194 2 1 4.299e+02 4.521e+02 206 2 3 4.817e+02 4.843e+02 24 2 3 5.934e+02 6.246e+02 289 2 3 4.238e+02 4.582e+02 320 2 2 4.486e+02 4.754e+02 249 2 2 6.112e+02 6.488e+02 350 2 1 3.838e+02 4.142e+02 283 2 3 3.832e+02 4.148e+02 293 3 2 4.619e+02 4.621e+02 1 3 1 4.798e+02 4.862e+02 59 3 4 4.610e+02 4.630e+02 18 3 3 4.830e+02 4.830e+02 -0 3 1 4.410e+02 4.410e+02 -1 3 2 5.030e+02 5.050e+02 18 3 4 5.296e+02 5.624e+02 305 3 3 4.322e+02 4.498e+02 163 3 4 5.003e+02 5.077e+02 69 3 2 4.115e+02 4.285e+02 157 3 1 5.136e+02 5.364e+02 211
35806 7 0 3 5.663e+02 5.677e+02 13 0 2 3.669e+02 3.891e+02 206 0 1 5.623e+02 5.717e+02 87 0 4 5.759e+02 6.001e+02 224 0 2 6.595e+02 6.845e+02 232 0 2 5.354e+02 5.566e+02 196 0 2 5.271e+02 5.649e+02 351
35807 0
35808 19 0 3 4.809e+02 4.851e+02 39 0 4 5.876e+02 5.884e+02 8 0 4 4.177e+02 4.223e+02 43 0 4 5.040e+02 5.040e+02 0 0 2 6.246e+02 6.354e+02 100 0 1 3.988e+02 3.992e+02 4 0 4 4.579e+02 4.661e+02 76 0 1 5.526e+02 5.814e+02 268 0 4 6.274e+02 6.326e+02 48 0 3 3.832e+02 4.148e+02 293 0 3 5.485e+02 5.855e+02 343 0 1 5.969e+02 6.211e+02 226 0 3 5.938e+02 6.242e+02 282 1 2 6.154e+02 6.446e+02 271 2 1 6.181e+01 6.419e+01 22 2 3 1.590e+01 2.610e+01 95 2 4 3.870e+01 4.530e+01 61 2 2 2.838e+01 5.562e+01 253 2 3 4.839e+01 7.761e+01 271
35810 5 2 2 8.334e+01 8.466e+01 12 2 2 3.569e+01 4.831e+01 117 2 1 3.699e+00 3.830e+01 321 2 2 7.284e+01 9.516e+01 207 2 4 2.636e+01 5.764e+01 290
35812 2 0 4 3.325e+02 3.395e+02 66 0 2 6.452e+02 6.988e+02 497
