18425 2 0 2 6.693e+02 6.747e+02 50 0 4 6.687e+02 6.753e+02 61
18426 7 0 3 6.074e+02 6.106e+02 29 0 4 4.566e+02 4.674e+02 100 0 4 6.130e+02 6.470e+02 316 0 3 4.236e+02 4.584e+02 323 0 2 1.965e+02 2.235e+02 251 0 2 4.473e+02 4.767e+02 273 0 1 5.934e+02 6.246e+02 289
18427 0
18428 5 2 3 1.447e+02 1.493e+02 42 2 4 1.152e+02 1.368e+02 200 2 2 1.635e+02 1.725e+02 84 2 4 1.516e+02 1.844e+02 304 2 1 1.722e+02 2.058e+02 311
18429 14 0 2 2.097e+02 2.103e+02 5 1 3 3.568e+02 3.572e+02 4 2 4 5.879e+02 5.881e+02 1 2 4 6.215e+02 6.385e+02 158 2 3 6.393e+02 6.627e+02 217 2 3 5.492e+02 5.848e+02 331 2 2 5.785e+02 5.975e+02 176 2 3 5.910e+02 6.270e+02 335 3 4 3.742e+02 3.818e+02 71 3 2 4.540e+02 4.700e+02 148 3 3 4.737e+02 4.923e+02 173 3 4 3.204e+02 3.516e+02 290 3 4 4.522e+02 4.718e+02 181 3 1 4.323e+02 4.497e+02 161
18430 15 0 4 4.556e+02 4.684e+02 118 0 3 5.648e+02 5.692e+02 41 0 1 4.760e+02 4.900e+02 130 0 2 6.598e+02 6.842e+02 227 0 3 4.680e+02 4.980e+02 278 2 4 5.870e+02 5.890e+02 19 2 4 4.186e+02 4.214e+02 26 2 2 7.931e+01 8.869e+01 87 2 2 5.780e+02 5.980e+02 186 2 1 4.398e+02 4.422e+02 22 2 4 5.301e+02 5.619e+02 296 2 1 6.029e+02 6.151e+02 114 2 3 4.332e+02 4.488e+02 145 2 3 5.956e+02 6.224e+02 249 2 2 4.002e+02 4.398e+02 367
18431 15 0 3 4.389e+02 4.431e+02 40 0 3 5.115e-01 4.149e+01 380 0 4 6.551e+02 6.889e+02 314 0 4 2.741e+02 3.139e+02 370 0 4 4.098e+02 4.302e+02 189 0 1 6.301e+02 6.719e+02 388 0 3 4.247e+02 4.573e+02 302 0 1 4.183e+02 4.637e+02 422 1 4 2.334e+02 2.706e+02 346 2 3 1.747e+01 2.453e+01 66 2 1 6.075e+00 3.593e+01 277 2 3 1.270e+02 1.669e+02 370 2 4 1.930e+02 2.270e+02 316 2 2 2.573e+01 5.827e+01 302 2 2 1.906e+02 2.294e+02 360
18432 21 0 3 6.083e+02 6.097e+02 12 0 3 1.884e+02 1.896e+02 11 0 4 2.079e+02 2.121e+02 40 0 2 6.693e+02 6.747e+02 50 0 1 9.299e+01 1.170e+02 223 0 1 5.969e+02 6.211e+02 226 0 2 1.984e+02 2.216e+02 216 0 2 6.564e+02 6.876e+02 290 0 3 5.937e+02 6.243e+02 285 0 4 6.577e+02 6.863e+02 266 0 4 6.135e+02 6.465e+02 306 1 4 6.263e+02 6.337e+02 68 1 4 3.653e+02 3.907e+02 236 1 3 5.988e+02 6.192e+02 190 1 2 6.179e+02 6.421e+02 225 1 4 6.149e+02 6.451e+02 280 2 3 3.107e+02 3.193e+02 80 2 1 1.402e+01 2.798e+01 130 2 4 2.835e+02 3.045e+02 195 2 4 6.578e+02 6.862e+02 263 2 3 2.943e+02 3.357e+02 385
18433 16 0 3 6.026e+02 6.154e+02 118 0 3 6.369e+02 6.651e+02 262 0 2 6.193e+02 6.407e+02 199 0 4 6.145e+02 6.455e+02 287 0 1 5.965e+02 6.215e+02 232 0 2 6.134e+02 6.466e+02 308 2 4 2.931e+02 2.949e+02 16 2 4 5.030e+02 5.050e+02 18 2 3 1.862e+02 1.918e+02 51 2 2 2.053e+02 2.147e+02 87 2 2 4.970e+02 5.110e+02 130 2 2 7.096e+01 9.704e+01 242 2 1 5.136e+02 5.364e+02 211 2 4 1.540e+02 1.820e+02 260 2 3 5.089e+02 5.411e+02 300 2 1 2.207e+02 2.413e+02 192
18434 3 0 2 6.605e+02 6.835e+02 213 2 1 4.529e+01 8.071e+01 329 2 4 6.499e+01 1.030e+02 353
18435 10 2 3 1.050e+02 1.050e+02 -2 2 1 2.720e+02 2.740e+02 18 2 3 1.940e+01 2.260e+01 30 2 2 1.260e+02 1.260e+02 -12 2 1 1.837e+02 1.943e+02 99 2 4 3.542e+01 4.858e+01 122 2 4 7.657e+01 9.143e+01 138 2 3 1.343e+02 1.597e+02 236 2 2 1.088e+02 1.432e+02 320 2 3 1.743e+02 2.037e+02 272
18437 39 0 4 6.300e+02 6.300e+02 -8 0 4 3.348e+02 3.372e+02 22 0 4 6.720e+02 6.720e+02 -15 0 1 3.109e+02 3.191e+02 76 0 1 4.402e+02 4.418e+02 16 0 2 3.286e+02 3.434e+02 138 0 4 4.620e+02 4.620e+02 -10 0 1 6.085e+02 6.095e+02 9 0 2 1.962e+02 2.238e+02 257 0 1 6.510e+02 6.510e+02 -0 0 3 4.394e+02 4.426e+02 30 0 2 4.503e+02 4.737e+02 218 0 3 6.048e+02 6.132e+02 78 0 3 6.473e+02 6.547e+02 68 0 3 4.281e+02 4.539e+02 240 0 2 6.270e+02 6.330e+02 56 0 2 6.718e+02 6.722e+02 4 0 4 6.185e+02 6.415e+02 213 0 1 6.350e+02 6.670e+02 296 0 1 5.982e+02 6.198e+02 201 0 3 6.359e+02 6.661e+02 280 0 3 5.916e+02 6.264e+02 324 1 4 6.300e+02 6.300e+02 -14 1 2 5.880e+02 5.880e+02 -7 1 1 6.090e+02 6.090e+02 0 1 4 4.951e+02 5.129e+02 165 1 2 5.460e+02 5.460e+02 -7 1 2 6.263e+02 6.337e+02 69 1 1 5.185e+02 5.315e+02 121 1 3 5.645e+02 5.695e+02 46 1 3 6.007e+02 6.173e+02 155 1 3 5.199e+02 5.301e+02 94 1 4 5.777e+02 5.983e+02 192 1 3 5.911e+02 6.269e+02 332 1 1 5.567e+02 5.773e+02 192 2 3 3.150e+02 3.150e+02 0 2 2 3.360e+02 3.360e+02 -14 2 4 2.940e+02 2.940e+02 -19 2 2 3.270e+02 3.450e+02 166
18438 7 0 2 6.284e+02 6.316e+02 30 0 4 6.289e+02 6.311e+02 20 0 1 6.446e+02 6.574e+02 120 0 3 5.946e+02 6.234e+02 268 0 3 6.409e+02 6.611e+02 188 0 1 5.917e+02 6.263e+02 320 0 4 6.625e+02 6.815e+02 177
18439 3 0 3 5.199e+02 5.301e+02 96 0 3 5.878e+02 6.302e+02 393 3 2 3.780e+02 3.780e+02 -1
18440 1 0 2 6.032e+02 6.568e+02 498
18441 53 0 1 5.666e+02 5.674e+02 7 0 2 6.300e+02 6.300e+02 -5 0 3 1.375e+01 2.825e+01 135 0 2 5.036e+02 5.044e+02 7 0 2 2.099e+02 2.101e+02 1 0 4 6.300e+02 6.300e+02 -22 0 1 4.193e+00 3.781e+01 312 0 4 2.082e+02 2.118e+02 33 0 4 2.442e+02 2.598e+02 145 0 3 5.614e+02 5.726e+02 104 0 2 2.355e+02 2.685e+02 306 0 4 5.837e+02 5.923e+02 80 0 4 6.650e+02 6.790e+02 130 0 1 2.133e+02 2.487e+02 328 0 1 3.833e+02 4.147e+02 292 0 1 4.749e+02 4.911e+02 150 0 1 6.076e+02 6.104e+02 26 0 1 6.455e+02 6.565e+02 103 0 3 4.679e+02 4.981e+02 281 0 3 6.062e+02 6.118e+02 51 0 3 6.441e+02 6.579e+02 128 0 4 5.777e+02 5.983e+02 191 0 3 5.937e+02 6.243e+02 284 0 4 5.667e+02 6.093e+02 396 0 1 5.841e+02 6.339e+02 462 1 2 1.260e+02 1.260e+02 -11 1 3 1.444e+02 1.496e+02 48 1 3 1.806e+02 1.974e+02 156 1 3 3.132e+02 3.168e+02 33 1 2 2.058e+02 2.142e+02 79 1 3 2.255e+02 2.365e+02 102 1 4 2.810e+02 3.070e+02 242 1 3 1.275e+02 1.665e+02 361 1 4 1.967e+02 2.233e+02 247 1 4 2.373e+02 2.667e+02 272 1 4 1.511e+02 1.849e+02 314 1 2 2.329e+02 2.711e+02 355 1 1 1.726e+02 2.054e+02 304 2 4 1.260e+02 1.260e+02 -24 2 3 1.012e+02 1.088e+02 71 2 3 2.253e+02 2.367e+02 106 2 4 3.008e+01 5.392e+01 221 2 4 8.007e+01 8.793e+01 73 2 3 1.337e+02 1.603e+02 247 2 1 2.219e+02 2.401e+02 169 2 1 5.852e+00 3.615e+01 281 2 2 1.169e+02 1.351e+02 170 2 2 2.394e+02 2.646e+02 234 2 3 6.569e+00 3.543e+01 268 2 2 7.204e+01 9.596e+01 222 2 2 1.974e+02 2.226e+02 235 2 4 6.764e+01 1.004e+02 304 3 2 8.400e+01 8.400e+01 -7
18442 3 0 1 6.462e+02 6.558e+02 90 0 3 6.437e+02 6.583e+02 136 0 2 6.638e+02 6.802e+02 152
18443 4 2 4 2.486e+02 2.554e+02 63 2 2 2.361e+02 2.679e+02 295 2 4 4.055e+02 4.345e+02 269 2 3 2.556e+02 2.904e+02 324
18444 14 0 4 6.270e+02 6.330e+02 56 0 4 4.192e+02 4.208e+02 15 0 2 6.265e+02 6.335e+02 66 0 4 4.106e+02 4.294e+02 174 0 1 5.971e+02 6.209e+02 220 0 3 5.512e+02 5.828e+02 294 0 3 5.947e+02 6.233e+02 266 1 2 6.258e+02 6.342e+02 77 1 2 6.150e+02 6.450e+02 279 2 4 1.680e+02 1.680e+02 -18 2 2 1.643e+02 1.717e+02 68 2 1 1.810e+02 1.970e+02 148 2 3 1.713e+02 2.067e+02 328 3 3 2.132e+02 2.488e+02 330
18446 0
18448 5 0 3 5.250e+02 5.250e+02 -4 0 2 5.033e+02 5.047e+02 14 0 1 3.884e+02 4.096e+02 196 0 1 4.722e+02 4.938e+02 200 0 4 4.085e+02 4.315e+02 213
18450 10 0 2 6.274e+02 6.326e+02 49 0 2 6.710e+02 6.730e+02 19 0 4 6.295e+02 6.305e+02 9 0 1 6.446e+02 6.574e+02 120 0 1 5.504e+02 5.836e+02 308 0 2 6.175e+02 6.425e+02 231 0 4 6.627e+02 6.813e+02 172 0 3 5.902e+02 6.278e+02 349 0 3 6.405e+02 6.615e+02 195 1 3 5.931e+02 6.249e+02 296
18458 0
18459 10 0 3 6.090e+02 6.090e+02 0 0 2 6.222e+02 6.378e+02 146 0 2 6.624e+02 6.816e+02 178 0 4 5.709e+02 6.051e+02 318 2 2 1.668e+02 1.692e+02 23 2 4 4.200e+01 4.200e+01 -16 2 4 1.594e+02 1.766e+02 160 2 1 5.961e+01 6.639e+01 63 2 2 3.251e+01 5.149e+01 176 2 3 4.947e+01 7.653e+01 251
18460 6 0 1 1.445e+02 1.495e+02 47 1 1 3.042e+02 3.258e+02 201 1 3 1.365e+02 1.575e+02 196 1 3 3.096e+02 3.204e+02 100 1 2 2.822e+02 3.058e+02 220 1 4 2.782e+02 3.098e+02 293
18468 0
18472 2 0 2 6.568e+02 6.872e+02 282 0 4 6.543e+02 6.897e+02 329
18473 6 0 3 6.089e+02 6.091e+02 2 0 2 6.216e+02 6.384e+02 156 0 3 5.903e+02 6.277e+02 348 0 2 6.143e+02 6.457e+02 291 0 4 6.121e+02 6.479e+02 332 2 2 3.291e+01 5.109e+01 169
18474 7 0 3 6.082e+02 6.098e+02 15 0 2 6.288e+02 6.312e+02 21 0 1 6.053e+02 6.127e+02 68 0 4 6.240e+02 6.360e+02 110 0 4 6.132e+02 6.468e+02 311 0 1 5.906e+02 6.274e+02 341 2 3 8.137e+00 3.386e+01 239
18475 10 1 4 6.143e+02 6.457e+02 291 2 4 4.166e+01 4.234e+01 6 2 3 9.878e+01 1.112e+02 116 2 1 1.976e+01 2.224e+01 23 2 2 7.697e+01 9.103e+01 130 2 3 1.631e+01 2.569e+01 87 2 2 3.484e+01 4.916e+01 133 2 1 5.167e+01 7.433e+01 210 2 3 4.749e+01 7.851e+01 288 2 2 2.232e+01 6.168e+01 366
18478 2 1 4 6.153e+02 6.447e+02 273 2 1 5.943e+00 3.606e+01 280
18479 27 0 2 6.261e+02 6.339e+02 73 0 1 5.207e+02 5.293e+02 80 0 1 6.034e+02 6.146e+02 104 0 1 6.379e+02 6.641e+02 243 0 1 5.112e+02 5.388e+02 256 0 2 6.567e+02 6.873e+02 285 0 1 5.058e+02 5.442e+02 357 0 4 6.553e+02 6.887e+02 310 1 3 1.863e+02 1.917e+02 50 1 4 3.711e+02 3.849e+02 129 1 4 1.550e+02 1.810e+02 242 2 1 1.882e+02 1.898e+02 15 2 2 5.455e+02 5.465e+02 10 2 4 1.222e+02 1.298e+02 70 2 3 4.764e+02 4.896e+02 122 2 3 1.442e+02 1.498e+02 51 2 3 5.181e+02 5.319e+02 129 2 4 2.058e+02 2.142e+02 78 2 2 4.938e+02 5.142e+02 189 2 4 7.464e+01 9.336e+01 174 2 1 5.106e+02 5.394e+02 267 2 3 2.241e+02 2.379e+02 129 2 2 4.493e+02 4.747e+02 236 2 3 9.474e+01 1.153e+02 190 2 4 4.451e+02 4.789e+02 313 2 2 2.002e+02 2.198e+02 182 2 2 1.054e+02 1.466e+02 383
18485 3 2 4 1.230e+02 1.290e+02 56 2 4 6.575e+01 1.022e+02 339 2 4 1.070e+02 1.450e+02 353
18486 5 1 4 5.425e+02 5.495e+02 66 1 3 5.214e+02 5.286e+02 67 1 2 4.893e+02 5.187e+02 273 1 1 5.091e+02 5.409e+02 296 2 3 1.563e+01 2.637e+01 100
