2084 5 3 4 2.086e+02 2.114e+02 26 3 1 4.360e+02 4.460e+02 92 3 2 4.106e+02 4.294e+02 175 3 4 4.106e+02 4.294e+02 176 3 3 4.285e+02 4.535e+02 232
2085 0
2086 29 0 3 5.236e+02 5.264e+02 26 0 1 3.527e+02 3.613e+02 80 0 2 4.578e+02 4.662e+02 79 0 1 1.711e+01 2.489e+01 72 0 1 4.675e+02 4.985e+02 288 0 3 2.674e+02 2.786e+02 104 0 3 5.084e+02 5.416e+02 308 0 2 3.751e+02 3.809e+02 55 0 4 3.655e+02 3.905e+02 231 1 2 5.870e+02 5.890e+02 18 1 3 6.077e+02 6.103e+02 24 1 4 5.026e+02 5.054e+02 26 1 2 5.445e+02 5.475e+02 27 1 2 6.243e+02 6.357e+02 106 1 1 5.645e+02 5.695e+02 47 1 4 6.288e+02 6.312e+02 22 1 3 5.662e+02 5.678e+02 16 1 1 6.052e+02 6.128e+02 70 1 4 5.846e+02 5.914e+02 63 1 2 6.114e+02 6.486e+02 345 1 2 5.722e+02 6.038e+02 293 1 4 6.127e+02 6.473e+02 322 1 4 5.293e+02 5.627e+02 310 2 3 6.045e+02 6.135e+02 83 2 2 6.285e+02 6.315e+02 27 2 1 3.532e+02 3.608e+02 70 2 1 6.349e+02 6.671e+02 300 2 4 5.814e+02 5.946e+02 122 2 4 5.744e+02 6.016e+02 252
2087 29 0 2 5.416e+02 5.504e+02 82 0 4 3.312e+02 3.408e+02 90 0 1 3.034e+02 3.266e+02 216 0 1 5.545e+02 5.795e+02 233 0 2 3.231e+02 3.489e+02 240 0 4 5.804e+02 5.956e+02 140 0 3 4.311e+02 4.509e+02 183 0 3 5.546e+02 5.794e+02 230 0 4 4.023e+02 4.377e+02 328 0 1 5.088e+02 5.412e+02 300 0 3 5.462e+02 5.878e+02 386 1 2 6.112e+02 6.488e+02 350 2 2 2.495e+02 2.545e+02 46 2 1 1.545e+01 2.655e+01 103 2 1 4.364e+02 4.456e+02 85 2 3 1.442e+02 1.498e+02 51 2 4 4.090e+02 4.310e+02 205 2 3 2.197e+02 2.423e+02 210 2 4 3.749e+01 4.651e+01 84 2 3 4.253e+02 4.567e+02 291 2 4 1.132e+02 1.388e+02 238 2 2 4.015e+02 4.385e+02 344 2 2 1.566e+02 1.794e+02 211 2 2 2.382e+02 2.658e+02 256 2 3 9.800e+00 3.220e+01 208 2 1 1.285e+02 1.655e+02 344 2 4 2.330e+02 2.710e+02 353 3 1 4.336e+02 4.484e+02 138 3 2 4.457e+02 4.783e+02 302
2088 2 0 4 6.538e+02 6.902e+02 339 0 2 6.485e+02 6.955e+02 437
2089 22 0 1 6.038e+02 6.142e+02 96 0 2 6.712e+02 6.728e+02 15 0 2 4.550e+02 4.690e+02 130 0 3 6.035e+02 6.145e+02 103 0 4 6.703e+02 6.737e+02 32 0 4 4.085e+02 4.315e+02 213 0 4 4.532e+02 4.708e+02 163 0 2 6.146e+02 6.454e+02 286 0 4 6.634e+02 6.806e+02 160 0 1 4.328e+02 4.492e+02 151 0 3 4.644e+02 5.016e+02 346 0 1 6.356e+02 6.664e+02 286 0 3 4.252e+02 4.568e+02 293 0 3 6.315e+02 6.705e+02 363 1 3 5.592e+02 5.748e+02 145 1 4 6.161e+02 6.439e+02 259 1 2 6.111e+02 6.489e+02 350 2 4 1.216e+02 1.304e+02 82 2 1 1.458e+02 1.482e+02 22 2 3 1.349e+02 1.591e+02 226 2 4 2.001e+02 2.199e+02 184 2 2 1.122e+02 1.398e+02 256
2090 21 0 3 4.673e+02 4.987e+02 291 0 2 1.936e+02 2.264e+02 304 0 3 5.839e+02 6.341e+02 466 0 2 6.483e+02 6.957e+02 440 0 4 5.620e+02 6.140e+02 482 0 4 6.522e+02 6.918e+02 367 2 1 1.866e+02 1.914e+02 45 2 3 4.260e+02 4.560e+02 279 2 4 3.987e+02 4.413e+02 396 2 4 2.374e+02 2.666e+02 271 2 2 4.422e+02 4.818e+02 367 2 1 2.992e+02 3.308e+02 294 2 3 2.100e+01 2.100e+01 -20 2 3 2.983e+02 3.317e+02 310 2 2 3.112e+02 3.608e+02 461 2 2 4.067e+01 4.333e+01 25 2 3 2.570e+02 2.890e+02 298 2 3 1.949e+00 4.005e+01 354 2 2 2.791e+02 3.089e+02 277 2 2 2.811e+01 5.589e+01 258 2 1 4.642e+01 7.958e+01 308
2091 43 0 1 5.670e+02 5.670e+02 -10 0 1 6.090e+02 6.090e+02 -16 0 3 5.649e+02 5.691e+02 39 0 4 6.280e+02 6.320e+02 38 0 1 6.510e+02 6.510e+02 -0 0 3 5.249e+02 5.251e+02 1 0 4 5.745e+02 6.015e+02 250 0 3 6.510e+02 6.510e+02 -8 0 1 5.178e+02 5.322e+02 134 0 3 5.937e+02 6.243e+02 285 0 2 6.712e+02 6.728e+02 15 0 2 5.371e+02 5.549e+02 165 0 2 6.191e+02 6.409e+02 203 0 4 6.678e+02 6.762e+02 78 0 3 5.068e+02 5.432e+02 338 0 4 6.130e+02 6.470e+02 316 0 3 6.345e+02 6.675e+02 307 0 2 6.541e+02 6.899e+02 332 1 4 5.727e+02 6.033e+02 285 2 3 3.139e+02 3.161e+02 20 2 1 2.100e+01 2.100e+01 -11 2 4 1.255e+02 1.265e+02 10 2 2 2.902e+02 2.978e+02 70 2 3 1.667e+01 2.533e+01 80 2 2 8.400e+01 8.400e+01 -4 2 4 2.899e+02 2.981e+02 76 2 2 3.488e+01 4.912e+01 132 2 4 7.303e+01 9.497e+01 204 2 3 1.326e+02 1.614e+02 267 2 1 3.078e+02 3.222e+02 133 2 2 3.172e+02 3.548e+02 349 2 1 4.722e+01 7.878e+01 293 2 2 7.172e+01 9.628e+01 228 2 3 3.034e+02 3.266e+02 216 2 3 5.045e+01 7.555e+01 233 2 3 8.679e+00 3.332e+01 229 2 4 2.537e+01 5.863e+01 309 3 4 3.856e+01 4.544e+01 64 3 2 1.675e+02 1.685e+02 9 3 3 6.068e+01 6.532e+01 43 3 2 7.361e+01 9.439e+01 193 3 4 2.443e+01 5.957e+01 326 3 1 4.642e+01 7.958e+01 308
2092 15 0 3 4.592e+02 5.068e+02 441 0 4 6.068e+02 6.532e+02 430 0 3 6.257e+02 6.763e+02 470 1 1 2.603e+02 2.857e+02 236 1 4 2.862e+02 3.018e+02 146 1 3 3.104e+02 3.196e+02 86 1 2 6.050e+02 6.550e+02 465 2 1 1.449e+02 1.491e+02 40 2 3 1.702e+01 2.498e+01 74 2 3 1.363e+02 1.577e+02 198 2 4 1.450e+02 1.910e+02 426 3 1 5.244e+02 5.256e+02 10 3 4 5.413e+02 5.507e+02 88 3 3 5.610e+02 5.730e+02 111 3 4 5.791e+02 5.969e+02 166
2093 9 0 4 3.753e+02 3.807e+02 50 0 4 5.847e+02 5.913e+02 61 0 2 3.289e+02 3.431e+02 132 0 4 5.735e+02 6.025e+02 269 0 4 3.603e+02 3.957e+02 328 0 2 6.173e+02 6.427e+02 236 0 4 6.165e+02 6.435e+02 251 2 1 1.227e+01 2.973e+01 162 2 3 9.349e+00 3.265e+01 216
2094 18 0 2 5.429e+02 5.491e+02 57 0 4 5.872e+02 5.888e+02 15 0 1 5.654e+02 5.686e+02 30 0 2 6.267e+02 6.333e+02 60 0 3 6.446e+02 6.574e+02 119 0 2 4.968e+02 5.112e+02 135 0 3 5.604e+02 5.736e+02 122 0 1 6.346e+02 6.674e+02 304 0 3 5.077e+02 5.423e+02 322 0 4 6.564e+02 6.876e+02 290 1 3 6.074e+02 6.106e+02 30 1 4 5.870e+02 5.890e+02 18 2 4 2.444e+02 2.596e+02 140 2 3 9.218e+00 3.278e+01 219 2 2 2.273e+02 2.767e+02 460 2 3 2.539e+02 2.921e+02 354 2 2 2.698e+02 3.182e+02 450 2 1 2.895e+02 3.405e+02 473
2095 9 0 1 5.902e+02 6.278e+02 350 0 3 5.880e+02 6.300e+02 390 2 3 6.006e+01 6.594e+01 55 2 3 4.687e+02 4.973e+02 266 2 2 2.232e+01 6.168e+01 366 2 4 7.150e+01 9.650e+01 232 2 4 2.070e+01 6.330e+01 396 2 1 -2.497e+00 4.450e+01 436 2 3 -3.527e+00 4.553e+01 456
2096 11 0 2 6.293e+02 6.307e+02 12 0 1 6.506e+02 6.514e+02 7 0 4 6.279e+02 6.321e+02 40 0 1 5.930e+02 6.250e+02 296 0 3 6.315e+02 6.705e+02 363 2 4 1.247e+02 1.273e+02 25 2 2 1.178e+02 1.342e+02 153 2 4 3.803e+01 4.597e+01 74 2 3 9.192e+01 1.181e+02 243 2 1 5.974e+01 6.626e+01 60 2 3 5.907e+01 6.693e+01 73
2097 39 0 2 5.460e+02 5.460e+02 -8 0 2 6.285e+02 6.315e+02 27 0 3 6.423e+02 6.597e+02 162 0 1 5.919e+02 6.261e+02 317 1 2 5.456e+02 5.464e+02 7 1 1 2.697e+02 2.763e+02 60 1 1 2.221e+02 2.399e+02 166 1 2 1.130e+02 1.389e+02 240 1 3 2.217e+02 2.403e+02 172 1 2 2.422e+02 2.618e+02 181 2 2 4.193e+02 4.207e+02 14 2 2 1.672e+02 1.688e+02 16 2 4 2.510e+02 2.530e+02 19 2 3 3.915e+02 4.065e+02 139 2 4 2.925e+02 2.955e+02 27 2 4 4.126e+02 4.274e+02 137 2 2 3.342e+02 3.378e+02 34 2 1 4.243e+02 4.577e+02 310 2 4 1.244e+02 1.276e+02 30 2 3 3.812e+02 4.168e+02 331 2 1 1.446e+02 1.494e+02 46 2 3 3.143e+02 3.157e+02 13 2 1 2.100e+01 2.100e+01 -15 2 2 1.197e+02 1.323e+02 117 2 4 1.617e+02 1.743e+02 116 2 4 2.349e+02 2.691e+02 317 2 3 2.653e+02 2.807e+02 142 2 4 3.600e+02 3.960e+02 335 2 4 3.650e+01 4.750e+01 102 2 4 1.076e+02 1.444e+02 341 2 1 1.853e+02 1.927e+02 70 2 3 3.038e+02 3.262e+02 209 2 3 5.431e+01 7.169e+01 161 2 3 1.713e+02 2.067e+02 329 2 1 2.652e+02 2.808e+02 146 2 3 9.712e+00 3.229e+01 210 2 2 2.760e+02 3.120e+02 335 2 1 5.108e+01 7.492e+01 221 2 2 2.479e+01 5.921e+01 320
2098 14 0 1 3.150e+02 3.150e+02 -9 0 2 6.276e+02 6.324e+02 45 0 4 4.170e+01 4.230e+01 6 0 4 6.240e+02 6.360e+02 112 0 1 9.156e+01 1.184e+02 250 0 2 3.237e+01 5.163e+01 179 0 1 5.995e+02 6.185e+02 176 0 1 6.410e+02 6.610e+02 186 0 3 6.401e+02 6.619e+02 202 2 3 2.100e+01 2.100e+01 -20 2 3 5.233e+02 5.267e+02 31 2 2 5.453e+02 5.467e+02 13 2 4 4.879e+02 5.201e+02 299 2 1 5.121e+02 5.379e+02 239
2099 22 0 4 6.246e+02 6.354e+02 100 0 2 3.280e+02 3.440e+02 148 0 2 6.713e+02 6.727e+02 13 0 4 3.200e+02 3.520e+02 296 0 1 6.005e+02 6.175e+02 157 0 1 5.505e+02 5.835e+02 306 0 1 3.432e+02 3.708e+02 256 0 3 5.955e+02 6.225e+02 250 0 4 6.513e+02 6.927e+02 384 0 1 4.614e+02 5.046e+02 401 0 3 5.469e+02 5.871e+02 374 0 2 6.218e+02 6.382e+02 152 0 1 6.319e+02 6.701e+02 354 0 1 5.055e+02 5.445e+02 361 0 4 5.693e+02 6.067e+02 348 0 3 5.042e+02 5.458e+02 386 1 2 6.092e+02 6.508e+02 386 2 3 8.801e+01 1.220e+02 316 2 3 1.302e+02 1.638e+02 312 2 4 2.298e+02 2.742e+02 412 2 2 1.426e+02 1.934e+02 471 2 4 1.001e+02 1.519e+02 480
2100 4 0 2 3.296e+02 3.424e+02 118 0 1 3.004e+02 3.296e+02 270 0 4 3.167e+02 3.553e+02 359 1 1 6.050e+02 6.130e+02 74
2101 5 0 2 6.568e+02 6.872e+02 282 0 4 6.541e+02 6.899e+02 332 2 4 4.166e+01 4.234e+01 6 2 1 5.804e+01 6.796e+01 92 2 3 4.749e+01 7.851e+01 288
2102 78 0 3 6.198e+01 6.402e+01 19 0 4 2.092e+02 2.108e+02 16 0 2 4.618e+02 4.622e+02 3 0 2 2.911e+02 2.969e+02 53 0 1 5.250e+02 5.250e+02 -10 0 4 3.270e+02 3.450e+02 168 0 4 5.871e+02 5.889e+02 16 0 2 3.672e+01 4.728e+01 98 0 3 2.301e+02 2.319e+02 17 0 4 4.990e+02 5.090e+02 92 0 1 2.609e+02 2.851e+02 225 0 2 5.457e+02 5.463e+02 6 0 4 3.673e+02 3.887e+02 199 0 1 6.090e+02 6.090e+02 -0 0 1 3.695e+00 3.830e+01 321 0 1 6.510e+02 6.510e+02 -5 0 4 7.123e+01 9.677e+01 237 0 4 4.575e+02 4.665e+02 83 0 1 5.590e+02 5.750e+02 149 0 3 6.090e+02 6.090e+02 -4 0 2 6.718e+02 6.722e+02 4 0 3 4.206e+02 4.614e+02 380 0 1 4.750e+02 4.910e+02 149 0 3 5.601e+02 5.739e+02 128 0 2 6.299e+02 6.301e+02 1 0 1 6.457e+02 6.563e+02 98 0 3 4.759e+02 4.901e+02 131 0 3 5.207e+02 5.293e+02 80 0 4 6.281e+02 6.319e+02 35 0 2 4.907e+02 5.173e+02 246 0 3 5.527e+02 5.813e+02 266 0 3 5.822e+02 6.358e+02 498 0 1 4.650e+02 5.010e+02 334 0 3 4.644e+02 5.016e+02 345 1 3 5.240e+02 5.260e+02 18 1 4 5.880e+02 5.880e+02 -3 1 1 4.395e+02 4.425e+02 28 1 1 6.090e+02 6.090e+02 -1 1 3 3.895e+02 4.085e+02 176 1 3 4.800e+02 4.860e+02 56 1 3 4.384e+02 4.436e+02 49 1 3 5.645e+02 5.695e+02 47 1 4 3.620e+02 3.940e+02 297 1 3 6.089e+02 6.091e+02 1 1 2 4.565e+02 4.675e+02 102 1 2 5.828e+02 5.932e+02 97 1 2 4.443e+02 4.797e+02 329 1 2 6.293e+02 6.307e+02 13 1 2 5.407e+02 5.513e+02 98 1 4 6.300e+02 6.300e+02 -14 1 1 5.566e+02 5.774e+02 193 2 4 2.911e+02 2.969e+02 53 2 4 5.426e+02 5.494e+02 64 2 4 3.316e+02 3.404e+02 81 2 4 5.875e+02 5.885e+02 9 2 3 2.039e+01 2.161e+01 11 2 4 4.173e+02 4.227e+02 50 2 1 3.130e+02 3.170e+02 37 2 3 6.084e+02 6.096e+02 11 2 4 3.693e+02 3.867e+02 161 2 1 3.948e+02 4.032e+02 78 2 1 5.979e+01 6.621e+01 60 2 4 6.289e+02 6.311e+02 20 2 2 6.898e+01 9.902e+01 279 2 3 3.146e+02 3.154e+02 8 2 3 3.845e+02 4.135e+02 269 2 4 3.216e+02 3.504e+02 268 2 1 5.993e+02 6.187e+02 180 2 3 5.907e+01 6.693e+01 73 2 2 4.018e+02 4.382e+02 337 2 4 7.204e+01 9.596e+01 222 2 4 5.731e+02 6.029e+02 276 2 2 3.608e+02 3.952e+02 319 2 2 6.165e+02 6.435e+02 251 2 2 3.313e+01 5.087e+01 165 2 4 3.461e+01 4.939e+01 137 2 1 9.484e+00 3.252e+01 214 3 4 6.755e+01 1.005e+02 306
2103 17 0 3 5.641e+02 5.699e+02 53 0 2 6.296e+02 6.304e+02 7 0 1 5.232e+02 5.268e+02 33 0 4 6.268e+02 6.332e+02 59 0 1 6.406e+02 6.614e+02 193 0 2 4.928e+02 5.152e+02 209 0 1 5.642e+02 5.698e+02 51 0 4 5.793e+02 5.967e+02 162 0 3 6.424e+02 6.596e+02 159 0 2 5.325e+02 5.595e+02 250 0 3 6.000e+02 6.180e+02 168 0 2 6.196e+02 6.404e+02 193 2 4 8.106e+01 8.694e+01 55 2 3 2.303e+02 2.317e+02 12 2 3 4.956e+01 7.644e+01 250 2 3 1.351e+02 1.589e+02 221 2 4 2.325e+02 2.715e+02 361
2104 10 1 3 4.813e+02 4.847e+02 32 1 2 6.230e+02 6.370e+02 130 2 2 3.751e+02 3.809e+02 54 2 1 6.293e+01 6.307e+01 1 2 2 7.666e+01 9.134e+01 136 2 3 3.450e+02 3.690e+02 223 2 4 3.623e+02 3.937e+02 291 2 3 4.421e+01 8.179e+01 349 2 4 6.270e+01 1.053e+02 396 2 1 3.410e+02 3.730e+02 296
2105 7 0 4 6.527e+02 6.913e+02 359 2 4 2.513e+02 2.527e+02 12 2 2 2.938e+02 2.942e+02 4 2 3 2.662e+02 2.798e+02 127 2 4 3.542e+01 4.858e+01 122 2 2 2.318e+02 2.722e+02 376 2 2 2.762e+02 3.118e+02 331
2108 5 0 1 4.814e+02 4.846e+02 30 0 4 6.272e+02 6.328e+02 52 0 1 6.446e+02 6.574e+02 120 0 4 4.938e+02 5.142e+02 190 0 2 4.874e+02 5.206e+02 309
2109 14 0 3 3.918e+02 4.062e+02 133 0 1 3.491e+02 3.649e+02 147 0 3 5.658e+02 5.682e+02 23 0 1 5.597e+02 5.743e+02 136 0 2 3.708e+02 3.852e+02 134 0 1 3.821e+02 4.159e+02 314 0 4 3.653e+02 3.907e+02 236 1 1 5.998e+02 6.182e+02 170 2 1 3.150e+02 3.150e+02 -3 2 3 2.698e+02 2.762e+02 60 2 2 2.853e+02 3.027e+02 162 2 3 6.344e+00 3.566e+01 272 2 4 2.322e+02 2.718e+02 368 2 1 2.607e+02 2.853e+02 229
2111 9 0 1 6.499e+02 6.521e+02 21 0 3 6.472e+02 6.548e+02 70 0 4 6.589e+02 6.851e+02 244 0 3 3.852e+02 4.128e+02 256 0 2 6.529e+02 6.911e+02 354 0 3 3.772e+02 4.208e+02 405 0 4 3.932e+02 4.468e+02 497 2 4 2.027e+02 2.173e+02 136 2 3 1.776e+02 2.004e+02 211
2112 12 2 1 3.142e+02 3.158e+02 16 2 2 8.195e+01 8.605e+01 38 2 4 2.079e+02 2.121e+02 39 2 4 2.929e+02 2.951e+02 20 2 3 5.256e+01 7.344e+01 194 2 1 2.256e+02 2.364e+02 100 2 3 3.049e+02 3.251e+02 188 2 4 6.894e+01 9.906e+01 280 2 3 2.182e+02 2.438e+02 238 2 2 2.779e+02 3.101e+02 300 2 2 1.962e+02 2.238e+02 256 3 2 2.654e+01 5.746e+01 287
2113 23 0 1 6.470e+02 6.550e+02 74 0 1 5.580e+02 5.760e+02 168 0 2 6.220e+02 6.380e+02 149 0 3 5.600e+02 5.740e+02 130 0 4 6.189e+02 6.411e+02 206 0 3 6.439e+02 6.581e+02 131 0 4 5.734e+02 6.026e+02 271 0 2 6.609e+02 6.831e+02 206 0 2 5.211e+02 5.709e+02 463 0 1 5.876e+02 6.304e+02 398 0 4 6.639e+02 6.801e+02 151 0 3 5.916e+02 6.264e+02 323 0 3 6.335e+02 6.685e+02 326 0 2 6.497e+02 6.943e+02 415 0 4 6.525e+02 6.915e+02 362 1 4 6.231e+02 6.369e+02 129 1 1 6.029e+02 6.151e+02 114 1 3 5.928e+02 6.252e+02 301 1 2 6.124e+02 6.476e+02 327 2 2 1.642e+02 1.718e+02 71 2 3 1.419e+02 1.521e+02 94 2 4 1.126e+02 1.394e+02 248 2 2 1.477e+02 1.883e+02 377
2115 11 0 4 3.358e+02 3.362e+02 5 0 3 6.006e+01 6.594e+01 55 0 4 5.790e+02 5.970e+02 168 0 4 8.146e+01 8.654e+01 47 0 1 5.940e+02 6.240e+02 278 0 3 4.305e+01 8.295e+01 370 0 3 5.958e+02 6.222e+02 246 2 4 6.269e+02 6.331e+02 57 2 2 1.630e+02 1.730e+02 93 2 4 6.661e+02 6.779e+02 109 2 1 1.386e+02 1.554e+02 156
2116 1 0 1 3.802e+02 4.178e+02 350
2118 9 0 3 6.082e+02 6.098e+02 15 0 4 6.188e+02 6.412e+02 209 0 2 6.622e+02 6.818e+02 182 0 4 6.598e+02 6.842e+02 226 2 4 3.838e+01 4.562e+01 67 2 3 6.068e+01 6.532e+01 43 2 2 3.008e+01 5.392e+01 221 2 1 5.113e+01 7.487e+01 220 2 1 7.737e+00 3.426e+01 246
2119 0
2120 0
2122 17 0 3 6.082e+02 6.098e+02 15 0 2 6.720e+02 6.720e+02 -17 0 2 6.300e+02 6.300e+02 -12 0 4 6.300e+02 6.300e+02 -11 0 1 6.510e+02 6.510e+02 -24 0 3 6.510e+02 6.510e+02 -23 0 4 6.545e+02 6.895e+02 326 1 3 5.510e+02 5.830e+02 298 1 1 1.760e+02 2.020e+02 241 2 4 3.351e+02 3.369e+02 16 2 3 4.807e+02 4.853e+02 42 2 4 2.477e+02 2.563e+02 80 2 4 4.515e+02 4.725e+02 196 2 3 2.696e+02 2.764e+02 63 2 1 1.408e+02 1.532e+02 116 2 2 2.374e+02 2.666e+02 270 2 2 3.223e+02 3.497e+02 254
2126 16 0 3 4.689e+02 4.971e+02 262 0 4 4.838e+02 5.242e+02 376 0 1 4.637e+02 5.023e+02 358 2 4 4.573e+02 4.667e+02 87 2 2 4.579e+02 4.661e+02 76 2 3 4.680e+02 4.980e+02 278 2 4 1.911e+02 2.289e+02 351 3 1 3.989e+02 3.991e+02 2 3 2 4.189e+02 4.211e+02 20 3 3 3.550e+02 3.590e+02 36 3 4 4.137e+02 4.263e+02 117 3 3 3.937e+02 4.043e+02 99 3 1 3.834e+02 4.146e+02 290 3 3 3.812e+02 4.168e+02 331 3 2 3.614e+02 3.946e+02 308 3 4 3.595e+02 3.965e+02 344
2128 12 2 3 6.300e+01 6.300e+01 -14 2 3 6.510e+02 6.510e+02 -7 2 3 3.901e+02 4.079e+02 165 2 4 7.109e+01 9.691e+01 240 2 4 6.217e+02 6.383e+02 155 2 3 2.108e+02 2.512e+02 375 2 2 6.718e+02 6.722e+02 4 2 4 2.294e+02 2.746e+02 420 2 2 6.141e+02 6.459e+02 296 2 1 6.495e+02 6.525e+02 28 2 4 6.132e+02 6.468e+02 312 2 2 6.549e+02 6.891e+02 317
2129 6 0 2 2.426e+02 2.614e+02 176 0 1 2.577e+02 2.883e+02 285 0 4 4.460e+02 4.780e+02 298 1 4 6.255e+02 6.345e+02 83 1 4 6.144e+02 6.456e+02 289 2 1 1.830e+02 1.950e+02 111
2130 9 0 1 6.069e+02 6.111e+02 39 0 3 6.056e+02 6.124e+02 64 0 4 5.856e+02 5.904e+02 44 0 4 6.140e+02 6.460e+02 298 0 3 6.244e+02 6.776e+02 494 1 2 6.300e+02 6.300e+02 -3 1 2 6.178e+02 6.422e+02 226 2 2 3.773e+02 3.787e+02 12 2 4 2.068e+02 2.132e+02 59
2131 0
2132 20 0 2 6.290e+02 6.310e+02 19 0 4 6.254e+02 6.346e+02 86 0 1 6.325e+02 6.695e+02 343 0 1 5.941e+02 6.239e+02 277 2 3 3.974e+02 4.006e+02 30 2 4 2.093e+02 2.107e+02 12 2 1 1.878e+01 2.322e+01 41 2 2 1.213e+02 1.307e+02 88 2 1 1.454e+02 1.486e+02 29 2 3 2.285e+02 2.335e+02 46 2 3 2.704e+02 2.756e+02 49 2 4 3.659e+02 3.901e+02 224 2 3 7.421e+00 3.458e+01 252 2 4 1.228e+02 1.292e+02 60 2 4 2.517e+02 2.523e+02 6 2 2 2.840e+02 3.040e+02 186 2 3 1.290e+02 1.650e+02 335 2 2 2.083e+02 2.117e+02 32 2 1 2.598e+02 2.862e+02 246 2 3 2.124e+02 2.496e+02 346
2133 15 0 1 6.074e+02 6.106e+02 30 0 3 9.788e+01 1.121e+02 132 0 2 6.698e+02 6.742e+02 40 0 3 6.063e+02 6.117e+02 50 0 4 6.699e+02 6.741e+02 40 0 2 6.294e+02 6.306e+02 10 0 3 6.322e+02 6.698e+02 350 0 4 6.264e+02 6.336e+02 66 0 1 5.891e+02 6.289e+02 370 1 1 6.090e+02 6.090e+02 -16 1 4 6.259e+02 6.341e+02 76 2 4 4.036e+01 4.364e+01 30 2 1 5.687e+01 6.913e+01 114 2 2 3.174e+01 5.226e+01 190 2 3 4.704e+01 7.896e+01 296
