16783 0
16784 9 0 2 5.460e+02 5.460e+02 -20 0 1 6.510e+02 6.510e+02 -6 0 3 6.463e+02 6.557e+02 86 0 2 6.595e+02 6.845e+02 233 0 4 6.556e+02 6.884e+02 304 2 1 1.662e+01 2.538e+01 81 2 3 9.600e+01 1.140e+02 167 2 3 9.844e+00 3.216e+01 207 2 4 7.051e+01 9.749e+01 250
16786 0
16787 9 0 3 6.082e+02 6.098e+02 15 0 1 5.967e+02 6.213e+02 229 0 3 5.483e+02 5.857e+02 348 0 2 6.151e+02 6.449e+02 277 1 3 6.085e+02 6.095e+02 9 1 3 5.976e+02 6.204e+02 212 2 3 6.167e+01 6.433e+01 25 2 4 2.789e+02 3.091e+02 281 2 4 2.532e+01 5.868e+01 310
16789 11 2 4 7.859e+01 8.941e+01 100 2 4 5.039e+02 5.041e+02 1 2 3 3.490e+02 3.650e+02 149 2 2 5.397e+02 5.523e+02 116 2 3 9.986e+01 1.101e+02 96 2 3 5.150e+02 5.350e+02 186 2 2 3.663e+02 3.897e+02 218 2 4 5.296e+02 5.624e+02 305 2 4 1.130e+02 1.390e+02 241 2 4 3.608e+02 3.952e+02 319 2 2 1.067e+02 1.453e+02 359
16790 7 2 1 2.066e+01 2.134e+01 6 2 4 4.601e+02 4.639e+02 35 2 4 2.934e+02 2.946e+02 11 2 3 4.716e+02 4.944e+02 211 2 3 1.720e+01 2.480e+01 70 2 4 2.826e+02 3.054e+02 212 2 3 4.639e+02 5.021e+02 355
16791 6 0 4 4.998e+02 5.082e+02 77 0 3 5.133e+02 5.367e+02 218 1 2 6.131e+02 6.469e+02 314 2 3 9.950e+01 1.105e+02 102 2 3 5.943e+01 6.657e+01 66 2 3 5.355e+01 7.245e+01 176
16794 0
16795 9 0 4 4.200e+02 4.200e+02 -5 0 2 5.363e+02 5.557e+02 180 1 1 6.090e+02 6.090e+02 -24 1 4 6.282e+02 6.318e+02 34 1 3 6.005e+02 6.175e+02 157 1 2 6.185e+02 6.415e+02 214 2 3 1.470e+02 1.470e+02 -14 2 1 2.239e+02 2.381e+02 132 2 3 1.802e+02 1.978e+02 163
16797 4 0 1 5.652e+02 5.688e+02 33 0 3 6.090e+02 6.090e+02 -14 0 2 5.022e+02 5.058e+02 33 2 2 4.518e+02 4.722e+02 189
16799 32 0 4 2.520e+02 2.520e+02 -9 0 1 5.670e+02 5.670e+02 -5 0 4 6.300e+02 6.300e+02 -4 0 2 2.100e+02 2.100e+02 -2 0 1 6.505e+02 6.515e+02 9 0 1 2.213e+02 2.407e+02 180 0 2 5.459e+02 5.461e+02 2 0 4 5.876e+02 5.884e+02 7 0 3 2.205e+02 2.415e+02 196 0 3 6.479e+02 6.541e+02 57 0 2 2.353e+02 2.687e+02 310 0 1 5.535e+02 5.805e+02 251 0 2 6.253e+02 6.347e+02 88 0 2 6.720e+02 6.720e+02 -9 0 3 5.560e+02 5.780e+02 204 0 1 5.955e+02 6.225e+02 251 0 4 6.685e+02 6.755e+02 66 0 3 5.487e+02 5.853e+02 340 0 3 5.949e+02 6.231e+02 261 0 4 6.580e+02 6.860e+02 260 0 4 6.126e+02 6.474e+02 324 1 4 5.766e+02 5.994e+02 211 1 2 6.130e+02 6.470e+02 316 2 3 1.994e+01 2.206e+01 20 2 3 6.127e+01 6.473e+01 32 2 2 7.868e+01 8.932e+01 99 2 1 4.978e+01 7.622e+01 246 2 4 7.307e+01 9.493e+01 203 2 1 1.106e+01 3.094e+01 185 2 3 7.868e+00 3.413e+01 244 2 2 2.892e+01 5.508e+01 243 2 4 2.295e+01 6.105e+01 354
16802 0
16803 5 0 4 7.590e+01 9.210e+01 150 0 3 8.801e+01 1.220e+02 316 2 3 1.859e+01 2.341e+01 45 2 1 9.440e+00 3.256e+01 215 2 2 2.416e+01 5.984e+01 331
16805 12 0 2 6.712e+02 6.728e+02 15 0 1 6.507e+02 6.513e+02 5 0 1 6.376e+02 6.644e+02 250 0 2 6.623e+02 6.817e+02 180 2 4 4.200e+01 4.200e+01 -2 2 3 2.973e+02 3.327e+02 329 2 2 3.204e+02 3.516e+02 290 2 1 3.418e+02 3.722e+02 283 3 2 5.425e+02 5.495e+02 66 3 4 5.437e+02 5.483e+02 43 3 1 5.132e+02 5.368e+02 220 3 3 5.122e+02 5.378e+02 238
16806 2 2 4 2.047e+02 2.153e+02 98 2 3 2.887e+00 3.911e+01 336
16810 0
16811 2 0 2 4.839e+02 5.241e+02 373 2 4 5.354e+02 5.566e+02 197
16812 9 0 3 6.047e+02 6.133e+02 80 0 1 5.972e+02 6.208e+02 219 0 2 3.588e+02 3.972e+02 357 0 4 3.616e+02 3.944e+02 305 2 3 5.996e+01 6.604e+01 56 2 2 4.125e+02 4.275e+02 139 2 1 5.772e+01 6.828e+01 98 2 2 6.970e+01 9.830e+01 266 2 2 1.928e+02 2.272e+02 320
16815 0
16817 31 0 4 5.022e+02 5.058e+02 34 0 1 6.009e+02 6.171e+02 150 0 4 6.704e+02 6.736e+02 29 0 3 6.063e+02 6.117e+02 50 0 1 6.468e+02 6.552e+02 78 0 4 6.103e+02 6.497e+02 366 0 3 6.506e+02 6.514e+02 7 0 2 6.707e+02 6.733e+02 24 0 1 6.365e+02 6.655e+02 269 0 3 6.311e+02 6.709e+02 370 1 2 6.173e+02 6.427e+02 236 2 4 2.500e+02 2.540e+02 38 2 4 4.577e+02 4.663e+02 80 2 1 2.701e+02 2.759e+02 53 2 1 6.452e+02 6.568e+02 108 2 2 1.662e+02 1.698e+02 34 2 4 3.780e+01 4.620e+01 78 2 4 4.169e+02 4.231e+02 57 2 3 1.363e+02 1.577e+02 199 2 4 3.646e+02 3.914e+02 250 2 1 6.122e+01 6.478e+01 33 2 4 3.946e+02 4.454e+02 472 2 1 1.300e+02 1.640e+02 316 2 2 2.332e+02 2.708e+02 350 2 2 3.156e+01 5.244e+01 194 2 4 1.070e+02 1.450e+02 352 2 4 1.481e+02 1.879e+02 370 2 1 4.619e+01 7.981e+01 312 2 3 5.267e+00 3.673e+01 292 3 4 1.642e+02 1.718e+02 70 3 2 3.111e+01 5.289e+01 202
16819 8 0 4 3.772e+02 3.788e+02 15 0 4 2.819e+02 3.061e+02 225 0 3 2.569e+02 2.891e+02 299 2 4 1.248e+02 1.272e+02 23 2 2 1.189e+02 1.331e+02 132 2 4 1.119e+02 1.401e+02 261 2 3 1.344e+02 1.596e+02 235 3 1 1.761e+01 2.439e+01 63
16820 6 0 2 5.431e+02 5.489e+02 55 0 3 6.446e+02 6.574e+02 120 0 1 5.077e+02 5.423e+02 320 0 2 6.072e+02 6.528e+02 423 0 3 5.096e+02 5.404e+02 286 2 4 1.118e+02 1.402e+02 264
16824 9 0 2 6.716e+02 6.724e+02 7 0 4 6.171e+02 6.429e+02 240 0 4 6.711e+02 6.729e+02 16 0 1 6.474e+02 6.546e+02 66 0 3 6.443e+02 6.577e+02 125 1 3 4.350e+02 4.470e+02 111 1 4 4.530e+02 4.710e+02 166 2 3 6.485e+02 6.535e+02 46 2 2 6.588e+02 6.852e+02 245
16826 6 1 1 6.065e+02 6.115e+02 47 2 2 2.089e+02 2.111e+02 21 2 4 5.024e+02 5.056e+02 30 2 3 1.769e+02 2.011e+02 226 2 4 1.949e+02 2.251e+02 281 2 1 2.142e+02 2.478e+02 312
16827 5 1 2 6.261e+02 6.339e+02 73 1 1 1.756e+02 2.024e+02 249 1 4 6.223e+02 6.377e+02 143 1 4 2.798e+02 3.082e+02 263 2 3 2.655e+02 2.805e+02 140
16828 0
16830 49 0 4 6.258e+02 6.342e+02 77 0 1 5.250e+02 5.250e+02 -0 0 2 6.245e+02 6.355e+02 103 0 3 5.198e+02 5.302e+02 96 0 2 6.110e+02 6.490e+02 352 0 4 6.563e+02 6.877e+02 292 0 2 5.280e+02 5.640e+02 335 0 3 6.348e+02 6.672e+02 301 1 2 5.868e+02 5.892e+02 23 1 2 6.271e+02 6.329e+02 53 1 2 5.696e+02 6.064e+02 341 1 4 6.104e+02 6.496e+02 364 2 4 3.780e+02 3.780e+02 0 2 1 3.963e+02 4.017e+02 50 2 3 6.198e+01 6.402e+01 19 2 3 4.809e+02 4.851e+02 40 2 4 1.253e+02 1.267e+02 14 2 1 5.238e+02 5.262e+02 23 2 1 1.457e+02 1.483e+02 25 2 3 3.960e+02 4.020e+02 56 2 4 2.886e+02 2.994e+02 100 2 2 5.023e+02 5.057e+02 31 2 3 1.850e+01 2.350e+01 46 2 2 8.038e+01 8.762e+01 67 2 4 4.189e+02 4.211e+02 20 2 3 1.435e+02 1.505e+02 66 2 4 4.544e+02 4.696e+02 140 2 2 2.045e+02 2.155e+02 103 2 1 5.128e+02 5.372e+02 227 2 3 3.103e+02 3.197e+02 86 2 3 3.817e+02 4.163e+02 320 2 2 3.639e+02 3.921e+02 262 2 1 6.064e+01 6.536e+01 44 2 4 7.235e+01 9.565e+01 216 2 1 1.881e+02 1.899e+02 17 2 4 2.326e+02 2.714e+02 360 2 2 2.750e+02 3.130e+02 353 2 1 1.070e+01 3.130e+01 191 2 2 1.114e+02 1.406e+02 271 2 2 1.590e+02 1.770e+02 166 2 4 2.932e+01 5.468e+01 236 2 4 1.085e+02 1.435e+02 326 2 1 1.292e+02 1.648e+02 330 2 3 4.771e+01 7.829e+01 284 2 2 6.643e+01 1.016e+02 326 2 2 2.416e+01 5.984e+01 331 2 4 2.304e+01 6.096e+01 352 3 2 1.095e+02 1.425e+02 306 3 1 6.435e+00 3.557e+01 270
16831 9 0 2 6.691e+02 6.749e+02 53 0 4 6.623e+02 6.817e+02 180 1 1 5.491e+02 5.849e+02 333 2 3 3.987e+02 3.993e+02 5 2 4 6.715e+02 6.725e+02 10 2 4 3.685e+02 3.875e+02 177 2 2 4.176e+02 4.224e+02 46 2 1 4.373e+02 4.447e+02 69 2 2 6.551e+02 6.889e+02 315
