42925 2 2 4 1.641e+02 1.719e+02 72 2 3 1.404e+02 1.536e+02 123
42926 7 0 3 6.080e+02 6.100e+02 19 0 3 2.718e+02 2.742e+02 21 0 4 2.824e+02 3.056e+02 216 0 4 5.851e+02 5.909e+02 54 1 2 6.271e+02 6.329e+02 53 1 3 5.235e+02 5.265e+02 28 1 4 6.143e+02 6.457e+02 292
42927 15 0 2 6.714e+02 6.726e+02 11 0 4 6.648e+02 6.792e+02 135 0 3 6.365e+02 6.655e+02 269 0 2 6.628e+02 6.812e+02 170 0 1 6.306e+02 6.714e+02 380 0 3 6.287e+02 6.733e+02 415 1 4 6.073e+02 6.527e+02 422 2 4 3.776e+01 4.624e+01 79 2 3 1.370e+01 2.830e+01 136 2 3 8.397e+01 1.260e+02 390 2 4 3.145e+02 3.575e+02 400 2 1 5.337e+01 7.263e+01 179 2 2 1.039e+02 1.481e+02 410 2 2 5.840e+01 1.096e+02 476 2 4 6.266e+01 1.053e+02 396
42928 3 0 1 5.227e+02 5.273e+02 43 0 3 5.103e+02 5.397e+02 273 0 2 5.310e+02 5.610e+02 279
42930 11 0 2 6.687e+02 6.753e+02 61 0 1 5.915e+02 6.265e+02 325 0 4 6.676e+02 6.764e+02 81 0 3 5.509e+02 5.831e+02 300 0 1 6.417e+02 6.603e+02 172 0 2 6.596e+02 6.844e+02 230 1 4 6.177e+02 6.423e+02 228 2 2 7.576e+01 9.224e+01 153 2 4 5.748e+02 6.012e+02 245 2 2 2.365e+02 2.675e+02 288 2 3 8.429e+01 1.257e+02 385
42932 6 1 1 3.815e+02 4.165e+02 326 2 2 2.411e+01 5.989e+01 332 2 3 4.604e+02 5.056e+02 420 2 1 4.031e+01 8.569e+01 421 2 4 4.378e+02 4.862e+02 449 2 3 3.780e+01 8.820e+01 468
42934 12 0 1 6.444e+02 6.576e+02 123 0 3 6.473e+02 6.547e+02 68 0 1 5.919e+02 6.261e+02 317 0 2 6.687e+02 6.753e+02 60 0 4 6.106e+02 6.494e+02 360 0 4 6.672e+02 6.768e+02 89 0 2 6.602e+02 6.838e+02 220 0 2 6.525e+02 6.915e+02 363 1 1 4.788e+02 4.872e+02 77 2 1 1.770e+01 2.430e+01 61 2 4 8.267e+01 8.533e+01 25 2 1 5.132e+00 3.687e+01 295
42937 0
42938 0
42940 4 0 3 5.244e+02 5.256e+02 11 0 1 5.642e+02 5.698e+02 51 0 4 5.839e+02 5.921e+02 76 0 3 5.569e+02 5.771e+02 188
42941 17 0 1 6.457e+02 6.563e+02 99 0 3 5.230e+02 5.270e+02 38 0 4 6.173e+02 6.427e+02 236 0 1 5.099e+02 5.401e+02 281 0 2 6.167e+02 6.433e+02 246 0 3 6.400e+02 6.620e+02 205 0 2 4.878e+02 5.202e+02 301 0 4 4.847e+02 5.233e+02 358 1 2 6.245e+02 6.355e+02 101 2 4 7.993e+01 8.807e+01 76 2 3 1.866e+02 1.914e+02 45 2 3 9.918e+01 1.108e+02 108 2 1 1.810e+02 1.970e+02 148 2 2 1.973e+02 2.227e+02 236 2 2 1.083e+02 1.437e+02 328 2 1 1.736e+02 2.044e+02 286 2 4 1.947e+02 2.253e+02 284
42942 3 2 3 2.100e+01 2.100e+01 -0 2 2 2.627e+01 5.773e+01 292 2 4 2.326e+01 6.074e+01 348
42943 0
42944 6 0 1 6.494e+02 6.526e+02 29 0 2 6.225e+02 6.375e+02 140 0 3 6.510e+02 6.510e+02 -24 0 4 6.652e+02 6.788e+02 127 0 4 5.724e+02 6.036e+02 289 0 2 6.612e+02 6.828e+02 200
42945 30 0 2 3.720e+02 3.840e+02 112 0 1 6.079e+02 6.101e+02 20 0 4 3.697e+02 3.863e+02 154 0 3 6.499e+02 6.521e+02 20 0 1 4.394e+02 4.426e+02 29 0 1 3.378e+02 3.762e+02 356 0 3 5.616e+02 5.724e+02 100 0 3 6.039e+02 6.141e+02 96 0 2 6.720e+02 6.720e+02 0 0 1 3.843e+02 4.137e+02 274 0 4 4.486e+02 4.754e+02 249 0 1 5.554e+02 5.786e+02 216 0 4 6.165e+02 6.435e+02 250 0 4 6.710e+02 6.730e+02 18 0 3 3.817e+02 4.163e+02 322 0 2 4.439e+02 4.801e+02 336 0 2 5.342e+02 5.578e+02 219 0 2 6.135e+02 6.465e+02 306 0 1 6.435e+02 6.585e+02 139 0 3 6.439e+02 6.581e+02 132 0 4 6.544e+02 6.896e+02 327 0 2 6.505e+02 6.935e+02 399 2 1 2.079e+01 2.121e+01 4 2 2 4.565e+02 4.675e+02 101 2 4 1.623e+02 1.737e+02 106 2 3 2.012e+01 2.188e+01 16 2 4 4.527e+02 4.713e+02 172 2 2 3.475e+01 4.925e+01 135 2 1 4.706e+02 4.954e+02 230 2 4 2.407e+01 5.993e+01 333
42946 8 0 4 6.285e+02 6.315e+02 27 0 3 6.481e+02 6.539e+02 53 0 1 6.325e+02 6.695e+02 343 0 3 6.294e+02 6.726e+02 401 0 4 5.634e+02 6.126e+02 457 0 2 6.489e+02 6.951e+02 430 0 4 6.454e+02 6.986e+02 495 2 4 7.020e+01 9.780e+01 256
42948 4 0 1 6.063e+02 6.117e+02 50 0 3 6.020e+02 6.160e+02 130 2 1 6.042e+01 6.558e+01 48 2 1 5.072e+01 7.528e+01 228
42950 23 0 3 6.085e+02 6.095e+02 10 0 3 5.621e+02 5.719e+02 91 0 2 6.293e+02 6.307e+02 12 0 2 6.662e+02 6.778e+02 108 0 2 5.351e+02 5.569e+02 203 0 4 6.264e+02 6.336e+02 66 0 4 5.686e+02 6.074e+02 360 0 3 6.328e+02 6.692e+02 339 0 1 5.911e+02 6.269e+02 333 2 4 2.520e+02 2.520e+02 -3 2 4 1.240e+02 1.280e+02 38 2 1 1.454e+02 1.486e+02 30 2 4 2.089e+02 2.111e+02 21 2 4 2.917e+02 2.963e+02 42 2 4 1.642e+02 1.718e+02 70 2 3 2.274e+02 2.346e+02 66 2 1 3.128e+02 3.172e+02 41 2 2 1.103e+02 1.417e+02 291 2 3 1.356e+02 1.584e+02 211 2 2 2.019e+02 2.181e+02 150 2 3 3.036e+02 3.264e+02 211 2 3 2.191e+02 2.429e+02 220 2 2 2.784e+02 3.096e+02 290
42951 53 0 3 6.234e+01 6.366e+01 12 0 3 5.238e+02 5.262e+02 22 0 3 1.572e+01 2.628e+01 98 0 1 6.046e+02 6.134e+02 82 0 4 7.374e+01 9.426e+01 190 0 2 5.020e+02 5.060e+02 37 0 4 2.815e+02 3.065e+02 233 0 3 6.078e+02 6.102e+02 22 0 1 4.636e+02 5.024e+02 360 0 4 6.145e+02 6.455e+02 287 0 2 6.108e+02 6.492e+02 356 1 3 5.611e+02 5.729e+02 109 1 2 1.634e+02 1.726e+02 85 1 4 5.815e+02 5.945e+02 121 1 2 1.495e+02 1.865e+02 343 2 2 3.861e+01 4.539e+01 63 2 3 4.815e+02 4.845e+02 28 2 3 1.460e+02 1.480e+02 18 2 2 5.432e+02 5.488e+02 51 2 1 2.310e+02 2.310e+02 -13 2 4 4.590e+02 4.650e+02 56 2 4 2.921e+02 2.959e+02 36 2 4 4.946e+02 5.135e+02 176 2 4 3.749e+02 3.811e+02 58 2 3 5.114e+02 5.386e+02 252 2 3 1.693e+01 2.507e+01 76 2 4 4.025e+02 4.375e+02 326 2 4 1.218e+02 1.302e+02 79 2 2 1.680e+02 1.680e+02 0 2 3 2.266e+02 2.354e+02 82 2 1 3.129e+02 3.171e+02 39 2 4 3.645e+01 4.755e+01 103 2 2 8.290e+01 8.510e+01 20 2 4 1.636e+02 1.724e+02 82 2 2 2.469e+02 2.571e+02 95 2 3 3.093e+02 3.207e+02 106 2 1 3.417e+02 3.723e+02 285 2 3 5.184e+01 7.416e+01 207 2 4 7.006e+01 9.794e+01 259 2 3 1.888e+02 1.892e+02 4 2 4 2.076e+02 2.124e+02 45 2 2 2.851e+02 3.029e+02 166 2 4 2.582e+01 5.818e+01 300 2 1 1.757e+02 2.023e+02 247 2 1 2.204e+02 2.416e+02 197 2 1 3.031e+02 3.269e+02 220 2 1 4.588e+01 8.012e+01 318 2 1 1.376e+02 1.564e+02 176 2 4 2.422e+02 2.618e+02 181 2 2 2.753e+02 3.127e+02 347 2 2 1.991e+02 2.209e+02 202 2 1 2.146e+02 2.474e+02 305 2 4 1.907e+02 2.293e+02 358
42952 6 0 3 4.398e+02 4.422e+02 22 0 4 5.852e+02 5.908e+02 52 0 2 5.040e+02 5.040e+02 -5 0 2 5.422e+02 5.498e+02 70 0 3 6.068e+02 6.112e+02 41 0 3 5.621e+02 5.719e+02 90
42954 4 2 3 3.924e+02 4.056e+02 122 2 2 3.686e+02 3.874e+02 176 2 1 3.834e+02 4.146e+02 289 2 4 3.593e+02 3.967e+02 347
42961 4 1 4 3.330e+02 3.390e+02 56 1 4 2.889e+02 2.991e+02 94 1 2 3.237e+02 3.483e+02 228 1 3 3.483e+02 3.657e+02 162
42962 3 0 4 5.626e+02 6.134e+02 472 0 2 6.453e+02 6.987e+02 496 2 1 5.496e+02 5.844e+02 323
42963 16 0 4 3.115e+02 3.605e+02 455 0 3 6.338e+02 6.682e+02 319 0 1 2.902e+02 3.398e+02 461 0 3 5.450e+02 5.890e+02 408 0 2 6.542e+02 6.898e+02 331 0 1 6.319e+02 6.701e+02 355 0 4 6.479e+02 6.961e+02 448 2 1 -2.403e+00 4.440e+01 435 2 3 1.858e+00 4.014e+01 356 2 2 2.299e+01 6.101e+01 353 3 4 3.752e+02 3.808e+02 52 3 2 3.733e+02 3.827e+02 88 3 1 3.906e+02 4.074e+02 156 3 3 3.890e+02 4.090e+02 186 3 1 3.422e+02 3.718e+02 275 3 3 3.398e+02 3.742e+02 319
42964 5 0 2 5.383e+02 5.537e+02 143 0 2 6.259e+02 6.341e+02 76 0 3 6.310e+02 6.710e+02 372 0 4 6.219e+02 6.381e+02 150 0 4 6.110e+02 6.490e+02 352
42965 0
42966 35 0 1 2.100e+01 2.100e+01 -20 0 4 4.609e+02 4.631e+02 20 0 2 3.764e+02 3.796e+02 30 0 3 1.852e+02 1.928e+02 71 0 4 4.195e+02 4.205e+02 9 0 4 2.009e+02 2.191e+02 169 0 3 5.606e+02 5.734e+02 120 0 2 3.623e+01 4.777e+01 107 0 1 6.076e+02 6.104e+02 26 0 2 1.973e+02 2.227e+02 236 0 2 6.701e+02 6.739e+02 35 0 3 8.636e+00 3.336e+01 230 0 1 4.281e+02 4.539e+02 240 0 1 5.204e+02 5.296e+02 85 0 3 6.090e+02 6.090e+02 -19 0 4 6.714e+02 6.726e+02 11 0 3 3.830e+02 4.150e+02 296 0 3 5.199e+02 5.301e+02 95 0 2 6.254e+02 6.346e+02 86 1 1 6.090e+02 6.090e+02 -19 1 3 6.087e+02 6.093e+02 6 1 2 5.813e+02 5.947e+02 125 1 2 6.300e+02 6.300e+02 -4 1 4 5.721e+02 6.039e+02 295 1 4 6.300e+02 6.300e+02 -11 2 1 4.410e+02 4.410e+02 -22 2 2 1.238e+02 1.282e+02 40 2 4 4.137e+02 4.263e+02 116 2 1 1.365e+02 1.575e+02 196 2 4 2.797e+01 5.603e+01 260 2 2 4.102e+02 4.298e+02 182 2 3 1.306e+02 1.634e+02 304 2 3 3.821e+02 4.159e+02 315 3 4 4.200e+01 4.200e+01 -6 3 4 2.353e+01 6.047e+01 343
42967 14 0 2 5.446e+02 5.474e+02 26 0 4 5.818e+02 5.942e+02 115 0 3 5.519e+02 5.821e+02 281 0 3 5.960e+02 6.220e+02 242 0 1 5.502e+02 5.838e+02 312 0 1 5.912e+02 6.268e+02 330 1 2 6.175e+02 6.425e+02 233 1 4 6.156e+02 6.444e+02 268 2 4 2.933e+02 2.947e+02 14 2 4 1.217e+02 1.303e+02 80 2 1 1.411e+02 1.529e+02 110 2 3 1.444e+02 1.496e+02 48 2 4 3.183e+02 3.537e+02 330 2 2 1.108e+02 1.412e+02 282
42969 12 0 1 6.071e+02 6.109e+02 35 0 3 6.030e+02 6.150e+02 112 0 4 6.165e+02 6.435e+02 250 0 2 6.536e+02 6.904e+02 342 2 4 1.666e+02 1.694e+02 26 2 4 3.978e+01 4.422e+01 41 2 1 1.847e+02 1.933e+02 80 2 3 1.707e+01 2.493e+01 73 2 2 1.626e+02 1.734e+02 100 2 1 1.227e+01 2.973e+01 162 2 3 1.281e+02 1.659e+02 350 2 2 2.789e+01 5.611e+01 262
42970 8 0 4 6.255e+02 6.345e+02 84 1 4 6.263e+02 6.337e+02 69 3 1 6.475e+02 6.545e+02 65 3 3 5.984e+02 6.196e+02 196 3 2 6.684e+02 6.756e+02 67 3 2 6.258e+02 6.342e+02 79 3 2 6.563e+02 6.877e+02 292 3 1 5.903e+02 6.277e+02 347
42972 18 0 4 5.037e+02 5.043e+02 6 0 1 6.078e+02 6.102e+02 23 0 4 3.161e+01 5.239e+01 193 0 3 5.587e+02 5.753e+02 155 0 3 6.040e+02 6.140e+02 93 0 2 5.366e+02 5.554e+02 175 0 4 6.248e+02 6.352e+02 96 0 3 6.483e+02 6.537e+02 50 0 1 5.531e+02 5.809e+02 258 0 2 6.121e+02 6.479e+02 332 0 2 6.705e+02 6.735e+02 28 0 4 6.687e+02 6.753e+02 60 0 3 6.371e+02 6.649e+02 259 1 4 4.883e+02 5.197e+02 292 2 4 3.982e+01 4.418e+01 40 2 1 2.570e+02 2.890e+02 297 2 2 3.749e+01 4.651e+01 84 2 3 4.736e+01 7.864e+01 290
42974 0
42976 2 0 4 2.492e+02 2.548e+02 51 1 3 5.983e+02 6.197e+02 200
42977 0
42981 0
42982 19 0 1 6.078e+01 6.522e+01 41 0 1 9.995e+01 1.101e+02 94 0 1 1.801e+01 2.399e+01 56 0 1 5.181e+02 5.319e+02 128 0 2 1.225e+02 1.295e+02 66 0 4 1.537e+02 1.823e+02 266 0 2 5.337e+02 5.583e+02 228 0 1 8.905e+00 3.310e+01 225 0 3 5.433e+02 5.907e+02 440 0 1 4.893e+01 7.707e+01 261 2 3 9.964e+01 1.104e+02 100 2 1 1.263e+01 2.937e+01 156 2 4 1.218e+02 1.302e+02 78 2 4 3.354e+01 5.046e+01 157 2 2 7.913e+01 8.887e+01 90 2 3 3.069e+00 3.893e+01 333 2 4 7.868e+01 8.932e+01 99 2 3 4.350e+01 8.250e+01 362 2 3 9.169e+01 1.183e+02 247
42985 11 0 2 6.223e+02 6.377e+02 144 0 1 6.353e+02 6.667e+02 291 0 4 6.191e+02 6.409e+02 202 0 3 6.388e+02 6.632e+02 226 2 4 8.312e+01 8.488e+01 16 2 3 1.450e+02 1.490e+02 37 2 2 7.365e+01 9.435e+01 192 2 1 1.329e+02 1.611e+02 262 2 3 9.389e+01 1.161e+02 206 2 4 1.548e+02 1.812e+02 246 2 1 2.114e+02 2.506e+02 365
42987 0
42988 8 0 4 3.720e+02 3.840e+02 111 0 1 5.230e+02 5.270e+02 36 0 3 5.250e+02 5.250e+02 -5 0 3 4.646e+02 5.014e+02 341 0 3 5.127e+02 5.373e+02 229 0 4 4.844e+02 5.236e+02 365 2 4 3.816e+01 4.584e+01 71 2 3 5.454e+01 7.146e+01 157
42990 13 0 1 6.489e+02 6.531e+02 39 0 4 6.689e+02 6.751e+02 57 0 2 6.219e+02 6.381e+02 150 0 3 6.471e+02 6.549e+02 72 0 2 6.635e+02 6.805e+02 157 0 1 6.401e+02 6.619e+02 202 0 2 6.568e+02 6.872e+02 282 1 4 6.300e+02 6.300e+02 -7 2 4 2.904e+02 2.976e+02 67 2 4 7.617e+01 9.183e+01 146 2 1 1.003e+02 1.097e+02 88 2 3 9.299e+01 1.170e+02 223 3 3 5.763e+01 6.837e+01 100
42991 14 0 1 4.750e+02 4.910e+02 149 0 3 4.762e+02 4.898e+02 126 0 3 5.613e+02 5.727e+02 106 0 2 4.880e+02 5.200e+02 297 0 2 6.503e+02 6.937e+02 402 1 3 6.041e+02 6.139e+02 91 1 4 6.135e+02 6.465e+02 306 1 4 5.710e+02 6.050e+02 316 2 1 6.478e+02 6.542e+02 59 2 4 6.193e+02 6.407e+02 200 2 4 6.698e+02 6.742e+02 41 2 2 6.205e+02 6.395e+02 176 2 3 5.899e+02 6.281e+02 355 2 1 1.207e+02 1.733e+02 489
42993 10 0 2 3.757e+02 3.803e+02 42 0 2 6.694e+02 6.746e+02 48 0 4 2.860e+02 3.020e+02 149 0 3 3.955e+02 4.025e+02 65 0 4 3.708e+02 3.852e+02 135 0 4 6.666e+02 6.774e+02 100 0 1 3.463e+02 3.677e+02 198 0 4 4.135e+02 4.265e+02 121 0 2 3.187e+02 3.533e+02 322 0 2 3.602e+02 3.958e+02 331
