33846 27 0 1 6.487e+02 6.533e+02 43 0 3 6.510e+02 6.510e+02 -21 0 2 4.997e+02 5.083e+02 80 0 3 5.192e+02 5.308e+02 107 0 1 6.009e+02 6.171e+02 150 0 2 6.714e+02 6.726e+02 10 0 4 4.423e+02 4.817e+02 366 0 3 5.999e+02 6.181e+02 170 0 4 6.702e+02 6.738e+02 33 0 1 4.637e+02 5.023e+02 358 0 2 6.185e+02 6.415e+02 214 0 1 6.315e+02 6.705e+02 361 0 4 4.851e+02 5.229e+02 350 0 3 6.360e+02 6.660e+02 279 1 4 3.865e+01 4.535e+01 62 1 2 6.228e+02 6.372e+02 133 1 4 6.201e+02 6.399e+02 185 2 4 7.895e+01 8.905e+01 94 2 4 2.830e+02 3.050e+02 205 2 3 9.465e+01 1.153e+02 192 2 3 2.570e+02 2.890e+02 298 2 3 4.372e+01 8.228e+01 358 2 2 7.392e+01 9.408e+01 187 3 3 2.003e+01 2.197e+01 18 3 2 3.982e+01 4.418e+01 40 3 4 6.596e+02 6.844e+02 230 3 1 4.790e+01 7.810e+01 280
33850 82 0 2 6.289e+02 6.311e+02 21 0 4 8.303e+01 8.497e+01 18 0 1 4.399e+02 4.421e+02 21 0 4 2.475e+02 2.565e+02 84 0 3 5.245e+02 5.255e+02 10 0 2 2.883e+02 2.997e+02 106 0 3 6.494e+02 6.526e+02 29 0 3 2.224e+02 2.396e+02 160 0 3 4.384e+02 4.436e+02 48 0 4 3.203e+02 3.517e+02 292 0 4 4.518e+02 4.722e+02 190 0 2 2.425e+02 2.615e+02 176 0 2 5.445e+02 5.475e+02 27 0 1 2.959e+02 3.341e+02 356 0 1 5.952e+02 6.228e+02 256 0 1 6.365e+02 6.655e+02 270 0 1 5.531e+02 5.809e+02 258 0 1 5.901e+02 6.279e+02 351 0 3 5.487e+02 5.853e+02 340 1 1 5.659e+02 5.681e+02 21 1 2 6.298e+02 6.302e+02 3 1 2 2.822e+02 3.058e+02 219 1 2 5.820e+02 5.940e+02 111 1 4 6.279e+02 6.321e+02 39 1 4 5.851e+02 5.909e+02 53 1 3 6.016e+02 6.164e+02 138 1 3 5.581e+02 5.759e+02 166 1 1 5.912e+02 6.268e+02 330 1 2 5.750e+02 6.010e+02 240 1 3 5.899e+02 6.281e+02 354 1 4 5.721e+02 6.039e+02 295 1 3 5.478e+02 5.862e+02 357 2 4 3.342e+02 3.378e+02 33 2 3 4.787e+02 4.873e+02 80 2 3 1.936e+01 2.264e+01 30 2 3 5.242e+02 5.258e+02 15 2 2 2.091e+02 2.109e+02 16 2 2 5.869e+02 5.891e+02 21 2 2 2.935e+02 2.945e+02 9 2 3 4.360e+02 4.460e+02 93 2 2 3.267e+02 3.453e+02 172 2 2 4.993e+02 5.087e+02 88 2 4 4.117e+01 4.283e+01 16 2 3 5.636e+02 5.704e+02 64 2 4 1.244e+02 1.276e+02 29 2 1 4.770e+02 4.890e+02 112 2 3 1.437e+02 1.503e+02 60 2 4 5.318e+02 5.602e+02 264 2 2 2.487e+02 2.553e+02 60 2 1 5.908e+02 6.272e+02 338 2 4 2.916e+02 2.964e+02 45 2 4 6.525e+02 6.915e+02 361 2 1 6.073e+01 6.527e+01 42 2 4 4.923e+02 5.157e+02 217 2 2 8.101e+01 8.699e+01 56 2 2 4.881e+02 5.199e+02 295 2 3 1.752e+02 2.028e+02 256 2 4 4.869e+02 5.211e+02 318 2 4 2.495e+02 2.545e+02 46 2 1 3.132e+02 3.168e+02 34 2 3 3.394e+02 3.746e+02 326 2 3 6.239e+01 6.361e+01 11 2 4 8.065e+01 8.735e+01 62 2 1 1.368e+02 1.572e+02 189 2 4 2.055e+02 2.145e+02 83 2 3 3.087e+02 3.213e+02 116 2 1 1.545e+01 2.655e+01 103 2 3 9.223e+01 1.178e+02 237 2 2 1.530e+02 1.830e+02 279 2 1 2.216e+02 2.404e+02 176 2 1 2.700e+02 2.760e+02 56 2 2 3.156e+01 5.244e+01 194 2 2 6.795e+01 1.000e+02 298 2 4 2.395e+02 2.645e+02 233 2 3 2.609e+02 2.851e+02 225 2 1 5.378e+01 7.222e+01 171 2 4 6.764e+01 1.004e+02 304 2 4 1.966e+02 2.234e+02 249 2 2 2.758e+02 3.122e+02 338 2 1 4.372e+00 3.763e+01 309 2 3 2.169e+02 2.451e+02 262 2 2 2.564e+01 5.836e+01 304
33851 5 2 2 3.758e+02 3.802e+02 40 2 1 3.931e+02 4.049e+02 110 2 4 3.734e+02 3.826e+02 86 2 3 3.787e+02 4.193e+02 376 2 3 3.399e+02 3.741e+02 318
33853 0
33854 3 0 1 3.954e+02 4.026e+02 67 0 4 5.816e+02 5.944e+02 120 0 3 5.510e+02 5.830e+02 296
33855 0
33857 3 0 1 4.811e+02 4.849e+02 36 0 3 5.225e+02 5.275e+02 47 0 2 4.929e+02 5.151e+02 206
33858 1 2 3 9.999e+01 1.100e+02 93
33859 0
33860 7 0 4 5.869e+02 5.891e+02 21 0 1 5.563e+02 5.777e+02 198 0 3 5.483e+02 5.857e+02 347 2 1 6.131e+01 6.469e+01 31 2 4 1.260e+02 1.260e+02 -14 2 3 6.239e+01 6.361e+01 11 2 2 5.272e+02 5.648e+02 350
33861 13 0 2 2.923e+02 2.957e+02 31 0 1 4.410e+02 4.410e+02 -7 0 4 2.835e+02 3.045e+02 196 0 4 4.569e+02 4.671e+02 96 0 2 6.639e+02 6.801e+02 150 0 1 2.978e+02 3.322e+02 319 0 3 4.349e+02 4.471e+02 113 0 2 4.467e+02 4.773e+02 285 0 4 6.677e+02 6.763e+02 80 0 1 6.419e+02 6.601e+02 170 0 3 6.385e+02 6.635e+02 231 2 3 5.249e+02 5.251e+02 2 2 4 4.947e+02 5.133e+02 172
33863 12 0 2 5.018e+02 5.062e+02 41 0 3 5.140e+02 5.360e+02 204 0 1 3.452e+02 3.688e+02 219 0 4 5.782e+02 5.978e+02 181 0 4 4.951e+02 5.129e+02 165 0 1 5.083e+02 5.417e+02 310 0 2 6.565e+02 6.875e+02 287 1 1 4.716e+02 4.944e+02 211 2 3 6.300e+01 6.300e+01 -19 2 1 6.064e+01 6.536e+01 44 2 2 6.692e+01 1.011e+02 317 2 4 2.604e+01 5.796e+01 296
33865 1 3 2 6.239e+02 6.361e+02 113
33867 1 0 3 4.823e+02 4.837e+02 13
33868 2 2 4 3.773e+02 3.787e+02 12 2 3 3.889e+02 4.091e+02 188
33869 0
33870 1 0 4 3.675e+02 3.885e+02 195
33871 71 0 1 6.502e+02 6.518e+02 16 0 3 3.953e+02 4.027e+02 69 0 2 2.097e+02 2.103e+02 5 0 4 5.037e+02 5.043e+02 6 0 2 3.731e+02 3.829e+02 91 0 3 5.243e+02 5.257e+02 14 0 3 1.851e+02 1.929e+02 72 0 2 6.233e+02 6.367e+02 124 0 2 2.469e+02 2.571e+02 94 0 4 4.138e+02 4.262e+02 116 0 3 2.618e+02 2.842e+02 209 0 4 4.619e+02 4.621e+02 1 0 4 3.734e+02 3.826e+02 86 0 1 5.668e+02 5.672e+02 4 0 4 1.954e+02 2.246e+02 271 0 4 6.227e+02 6.373e+02 136 0 4 2.819e+02 3.061e+02 226 0 3 6.445e+02 6.575e+02 121 0 1 3.461e+02 3.679e+02 203 0 3 4.242e+02 4.578e+02 312 0 3 4.821e+02 4.839e+02 16 0 3 5.654e+02 5.686e+02 30 0 1 5.991e+02 6.189e+02 184 0 2 6.634e+02 6.806e+02 159 0 2 4.939e+02 5.141e+02 187 0 1 5.182e+02 5.318e+02 126 0 3 5.971e+02 6.209e+02 220 0 4 6.637e+02 6.803e+02 154 0 2 4.492e+02 4.748e+02 238 0 1 5.094e+02 5.406e+02 289 0 1 6.387e+02 6.633e+02 228 0 4 4.862e+02 5.218e+02 330 0 2 6.561e+02 6.879e+02 295 1 4 5.880e+02 5.880e+02 0 1 3 6.081e+02 6.099e+02 16 1 3 5.193e+02 5.307e+02 106 1 3 5.643e+02 5.697e+02 50 1 2 6.293e+02 6.307e+02 13 1 3 4.679e+02 4.981e+02 280 1 2 5.848e+02 5.912e+02 59 1 4 6.275e+02 6.325e+02 47 1 1 5.598e+02 5.742e+02 133 1 1 6.057e+02 6.123e+02 60 1 2 5.332e+02 5.588e+02 237 2 2 4.193e+02 4.207e+02 14 2 4 1.667e+02 1.693e+02 25 2 2 3.879e+01 4.521e+01 60 2 4 4.178e+02 4.222e+02 40 2 3 1.890e+02 1.890e+02 -4 2 4 5.010e+02 5.070e+02 56 2 1 2.221e+02 2.399e+02 166 2 4 5.809e+02 5.951e+02 132 2 3 2.714e+02 2.746e+02 30 2 4 3.358e+01 5.042e+01 156 2 3 4.381e+02 4.439e+02 54 2 4 7.249e+01 9.551e+01 214 2 1 4.242e+02 4.578e+02 311 2 1 1.819e+02 1.961e+02 131 2 3 4.251e+02 4.569e+02 296 2 4 2.445e+02 2.595e+02 139 2 1 3.802e+02 4.178e+02 349 2 2 2.889e+02 2.991e+02 96 2 3 3.608e+00 3.839e+01 323 2 2 1.477e+02 1.883e+02 376 2 1 3.065e+02 3.235e+02 157 2 1 2.567e+02 2.893e+02 302 2 3 2.582e+02 2.878e+02 276 2 4 2.777e+02 3.103e+02 303 2 1 2.984e+02 3.316e+02 308 3 2 3.659e+01 4.741e+01 100 3 1 1.545e+01 2.655e+01 103
33872 3 0 2 6.282e+02 6.318e+02 34 0 4 6.262e+02 6.338e+02 70 0 1 5.886e+02 6.294e+02 379
33873 0
33874 10 1 4 4.620e+02 4.620e+02 -10 1 1 4.815e+02 4.845e+02 27 1 2 4.999e+02 5.081e+02 76 1 3 5.224e+02 5.276e+02 49 1 1 4.529e+01 8.071e+01 329 1 2 5.346e+02 5.574e+02 211 1 4 4.974e+02 5.106e+02 122 1 1 3.807e+01 8.793e+01 463 1 4 5.296e+02 5.624e+02 305 2 4 1.637e+02 1.723e+02 80
33877 7 0 1 2.093e+01 2.107e+01 1 0 2 6.664e+02 6.776e+02 104 0 4 6.720e+02 6.720e+02 -10 0 1 6.391e+02 6.629e+02 221 0 3 6.347e+02 6.673e+02 303 2 3 4.770e+02 4.890e+02 111 2 4 4.945e+02 5.135e+02 177
33878 5 1 1 1.042e+02 1.058e+02 15 1 2 1.107e+02 1.413e+02 284 1 1 4.254e+02 4.566e+02 290 2 2 3.385e+01 5.015e+01 151 2 4 2.054e+02 2.146e+02 86
33881 11 2 4 2.516e+02 2.524e+02 8 2 3 3.972e+02 4.008e+02 33 2 4 1.649e+02 1.711e+02 57 2 2 2.087e+02 2.113e+02 24 2 2 4.113e+02 4.287e+02 162 2 4 2.930e+02 2.950e+02 19 2 1 3.818e+02 4.162e+02 320 2 4 3.288e+02 3.432e+02 133 2 3 1.820e+02 1.960e+02 130 2 3 2.238e+02 2.382e+02 135 2 4 3.645e+02 3.915e+02 250
33882 10 0 1 3.563e+02 3.577e+02 12 0 2 3.705e+02 3.855e+02 140 0 4 4.887e+02 5.193e+02 285 0 4 3.723e+02 3.837e+02 106 0 2 4.443e+02 4.797e+02 329 1 1 2.682e+02 2.778e+02 90 1 3 2.663e+02 2.797e+02 125 1 2 2.879e+02 3.001e+02 114 1 4 2.880e+02 3.000e+02 112 2 3 3.506e+02 3.634e+02 119
33883 0
33885 6 0 2 5.035e+02 5.045e+02 10 0 3 5.250e+02 5.250e+02 -2 0 4 4.959e+02 5.121e+02 150 0 1 5.183e+02 5.317e+02 124 2 1 1.236e+01 2.964e+01 160 2 3 1.106e+01 3.094e+01 185
33886 30 0 4 6.719e+02 6.721e+02 2 0 1 1.439e+02 1.501e+02 57 0 1 3.968e+02 4.012e+02 41 0 2 5.449e+02 5.471e+02 20 0 2 1.666e+02 1.694e+02 26 0 1 6.053e+02 6.127e+02 68 0 4 1.608e+02 1.752e+02 134 0 1 6.506e+02 6.514e+02 8 0 4 4.167e+02 4.233e+02 60 0 2 1.484e+02 1.876e+02 364 0 1 5.132e+02 5.368e+02 220 0 3 6.005e+02 6.175e+02 157 0 3 6.496e+02 6.524e+02 26 0 3 3.903e+02 4.077e+02 162 0 3 5.514e+02 5.826e+02 290 0 4 6.212e+02 6.388e+02 164 0 2 6.713e+02 6.727e+02 12 0 4 4.062e+02 4.338e+02 257 0 2 6.181e+02 6.419e+02 221 0 4 6.574e+02 6.866e+02 271 0 4 6.118e+02 6.482e+02 339 0 1 6.332e+02 6.688e+02 330 0 3 6.326e+02 6.694e+02 342 1 4 6.297e+02 6.303e+02 6 1 2 5.449e+02 5.471e+02 20 1 2 6.256e+02 6.344e+02 81 1 2 6.187e+02 6.413e+02 210 1 3 5.926e+02 6.254e+02 304 2 4 1.579e+02 1.781e+02 188 2 4 2.041e+02 2.159e+02 110
33887 18 0 2 6.284e+02 6.316e+02 29 0 4 6.256e+02 6.344e+02 82 0 3 6.415e+02 6.605e+02 176 2 1 1.945e+01 2.255e+01 29 2 3 3.487e+02 3.653e+02 154 2 3 1.581e+01 2.619e+01 96 2 4 1.999e+02 2.201e+02 188 2 2 3.692e+02 3.868e+02 163 2 4 3.803e+01 4.597e+01 74 2 1 3.416e+02 3.724e+02 286 2 3 5.270e+01 7.330e+01 191 2 4 3.617e+02 3.943e+02 303 2 1 9.665e+00 3.233e+01 210 2 3 3.368e+02 3.772e+02 375 3 3 1.417e+02 1.523e+02 98 3 2 1.572e+02 1.788e+02 201 3 1 1.336e+02 1.604e+02 250 3 4 1.506e+02 1.854e+02 323
33888 0
33889 4 0 3 6.461e+02 6.559e+02 91 0 1 3.848e+02 4.132e+02 263 0 2 6.657e+02 6.783e+02 117 0 3 4.231e+02 4.589e+02 333
33890 20 0 1 5.539e+01 7.061e+01 141 0 3 5.575e+01 7.025e+01 135 0 1 3.817e+02 4.163e+02 321 0 1 1.433e+01 2.767e+01 124 0 2 6.102e+02 6.498e+02 367 0 2 6.547e+02 6.893e+02 322 0 3 3.823e+02 4.157e+02 310 0 4 6.502e+02 6.938e+02 406 2 3 1.411e+01 2.789e+01 128 2 2 1.193e+02 1.327e+02 124 2 2 3.412e+01 4.988e+01 146 2 3 9.299e+01 1.170e+02 223 2 1 1.003e+01 3.197e+01 204 2 4 1.159e+02 1.361e+02 187 2 4 2.663e+01 5.737e+01 286 2 2 1.075e+02 1.445e+02 343 2 4 9.936e+01 1.526e+02 495 3 1 1.438e+01 2.762e+01 123 3 3 1.267e+01 2.933e+01 155 3 1 4.525e+01 8.075e+01 330
33891 9 0 2 6.720e+02 6.720e+02 -23 0 2 4.578e+02 4.662e+02 78 0 4 6.678e+02 6.762e+02 79 0 1 4.311e+02 4.509e+02 183 0 3 5.557e+02 5.783e+02 210 0 1 6.372e+02 6.648e+02 256 0 3 4.254e+02 4.566e+02 290 1 4 6.273e+02 6.327e+02 50 2 1 5.086e+01 7.514e+01 226
33892 56 0 4 4.611e+02 4.629e+02 16 0 1 5.601e+02 5.739e+02 128 0 2 6.294e+02 6.306e+02 11 0 2 4.565e+02 4.675e+02 101 0 4 2.744e+02 3.136e+02 364 0 3 5.596e+02 5.744e+02 138 0 4 6.280e+02 6.320e+02 36 0 2 6.624e+02 6.816e+02 178 0 1 4.299e+02 4.521e+02 206 0 2 5.413e+02 5.507e+02 87 0 4 5.768e+02 5.992e+02 208 0 4 6.650e+02 6.790e+02 130 0 1 5.522e+02 5.818e+02 275 0 3 5.899e+02 6.281e+02 355 0 1 6.349e+02 6.671e+02 300 1 1 5.649e+02 5.691e+02 40 1 1 6.087e+02 6.093e+02 6 1 1 5.237e+02 5.263e+02 24 1 4 6.293e+02 6.307e+02 12 1 2 6.212e+02 6.388e+02 163 1 3 5.939e+02 6.241e+02 280 1 2 6.152e+02 6.448e+02 275 1 4 6.124e+02 6.476e+02 327 2 4 8.362e+01 8.438e+01 7 2 4 1.661e+02 1.699e+02 36 2 4 4.590e+02 4.650e+02 56 2 4 2.940e+02 2.940e+02 0 2 4 6.654e+02 6.786e+02 123 2 4 3.311e+02 3.409e+02 91 2 1 4.735e+02 4.925e+02 176 2 1 5.871e+01 6.729e+01 80 2 3 4.737e+02 4.923e+02 173 2 4 1.234e+02 1.286e+02 49 2 2 4.485e+02 4.755e+02 251 2 3 1.453e+02 1.487e+02 32 2 3 3.099e+02 3.201e+02 96 2 2 3.730e+02 3.830e+02 93 2 3 6.068e+01 6.532e+01 43 2 2 8.254e+01 8.546e+01 27 2 3 1.829e+02 1.951e+02 114 2 2 1.957e+02 2.243e+02 266 2 3 3.418e+02 3.722e+02 282 2 4 3.399e+01 5.001e+01 149 2 3 9.254e+01 1.175e+02 231 2 4 1.544e+02 1.816e+02 252 2 3 2.544e+02 2.916e+02 346 2 4 3.633e+02 3.927e+02 273 2 1 1.097e+01 3.103e+01 186 2 2 6.791e+01 1.001e+02 299 2 1 1.751e+02 2.029e+02 259 2 4 3.165e+02 3.555e+02 361 2 3 4.547e+01 8.053e+01 326 2 3 1.722e+02 2.058e+02 311 2 3 2.083e+00 3.992e+01 351 2 2 2.353e+01 6.047e+01 343 3 1 3.332e+02 3.808e+02 442
33893 27 0 2 4.620e+02 4.620e+02 -4 0 3 6.038e+02 6.142e+02 97 0 2 3.756e+02 3.804e+02 44 0 3 3.889e+02 4.091e+02 188 0 3 4.819e+02 4.841e+02 20 0 4 6.611e+01 1.019e+02 332 0 4 5.789e+02 5.971e+02 170 0 1 3.406e+02 3.734e+02 304 0 2 6.628e+02 6.812e+02 170 0 4 4.044e+02 4.356e+02 290 0 1 4.749e+02 4.911e+02 150 0 3 5.535e+02 5.805e+02 250 0 4 5.696e+02 6.064e+02 341 0 3 6.367e+02 6.653e+02 265 0 4 4.898e+02 5.182e+02 264 2 4 3.353e+02 3.367e+02 13 2 2 8.400e+01 8.400e+01 -0 2 3 6.257e+01 6.343e+01 8 2 4 8.052e+01 8.748e+01 65 2 2 5.290e+02 5.630e+02 316 2 1 3.481e+02 3.659e+02 165 2 1 1.913e+01 2.287e+01 35 2 2 7.069e+01 9.731e+01 247 2 3 3.483e+02 3.657e+02 161 2 1 5.189e+01 7.411e+01 206 2 4 6.522e+01 1.028e+02 349 2 2 3.589e+02 3.971e+02 355
33894 1 0 2 4.395e+02 4.845e+02 418
33895 0
