15483 25 0 1 5.619e+02 5.721e+02 94 0 1 6.436e+02 6.584e+02 137 0 3 5.579e+02 5.761e+02 169 0 4 5.795e+02 5.965e+02 157 0 3 6.458e+02 6.562e+02 96 0 4 6.549e+02 6.891e+02 318 1 2 6.109e+02 6.491e+02 356 2 2 2.517e+02 2.523e+02 5 2 4 4.985e+02 5.095e+02 103 2 3 1.429e+01 2.771e+01 125 2 3 5.233e+02 5.267e+02 32 2 2 8.142e+01 8.658e+01 48 2 4 4.097e+02 4.303e+02 191 2 3 1.853e+02 1.927e+02 69 2 1 5.110e+02 5.390e+02 260 2 4 2.058e+02 2.142e+02 79 2 3 3.801e+02 4.179e+02 350 2 1 5.054e+01 7.546e+01 231 2 2 5.341e+02 5.579e+02 220 2 4 8.168e+01 8.632e+01 43 2 4 1.594e+02 1.766e+02 160 2 3 2.257e+02 2.363e+02 98 2 3 9.523e+01 1.148e+02 181 2 3 8.788e+01 1.221e+02 318 2 2 1.054e+02 1.466e+02 383
15484 20 0 1 3.570e+02 3.570e+02 -11 0 4 3.654e+02 3.906e+02 234 0 3 6.064e+02 6.116e+02 48 0 2 6.274e+02 6.326e+02 48 0 2 6.693e+02 6.747e+02 50 0 1 6.023e+02 6.157e+02 124 0 4 6.670e+02 6.770e+02 93 0 4 5.702e+02 6.058e+02 330 0 1 6.399e+02 6.621e+02 206 0 3 6.367e+02 6.653e+02 266 0 2 6.547e+02 6.893e+02 321 0 4 6.528e+02 6.912e+02 356 0 2 6.473e+02 6.967e+02 459 2 4 1.668e+02 1.692e+02 23 2 4 2.088e+02 2.112e+02 22 2 4 1.217e+02 1.303e+02 80 2 1 2.618e+00 3.938e+01 341 2 2 2.106e+01 6.294e+01 389 2 4 2.389e+01 6.011e+01 336 2 3 -1.508e+00 4.351e+01 418
15485 13 0 1 5.244e+02 5.256e+02 10 0 4 5.868e+02 5.892e+02 21 0 1 5.621e+02 5.719e+02 90 0 3 4.237e+02 4.583e+02 320 0 1 2.160e+02 2.460e+02 278 0 3 5.203e+02 5.297e+02 86 0 1 3.825e+02 4.155e+02 306 0 2 4.873e+02 5.207e+02 310 0 3 5.569e+02 5.771e+02 187 0 3 3.842e+02 4.138e+02 275 1 2 2.733e+02 3.147e+02 384 2 4 6.195e+02 6.405e+02 195 2 4 1.017e+02 1.503e+02 451
15486 17 0 3 6.007e+02 6.173e+02 154 0 1 5.971e+02 6.209e+02 220 0 4 5.681e+02 6.079e+02 369 2 3 1.967e+01 2.233e+01 25 2 2 4.200e+02 4.200e+02 -2 2 1 1.317e+01 2.883e+01 146 2 1 5.641e+02 5.699e+02 53 2 1 6.083e+02 6.097e+02 14 2 2 3.624e+02 3.936e+02 290 2 4 4.511e+02 4.729e+02 203 2 2 2.515e+01 5.885e+01 313 2 1 5.541e+02 5.799e+02 239 2 4 3.660e+02 3.900e+02 222 2 1 6.001e+02 6.179e+02 165 2 3 3.369e+02 3.771e+02 373 2 3 3.810e+02 4.170e+02 334 2 2 4.028e+02 4.372e+02 320
15487 15 0 3 4.790e+02 4.870e+02 74 0 4 2.096e+02 2.104e+02 7 0 4 6.680e+02 6.760e+02 75 0 2 6.617e+02 6.823e+02 192 0 2 4.508e+02 4.732e+02 208 0 4 4.490e+02 4.750e+02 241 0 4 4.867e+02 5.213e+02 320 1 2 5.751e+02 6.009e+02 240 2 3 3.141e+02 3.159e+02 17 2 4 2.878e+02 3.002e+02 116 2 2 3.235e+02 3.485e+02 233 2 4 5.763e+02 5.997e+02 218 2 1 9.487e+00 3.251e+01 214 2 1 3.017e+02 3.283e+02 247 2 3 2.622e+00 3.938e+01 341
15488 8 0 4 6.300e+02 6.300e+02 -11 0 1 6.070e+02 6.110e+02 38 0 2 6.645e+02 6.795e+02 140 0 2 6.225e+02 6.375e+02 140 0 4 6.615e+02 6.825e+02 196 0 3 5.946e+02 6.234e+02 268 2 4 8.400e+01 8.400e+01 -8 2 3 9.250e+01 1.175e+02 232
15489 53 0 2 2.509e+02 2.531e+02 21 0 2 1.663e+02 1.697e+02 32 0 3 6.090e+02 6.090e+02 -20 0 4 2.092e+02 2.108e+02 15 0 4 4.200e+02 4.200e+02 -4 0 3 1.832e+02 1.948e+02 107 0 4 2.369e+02 2.671e+02 281 0 3 5.670e+02 5.670e+02 -24 0 3 2.647e+02 2.813e+02 155 0 4 6.274e+02 6.326e+02 48 0 3 6.467e+02 6.553e+02 80 0 3 4.817e+02 4.843e+02 24 0 2 6.702e+02 6.738e+02 33 0 1 4.247e+02 4.573e+02 302 0 4 4.917e+02 5.163e+02 228 0 1 5.080e+02 5.420e+02 316 0 2 6.247e+02 6.353e+02 99 0 4 6.693e+02 6.747e+02 50 0 3 4.246e+02 4.574e+02 305 0 1 5.987e+02 6.193e+02 191 0 2 6.634e+02 6.806e+02 160 0 1 6.363e+02 6.657e+02 272 1 3 3.539e+02 3.601e+02 58 1 4 5.880e+02 5.880e+02 -21 1 1 6.076e+02 6.104e+02 26 1 3 5.668e+02 5.672e+02 4 1 3 6.053e+02 6.127e+02 70 1 4 6.277e+02 6.323e+02 42 1 1 5.952e+02 6.228e+02 257 2 3 1.036e+02 1.064e+02 26 2 4 5.446e+02 5.474e+02 26 2 3 1.452e+02 1.488e+02 34 2 4 2.099e+02 2.101e+02 2 2 4 2.917e+02 2.963e+02 42 2 3 5.589e+02 5.751e+02 150 2 4 3.270e+02 3.450e+02 166 2 2 5.722e+02 6.038e+02 293 2 3 2.100e+01 2.100e+01 -23 2 2 5.279e+02 5.641e+02 336 2 3 9.367e+01 1.163e+02 210 2 1 5.499e+02 5.841e+02 318 2 4 2.498e+02 2.542e+02 41 2 4 3.793e+01 4.607e+01 76 2 4 1.141e+02 1.379e+02 221 2 3 2.216e+02 2.404e+02 175 2 4 2.775e+02 3.105e+02 306 2 3 3.401e+02 3.739e+02 315 2 1 5.701e+01 6.899e+01 111 2 2 2.407e+02 2.633e+02 210 2 1 1.779e+01 2.421e+01 60 2 2 1.972e+02 2.228e+02 238 2 2 3.551e+01 4.849e+01 120 3 1 1.041e+02 1.059e+02 17
15490 13 0 2 6.703e+02 6.737e+02 31 0 4 4.187e+02 4.213e+02 25 0 4 6.720e+02 6.720e+02 -15 0 1 3.937e+02 4.043e+02 98 0 3 6.348e+02 6.672e+02 301 0 3 4.237e+02 4.583e+02 320 0 3 4.582e+02 5.078e+02 460 0 3 5.834e+02 6.346e+02 476 2 2 3.327e+02 3.393e+02 60 2 4 4.572e+02 4.668e+02 90 2 4 3.287e+02 3.433e+02 135 2 3 3.511e+02 3.629e+02 110 2 2 3.639e+02 3.921e+02 262
15491 5 0 4 6.250e+02 6.350e+02 92 2 2 2.089e+02 2.111e+02 21 2 3 1.753e+02 2.027e+02 255 2 4 1.972e+02 2.228e+02 237 2 1 2.117e+02 2.503e+02 359
15492 3 0 1 5.651e+02 5.689e+02 36 0 3 5.562e+02 5.778e+02 200 1 1 3.845e+02 4.135e+02 270
15493 0
15494 15 0 4 5.040e+02 5.040e+02 -24 0 2 6.300e+02 6.300e+02 -9 0 2 4.993e+02 5.087e+02 88 0 4 6.267e+02 6.333e+02 61 0 1 4.761e+02 4.899e+02 129 0 3 6.359e+02 6.661e+02 280 0 4 4.944e+02 5.136e+02 178 0 1 6.332e+02 6.688e+02 331 0 3 4.684e+02 4.976e+02 270 1 2 6.211e+02 6.389e+02 165 2 3 1.050e+02 1.050e+02 -19 2 1 6.113e+01 6.487e+01 35 2 3 6.300e+01 6.300e+01 -18 2 2 7.217e+01 9.583e+01 220 2 4 7.145e+01 9.655e+01 233
15495 12 0 4 2.049e+02 2.151e+02 96 0 1 5.442e+02 5.898e+02 423 0 4 6.122e+02 6.478e+02 330 0 1 6.267e+02 6.753e+02 450 0 3 5.025e+02 5.475e+02 418 0 1 5.846e+02 6.334e+02 454 0 3 6.253e+02 6.767e+02 477 0 2 6.481e+02 6.959e+02 445 0 4 6.483e+02 6.957e+02 440 1 2 6.065e+02 6.535e+02 436 1 4 6.037e+02 6.563e+02 489 2 4 7.796e+01 9.004e+01 112
15496 0
15497 8 1 2 5.877e+02 5.883e+02 6 2 4 2.067e+02 2.133e+02 62 2 1 6.136e+01 6.464e+01 30 2 2 1.244e+02 1.276e+02 30 2 3 2.183e+02 2.437e+02 236 2 2 3.340e+01 5.060e+01 160 2 2 6.683e+01 1.012e+02 319 2 1 5.108e+01 7.492e+01 221
15498 1 3 4 6.549e+02 6.891e+02 318
15499 15 2 1 4.810e+02 4.850e+02 37 2 2 6.263e+02 6.337e+02 69 2 1 6.494e+02 6.526e+02 30 2 4 4.192e+02 4.208e+02 16 2 2 4.606e+02 4.634e+02 26 2 3 5.974e+02 6.206e+02 216 2 3 2.285e+02 2.335e+02 46 2 3 4.342e+02 4.478e+02 127 2 1 3.053e+02 3.247e+02 180 2 4 4.449e+02 4.791e+02 317 2 2 3.243e+02 3.477e+02 217 2 4 5.701e+02 6.059e+02 332 2 4 2.018e+02 2.182e+02 153 2 3 3.064e+02 3.236e+02 159 2 4 3.181e+02 3.539e+02 333
15500 5 0 3 5.881e+02 6.299e+02 389 0 4 6.040e+02 6.560e+02 482 2 3 1.452e+02 1.488e+02 34 2 3 3.884e+02 4.096e+02 196 3 2 1.575e+02 1.785e+02 195
15501 22 0 2 6.300e+02 6.300e+02 -0 0 1 6.469e+02 6.551e+02 76 0 1 1.011e+01 3.189e+01 202 0 4 6.300e+02 6.300e+02 -6 0 4 5.880e+02 5.880e+02 -22 0 3 6.429e+02 6.591e+02 150 0 2 6.156e+02 6.444e+02 268 0 2 6.635e+02 6.805e+02 157 0 1 5.927e+02 6.253e+02 302 0 4 6.606e+02 6.834e+02 211 0 3 6.348e+02 6.672e+02 300 2 3 6.300e+01 6.300e+01 -13 2 3 1.050e+02 1.050e+02 -10 2 4 1.670e+02 1.690e+02 18 2 3 3.139e+02 3.161e+02 20 2 1 6.046e+01 6.554e+01 47 2 2 1.191e+02 1.329e+02 129 2 4 7.424e+01 9.376e+01 181 2 3 1.800e+02 1.980e+02 167 2 4 2.777e+02 3.103e+02 303 2 4 2.376e+01 6.024e+01 339 2 2 6.786e+01 1.001e+02 300
15502 19 0 1 6.430e+02 6.590e+02 148 0 3 3.971e+02 4.009e+02 36 0 2 3.656e+02 3.904e+02 230 0 2 6.173e+02 6.427e+02 236 0 2 6.620e+02 6.820e+02 186 0 1 3.888e+02 4.092e+02 190 0 4 6.675e+02 6.765e+02 84 0 4 4.044e+02 4.356e+02 289 0 3 6.390e+02 6.630e+02 222 2 4 4.081e+01 4.319e+01 22 2 2 8.312e+01 8.488e+01 16 2 3 1.864e+02 1.916e+02 48 2 2 4.157e+01 4.243e+01 8 2 4 7.688e+01 9.112e+01 132 2 4 1.574e+02 1.786e+02 196 2 3 6.926e+00 3.507e+01 261 2 1 5.153e+01 7.447e+01 213 2 3 4.552e+01 8.048e+01 325 2 1 1.137e+00 4.086e+01 369
15503 36 0 2 3.747e+02 3.813e+02 62 0 1 6.497e+02 6.523e+02 25 0 3 6.194e+01 6.406e+01 20 0 2 6.249e+02 6.351e+02 95 0 4 8.388e+01 8.412e+01 2 0 3 6.472e+02 6.548e+02 70 0 1 3.504e+02 3.636e+02 123 0 4 6.244e+02 6.356e+02 105 0 1 5.216e+01 7.384e+01 201 0 2 6.705e+02 6.735e+02 28 0 4 3.685e+02 3.875e+02 176 0 3 3.784e+02 4.196e+02 382 0 2 2.972e+01 5.428e+01 228 0 4 6.667e+02 6.773e+02 98 0 2 6.599e+02 6.841e+02 225 0 4 6.564e+02 6.876e+02 290 1 2 6.292e+02 6.308e+02 16 1 4 6.184e+02 6.416e+02 216 2 2 3.343e+02 3.377e+02 31 2 1 5.218e+02 5.282e+02 60 2 1 1.936e+01 2.264e+01 30 2 4 6.244e+02 6.356e+02 104 2 4 2.902e+02 2.978e+02 71 2 2 4.972e+02 5.108e+02 126 2 3 1.195e+01 3.005e+01 168 2 4 4.946e+02 5.134e+02 174 2 3 1.342e+02 1.598e+02 237 2 3 3.130e+02 3.170e+02 38 2 4 3.210e+02 3.510e+02 279 2 4 3.255e+01 5.145e+01 176 2 4 6.778e+01 1.002e+02 301 2 4 1.561e+02 1.799e+02 221 2 3 2.994e+02 3.306e+02 289 2 3 4.910e+00 3.709e+01 299 2 3 1.727e+02 2.053e+02 302 2 1 1.228e+00 4.077e+01 367
15504 9 0 1 5.106e+02 5.394e+02 267 1 2 5.351e+02 5.569e+02 203 1 1 5.537e+02 5.803e+02 247 2 2 6.300e+02 6.300e+02 -0 2 4 3.261e+02 3.459e+02 183 2 1 3.444e+02 3.696e+02 234 2 3 3.383e+02 3.757e+02 347 2 2 3.127e+02 3.593e+02 432 3 2 6.746e+01 1.005e+02 307
15505 2 0 2 2.404e+02 2.636e+02 215 0 4 2.384e+02 2.656e+02 252
15506 10 2 3 2.025e+01 2.175e+01 14 2 3 1.461e+02 1.479e+02 16 2 2 4.586e+02 4.654e+02 64 2 2 3.605e+01 4.795e+01 110 2 1 1.431e+02 1.509e+02 73 2 3 4.762e+02 4.898e+02 126 2 4 1.112e+02 1.408e+02 275 2 4 4.482e+02 4.758e+02 257 2 2 1.503e+02 1.857e+02 329 2 1 1.003e+00 4.100e+01 371
15507 34 0 2 6.700e+02 6.740e+02 36 0 1 5.601e+02 5.739e+02 128 0 4 6.167e+02 6.433e+02 247 0 4 6.646e+02 6.794e+02 137 0 3 4.263e+02 4.557e+02 273 0 3 5.558e+02 5.782e+02 209 0 4 5.736e+02 6.024e+02 268 0 3 6.392e+02 6.628e+02 219 0 4 4.035e+02 4.365e+02 307 0 2 6.533e+02 6.907e+02 347 0 1 4.252e+02 4.568e+02 293 0 4 6.525e+02 6.915e+02 362 1 4 5.433e+02 5.487e+02 50 1 2 6.243e+02 6.357e+02 106 1 2 6.106e+02 6.494e+02 360 1 1 5.840e+02 6.340e+02 464 2 3 1.357e+01 2.843e+01 138 2 2 1.243e+02 1.277e+02 31 2 4 1.615e+02 1.745e+02 120 2 2 3.412e+01 4.988e+01 146 2 4 1.160e+02 1.360e+02 186 2 3 1.770e+02 2.010e+02 223 2 1 1.258e+01 2.942e+01 156 2 3 8.635e+01 1.237e+02 346 2 1 1.362e+02 1.578e+02 200 2 2 1.873e+02 2.327e+02 421 2 4 2.882e+01 5.518e+01 245 2 2 1.101e+02 1.419e+02 295 2 1 1.712e+02 2.068e+02 330 2 1 -1.151e+00 4.315e+01 411 2 1 1.246e+02 1.694e+02 416 2 3 4.099e+00 3.790e+01 314 2 3 1.304e+02 1.636e+02 308 2 2 1.922e+01 6.478e+01 423
15508 16 0 4 3.312e+02 3.408e+02 90 0 4 3.250e+02 3.470e+02 204 0 3 6.467e+02 6.553e+02 80 0 2 6.670e+02 6.770e+02 92 0 1 6.355e+02 6.665e+02 287 2 1 2.720e+02 2.740e+02 18 2 2 2.436e+02 2.604e+02 156 2 4 2.927e+02 2.953e+02 24 2 2 7.293e+01 9.507e+01 206 2 4 2.479e+02 2.561e+02 76 2 1 3.095e+02 3.205e+02 103 2 4 7.706e+01 9.094e+01 129 2 2 2.832e+02 3.048e+02 201 2 3 9.447e+01 1.155e+02 196 2 3 3.013e+02 3.287e+02 254 2 3 2.562e+02 2.898e+02 311
15509 9 2 4 1.661e+02 1.699e+02 36 2 4 7.643e+01 9.157e+01 140 2 4 5.863e+02 5.897e+02 31 2 3 3.026e+02 3.274e+02 230 2 4 3.412e+01 4.988e+01 146 2 4 4.869e+02 5.211e+02 317 2 3 9.546e+01 1.145e+02 177 2 3 5.483e+02 5.857e+02 347 2 2 6.979e+01 9.821e+01 264
15510 45 0 4 6.300e+02 6.300e+02 -4 0 2 3.780e+02 3.780e+02 -18 0 2 6.276e+02 6.324e+02 45 0 4 6.641e+02 6.799e+02 146 0 1 5.943e+02 6.237e+02 272 0 1 6.443e+02 6.577e+02 125 0 3 5.918e+02 6.262e+02 320 0 3 6.419e+02 6.601e+02 169 0 2 6.614e+02 6.826e+02 197 0 2 6.562e+02 6.878e+02 294 1 3 6.054e+02 6.126e+02 67 1 2 4.960e+02 5.120e+02 149 1 2 5.794e+02 5.966e+02 160 1 4 6.230e+02 6.370e+02 130 2 3 2.100e+01 2.100e+01 -3 2 3 1.045e+02 1.055e+02 10 2 4 6.704e+02 6.736e+02 29 2 3 1.468e+02 1.472e+02 4 2 1 3.954e+02 4.026e+02 67 2 2 2.449e+02 2.591e+02 132 2 3 2.714e+02 2.746e+02 30 2 2 6.126e+02 6.474e+02 323 2 1 1.878e+01 2.322e+01 41 2 2 6.562e+02 6.878e+02 294 2 4 1.232e+02 1.288e+02 52 2 2 1.679e+02 1.681e+02 1 2 3 2.203e+02 2.417e+02 199 2 4 2.893e+02 2.987e+02 87 2 3 3.449e+02 3.691e+02 225 2 2 3.461e+01 4.939e+01 137 2 2 8.128e+01 8.672e+01 50 2 1 1.837e+02 1.943e+02 99 2 1 2.151e+02 2.469e+02 295 2 4 2.757e+02 3.123e+02 340 2 4 3.630e+02 3.930e+02 278 2 1 5.063e+01 7.537e+01 230 2 4 7.967e+01 8.833e+01 80 2 1 1.376e+02 1.564e+02 174 2 2 1.153e+02 1.367e+02 198 2 4 1.603e+02 1.757e+02 144 2 4 1.148e+02 1.372e+02 209 2 4 1.534e+02 1.826e+02 271 2 4 7.020e+01 9.780e+01 256 2 3 8.815e+01 1.219e+02 313 3 1 1.092e+01 3.108e+01 187
15512 4 2 2 3.360e+02 3.360e+02 -4 2 4 3.257e+02 3.463e+02 191 2 3 3.028e+02 3.272e+02 227 2 1 3.483e+02 3.657e+02 161
15513 0
15515 9 0 4 2.908e+02 2.972e+02 60 0 3 2.667e+02 2.793e+02 117 0 1 6.457e+02 6.563e+02 98 0 3 6.445e+02 6.575e+02 120 0 4 5.809e+02 5.951e+02 131 0 3 6.032e+02 6.148e+02 108 0 2 6.210e+02 6.390e+02 166 1 4 6.243e+02 6.357e+02 106 2 3 2.043e+01 2.157e+01 10
15517 0
15519 0
15520 12 0 4 6.686e+02 6.754e+02 63 0 2 6.666e+02 6.774e+02 100 0 1 6.364e+02 6.656e+02 271 0 3 6.339e+02 6.681e+02 318 1 4 5.030e+02 5.050e+02 18 2 2 1.655e+02 1.705e+02 46 2 4 8.227e+01 8.573e+01 32 2 3 1.852e+02 1.928e+02 70 2 3 9.403e+01 1.160e+02 204 2 4 1.927e+02 2.273e+02 320 2 2 7.069e+01 9.731e+01 247 2 2 1.916e+02 2.284e+02 342
15521 0
15524 3 1 1 5.670e+02 5.670e+02 -10 1 3 2.679e+02 2.781e+02 95 1 4 2.373e+02 2.667e+02 272
15527 1 0 4 6.297e+02 6.303e+02 6
15528 68 0 2 3.356e+02 3.364e+02 8 0 4 4.599e+02 4.641e+02 40 0 1 1.452e+02 1.488e+02 33 0 1 5.242e+02 5.258e+02 15 0 2 2.506e+02 2.534e+02 26 0 4 5.875e+02 5.885e+02 10 0 2 1.594e+02 1.766e+02 160 0 3 4.779e+02 4.881e+02 96 0 4 1.577e+02 1.783e+02 190 0 1 5.632e+02 5.708e+02 70 0 1 2.144e+02 2.476e+02 308 0 1 6.051e+02 6.129e+02 72 0 3 2.598e+02 2.862e+02 245 0 3 6.430e+02 6.590e+02 149 0 1 2.983e+02 3.317e+02 310 0 2 4.495e+02 4.745e+02 233 0 3 5.586e+02 5.754e+02 156 0 4 6.266e+02 6.334e+02 63 0 3 6.319e+02 6.701e+02 355 0 2 4.873e+02 5.207e+02 310 0 3 5.169e+02 5.331e+02 150 0 3 5.990e+02 6.190e+02 186 0 2 5.310e+02 5.610e+02 279 0 2 6.175e+02 6.425e+02 232 0 1 5.947e+02 6.233e+02 265 1 1 6.087e+02 6.093e+02 6 1 4 5.004e+02 5.076e+02 67 1 2 6.289e+02 6.311e+02 20 1 1 5.234e+02 5.266e+02 30 1 4 6.281e+02 6.319e+02 36 1 2 5.681e+02 6.079e+02 369 1 4 5.690e+02 6.070e+02 353 2 3 1.018e+02 1.082e+02 60 2 4 5.879e+02 5.881e+02 2 2 4 1.658e+02 1.702e+02 40 2 1 3.966e+02 4.014e+02 44 2 2 2.925e+02 2.955e+02 28 2 1 6.049e+02 6.131e+02 76 2 2 3.753e+02 3.807e+02 50 2 3 3.978e+02 4.002e+02 22 2 1 1.886e+02 1.894e+02 7 2 3 5.548e+02 5.792e+02 227 2 1 2.280e+02 2.340e+02 56 2 3 6.002e+02 6.178e+02 164 2 1 2.707e+02 2.753e+02 43 2 2 4.127e+02 4.273e+02 136 2 4 3.700e+02 3.860e+02 149 2 3 5.492e+02 5.848e+02 330 2 3 5.301e+01 7.299e+01 186 2 2 6.187e+02 6.413e+02 210 2 2 7.486e+01 9.314e+01 170 2 1 4.255e+02 4.565e+02 287 2 3 1.866e+02 1.914e+02 45 2 4 5.746e+02 6.014e+02 249 2 4 2.396e+02 2.644e+02 230 2 4 6.155e+02 6.445e+02 269 2 3 2.712e+02 2.748e+02 33 2 4 3.212e+02 3.508e+02 276 2 4 7.316e+01 9.484e+01 201 2 3 1.748e+02 2.032e+02 263 2 2 1.966e+02 2.234e+02 249 2 1 3.029e+02 3.271e+02 226 2 3 3.431e+02 3.709e+02 259 2 2 1.080e+02 1.440e+02 335 2 2 1.539e+02 1.821e+02 262 2 4 2.004e+02 2.196e+02 179 2 2 2.802e+02 3.078e+02 257 2 3 2.145e+02 2.475e+02 307
