56899 0
56900 7 2 4 5.433e+02 5.487e+02 50 2 2 6.707e+02 6.733e+02 25 2 3 5.649e+02 5.691e+02 39 2 2 5.813e+02 5.947e+02 125 2 3 6.407e+02 6.613e+02 191 2 4 6.104e+02 6.496e+02 365 2 4 6.529e+02 6.911e+02 356
56901 2 0 2 6.635e+02 6.805e+02 157 0 4 6.615e+02 6.825e+02 196
56902 17 0 4 3.707e+02 3.853e+02 135 1 4 6.138e+02 6.462e+02 301 2 2 2.030e+02 2.170e+02 130 2 3 6.435e+02 6.585e+02 139 2 1 2.207e+02 2.413e+02 191 2 2 6.622e+02 6.818e+02 182 2 1 2.518e+02 2.942e+02 393 2 3 1.682e+02 2.098e+02 386 2 1 6.376e+02 6.644e+02 250 2 1 2.120e+02 2.500e+02 352 2 4 6.556e+02 6.884e+02 304 2 4 1.913e+02 2.287e+02 348 2 1 2.045e+02 2.575e+02 491 3 2 5.024e+02 5.056e+02 30 3 1 4.408e+02 4.412e+02 4 3 2 4.151e+02 4.249e+02 91 3 4 4.053e+02 4.347e+02 274
56903 2 3 2 4.986e+02 5.094e+02 100 3 1 4.692e+02 4.968e+02 256
56904 3 0 4 1.484e+02 1.876e+02 364 0 2 6.547e+02 6.893e+02 320 0 4 6.555e+02 6.885e+02 307
56905 0
56906 0
56907 3 0 3 4.187e+02 4.633e+02 414 0 4 4.355e+02 4.885e+02 493 2 4 1.953e+02 2.247e+02 274
56909 0
56910 2 1 1 2.696e+02 2.764e+02 63 3 1 3.467e+02 3.673e+02 191
56911 2 0 1 5.621e+02 5.719e+02 90 0 1 5.491e+02 5.849e+02 332
56912 14 2 4 6.717e+02 6.723e+02 6 2 2 4.934e+02 5.146e+02 197 2 1 5.160e+02 5.340e+02 168 2 3 6.404e+02 6.616e+02 196 2 4 4.949e+02 5.131e+02 169 2 3 5.150e+02 5.350e+02 186 3 3 3.961e+02 4.019e+02 54 3 3 4.409e+02 4.411e+02 1 3 2 4.195e+02 4.205e+02 10 3 4 4.189e+02 4.211e+02 20 3 1 4.375e+02 4.445e+02 66 3 4 4.057e+02 4.343e+02 265 3 2 4.448e+02 4.792e+02 320 3 4 4.478e+02 4.762e+02 263
56913 0
56914 22 0 1 2.583e+02 2.877e+02 273 0 4 6.660e+02 6.780e+02 111 0 4 2.761e+02 3.119e+02 332 0 1 4.654e+02 5.006e+02 327 0 1 5.943e+02 6.237e+02 273 0 2 2.697e+02 3.183e+02 452 0 1 6.362e+02 6.658e+02 276 0 4 4.879e+02 5.201e+02 299 0 1 5.033e+02 5.467e+02 403 0 3 5.940e+02 6.240e+02 278 0 3 6.342e+02 6.678e+02 311 0 3 4.568e+02 5.092e+02 486 0 2 5.245e+02 5.675e+02 400 0 2 6.569e+02 6.871e+02 280 0 2 4.800e+02 5.280e+02 446 0 4 6.582e+02 6.858e+02 256 2 4 4.569e+02 4.671e+02 96 2 1 4.758e+01 7.842e+01 286 2 4 2.746e+02 3.134e+02 360 2 3 4.377e+01 8.223e+01 357 2 1 1.814e+00 4.019e+01 356 2 4 1.824e+01 6.576e+01 441
56915 0
56917 15 0 2 4.968e+02 5.112e+02 134 0 3 5.179e+02 5.321e+02 132 0 4 4.854e+02 5.226e+02 346 0 1 5.057e+02 5.443e+02 358 1 1 5.637e+02 5.703e+02 62 1 2 5.297e+02 5.623e+02 302 2 3 3.550e+02 3.590e+02 36 2 2 1.253e+02 1.267e+02 12 2 2 3.250e+02 3.470e+02 204 2 4 1.186e+02 1.334e+02 137 2 1 1.342e+02 1.598e+02 237 2 1 2.952e+02 3.348e+02 368 2 1 3.431e+02 3.709e+02 258 2 3 8.882e+01 1.212e+02 300 2 4 3.602e+02 3.958e+02 331
56918 0
56919 18 0 4 8.400e+01 8.400e+01 -1 0 4 5.033e+02 5.047e+02 13 0 3 5.059e+01 7.541e+01 230 0 4 6.208e+02 6.392e+02 171 0 3 6.412e+02 6.608e+02 182 1 1 5.644e+02 5.696e+02 49 1 3 6.074e+02 6.106e+02 30 1 4 5.822e+02 5.938e+02 107 1 3 6.007e+02 6.173e+02 154 1 2 5.742e+02 6.018e+02 256 1 4 6.143e+02 6.457e+02 292 1 3 5.528e+02 5.812e+02 264 1 3 5.908e+02 6.272e+02 337 2 4 3.780e+01 4.620e+01 78 2 2 1.223e+02 1.297e+02 68 2 3 6.300e+00 3.570e+01 273 2 4 1.180e+02 1.340e+02 148 2 1 1.299e+02 1.641e+02 317
56920 23 0 3 6.013e+02 6.167e+02 144 0 2 3.698e+02 3.862e+02 152 0 4 6.207e+02 6.393e+02 172 0 4 3.750e+02 3.810e+02 56 0 1 5.908e+02 6.272e+02 339 0 1 3.455e+02 3.685e+02 213 0 2 6.104e+02 6.496e+02 364 2 4 3.345e+02 3.375e+02 27 2 2 4.172e+02 4.228e+02 52 2 3 2.026e+01 2.174e+01 14 2 2 4.612e+02 4.628e+02 16 2 4 1.680e+02 1.680e+02 -2 2 1 4.755e+02 4.905e+02 140 2 3 3.533e+02 3.607e+02 69 2 3 3.884e+02 4.096e+02 196 2 2 7.926e+01 8.874e+01 88 2 2 4.066e+02 4.334e+02 249 2 1 1.838e+02 1.942e+02 96 2 4 3.757e+02 3.803e+02 43 2 3 9.017e+01 1.198e+02 276 2 3 1.778e+02 2.002e+02 209 2 2 3.627e+02 3.933e+02 284 2 2 1.489e+02 1.871e+02 355
56921 4 0 4 5.880e+02 5.880e+02 -9 0 1 6.090e+02 6.090e+02 -4 0 3 6.501e+02 6.519e+02 16 2 3 2.100e+01 2.100e+01 -17
56922 0
56923 2 0 4 4.072e+02 4.328e+02 238 0 3 3.875e+02 4.105e+02 214
56924 0
56925 11 0 3 5.656e+02 5.684e+02 26 0 4 6.152e+02 6.448e+02 276 0 1 5.534e+02 5.806e+02 253 0 3 4.471e+01 8.129e+01 340 0 2 6.121e+02 6.479e+02 332 0 3 7.864e+01 1.314e+02 490 0 2 5.332e+02 5.588e+02 238 0 1 5.829e+02 6.351e+02 485 2 3 1.833e+01 2.367e+01 50 2 4 1.113e+02 1.407e+02 274 2 3 1.289e+02 1.651e+02 336
56926 17 0 3 4.808e+02 4.852e+02 41 0 3 5.250e+02 5.250e+02 -5 0 4 5.873e+02 5.887e+02 12 0 4 4.984e+02 5.096e+02 105 0 1 5.550e+02 5.790e+02 223 0 3 5.507e+02 5.833e+02 303 1 4 6.127e+02 6.473e+02 321 2 4 2.520e+02 2.520e+02 -13 2 4 4.593e+02 4.647e+02 50 2 2 2.455e+02 2.585e+02 121 2 2 4.962e+02 5.118e+02 146 2 1 2.680e+02 2.780e+02 93 2 2 4.121e+01 4.279e+01 15 2 4 4.009e+01 4.391e+01 36 2 3 2.567e+02 2.893e+02 303 2 1 7.555e+00 3.444e+01 250 2 3 4.685e+00 3.732e+01 303
56927 10 0 3 5.209e+02 5.291e+02 76 0 4 6.205e+02 6.395e+02 176 0 1 6.413e+02 6.607e+02 180 0 1 4.289e+02 4.531e+02 224 0 3 6.370e+02 6.650e+02 260 2 4 3.829e+01 4.571e+01 69 2 1 5.826e+01 6.774e+01 88 2 3 5.696e+01 6.904e+01 112 2 2 3.103e+01 5.297e+01 204 2 4 2.986e+01 5.414e+01 226
56928 0
