59678 6 0 4 3.768e+02 3.792e+02 22 2 4 5.880e+02 5.880e+02 -7 2 2 6.246e+02 6.354e+02 100 2 1 5.976e+02 6.204e+02 211 2 3 5.988e+02 6.192e+02 189 2 2 5.712e+02 6.048e+02 312
59679 0
59680 8 0 4 1.680e+02 1.680e+02 -7 0 4 2.100e+02 2.100e+02 -10 0 4 1.500e+02 1.860e+02 334 0 4 1.911e+02 2.289e+02 351 2 4 3.780e+01 4.620e+01 78 2 1 1.680e+01 2.520e+01 78 2 2 3.215e+01 5.185e+01 183 2 3 9.127e+00 3.287e+01 220
59681 6 0 4 6.522e+02 6.918e+02 367 2 4 3.776e+02 3.784e+02 7 2 1 3.965e+02 4.015e+02 46 2 2 3.653e+02 3.907e+02 236 2 3 3.837e+02 4.143e+02 285 2 4 3.656e+02 3.904e+02 230
59682 3 0 4 3.966e+02 4.434e+02 434 2 3 4.352e+02 4.468e+02 107 2 2 1.961e+02 2.239e+02 259
59683 3 0 4 4.035e+02 4.365e+02 307 0 3 5.501e+02 5.839e+02 314 3 4 4.135e+02 4.265e+02 121
59684 8 2 3 3.941e+02 4.039e+02 90 2 2 4.120e+02 4.280e+02 148 2 3 9.030e+01 1.197e+02 273 2 4 3.588e+02 3.972e+02 356 2 1 3.824e+02 4.156e+02 308 2 4 5.947e+01 1.085e+02 456 2 2 1.012e+02 1.508e+02 460 3 1 1.482e+01 2.718e+01 115
59685 14 1 1 5.523e+02 5.817e+02 272 2 4 6.291e+02 6.309e+02 17 2 2 3.355e+02 3.365e+02 10 2 1 6.493e+02 6.527e+02 32 2 3 3.079e+02 3.221e+02 131 2 4 6.682e+02 6.758e+02 70 2 1 3.529e+02 3.611e+02 76 2 3 3.949e+02 4.031e+02 76 2 4 2.837e+02 3.043e+02 191 2 2 6.186e+02 6.414e+02 211 2 4 3.621e+02 3.939e+02 296 2 3 6.455e+02 6.565e+02 102 2 4 2.776e+02 3.104e+02 304 2 1 3.397e+02 3.743e+02 321
59686 20 0 4 5.679e+02 6.081e+02 374 0 1 6.261e+02 6.759e+02 462 0 2 4.812e+02 5.268e+02 423 0 3 5.420e+02 5.920e+02 464 0 2 6.110e+02 6.490e+02 353 0 3 6.282e+02 6.738e+02 423 0 4 4.845e+02 5.235e+02 362 1 3 6.079e+02 6.101e+02 20 1 4 6.118e+02 6.482e+02 338 1 4 5.685e+02 6.075e+02 363 2 3 1.990e+01 2.210e+01 20 2 2 3.964e+01 4.436e+01 44 2 4 1.242e+02 1.278e+02 34 2 1 1.432e+02 1.508e+02 70 2 2 2.936e+01 5.464e+01 235 2 2 1.156e+02 1.364e+02 193 2 3 1.312e+02 1.628e+02 293 2 2 2.209e+01 6.191e+01 370 3 1 1.707e+01 2.493e+01 73 3 1 6.154e+01 6.446e+01 27
59687 13 0 2 5.460e+02 5.460e+02 -0 0 3 5.547e+02 5.793e+02 229 0 1 5.091e+02 5.409e+02 295 1 3 6.090e+02 6.090e+02 0 1 2 5.865e+02 5.895e+02 27 1 4 5.728e+02 6.032e+02 282 2 2 4.040e+01 4.360e+01 30 2 4 2.486e+02 2.554e+02 63 2 4 2.913e+02 2.967e+02 50 2 3 1.110e+01 3.090e+01 184 2 4 3.287e+01 5.113e+01 170 2 4 2.760e+02 3.120e+02 335 2 1 4.767e+01 7.833e+01 285
59688 6 0 2 1.163e+02 1.357e+02 180 2 3 3.538e+02 3.602e+02 60 2 4 1.571e+02 1.789e+02 203 2 4 3.706e+02 3.854e+02 138 2 3 1.309e+02 1.631e+02 299 2 3 3.408e+02 3.732e+02 300
59689 5 1 1 5.530e+02 5.810e+02 260 2 4 3.390e+01 5.010e+01 150 2 3 5.467e+01 7.133e+01 155 2 2 2.573e+01 5.827e+01 302 2 2 1.033e+02 1.487e+02 422
59690 0
59691 4 2 3 5.640e+02 5.700e+02 56 2 2 5.348e+02 5.572e+02 208 2 1 5.512e+02 5.828e+02 293 2 4 5.685e+02 6.075e+02 362
59692 4 0 1 6.510e+02 6.510e+02 -15 0 4 6.656e+02 6.784e+02 119 0 3 6.415e+02 6.605e+02 176 0 2 6.639e+02 6.801e+02 150
59693 15 0 2 6.685e+02 6.755e+02 66 0 4 7.334e+01 9.466e+01 198 0 3 1.817e+02 1.963e+02 136 0 4 6.670e+02 6.770e+02 92 0 4 2.730e+01 5.670e+01 273 1 2 5.430e+02 5.490e+02 56 1 2 6.282e+02 6.318e+02 34 1 2 5.855e+02 5.905e+02 46 2 3 1.008e+02 1.092e+02 78 2 3 2.711e+02 2.749e+02 36 2 3 3.536e+02 3.604e+02 64 2 4 7.347e+01 9.453e+01 196 2 4 2.404e+02 2.636e+02 216 2 4 3.752e+02 3.808e+02 51 2 2 1.137e+02 1.383e+02 228
59694 0
59695 0
59696 58 0 2 6.720e+02 6.720e+02 -2 0 1 3.917e+02 4.063e+02 135 0 4 2.889e+02 2.991e+02 96 0 4 5.025e+02 5.055e+02 27 0 2 5.399e+02 5.521e+02 113 0 2 3.626e+02 3.934e+02 286 0 1 5.978e+02 6.202e+02 209 0 4 6.714e+02 6.726e+02 10 0 3 3.964e+02 4.016e+02 48 0 2 4.608e+02 4.632e+02 22 0 1 5.158e+02 5.342e+02 170 0 3 5.997e+02 6.183e+02 172 0 1 6.481e+02 6.539e+02 54 0 1 4.218e+02 4.602e+02 356 0 3 4.728e+02 4.932e+02 190 0 3 5.073e+02 5.427e+02 329 0 2 6.187e+02 6.413e+02 210 0 3 6.459e+02 6.561e+02 94 0 4 3.945e+02 4.455e+02 473 0 4 4.475e+02 4.765e+02 270 0 4 6.220e+02 6.380e+02 149 0 3 6.321e+02 6.699e+02 351 1 3 5.654e+02 5.686e+02 29 1 3 6.081e+02 6.099e+02 17 1 1 5.199e+02 5.301e+02 95 1 2 6.283e+02 6.317e+02 31 1 2 5.368e+02 5.552e+02 171 1 1 6.039e+02 6.141e+02 94 1 3 5.057e+02 5.443e+02 358 1 1 5.501e+02 5.839e+02 314 1 4 6.196e+02 6.404e+02 193 1 2 5.693e+02 6.067e+02 347 1 1 5.981e+02 6.199e+02 202 1 2 6.178e+02 6.422e+02 226 2 1 2.307e+02 2.313e+02 5 2 3 1.559e+01 2.641e+01 100 2 4 5.416e+02 5.504e+02 81 2 4 1.246e+02 1.274e+02 26 2 4 6.675e+02 6.765e+02 84 2 3 1.870e+02 1.910e+02 37 2 4 4.142e+02 4.258e+02 108 2 2 2.049e+02 2.151e+02 96 2 4 4.500e+02 4.740e+02 222 2 1 2.663e+02 2.797e+02 124 2 4 5.299e+02 5.621e+02 299 2 4 1.660e+02 1.700e+02 38 2 4 5.772e+02 5.988e+02 200 2 4 2.465e+02 2.575e+02 101 2 3 5.088e+02 5.412e+02 300 2 1 6.391e+00 3.561e+01 271 2 4 6.522e+02 6.918e+02 368 2 2 1.069e+02 1.451e+02 355 2 1 1.800e+02 1.980e+02 168 2 1 2.201e+02 2.419e+02 202 2 1 1.410e+02 1.530e+02 111 2 3 1.388e+02 1.552e+02 152 2 4 1.550e+02 1.810e+02 242 3 1 2.075e+01 2.125e+01 5
59697 12 0 3 5.604e+02 5.736e+02 123 2 1 6.485e+02 6.535e+02 46 2 2 6.183e+02 6.417e+02 216 2 4 7.814e+01 8.986e+01 109 2 4 2.902e+02 2.978e+02 71 2 4 1.968e+02 2.232e+02 246 3 4 4.144e+02 4.256e+02 105 3 4 5.024e+02 5.056e+02 30 3 3 3.887e+02 4.093e+02 191 3 1 5.233e+02 5.267e+02 31 3 3 4.776e+02 4.884e+02 100 3 3 5.156e+02 5.344e+02 175
59698 12 0 3 5.991e+02 6.189e+02 184 0 4 5.754e+02 6.006e+02 235 0 1 5.958e+02 6.222e+02 245 1 4 6.189e+02 6.411e+02 206 2 2 5.833e+02 5.927e+02 88 2 3 2.180e+02 2.440e+02 242 2 3 5.567e+02 5.773e+02 192 2 4 2.250e+01 6.150e+01 362 2 4 5.332e+02 5.588e+02 238 2 4 2.325e+02 2.715e+02 363 2 3 4.704e+01 7.896e+01 296 2 4 1.908e+02 2.292e+02 356
59699 6 2 3 1.178e+01 3.022e+01 171 2 3 6.034e+02 6.146e+02 105 2 4 1.200e+02 1.320e+02 112 2 4 4.940e+02 5.140e+02 186 2 3 5.955e+02 6.225e+02 250 3 4 4.063e+01 4.337e+01 26
59700 1 2 1 2.443e+00 3.956e+01 345
59701 0
59702 1 1 1 1.913e+01 2.287e+01 35
59703 0
59704 6 0 3 6.321e+02 6.699e+02 351 2 3 2.608e+02 2.852e+02 226 2 1 4.852e+01 7.748e+01 269 2 3 5.121e+01 7.479e+01 219 2 2 5.848e+01 1.095e+02 474 3 4 4.585e+02 4.655e+02 66
59705 24 0 1 6.088e+02 6.092e+02 3 0 3 3.924e+02 4.056e+02 122 0 1 5.213e+02 5.287e+02 68 0 3 6.070e+02 6.110e+02 37 0 3 5.155e+02 5.345e+02 176 0 4 6.272e+02 6.328e+02 52 0 2 5.341e+02 5.579e+02 220 0 2 6.240e+02 6.360e+02 110 0 4 6.155e+02 6.445e+02 269 0 1 5.975e+02 6.205e+02 214 0 3 5.952e+02 6.228e+02 256 0 2 6.115e+02 6.485e+02 344 1 2 6.262e+02 6.338e+02 71 1 1 5.129e+02 5.371e+02 224 2 3 1.003e+02 1.097e+02 87 2 4 2.457e+02 2.583e+02 117 2 4 3.385e+01 5.015e+01 151 2 4 7.495e+01 9.305e+01 168 2 3 2.631e+02 2.829e+02 184 2 1 5.526e+01 7.074e+01 144 2 2 6.616e+01 1.018e+02 331 2 1 1.218e+01 2.982e+01 164 2 3 1.173e+01 3.027e+01 172 2 2 3.336e+01 5.064e+01 160
59706 4 0 1 6.057e+02 6.123e+02 61 0 3 6.021e+02 6.159e+02 129 0 4 6.187e+02 6.413e+02 210 2 4 4.601e+02 4.639e+02 35
59707 4 0 3 2.083e+02 2.537e+02 421 2 3 9.272e+01 1.173e+02 228 2 2 1.079e+02 1.441e+02 336 2 4 1.056e+02 1.464e+02 380
59708 0
59709 24 0 4 5.877e+02 5.883e+02 6 0 3 6.489e+02 6.531e+02 39 0 1 6.077e+02 6.103e+02 25 0 2 6.661e+02 6.779e+02 110 0 2 4.478e+02 4.762e+02 263 0 4 5.754e+02 6.006e+02 235 0 4 6.684e+02 6.756e+02 66 0 3 5.969e+02 6.211e+02 225 0 1 6.456e+02 6.564e+02 100 0 4 6.580e+02 6.860e+02 260 1 3 5.631e+02 5.709e+02 72 1 4 5.846e+02 5.914e+02 63 1 3 5.963e+02 6.217e+02 236 1 1 5.908e+02 6.272e+02 338 2 4 3.713e+01 4.687e+01 90 2 4 1.662e+02 1.698e+02 33 2 4 2.824e+02 3.056e+02 216 2 3 5.283e+01 7.317e+01 189 2 2 1.239e+02 1.281e+02 40 2 1 1.870e+02 1.910e+02 37 2 4 7.109e+01 9.691e+01 240 2 3 1.437e+02 1.503e+02 61 2 2 1.589e+02 1.771e+02 170 2 3 1.763e+02 2.017e+02 236
