49610 12 0 4 4.905e+02 5.175e+02 250 0 3 5.147e+02 5.353e+02 190 1 1 3.130e+02 3.170e+02 37 1 1 2.048e+01 2.152e+01 10 2 3 9.753e+01 1.125e+02 139 2 4 7.468e+01 9.332e+01 173 2 2 6.867e+01 9.933e+01 285 3 4 5.868e+02 5.892e+02 23 3 1 6.057e+02 6.123e+02 60 3 2 5.774e+02 5.986e+02 197 3 3 6.324e+02 6.696e+02 346 3 3 5.924e+02 6.256e+02 308
49611 15 0 2 6.274e+02 6.326e+02 49 0 4 4.195e+02 4.205e+02 10 2 2 2.515e+02 2.525e+02 10 2 4 8.155e+01 8.645e+01 46 2 3 1.890e+02 1.890e+02 -19 2 3 2.270e+02 2.350e+02 74 2 1 2.668e+02 2.792e+02 116 2 3 9.443e+01 1.156e+02 196 2 4 1.660e+02 1.700e+02 38 2 1 1.356e+02 1.584e+02 212 2 2 1.960e+02 2.240e+02 260 2 2 1.062e+02 1.458e+02 368 2 3 1.402e+02 1.538e+02 127 2 2 1.531e+02 1.829e+02 276 2 1 1.759e+02 2.021e+02 244
49613 9 0 3 6.057e+02 6.123e+02 62 0 1 6.037e+02 6.143e+02 98 0 3 5.976e+02 6.204e+02 211 0 4 5.752e+02 6.008e+02 237 2 1 1.887e+01 2.313e+01 40 2 3 1.828e+01 2.372e+01 50 2 2 2.860e+01 5.540e+01 249 2 4 2.488e+01 5.912e+01 318 2 1 6.525e+00 3.547e+01 269
49615 2 0 4 4.460e+02 4.780e+02 298 2 4 1.099e+02 1.421e+02 300
49618 1 0 1 6.488e+02 6.532e+02 41
49619 2 1 2 1.084e+02 1.436e+02 327 1 1 1.624e+02 2.156e+02 494
49621 56 0 2 6.299e+02 6.301e+02 2 0 1 6.499e+02 6.521e+02 20 0 2 2.487e+02 2.553e+02 61 0 1 4.769e+02 4.891e+02 113 0 4 2.421e+02 2.619e+02 183 0 2 5.405e+02 5.515e+02 101 0 2 2.849e+02 3.031e+02 169 0 4 6.280e+02 6.320e+02 38 0 4 3.176e+02 3.544e+02 342 0 3 6.500e+02 6.520e+02 18 0 1 2.134e+02 2.486e+02 327 0 4 4.131e+02 4.269e+02 128 0 1 3.032e+02 3.268e+02 220 0 4 4.938e+02 5.142e+02 189 0 3 2.589e+02 2.871e+02 261 0 1 6.083e+02 6.097e+02 14 0 2 6.697e+02 6.743e+02 43 0 1 3.938e+02 4.042e+02 96 0 3 4.748e+02 4.912e+02 153 0 3 5.528e+02 5.812e+02 263 0 3 6.049e+02 6.131e+02 76 0 4 6.713e+02 6.727e+02 12 0 1 4.308e+02 4.512e+02 189 0 2 4.933e+02 5.147e+02 199 0 1 5.491e+02 5.849e+02 332 0 4 6.144e+02 6.456e+02 290 0 3 4.256e+02 4.564e+02 286 1 1 6.069e+02 6.111e+02 40 1 3 6.076e+02 6.104e+02 26 1 2 5.742e+02 6.018e+02 257 1 2 6.281e+02 6.319e+02 36 1 4 5.684e+02 6.076e+02 364 1 4 6.281e+02 6.319e+02 36 2 3 4.824e+02 4.836e+02 11 2 2 3.350e+02 3.370e+02 19 2 2 8.334e+01 8.466e+01 12 2 1 5.233e+02 5.267e+02 32 2 4 2.084e+02 2.116e+02 29 2 2 4.934e+02 5.146e+02 196 2 2 2.921e+02 2.959e+02 36 2 1 3.554e+02 3.586e+02 30 2 4 4.505e+02 4.735e+02 213 2 2 2.501e+02 2.539e+02 35 2 3 3.121e+02 3.179e+02 54 2 4 3.182e+02 3.538e+02 330 2 1 5.629e+01 6.971e+01 125 2 2 6.849e+01 9.951e+01 288 2 3 2.191e+02 2.429e+02 221 2 3 2.695e+02 2.765e+02 65 2 3 5.270e+01 7.330e+01 191 2 2 1.092e+02 1.428e+02 312 2 4 2.389e+02 2.651e+02 243 2 4 2.886e+02 2.994e+02 100 2 4 2.492e+01 5.908e+01 317 2 2 2.353e+02 2.687e+02 310 2 1 3.006e+02 3.294e+02 267
49623 11 0 2 5.434e+02 5.486e+02 49 0 1 6.504e+02 6.516e+02 11 0 4 5.820e+02 5.940e+02 111 0 3 6.471e+02 6.549e+02 72 0 1 5.094e+02 5.406e+02 290 0 2 6.544e+02 6.896e+02 327 0 4 6.583e+02 6.857e+02 255 1 2 6.079e+02 6.521e+02 410 2 3 1.460e+02 1.480e+02 18 2 1 1.397e+02 1.543e+02 136 2 2 1.504e+02 1.856e+02 326
49624 2 1 1 2.200e+02 2.420e+02 204 1 4 5.674e+02 6.086e+02 382
49625 1 0 1 4.348e+02 4.472e+02 116
49627 9 2 4 6.695e+02 6.745e+02 46 2 1 5.239e+02 5.261e+02 20 3 1 3.974e+02 4.006e+02 30 3 2 4.143e+02 4.257e+02 106 3 3 5.179e+02 5.321e+02 131 3 3 3.971e+02 4.009e+02 35 3 1 4.320e+02 4.500e+02 166 3 2 3.648e+02 3.912e+02 246 3 4 4.056e+02 4.344e+02 268
49628 2 0 2 6.672e+02 6.768e+02 90 0 4 6.594e+02 6.846e+02 234
49630 3 2 3 1.415e+01 2.785e+01 127 2 2 2.443e+01 5.957e+01 326 2 1 1.632e+00 4.037e+01 360
49632 7 0 4 1.654e+02 1.706e+02 48 0 3 5.573e+02 5.767e+02 180 0 3 5.470e+02 5.870e+02 370 2 2 3.825e+01 4.575e+01 70 2 4 3.677e+01 4.723e+01 97 2 3 1.388e+01 2.812e+01 132 2 3 1.767e+00 4.023e+01 357
49633 1 1 2 6.145e+02 6.455e+02 288
49634 0
49635 12 0 1 5.660e+02 5.680e+02 19 0 3 5.637e+02 5.703e+02 60 0 4 5.741e+02 6.019e+02 258 1 2 1.146e+02 1.374e+02 212 1 4 2.399e+02 2.641e+02 225 2 3 3.093e+02 3.207e+02 106 2 2 3.283e+02 3.437e+02 144 2 4 3.982e+01 4.418e+01 40 2 3 1.406e+02 1.534e+02 119 2 1 6.209e+00 3.579e+01 275 2 1 2.985e+02 3.315e+02 307 2 3 3.248e+00 3.875e+01 330
49636 4 0 2 6.643e+02 6.797e+02 144 0 4 6.629e+02 6.811e+02 169 1 1 2.094e+02 2.526e+02 401 2 1 4.572e+02 5.088e+02 480
49638 1 2 1 6.165e+00 3.583e+01 276
49639 16 0 1 6.449e+02 6.571e+02 114 0 3 4.405e+02 4.415e+02 9 0 4 4.545e+02 4.695e+02 140 0 4 5.830e+02 5.930e+02 92 0 3 6.459e+02 6.561e+02 95 0 1 4.328e+02 4.492e+02 152 0 2 4.456e+02 4.784e+02 306 0 1 5.474e+02 5.866e+02 364 0 2 6.238e+02 6.362e+02 116 0 2 6.676e+02 6.764e+02 81 0 3 5.469e+02 5.871e+02 374 0 4 6.214e+02 6.386e+02 160 0 4 6.631e+02 6.809e+02 166 0 4 5.744e+02 6.016e+02 252 0 4 6.554e+02 6.886e+02 308 2 3 3.921e+00 3.808e+01 317
49641 4 0 2 6.588e+02 6.852e+02 245 2 2 7.850e+01 8.950e+01 102 2 1 1.776e+02 2.004e+02 211 2 3 5.521e+01 7.079e+01 145
49643 0
49648 20 0 4 6.265e+02 6.335e+02 65 0 1 6.491e+02 6.529e+02 36 0 2 4.561e+02 4.679e+02 110 0 3 5.998e+02 6.182e+02 171 0 3 4.759e+02 4.901e+02 132 0 2 6.234e+02 6.366e+02 123 0 4 4.459e+02 4.781e+02 300 0 4 5.767e+02 5.993e+02 210 0 1 4.654e+02 5.006e+02 327 0 1 5.935e+02 6.245e+02 287 2 1 6.300e+01 6.300e+01 -7 2 3 2.100e+01 2.100e+01 -4 2 2 3.704e+01 4.696e+01 92 2 4 3.955e+01 4.445e+01 46 2 3 5.629e+01 6.971e+01 125 2 1 1.101e+01 3.099e+01 186 2 2 2.968e+01 5.432e+01 229 2 1 4.996e+01 7.604e+01 242 2 1 5.492e+00 3.651e+01 288 3 4 7.935e+01 8.865e+01 86
49650 7 0 1 6.498e+02 6.522e+02 22 0 4 6.621e+02 6.819e+02 184 0 2 6.573e+02 6.867e+02 273 1 1 6.066e+02 6.114e+02 44 2 1 3.974e+02 4.006e+02 29 2 4 2.051e+02 2.149e+02 91 2 1 3.844e+02 4.136e+02 271
49651 0
49652 17 0 1 6.483e+02 6.537e+02 50 0 2 2.933e+02 2.947e+02 12 0 3 6.489e+02 6.531e+02 40 0 1 3.530e+02 3.610e+02 74 0 3 5.940e+02 6.240e+02 278 0 4 2.837e+02 3.043e+02 190 0 4 3.667e+02 3.893e+02 210 0 2 6.118e+02 6.482e+02 339 0 1 2.581e+02 2.879e+02 277 0 1 6.255e+02 6.765e+02 474 0 2 3.160e+02 3.560e+02 371 0 4 6.116e+02 6.484e+02 341 0 3 6.243e+02 6.777e+02 496 1 1 6.058e+02 6.122e+02 60 1 2 6.282e+02 6.318e+02 33 1 4 6.283e+02 6.317e+02 32 1 3 5.933e+02 6.247e+02 291
49655 0
49657 21 0 4 4.000e+01 4.400e+01 37 0 4 6.697e+01 1.010e+02 316 0 4 2.937e+01 5.463e+01 235 2 4 2.512e+02 2.528e+02 15 2 3 3.563e+02 3.577e+02 14 2 1 2.100e+01 2.100e+01 -20 2 4 8.133e+01 8.667e+01 50 2 1 2.307e+02 2.313e+02 6 2 3 2.730e+02 2.730e+02 -17 2 1 3.498e+02 3.642e+02 135 2 4 3.583e+01 4.817e+01 115 2 2 2.030e+02 2.170e+02 130 2 2 2.886e+02 2.994e+02 100 2 4 3.291e+02 3.429e+02 129 2 1 4.633e+01 7.967e+01 310 2 2 1.935e+02 2.265e+02 307 2 4 2.903e+02 2.977e+02 69 2 2 3.639e+02 3.921e+02 261 2 1 3.107e+02 3.193e+02 80 2 3 3.036e+02 3.264e+02 212 2 1 2.606e+02 2.854e+02 230
49659 22 1 3 5.946e+02 6.234e+02 267 2 3 1.023e+02 1.077e+02 50 2 2 4.196e+02 4.204e+02 7 2 4 2.911e+02 2.969e+02 53 2 2 6.690e+02 6.750e+02 56 2 2 3.757e+02 3.803e+02 43 2 4 6.689e+02 6.751e+02 57 2 3 6.068e+01 6.532e+01 43 2 2 4.069e+02 4.331e+02 243 2 4 1.240e+02 1.280e+02 36 2 1 6.445e+02 6.575e+02 121 2 3 3.078e+02 3.222e+02 134 2 3 6.329e+02 6.691e+02 336 2 4 3.651e+02 3.909e+02 239 2 4 3.282e+01 5.118e+01 170 2 4 7.437e+01 9.363e+01 179 2 1 2.984e+02 3.316e+02 308 2 1 3.400e+02 3.740e+02 316 2 3 2.309e+00 3.969e+01 347 2 2 1.084e+02 1.436e+02 326 2 2 3.171e+02 3.549e+02 351 2 3 4.328e+01 8.272e+01 366
49661 15 2 2 5.874e+02 5.886e+02 10 2 4 5.855e+02 5.905e+02 46 2 1 5.483e+02 5.857e+02 348 2 3 5.494e+02 5.846e+02 326 3 4 5.458e+02 5.462e+02 5 3 2 3.747e+02 3.813e+02 61 3 4 5.020e+02 5.060e+02 36 3 3 5.655e+02 5.685e+02 27 3 1 5.234e+02 5.266e+02 30 3 2 5.841e+02 5.919e+02 72 3 3 5.248e+02 5.252e+02 5 3 1 5.589e+02 5.751e+02 150 3 4 5.314e+02 5.606e+02 270 3 2 5.713e+02 6.047e+02 310 3 2 5.267e+02 5.653e+02 359
