47449 15 0 1 5.227e+02 5.273e+02 43 0 2 4.988e+02 5.092e+02 96 0 2 5.450e+02 5.470e+02 19 0 3 5.098e+02 5.402e+02 281 0 1 5.492e+02 5.848e+02 330 0 3 5.042e+02 5.458e+02 386 1 3 6.052e+02 6.128e+02 70 1 2 5.843e+02 5.917e+02 68 1 1 6.011e+02 6.169e+02 147 1 1 5.586e+02 5.754e+02 156 1 3 5.939e+02 6.241e+02 280 1 2 6.155e+02 6.445e+02 269 1 4 6.117e+02 6.483e+02 340 2 3 4.368e+00 3.763e+01 309 2 4 1.122e+02 1.398e+02 257
47450 0
47451 0
47452 50 0 1 2.310e+02 2.310e+02 -9 0 2 5.460e+02 5.460e+02 -9 0 3 2.721e+02 2.739e+02 17 0 1 6.090e+02 6.090e+02 -10 0 2 2.395e+02 2.645e+02 233 0 3 6.499e+02 6.521e+02 20 0 1 1.730e+02 2.050e+02 298 0 1 4.361e+02 4.459e+02 91 0 4 2.798e+02 3.082e+02 264 0 2 5.000e+02 5.080e+02 74 0 1 5.659e+02 5.681e+02 20 0 3 6.082e+02 6.098e+02 16 0 2 6.720e+02 6.720e+02 -4 0 3 4.385e+02 4.435e+02 47 0 4 5.040e+02 5.040e+02 -5 0 3 5.670e+02 5.670e+02 -8 0 2 6.262e+02 6.338e+02 71 0 4 6.714e+02 6.726e+02 11 0 4 4.474e+02 4.766e+02 271 0 3 5.195e+02 5.305e+02 102 0 4 6.294e+02 6.306e+02 10 0 1 6.440e+02 6.580e+02 130 0 1 4.720e+02 4.940e+02 205 0 1 5.568e+02 5.772e+02 189 0 4 5.845e+02 5.915e+02 65 0 4 6.569e+02 6.871e+02 281 0 3 4.669e+02 4.991e+02 299 0 1 5.112e+02 5.388e+02 257 0 2 6.180e+02 6.420e+02 223 0 1 6.344e+02 6.676e+02 308 0 2 4.853e+02 5.227e+02 348 0 2 5.273e+02 5.647e+02 347 0 1 5.975e+02 6.205e+02 214 0 3 6.322e+02 6.698e+02 350 0 2 4.435e+02 4.805e+02 344 0 3 5.954e+02 6.226e+02 252 0 4 5.619e+02 6.141e+02 484 2 1 6.194e+01 6.406e+01 20 2 2 8.317e+01 8.483e+01 16 2 1 1.887e+01 2.313e+01 40 2 3 1.010e+02 1.090e+02 75 2 3 2.039e+01 2.161e+01 11 2 4 7.392e+01 9.408e+01 187 2 3 4.162e+02 4.658e+02 460 2 2 3.987e+01 4.413e+01 40 2 4 6.733e+01 1.007e+02 310 2 3 5.817e+01 6.783e+01 90 2 4 3.268e+01 5.132e+01 173 2 1 4.763e+01 7.837e+01 286 2 2 2.272e+01 6.128e+01 358
47453 17 0 3 2.310e+02 2.310e+02 -16 0 2 5.039e+02 5.041e+02 2 0 4 2.439e+02 2.601e+02 151 0 3 5.219e+02 5.281e+02 58 0 2 6.641e+02 6.799e+02 146 0 1 2.218e+02 2.402e+02 171 0 4 6.683e+02 6.757e+02 68 0 2 1.948e+02 2.252e+02 282 0 4 4.861e+02 5.219e+02 333 0 1 6.407e+02 6.613e+02 191 2 1 3.150e+02 3.150e+02 -7 2 2 4.175e+01 4.225e+01 5 2 4 8.400e+01 8.400e+01 -19 2 4 2.835e+02 3.045e+02 196 2 3 2.561e+02 2.899e+02 315 2 3 4.480e+01 8.120e+01 338 2 2 2.787e+02 3.093e+02 284
47455 0
47457 6 0 4 6.607e+02 6.833e+02 210 1 3 3.939e+02 4.041e+02 95 1 4 4.098e+02 4.302e+02 189 2 2 3.888e+01 4.512e+01 58 2 2 3.363e+01 5.037e+01 156 2 1 3.402e+02 3.738e+02 311
47458 6 0 4 6.613e+02 6.827e+02 199 2 2 3.573e+01 4.827e+01 116 2 3 1.450e+02 1.490e+02 38 2 3 1.034e+01 3.166e+01 198 2 4 2.932e+01 5.468e+01 236 2 1 4.550e+00 3.745e+01 306
47459 0
47460 1 0 4 7.993e+01 8.807e+01 76
47461 4 0 2 6.706e+02 6.734e+02 26 0 4 6.686e+02 6.754e+02 64 2 3 1.019e+02 1.081e+02 58 2 4 1.099e+02 1.421e+02 299
47463 43 0 2 6.701e+02 6.739e+02 36 0 4 4.100e+02 4.300e+02 186 0 1 5.498e+02 5.842e+02 319 0 4 5.733e+02 6.027e+02 274 0 4 6.695e+02 6.745e+02 47 0 3 5.479e+02 5.861e+02 356 0 2 6.554e+02 6.886e+02 308 0 2 5.252e+02 5.668e+02 386 0 4 6.535e+02 6.905e+02 343 0 1 6.259e+02 6.761e+02 466 1 4 6.265e+02 6.335e+02 66 1 4 6.131e+02 6.469e+02 315 2 2 2.510e+02 2.530e+02 19 2 4 3.353e+02 3.367e+02 14 2 2 5.423e+02 5.497e+02 69 2 3 1.945e+01 2.255e+01 29 2 4 5.423e+02 5.497e+02 69 2 4 1.650e+02 1.710e+02 56 2 4 2.438e+02 2.602e+02 152 2 2 2.919e+02 2.961e+02 40 2 3 5.477e+02 5.863e+02 358 2 1 3.549e+02 3.591e+02 39 2 1 1.065e+01 3.135e+01 192 2 2 1.185e+02 1.335e+02 140 2 1 1.861e+02 1.919e+02 53 2 4 2.918e+02 2.962e+02 40 2 3 3.448e+02 3.692e+02 227 2 2 2.882e+01 5.518e+01 245 2 4 1.235e+02 1.285e+02 46 2 3 1.806e+02 1.974e+02 156 2 1 2.122e+02 2.498e+02 350 2 1 3.002e+02 3.298e+02 276 2 2 3.670e+02 3.890e+02 204 2 2 1.579e+02 1.781e+02 187 2 3 2.141e+02 2.479e+02 314 2 3 2.548e+02 2.912e+02 337 2 2 3.204e+02 3.516e+02 290 2 3 1.712e+02 2.068e+02 330 2 4 2.327e+02 2.713e+02 359 2 4 3.155e+02 3.565e+02 381 2 3 1.280e+02 1.660e+02 352 2 2 1.503e+02 1.857e+02 328 3 3 5.504e+02 5.836e+02 308
47464 5 0 1 4.816e+02 4.844e+02 26 0 3 4.803e+02 4.857e+02 50 0 2 5.028e+02 5.052e+02 22 0 2 4.876e+02 5.205e+02 306 0 4 4.901e+02 5.179e+02 258
47465 1 0 2 3.309e+02 3.411e+02 95
47466 4 3 1 4.406e+02 4.414e+02 7 3 3 5.168e+02 5.332e+02 152 3 2 4.056e+02 4.344e+02 267 3 3 5.090e+02 5.410e+02 296
47469 8 0 4 5.791e+02 5.969e+02 166 0 1 5.930e+02 6.250e+02 296 0 3 5.953e+02 6.227e+02 255 3 3 3.134e+02 3.166e+02 29 3 1 2.576e+02 2.884e+02 286 3 4 3.295e+02 3.425e+02 121 3 4 4.037e+02 4.363e+02 302 3 2 2.833e+02 3.047e+02 198
47472 30 0 2 2.510e+02 2.530e+02 18 0 1 5.234e+02 5.266e+02 30 0 4 3.773e+02 3.787e+02 14 0 2 6.269e+02 6.331e+02 57 0 4 2.501e+02 2.539e+02 35 0 3 5.642e+02 5.698e+02 51 0 1 2.120e+02 2.500e+02 353 0 2 6.155e+02 6.445e+02 270 0 3 6.434e+02 6.586e+02 141 0 3 2.153e+02 2.467e+02 292 0 2 5.412e+02 5.508e+02 90 0 4 4.015e+02 4.385e+02 343 0 1 5.577e+02 5.763e+02 173 0 3 5.483e+02 5.857e+02 348 1 4 5.441e+02 5.479e+02 36 1 3 6.068e+02 6.112e+02 41 1 1 5.207e+02 5.293e+02 80 1 3 5.651e+02 5.689e+02 36 1 4 6.222e+02 6.378e+02 146 1 3 5.186e+02 5.314e+02 120 1 2 5.832e+02 5.928e+02 90 1 2 6.173e+02 6.427e+02 236 1 1 5.133e+02 5.367e+02 218 1 4 5.866e+02 5.894e+02 26 1 4 6.135e+02 6.465e+02 306 1 2 5.418e+02 5.502e+02 77 1 1 5.898e+02 6.282e+02 357 1 1 5.556e+02 5.784e+02 212 1 3 5.539e+02 5.801e+02 244 1 2 5.316e+02 5.604e+02 268
47475 3 2 1 2.640e+02 2.820e+02 167 2 3 5.405e+00 3.660e+01 290 2 2 2.501e+01 5.899e+01 316
47477 0
47484 0
47486 17 0 2 4.596e+02 4.644e+02 44 0 4 6.246e+02 6.354e+02 100 0 2 6.691e+02 6.749e+02 55 0 2 5.016e+02 5.064e+02 45 0 3 5.201e+02 5.299e+02 91 0 4 5.820e+02 5.940e+02 110 0 4 6.706e+02 6.734e+02 26 0 1 5.114e+02 5.386e+02 252 0 1 5.982e+02 6.198e+02 201 0 1 6.458e+02 6.562e+02 96 0 2 4.860e+02 5.220e+02 335 0 2 5.234e+02 5.686e+02 420 0 3 5.958e+02 6.222e+02 245 0 1 6.380e+02 6.640e+02 242 0 2 6.210e+02 6.390e+02 167 2 4 1.475e+02 1.885e+02 380 2 4 2.743e+02 3.137e+02 366
47487 2 0 2 6.657e+02 6.783e+02 117 2 4 1.620e+02 1.740e+02 111
47492 0
47493 0
47496 17 0 1 1.470e+02 1.470e+02 -22 0 3 4.362e+02 4.458e+02 90 0 3 5.623e+02 5.717e+02 87 0 4 4.445e+02 4.795e+02 325 0 1 5.578e+02 5.762e+02 171 0 1 4.228e+02 4.592e+02 337 1 2 6.258e+02 6.342e+02 77 1 4 6.210e+02 6.390e+02 166 2 4 8.191e+01 8.609e+01 39 2 3 3.981e+02 3.999e+02 16 2 2 3.741e+02 3.819e+02 72 2 1 4.410e+02 4.410e+02 -1 2 2 8.056e+01 8.744e+01 64 2 4 2.028e+02 2.172e+02 134 2 2 4.061e+02 4.339e+02 258 2 4 3.681e+02 3.879e+02 185 2 3 3.383e+02 3.757e+02 348
