55371 0
55372 8 0 2 6.284e+02 6.316e+02 30 0 1 6.335e+02 6.685e+02 325 0 3 4.193e+02 4.627e+02 403 0 3 6.319e+02 6.701e+02 356 0 1 4.189e+02 4.631e+02 410 1 3 5.969e+02 6.211e+02 225 1 2 6.113e+02 6.487e+02 347 2 2 3.757e+02 3.803e+02 42
55373 0
55374 23 0 1 1.878e+02 1.902e+02 22 2 2 4.599e+02 4.641e+02 40 2 1 2.730e+02 2.730e+02 -11 2 4 4.620e+02 4.620e+02 -14 2 3 1.788e+01 2.412e+01 58 2 1 4.765e+02 4.895e+02 120 2 4 8.366e+01 8.434e+01 6 2 1 1.463e+02 1.477e+02 13 2 1 4.694e+02 4.966e+02 253 2 2 4.200e+01 4.200e+01 -21 2 3 4.744e+02 4.916e+02 160 2 4 1.196e+02 1.324e+02 118 2 3 1.428e+02 1.512e+02 77 2 2 4.904e+02 5.176e+02 253 2 2 2.404e+02 2.636e+02 215 2 3 4.640e+02 5.020e+02 352 2 3 2.608e+02 2.852e+02 226 2 1 3.469e+02 3.671e+02 187 2 3 6.015e+01 6.585e+01 53 2 3 9.550e+01 1.145e+02 176 2 1 1.819e+02 1.961e+02 132 2 2 1.090e+02 1.430e+02 316 2 2 7.141e+01 9.659e+01 234
55375 0
55376 1 0 1 6.018e+02 6.162e+02 133
55377 0
55378 2 2 1 1.501e+01 2.699e+01 111 2 3 1.402e+01 2.798e+01 130
55379 3 0 2 6.699e+02 6.741e+02 40 0 4 6.705e+02 6.735e+02 27 0 1 6.414e+02 6.606e+02 178
55380 11 0 1 6.499e+02 6.521e+02 21 0 3 6.509e+02 6.511e+02 1 0 2 6.103e+02 6.497e+02 366 1 2 6.232e+02 6.368e+02 126 1 4 6.218e+02 6.382e+02 152 2 4 8.379e+01 8.421e+01 4 2 2 8.379e+01 8.421e+01 4 3 2 3.569e+01 4.831e+01 117 3 4 3.668e+01 4.732e+01 99 3 1 5.081e+01 7.519e+01 226 3 3 4.888e+01 7.712e+01 262
55381 10 0 1 1.377e+02 1.563e+02 173 0 4 6.102e+02 6.498e+02 368 0 3 3.800e+02 4.180e+02 352 0 4 3.516e+02 4.044e+02 490 0 2 6.083e+02 6.517e+02 403 0 2 4.813e+02 5.267e+02 421 1 4 8.191e+01 8.609e+01 39 1 3 9.088e+01 1.191e+02 262 1 2 5.666e+02 6.094e+02 397 2 4 2.017e+01 6.383e+01 406
55382 0
55383 1 0 2 6.561e+02 6.879e+02 296
55384 6 2 4 2.504e+02 2.536e+02 30 2 3 1.454e+02 1.486e+02 30 2 2 2.055e+02 2.145e+02 84 2 4 6.625e+02 6.815e+02 176 2 2 1.607e+02 1.753e+02 136 2 4 1.096e+02 1.424e+02 305
55385 0
55386 43 0 2 6.690e+02 6.750e+02 56 0 1 5.500e+02 5.840e+02 316 0 1 5.936e+02 6.244e+02 286 0 2 6.602e+02 6.838e+02 219 0 4 6.595e+02 6.845e+02 232 0 1 6.371e+02 6.649e+02 258 1 2 6.244e+02 6.356e+02 104 1 4 6.210e+02 6.390e+02 166 2 3 1.761e+01 2.439e+01 63 2 2 4.191e+02 4.209e+02 16 2 2 1.645e+02 1.715e+02 66 2 3 4.810e+02 4.850e+02 37 2 4 2.085e+02 2.115e+02 27 2 4 5.031e+02 5.049e+02 17 2 4 2.901e+02 2.979e+02 72 2 3 5.612e+02 5.728e+02 108 2 1 1.846e+01 2.354e+01 47 2 2 5.841e+02 5.919e+02 72 2 4 1.555e+02 1.805e+02 233 2 3 4.305e+02 4.515e+02 195 2 1 2.298e+02 2.322e+02 21 2 4 4.523e+02 4.717e+02 180 2 1 2.628e+02 2.832e+02 190 2 1 5.225e+02 5.275e+02 46 2 3 9.575e+00 3.243e+01 212 2 3 5.896e+02 6.284e+02 360 2 1 1.784e+02 1.996e+02 196 2 3 3.868e+02 4.112e+02 226 2 3 2.260e+02 2.360e+02 92 2 4 4.884e+02 5.196e+02 290 2 4 2.802e+02 3.078e+02 257 2 3 5.144e+02 5.356e+02 197 2 2 2.685e+01 5.715e+01 281 2 4 4.039e+02 4.361e+02 299 2 3 1.745e+02 2.035e+02 270 2 3 4.673e+02 4.987e+02 292 2 2 2.508e+02 2.532e+02 23 2 4 5.391e+02 5.529e+02 129 2 3 1.288e+02 1.652e+02 339 2 2 2.052e+02 2.148e+02 90 2 2 2.376e+02 2.664e+02 268 2 4 2.370e+02 2.670e+02 279 2 2 1.953e+02 2.247e+02 272
55387 11 0 1 6.500e+02 6.520e+02 18 0 1 1.038e+02 1.062e+02 23 0 2 1.209e+02 1.311e+02 95 0 4 5.800e+02 5.960e+02 149 0 3 8.747e+01 1.225e+02 326 0 3 5.534e+02 5.806e+02 253 0 1 5.911e+02 6.269e+02 333 1 1 3.133e+02 3.167e+02 32 1 2 3.300e+02 3.420e+02 111 1 4 3.305e+02 3.415e+02 102 1 3 3.038e+02 3.262e+02 209
55388 1 1 3 4.820e+02 4.840e+02 18
55389 0
