27426 0
27429 13 2 2 6.300e+02 6.300e+02 -10 2 4 6.300e+02 6.300e+02 -22 2 2 6.662e+02 6.778e+02 108 2 1 3.055e+02 3.245e+02 177 2 4 6.720e+02 6.720e+02 -4 2 3 6.331e+02 6.689e+02 333 2 1 6.313e+02 6.707e+02 366 3 2 4.617e+02 4.623e+02 5 3 3 4.830e+02 4.830e+02 0 3 4 4.616e+02 4.624e+02 7 3 1 4.717e+02 4.943e+02 210 3 3 4.377e+02 4.443e+02 60 3 3 4.235e+02 4.585e+02 326
27433 19 0 2 3.360e+02 3.360e+02 -4 0 4 3.343e+02 3.377e+02 31 0 2 6.719e+02 6.721e+02 2 0 4 2.047e+02 2.153e+02 98 0 2 6.627e+02 6.813e+02 173 0 1 3.426e+02 3.714e+02 268 0 2 6.564e+02 6.876e+02 290 2 4 8.339e+01 8.461e+01 11 2 3 1.467e+02 1.473e+02 5 2 3 5.813e+01 6.787e+01 90 2 2 1.673e+02 1.687e+02 12 2 2 3.407e+01 4.993e+01 147 2 4 1.126e+02 1.394e+02 250 2 1 1.422e+02 1.518e+02 90 2 1 9.127e+00 3.287e+01 220 2 4 7.280e+01 9.520e+01 208 2 3 7.421e+00 3.458e+01 252 2 2 2.681e+01 5.719e+01 282 2 3 4.646e+01 7.954e+01 307
27434 9 0 2 6.596e+02 6.844e+02 230 2 3 1.828e+01 2.372e+01 50 2 3 3.978e+02 4.002e+02 22 2 1 1.449e+02 1.491e+02 40 2 2 1.176e+02 1.344e+02 156 2 1 2.162e+02 2.458e+02 276 2 4 4.047e+02 4.353e+02 284 2 3 2.185e+02 2.435e+02 233 2 4 2.370e+02 2.670e+02 279
27436 6 0 4 3.749e+02 3.811e+02 58 3 4 5.864e+02 5.896e+02 29 3 2 6.227e+02 6.373e+02 136 3 1 5.628e+02 5.712e+02 77 3 3 5.608e+02 5.732e+02 116 3 2 5.755e+02 6.005e+02 232
27437 7 2 4 5.862e+02 5.898e+02 34 2 4 1.234e+02 1.286e+02 49 2 2 6.287e+02 6.313e+02 25 2 3 6.401e+02 6.619e+02 203 2 3 5.523e+02 5.817e+02 272 2 4 6.187e+02 6.413e+02 210 3 1 5.128e+02 5.372e+02 227
27439 7 2 2 4.197e+01 4.203e+01 0 2 4 4.121e+01 4.279e+01 15 2 1 5.492e+00 3.651e+01 288 2 3 6.748e+00 3.525e+01 265 3 1 1.842e+01 2.358e+01 48 3 3 1.720e+01 2.480e+01 70 3 2 2.775e+01 5.625e+01 265
27441 0
27442 0
27444 0
27445 23 0 4 2.489e+02 2.551e+02 58 0 2 5.389e+02 5.531e+02 131 0 2 6.265e+02 6.335e+02 65 0 3 6.499e+02 6.521e+02 20 0 1 4.818e+02 4.842e+02 22 0 1 5.174e+02 5.326e+02 141 0 2 6.677e+02 6.763e+02 80 0 2 4.503e+02 4.737e+02 217 0 3 5.122e+02 5.378e+02 238 0 4 6.559e+02 6.881e+02 300 0 3 4.709e+02 4.951e+02 224 0 1 6.355e+02 6.665e+02 288 1 1 6.034e+02 6.146e+02 104 1 1 4.656e+02 5.004e+02 324 1 2 6.092e+02 6.508e+02 386 2 4 1.179e+02 1.341e+02 150 2 2 7.545e+01 9.255e+01 159 2 3 6.300e+01 6.300e+01 -15 2 2 6.620e+01 1.018e+02 330 2 4 3.784e+01 4.616e+01 77 2 1 5.929e+01 6.671e+01 69 2 3 4.570e+01 8.030e+01 321 2 4 2.461e+01 5.939e+01 323
27446 16 0 1 6.332e+02 6.688e+02 330 0 1 5.064e+02 5.436e+02 346 0 2 6.057e+02 6.543e+02 451 0 3 6.305e+02 6.715e+02 380 1 2 1.035e+02 1.485e+02 418 2 1 1.792e+01 2.408e+01 57 2 4 5.820e+02 5.940e+02 112 2 3 1.397e+01 2.803e+01 130 2 3 6.019e+02 6.161e+02 131 2 3 1.992e+00 4.001e+01 353 2 2 5.713e+02 6.047e+02 310 2 4 1.057e+02 1.463e+02 376 3 1 5.486e+02 5.854e+02 342 3 1 5.072e+02 5.428e+02 331 3 1 4.197e+02 4.623e+02 395 3 1 4.639e+02 5.021e+02 354
27447 0
27448 31 0 1 5.211e+02 5.289e+02 73 0 1 6.032e+02 6.148e+02 107 0 3 6.484e+02 6.536e+02 49 0 1 3.906e+02 4.074e+02 156 0 2 5.419e+02 5.501e+02 76 0 3 6.010e+02 6.170e+02 148 0 2 6.684e+02 6.756e+02 66 0 3 3.909e+02 4.071e+02 150 0 3 5.159e+02 5.341e+02 170 0 1 5.973e+02 6.207e+02 217 0 4 6.652e+02 6.788e+02 126 0 4 4.087e+02 4.313e+02 210 0 3 5.069e+02 5.431e+02 336 0 4 6.140e+02 6.460e+02 298 0 1 6.444e+02 6.576e+02 122 0 2 5.276e+02 5.644e+02 342 0 2 6.118e+02 6.482e+02 339 0 3 6.402e+02 6.618e+02 200 0 1 6.306e+02 6.714e+02 380 2 3 1.040e+02 1.060e+02 19 2 4 5.422e+02 5.498e+02 70 2 4 3.731e+02 3.829e+02 90 2 3 5.620e+02 5.720e+02 93 2 2 1.196e+02 1.324e+02 119 2 2 5.823e+02 5.937e+02 106 2 1 8.050e+00 3.395e+01 240 2 1 5.943e+02 6.237e+02 273 2 4 7.890e+01 8.910e+01 95 2 2 2.815e+02 3.065e+02 231 2 3 3.364e+02 3.776e+02 383 2 3 9.349e+01 1.165e+02 214
27449 3 0 1 6.031e+02 6.149e+02 110 0 3 6.070e+02 6.110e+02 37 2 3 2.030e+01 2.170e+01 13
27451 0
27452 1 0 1 5.635e+02 5.705e+02 66
27453 51 0 3 6.074e+02 6.106e+02 30 0 4 6.228e+02 6.372e+02 133 0 1 6.378e+02 6.642e+02 245 0 2 6.190e+02 6.410e+02 205 2 2 4.200e+01 4.200e+01 -12 2 1 2.288e+02 2.332e+02 41 2 3 6.496e+02 6.524e+02 26 2 1 3.139e+02 3.161e+02 20 2 1 1.886e+01 2.314e+01 40 2 4 4.964e+02 5.116e+02 140 2 2 1.256e+02 1.264e+02 7 2 4 6.179e+02 6.421e+02 224 2 3 1.811e+02 1.969e+02 147 2 2 2.044e+02 2.156e+02 104 2 3 3.082e+02 3.218e+02 126 2 3 1.788e+01 2.412e+01 58 2 4 1.255e+02 1.265e+02 10 2 3 6.411e+02 6.609e+02 185 2 4 1.547e+02 1.813e+02 246 2 4 2.052e+02 2.148e+02 90 2 2 6.599e+02 6.841e+02 225 2 4 2.841e+02 3.039e+02 183 2 1 8.454e+00 3.355e+01 233 2 1 6.319e+02 6.701e+02 355 2 3 8.604e+01 1.240e+02 352 2 2 1.502e+02 1.858e+02 330 2 3 2.154e+02 2.466e+02 289 2 2 2.776e+02 3.104e+02 305 2 4 2.573e+01 5.827e+01 302 2 1 1.700e+02 2.080e+02 352 2 1 1.281e+02 1.659e+02 350 3 4 8.397e+01 8.403e+01 0 3 1 1.048e+02 1.052e+02 4 3 3 3.563e+02 3.577e+02 14 3 1 6.248e+01 6.352e+01 10 3 4 1.236e+02 1.284e+02 44 3 4 2.078e+02 2.122e+02 41 3 1 1.448e+02 1.492e+02 41 3 1 2.100e+01 2.100e+01 -0 3 4 1.589e+02 1.771e+02 170 3 3 6.006e+01 6.594e+01 55 3 3 1.390e+02 1.550e+02 148 3 3 2.039e+01 2.161e+01 11 3 3 9.901e+01 1.110e+02 111 3 2 8.393e+01 8.407e+01 1 3 2 1.157e+02 1.363e+02 192 3 3 1.286e+02 1.654e+02 341 3 2 3.834e+01 4.566e+01 68 3 4 3.618e+01 4.782e+01 108 3 2 2.753e+01 5.647e+01 269 3 3 4.695e+01 7.905e+01 298
27454 10 0 2 3.256e+02 3.464e+02 194 0 1 3.410e+02 3.730e+02 298 1 2 6.273e+02 6.327e+02 50 1 4 6.264e+02 6.336e+02 67 1 1 6.026e+02 6.154e+02 119 1 3 5.944e+02 6.236e+02 271 2 3 1.384e+02 1.556e+02 160 2 3 5.628e+02 5.712e+02 77 2 1 5.547e+02 5.793e+02 229 2 2 5.777e+02 5.983e+02 192
27455 35 0 1 5.659e+02 5.681e+02 20 0 2 3.773e+02 3.787e+02 12 0 1 6.486e+02 6.534e+02 44 0 4 5.863e+02 5.897e+02 31 0 3 6.496e+02 6.524e+02 26 0 4 4.178e+02 4.222e+02 41 0 2 6.258e+02 6.342e+02 78 0 2 6.703e+02 6.737e+02 31 0 3 3.916e+02 4.064e+02 138 0 3 5.524e+02 5.816e+02 271 0 4 6.258e+02 6.342e+02 77 0 4 6.688e+02 6.752e+02 60 0 3 6.353e+02 6.667e+02 292 1 2 6.288e+02 6.312e+02 23 1 4 6.279e+02 6.321e+02 39 1 2 5.734e+02 6.026e+02 271 1 4 6.152e+02 6.448e+02 276 1 1 5.913e+02 6.267e+02 329 2 4 3.330e+02 3.390e+02 56 2 4 1.678e+02 1.682e+02 4 2 3 3.099e+02 3.201e+02 95 2 2 3.307e+02 3.413e+02 99 2 3 1.563e+01 2.637e+01 100 2 1 1.856e+02 1.924e+02 63 2 3 2.641e+02 2.819e+02 165 2 4 3.214e+02 3.506e+02 270 2 2 2.591e+01 5.809e+01 299 2 3 1.781e+02 1.999e+02 203 2 4 2.326e+02 2.714e+02 360 2 2 2.871e+02 3.009e+02 129 2 1 3.381e+02 3.759e+02 350 2 4 2.582e+01 5.818e+01 300 2 2 1.515e+02 1.845e+02 306 2 1 2.558e+02 2.902e+02 319 2 4 2.741e+02 3.139e+02 370
27457 11 0 1 6.510e+02 6.510e+02 -15 0 1 6.090e+02 6.090e+02 -17 0 3 6.507e+02 6.513e+02 6 0 4 4.195e+02 4.205e+02 9 0 3 6.024e+02 6.156e+02 122 0 2 6.670e+02 6.770e+02 93 0 4 6.223e+02 6.377e+02 144 0 4 6.618e+02 6.822e+02 190 0 2 6.141e+02 6.459e+02 296 0 3 6.346e+02 6.674e+02 304 0 4 6.562e+02 6.878e+02 294
27458 2 1 1 4.377e+01 8.223e+01 357 1 3 3.879e+01 8.721e+01 450
27459 0
27460 5 0 4 5.866e+02 5.894e+02 26 0 1 5.575e+02 5.765e+02 176 0 2 6.597e+02 6.843e+02 228 0 3 5.509e+02 5.831e+02 299 2 1 2.709e+00 3.929e+01 340
27461 33 0 1 3.134e+02 3.166e+02 30 0 1 5.664e+02 5.676e+02 11 0 2 6.697e+02 6.743e+02 42 0 2 3.273e+02 3.447e+02 161 0 3 5.666e+02 5.674e+02 8 0 4 5.807e+02 5.953e+02 136 0 4 3.250e+02 3.470e+02 204 0 4 6.699e+02 6.741e+02 40 0 2 5.357e+02 5.563e+02 192 0 2 6.237e+02 6.363e+02 117 0 1 6.448e+02 6.572e+02 116 0 2 5.282e+02 5.638e+02 330 0 4 6.212e+02 6.388e+02 163 0 3 6.432e+02 6.588e+02 146 0 1 5.934e+02 6.246e+02 290 0 2 6.514e+02 6.926e+02 382 0 4 5.673e+02 6.087e+02 384 0 4 6.505e+02 6.935e+02 400 2 4 1.227e+02 1.293e+02 62 2 3 1.453e+02 1.487e+02 32 2 3 2.300e+02 2.320e+02 19 2 4 2.919e+02 2.961e+02 39 2 4 8.400e+01 8.400e+01 -18 2 2 1.673e+02 1.687e+02 13 2 4 2.480e+02 2.560e+02 75 2 2 1.194e+02 1.326e+02 122 2 4 1.638e+02 1.722e+02 78 2 4 2.399e+02 2.641e+02 225 2 2 7.388e+01 9.412e+01 188 2 1 1.778e+02 2.002e+02 209 2 3 9.290e+01 1.171e+02 225 2 3 1.298e+02 1.642e+02 320 2 4 1.109e+02 1.411e+02 280
27462 0
27463 0
27464 5 1 4 6.257e+02 6.343e+02 80 1 3 5.991e+02 6.189e+02 184 1 2 6.170e+02 6.430e+02 240 2 4 3.870e+01 4.530e+01 61 3 1 1.770e+01 2.430e+01 61
27466 34 0 1 3.953e+02 4.027e+02 68 0 1 5.210e+02 5.290e+02 74 0 2 6.240e+02 6.360e+02 111 0 3 6.460e+02 6.560e+02 92 0 2 5.416e+02 5.504e+02 81 0 4 6.263e+02 6.337e+02 69 0 2 6.670e+02 6.770e+02 93 0 3 5.152e+02 5.348e+02 182 0 1 5.963e+02 6.217e+02 236 0 4 6.668e+02 6.772e+02 97 0 2 5.317e+02 5.603e+02 266 0 2 6.170e+02 6.430e+02 242 0 1 6.398e+02 6.622e+02 207 0 1 5.472e+02 5.868e+02 368 0 4 6.128e+02 6.472e+02 319 0 3 6.370e+02 6.650e+02 260 0 3 5.915e+02 6.265e+02 325 1 2 6.258e+02 6.342e+02 77 1 1 5.981e+02 6.199e+02 202 2 4 2.093e+02 2.107e+02 12 2 3 2.699e+02 2.761e+02 57 2 2 1.195e+02 1.325e+02 121 2 1 2.296e+02 2.324e+02 26 2 2 2.933e+02 2.947e+02 12 2 3 5.005e+01 7.595e+01 240 2 4 1.231e+02 1.289e+02 54 2 1 1.361e+02 1.579e+02 203 2 4 2.380e+02 2.660e+02 260 2 1 3.026e+02 3.274e+02 230 2 2 8.074e+01 8.726e+01 60 2 3 1.303e+02 1.637e+02 310 2 2 1.985e+02 2.215e+02 213 2 4 6.742e+01 1.006e+02 308 2 3 2.156e+02 2.464e+02 286
27467 4 0 3 5.209e+02 5.291e+02 76 0 2 4.877e+02 5.203e+02 302 2 1 2.100e+01 2.100e+01 -9 2 3 1.927e+01 2.273e+01 32
27468 65 0 4 3.771e+02 3.789e+02 17 0 1 3.969e+02 4.011e+02 39 0 2 2.902e+02 2.978e+02 70 0 4 5.038e+02 5.042e+02 3 0 1 3.556e+02 3.584e+02 26 0 2 5.449e+02 5.471e+02 21 0 2 1.552e+02 1.808e+02 237 0 1 6.046e+02 6.134e+02 82 0 1 2.655e+02 2.805e+02 140 0 2 6.720e+02 6.720e+02 -11 0 1 3.461e+02 3.679e+02 203 0 1 4.795e+02 4.865e+02 65 0 1 1.780e+02 2.000e+02 204 0 1 5.616e+02 5.724e+02 100 0 1 3.066e+02 3.234e+02 156 0 4 5.810e+02 5.950e+02 130 0 2 3.663e+02 3.897e+02 218 0 4 6.700e+02 6.740e+02 37 0 4 3.241e+02 3.479e+02 220 0 2 5.035e+02 5.045e+02 10 0 1 5.189e+02 5.311e+02 114 0 3 6.003e+02 6.177e+02 161 0 1 6.435e+02 6.585e+02 139 0 3 4.728e+02 4.932e+02 189 0 3 5.167e+02 5.333e+02 154 0 2 6.198e+02 6.402e+02 189 0 3 6.446e+02 6.574e+02 120 0 4 4.901e+02 5.179e+02 258 0 2 5.365e+02 5.555e+02 176 0 1 5.109e+02 5.391e+02 261 1 1 4.819e+02 4.841e+02 20 1 1 6.087e+02 6.093e+02 6 1 2 4.980e+02 5.100e+02 112 1 4 3.585e+02 3.975e+02 361 1 3 6.066e+02 6.114e+02 45 1 2 6.300e+02 6.300e+02 -23 1 4 6.300e+02 6.300e+02 -17 1 4 6.191e+02 6.409e+02 202 1 3 5.927e+02 6.253e+02 303 2 2 8.400e+01 8.400e+01 -14 2 2 5.447e+02 5.473e+02 25 2 4 1.673e+02 1.687e+02 13 2 2 6.300e+02 6.300e+02 -11 2 4 2.477e+02 2.563e+02 80 2 4 6.713e+02 6.727e+02 12 2 2 2.940e+02 2.940e+02 -2 2 4 4.200e+02 4.200e+02 -9 2 1 1.469e+01 2.731e+01 117 2 2 4.580e+02 4.660e+02 75 2 2 1.260e+02 1.260e+02 -16 2 3 4.410e+02 4.410e+02 -8 2 3 1.872e+02 1.908e+02 33 2 1 4.796e+02 4.864e+02 63 2 4 2.045e+02 2.155e+02 103 2 3 2.652e+02 2.808e+02 146 2 3 4.308e+02 4.512e+02 190 2 3 1.362e+01 2.838e+01 137 2 4 4.471e+02 4.769e+02 276 2 2 1.139e+02 1.381e+02 226 2 1 3.019e+02 3.281e+02 243 2 3 5.203e+01 7.397e+01 204 2 4 7.235e+01 9.565e+01 216 2 3 2.559e+02 2.901e+02 318 2 4 2.762e+02 3.118e+02 331 3 4 2.308e+01 6.092e+01 351
27469 0
27470 8 0 2 2.500e+02 2.540e+02 36 0 4 2.927e+02 2.953e+02 25 0 2 6.701e+02 6.739e+02 35 0 3 2.681e+02 2.779e+02 91 0 4 3.694e+02 3.866e+02 159 0 1 6.378e+02 6.642e+02 245 0 2 3.281e+02 3.439e+02 147 0 1 3.387e+02 3.753e+02 340
27471 0
27472 12 0 4 5.845e+02 5.915e+02 66 0 4 6.702e+02 6.738e+02 34 0 1 6.067e+02 6.113e+02 42 0 1 6.443e+02 6.577e+02 125 0 2 6.282e+02 6.318e+02 34 0 2 6.669e+02 6.771e+02 96 0 1 4.576e+02 5.084e+02 471 0 4 6.284e+02 6.316e+02 30 0 1 6.002e+02 6.178e+02 164 0 3 6.022e+02 6.158e+02 127 0 4 6.195e+02 6.405e+02 196 0 4 5.748e+02 6.012e+02 246
27473 21 0 4 6.274e+02 6.326e+02 49 0 4 5.857e+02 5.903e+02 43 0 1 6.017e+02 6.163e+02 135 0 2 6.219e+02 6.381e+02 150 0 1 5.932e+02 6.248e+02 294 1 3 8.478e+01 1.252e+02 376 2 4 2.490e+02 2.550e+02 56 2 4 4.581e+02 4.659e+02 72 2 3 1.684e+01 2.516e+01 77 2 3 5.669e+02 5.671e+02 1 2 1 2.651e+02 2.809e+02 147 2 1 6.072e+02 6.108e+02 34 2 2 3.986e+01 4.414e+01 40 2 1 4.345e+02 4.475e+02 120 2 2 2.349e+02 2.691e+02 318 2 2 4.508e+02 4.732e+02 207 2 3 2.636e+02 2.824e+02 176 2 4 5.368e+02 5.552e+02 171 2 1 5.050e+01 7.550e+01 232 2 2 5.782e+02 5.978e+02 182 2 3 4.256e+02 4.564e+02 286
27475 0
27476 0
27478 14 0 4 6.719e+02 6.721e+02 1 0 3 6.386e+02 6.634e+02 230 0 2 5.297e+02 5.623e+02 302 0 4 6.511e+02 6.929e+02 388 0 1 6.249e+02 6.771e+02 484 0 2 6.479e+02 6.961e+02 448 2 2 1.242e+02 1.278e+02 33 2 2 2.654e+01 5.746e+01 287 2 3 8.635e+01 1.236e+02 346 2 3 3.906e+01 8.694e+01 445 2 4 1.049e+02 1.471e+02 392 2 1 1.225e+02 1.715e+02 455 2 1 1.319e+00 4.068e+01 366 2 3 1.234e+02 1.706e+02 438
27479 0
