12200 7 0 3 4.737e+02 4.923e+02 172 0 1 6.022e+02 6.158e+02 126 0 2 4.512e+02 4.728e+02 200 0 2 6.561e+02 6.879e+02 295 0 4 4.443e+02 4.797e+02 329 0 4 6.535e+02 6.905e+02 344 0 1 4.661e+02 4.999e+02 315
12201 5 2 3 1.819e+01 2.381e+01 52 2 1 1.684e+01 2.516e+01 77 2 2 2.404e+02 2.636e+02 215 2 4 2.384e+02 2.656e+02 253 2 2 2.115e+01 6.285e+01 387
12204 20 2 1 2.694e+02 2.766e+02 66 2 2 4.000e+01 4.400e+01 37 2 4 8.213e+01 8.587e+01 35 2 1 6.453e+02 6.567e+02 106 2 4 1.608e+02 1.752e+02 133 2 3 3.866e+02 4.114e+02 230 2 2 2.479e+02 2.561e+02 76 2 2 5.020e+02 5.060e+02 38 2 3 1.042e+02 1.058e+02 16 2 4 5.313e+02 5.607e+02 272 2 3 1.833e+02 1.947e+02 106 2 2 2.059e+02 2.141e+02 76 2 4 2.833e+01 5.567e+01 254 2 2 1.181e+02 1.339e+02 147 2 2 1.542e+02 1.818e+02 256 2 2 1.907e+02 2.293e+02 358 2 1 4.503e+01 8.097e+01 334 2 2 7.280e+01 9.520e+01 208 2 1 1.305e+02 1.635e+02 307 2 3 8.999e+01 1.200e+02 279
12205 10 0 4 6.712e+02 6.728e+02 16 0 1 1.290e+02 1.650e+02 334 1 2 6.291e+02 6.309e+02 16 2 3 5.528e+02 5.812e+02 264 3 1 4.807e+02 4.853e+02 42 3 4 4.519e+02 4.721e+02 188 3 1 4.733e+02 4.927e+02 180 3 2 4.506e+02 4.734e+02 211 3 3 5.565e+02 5.775e+02 195 3 3 4.744e+02 4.916e+02 160
12206 10 0 4 6.247e+02 6.353e+02 99 0 4 5.008e+02 5.072e+02 60 0 3 5.143e+02 5.357e+02 199 0 2 6.204e+02 6.396e+02 179 0 1 4.699e+02 4.961e+02 244 0 1 5.950e+02 6.230e+02 260 0 3 5.905e+02 6.275e+02 344 2 1 3.889e+02 4.091e+02 187 2 3 3.884e+02 4.096e+02 196 2 2 3.989e+02 4.411e+02 391
12207 0
12209 50 0 1 5.670e+02 5.670e+02 0 0 4 3.760e+02 3.800e+02 37 0 2 6.300e+02 6.300e+02 -8 0 1 3.537e+02 3.603e+02 60 0 4 6.719e+02 6.721e+02 2 0 2 2.409e+02 2.631e+02 206 0 3 3.929e+02 4.051e+02 114 0 2 3.634e+02 3.926e+02 271 0 3 5.664e+02 5.676e+02 10 0 1 6.073e+02 6.107e+02 31 0 1 6.505e+02 6.515e+02 10 0 2 5.397e+02 5.523e+02 117 0 3 6.077e+02 6.103e+02 24 0 3 6.489e+02 6.531e+02 39 0 3 5.588e+02 5.752e+02 152 0 4 6.259e+02 6.341e+02 76 0 2 6.679e+02 6.761e+02 76 0 4 5.779e+02 5.981e+02 187 0 2 6.140e+02 6.460e+02 296 0 4 6.175e+02 6.425e+02 233 1 1 3.899e+02 4.081e+02 170 1 2 5.415e+02 5.505e+02 83 1 4 4.111e+02 4.289e+02 166 1 1 6.081e+02 6.099e+02 17 1 3 3.849e+02 4.131e+02 261 1 2 5.809e+02 5.951e+02 131 1 2 4.031e+02 4.369e+02 314 1 3 6.061e+02 6.119e+02 53 1 3 5.563e+02 5.777e+02 199 1 2 6.294e+02 6.306e+02 10 1 2 5.734e+02 6.026e+02 270 1 4 6.268e+02 6.332e+02 60 1 2 5.323e+02 5.597e+02 255 1 1 5.503e+02 5.837e+02 310 2 2 4.117e+01 4.283e+01 16 2 4 2.096e+02 2.104e+02 8 2 4 6.698e+02 6.742e+02 41 2 3 6.095e+01 6.505e+01 38 2 2 1.246e+02 1.274e+02 26 2 1 2.283e+02 2.337e+02 50 2 3 1.101e+01 3.099e+01 186 2 2 7.451e+01 9.349e+01 176 2 3 2.290e+02 2.330e+02 38 2 1 1.003e+01 3.197e+01 204 2 4 1.118e+02 1.402e+02 263 2 2 1.907e+02 2.293e+02 359 2 3 2.127e+00 3.987e+01 350 2 4 2.717e+01 5.683e+01 276 2 1 4.534e+01 8.066e+01 328 3 4 3.839e+01 4.561e+01 67
12210 0
12211 2 2 2 2.931e+02 2.949e+02 16 2 3 2.487e+00 3.951e+01 344
12212 18 0 4 6.666e+02 6.774e+02 100 0 1 5.948e+02 6.232e+02 263 0 3 6.314e+02 6.706e+02 364 0 3 5.897e+02 6.283e+02 359 1 3 5.904e+02 6.276e+02 345 2 1 1.402e+02 1.538e+02 126 2 1 6.002e+02 6.178e+02 163 2 3 5.790e+01 6.810e+01 95 2 4 1.148e+02 1.372e+02 208 2 3 5.925e+02 6.255e+02 306 2 1 1.730e+02 2.050e+02 298 2 2 7.110e+01 9.690e+01 240 2 4 7.181e+01 9.619e+01 226 2 3 8.873e+01 1.213e+02 302 3 2 1.075e+02 1.445e+02 344 3 4 2.441e+02 2.599e+02 146 3 4 1.084e+02 1.436e+02 326 3 2 2.347e+02 2.693e+02 321
12213 1 3 1 2.652e+02 2.808e+02 146
12214 0
12215 2 2 3 4.343e+02 4.477e+02 124 2 4 4.084e+02 4.316e+02 216
12217 10 0 4 4.605e+02 4.635e+02 28 0 3 6.497e+02 6.523e+02 24 0 2 6.227e+02 6.373e+02 136 0 3 4.336e+02 4.484e+02 138 0 4 6.139e+02 6.461e+02 300 2 2 2.040e+02 2.160e+02 111 2 2 7.082e+01 9.718e+01 245 2 3 1.805e+02 1.975e+02 158 2 4 4.912e+02 5.168e+02 238 2 1 1.704e+02 2.076e+02 346
12218 0
12219 3 1 2 6.176e+02 6.424e+02 230 2 3 1.366e+01 2.834e+01 136 2 1 4.827e+02 4.833e+02 6
12223 58 0 2 6.287e+02 6.313e+02 25 0 2 3.320e+02 3.400e+02 75 0 1 6.505e+02 6.515e+02 9 0 1 4.398e+02 4.422e+02 23 0 2 4.614e+02 4.626e+02 11 0 2 5.397e+02 5.523e+02 116 0 4 5.877e+02 5.883e+02 6 0 3 6.480e+02 6.540e+02 56 0 3 4.320e+02 4.500e+02 168 0 4 4.602e+02 4.638e+02 33 0 1 5.581e+02 5.759e+02 166 0 3 6.074e+02 6.106e+02 30 0 4 6.654e+02 6.786e+02 122 0 3 5.584e+02 5.756e+02 160 0 2 6.131e+02 6.469e+02 315 0 2 6.626e+02 6.814e+02 174 0 1 5.186e+02 5.314e+02 119 0 2 6.549e+02 6.891e+02 318 0 3 5.164e+02 5.336e+02 159 0 3 5.474e+02 5.866e+02 365 0 1 5.115e+02 5.385e+02 250 1 2 6.300e+02 6.300e+02 -4 1 1 4.814e+02 4.846e+02 30 1 4 2.062e+02 2.138e+02 70 1 4 5.872e+02 5.888e+02 16 1 4 6.291e+02 6.309e+02 16 1 2 4.948e+02 5.132e+02 170 1 2 5.422e+02 5.498e+02 70 1 1 6.024e+02 6.156e+02 123 1 1 5.098e+02 5.402e+02 281 1 1 5.603e+02 5.737e+02 125 1 3 5.903e+02 6.277e+02 347 1 3 5.652e+02 5.688e+02 34 1 2 5.793e+02 5.967e+02 161 1 1 5.425e+02 5.915e+02 455 2 3 3.140e+02 3.160e+02 18 2 3 4.403e+02 4.417e+02 12 2 2 3.342e+02 3.378e+02 33 2 4 4.585e+02 4.655e+02 65 2 2 8.343e+01 8.457e+01 10 2 3 4.713e+02 4.947e+02 218 2 4 4.058e+01 4.342e+01 26 2 2 4.461e+02 4.779e+02 296 2 4 8.352e+01 8.448e+01 9 2 4 2.869e+02 3.011e+02 132 2 4 4.013e+02 4.387e+02 346 2 1 3.438e+02 3.702e+02 246 2 3 5.646e+01 6.954e+01 121 2 3 1.046e+02 1.054e+02 7 2 4 1.523e+02 1.837e+02 292 2 1 3.039e+02 3.261e+02 206 2 2 3.234e+02 3.486e+02 234 2 1 5.279e+01 7.321e+01 190 2 2 1.256e+02 1.264e+02 7 2 4 2.748e+02 3.132e+02 356 2 4 3.166e+02 3.554e+02 360 2 4 2.671e+01 5.729e+01 284 2 2 7.177e+01 9.623e+01 227
12226 0
12227 17 0 2 6.275e+02 6.325e+02 47 0 2 6.679e+02 6.761e+02 76 0 1 5.554e+02 5.786e+02 215 0 4 6.241e+02 6.359e+02 110 0 4 6.660e+02 6.780e+02 111 0 4 5.768e+02 5.992e+02 209 0 3 6.342e+02 6.678e+02 312 0 1 5.996e+02 6.184e+02 174 0 1 5.896e+02 6.284e+02 360 0 3 5.929e+02 6.251e+02 299 2 3 1.464e+02 1.476e+02 11 2 4 4.548e+02 4.692e+02 134 2 4 1.200e+02 1.320e+02 112 2 4 1.611e+02 1.749e+02 128 2 4 3.251e+02 3.469e+02 202 2 3 4.211e+02 4.609e+02 370 2 3 2.970e+02 3.330e+02 335
12228 0
12229 4 2 2 1.219e+02 1.301e+02 76 2 4 1.189e+02 1.331e+02 132 2 4 3.579e+02 3.981e+02 373 2 3 8.644e+01 1.236e+02 345
12230 29 0 1 4.399e+02 4.421e+02 20 0 3 4.355e+02 4.465e+02 101 0 2 4.481e+02 4.759e+02 258 0 4 4.453e+02 4.787e+02 310 2 4 3.350e+02 3.370e+02 18 2 3 5.647e+02 5.693e+02 43 2 3 1.846e+01 2.354e+01 47 2 4 4.940e+02 5.140e+02 186 2 4 8.146e+01 8.654e+01 47 2 4 5.447e+02 5.473e+02 25 2 4 1.664e+02 1.696e+02 30 2 4 6.605e+02 6.835e+02 213 2 4 2.453e+02 2.587e+02 125 2 4 4.073e+02 4.327e+02 236 2 3 2.680e+02 2.780e+02 92 2 3 5.158e+02 5.342e+02 170 2 3 3.503e+02 3.637e+02 125 2 3 5.519e+02 5.821e+02 280 2 4 7.303e+01 9.497e+01 204 2 1 1.866e+02 1.914e+02 45 2 2 2.054e+02 2.146e+02 86 2 1 2.556e+02 2.904e+02 323 2 3 9.546e+01 1.145e+02 177 2 2 1.575e+02 1.785e+02 195 2 2 2.786e+02 3.094e+02 286 2 2 1.118e+02 1.402e+02 263 2 3 1.731e+02 2.049e+02 296 2 1 2.945e+02 3.355e+02 381 2 4 1.065e+02 1.455e+02 361
12231 0
12233 8 0 1 6.484e+02 6.536e+02 48 0 4 6.204e+02 6.396e+02 179 0 2 6.696e+02 6.744e+02 45 0 4 6.653e+02 6.787e+02 125 0 3 6.390e+02 6.630e+02 222 0 2 6.639e+02 6.801e+02 150 0 1 6.324e+02 6.696e+02 345 1 2 5.880e+02 5.880e+02 -20
12234 0
12235 0
12237 6 0 2 5.460e+02 5.460e+02 -5 0 1 5.670e+02 5.670e+02 -5 0 3 5.670e+02 5.670e+02 -23 0 3 5.578e+02 5.762e+02 171 2 2 6.452e+02 6.988e+02 498 2 4 6.467e+02 6.973e+02 470
12241 25 0 4 6.720e+02 6.720e+02 -3 0 4 3.767e+02 3.793e+02 25 0 3 4.409e+02 4.411e+02 1 0 1 3.550e+02 3.590e+02 36 0 4 5.007e+02 5.073e+02 61 0 1 5.229e+02 5.271e+02 40 0 2 3.672e+02 3.888e+02 201 0 1 6.510e+02 6.510e+02 -8 0 4 3.217e+02 3.503e+02 266 0 1 4.327e+02 4.493e+02 155 0 1 4.820e+02 4.840e+02 19 0 2 5.360e+02 5.560e+02 186 0 2 6.122e+02 6.478e+02 330 0 3 6.508e+02 6.512e+02 4 0 3 4.776e+02 4.884e+02 100 0 3 5.070e+02 5.430e+02 335 0 2 6.699e+02 6.741e+02 40 0 2 4.864e+02 5.216e+02 326 0 3 6.340e+02 6.680e+02 316 0 4 4.439e+02 4.801e+02 336 0 4 6.532e+02 6.908e+02 350 1 1 2.650e+02 2.810e+02 148 1 2 6.270e+02 6.330e+02 56 2 3 1.386e+02 1.554e+02 156 2 4 1.140e+02 1.380e+02 223
12242 1 1 3 6.075e+02 6.105e+02 27
12243 11 0 4 5.880e+02 5.880e+02 -0 0 1 5.508e+02 5.832e+02 301 0 3 5.945e+02 6.235e+02 269 0 3 5.514e+02 5.826e+02 290 0 2 6.532e+02 6.908e+02 350 0 4 6.531e+02 6.909e+02 351 1 2 6.280e+02 6.320e+02 36 1 1 5.920e+02 6.260e+02 316 2 3 1.803e+02 1.977e+02 161 2 4 2.034e+02 2.166e+02 123 2 2 1.913e+02 2.287e+02 348
12245 4 1 1 2.578e+02 2.882e+02 283 2 3 9.393e+01 1.161e+02 206 3 2 5.036e+02 5.044e+02 7 3 1 5.103e+02 5.397e+02 272
12246 14 0 3 6.510e+02 6.510e+02 -7 0 2 6.665e+02 6.775e+02 103 0 2 3.699e+02 3.861e+02 150 0 4 6.651e+02 6.789e+02 129 0 2 3.143e+01 5.257e+01 196 1 2 6.295e+02 6.305e+02 9 2 4 2.096e+02 2.104e+02 8 2 3 2.716e+02 2.744e+02 26 2 4 3.740e+01 4.660e+01 86 2 3 2.280e+02 2.340e+02 56 2 4 3.058e+01 5.342e+01 212 2 3 2.575e+02 2.885e+02 287 2 4 5.952e+01 1.085e+02 455 2 3 2.099e+02 2.521e+02 392
12247 16 0 1 7.976e+01 1.302e+02 469 1 3 6.063e+02 6.117e+02 50 1 2 5.798e+02 5.962e+02 152 1 4 6.178e+02 6.422e+02 226 2 1 2.307e+02 2.313e+02 6 2 3 3.968e+02 4.012e+02 41 2 4 2.922e+02 2.958e+02 34 2 2 4.088e+02 4.312e+02 207 2 1 3.130e+02 3.170e+02 38 2 3 5.168e+02 5.332e+02 153 2 4 3.707e+02 3.853e+02 136 2 2 7.661e+01 9.139e+01 137 2 3 3.034e+02 3.266e+02 216 2 2 3.221e+02 3.499e+02 259 2 1 3.742e+00 3.826e+01 320 2 2 2.802e+02 3.078e+02 256
12248 50 0 1 6.509e+02 6.511e+02 1 0 4 3.359e+02 3.361e+02 1 0 3 4.823e+02 4.837e+02 12 0 4 3.768e+02 3.792e+02 22 0 1 6.053e+02 6.127e+02 70 0 3 6.503e+02 6.517e+02 12 0 3 4.345e+02 4.475e+02 120 0 2 5.030e+02 5.050e+02 19 0 3 5.662e+02 5.678e+02 16 0 3 6.057e+02 6.123e+02 61 0 2 6.720e+02 6.720e+02 -6 0 1 3.841e+02 4.139e+02 276 0 4 4.965e+02 5.115e+02 140 0 3 5.193e+02 5.307e+02 106 0 2 6.287e+02 6.313e+02 25 0 4 6.717e+02 6.723e+02 6 0 1 4.758e+02 4.902e+02 133 0 4 6.286e+02 6.314e+02 26 0 2 4.902e+02 5.178e+02 256 0 1 5.960e+02 6.220e+02 242 0 2 4.464e+02 4.776e+02 290 0 1 4.665e+02 4.995e+02 307 1 2 6.226e+02 6.374e+02 137 1 4 3.417e+01 4.983e+01 146 1 2 6.131e+02 6.469e+02 314 1 4 6.151e+02 6.449e+02 276 1 3 5.364e+01 7.236e+01 174 1 1 7.155e+00 3.485e+01 257 2 3 2.043e+01 2.157e+01 10 2 3 4.376e+02 4.444e+02 63 2 4 8.263e+01 8.537e+01 26 2 2 4.564e+02 4.676e+02 105 2 2 2.045e+02 2.155e+02 101 2 4 4.167e+02 4.233e+02 61 2 2 2.874e+02 3.006e+02 122 2 2 4.045e+01 4.355e+01 29 2 3 1.013e+02 1.087e+02 68 2 3 1.808e+02 1.972e+02 152 2 4 2.414e+02 2.626e+02 197 2 3 2.631e+02 2.829e+02 184 2 4 3.179e+01 5.221e+01 190 2 2 1.220e+02 1.300e+02 74 2 4 1.924e+02 2.276e+02 326 2 4 2.827e+02 3.053e+02 210 2 1 1.245e+01 2.955e+01 159 2 2 7.612e+01 9.188e+01 146 2 1 4.467e+01 8.133e+01 340 2 3 8.774e+01 1.223e+02 320 2 3 4.556e+01 8.044e+01 324 2 4 1.079e+02 1.441e+02 336
12249 5 0 1 6.444e+02 6.576e+02 122 0 3 6.421e+02 6.599e+02 166 0 2 6.604e+02 6.836e+02 215 0 4 6.627e+02 6.813e+02 173 0 4 6.557e+02 6.883e+02 303
12250 2 0 2 5.447e+02 5.473e+02 24 0 3 5.059e+02 5.441e+02 355
12251 0
