9772 30 0 3 4.793e+02 4.867e+02 70 0 2 6.687e+02 6.753e+02 62 0 3 1.851e+02 1.929e+02 72 0 2 5.024e+02 5.056e+02 30 0 4 6.678e+02 6.762e+02 78 0 3 4.307e+02 4.513e+02 191 0 4 4.975e+02 5.105e+02 120 0 3 5.086e+02 5.415e+02 306 0 1 6.479e+02 6.541e+02 57 0 1 5.054e+02 5.446e+02 364 0 3 6.430e+02 6.590e+02 148 1 1 6.090e+02 6.090e+02 -24 1 2 4.555e+02 4.685e+02 121 1 3 5.581e+02 5.759e+02 165 1 2 6.300e+02 6.300e+02 -24 1 3 5.995e+02 6.185e+02 177 2 3 1.026e+02 1.074e+02 44 2 1 6.475e+02 6.545e+02 66 2 1 3.948e+02 4.032e+02 77 2 4 4.103e+02 4.297e+02 180 2 3 3.832e+02 4.148e+02 294 2 2 7.765e+01 9.035e+01 118 2 4 2.836e+02 3.044e+02 193 2 4 3.780e+02 3.780e+02 -18 2 4 7.240e+01 9.560e+01 216 2 1 1.870e+02 1.910e+02 36 2 3 3.438e+02 3.702e+02 245 2 2 1.081e+02 1.439e+02 332 2 3 1.833e+02 1.947e+02 106 2 3 1.363e+02 1.577e+02 198
9773 2 0 4 6.212e+02 6.388e+02 163 0 4 5.723e+02 6.037e+02 291
9775 15 0 3 3.915e+02 4.065e+02 139 0 2 3.673e+02 3.887e+02 199 0 1 3.860e+02 4.120e+02 242 0 4 3.623e+02 3.937e+02 292 1 4 5.005e+02 5.075e+02 66 1 1 4.801e+02 4.859e+02 53 1 3 4.752e+02 4.908e+02 145 1 2 4.890e+02 5.190e+02 279 2 2 2.510e+02 2.530e+02 18 2 4 2.459e+02 2.581e+02 114 2 3 2.144e+02 2.476e+02 309 3 4 3.551e+01 4.849e+01 120 3 1 5.867e+01 6.733e+01 80 3 3 5.203e+01 7.397e+01 204 3 2 2.856e+01 5.544e+01 250
9776 13 0 4 3.331e+02 3.389e+02 53 2 2 3.331e+01 5.069e+01 161 2 4 4.190e+02 4.210e+02 18 2 3 1.387e+02 1.553e+02 154 2 2 2.035e+02 2.165e+02 121 2 4 2.841e+02 3.039e+02 185 2 4 3.246e+01 5.154e+01 177 2 2 1.507e+02 1.853e+02 321 2 3 2.566e+02 2.894e+02 305 2 4 1.087e+02 1.433e+02 322 2 4 2.124e+01 6.276e+01 386 2 1 3.668e+01 8.932e+01 489 2 1 -4.065e+00 4.607e+01 466
9777 13 0 4 4.607e+02 4.633e+02 24 0 2 4.612e+02 4.628e+02 15 0 2 6.650e+02 6.790e+02 130 0 4 6.595e+02 6.845e+02 231 0 1 4.226e+02 4.594e+02 342 0 1 6.346e+02 6.674e+02 304 0 3 4.248e+02 4.572e+02 301 1 1 6.086e+02 6.094e+02 7 2 4 5.457e+02 5.463e+02 5 2 3 1.022e+02 1.078e+02 51 2 2 7.015e+01 9.785e+01 257 2 3 1.799e+02 1.981e+02 170 2 4 7.522e+01 9.278e+01 163
9783 0
9786 0
9788 3 0 2 6.275e+02 6.325e+02 46 0 4 6.268e+02 6.332e+02 59 0 1 5.892e+02 6.288e+02 368
9789 10 1 1 2.712e+02 2.748e+02 34 1 3 4.824e+02 4.836e+02 10 1 2 2.898e+02 2.982e+02 77 1 4 5.022e+02 5.058e+02 33 1 1 4.750e+02 4.910e+02 148 1 3 3.111e+02 3.189e+02 72 1 3 4.666e+02 4.994e+02 304 1 4 3.256e+02 3.464e+02 194 1 2 4.886e+02 5.194e+02 286 3 4 4.059e+02 4.341e+02 262
9790 0
9793 12 0 2 6.204e+02 6.396e+02 178 0 1 6.384e+02 6.636e+02 234 0 4 6.171e+02 6.429e+02 239 0 3 6.426e+02 6.594e+02 156 1 3 6.069e+02 6.111e+02 40 1 4 5.693e+02 6.067e+02 347 2 3 2.084e+01 2.116e+01 3 2 2 3.399e+01 5.001e+01 149 2 4 1.569e+02 1.791e+02 206 2 4 3.614e+02 3.946e+02 309 2 2 1.505e+02 1.855e+02 325 2 3 1.652e+02 2.128e+02 442
9794 2 3 1 5.521e+02 5.819e+02 276 3 4 4.878e+02 5.202e+02 300
9796 0
9798 7 0 2 4.555e+02 4.685e+02 120 0 4 4.591e+02 4.649e+02 53 0 1 4.278e+02 4.542e+02 245 0 1 3.802e+02 4.178e+02 350 2 3 6.221e+01 6.379e+01 15 2 4 3.816e+01 4.584e+01 71 2 2 7.747e+01 9.053e+01 121
9800 2 0 1 6.510e+02 6.510e+02 -10 2 1 2.088e+01 2.112e+01 2
9801 0
9803 2 3 2 5.002e+02 5.078e+02 70 3 3 5.193e+02 5.307e+02 106
9805 65 0 3 9.748e+01 1.125e+02 140 0 3 1.869e+02 1.911e+02 40 0 2 2.476e+02 2.564e+02 82 0 1 3.981e+02 3.999e+02 16 0 3 2.694e+02 2.766e+02 67 0 1 5.224e+02 5.276e+02 48 0 3 8.954e+01 1.205e+02 287 0 4 5.863e+02 5.897e+02 31 0 4 1.670e+02 1.690e+02 18 0 4 2.456e+02 2.584e+02 120 0 3 5.229e+02 5.271e+02 40 0 2 2.865e+02 3.015e+02 140 0 1 6.056e+02 6.124e+02 64 0 2 1.544e+02 1.816e+02 252 0 1 6.476e+02 6.544e+02 63 0 4 1.919e+02 2.281e+02 336 0 4 4.090e+02 4.310e+02 205 0 3 2.578e+02 2.882e+02 283 0 2 5.339e+02 5.581e+02 224 0 1 1.754e+02 2.026e+02 252 0 2 6.217e+02 6.383e+02 155 0 4 1.510e+02 1.850e+02 316 0 3 4.278e+02 4.542e+02 245 0 3 5.544e+02 5.796e+02 234 0 3 5.947e+02 6.233e+02 266 0 2 6.720e+02 6.720e+02 -3 0 1 3.811e+02 4.169e+02 333 0 1 6.415e+02 6.605e+02 177 0 3 6.403e+02 6.617e+02 198 0 2 6.615e+02 6.825e+02 196 0 4 6.600e+02 6.840e+02 223 0 1 6.349e+02 6.671e+02 299 0 2 6.547e+02 6.893e+02 320 0 4 6.525e+02 6.915e+02 362 1 2 5.880e+02 5.880e+02 0 1 1 6.083e+02 6.097e+02 12 1 4 5.857e+02 5.903e+02 42 1 3 6.061e+02 6.119e+02 55 1 2 5.748e+02 6.012e+02 245 1 2 6.275e+02 6.325e+02 46 1 1 5.486e+02 5.854e+02 341 1 4 6.284e+02 6.316e+02 30 2 2 8.384e+01 8.416e+01 3 2 4 2.098e+02 2.102e+02 4 2 3 5.626e+02 5.714e+02 81 2 2 2.922e+02 2.958e+02 33 2 3 4.306e+02 4.514e+02 194 2 1 1.774e+01 2.426e+01 60 2 4 5.734e+02 6.026e+02 270 2 4 6.541e+02 6.899e+02 333 2 4 2.513e+02 2.527e+02 12 2 4 2.926e+02 2.954e+02 26 2 3 1.860e+01 2.340e+01 45 2 4 7.864e+01 8.936e+01 100 2 2 2.346e+02 2.694e+02 324 2 1 3.139e+02 3.161e+02 21 2 4 3.170e+02 3.550e+02 353 2 3 4.785e+01 7.815e+01 281 2 4 2.330e+02 2.710e+02 353 2 1 2.655e+02 2.805e+02 140 2 1 9.847e+00 3.215e+01 207 2 3 2.706e+02 2.754e+02 45 2 2 2.757e+01 5.643e+01 268 2 3 3.002e+02 3.298e+02 276 2 1 4.399e+01 8.201e+01 353
9806 7 0 4 1.555e+02 1.805e+02 231 0 4 6.139e+02 6.461e+02 299 0 3 6.346e+02 6.674e+02 304 1 4 6.210e+02 6.390e+02 167 1 1 5.980e+02 6.200e+02 204 1 3 5.966e+02 6.214e+02 230 1 2 6.079e+02 6.521e+02 410
9807 0
9810 10 0 2 6.279e+02 6.321e+02 40 0 3 5.201e+02 5.299e+02 90 0 4 6.263e+02 6.337e+02 69 0 2 6.701e+02 6.739e+02 35 0 1 6.407e+02 6.613e+02 192 0 2 4.936e+02 5.144e+02 194 0 1 5.103e+02 5.397e+02 274 0 1 5.878e+02 6.302e+02 395 0 3 6.320e+02 6.700e+02 353 0 4 4.862e+02 5.218e+02 330
