17122 0
17123 24 0 2 6.708e+02 6.732e+02 23 0 4 3.747e+02 3.813e+02 61 0 1 4.718e+02 4.942e+02 209 0 2 5.354e+02 5.566e+02 197 0 2 6.196e+02 6.404e+02 193 0 4 6.694e+02 6.746e+02 49 0 2 4.964e+02 5.116e+02 141 0 1 5.539e+02 5.801e+02 243 0 4 6.189e+02 6.411e+02 206 0 1 6.403e+02 6.617e+02 198 0 4 4.947e+02 5.133e+02 173 0 4 5.758e+02 6.002e+02 227 0 3 6.406e+02 6.614e+02 193 0 1 5.892e+02 6.288e+02 368 2 4 3.329e+02 3.391e+02 58 2 1 1.685e+01 2.515e+01 77 2 4 6.189e+02 6.411e+02 206 2 3 3.478e+02 3.662e+02 171 2 3 6.491e+02 6.529e+02 36 2 3 1.415e+01 2.785e+01 127 2 2 6.711e+02 6.729e+02 16 2 2 3.243e+02 3.477e+02 217 2 4 3.847e+01 4.553e+01 66 2 1 3.442e+02 3.698e+02 237
17124 2 2 4 2.892e+02 2.988e+02 90 2 3 2.998e+02 3.302e+02 282
17125 4 2 3 6.474e+02 6.546e+02 67 2 3 6.324e+02 6.696e+02 345 3 3 3.079e+02 3.221e+02 132 3 2 3.764e+02 3.796e+02 30
17131 0
17134 3 1 2 6.230e+02 6.370e+02 130 2 1 1.886e+01 2.314e+01 40 2 3 5.654e+02 5.686e+02 30
17136 16 0 2 5.375e+02 5.545e+02 157 0 1 5.457e+02 5.883e+02 395 0 4 5.685e+02 6.075e+02 362 0 3 4.176e+02 4.644e+02 435 0 4 4.414e+02 4.826e+02 382 0 4 5.615e+02 6.145e+02 492 0 3 5.403e+02 5.937e+02 496 0 3 5.839e+02 6.341e+02 466 1 1 4.830e+02 4.830e+02 -1 1 4 4.592e+02 4.648e+02 52 1 3 4.716e+02 4.944e+02 211 1 2 4.486e+02 4.754e+02 250 2 4 8.400e+01 8.400e+01 -10 2 3 9.102e+01 1.190e+02 260 2 4 1.509e+02 1.851e+02 318 2 2 1.456e+02 1.904e+02 416
17137 0
17138 5 0 3 4.374e+02 4.446e+02 67 0 1 6.503e+02 6.517e+02 12 0 3 6.452e+02 6.568e+02 107 2 1 1.904e+01 2.296e+01 36 2 3 1.028e+02 1.072e+02 40
17140 5 0 2 6.715e+02 6.725e+02 9 0 1 4.830e+02 4.830e+02 -20 2 2 8.101e+01 8.699e+01 56 2 3 -1.595e+00 4.360e+01 420 2 1 -3.931e+00 4.593e+01 463
17144 1 0 1 1.299e+02 1.641e+02 318
17145 1 2 4 2.430e+02 2.610e+02 167
17150 4 0 3 3.978e+02 4.002e+02 23 0 4 4.081e+02 4.319e+02 221 1 2 8.052e+01 8.748e+01 65 1 3 1.002e+02 1.098e+02 90
17152 6 0 3 5.499e+02 5.841e+02 318 2 3 6.485e+02 6.535e+02 46 2 4 1.982e+02 2.218e+02 219 2 4 6.677e+02 6.763e+02 80 2 4 1.061e+02 1.459e+02 370 2 2 2.391e+02 2.649e+02 240
17153 1 0 4 6.199e+02 6.401e+02 188
17156 3 1 3 5.632e+02 5.708e+02 71 1 3 5.495e+02 5.845e+02 326 2 1 2.721e+02 2.739e+02 17
17157 11 0 2 1.241e+02 1.279e+02 35 0 4 5.825e+02 5.935e+02 103 0 1 8.931e+01 1.207e+02 291 0 1 5.995e+02 6.185e+02 177 0 4 1.487e+02 1.873e+02 359 0 3 6.022e+02 6.158e+02 126 0 4 5.739e+02 6.021e+02 262 2 2 3.443e+01 4.957e+01 140 2 4 3.336e+01 5.064e+01 160 2 1 8.363e+00 3.364e+01 235 2 3 4.415e+00 3.758e+01 308
17158 0
17160 6 0 3 5.665e+02 5.675e+02 9 0 4 5.873e+02 5.887e+02 12 0 2 6.703e+02 6.737e+02 31 0 2 6.268e+02 6.332e+02 59 0 4 6.701e+02 6.739e+02 35 0 1 6.449e+02 6.571e+02 113
17162 24 0 2 3.721e+02 3.839e+02 109 0 1 3.901e+02 4.079e+02 166 0 4 3.733e+02 3.827e+02 87 0 3 3.883e+02 4.097e+02 200 1 4 3.360e+02 3.360e+02 -14 1 2 3.349e+02 3.371e+02 20 1 1 3.436e+02 3.704e+02 248 1 3 3.419e+02 3.721e+02 281 2 2 4.200e+01 4.200e+01 -13 2 3 2.297e+02 2.323e+02 24 2 1 2.692e+02 2.768e+02 70 2 3 6.082e+01 6.518e+01 40 2 1 1.433e+02 1.507e+02 68 2 4 3.793e+01 4.607e+01 76 2 2 1.216e+02 1.304e+02 81 2 4 2.006e+02 2.194e+02 174 2 1 5.570e+01 7.030e+01 136 2 4 1.183e+02 1.337e+02 142 2 3 7.377e+00 3.462e+01 253 2 4 7.442e+01 9.358e+01 178 2 2 3.022e+01 5.378e+01 219 2 3 8.909e+01 1.209e+02 296 2 1 4.556e+01 8.044e+01 324 2 2 6.948e+01 9.852e+01 270
17163 45 0 3 1.032e+02 1.068e+02 33 0 3 6.085e+02 6.095e+02 9 0 1 1.878e+02 1.902e+02 22 0 4 6.701e+02 6.739e+02 35 0 2 1.225e+02 1.295e+02 65 0 2 6.274e+02 6.326e+02 48 0 4 1.580e+02 1.780e+02 186 0 2 6.676e+02 6.764e+02 81 0 4 2.086e+02 2.114e+02 26 0 4 6.289e+02 6.311e+02 20 0 1 3.508e+02 3.632e+02 115 0 1 6.370e+02 6.650e+02 260 0 3 1.759e+02 2.021e+02 243 0 3 5.082e+02 5.418e+02 312 0 4 3.701e+02 3.859e+02 147 0 1 6.022e+02 6.158e+02 126 0 2 1.103e+02 1.417e+02 292 0 3 6.428e+02 6.592e+02 153 0 2 1.490e+02 1.870e+02 352 0 4 5.765e+02 5.995e+02 213 0 2 1.948e+02 2.252e+02 281 0 3 6.348e+02 6.672e+02 301 0 2 3.606e+02 3.954e+02 324 1 2 6.253e+02 6.347e+02 86 1 4 6.240e+02 6.360e+02 110 1 4 6.109e+02 6.491e+02 356 2 4 2.507e+02 2.533e+02 24 2 3 2.070e+01 2.130e+01 6 2 3 9.806e+01 1.119e+02 129 2 2 1.652e+02 1.708e+02 51 2 3 6.385e+02 6.635e+02 233 2 3 3.056e+02 3.244e+02 174 2 2 3.277e+02 3.443e+02 155 2 1 5.821e+02 6.359e+02 500 2 1 1.532e+01 2.668e+01 106 2 4 1.183e+02 1.337e+02 142 2 3 1.366e+02 1.574e+02 193 2 3 2.605e+02 2.855e+02 233 2 4 3.219e+02 3.501e+02 261 2 2 2.779e+01 5.621e+01 264 2 2 1.130e+02 1.390e+02 241 2 4 1.578e+02 1.782e+02 189 2 1 2.992e+02 3.308e+02 294 2 1 1.316e+02 1.624e+02 286 2 1 1.715e+02 2.065e+02 325
17165 0
17166 13 0 1 6.494e+02 6.526e+02 30 0 4 5.870e+02 5.890e+02 19 0 2 6.687e+02 6.753e+02 61 0 1 5.544e+02 5.796e+02 235 0 4 6.687e+02 6.753e+02 62 0 3 5.507e+02 5.833e+02 303 0 1 6.345e+02 6.675e+02 306 1 2 4.451e+02 4.789e+02 313 2 3 1.797e+01 2.403e+01 56 2 2 4.153e+01 4.247e+01 9 2 2 3.210e+01 5.190e+01 184 2 4 2.824e+01 5.576e+01 256 2 3 5.184e+01 7.416e+01 207
17167 3 2 3 1.866e+02 1.914e+02 46 2 4 1.501e+02 1.859e+02 332 2 2 1.482e+02 1.878e+02 368
17168 5 1 2 8.379e+01 8.421e+01 4 1 3 6.158e+01 6.442e+01 26 1 1 9.995e+01 1.101e+02 94 1 4 7.666e+01 9.134e+01 136 1 1 4.911e+01 7.689e+01 258
17170 24 0 4 2.520e+02 2.520e+02 -2 1 4 5.866e+02 5.894e+02 26 1 4 6.221e+02 6.379e+02 146 1 2 6.192e+02 6.408e+02 200 2 3 6.300e+01 6.300e+01 -5 2 3 3.987e+02 3.993e+02 6 2 4 8.317e+01 8.483e+01 16 2 4 4.620e+02 4.620e+02 -5 2 3 1.446e+02 1.494e+02 44 2 4 2.497e+02 2.543e+02 43 2 2 4.148e+02 4.252e+02 96 2 3 2.729e+02 2.731e+02 1 2 4 3.733e+02 3.827e+02 88 2 1 4.304e+02 4.516e+02 196 2 3 1.850e+01 2.350e+01 46 2 3 1.016e+02 1.084e+02 64 2 1 2.685e+02 2.775e+02 84 2 4 2.856e+01 5.544e+01 250 2 2 7.132e+01 9.668e+01 236 2 4 2.758e+02 3.122e+02 339 2 1 5.126e+01 7.474e+01 218 2 3 9.034e+01 1.197e+02 272 3 1 1.967e+01 2.233e+01 25 3 3 1.276e+01 2.924e+01 153
17173 23 0 3 6.049e+02 6.131e+02 76 0 2 5.011e+02 5.069e+02 53 0 2 4.607e+02 4.633e+02 24 0 1 1.723e+02 2.057e+02 310 0 1 5.910e+02 6.270e+02 334 0 2 2.006e+02 2.194e+02 176 0 2 4.499e+02 4.741e+02 226 0 3 5.048e+02 5.452e+02 376 0 4 5.687e+02 6.073e+02 359 0 4 4.500e+02 4.740e+02 223 0 3 4.698e+02 4.962e+02 245 1 2 6.257e+02 6.343e+02 80 1 1 5.960e+02 6.220e+02 242 1 2 6.122e+02 6.478e+02 330 1 4 6.113e+02 6.487e+02 348 2 1 1.958e+01 2.242e+01 26 2 2 8.343e+01 8.457e+01 10 2 4 1.606e+02 1.754e+02 137 2 4 8.236e+01 8.564e+01 30 2 3 1.831e+02 1.949e+02 110 2 2 7.590e+01 9.210e+01 150 2 3 1.735e+02 2.045e+02 288 2 3 8.985e+01 1.201e+02 281
17175 4 0 4 5.817e+02 5.943e+02 117 0 3 6.052e+02 6.128e+02 71 1 2 5.394e+02 5.526e+02 122 1 2 5.263e+02 5.657e+02 366
17177 9 0 1 4.809e+02 4.851e+02 39 0 4 5.016e+02 5.064e+02 44 0 3 4.701e+02 4.959e+02 240 0 2 4.893e+02 5.187e+02 272 2 2 4.103e+02 4.297e+02 180 2 3 3.827e+02 4.153e+02 303 2 4 3.210e+02 3.510e+02 278 2 4 4.067e+02 4.333e+02 246 2 1 5.646e+01 6.954e+01 121
