17840 2 1 2 6.282e+02 6.318e+02 34 1 4 6.175e+02 6.425e+02 231
17841 8 0 3 2.308e+02 2.312e+02 4 0 2 6.714e+02 6.726e+02 10 0 1 2.679e+02 2.781e+02 96 0 2 4.564e+02 4.676e+02 105 0 4 2.506e+02 2.534e+02 26 0 4 6.713e+02 6.727e+02 14 0 2 2.732e+02 3.148e+02 387 2 2 1.608e+02 1.752e+02 134
17842 2 0 2 1.609e+02 1.751e+02 132 2 4 4.416e+02 4.824e+02 378
17843 0
17846 0
17847 20 0 4 6.300e+02 6.300e+02 -20 0 2 4.996e+02 5.084e+02 81 0 2 6.679e+02 6.761e+02 76 0 4 1.574e+02 1.786e+02 197 0 1 1.812e+02 1.968e+02 146 0 4 6.661e+02 6.779e+02 109 0 1 4.733e+02 4.927e+02 180 0 3 1.807e+02 1.973e+02 155 0 3 4.686e+02 4.974e+02 268 2 1 1.792e+01 2.408e+01 57 2 2 8.348e+01 8.452e+01 10 2 2 4.200e+01 4.200e+01 -4 2 4 7.845e+01 8.955e+01 103 2 3 1.810e+02 1.970e+02 148 2 4 3.816e+01 4.584e+01 71 2 3 8.971e+01 1.203e+02 284 2 1 1.748e+02 2.032e+02 264 2 1 5.445e+01 7.155e+01 159 2 3 5.117e+01 7.483e+01 220 2 3 3.921e+00 3.808e+01 317
17848 2 2 3 1.931e+01 2.269e+01 31 2 3 6.795e+00 3.521e+01 264
17849 39 0 2 2.938e+02 2.942e+02 3 0 4 2.908e+02 2.972e+02 59 0 1 2.546e+02 2.914e+02 342 1 3 5.602e+02 5.738e+02 126 1 1 3.095e+02 3.205e+02 102 1 1 5.606e+02 5.734e+02 119 1 4 3.262e+02 3.458e+02 182 1 3 3.064e+02 3.236e+02 159 1 4 5.632e+02 6.128e+02 460 2 1 1.867e+02 1.913e+02 43 2 2 5.444e+02 5.476e+02 30 2 1 2.310e+02 2.310e+02 -5 2 3 3.110e+02 3.190e+02 74 2 4 4.143e+01 4.257e+01 10 2 3 2.300e+02 2.320e+02 19 2 2 3.209e+02 3.511e+02 280 2 3 4.102e+00 3.790e+01 314 2 3 1.810e+02 1.970e+02 149 2 4 2.005e+02 2.195e+02 176 2 4 3.207e+02 3.513e+02 284 2 2 1.961e+02 2.239e+02 259 2 4 1.927e+02 2.273e+02 321 3 2 1.253e+02 1.267e+02 14 3 2 1.680e+02 1.680e+02 -2 3 1 1.454e+02 1.486e+02 30 3 4 1.662e+02 1.698e+02 34 3 3 1.462e+02 1.478e+02 16 3 1 1.869e+02 1.911e+02 39 3 3 2.582e+02 2.878e+02 276 3 1 1.036e+02 1.064e+02 26 3 3 1.862e+02 1.918e+02 52 3 3 2.133e+02 2.487e+02 328 3 4 1.133e+02 1.387e+02 236 3 1 1.778e+02 2.002e+02 208 3 4 2.377e+02 2.663e+02 266 3 3 1.773e+02 2.007e+02 218 3 1 1.705e+02 2.075e+02 343 3 4 1.888e+02 2.312e+02 394 3 2 1.488e+02 1.872e+02 356
17850 10 0 2 6.615e+02 6.825e+02 195 0 4 6.573e+02 6.867e+02 272 1 4 5.006e+02 5.074e+02 64 2 1 1.895e+01 2.305e+01 38 2 4 1.201e+02 1.319e+02 110 2 3 1.599e+01 2.601e+01 93 2 4 3.385e+01 5.015e+01 151 2 1 5.745e+01 6.855e+01 103 2 3 5.360e+01 7.240e+01 175 2 2 3.067e+01 5.333e+01 210
17851 4 0 2 6.720e+02 6.720e+02 -4 2 4 1.249e+02 1.271e+02 20 2 3 1.318e+02 1.622e+02 283 2 2 1.115e+02 1.405e+02 269
17852 10 0 2 6.712e+02 6.728e+02 16 0 3 5.637e+02 5.703e+02 61 0 4 6.136e+02 6.464e+02 304 0 1 6.448e+02 6.572e+02 115 0 3 5.535e+02 5.805e+02 250 0 2 6.130e+02 6.470e+02 316 0 3 6.462e+02 6.558e+02 90 0 1 6.323e+02 6.697e+02 348 2 1 1.909e+01 2.291e+01 36 2 3 1.770e+01 2.430e+01 61
17853 3 2 3 1.830e+02 1.950e+02 111 2 2 1.546e+02 1.814e+02 249 2 4 1.529e+02 1.831e+02 280
17854 11 0 3 6.426e+02 6.594e+02 156 1 1 6.048e+02 6.132e+02 79 1 2 6.227e+02 6.373e+02 136 1 1 5.911e+02 6.269e+02 332 1 4 6.133e+02 6.467e+02 310 2 2 3.339e+02 3.381e+02 39 2 1 6.042e+01 6.558e+01 48 2 4 3.253e+02 3.467e+02 199 2 2 3.067e+01 5.333e+01 210 2 3 2.987e+02 3.313e+02 303 2 1 3.420e+02 3.720e+02 278
17855 23 0 1 4.786e+02 4.874e+02 82 0 4 6.669e+02 6.771e+02 96 0 4 4.967e+02 5.113e+02 136 0 2 6.627e+02 6.813e+02 173 0 1 6.363e+02 6.657e+02 272 0 2 4.861e+02 5.219e+02 333 0 3 6.310e+02 6.710e+02 371 0 2 6.518e+02 6.922e+02 376 0 4 6.491e+02 6.949e+02 425 1 3 3.132e+02 3.168e+02 34 1 2 6.227e+02 6.373e+02 136 1 3 2.589e+02 2.871e+02 261 1 4 6.179e+02 6.421e+02 224 1 4 2.772e+02 3.108e+02 311 1 4 6.116e+02 6.484e+02 341 2 2 2.488e+02 2.552e+02 60 2 2 3.354e+01 5.046e+01 157 2 4 6.635e+02 6.805e+02 158 2 3 6.387e+00 3.561e+01 271 2 4 2.496e+01 5.904e+01 316 2 4 6.517e+02 6.923e+02 377 2 1 4.256e+01 8.344e+01 380 2 1 2.861e-01 4.171e+01 385
17857 0
17859 13 0 2 6.699e+02 6.741e+02 39 0 1 4.704e+02 4.956e+02 234 0 4 6.687e+02 6.753e+02 62 1 4 6.179e+02 6.421e+02 225 1 1 5.950e+02 6.230e+02 260 2 1 1.470e+02 1.470e+02 -12 2 2 7.751e+01 9.049e+01 120 2 4 1.564e+02 1.796e+02 216 2 2 2.080e+02 2.120e+02 38 2 1 1.236e+01 2.964e+01 160 2 3 9.268e+01 1.173e+02 229 2 1 1.754e+02 2.026e+02 252 2 4 2.437e+02 2.603e+02 155
17861 22 0 3 6.056e+02 6.124e+02 63 0 4 6.704e+02 6.736e+02 30 0 2 5.363e+02 5.557e+02 180 0 2 6.295e+02 6.305e+02 9 0 1 6.479e+02 6.541e+02 58 0 3 5.564e+02 5.776e+02 196 0 4 6.283e+02 6.317e+02 32 0 2 6.600e+02 6.840e+02 223 0 1 5.535e+02 5.805e+02 250 0 4 6.142e+02 6.458e+02 294 0 3 6.274e+02 6.746e+02 439 0 2 6.503e+02 6.937e+02 402 0 4 6.516e+02 6.924e+02 378 1 4 6.277e+02 6.323e+02 42 1 1 6.055e+02 6.125e+02 65 1 3 5.948e+02 6.232e+02 265 2 1 3.549e+02 3.591e+02 39 2 1 3.926e+02 4.054e+02 118 2 4 2.773e+02 3.107e+02 310 2 2 3.221e+02 3.499e+02 258 2 4 2.294e+02 2.746e+02 419 2 3 2.570e+02 2.890e+02 296
17862 0
17864 1 3 1 2.272e+02 2.348e+02 70
17868 0
17869 3 0 1 4.270e+02 4.550e+02 260 1 1 3.068e+02 3.232e+02 153 2 1 1.339e+01 2.861e+01 141
17872 4 0 1 4.720e+02 4.940e+02 205 0 2 4.887e+02 5.193e+02 284 0 4 4.818e+02 5.262e+02 413 0 3 4.988e+02 5.512e+02 486
17873 14 0 4 5.828e+02 5.932e+02 97 0 1 3.507e+02 3.633e+02 116 0 2 6.671e+02 6.769e+02 91 0 2 3.668e+02 3.892e+02 207 0 1 5.916e+02 6.264e+02 324 0 4 6.645e+02 6.795e+02 139 0 4 3.682e+02 3.878e+02 181 0 3 5.955e+02 6.225e+02 250 2 3 1.828e+01 2.372e+01 50 2 2 3.702e+02 3.858e+02 146 2 1 5.835e+01 6.765e+01 86 2 2 7.653e+01 9.147e+01 139 2 1 3.467e+02 3.673e+02 192 2 1 3.394e+02 3.746e+02 326
17874 13 2 4 3.353e+02 3.367e+02 14 2 2 2.509e+02 2.531e+02 21 2 3 5.667e+02 5.673e+02 5 2 3 3.126e+02 3.174e+02 44 2 1 6.300e+01 6.300e+01 -10 2 3 5.519e+02 5.821e+02 281 2 1 2.615e+02 2.845e+02 214 2 1 3.805e+02 4.175e+02 343 2 3 6.064e+01 6.536e+01 44 2 2 2.761e+02 3.119e+02 332 2 2 3.210e+01 5.190e+01 184 2 4 3.663e+01 4.737e+01 100 3 4 3.089e+01 5.311e+01 206
17875 6 0 2 6.219e+02 6.381e+02 150 0 4 6.197e+02 6.403e+02 191 0 3 6.402e+02 6.618e+02 201 1 4 5.833e+02 5.927e+02 88 2 4 7.913e+01 8.887e+01 90 2 3 1.468e+02 1.472e+02 4
17877 2 1 1 5.919e+02 6.261e+02 317 2 4 5.781e+01 1.102e+02 486
17878 2 0 3 5.611e+02 5.729e+02 110 0 1 5.558e+02 5.782e+02 208
17881 0
17882 0
17883 6 0 2 3.774e+02 3.786e+02 10 0 4 3.668e+02 3.892e+02 207 0 3 3.845e+02 4.135e+02 270 0 1 3.400e+02 3.740e+02 316 0 3 6.245e+02 6.775e+02 492 1 2 6.095e+02 6.505e+02 380
17884 2 0 4 6.715e+02 6.725e+02 9 1 2 6.235e+02 6.365e+02 121
