24078 9 0 3 5.562e+02 5.778e+02 200 2 2 2.502e+02 2.538e+02 34 2 1 2.713e+02 2.747e+02 32 2 4 2.051e+02 2.149e+02 90 2 1 8.945e+00 3.305e+01 224 2 3 2.272e+02 2.348e+02 71 2 4 6.575e+01 1.022e+02 339 2 1 2.137e+02 2.483e+02 322 3 1 4.852e+01 7.748e+01 269
24079 51 0 1 3.136e+02 3.164e+02 26 0 4 3.342e+02 3.378e+02 33 0 2 3.229e+02 3.491e+02 243 0 4 5.738e+02 6.022e+02 264 1 2 6.284e+02 6.316e+02 30 1 2 5.876e+02 5.884e+02 7 1 1 6.066e+02 6.114e+02 45 1 3 6.084e+02 6.096e+02 11 1 2 5.752e+02 6.008e+02 238 1 4 6.236e+02 6.364e+02 120 1 4 6.135e+02 6.465e+02 306 2 3 3.570e+02 3.570e+02 -22 2 4 5.455e+02 5.465e+02 9 2 3 2.012e+01 2.188e+01 16 2 2 1.636e+02 1.724e+02 81 2 1 3.968e+02 4.012e+02 40 2 4 2.043e+02 2.157e+02 106 2 2 4.610e+02 4.630e+02 18 2 3 5.663e+02 5.677e+02 14 2 2 3.995e+01 4.405e+01 38 2 4 5.874e+02 5.886e+02 10 2 1 1.836e+02 1.944e+02 100 2 1 6.493e+02 6.527e+02 32 2 1 2.264e+02 2.356e+02 86 2 1 3.898e+02 4.082e+02 170 2 4 3.724e+02 3.836e+02 105 2 4 4.609e+02 4.631e+02 20 2 1 1.518e+01 2.682e+01 108 2 1 5.586e+02 5.754e+02 156 2 2 1.146e+02 1.374e+02 211 2 2 5.789e+02 5.971e+02 170 2 4 1.567e+02 1.793e+02 210 2 3 6.501e+02 6.519e+02 17 2 2 2.476e+02 2.564e+02 82 2 3 4.287e+02 4.533e+02 228 2 4 3.219e+02 3.501e+02 261 2 1 4.770e+02 4.890e+02 112 2 1 4.884e+01 7.716e+01 263 2 4 5.762e+02 5.998e+02 219 2 3 1.305e+02 1.635e+02 306 2 2 6.665e+02 6.775e+02 102 2 2 1.971e+02 2.229e+02 240 2 3 3.808e+02 4.172e+02 338 2 1 3.204e+00 3.880e+01 330 2 4 4.493e+02 4.747e+02 236 2 3 2.130e+02 2.490e+02 335 2 1 5.976e+02 6.204e+02 211 2 3 5.959e+02 6.221e+02 244 2 4 6.149e+02 6.451e+02 280 3 4 6.578e+02 6.862e+02 263 3 3 1.680e+01 2.520e+01 78
24081 0
24082 10 0 2 3.360e+02 3.360e+02 -1 0 4 4.200e+02 4.200e+02 -14 0 1 3.044e+02 3.256e+02 196 0 3 3.920e+02 4.060e+02 130 0 4 3.256e+02 3.464e+02 194 2 2 8.400e+01 8.400e+01 -20 2 4 8.092e+01 8.708e+01 57 2 3 5.252e+01 7.348e+01 195 2 4 2.780e+02 3.100e+02 297 2 1 4.992e+01 7.608e+01 243
24083 10 0 3 6.499e+02 6.521e+02 21 0 4 6.552e+02 6.888e+02 311 0 1 6.359e+02 6.661e+02 280 1 2 5.864e+02 5.896e+02 30 1 4 6.224e+02 6.376e+02 141 1 4 5.839e+02 5.921e+02 76 1 4 5.431e+02 5.489e+02 55 1 1 5.913e+02 6.267e+02 328 1 3 5.922e+02 6.258e+02 311 2 3 9.600e+01 1.140e+02 167
24084 7 0 1 6.491e+02 6.529e+02 36 0 3 6.467e+02 6.553e+02 80 0 2 6.111e+02 6.489e+02 351 0 4 6.154e+02 6.446e+02 271 0 2 6.533e+02 6.907e+02 347 2 4 2.055e+02 2.145e+02 83 2 3 1.487e+01 2.713e+01 114
24085 6 2 4 2.498e+02 2.542e+02 41 2 3 1.461e+02 1.479e+02 16 2 3 2.705e+02 2.755e+02 46 2 4 1.183e+02 1.337e+02 144 2 4 1.670e+02 1.690e+02 18 2 3 1.310e+02 1.630e+02 298
24086 76 0 2 6.298e+02 6.302e+02 4 0 2 3.766e+02 3.794e+02 26 0 4 4.189e+02 4.211e+02 20 0 3 6.028e+01 6.572e+01 50 0 4 5.035e+02 5.045e+02 10 0 1 1.823e+02 1.957e+02 124 0 2 5.381e+02 5.539e+02 147 0 2 2.086e+02 2.114e+02 26 0 4 6.286e+02 6.314e+02 26 0 1 3.546e+02 3.594e+02 44 0 4 6.660e+02 6.780e+02 112 0 1 5.368e+01 7.232e+01 173 0 1 4.367e+02 4.453e+02 80 0 4 7.078e+01 9.722e+01 246 0 2 4.594e+02 4.646e+02 49 0 3 2.284e+02 2.336e+02 49 0 3 5.553e+02 5.787e+02 218 0 2 2.721e+01 5.679e+01 275 0 3 6.061e+02 6.119e+02 54 0 4 2.412e+02 2.628e+02 200 0 1 6.411e+02 6.609e+02 185 0 1 3.932e+02 4.048e+02 107 0 1 4.765e+02 4.895e+02 120 0 1 5.535e+02 5.805e+02 251 0 4 6.181e+02 6.419e+02 221 0 3 6.382e+02 6.638e+02 237 0 3 3.848e+02 4.132e+02 263 0 3 4.750e+02 4.910e+02 148 0 1 5.995e+02 6.185e+02 176 0 4 6.572e+02 6.868e+02 276 0 2 5.004e+02 5.076e+02 66 0 3 5.922e+02 6.258e+02 312 0 3 6.313e+02 6.707e+02 366 0 4 4.519e+02 4.721e+02 188 0 4 5.724e+02 6.036e+02 289 0 2 6.541e+02 6.899e+02 332 1 4 4.619e+02 4.621e+02 2 1 4 5.031e+02 5.049e+02 16 1 4 5.873e+02 5.887e+02 13 1 4 4.424e+02 4.816e+02 364 1 4 6.294e+02 6.306e+02 11 1 2 5.450e+02 5.470e+02 19 1 2 6.299e+02 6.301e+02 2 1 4 4.903e+02 5.177e+02 254 1 4 5.402e+02 5.518e+02 107 1 3 5.953e+02 6.227e+02 254 1 3 5.095e+02 5.405e+02 287 1 1 5.654e+02 5.686e+02 30 1 1 5.948e+02 6.232e+02 263 1 3 5.550e+02 5.790e+02 222 1 2 5.733e+02 6.027e+02 273 1 4 5.716e+02 6.044e+02 305 2 1 1.922e+01 2.278e+01 33 2 4 5.034e+02 5.046e+02 10 2 3 9.838e+01 1.116e+02 123 2 3 5.230e+02 5.270e+02 38 2 4 1.659e+02 1.701e+02 40 2 2 5.874e+02 5.886e+02 11 2 2 1.187e+02 1.333e+02 135 2 2 6.704e+02 6.736e+02 30 2 3 5.063e+01 7.537e+01 230 2 2 5.443e+02 5.477e+02 31 2 2 8.047e+01 8.753e+01 66 2 4 5.866e+02 5.894e+02 26 2 3 7.737e+00 3.426e+01 246 2 1 6.475e+02 6.545e+02 66 2 4 7.280e+01 9.520e+01 208 2 1 5.213e+02 5.287e+02 68 2 3 6.034e+02 6.146e+02 104 2 1 6.362e+02 6.658e+02 275 2 4 4.842e+02 5.238e+02 367 2 3 5.502e+02 5.838e+02 311 2 2 6.283e+02 6.317e+02 32 2 1 5.085e+02 5.415e+02 307 2 2 5.272e+02 5.648e+02 350 3 1 1.040e+02 1.060e+02 19
24087 0
24089 6 0 4 6.677e+02 6.763e+02 80 0 3 3.932e+02 4.048e+02 108 0 2 3.629e+02 3.931e+02 280 0 4 4.019e+02 4.381e+02 336 0 1 3.784e+02 4.196e+02 383 1 4 6.290e+02 6.310e+02 19
24091 1 0 3 6.400e+02 6.620e+02 205
24092 58 0 1 5.654e+02 5.686e+02 30 0 4 3.762e+02 3.798e+02 34 0 1 6.483e+02 6.537e+02 50 0 3 2.226e+02 2.394e+02 156 0 3 3.952e+02 4.028e+02 70 0 1 3.555e+02 3.585e+02 27 0 4 5.030e+02 5.050e+02 19 0 4 3.968e+01 4.432e+01 43 0 2 5.460e+02 5.460e+02 -0 0 1 1.349e+02 1.591e+02 225 0 4 5.847e+02 5.913e+02 62 0 4 1.972e+02 2.228e+02 237 0 3 6.506e+02 6.514e+02 8 0 4 3.225e+02 3.495e+02 250 0 4 4.185e+02 4.215e+02 28 0 2 2.324e+02 2.716e+02 364 0 4 4.615e+02 4.625e+02 9 0 2 3.633e+02 3.927e+02 272 0 3 5.610e+02 5.730e+02 110 0 1 6.085e+02 6.095e+02 9 0 2 6.704e+02 6.736e+02 30 0 1 3.939e+02 4.041e+02 96 0 1 4.788e+02 4.872e+02 78 0 1 5.162e+02 5.338e+02 163 0 3 6.057e+02 6.123e+02 61 1 4 6.300e+02 6.300e+02 0 1 1 4.814e+02 4.846e+02 30 1 4 5.854e+02 5.906e+02 49 1 1 6.052e+02 6.128e+02 70 1 1 5.643e+02 5.697e+02 50 1 3 6.066e+02 6.114e+02 44 1 3 5.663e+02 5.677e+02 13 1 2 6.296e+02 6.304e+02 7 1 2 5.862e+02 5.898e+02 34 1 4 5.354e+02 5.566e+02 196 1 1 5.561e+02 5.779e+02 203 1 2 5.738e+02 6.022e+02 264 2 2 3.349e+02 3.371e+02 20 2 1 1.945e+01 2.255e+01 29 2 3 1.034e+02 1.066e+02 30 2 1 4.345e+02 4.475e+02 120 2 2 1.641e+02 1.719e+02 73 2 4 4.142e+02 4.258e+02 107 2 4 2.085e+02 2.115e+02 27 2 4 2.887e+02 2.993e+02 98 2 3 4.278e+02 4.542e+02 245 2 3 1.958e+01 2.242e+01 26 2 2 4.038e+02 4.362e+02 301 2 2 7.823e+01 8.977e+01 107 2 3 1.883e+02 1.897e+02 12 2 2 2.031e+02 2.169e+02 129 2 3 3.094e+02 3.206e+02 104 2 1 3.520e+02 3.620e+02 93 2 4 3.807e+01 4.593e+01 73 2 4 8.092e+01 8.708e+01 57 2 4 1.622e+02 1.738e+02 108 2 1 2.200e+02 2.420e+02 205 2 2 2.896e+02 2.984e+02 82
24094 1 2 1 9.990e+01 1.101e+02 95
24095 7 0 4 5.037e+02 5.043e+02 6 0 4 3.734e+02 3.826e+02 85 0 2 4.998e+02 5.082e+02 79 0 3 4.708e+02 4.952e+02 226 1 2 1.074e+02 1.446e+02 345 3 1 4.402e+02 4.418e+02 16 3 3 2.225e+02 2.395e+02 158
24096 0
24098 0
24099 14 0 1 6.072e+02 6.108e+02 34 0 3 6.050e+02 6.130e+02 74 0 2 6.114e+02 6.486e+02 346 0 4 6.163e+02 6.437e+02 254 1 4 6.232e+02 6.368e+02 127 1 3 5.965e+02 6.215e+02 233 2 3 9.712e+01 1.129e+02 146 2 1 6.061e+02 6.119e+02 54 2 3 2.688e+02 2.772e+02 79 2 2 1.174e+02 1.346e+02 160 2 3 4.678e+01 7.922e+01 301 2 4 1.087e+02 1.433e+02 320 2 3 8.873e+01 1.213e+02 302 3 4 4.050e+02 4.350e+02 278
24100 4 2 4 3.538e+01 4.862e+01 123 2 1 6.261e+01 6.339e+01 7 2 3 5.310e+01 7.290e+01 184 2 2 2.784e+01 5.616e+01 263
24101 16 0 1 3.944e+02 4.036e+02 86 0 1 5.617e+02 5.723e+02 99 0 3 3.988e+02 3.992e+02 4 0 2 3.619e+02 3.941e+02 299 0 4 5.799e+02 5.961e+02 150 0 4 4.025e+02 4.375e+02 326 1 3 5.670e+02 5.670e+02 -4 1 1 5.581e+02 5.759e+02 165 1 2 5.297e+02 5.623e+02 303 2 2 5.408e+02 5.512e+02 97 2 2 6.285e+02 6.315e+02 28 2 4 2.343e+02 2.697e+02 329 2 1 5.625e+02 5.715e+02 83 2 2 6.840e+01 9.960e+01 290 2 4 6.571e+01 1.023e+02 340 3 1 2.298e+02 2.322e+02 23
24105 6 0 1 6.510e+02 6.510e+02 -4 0 3 6.499e+02 6.521e+02 21 0 4 5.806e+02 5.954e+02 137 0 4 6.560e+02 6.880e+02 298 0 3 5.978e+02 6.202e+02 209 1 2 6.292e+02 6.308e+02 16
24106 0
24107 13 0 2 5.460e+02 5.460e+02 -4 0 2 6.297e+02 6.303e+02 6 0 4 6.262e+02 6.338e+02 70 0 1 5.106e+02 5.394e+02 268 0 3 5.909e+02 6.271e+02 336 0 1 6.328e+02 6.692e+02 337 0 3 5.505e+02 5.835e+02 306 0 2 6.148e+02 6.452e+02 282 2 2 8.400e+01 8.400e+01 -19 3 4 8.400e+01 8.400e+01 -0 3 1 9.959e+01 1.104e+02 100 3 2 7.536e+01 9.264e+01 160 3 3 8.990e+01 1.201e+02 280
24110 0
24112 1 3 2 1.656e+02 1.704e+02 46
24113 20 0 1 6.470e+02 6.550e+02 75 0 2 6.697e+02 6.743e+02 43 0 3 8.855e+01 1.215e+02 306 0 4 5.738e+02 6.022e+02 264 0 4 6.584e+02 6.856e+02 252 0 2 5.225e+02 5.695e+02 436 0 4 6.130e+02 6.470e+02 316 0 3 6.306e+02 6.714e+02 379 0 3 5.453e+02 5.887e+02 404 0 1 5.889e+02 6.291e+02 374 0 1 6.255e+02 6.765e+02 474 0 3 5.870e+02 6.310e+02 409 0 2 6.097e+02 6.503e+02 376 2 4 3.334e+02 3.386e+02 49 2 3 3.479e+02 3.661e+02 170 2 3 3.419e+02 3.721e+02 281 2 4 2.075e+01 6.325e+01 395 2 2 6.068e+01 1.073e+02 433 2 3 4.283e+01 8.317e+01 375 3 1 -5.455e+00 4.746e+01 491
24115 3 0 1 2.097e+02 2.523e+02 396 2 1 2.043e+01 2.157e+01 10 2 3 1.070e+01 3.130e+01 191
24117 2 0 2 6.256e+02 6.344e+02 82 0 4 6.216e+02 6.384e+02 156
24118 2 2 4 8.254e+01 8.546e+01 27 2 4 3.771e+01 4.629e+01 80
24119 67 0 3 6.066e+02 6.114e+02 44 0 4 7.913e+01 8.887e+01 90 0 1 5.242e+02 5.258e+02 16 0 2 2.486e+02 2.554e+02 63 0 4 5.812e+02 5.948e+02 126 0 4 1.499e+02 1.861e+02 336 0 1 6.360e+02 6.660e+02 279 0 2 2.100e+02 2.100e+02 -14 0 1 4.690e+02 4.970e+02 260 0 3 2.266e+02 2.354e+02 82 0 2 5.286e+02 5.634e+02 324 0 2 6.254e+02 6.346e+02 86 0 3 6.387e+02 6.633e+02 229 0 2 4.862e+02 5.218e+02 330 0 3 5.479e+02 5.861e+02 356 0 4 6.232e+02 6.368e+02 126 0 4 6.575e+02 6.865e+02 270 1 1 5.216e+02 5.284e+02 63 1 2 6.275e+02 6.325e+02 46 1 3 5.177e+02 5.323e+02 136 1 4 6.269e+02 6.331e+02 58 1 2 4.861e+02 5.219e+02 333 1 2 5.740e+02 6.020e+02 260 1 3 5.950e+02 6.230e+02 260 1 4 4.836e+02 5.244e+02 380 1 4 5.260e+02 5.660e+02 372 2 2 2.514e+02 2.526e+02 10 2 3 3.956e+02 4.024e+02 63 2 4 1.235e+02 1.285e+02 46 2 1 4.825e+02 4.835e+02 9 2 3 1.863e+02 1.917e+02 50 2 2 4.171e+02 4.229e+02 55 2 4 2.511e+02 2.529e+02 17 2 3 4.821e+02 4.839e+02 17 2 3 2.715e+02 2.745e+02 28 2 1 5.169e+02 5.331e+02 151 2 2 3.742e+02 3.818e+02 70 2 4 6.180e+02 6.420e+02 223 2 2 8.236e+01 8.564e+01 30 2 4 4.166e+02 4.234e+02 64 2 3 1.440e+02 1.500e+02 56 2 2 5.015e+02 5.065e+02 47 2 1 2.262e+02 2.358e+02 90 2 1 4.387e+02 4.433e+02 43 2 1 2.548e+02 2.912e+02 338 2 4 4.547e+02 4.693e+02 136 2 4 3.293e+02 3.427e+02 124 2 1 3.914e+02 4.066e+02 140 2 3 4.763e+01 7.837e+01 286 2 2 4.438e+02 4.802e+02 337 2 4 7.675e+01 9.125e+01 135 2 2 4.113e+02 4.287e+02 161 2 2 1.644e+02 1.716e+02 67 2 4 4.412e+02 4.828e+02 386 2 3 2.304e+02 2.316e+02 10 2 3 4.274e+02 4.546e+02 252 2 4 3.655e+02 3.905e+02 233 2 1 4.224e+02 4.596e+02 345 2 4 1.079e+02 1.441e+02 336 2 4 1.666e+02 1.694e+02 26 2 4 2.005e+02 2.195e+02 176 2 2 3.187e+02 3.533e+02 321 2 1 1.866e+02 1.914e+02 45 2 4 2.391e+02 2.649e+02 240 2 1 1.693e+02 2.087e+02 366 2 2 1.901e+02 2.299e+02 370 2 4 1.930e+02 2.270e+02 316
24120 2 0 4 4.924e+02 5.156e+02 215 2 4 3.219e+02 3.501e+02 261
24122 1 0 2 6.476e+02 6.964e+02 454
