38896 8 0 4 6.655e+02 6.785e+02 121 0 4 6.168e+02 6.432e+02 245 0 2 6.601e+02 6.839e+02 221 0 1 6.398e+02 6.622e+02 207 2 1 2.705e+02 2.755e+02 46 2 2 2.392e+02 2.648e+02 237 2 3 2.651e+02 2.809e+02 147 2 4 2.424e+02 2.616e+02 179
38897 2 0 3 5.250e+02 5.250e+02 -20 0 4 6.551e+02 6.889e+02 315
38898 11 0 4 5.020e+02 5.060e+02 36 0 1 6.302e+02 6.718e+02 386 0 3 5.446e+02 5.894e+02 416 0 4 5.669e+02 6.091e+02 391 0 3 6.302e+02 6.718e+02 387 0 2 6.499e+02 6.941e+02 410 0 4 6.486e+02 6.954e+02 435 2 4 1.067e+02 1.453e+02 359 2 1 1.243e+02 1.697e+02 422 2 4 1.896e+02 2.304e+02 378 2 3 2.081e+02 2.539e+02 425
38899 0
38900 0
38901 8 2 4 2.056e+02 2.144e+02 81 2 4 6.645e+02 6.795e+02 140 2 1 2.239e+02 2.381e+02 131 2 3 2.283e+02 2.337e+02 50 2 4 2.420e+02 2.620e+02 186 2 2 1.993e+02 2.207e+02 199 2 3 2.187e+02 2.433e+02 229 3 3 2.057e+01 2.143e+01 8
38906 36 0 2 4.965e+02 5.115e+02 140 0 3 5.129e+02 5.371e+02 224 0 1 6.507e+02 6.513e+02 6 0 4 4.942e+02 5.138e+02 181 0 1 5.138e+02 5.362e+02 209 0 4 4.049e+02 4.351e+02 280 1 3 5.658e+02 5.682e+02 22 1 1 4.390e+02 4.430e+02 38 1 3 5.231e+02 5.269e+02 36 1 2 5.426e+02 5.494e+02 64 1 1 6.034e+02 6.146e+02 105 1 1 5.150e+02 5.350e+02 186 1 4 5.374e+02 5.546e+02 160 1 3 5.983e+02 6.197e+02 198 1 2 4.898e+02 5.182e+02 265 1 4 5.307e+02 5.613e+02 284 1 2 6.188e+02 6.412e+02 209 1 4 6.230e+02 6.370e+02 130 2 4 2.465e+02 2.575e+02 102 2 2 2.940e+02 2.940e+02 -2 2 2 3.337e+02 3.383e+02 43 2 3 5.939e+01 6.661e+01 67 2 4 5.767e+02 5.993e+02 210 2 2 8.106e+01 8.694e+01 55 2 4 2.055e+02 2.145e+02 84 2 3 3.108e+02 3.192e+02 77 2 4 3.197e+02 3.523e+02 302 2 4 3.758e+01 4.642e+01 82 2 4 7.105e+01 9.695e+01 240 2 2 2.453e+02 2.587e+02 125 2 3 2.714e+02 2.746e+02 29 2 1 3.419e+02 3.721e+02 280 2 4 2.776e+02 3.104e+02 304 2 1 2.956e+02 3.344e+02 360 2 1 2.545e+02 2.915e+02 343 2 3 2.532e+02 2.928e+02 368
38907 3 0 4 3.292e+02 3.428e+02 126 2 2 4.964e+02 5.116e+02 140 2 1 4.709e+02 4.951e+02 226
38908 0
38909 1 0 4 5.018e+02 5.062e+02 40
38911 0
38913 2 0 3 6.413e+02 6.607e+02 180 0 4 6.603e+02 6.837e+02 217
38914 2 0 3 3.806e+02 4.174e+02 342 0 4 3.985e+02 4.415e+02 400
38918 2 0 3 4.829e+02 4.831e+02 2 0 4 4.867e+02 5.213e+02 322
38919 0
38920 4 0 1 6.022e+02 6.158e+02 126 0 4 6.218e+02 6.382e+02 152 0 3 5.954e+02 6.226e+02 252 0 2 6.162e+02 6.438e+02 256
38921 0
38923 17 0 1 1.857e+02 1.923e+02 62 0 2 2.100e+02 2.100e+02 -12 0 1 5.670e+02 5.670e+02 -20 0 3 5.615e+02 5.725e+02 102 0 4 6.716e+02 6.724e+02 7 0 4 4.985e+02 5.095e+02 102 0 1 6.012e+02 6.168e+02 145 0 2 6.616e+02 6.824e+02 193 0 3 4.759e+02 4.901e+02 132 0 3 5.996e+02 6.184e+02 174 0 4 6.598e+02 6.842e+02 227 0 2 4.514e+02 4.726e+02 197 2 3 1.967e+01 2.233e+01 25 2 4 3.663e+01 4.737e+01 100 2 1 7.737e+00 3.426e+01 246 2 4 2.528e+01 5.872e+01 310 2 1 5.203e+01 7.397e+01 204
38926 20 2 4 6.287e+02 6.313e+02 24 2 3 1.985e+01 2.215e+01 21 2 4 7.890e+01 8.910e+01 95 2 1 4.387e+02 4.433e+02 42 2 4 3.721e+02 3.839e+02 109 2 1 6.495e+02 6.525e+02 27 2 2 2.690e+01 5.710e+01 280 2 3 3.942e+02 4.038e+02 90 2 3 1.022e+02 1.078e+02 51 2 3 6.494e+02 6.526e+02 30 2 4 1.565e+02 1.795e+02 214 2 2 4.174e+02 4.226e+02 48 2 4 3.621e+02 3.939e+02 296 2 2 6.604e+02 6.836e+02 215 2 2 1.122e+02 1.398e+02 256 2 1 4.301e+02 4.519e+02 202 2 4 1.491e+02 1.869e+02 351 2 4 6.569e+02 6.871e+02 280 2 4 1.100e+02 1.420e+02 297 3 1 2.084e+01 2.116e+01 3
38928 4 1 3 6.066e+02 6.114e+02 44 1 2 5.760e+02 6.000e+02 222 1 4 5.729e+02 6.031e+02 280 1 3 5.526e+02 5.814e+02 268
38929 3 0 4 2.354e+02 2.686e+02 309 2 3 1.033e+02 1.067e+02 31 2 4 7.415e+01 9.385e+01 183
38930 0
38931 8 1 4 5.677e+02 6.083e+02 376 2 4 3.357e+02 3.363e+02 6 2 1 3.552e+02 3.588e+02 34 2 2 3.231e+02 3.489e+02 239 2 2 4.873e+02 5.207e+02 310 2 3 3.453e+02 3.687e+02 217 3 2 4.081e+01 4.319e+01 22 3 2 2.873e+01 5.527e+01 246
38933 6 0 1 1.049e+02 1.051e+02 1 0 3 6.497e+02 6.523e+02 25 0 2 1.243e+02 1.277e+02 31 0 2 6.181e+02 6.419e+02 220 0 4 6.538e+02 6.902e+02 337 2 3 7.690e+00 3.431e+01 247
38935 35 0 4 6.286e+02 6.314e+02 26 0 1 3.988e+02 3.992e+02 5 0 1 3.126e+02 3.174e+02 44 0 1 4.792e+02 4.868e+02 71 0 2 3.286e+02 3.434e+02 137 0 1 6.072e+02 6.108e+02 34 0 4 3.262e+02 3.458e+02 182 0 2 6.666e+02 6.774e+02 100 0 3 3.948e+02 4.032e+02 77 0 3 4.786e+02 4.874e+02 82 0 3 6.063e+02 6.117e+02 50 0 4 6.705e+02 6.735e+02 27 0 4 4.090e+02 4.310e+02 204 0 2 4.884e+02 5.196e+02 289 0 2 6.251e+02 6.349e+02 90 0 4 6.573e+02 6.867e+02 274 0 4 4.858e+02 5.222e+02 337 0 4 6.124e+02 6.476e+02 326 0 1 6.367e+02 6.653e+02 266 0 1 5.946e+02 6.234e+02 267 0 3 6.334e+02 6.686e+02 326 0 2 6.108e+02 6.492e+02 356 1 4 6.300e+02 6.300e+02 -14 1 1 4.809e+02 4.851e+02 40 1 2 5.460e+02 5.460e+02 -20 1 2 6.300e+02 6.300e+02 -10 1 2 4.901e+02 5.179e+02 258 2 4 1.659e+02 1.701e+02 39 2 3 3.544e+02 3.596e+02 48 2 1 5.710e+01 6.890e+01 110 2 1 3.512e+02 3.628e+02 108 2 3 6.217e+01 6.383e+01 16 2 2 6.768e+01 1.003e+02 303 2 2 3.681e+02 3.879e+02 183 2 1 4.651e+01 7.949e+01 306
38936 9 0 2 3.351e+02 3.369e+02 16 0 4 5.844e+02 5.916e+02 66 0 1 3.553e+02 3.587e+02 31 0 3 6.037e+02 6.143e+02 98 0 4 3.721e+02 3.839e+02 109 0 3 5.904e+02 6.276e+02 346 0 2 6.571e+02 6.869e+02 276 0 4 6.531e+02 6.909e+02 350 1 1 6.024e+02 6.156e+02 123
38937 4 0 1 5.637e+02 5.703e+02 62 0 4 5.849e+02 5.911e+02 58 0 1 1.721e+02 2.059e+02 314 1 4 4.473e+02 4.767e+02 273
38939 28 0 2 6.625e+02 6.815e+02 177 0 3 4.354e+02 4.466e+02 105 0 3 4.426e+01 8.174e+01 348 0 4 6.142e+02 6.458e+02 293 0 4 6.629e+02 6.811e+02 170 0 4 5.889e+01 1.091e+02 466 0 3 5.897e+02 6.283e+02 358 0 1 6.399e+02 6.621e+02 206 2 4 6.275e+02 6.325e+02 47 2 3 6.127e+01 6.473e+01 32 2 4 1.247e+02 1.273e+02 24 2 4 6.710e+02 6.730e+02 19 2 1 1.456e+02 1.484e+02 26 2 1 4.379e+02 4.441e+02 57 2 2 2.094e+02 2.106e+02 10 2 3 4.331e+02 4.489e+02 147 2 3 1.913e+01 2.287e+01 35 2 2 4.477e+02 4.763e+02 266 2 4 7.275e+01 9.525e+01 209 2 4 4.460e+02 4.780e+02 298 2 2 1.664e+02 1.696e+02 30 2 4 2.079e+02 2.121e+02 39 2 2 2.805e+02 3.075e+02 251 2 1 1.267e+01 2.933e+01 155 2 3 8.877e+01 1.212e+02 301 2 4 1.655e+02 1.705e+02 47 2 1 2.171e+02 2.449e+02 258 2 4 2.820e+01 5.580e+01 256
38940 10 0 1 6.494e+02 6.526e+02 29 0 3 6.504e+02 6.516e+02 10 0 4 4.836e+02 5.244e+02 378 2 2 7.670e+01 9.130e+01 136 2 4 8.124e+01 8.676e+01 51 2 1 4.667e+02 4.993e+02 302 2 3 8.765e+01 1.223e+02 322 2 3 1.296e+02 1.644e+02 323 2 4 1.861e+02 2.339e+02 445 2 2 1.015e+02 1.505e+02 455
38941 1 0 4 6.683e+02 6.757e+02 68
38944 4 0 2 6.620e+02 6.820e+02 186 0 4 6.643e+02 6.797e+02 143 0 1 6.407e+02 6.613e+02 190 2 2 1.635e+02 1.725e+02 84
38945 0
38946 14 0 3 6.488e+02 6.532e+02 41 0 1 6.479e+02 6.541e+02 58 0 3 5.538e+02 5.802e+02 245 0 2 6.126e+02 6.474e+02 323 0 2 6.610e+02 6.830e+02 205 0 4 6.091e+02 6.509e+02 388 0 4 6.590e+02 6.850e+02 240 2 1 3.560e+02 3.580e+02 19 2 3 6.078e+01 6.522e+01 41 2 2 7.724e+01 9.076e+01 126 2 3 1.890e+02 1.890e+02 -2 2 1 1.536e+01 2.664e+01 105 2 4 1.967e+02 2.233e+02 247 2 4 3.609e+01 4.791e+01 110
38947 4 2 1 6.091e+01 6.509e+01 39 2 4 3.295e+01 5.105e+01 168 2 3 5.310e+01 7.290e+01 184 2 2 2.838e+01 5.562e+01 253
38950 8 2 4 4.605e+02 4.635e+02 27 2 1 3.132e+02 3.168e+02 33 2 1 5.634e+02 5.706e+02 67 2 3 4.800e+02 4.860e+02 56 2 1 5.234e+02 5.266e+02 30 2 3 4.701e+02 4.959e+02 240 2 1 5.092e+02 5.408e+02 294 2 2 4.904e+02 5.176e+02 253
38951 5 0 1 6.343e+02 6.677e+02 310 0 2 6.127e+02 6.473e+02 322 0 3 6.345e+02 6.675e+02 306 0 4 6.098e+02 6.502e+02 375 0 1 6.276e+02 6.744e+02 435
