41333 6 0 3 6.504e+02 6.516e+02 11 0 1 5.938e+02 6.242e+02 282 0 4 6.530e+02 6.910e+02 353 0 2 6.110e+02 6.490e+02 353 2 3 2.622e+00 3.938e+01 341 2 1 -3.975e+00 4.597e+01 464
41336 7 0 1 5.244e+02 5.256e+02 11 0 2 5.271e+02 5.649e+02 351 0 2 6.070e+02 6.530e+02 427 0 4 6.062e+02 6.538e+02 441 1 4 5.860e+02 5.900e+02 37 1 1 6.059e+02 6.121e+02 57 1 2 6.052e+02 6.548e+02 460
41339 15 0 1 6.473e+02 6.547e+02 69 0 1 2.026e+01 2.174e+01 14 0 4 5.866e+02 5.894e+02 26 0 4 2.044e+02 2.156e+02 104 0 3 6.443e+02 6.577e+02 124 0 3 1.797e+02 1.983e+02 172 0 1 5.520e+02 5.820e+02 278 0 4 6.582e+02 6.858e+02 257 0 2 1.913e+02 2.287e+02 347 0 3 5.486e+02 5.854e+02 342 0 2 6.557e+02 6.883e+02 303 2 3 3.116e+02 3.184e+02 63 2 2 3.324e+02 3.396e+02 67 2 4 2.838e+02 3.042e+02 189 2 3 -3.618e+00 4.562e+01 457
41343 2 0 4 4.989e+02 5.091e+02 94 3 3 1.478e+01 2.722e+01 116
41344 2 2 4 1.208e+02 1.312e+02 96 2 4 6.521e+02 6.919e+02 370
41346 0
41347 4 0 4 6.674e+02 6.766e+02 85 0 1 6.465e+02 6.555e+02 84 0 3 6.400e+02 6.620e+02 204 0 2 6.604e+02 6.836e+02 215
41348 23 0 1 6.482e+02 6.538e+02 51 0 4 4.569e+02 4.671e+02 94 0 3 5.202e+02 5.298e+02 89 0 1 6.018e+02 6.162e+02 135 0 4 6.639e+02 6.801e+02 150 0 3 6.402e+02 6.618e+02 201 0 2 4.917e+02 5.163e+02 228 2 4 1.678e+02 1.682e+02 5 2 4 2.910e+02 2.970e+02 56 2 4 4.171e+02 4.229e+02 55 2 2 1.198e+02 1.322e+02 116 2 1 1.879e+02 1.901e+02 21 2 3 4.310e+02 4.510e+02 186 2 3 9.452e+01 1.155e+02 195 2 2 4.024e+02 4.376e+02 326 2 3 1.873e+02 1.907e+02 32 2 2 1.933e+02 2.267e+02 310 2 3 2.979e+02 3.321e+02 317 2 4 1.130e+02 1.390e+02 241 2 4 1.548e+02 1.812e+02 245 2 3 1.756e+02 2.024e+02 248 2 3 1.308e+02 1.632e+02 301 2 2 1.541e+02 1.819e+02 259
41349 7 0 4 6.122e+02 6.478e+02 330 0 3 6.341e+02 6.679e+02 315 1 1 4.724e+02 4.936e+02 197 2 4 6.268e+02 6.332e+02 60 2 3 2.030e+01 2.170e+01 13 2 2 6.267e+02 6.333e+02 62 2 1 5.920e+02 6.260e+02 316
41350 0
41354 0
41355 0
41356 0
41357 8 0 4 5.724e+02 6.036e+02 290 0 3 5.873e+02 6.307e+02 404 2 4 2.497e+02 2.543e+02 43 2 4 2.076e+02 2.124e+02 44 2 3 1.748e+02 2.032e+02 263 3 2 3.247e+02 3.473e+02 210 3 3 3.534e+02 3.606e+02 66 3 1 3.420e+02 3.720e+02 279
41358 6 0 2 6.573e+02 6.867e+02 274 1 2 6.284e+02 6.316e+02 30 1 2 6.138e+02 6.462e+02 300 2 3 2.251e+02 2.369e+02 109 2 4 2.064e+02 2.136e+02 67 2 3 2.171e+02 2.449e+02 259
41360 5 1 4 5.436e+02 5.484e+02 45 3 4 4.170e+02 4.230e+02 56 3 1 3.869e+02 4.111e+02 226 3 2 4.048e+02 4.352e+02 283 3 3 3.875e+02 4.105e+02 213
41361 6 0 1 6.484e+02 6.536e+02 48 0 3 6.500e+02 6.520e+02 19 0 2 6.125e+02 6.475e+02 325 0 2 6.679e+02 6.761e+02 76 0 4 6.700e+02 6.740e+02 36 0 1 6.372e+02 6.648e+02 256
41362 3 0 2 6.716e+02 6.724e+02 7 0 4 6.683e+02 6.757e+02 70 0 1 6.329e+02 6.691e+02 336
41364 0
41366 4 2 3 6.024e+01 6.576e+01 51 2 2 8.400e+01 8.400e+01 -8 2 4 3.232e+01 5.168e+01 180 2 2 6.697e+01 1.010e+02 316
41369 0
41371 8 0 3 6.477e+02 6.543e+02 60 0 4 6.575e+02 6.865e+02 269 2 1 5.668e+02 5.672e+02 4 2 2 5.440e+02 5.480e+02 36 2 3 5.117e+02 5.383e+02 247 2 1 4.399e+01 8.201e+01 353 2 4 5.287e+02 5.633e+02 321 2 1 5.502e+02 5.838e+02 312
41376 9 0 2 2.799e+02 3.081e+02 262 0 1 3.021e+02 3.279e+02 240 0 4 6.717e+02 6.723e+02 6 0 2 6.678e+02 6.762e+02 77 0 4 6.240e+02 6.360e+02 111 0 4 6.657e+02 6.783e+02 116 2 3 1.972e+01 2.228e+01 24 2 2 4.170e+01 4.230e+01 6 2 1 5.476e+01 7.124e+01 153
41380 72 0 4 6.262e+02 6.338e+02 71 0 1 6.506e+02 6.514e+02 8 0 3 4.402e+02 4.418e+02 15 0 2 2.826e+02 3.054e+02 212 0 1 5.234e+02 5.266e+02 30 0 4 3.598e+02 3.962e+02 339 0 3 5.996e+02 6.184e+02 174 0 4 2.685e+02 3.195e+02 473 0 3 6.449e+02 6.571e+02 113 0 1 2.463e+02 2.997e+02 496 0 2 4.521e+02 4.719e+02 185 0 3 5.157e+02 5.343e+02 173 0 2 6.188e+02 6.412e+02 208 0 2 6.698e+02 6.742e+02 41 0 3 4.202e+02 4.618e+02 387 0 1 4.660e+02 5.000e+02 316 0 1 5.475e+02 5.865e+02 362 0 4 6.209e+02 6.391e+02 170 0 4 6.691e+02 6.749e+02 54 0 1 4.189e+02 4.631e+02 410 0 3 4.611e+02 5.049e+02 407 0 2 5.249e+02 5.671e+02 391 0 4 5.785e+02 5.975e+02 177 0 4 6.474e+02 6.966e+02 456 0 3 5.413e+02 5.927e+02 478 0 1 5.967e+02 6.213e+02 228 0 3 5.946e+02 6.234e+02 268 0 3 5.880e+02 6.300e+02 390 1 4 6.297e+02 6.303e+02 6 1 1 5.248e+02 5.252e+02 4 1 3 3.121e+02 3.179e+02 53 1 4 5.856e+02 5.904e+02 44 1 3 5.637e+02 5.703e+02 60 1 2 5.326e+02 5.594e+02 249 1 3 2.952e+02 3.348e+02 367 1 2 6.109e+02 6.491e+02 356 1 1 5.553e+02 5.787e+02 216 1 1 5.465e+02 5.875e+02 381 2 4 8.249e+01 8.551e+01 28 2 3 1.466e+02 1.474e+02 8 2 1 5.558e+02 5.782e+02 207 2 4 2.073e+02 2.127e+02 50 2 2 5.777e+02 5.983e+02 192 2 4 2.925e+02 2.955e+02 28 2 4 5.275e+02 5.645e+02 344 2 2 3.241e+02 3.479e+02 221 2 4 3.879e+01 4.521e+01 60 2 3 1.041e+02 1.059e+02 17 2 2 1.579e+02 1.781e+02 187 2 4 2.433e+02 2.607e+02 162 2 1 3.130e+02 3.170e+02 37 2 4 3.234e+02 3.486e+02 235 2 1 1.011e+01 3.189e+01 202 2 2 1.234e+02 1.286e+02 48 2 1 1.712e+02 2.068e+02 330 2 1 2.184e+02 2.436e+02 235 2 2 2.800e+02 3.080e+02 260 2 3 3.484e+02 3.656e+02 160 2 2 3.345e+01 5.055e+01 159 2 2 1.117e+02 1.403e+02 266 2 3 2.178e+02 2.442e+02 246 2 3 3.012e+02 3.288e+02 256 2 4 3.168e+02 3.552e+02 356 2 1 4.825e+01 7.775e+01 274 2 4 1.149e+02 1.371e+02 206 2 2 2.348e+02 2.692e+02 320 2 1 2.583e+02 2.877e+02 274 2 3 4.529e+01 8.071e+01 329 2 2 6.836e+01 9.964e+01 290 2 4 1.958e+02 2.242e+02 264 2 3 2.919e+02 3.381e+02 429 3 1 1.792e+01 2.408e+01 57
41381 0
41382 40 0 4 6.300e+02 6.300e+02 -9 0 3 5.657e+02 5.683e+02 25 0 1 6.080e+02 6.100e+02 19 0 4 6.720e+02 6.720e+02 -1 0 3 6.065e+02 6.115e+02 46 0 3 6.401e+02 6.619e+02 202 0 3 5.538e+02 5.802e+02 246 0 2 6.235e+02 6.365e+02 121 0 1 5.499e+02 5.841e+02 318 0 4 5.772e+02 5.988e+02 200 0 2 6.115e+02 6.485e+02 344 1 4 6.243e+02 6.357e+02 106 1 3 6.000e+02 6.180e+02 167 1 1 5.143e+02 5.357e+02 199 1 2 5.734e+02 6.026e+02 270 1 3 5.121e+02 5.379e+02 240 1 4 5.778e+02 5.982e+02 189 1 2 5.331e+02 5.589e+02 239 1 4 5.289e+02 5.631e+02 317 2 2 3.946e+01 4.454e+01 47 2 2 1.677e+02 1.683e+02 6 2 3 3.108e+02 3.192e+02 79 2 1 5.844e+01 6.756e+01 85 2 4 1.260e+02 1.260e+02 -5 2 4 1.664e+02 1.696e+02 29 2 4 2.888e+02 2.992e+02 97 2 3 3.476e+02 3.664e+02 174 2 3 6.114e+01 6.486e+01 35 2 2 1.195e+02 1.325e+02 120 2 3 1.413e+02 1.527e+02 106 2 4 3.103e+01 5.297e+01 204 2 4 1.134e+02 1.386e+02 234 2 1 1.369e+02 1.571e+02 188 2 3 7.602e+00 3.440e+01 249 2 2 1.097e+02 1.423e+02 302 2 1 1.731e+02 2.049e+02 295 2 2 6.674e+01 1.013e+02 320 3 4 4.099e+01 4.301e+01 19 3 3 5.970e+01 6.630e+01 61 3 2 8.308e+01 8.492e+01 17
41383 8 2 3 6.300e+01 6.300e+01 -0 2 3 2.721e+02 2.739e+02 16 2 3 2.084e+01 2.116e+01 3 2 3 9.205e+01 1.180e+02 240 2 3 3.098e+02 3.202e+02 97 2 3 5.223e+00 3.678e+01 293 2 4 2.787e+02 3.093e+02 285 2 1 3.035e+02 3.265e+02 213
