39312 32 0 1 5.668e+02 5.672e+02 5 0 1 6.485e+02 6.535e+02 46 0 4 5.876e+02 5.884e+02 8 0 3 6.470e+02 6.550e+02 75 0 1 5.547e+02 5.793e+02 229 0 1 6.079e+02 6.101e+02 20 0 4 6.693e+02 6.747e+02 50 0 4 4.106e+02 4.294e+02 175 0 3 5.501e+02 5.839e+02 313 0 3 6.022e+02 6.158e+02 126 0 2 6.635e+02 6.805e+02 158 0 1 3.856e+02 4.124e+02 248 0 4 6.206e+02 6.394e+02 175 0 2 6.472e+02 6.968e+02 461 0 3 4.197e+02 4.623e+02 396 0 2 6.188e+02 6.412e+02 209 0 4 6.484e+02 6.956e+02 438 0 4 6.132e+02 6.468e+02 312 0 2 6.047e+02 6.553e+02 470 1 1 3.983e+02 3.997e+02 14 1 1 3.855e+02 4.125e+02 251 2 2 3.906e+01 4.494e+01 55 2 3 1.005e+02 1.095e+02 84 2 4 3.085e+01 5.315e+01 207 2 2 1.135e+02 1.385e+02 232 2 1 5.292e+01 7.308e+01 187 2 4 1.153e+02 1.367e+02 200 2 1 1.025e+01 3.175e+01 200 2 3 9.262e+00 3.274e+01 218 2 1 4.265e+01 8.335e+01 378 2 3 4.328e+01 8.272e+01 366 2 2 2.241e+01 6.159e+01 364
39313 17 0 1 6.487e+02 6.533e+02 42 0 4 3.763e+02 3.797e+02 32 0 4 4.619e+02 4.621e+02 1 0 2 3.356e+02 3.364e+02 7 0 3 6.495e+02 6.525e+02 28 0 4 2.827e+02 3.053e+02 210 0 4 4.481e+02 4.759e+02 258 0 2 3.172e+02 3.548e+02 349 0 4 6.108e+02 6.492e+02 356 0 4 6.655e+02 6.785e+02 120 0 2 6.110e+02 6.490e+02 352 0 2 6.594e+02 6.846e+02 234 0 1 6.378e+02 6.642e+02 246 2 3 2.043e+01 2.157e+01 10 2 1 1.819e+01 2.381e+01 52 2 2 2.568e+01 5.832e+01 303 2 4 2.510e+01 5.890e+01 314
39315 3 2 3 1.550e+01 2.650e+01 102 2 2 4.058e+01 4.342e+01 26 2 3 4.260e+02 4.560e+02 279
39317 8 2 4 4.566e+02 4.674e+02 100 2 3 4.289e+02 4.531e+02 225 2 2 4.529e+02 4.711e+02 169 2 1 4.294e+02 4.526e+02 215 3 1 5.602e+02 5.738e+02 127 3 3 5.633e+02 5.707e+02 69 3 2 5.302e+02 5.618e+02 294 3 4 5.281e+02 5.639e+02 333
39318 4 0 1 5.946e+02 6.234e+02 268 2 4 8.034e+01 8.766e+01 68 2 2 7.186e+01 9.614e+01 226 2 3 9.380e+01 1.162e+02 208
39319 0
39320 0
39322 10 0 2 5.460e+02 5.460e+02 -6 0 4 4.151e+02 4.249e+02 90 0 4 2.368e+02 2.672e+02 283 0 4 4.495e+02 4.745e+02 233 0 4 2.764e+02 3.116e+02 327 0 3 5.109e+02 5.391e+02 262 2 4 3.360e+02 3.360e+02 -5 2 2 3.879e+01 4.521e+01 60 2 3 1.119e+01 3.081e+01 182 2 4 3.309e+01 5.091e+01 166
39324 7 2 3 6.127e+01 6.473e+01 32 2 4 8.168e+01 8.632e+01 43 2 4 1.174e+02 1.346e+02 160 2 2 7.958e+01 8.842e+01 82 2 3 1.291e+02 1.649e+02 333 2 2 6.674e+01 1.013e+02 320 2 2 1.081e+02 1.439e+02 332
39326 0
39327 35 0 2 6.284e+02 6.316e+02 29 0 3 1.844e+02 1.936e+02 85 0 4 6.705e+02 6.735e+02 28 0 4 2.068e+02 2.132e+02 60 0 4 6.205e+02 6.395e+02 176 0 2 1.537e+02 1.823e+02 266 0 1 6.498e+02 6.522e+02 22 0 1 1.733e+02 2.047e+02 291 0 1 5.904e+02 6.276e+02 346 0 3 6.422e+02 6.598e+02 163 0 2 6.656e+02 6.784e+02 119 0 4 6.595e+02 6.845e+02 231 0 1 6.392e+02 6.628e+02 220 0 2 6.597e+02 6.843e+02 229 1 2 6.117e+02 6.483e+02 340 2 4 1.671e+02 1.689e+02 16 2 4 5.449e+02 5.471e+02 20 2 4 4.200e+01 4.200e+01 -3 2 2 1.241e+02 1.279e+02 35 2 3 5.662e+02 5.678e+02 15 2 3 1.861e+02 1.919e+02 54 2 4 5.862e+02 5.898e+02 34 2 3 6.225e+01 6.375e+01 14 2 3 5.134e+02 5.366e+02 215 2 2 1.169e+02 1.351e+02 170 2 3 6.059e+02 6.121e+02 57 2 1 1.463e+02 1.477e+02 13 2 1 6.327e+02 6.693e+02 340 2 2 1.994e+02 2.206e+02 196 2 4 4.851e+02 5.229e+02 351 2 4 2.627e+01 5.773e+01 292 2 4 5.294e+02 5.626e+02 308 2 4 1.598e+02 1.762e+02 152 2 2 6.189e+02 6.411e+02 206 2 1 2.207e+02 2.413e+02 191
39330 0
39331 5 2 4 2.940e+02 2.940e+02 -10 2 1 3.091e+02 3.209e+02 110 2 4 4.457e+02 4.783e+02 303 2 2 2.864e+02 3.016e+02 140 2 3 3.011e+02 3.289e+02 258
39333 14 0 2 5.385e+02 5.535e+02 139 0 3 6.496e+02 6.524e+02 26 0 3 5.583e+02 5.757e+02 162 0 2 6.133e+02 6.467e+02 310 0 1 6.443e+02 6.577e+02 124 0 1 5.518e+02 5.822e+02 282 0 2 6.611e+02 6.829e+02 202 0 4 6.551e+02 6.889e+02 315 1 3 6.055e+02 6.125e+02 66 1 3 5.939e+02 6.241e+02 280 1 4 6.186e+02 6.414e+02 212 2 3 9.488e+01 1.151e+02 188 2 2 1.554e+02 1.806e+02 235 2 4 1.015e+02 1.505e+02 455
39334 3 0 4 3.755e+02 3.805e+02 46 0 3 6.467e+02 6.553e+02 80 0 4 6.616e+02 6.824e+02 193
39336 28 0 4 6.276e+02 6.324e+02 44 0 4 6.708e+02 6.732e+02 23 0 3 3.940e+02 4.040e+02 92 0 1 6.485e+02 6.535e+02 46 0 4 4.090e+02 4.310e+02 205 0 2 4.990e+02 5.090e+02 93 0 3 5.953e+02 6.227e+02 255 0 3 6.476e+02 6.544e+02 63 0 1 4.707e+02 4.953e+02 228 0 2 6.160e+02 6.440e+02 260 0 2 6.699e+02 6.741e+02 39 0 3 4.670e+02 4.990e+02 298 0 4 6.156e+02 6.444e+02 268 0 1 6.340e+02 6.680e+02 316 0 3 6.320e+02 6.700e+02 352 2 3 3.570e+02 3.570e+02 -10 2 4 1.256e+02 1.264e+02 7 2 1 1.429e+02 1.511e+02 76 2 3 2.707e+02 2.753e+02 43 2 2 3.685e+02 3.875e+02 176 2 3 1.334e+02 1.606e+02 253 2 4 2.356e+02 2.684e+02 304 2 4 2.878e+02 3.002e+02 115 2 4 3.602e+02 3.958e+02 331 2 3 2.618e+00 3.938e+01 341 2 2 1.152e+02 1.368e+02 200 2 1 3.124e+02 3.176e+02 49 2 2 2.850e+02 3.030e+02 168
39338 0
39339 53 0 3 4.819e+02 4.841e+02 20 0 3 5.249e+02 5.251e+02 1 0 2 3.753e+02 3.807e+02 50 0 2 6.300e+02 6.300e+02 -13 0 2 2.898e+02 2.982e+02 79 0 3 6.509e+02 6.511e+02 1 0 4 3.295e+02 3.425e+02 120 0 1 4.383e+02 4.437e+02 50 0 2 2.339e+02 2.701e+02 336 0 2 5.040e+02 5.040e+02 -4 0 3 5.621e+02 5.719e+02 90 0 4 6.296e+02 6.304e+02 8 0 2 6.720e+02 6.720e+02 -7 0 3 4.388e+02 4.432e+02 41 0 4 5.039e+02 5.041e+02 1 0 1 5.209e+02 5.291e+02 76 0 4 5.794e+02 5.966e+02 160 0 4 6.715e+02 6.725e+02 9 0 1 3.950e+02 4.030e+02 75 0 1 4.740e+02 4.920e+02 167 0 2 5.381e+02 5.539e+02 147 0 1 5.956e+02 6.224e+02 250 0 1 6.506e+02 6.514e+02 7 0 4 4.158e+02 4.242e+02 79 0 2 4.890e+02 5.190e+02 278 0 1 5.536e+02 5.804e+02 248 0 3 5.980e+02 6.200e+02 205 0 4 6.563e+02 6.877e+02 291 0 1 4.227e+02 4.593e+02 340 1 2 6.300e+02 6.300e+02 -0 1 2 5.880e+02 5.880e+02 -10 1 4 6.293e+02 6.307e+02 13 1 4 5.825e+02 5.935e+02 101 1 1 6.084e+02 6.096e+02 11 1 2 5.456e+02 5.464e+02 7 1 3 6.080e+02 6.100e+02 19 1 1 5.619e+02 5.721e+02 94 1 3 5.636e+02 5.704e+02 64 1 2 5.295e+02 5.625e+02 307 1 3 5.467e+02 5.873e+02 376 2 4 3.305e+02 3.415e+02 101 2 2 2.089e+02 2.111e+02 20 2 2 3.274e+02 3.446e+02 160 2 4 5.415e+02 5.505e+02 83 2 4 3.995e+01 4.405e+01 38 2 3 9.568e+01 1.143e+02 173 2 3 5.071e+02 5.429e+02 332 2 3 3.472e+02 3.668e+02 181 2 3 9.036e+00 3.296e+01 222 2 3 1.734e+02 2.046e+02 289 2 4 1.961e+02 2.239e+02 259 3 3 1.927e+01 2.273e+01 32 3 2 4.161e+01 4.239e+01 7
39340 0
39341 6 0 2 2.514e+02 2.526e+02 11 0 4 6.057e+02 6.543e+02 452 1 2 6.197e+02 6.403e+02 190 2 4 3.321e+02 3.399e+02 72 2 3 3.502e+02 3.638e+02 127 2 4 3.716e+02 3.844e+02 120
39342 3 0 4 6.283e+02 6.317e+02 32 0 3 5.650e+02 5.690e+02 38 0 3 5.592e+02 5.748e+02 146
39344 5 1 2 2.930e+02 2.950e+02 19 1 1 2.556e+02 2.904e+02 324 1 3 3.044e+02 3.256e+02 196 1 1 2.978e+02 3.322e+02 319 2 4 5.834e+02 5.926e+02 86
39347 7 0 4 6.700e+02 6.740e+02 38 0 2 6.690e+02 6.750e+02 56 0 3 4.344e+02 4.476e+02 123 0 4 4.033e+02 4.367e+02 310 0 3 6.336e+02 6.684e+02 324 0 1 4.231e+02 4.589e+02 333 0 4 6.525e+02 6.915e+02 363
39348 1 2 4 3.614e+01 4.786e+01 109
39350 3 0 2 6.586e+02 6.854e+02 250 0 4 6.565e+02 6.875e+02 288 0 2 6.516e+02 6.924e+02 379
39351 15 0 1 6.076e+02 6.104e+02 26 0 3 6.084e+02 6.096e+02 10 0 4 6.105e+02 6.495e+02 362 1 1 6.059e+02 6.121e+02 58 1 4 5.830e+02 5.930e+02 92 1 3 6.047e+02 6.133e+02 80 1 2 5.716e+02 6.044e+02 304 1 3 5.971e+02 6.209e+02 220 1 4 5.712e+02 6.048e+02 312 1 2 6.153e+02 6.447e+02 273 1 4 6.193e+02 6.407e+02 198 2 2 5.869e+02 5.891e+02 20 2 4 5.861e+02 5.899e+02 35 2 3 6.050e+02 6.130e+02 75 2 1 5.960e+02 6.220e+02 242
39353 19 1 3 3.107e+02 3.193e+02 80 1 4 5.370e+02 5.550e+02 166 1 1 2.586e+02 2.874e+02 268 1 3 3.033e+02 3.267e+02 216 1 3 5.106e+02 5.394e+02 267 1 2 1.063e+02 1.457e+02 366 1 2 2.806e+02 3.074e+02 250 2 4 1.671e+02 1.689e+02 16 2 4 2.514e+02 2.526e+02 10 2 1 3.935e+02 4.045e+02 101 2 3 3.147e+02 3.153e+02 6 2 2 2.421e+02 2.619e+02 184 2 1 3.862e+02 4.118e+02 238 2 1 3.095e+02 3.205e+02 101 2 4 2.360e+02 2.680e+02 298 2 1 2.585e+02 2.875e+02 269 2 2 3.207e+02 3.513e+02 284 2 3 2.617e+02 2.843e+02 210 2 4 2.796e+02 3.084e+02 267
39354 13 0 2 6.295e+02 6.305e+02 10 0 2 6.662e+02 6.778e+02 107 0 1 5.997e+02 6.183e+02 173 0 4 6.695e+02 6.745e+02 46 0 1 6.451e+02 6.569e+02 110 0 1 6.342e+02 6.678e+02 311 0 3 6.359e+02 6.661e+02 280 2 1 5.795e+01 6.805e+01 94 2 3 6.288e+01 6.312e+01 2 2 1 6.478e+00 3.552e+01 270 2 2 6.629e+01 1.017e+02 329 2 3 3.291e+00 3.871e+01 329 2 4 2.438e+01 5.962e+01 327
39355 0
39357 3 0 4 5.852e+02 5.908e+02 51 0 1 5.495e+02 5.845e+02 325 0 3 5.906e+02 6.274e+02 342
39359 7 0 3 6.503e+02 6.517e+02 14 0 4 6.626e+02 6.814e+02 174 0 3 6.382e+02 6.638e+02 238 0 2 6.597e+02 6.843e+02 229 2 1 1.866e+02 1.914e+02 45 2 4 1.569e+02 1.791e+02 206 2 2 1.971e+02 2.229e+02 240
