16962 11 2 2 4.200e+01 4.200e+01 -18 2 4 1.648e+02 1.712e+02 59 2 4 2.050e+02 2.150e+02 93 2 4 2.908e+02 2.972e+02 60 2 1 1.819e+02 1.961e+02 131 2 3 2.212e+02 2.408e+02 181 2 2 1.567e+02 1.793e+02 210 2 2 2.458e+02 2.582e+02 115 2 3 1.738e+02 2.042e+02 282 2 4 2.391e+02 2.649e+02 239 2 1 2.153e+02 2.467e+02 292
16966 13 0 2 6.300e+02 6.300e+02 -14 0 4 6.295e+02 6.305e+02 9 0 4 6.207e+02 6.393e+02 172 0 3 6.403e+02 6.617e+02 199 2 2 3.968e+01 4.432e+01 43 2 3 1.459e+02 1.481e+02 20 2 3 1.006e+02 1.094e+02 82 2 2 1.668e+02 1.692e+02 23 2 4 3.314e+01 5.086e+01 165 2 4 1.149e+02 1.371e+02 206 2 1 1.437e+02 1.503e+02 60 2 3 8.858e+00 3.314e+01 226 2 1 3.655e+00 3.835e+01 322
16967 15 0 2 6.214e+02 6.386e+02 160 0 4 6.252e+02 6.348e+02 90 0 3 6.410e+02 6.610e+02 186 0 1 5.986e+02 6.194e+02 194 0 3 6.341e+02 6.679e+02 315 0 2 4.410e+02 4.830e+02 390 0 3 5.998e+02 6.182e+02 170 0 4 5.733e+02 6.027e+02 272 2 3 6.293e+01 6.307e+01 1 2 4 2.482e+02 2.558e+02 70 2 4 3.811e+01 4.589e+01 72 2 4 1.611e+02 1.749e+02 129 2 2 3.672e+01 4.728e+01 98 2 3 4.700e+01 7.900e+01 297 2 1 4.417e+01 8.183e+01 350
16968 0
16969 1 2 4 4.054e+01 4.346e+01 27
16970 4 0 3 2.730e+02 2.730e+02 -10 0 1 6.074e+02 6.106e+02 30 1 4 6.300e+02 6.300e+02 -10 2 3 1.035e+02 1.065e+02 27
16972 0
16973 0
16976 12 0 2 4.961e+02 5.119e+02 146 0 4 4.913e+02 5.167e+02 236 1 2 6.294e+02 6.306e+02 11 1 4 6.236e+02 6.364e+02 120 1 4 1.963e+02 2.237e+02 255 1 2 1.871e+02 2.329e+02 426 2 2 1.232e+02 1.288e+02 51 2 1 1.467e+02 1.473e+02 6 2 3 3.891e+02 4.089e+02 183 2 2 4.051e+02 4.349e+02 277 2 1 3.758e+02 4.222e+02 430 2 4 3.959e+02 4.441e+02 448
16977 18 0 4 3.360e+02 3.360e+02 -23 0 1 4.801e+02 4.859e+02 54 0 4 2.476e+02 2.564e+02 81 0 4 6.720e+02 6.720e+02 -1 0 2 3.284e+02 3.436e+02 140 0 3 4.815e+02 4.845e+02 28 0 1 6.392e+02 6.628e+02 219 0 2 4.867e+02 5.213e+02 322 0 3 6.404e+02 6.616e+02 196 0 4 4.843e+02 5.237e+02 366 0 1 6.329e+02 6.691e+02 336 1 2 6.162e+02 6.438e+02 256 2 4 1.204e+02 1.316e+02 104 2 1 1.846e+01 2.354e+01 47 2 2 8.092e+01 8.708e+01 57 2 2 3.331e+01 5.069e+01 161 2 4 7.899e+01 8.901e+01 93 2 3 4.449e+01 8.151e+01 344
16978 0
16980 2 0 2 5.024e+02 5.056e+02 30 0 1 5.150e+02 5.350e+02 186
16981 7 0 4 4.569e+02 4.671e+02 94 0 4 2.012e+02 2.188e+02 163 0 2 6.621e+02 6.819e+02 183 0 4 6.560e+02 6.880e+02 298 2 4 2.911e+02 2.969e+02 54 2 1 1.832e+01 2.368e+01 50 2 4 7.877e+01 8.923e+01 97
16982 0
16983 13 0 1 5.215e+02 5.285e+02 65 0 3 5.081e+02 5.419e+02 315 0 2 5.329e+02 5.591e+02 244 2 2 3.357e+02 3.363e+02 6 2 3 4.367e+02 4.453e+02 80 2 2 2.084e+02 2.116e+02 30 2 1 3.543e+02 3.597e+02 50 2 2 4.534e+02 4.706e+02 160 2 3 1.759e+02 2.021e+02 244 2 1 4.674e+02 4.986e+02 290 2 4 1.973e+02 2.227e+02 236 2 4 3.215e+02 3.505e+02 270 2 1 1.710e+02 2.070e+02 334
16985 35 0 4 3.348e+02 3.372e+02 22 0 2 6.694e+02 6.746e+02 49 0 2 3.747e+02 3.813e+02 61 0 4 4.193e+02 4.207e+02 12 0 4 3.747e+02 3.813e+02 61 0 4 6.717e+02 6.723e+02 6 0 3 3.902e+02 4.078e+02 163 0 2 3.337e+02 3.383e+02 43 0 1 6.367e+02 6.653e+02 266 0 2 3.639e+02 3.921e+02 261 0 3 6.328e+02 6.692e+02 339 0 1 3.438e+02 3.702e+02 245 1 4 6.256e+02 6.344e+02 81 1 2 4.561e+02 4.679e+02 109 1 3 6.022e+02 6.158e+02 127 1 2 5.790e+02 5.970e+02 168 1 1 5.962e+02 6.218e+02 238 1 4 4.895e+02 5.185e+02 270 1 4 5.779e+02 5.981e+02 188 2 4 8.400e+01 8.400e+01 -4 2 2 1.677e+02 1.683e+02 5 2 4 4.067e+01 4.333e+01 25 2 3 1.038e+02 1.062e+02 22 2 1 1.466e+02 1.474e+02 8 2 1 6.239e+01 6.361e+01 11 2 2 1.248e+02 1.272e+02 21 2 3 1.346e+02 1.594e+02 230 2 1 1.981e+01 2.219e+01 22 2 4 1.259e+02 1.261e+02 2 2 2 3.829e+01 4.571e+01 69 2 4 6.683e+01 1.012e+02 319 2 3 5.445e+01 7.155e+01 159 2 3 1.137e+01 3.063e+01 179 2 4 2.506e+01 5.894e+01 315 2 3 3.338e+00 3.866e+01 328
16987 0
16989 0
16990 13 0 3 6.090e+02 6.090e+02 -1 0 4 6.702e+02 6.738e+02 34 0 2 2.863e+02 3.017e+02 142 0 1 5.628e+02 5.712e+02 77 0 1 2.556e+02 2.904e+02 324 0 4 6.281e+02 6.319e+02 36 0 3 6.510e+02 6.510e+02 -10 0 4 5.866e+02 5.894e+02 26 0 2 6.656e+02 6.784e+02 119 0 2 6.262e+02 6.338e+02 71 0 1 6.375e+02 6.645e+02 250 0 4 5.768e+02 5.992e+02 209 0 1 5.973e+02 6.207e+02 217
16991 12 0 1 2.310e+02 2.310e+02 -10 0 3 5.664e+02 5.676e+02 11 0 4 5.829e+02 5.931e+02 95 0 1 6.378e+02 6.642e+02 245 0 2 5.408e+02 5.512e+02 96 0 3 6.030e+02 6.150e+02 112 0 3 6.414e+02 6.606e+02 179 0 1 5.586e+02 5.754e+02 156 0 2 6.234e+02 6.366e+02 123 0 4 6.194e+02 6.406e+02 196 0 1 5.988e+02 6.192e+02 190 2 4 8.357e+01 8.443e+01 8
16992 7 0 2 6.595e+02 6.845e+02 231 0 4 6.561e+02 6.879e+02 295 2 3 1.442e+01 2.758e+01 122 2 2 3.381e+01 5.019e+01 152 2 4 6.997e+01 9.803e+01 260 2 4 3.040e+01 5.360e+01 216 2 1 8.094e+00 3.391e+01 240
16993 9 0 4 8.132e+01 8.668e+01 50 1 3 5.668e+02 5.672e+02 4 1 2 5.854e+02 5.906e+02 48 1 4 5.836e+02 5.924e+02 81 1 3 5.909e+02 6.271e+02 336 1 1 5.603e+02 5.737e+02 125 1 2 6.134e+02 6.466e+02 308 1 2 5.724e+02 6.036e+02 290 2 1 2.191e+02 2.429e+02 220
16994 7 0 4 3.117e+02 3.603e+02 450 0 1 4.994e+02 5.506e+02 475 0 4 6.031e+02 6.569e+02 499 0 4 6.471e+02 6.969e+02 463 2 3 -1.599e+00 4.360e+01 420 2 2 5.714e+01 1.109e+02 499 2 1 -2.675e+00 4.468e+01 440
16996 0
16999 45 0 3 2.100e+01 2.100e+01 -14 0 1 6.510e+02 6.510e+02 -5 0 1 1.870e+02 1.910e+02 38 0 3 3.984e+02 3.996e+02 10 0 4 2.928e+02 2.952e+02 22 0 1 4.830e+02 4.830e+02 -1 0 3 1.853e+02 1.927e+02 70 0 1 5.670e+02 5.670e+02 -0 0 2 3.722e+02 3.838e+02 108 0 1 6.085e+02 6.095e+02 10 0 3 1.778e+02 2.002e+02 207 0 3 6.507e+02 6.513e+02 6 0 4 3.615e+02 3.945e+02 306 0 1 3.952e+02 4.028e+02 71 0 4 1.529e+02 1.831e+02 281 0 2 5.013e+02 5.067e+02 50 0 1 3.369e+02 3.771e+02 374 0 3 5.667e+02 5.673e+02 6 0 2 1.485e+02 1.875e+02 362 0 3 6.074e+02 6.106e+02 29 0 2 6.720e+02 6.720e+02 -9 0 3 3.908e+02 4.072e+02 152 0 4 4.991e+02 5.089e+02 91 0 2 5.421e+02 5.499e+02 72 0 2 6.300e+02 6.300e+02 -5 0 4 6.712e+02 6.728e+02 16 1 1 5.645e+02 5.695e+02 46 1 3 6.074e+02 6.106e+02 29 1 4 4.998e+02 5.082e+02 78 1 2 5.830e+02 5.930e+02 92 1 2 6.300e+02 6.300e+02 -14 1 1 5.247e+02 5.253e+02 6 1 4 5.822e+02 5.938e+02 108 1 4 6.298e+02 6.302e+02 5 1 1 5.990e+02 6.190e+02 186 2 3 5.638e+02 5.702e+02 59 2 2 5.869e+02 5.891e+02 20 2 4 5.349e+02 5.571e+02 206 2 1 5.985e+02 6.195e+02 196 2 4 4.067e+02 4.333e+02 246 2 4 4.415e+02 4.825e+02 381 3 3 1.895e+01 2.305e+01 38 3 3 1.009e+02 1.091e+02 76 3 4 5.856e+02 5.904e+02 44 3 4 1.197e+02 1.323e+02 117
17000 2 0 2 6.490e+02 6.950e+02 426 0 4 6.470e+02 6.970e+02 465
17001 14 0 3 6.484e+02 6.536e+02 49 0 2 6.135e+02 6.465e+02 306 0 2 6.707e+02 6.733e+02 25 0 2 6.573e+02 6.867e+02 274 0 4 6.545e+02 6.895e+02 326 2 4 2.099e+02 2.101e+02 2 2 4 2.922e+02 2.958e+02 33 2 1 3.124e+02 3.176e+02 48 2 1 3.814e+02 4.166e+02 326 2 4 1.953e+02 2.247e+02 273 2 4 4.956e+02 5.124e+02 156 2 3 3.015e+02 3.285e+02 251 2 3 4.637e+02 5.023e+02 359 2 2 2.787e+02 3.093e+02 285
17003 0
17005 13 1 3 6.054e+02 6.126e+02 66 1 2 5.797e+02 5.963e+02 154 1 2 5.701e+02 6.059e+02 333 1 1 5.475e+02 5.865e+02 361 2 3 1.034e+02 1.066e+02 30 2 4 5.842e+02 5.918e+02 70 2 2 2.929e+02 2.951e+02 21 2 2 7.630e+01 9.170e+01 143 2 4 5.743e+02 6.017e+02 254 2 3 2.215e+02 2.405e+02 177 2 3 5.520e+02 5.820e+02 279 2 3 9.340e+01 1.166e+02 216 2 4 1.066e+02 1.454e+02 360
17007 14 0 3 5.670e+02 5.670e+02 -7 0 4 6.259e+02 6.341e+02 76 0 4 2.802e+02 3.078e+02 257 0 1 6.459e+02 6.561e+02 96 0 2 5.444e+02 5.476e+02 30 0 4 6.170e+02 6.430e+02 242 0 1 5.149e+02 5.351e+02 187 2 4 3.359e+02 3.361e+02 2 2 3 3.570e+02 3.570e+02 -10 2 1 1.631e+01 2.569e+01 87 2 1 3.847e+02 4.133e+02 266 2 2 3.727e+02 3.833e+02 98 2 3 1.828e+01 2.372e+01 50 2 2 2.519e+01 5.881e+01 312
17008 39 0 4 5.880e+02 5.880e+02 -1 0 4 3.308e+02 3.412e+02 96 0 1 5.584e+02 5.756e+02 159 0 1 5.991e+02 6.189e+02 184 0 3 5.520e+02 5.820e+02 278 0 3 5.986e+02 6.194e+02 194 1 4 5.880e+02 5.880e+02 -24 1 3 6.080e+02 6.100e+02 19 1 3 5.670e+02 5.670e+02 -14 1 2 6.300e+02 6.300e+02 -13 1 1 5.123e+02 5.377e+02 236 1 2 5.342e+02 5.578e+02 219 1 1 5.494e+02 5.846e+02 327 1 1 5.939e+02 6.241e+02 281 1 2 5.734e+02 6.026e+02 271 1 3 5.913e+02 6.267e+02 329 1 2 6.180e+02 6.420e+02 223 2 2 2.502e+02 2.538e+02 34 2 1 6.300e+01 6.300e+01 -19 2 3 1.881e+02 1.899e+02 17 2 2 2.067e+02 2.133e+02 62 2 3 3.034e+02 3.266e+02 216 2 2 3.350e+02 3.370e+02 18 2 3 2.039e+01 2.161e+01 11 2 4 1.186e+02 1.334e+02 137 2 3 1.470e+02 1.470e+02 -14 2 1 2.254e+02 2.366e+02 104 2 4 3.360e+02 3.360e+02 -14 2 2 3.888e+01 4.512e+01 58 2 1 1.354e+02 1.586e+02 216 2 4 2.412e+02 2.628e+02 200 2 1 3.506e+02 3.634e+02 119 2 1 9.262e+00 3.274e+01 218 2 2 1.577e+02 1.783e+02 190 2 3 2.187e+02 2.433e+02 229 2 4 3.062e+01 5.338e+01 211 2 4 1.564e+02 1.796e+02 216 3 3 6.275e+01 6.325e+01 5 3 4 1.241e+02 1.279e+02 36
17009 15 0 1 6.064e+02 6.116e+02 48 0 2 6.686e+02 6.754e+02 63 0 2 4.995e+02 5.085e+02 83 0 3 6.000e+02 6.180e+02 168 0 4 5.009e+02 5.071e+02 57 0 1 3.365e+02 3.775e+02 380 0 2 6.161e+02 6.439e+02 258 0 2 6.551e+02 6.889e+02 315 0 3 3.795e+02 4.185e+02 361 0 1 4.706e+02 4.954e+02 230 0 4 6.202e+02 6.398e+02 182 0 3 4.639e+02 5.021e+02 355 1 2 6.245e+02 6.355e+02 101 1 1 5.990e+02 6.190e+02 186 2 1 1.707e+01 2.493e+01 73
17010 2 0 2 6.668e+02 6.772e+02 96 2 1 7.289e+00 3.471e+01 255
17016 14 0 2 1.664e+02 1.696e+02 29 0 4 4.988e+02 5.092e+02 97 0 3 1.858e+02 1.922e+02 59 0 4 2.024e+02 2.176e+02 140 0 1 1.432e+02 1.508e+02 70 0 4 6.555e+02 6.885e+02 306 0 4 1.531e+02 1.829e+02 277 1 4 1.200e+02 1.320e+02 112 1 3 1.338e+02 1.602e+02 245 2 4 4.036e+01 4.364e+01 30 2 2 7.886e+01 8.914e+01 96 2 2 3.443e+01 4.957e+01 140 2 1 5.135e+01 7.465e+01 216 2 3 4.996e+01 7.604e+01 242
