43869 69 0 4 6.262e+02 6.338e+02 70 0 3 1.990e+01 2.210e+01 20 0 1 6.496e+02 6.524e+02 26 0 3 1.871e+02 1.909e+02 35 0 1 3.987e+02 3.993e+02 6 0 4 3.735e+01 4.665e+01 86 0 1 4.816e+02 4.844e+02 26 0 4 1.590e+02 1.770e+02 166 0 3 5.663e+02 5.677e+02 13 0 1 2.972e+02 3.328e+02 331 0 2 6.234e+02 6.366e+02 123 0 2 3.599e+02 3.961e+02 336 0 3 6.500e+02 6.520e+02 18 0 1 3.968e+00 3.803e+01 316 0 3 3.947e+02 4.033e+02 80 0 3 4.783e+02 4.877e+02 88 0 2 5.452e+02 5.468e+02 15 0 1 5.966e+02 6.214e+02 230 0 2 6.707e+02 6.733e+02 24 0 4 4.118e+02 4.282e+02 152 0 4 4.995e+02 5.085e+02 83 0 1 5.630e+02 5.710e+02 75 0 3 5.934e+02 6.246e+02 289 0 4 6.686e+02 6.754e+02 63 0 3 4.271e+02 4.549e+02 259 0 1 5.147e+02 5.353e+02 190 0 4 6.139e+02 6.461e+02 299 0 3 5.112e+02 5.388e+02 256 0 1 5.069e+02 5.431e+02 336 1 4 6.300e+02 6.300e+02 -5 1 2 4.178e+02 4.222e+02 41 1 3 1.434e+02 1.506e+02 67 1 3 4.793e+02 4.867e+02 69 1 4 1.673e+02 1.687e+02 14 1 2 5.860e+02 5.900e+02 38 1 3 4.354e+02 4.466e+02 104 1 1 6.074e+02 6.106e+02 30 1 1 3.848e+02 4.132e+02 263 1 4 5.009e+02 5.071e+02 58 1 3 4.257e+02 4.563e+02 284 1 4 5.872e+02 5.888e+02 16 1 3 1.292e+02 1.648e+02 331 1 3 6.086e+02 6.094e+02 7 1 3 3.830e+02 4.150e+02 297 1 1 5.608e+02 5.732e+02 116 1 2 6.293e+02 6.307e+02 14 1 4 5.264e+02 5.656e+02 364 2 3 9.892e+01 1.111e+02 113 2 4 1.638e+02 1.722e+02 77 2 4 2.434e+02 2.606e+02 160 2 4 4.489e+02 4.751e+02 243 2 3 2.721e+02 2.739e+02 16 2 4 3.740e+02 3.820e+02 75 2 4 3.865e+01 4.535e+01 62 2 2 2.030e+02 2.170e+02 130 2 2 2.889e+02 2.991e+02 96 2 1 6.033e+01 6.567e+01 50 2 4 1.101e+02 1.419e+02 296 2 3 1.782e+02 1.998e+02 201 2 4 1.967e+02 2.233e+02 247 2 4 2.773e+02 3.107e+02 310 2 2 3.013e+01 5.387e+01 220 2 1 1.721e+02 2.059e+02 315 2 3 2.101e+02 2.519e+02 388 2 1 2.533e+02 2.927e+02 366 2 3 4.727e+01 7.873e+01 292 2 1 9.531e+00 3.247e+01 213 2 1 4.547e+01 8.053e+01 326 3 4 4.197e+02 4.203e+02 6
43872 1 0 4 2.744e+02 3.136e+02 365
43873 1 2 1 1.842e+01 2.358e+01 48
43878 0
43879 0
43880 6 1 2 3.355e+02 3.365e+02 10 1 3 3.462e+02 3.678e+02 201 1 1 4.298e+02 4.522e+02 209 1 1 2.946e+02 3.354e+02 378 1 1 3.380e+02 3.760e+02 352 1 3 2.965e+02 3.335e+02 343
43881 9 0 2 6.196e+02 6.404e+02 193 0 4 6.161e+02 6.439e+02 258 2 2 1.175e+02 1.345e+02 158 2 4 1.134e+02 1.386e+02 235 2 3 9.393e+01 1.161e+02 206 3 1 1.361e+01 2.839e+01 137 3 2 2.882e+01 5.518e+01 245 3 3 1.487e+01 2.713e+01 114 3 4 2.671e+01 5.729e+01 284
43883 0
43884 0
43886 4 1 1 2.971e+02 3.329e+02 333 1 3 2.986e+02 3.314e+02 305 1 2 2.712e+02 3.168e+02 423 1 4 2.693e+02 3.187e+02 460
43887 8 0 3 4.825e+02 4.835e+02 9 0 2 6.674e+02 6.766e+02 86 0 2 4.480e+02 4.760e+02 260 0 4 6.662e+02 6.778e+02 108 0 1 4.706e+02 4.954e+02 230 0 4 4.891e+02 5.189e+02 276 2 1 3.100e+02 3.200e+02 93 2 4 1.232e+02 1.288e+02 51
43889 13 0 2 3.296e+02 3.424e+02 120 0 1 5.191e+02 5.309e+02 109 0 4 3.226e+02 3.494e+02 250 0 4 5.820e+02 5.940e+02 110 0 1 2.954e+02 3.346e+02 364 0 2 6.640e+02 6.800e+02 148 0 1 5.563e+02 5.777e+02 198 0 4 5.769e+02 5.991e+02 206 0 3 5.155e+02 5.345e+02 176 0 3 5.049e+02 5.451e+02 374 0 2 5.226e+02 5.694e+02 434 2 4 1.680e+02 1.680e+02 -4 2 3 5.132e+00 3.687e+01 295
43890 54 0 1 3.990e+02 3.990e+02 -2 0 2 2.514e+02 2.526e+02 10 0 4 2.940e+02 2.940e+02 -6 0 3 6.074e+02 6.106e+02 30 0 1 2.273e+02 2.347e+02 68 0 2 6.720e+02 6.720e+02 -10 0 1 2.698e+02 2.762e+02 60 0 2 3.658e+02 3.902e+02 226 0 1 2.175e+02 2.445e+02 250 0 4 5.854e+02 5.906e+02 48 0 3 2.671e+02 2.789e+02 110 0 4 6.720e+02 6.720e+02 -24 0 4 2.356e+02 2.684e+02 306 0 4 4.095e+02 4.305e+02 196 0 2 2.828e+02 3.052e+02 208 0 4 4.981e+02 5.099e+02 109 0 3 5.126e+02 5.374e+02 230 0 3 6.003e+02 6.177e+02 161 0 3 6.489e+02 6.531e+02 40 0 1 4.284e+02 4.536e+02 234 0 1 4.726e+02 4.934e+02 194 0 2 6.225e+02 6.375e+02 140 0 1 6.411e+02 6.609e+02 185 0 3 4.706e+02 4.954e+02 230 0 1 5.917e+02 6.263e+02 322 0 3 5.945e+02 6.235e+02 269 1 2 3.754e+02 3.806e+02 48 1 3 6.090e+02 6.090e+02 -8 1 3 3.038e+02 3.262e+02 209 1 2 5.834e+02 5.926e+02 86 1 1 5.563e+02 5.777e+02 199 1 4 5.771e+02 5.989e+02 202 1 1 6.076e+02 6.104e+02 26 1 4 5.301e+02 5.619e+02 295 1 1 5.949e+02 6.231e+02 262 1 2 6.135e+02 6.465e+02 307 2 4 4.597e+02 4.643e+02 43 2 2 2.489e+02 2.551e+02 58 2 4 4.515e+02 4.725e+02 195 2 3 2.716e+02 2.744e+02 26 2 3 5.710e+01 6.890e+01 110 2 4 8.348e+01 8.452e+01 10 2 4 2.520e+02 2.520e+02 0 2 2 2.859e+02 3.021e+02 150 2 4 2.582e+01 5.818e+01 300 2 2 7.235e+01 9.565e+01 216 2 4 2.019e+02 2.181e+02 150 2 1 2.593e+02 2.867e+02 254 2 4 6.701e+01 1.010e+02 316 2 1 3.018e+02 3.282e+02 246 3 2 2.927e+02 2.953e+02 25 3 4 2.360e+02 2.680e+02 296 3 4 2.788e+02 3.092e+02 282 3 3 2.589e+02 2.871e+02 262
43891 54 0 4 6.712e+02 6.728e+02 15 0 2 6.255e+02 6.345e+02 83 0 4 6.209e+02 6.391e+02 170 0 1 2.155e+02 2.465e+02 288 0 3 6.387e+02 6.633e+02 228 1 2 5.352e+02 5.568e+02 201 2 4 2.513e+02 2.527e+02 14 2 1 1.882e+01 2.318e+01 40 2 3 4.402e+02 4.418e+02 15 2 4 8.083e+01 8.717e+01 59 2 2 4.608e+02 4.632e+02 23 2 3 1.882e+02 1.898e+02 15 2 4 5.858e+02 5.902e+02 40 2 4 2.071e+02 2.129e+02 55 2 4 6.674e+02 6.766e+02 86 2 1 2.669e+02 2.791e+02 113 2 2 3.834e+01 4.566e+01 68 2 4 4.153e+02 4.247e+02 88 2 3 9.972e+01 1.103e+02 98 2 1 4.829e+02 4.831e+02 2 2 2 1.680e+02 1.680e+02 -2 2 3 6.075e+02 6.105e+02 28 2 1 2.266e+02 2.354e+02 81 2 2 6.601e+02 6.839e+02 220 2 4 3.708e+01 4.692e+01 91 2 2 1.235e+02 1.285e+02 46 2 3 4.813e+02 4.847e+02 32 2 3 1.384e+02 1.556e+02 160 2 2 6.218e+02 6.382e+02 153 2 3 2.301e+02 2.319e+02 17 2 4 4.009e+02 4.391e+02 355 2 3 2.592e+02 2.868e+02 256 2 4 4.526e+02 4.714e+02 175 2 1 6.010e+01 6.590e+01 54 2 2 6.142e+02 6.458e+02 294 2 4 1.241e+02 1.279e+02 36 2 3 4.224e+02 4.596e+02 346 2 4 1.550e+02 1.810e+02 242 2 2 2.430e+02 2.610e+02 167 2 3 1.438e+01 2.762e+01 123 2 2 6.567e+01 1.023e+02 340 2 1 1.735e+02 2.045e+02 288 2 2 1.905e+02 2.295e+02 362 2 4 3.026e+01 5.374e+01 218 2 4 6.786e+01 1.001e+02 300 2 3 1.705e+02 2.075e+02 343 2 3 5.346e+01 7.254e+01 177 2 3 8.460e+01 1.254e+02 379 2 1 7.959e+00 3.404e+01 242 2 2 2.479e+01 5.921e+01 320 3 1 1.023e+02 1.077e+02 50 3 2 1.106e+02 1.414e+02 286 3 2 7.881e+01 8.919e+01 96 3 2 3.834e+01 4.566e+01 68
43892 0
43894 2 2 3 1.019e+02 1.081e+02 58 2 2 5.743e+02 6.017e+02 255
43895 19 0 4 2.940e+02 2.940e+02 -0 0 3 6.089e+02 6.091e+02 1 0 3 1.909e+01 2.291e+01 36 0 3 5.226e+02 5.274e+02 44 0 1 2.679e+02 2.781e+02 94 0 4 6.299e+02 6.301e+02 2 0 4 3.246e+01 5.154e+01 177 0 2 6.647e+02 6.793e+02 135 0 3 2.596e+02 2.864e+02 248 0 2 5.003e+02 5.077e+02 68 0 2 2.795e+02 3.085e+02 270 0 3 5.144e+02 5.356e+02 196 0 1 6.080e+02 6.100e+02 19 0 4 4.911e+02 5.169e+02 240 0 1 5.082e+02 5.418e+02 312 0 2 6.270e+02 6.330e+02 56 0 4 4.796e+02 5.284e+02 453 0 1 5.906e+02 6.274e+02 341 2 4 5.876e+02 5.884e+02 8
43896 6 0 1 4.814e+02 4.846e+02 30 0 4 4.981e+02 5.099e+02 110 0 3 4.714e+02 4.946e+02 216 1 4 6.290e+02 6.310e+02 19 1 3 2.173e+02 2.447e+02 254 1 2 2.340e+02 2.700e+02 335
43898 22 0 1 5.646e+02 5.694e+02 44 0 4 5.872e+02 5.888e+02 15 0 3 5.623e+02 5.717e+02 88 0 3 5.973e+02 6.207e+02 218 0 3 6.470e+02 6.550e+02 75 0 1 5.480e+02 5.860e+02 352 0 4 6.148e+02 6.452e+02 281 0 3 5.489e+02 5.851e+02 336 1 1 5.668e+02 5.672e+02 3 1 3 5.670e+02 5.670e+02 -3 1 3 5.989e+02 6.191e+02 187 1 2 5.873e+02 5.887e+02 14 1 1 5.986e+02 6.194e+02 193 1 4 5.871e+02 5.889e+02 17 1 4 5.342e+02 5.578e+02 219 2 2 2.928e+02 2.952e+02 22 2 4 6.192e+02 6.408e+02 200 2 3 6.490e+02 6.530e+02 36 2 1 2.978e+02 3.322e+02 319 2 2 6.693e+02 6.747e+02 50 2 1 6.420e+02 6.600e+02 167 2 2 6.530e+02 6.910e+02 352
43900 0
43901 7 0 4 6.143e+02 6.457e+02 292 2 4 1.250e+02 1.270e+02 19 2 2 4.196e+02 4.204e+02 7 2 4 3.708e+02 3.852e+02 135 2 3 3.893e+02 4.087e+02 180 2 4 4.014e+02 4.386e+02 346 2 1 4.242e+02 4.578e+02 312
43902 0
43903 0
43904 17 0 4 5.873e+02 5.887e+02 12 0 2 6.695e+02 6.745e+02 46 0 1 6.016e+02 6.164e+02 138 0 4 6.675e+02 6.765e+02 83 0 3 6.013e+02 6.167e+02 144 0 2 6.249e+02 6.351e+02 96 0 4 6.236e+02 6.364e+02 118 1 2 6.127e+02 6.473e+02 322 2 4 3.769e+02 3.791e+02 20 2 4 1.260e+02 1.260e+02 -24 2 1 3.933e+02 4.047e+02 106 2 1 1.657e+01 2.543e+01 82 2 3 1.397e+02 1.543e+02 136 2 3 3.865e+02 4.115e+02 232 2 3 3.564e+00 3.844e+01 324 2 4 6.912e+01 9.888e+01 276 2 2 3.607e+02 3.953e+02 321
43905 17 0 1 5.670e+02 5.670e+02 -13 0 1 6.028e+02 6.152e+02 116 0 3 5.971e+02 6.209e+02 220 0 4 5.767e+02 5.993e+02 210 0 1 5.954e+02 6.226e+02 252 1 2 5.849e+02 5.911e+02 58 1 4 5.843e+02 5.917e+02 69 1 3 5.928e+02 6.252e+02 300 1 1 5.904e+02 6.276e+02 346 2 3 5.983e+01 6.617e+01 59 2 1 5.844e+01 6.756e+01 85 2 2 6.858e+01 9.942e+01 286 2 4 6.728e+01 1.007e+02 310 3 1 1.043e+01 3.157e+01 196 3 2 3.210e+01 5.190e+01 184 3 3 1.191e+01 3.009e+01 169 3 4 3.143e+01 5.257e+01 196
43906 8 0 4 4.562e+02 4.678e+02 108 0 4 6.691e+02 6.749e+02 54 0 4 4.108e+02 4.292e+02 170 0 1 4.821e+02 4.839e+02 17 0 2 6.631e+02 6.809e+02 165 0 3 3.918e+02 4.062e+02 133 0 3 4.722e+02 4.938e+02 200 0 2 4.442e+02 4.798e+02 330
43907 0
43908 9 0 1 2.678e+02 2.782e+02 97 0 2 2.892e+02 2.988e+02 90 0 4 6.669e+02 6.771e+02 94 0 4 2.836e+02 3.044e+02 193 1 4 6.142e+02 6.458e+02 293 2 2 2.475e+02 2.565e+02 83 2 4 2.471e+02 2.569e+02 90 2 2 2.383e+02 2.657e+02 255 2 3 2.549e+02 2.911e+02 336
43909 22 1 4 5.454e+02 5.466e+02 10 1 3 5.179e+02 5.321e+02 131 1 2 5.409e+02 5.511e+02 95 1 4 6.109e+02 6.491e+02 354 2 1 5.240e+02 5.260e+02 18 2 3 6.163e+01 6.437e+01 26 2 2 6.247e+02 6.353e+02 98 2 3 1.865e+02 1.915e+02 46 2 2 4.995e+02 5.085e+02 83 2 2 2.079e+02 2.121e+02 40 2 4 6.261e+02 6.339e+02 73 2 4 2.856e+01 5.544e+01 250 2 3 4.723e+02 4.937e+02 200 2 2 1.581e+02 1.779e+02 184 2 1 5.960e+02 6.220e+02 241 2 1 2.162e+02 2.458e+02 276 2 3 6.371e+02 6.649e+02 258 2 1 5.234e+01 7.366e+01 198 2 4 4.441e+02 4.799e+02 332 2 1 1.798e+02 1.982e+02 171 2 3 5.382e+01 7.218e+01 170 2 4 1.514e+02 1.846e+02 309
43910 0
43912 10 0 4 2.061e+02 2.139e+02 72 0 3 3.963e+02 4.017e+02 50 0 4 4.962e+02 5.118e+02 146 0 1 4.713e+02 4.947e+02 218 0 4 4.025e+02 4.375e+02 325 0 3 4.725e+02 4.935e+02 196 0 2 4.942e+02 5.138e+02 181 1 2 6.277e+02 6.323e+02 43 1 1 5.934e+02 6.246e+02 290 1 4 6.128e+02 6.472e+02 319
43914 3 0 3 5.943e+02 6.237e+02 273 0 4 6.144e+02 6.456e+02 290 2 4 3.253e+02 3.467e+02 198
43916 53 0 4 3.754e+02 3.806e+02 48 0 2 6.656e+02 6.784e+02 118 0 4 2.327e+02 2.713e+02 359 0 4 6.682e+02 6.758e+02 70 0 3 2.622e+02 2.838e+02 201 1 1 6.075e+02 6.105e+02 27 1 1 5.213e+02 5.287e+02 68 1 3 6.082e+02 6.098e+02 15 1 2 5.747e+02 6.013e+02 246 1 2 6.195e+02 6.405e+02 196 1 2 5.688e+02 6.072e+02 357 1 4 6.197e+02 6.403e+02 192 2 4 3.357e+02 3.363e+02 6 2 1 1.913e+01 2.287e+01 35 2 3 5.239e+02 5.261e+02 20 2 3 1.034e+02 1.066e+02 29 2 1 4.387e+02 4.433e+02 42 2 4 2.091e+02 2.109e+02 17 2 2 5.021e+02 5.059e+02 35 2 4 2.910e+02 2.970e+02 56 2 2 5.446e+02 5.474e+02 26 2 3 3.556e+02 3.584e+02 26 2 2 4.152e+02 4.248e+02 90 2 3 2.052e+01 2.148e+01 9 2 3 4.750e+02 4.910e+02 148 2 2 1.187e+02 1.333e+02 136 2 1 5.656e+02 5.684e+02 26 2 3 1.377e+02 1.563e+02 172 2 3 5.906e+02 6.274e+02 342 2 1 2.304e+02 2.316e+02 10 2 4 4.086e+02 4.314e+02 211 2 3 3.088e+02 3.212e+02 116 2 4 4.485e+02 4.755e+02 250 2 2 3.691e+02 3.869e+02 166 2 3 5.660e+02 5.680e+02 19 2 1 1.106e+01 3.094e+01 185 2 3 3.835e+02 4.145e+02 288 2 4 1.219e+02 1.301e+02 76 2 4 4.860e+02 5.220e+02 334 2 2 1.523e+02 1.837e+02 291 2 3 2.290e+02 2.330e+02 37 2 1 3.015e+02 3.285e+02 251 2 1 3.383e+02 3.757e+02 346 2 2 3.120e+01 5.280e+01 200 2 2 7.679e+01 9.121e+01 134 2 4 1.476e+02 1.884e+02 378 2 2 2.063e+02 2.137e+02 68 2 2 3.176e+02 3.544e+02 341 2 1 4.973e+01 7.627e+01 246 2 4 8.052e+01 8.748e+01 65 2 2 1.975e+02 2.225e+02 233 2 3 5.409e+01 7.191e+01 166 2 2 1.116e+02 1.404e+02 268
43917 3 0 4 6.593e+02 6.847e+02 236 0 3 6.335e+02 6.685e+02 326 1 4 6.200e+02 6.400e+02 186
43918 6 0 4 5.874e+02 5.886e+02 10 0 2 6.261e+02 6.339e+02 72 0 1 6.046e+02 6.134e+02 81 0 3 6.375e+02 6.645e+02 250 0 4 6.203e+02 6.397e+02 180 0 4 4.804e+02 5.276e+02 438
43924 1 3 4 5.006e+02 5.074e+02 64
43930 2 2 4 7.150e+01 9.650e+01 232 2 3 8.523e+01 1.248e+02 367
