52675 0
52676 8 0 3 4.410e+02 4.410e+02 -3 0 4 4.549e+02 4.691e+02 132 0 4 6.695e+02 6.745e+02 46 0 1 6.438e+02 6.582e+02 133 1 1 3.507e+02 3.633e+02 117 2 1 1.191e+01 3.009e+01 169 2 4 3.655e+02 3.905e+02 233 2 3 1.271e+01 2.929e+01 154
52677 26 0 4 4.530e+02 4.710e+02 167 0 1 5.188e+02 5.312e+02 115 0 2 5.372e+02 5.548e+02 164 0 3 5.089e+02 5.411e+02 300 2 2 3.747e+02 3.813e+02 60 2 1 6.505e+02 6.515e+02 9 2 2 2.088e+02 2.112e+02 22 2 1 3.980e+02 4.000e+02 19 2 4 3.352e+02 3.368e+02 16 2 3 5.668e+02 5.672e+02 4 2 3 1.772e+02 2.008e+02 219 2 2 5.423e+02 5.497e+02 69 2 4 1.954e+02 2.246e+02 270 2 4 4.031e+02 4.369e+02 313 2 1 3.546e+02 3.594e+02 44 2 4 4.456e+02 4.784e+02 304 2 1 2.158e+02 2.462e+02 282 2 1 5.593e+02 5.747e+02 143 2 3 3.530e+02 3.610e+02 74 2 4 5.351e+02 5.569e+02 203 2 2 3.252e+02 3.468e+02 200 2 3 5.513e+02 5.827e+02 291 2 4 3.228e+02 3.492e+02 246 2 3 5.081e+02 5.419e+02 314 2 3 3.430e+02 3.710e+02 260 2 2 3.591e+02 3.969e+02 350
52678 20 0 4 5.014e+02 5.066e+02 49 0 2 5.452e+02 5.468e+02 16 0 1 6.079e+02 6.101e+02 20 0 4 4.953e+02 5.127e+02 161 0 1 5.490e+02 5.850e+02 334 0 3 6.046e+02 6.134e+02 82 0 2 6.638e+02 6.802e+02 153 0 1 4.745e+02 4.915e+02 157 0 3 5.551e+02 5.789e+02 220 0 4 6.207e+02 6.393e+02 173 0 4 6.553e+02 6.887e+02 310 0 2 4.442e+02 4.798e+02 331 0 2 6.169e+02 6.431e+02 244 2 1 6.060e+01 6.540e+01 45 2 4 7.289e+01 9.511e+01 206 2 3 5.799e+01 6.801e+01 93 2 3 8.860e+01 1.214e+02 305 2 4 3.560e+01 4.840e+01 119 2 3 5.032e+01 7.568e+01 236 2 2 2.542e+01 5.858e+01 308
52679 6 3 4 4.013e+01 4.387e+01 35 3 1 5.965e+01 6.635e+01 62 3 1 1.442e+02 1.498e+02 51 3 2 3.838e+01 4.562e+01 67 3 3 5.050e+01 7.550e+01 232 3 1 4.821e+01 7.779e+01 275
52680 49 0 1 1.852e+02 1.928e+02 70 0 3 2.282e+02 2.338e+02 52 0 1 3.099e+02 3.201e+02 94 0 2 2.073e+02 2.127e+02 50 0 1 1.733e+02 2.047e+02 292 0 2 2.336e+02 2.704e+02 342 0 1 4.363e+02 4.457e+02 87 0 2 3.186e+02 3.534e+02 323 0 2 4.579e+02 4.661e+02 76 0 4 2.337e+02 2.703e+02 340 0 1 5.578e+02 5.762e+02 171 0 4 1.900e+02 2.300e+02 371 0 1 6.057e+02 6.123e+02 61 0 3 4.348e+02 4.472e+02 115 0 3 5.572e+02 5.768e+02 182 0 2 6.205e+02 6.395e+02 177 0 2 6.712e+02 6.728e+02 15 0 4 6.225e+02 6.375e+02 139 0 3 6.424e+02 6.596e+02 160 0 1 6.333e+02 6.687e+02 328 0 2 6.526e+02 6.914e+02 360 1 2 1.231e+02 1.289e+02 55 1 2 6.273e+02 6.327e+02 50 1 4 2.082e+02 2.118e+02 33 1 4 6.221e+02 6.379e+02 147 1 2 1.099e+02 1.421e+02 299 1 2 2.043e+02 2.157e+02 106 1 1 1.766e+02 2.014e+02 230 1 3 1.717e+02 2.063e+02 322 2 1 3.987e+02 3.993e+02 6 2 2 2.517e+02 2.523e+02 5 2 2 4.585e+02 4.655e+02 65 2 2 3.762e+02 3.798e+02 33 2 3 3.942e+02 4.038e+02 89 2 3 4.789e+02 4.871e+02 76 2 4 8.061e+01 8.739e+01 63 2 2 4.183e+02 4.217e+02 32 2 4 4.519e+02 4.721e+02 187 2 4 2.486e+02 2.554e+02 63 2 4 3.983e+02 4.417e+02 404 2 1 2.660e+02 2.800e+02 130 2 4 3.336e+02 3.384e+02 46 2 2 3.367e+01 5.033e+01 155 2 3 2.224e+02 2.396e+02 160 2 3 3.467e+02 3.673e+02 192 2 4 3.753e+01 4.647e+01 83 2 4 2.361e+02 2.679e+02 296 2 4 3.600e+02 3.960e+02 335 2 2 3.187e+02 3.533e+02 321
52681 6 0 3 6.456e+02 6.564e+02 100 0 2 6.632e+02 6.808e+02 164 0 4 6.587e+02 6.853e+02 246 2 3 1.712e+01 2.488e+01 72 2 1 9.083e+00 3.292e+01 221 2 2 2.510e+01 5.890e+01 314
52682 0
52683 1 1 3 4.342e+02 4.478e+02 126
52684 6 0 2 2.089e+02 2.111e+02 20 0 1 1.793e+02 1.987e+02 180 1 2 6.124e+02 6.476e+02 327 2 4 4.200e+01 4.200e+01 -4 2 3 5.382e+01 7.218e+01 170 2 2 2.407e+01 5.993e+01 333
52685 4 2 2 3.757e+02 3.803e+02 42 2 3 1.839e+02 1.941e+02 94 2 4 1.955e+02 2.245e+02 270 2 4 1.115e+02 1.405e+02 269
52688 0
52689 2 0 2 6.641e+02 6.799e+02 147 0 4 6.607e+02 6.833e+02 210
52690 33 0 4 4.588e+02 4.652e+02 60 0 2 6.717e+02 6.723e+02 6 0 4 6.703e+02 6.737e+02 31 1 2 1.242e+02 1.278e+02 33 1 2 1.675e+02 1.685e+02 9 1 1 1.765e+02 2.015e+02 231 1 3 5.890e+02 6.290e+02 371 2 2 3.924e+01 4.476e+01 51 2 4 4.608e+02 4.632e+02 22 2 4 2.082e+02 2.118e+02 33 2 2 6.263e+02 6.337e+02 69 2 3 3.121e+02 3.179e+02 53 2 3 4.366e+02 4.454e+02 82 2 1 3.561e+02 3.579e+02 17 2 3 4.814e+02 4.846e+02 30 2 1 1.523e+01 2.677e+01 107 2 2 4.581e+02 4.659e+02 72 2 3 1.440e+02 1.500e+02 56 2 4 4.026e+02 4.374e+02 324 2 2 2.054e+02 2.146e+02 86 2 1 4.711e+02 4.949e+02 220 2 4 2.868e+02 3.012e+02 133 2 2 4.884e+02 5.196e+02 290 2 2 3.330e+02 3.390e+02 56 2 3 1.662e+01 2.538e+01 81 2 4 2.365e+02 2.675e+02 288 2 3 2.973e+02 3.327e+02 329 2 4 3.264e+02 3.456e+02 178 2 2 3.080e+01 5.320e+01 208 2 1 2.185e+02 2.435e+02 233 2 4 3.322e+01 5.078e+01 163 2 3 2.151e+02 2.469e+02 296 2 3 5.045e+00 3.696e+01 296
52691 55 0 2 6.710e+02 6.730e+02 19 0 2 4.548e+02 4.692e+02 134 0 1 2.625e+02 2.835e+02 196 0 1 5.215e+02 5.285e+02 65 0 4 5.833e+02 5.927e+02 88 0 4 6.662e+02 6.778e+02 107 0 4 4.960e+02 5.120e+02 148 0 3 5.169e+02 5.331e+02 150 0 1 6.062e+02 6.118e+02 51 0 4 4.499e+02 4.741e+02 226 0 2 5.397e+02 5.523e+02 117 0 3 6.035e+02 6.145e+02 101 0 1 6.361e+02 6.659e+02 277 0 3 4.695e+02 4.965e+02 251 0 1 5.581e+02 5.759e+02 165 0 2 6.240e+02 6.360e+02 112 0 3 6.377e+02 6.643e+02 246 0 3 5.542e+02 5.798e+02 238 0 4 6.222e+02 6.378e+02 146 0 1 5.508e+02 5.832e+02 300 0 4 6.117e+02 6.483e+02 340 0 2 5.265e+02 5.655e+02 363 1 2 6.291e+02 6.309e+02 16 1 4 5.033e+02 5.047e+02 12 1 2 5.452e+02 5.468e+02 15 1 4 6.288e+02 6.312e+02 21 1 1 5.619e+02 5.721e+02 94 1 1 6.083e+02 6.097e+02 14 1 3 5.613e+02 5.727e+02 106 1 3 6.067e+02 6.113e+02 43 1 1 8.723e+00 3.328e+01 228 1 4 5.807e+02 5.953e+02 136 1 4 5.289e+02 5.631e+02 318 1 1 5.556e+02 5.784e+02 212 1 2 5.735e+02 6.025e+02 269 2 3 3.121e+02 3.179e+02 53 2 1 4.404e+02 4.416e+02 10 2 4 3.304e+02 3.416e+02 105 2 2 5.452e+02 5.468e+02 15 2 3 1.541e+01 2.659e+01 104 2 2 5.877e+02 5.883e+02 6 2 4 3.703e+02 3.857e+02 143 2 4 3.475e+01 4.925e+01 135 2 1 3.943e+02 4.037e+02 86 2 1 3.412e+02 3.728e+02 294 2 4 5.359e+02 5.561e+02 187 2 2 3.363e+01 5.037e+01 156 2 3 2.949e+02 3.351e+02 374 2 3 3.852e+02 4.128e+02 257 2 2 3.616e+02 3.944e+02 305 2 1 4.280e+02 4.540e+02 242 2 1 3.695e+00 3.830e+01 321 2 3 3.879e+01 8.721e+01 450 3 1 1.083e+01 3.117e+01 189 3 3 3.473e+00 3.853e+01 326
52692 15 0 1 4.394e+02 4.426e+02 29 2 3 2.043e+01 2.157e+01 10 2 1 3.966e+02 4.014e+02 46 2 2 2.083e+02 2.117e+02 31 2 4 5.455e+02 5.465e+02 10 2 4 3.732e+02 3.828e+02 89 2 3 3.861e+02 4.119e+02 239 2 2 2.923e+01 5.477e+01 237 2 4 4.057e+02 4.343e+02 266 2 3 2.181e+02 2.439e+02 240 2 2 3.651e+02 3.909e+02 239 2 1 8.814e+00 3.319e+01 226 2 4 1.078e+02 1.442e+02 337 2 1 1.696e+02 2.084e+02 360 2 4 6.701e+01 1.010e+02 316
52693 3 0 2 5.460e+02 5.460e+02 -10 0 2 6.578e+02 6.862e+02 264 0 4 6.569e+02 6.871e+02 280
52694 2 0 1 6.477e+02 6.543e+02 61 0 4 6.665e+02 6.775e+02 101
52695 72 0 1 4.828e+02 4.832e+02 3 0 1 6.082e+01 6.518e+01 40 0 2 6.278e+02 6.322e+02 41 0 1 1.027e+02 1.073e+02 42 0 4 6.712e+02 6.728e+02 16 0 4 1.516e+02 1.844e+02 305 0 1 3.989e+02 3.991e+02 2 0 4 2.825e+02 3.055e+02 213 0 3 4.799e+02 4.861e+02 57 0 2 1.135e+02 1.385e+02 232 0 3 5.227e+02 5.273e+02 43 0 2 1.481e+02 1.879e+02 370 0 4 6.290e+02 6.310e+02 18 0 1 6.470e+02 6.550e+02 74 0 3 3.930e+02 4.050e+02 111 0 4 4.929e+02 5.151e+02 206 0 1 5.173e+02 5.327e+02 142 0 1 6.075e+02 6.105e+02 27 0 3 6.490e+02 6.530e+02 38 0 4 4.100e+02 4.300e+02 186 0 2 4.923e+02 5.157e+02 217 0 3 6.046e+02 6.134e+02 82 0 2 6.700e+02 6.740e+02 37 0 1 3.805e+02 4.175e+02 344 0 3 5.913e+02 6.267e+02 328 0 2 6.614e+02 6.826e+02 196 0 4 6.168e+02 6.432e+02 246 0 1 6.362e+02 6.658e+02 276 0 4 6.519e+02 6.921e+02 374 1 1 5.670e+02 5.670e+02 -3 1 4 6.289e+02 6.311e+02 20 1 4 4.059e+02 4.341e+02 262 1 2 5.851e+02 5.909e+02 53 1 1 6.083e+02 6.097e+02 13 1 4 5.860e+02 5.900e+02 37 1 3 6.081e+02 6.099e+02 17 1 1 5.120e+02 5.380e+02 240 1 2 5.439e+02 5.481e+02 39 1 2 6.290e+02 6.310e+02 18 1 3 5.103e+02 5.397e+02 273 1 4 5.447e+02 5.473e+02 25 1 3 5.619e+02 5.721e+02 94 1 2 5.751e+02 6.009e+02 240 1 4 5.282e+02 5.638e+02 330 2 3 6.100e+01 6.500e+01 37 2 4 6.229e+02 6.371e+02 131 2 3 1.021e+02 1.079e+02 53 2 1 1.461e+02 1.479e+02 16 2 2 2.076e+02 2.124e+02 45 2 3 3.830e+02 4.150e+02 298 2 2 2.881e+02 2.999e+02 110 2 1 3.531e+02 3.609e+02 73 2 4 3.793e+01 4.607e+01 76 2 2 1.249e+02 1.271e+02 21 2 1 2.228e+02 2.392e+02 153 2 3 2.625e+02 2.835e+02 196 2 2 3.720e+02 3.840e+02 111 2 4 2.815e+01 5.585e+01 257 2 4 1.171e+02 1.349e+02 165 2 3 1.743e+02 2.037e+02 273 2 4 1.953e+02 2.247e+02 274 2 4 2.795e+02 3.085e+02 269 2 4 3.755e+02 3.805e+02 46 2 2 2.214e+01 6.186e+01 369 2 4 7.177e+01 9.623e+01 227 2 1 3.406e+02 3.734e+02 306 2 1 4.552e+01 8.048e+01 325 2 2 6.459e+01 1.034e+02 360 2 3 8.514e+01 1.249e+02 369 3 2 6.691e+02 6.749e+02 54 3 3 6.440e+02 6.580e+02 130 3 2 6.130e+02 6.470e+02 316
52696 34 0 4 3.335e+02 3.385e+02 46 0 1 6.495e+02 6.525e+02 27 0 4 8.209e+01 8.591e+01 36 0 1 4.784e+02 4.876e+02 85 0 3 2.250e+02 2.370e+02 111 0 2 5.454e+02 5.466e+02 11 0 4 2.492e+02 2.548e+02 51 0 1 6.031e+02 6.149e+02 110 0 4 2.008e+02 2.192e+02 170 0 3 6.489e+02 6.531e+02 39 0 2 5.025e+02 5.055e+02 28 0 3 5.128e+02 5.372e+02 227 0 3 6.080e+02 6.100e+02 19 0 2 6.681e+02 6.759e+02 72 0 3 4.756e+02 4.904e+02 138 0 3 5.508e+02 5.832e+02 300 0 2 6.274e+02 6.326e+02 49 0 4 6.671e+02 6.769e+02 90 0 4 4.904e+02 5.176e+02 252 0 1 5.090e+02 5.410e+02 296 0 4 6.275e+02 6.325e+02 47 0 4 6.582e+02 6.858e+02 257 0 4 5.736e+02 6.024e+02 267 0 1 6.390e+02 6.630e+02 222 0 2 6.547e+02 6.893e+02 320 2 4 3.789e+01 4.611e+01 76 2 3 9.739e+01 1.126e+02 141 2 2 3.336e+01 5.064e+01 160 2 2 7.100e+01 9.700e+01 241 2 1 5.570e+01 7.030e+01 136 2 4 7.334e+01 9.466e+01 198 2 3 4.924e+01 7.676e+01 256 2 4 1.083e+02 1.437e+02 329 2 2 2.582e+01 5.818e+01 300
52697 13 2 2 5.447e+02 5.473e+02 24 2 4 4.176e+02 4.224e+02 46 2 3 3.524e+02 3.616e+02 85 2 3 5.188e+02 5.312e+02 115 2 3 4.281e+02 4.539e+02 240 2 4 3.237e+02 3.483e+02 229 2 3 4.676e+02 4.984e+02 286 2 1 3.429e+02 3.711e+02 261 2 1 5.568e+02 5.772e+02 190 2 4 4.871e+02 5.209e+02 315 2 2 3.164e+02 3.556e+02 364 2 4 5.324e+02 5.596e+02 252 2 4 4.425e+02 4.815e+02 361
52698 4 2 4 3.349e+02 3.371e+02 21 2 1 3.543e+02 3.597e+02 50 2 2 3.253e+02 3.467e+02 198 2 3 3.440e+02 3.700e+02 242
52700 7 0 4 8.400e+01 8.400e+01 -6 0 3 5.517e+01 7.083e+01 146 2 4 3.769e+02 3.791e+02 20 2 4 3.631e+02 3.929e+02 276 3 4 6.720e+02 6.720e+02 -17 3 2 6.660e+02 6.780e+02 111 3 2 4.456e+02 4.784e+02 304
52702 1 0 1 5.060e+02 5.440e+02 353
52703 6 0 4 5.866e+02 5.894e+02 26 0 1 5.523e+02 5.817e+02 274 0 4 5.765e+02 5.995e+02 214 0 3 5.468e+02 5.872e+02 376 0 1 5.954e+02 6.226e+02 252 2 4 6.634e+02 6.806e+02 159
52704 1 2 3 1.963e+01 2.237e+01 26
52706 16 0 1 1.027e+02 1.073e+02 43 0 2 6.246e+02 6.354e+02 100 0 1 5.964e+02 6.216e+02 235 0 4 6.556e+02 6.884e+02 305 0 3 5.946e+02 6.234e+02 267 1 2 5.868e+02 5.892e+02 22 1 3 6.009e+02 6.171e+02 151 1 1 5.565e+02 5.775e+02 195 1 4 5.687e+02 6.073e+02 359 2 3 3.137e+02 3.163e+02 24 2 1 3.054e+02 3.246e+02 179 2 2 3.246e+02 3.474e+02 212 2 1 1.554e+01 2.646e+01 101 2 4 2.815e+02 3.065e+02 233 2 1 2.968e+02 3.332e+02 338 3 2 6.531e+01 1.027e+02 347
52707 30 0 1 6.090e+02 6.090e+02 -5 0 3 6.503e+02 6.517e+02 14 0 2 4.998e+02 5.082e+02 78 0 3 6.082e+02 6.098e+02 15 0 2 6.669e+02 6.771e+02 95 0 4 5.002e+02 5.078e+02 71 0 3 5.086e+02 5.415e+02 306 0 4 6.121e+02 6.479e+02 332 0 1 6.456e+02 6.564e+02 100 0 2 6.101e+02 6.499e+02 369 0 4 6.621e+02 6.819e+02 185 1 1 5.670e+02 5.670e+02 -0 1 1 6.061e+02 6.119e+02 55 1 2 5.807e+02 5.953e+02 136 1 4 6.219e+02 6.381e+02 150 1 4 5.791e+02 5.969e+02 166 1 3 6.028e+02 6.152e+02 116 1 1 5.508e+02 5.832e+02 300 1 3 5.925e+02 6.255e+02 306 1 2 6.120e+02 6.480e+02 334 2 4 1.660e+02 1.700e+02 36 2 3 2.255e+02 2.365e+02 103 2 1 2.679e+02 2.781e+02 94 2 2 2.516e+02 2.524e+02 7 2 4 2.510e+02 2.530e+02 19 2 3 2.596e+02 2.864e+02 248 2 1 2.131e+02 2.489e+02 333 2 4 2.337e+02 2.703e+02 340 3 1 2.035e+01 2.165e+01 12 3 1 6.028e+01 6.572e+01 50
52708 32 0 1 6.056e+02 6.124e+02 64 0 3 6.037e+02 6.143e+02 98 0 1 5.979e+02 6.201e+02 206 0 2 6.126e+02 6.474e+02 323 0 4 5.711e+02 6.049e+02 313 2 4 3.771e+02 3.789e+02 16 2 4 4.610e+02 4.630e+02 19 2 3 6.049e+02 6.131e+02 76 2 1 4.337e+02 4.483e+02 136 2 2 3.695e+02 3.865e+02 158 2 2 4.516e+02 4.724e+02 193 2 1 5.161e+02 5.339e+02 165 2 4 3.659e+02 3.901e+02 225 2 2 6.299e+02 6.301e+02 2 2 3 4.352e+02 4.468e+02 108 2 2 4.954e+02 5.126e+02 160 2 3 5.195e+02 5.305e+02 103 2 4 6.133e+02 6.467e+02 310 2 1 3.892e+02 4.088e+02 182 2 4 4.922e+02 5.158e+02 220 2 3 3.927e+02 4.053e+02 116 2 1 4.272e+02 4.548e+02 257 3 2 4.620e+02 4.620e+02 -11 3 1 3.978e+02 4.002e+02 21 3 4 4.163e+02 4.237e+02 69 3 4 5.033e+02 5.047e+02 14 3 3 3.956e+02 4.024e+02 64 3 1 4.359e+02 4.461e+02 94 3 3 4.410e+02 4.410e+02 -19 3 2 4.159e+02 4.241e+02 76 3 3 4.286e+02 4.534e+02 230 3 2 4.466e+02 4.774e+02 286
52709 10 0 1 4.404e+02 4.416e+02 11 0 4 5.011e+02 5.069e+02 54 0 3 4.303e+02 4.517e+02 199 0 4 4.586e+02 4.654e+02 63 0 1 5.108e+02 5.392e+02 263 0 2 4.966e+02 5.114e+02 138 0 3 5.128e+02 5.372e+02 226 0 4 4.938e+02 5.142e+02 190 0 4 4.880e+02 5.200e+02 296 0 2 4.467e+02 4.773e+02 285
52710 6 0 4 3.335e+02 3.385e+02 46 0 3 5.236e+02 5.264e+02 26 0 2 3.271e+02 3.449e+02 166 0 1 3.025e+02 3.275e+02 233 0 4 4.910e+02 5.170e+02 242 2 3 1.043e+01 3.157e+01 196
52711 2 0 1 5.962e+02 6.218e+02 237 0 3 5.984e+02 6.196e+02 197
52712 14 0 1 6.009e+02 6.171e+02 150 0 3 6.044e+02 6.136e+02 86 0 4 5.729e+02 6.031e+02 281 1 1 6.090e+02 6.090e+02 -15 1 3 6.052e+02 6.128e+02 70 1 2 6.139e+02 6.461e+02 300 1 4 2.767e+02 3.113e+02 321 1 2 3.958e+02 4.442e+02 450 3 1 3.990e+02 3.990e+02 -5 3 3 2.730e+02 2.730e+02 -4 3 3 3.980e+02 4.000e+02 18 3 2 3.694e+02 3.866e+02 160 3 4 3.624e+02 3.936e+02 290 3 2 3.594e+02 3.966e+02 346
52713 7 0 3 6.017e+02 6.163e+02 136 0 4 5.716e+02 6.044e+02 305 0 1 5.944e+02 6.236e+02 270 2 2 8.029e+01 8.771e+01 69 2 3 5.054e+01 7.546e+01 231 2 4 7.639e+01 9.161e+01 141 2 1 4.799e+01 7.801e+01 279
52714 3 0 4 5.847e+02 5.913e+02 62 2 2 4.134e+01 4.266e+01 12 2 3 5.762e+00 3.624e+01 283
52715 12 0 4 6.245e+02 6.355e+02 103 0 3 6.481e+02 6.539e+02 53 0 2 6.171e+02 6.429e+02 240 0 2 6.717e+02 6.723e+02 6 0 4 6.183e+02 6.417e+02 217 0 1 6.470e+02 6.550e+02 75 0 4 5.739e+02 6.021e+02 261 0 3 6.320e+02 6.700e+02 353 0 1 5.944e+02 6.236e+02 270 0 4 6.568e+02 6.872e+02 283 0 1 6.318e+02 6.702e+02 356 2 4 2.272e+01 6.128e+01 358
52718 4 2 4 3.346e+02 3.374e+02 26 2 3 1.050e+02 1.050e+02 -4 2 2 1.113e+02 1.407e+02 274 2 4 6.535e+01 1.027e+02 346
52719 0
