36855 34 0 1 6.510e+02 6.510e+02 -20 0 4 6.702e+02 6.738e+02 33 0 1 3.560e+02 3.580e+02 19 0 4 4.180e+02 4.220e+02 36 0 1 2.295e+02 2.325e+02 28 0 1 5.184e+02 5.316e+02 122 0 4 3.674e+02 3.886e+02 197 0 3 6.472e+02 6.548e+02 70 0 4 2.416e+02 2.624e+02 193 0 3 4.394e+02 4.426e+02 30 0 1 2.985e+02 3.315e+02 307 0 2 5.365e+02 5.555e+02 177 0 2 3.265e+02 3.455e+02 177 0 2 6.144e+02 6.456e+02 290 0 3 2.167e+02 2.453e+02 266 0 2 6.695e+02 6.745e+02 46 0 4 3.249e+02 3.471e+02 206 0 1 3.921e+02 4.059e+02 129 0 2 3.614e+02 3.946e+02 308 0 3 5.096e+02 5.404e+02 286 0 4 6.117e+02 6.483e+02 340 0 2 6.594e+02 6.846e+02 235 0 1 3.823e+02 4.157e+02 310 0 3 6.327e+02 6.693e+02 340 0 3 3.809e+02 4.171e+02 336 1 4 6.272e+02 6.328e+02 51 1 4 3.336e+02 3.384e+02 45 1 2 6.252e+02 6.348e+02 90 1 1 3.112e+02 3.188e+02 70 1 1 5.984e+02 6.196e+02 196 1 1 3.019e+02 3.281e+02 243 1 3 5.933e+02 6.247e+02 292 1 1 3.911e+02 4.069e+02 146 2 3 5.243e+02 5.257e+02 12
36856 9 0 2 6.697e+02 6.743e+02 42 0 4 6.687e+02 6.753e+02 62 0 1 6.360e+02 6.660e+02 279 0 3 6.347e+02 6.673e+02 302 2 2 2.936e+02 2.944e+02 7 2 3 2.602e+02 2.858e+02 238 2 4 5.329e+02 5.591e+02 243 2 4 2.815e+02 3.065e+02 231 2 1 2.983e+02 3.317e+02 310
36860 8 0 1 5.241e+02 5.259e+02 17 0 3 5.224e+02 5.276e+02 48 1 4 6.263e+02 6.337e+02 69 1 2 6.202e+02 6.398e+02 181 2 4 2.516e+02 2.524e+02 7 2 1 2.671e+02 2.789e+02 110 2 2 2.430e+02 2.610e+02 168 2 3 2.620e+02 2.840e+02 204
36866 18 0 1 5.650e+02 5.690e+02 36 0 3 5.635e+02 5.705e+02 66 0 1 5.470e+02 5.870e+02 371 0 4 5.755e+02 6.005e+02 232 0 4 5.644e+02 6.116e+02 438 1 1 5.626e+02 5.714e+02 82 1 3 5.603e+02 5.737e+02 124 1 2 5.738e+02 6.022e+02 264 1 4 5.746e+02 6.014e+02 248 2 1 1.886e+01 2.314e+01 40 2 4 7.509e+01 9.291e+01 166 2 3 1.913e+01 2.287e+01 35 2 3 9.461e+01 1.154e+02 193 2 1 1.341e+02 1.599e+02 240 2 2 2.461e+01 5.939e+01 323 2 2 7.257e+01 9.543e+01 212 2 4 2.335e+01 6.065e+01 346 3 1 1.689e+01 2.511e+01 76
36868 78 0 4 2.520e+02 2.520e+02 -0 0 1 6.498e+02 6.522e+02 23 0 4 3.349e+02 3.371e+02 20 0 4 5.040e+02 5.040e+02 -14 0 3 6.300e+01 6.300e+01 -4 0 3 5.670e+02 5.670e+02 -10 0 3 2.714e+02 2.746e+02 30 0 4 5.872e+02 5.888e+02 16 0 1 5.844e+01 6.756e+01 85 0 3 6.510e+02 6.510e+02 -13 0 4 7.442e+01 9.358e+01 178 0 1 4.405e+02 4.415e+02 9 0 2 1.630e+02 1.730e+02 93 0 2 4.620e+02 4.620e+02 -17 0 2 3.497e+01 4.903e+01 130 0 2 5.435e+02 5.485e+02 47 0 3 2.603e+02 2.857e+02 236 0 2 6.158e+02 6.442e+02 264 0 2 3.171e+02 3.549e+02 351 0 2 6.720e+02 6.720e+02 -17 0 4 2.479e+01 5.921e+01 320 0 3 4.372e+02 4.448e+02 70 0 1 4.489e+01 8.111e+01 336 0 4 4.510e+02 4.730e+02 204 0 1 5.541e+02 5.799e+02 240 0 4 6.140e+02 6.460e+02 296 0 4 6.666e+02 6.774e+02 100 0 1 4.236e+02 4.584e+02 324 0 1 4.762e+02 4.898e+02 126 0 3 4.748e+02 4.912e+02 152 0 2 4.461e+02 4.779e+02 295 1 1 2.730e+02 2.730e+02 -10 1 2 5.865e+02 5.895e+02 27 1 2 6.288e+02 6.312e+02 22 1 1 5.555e+02 5.785e+02 214 1 4 5.321e+02 5.599e+02 258 1 1 6.058e+02 6.122e+02 59 1 3 5.981e+02 6.199e+02 203 1 1 5.902e+02 6.278e+02 350 2 3 1.050e+02 1.050e+02 -10 2 4 5.875e+02 5.885e+02 9 2 3 1.470e+02 1.470e+02 -9 2 1 6.468e+02 6.552e+02 78 2 4 2.474e+02 2.566e+02 86 2 1 3.982e+02 3.998e+02 16 2 3 2.730e+02 2.730e+02 -7 2 4 5.360e+02 5.560e+02 186 2 2 3.760e+02 3.800e+02 37 2 3 6.084e+02 6.096e+02 11 2 4 4.200e+01 4.200e+01 -8 2 3 3.873e+02 4.107e+02 217 2 2 1.260e+02 1.260e+02 -20 2 1 6.035e+02 6.145e+02 102 2 2 1.680e+02 1.680e+02 -17 2 2 6.251e+02 6.349e+02 91 2 2 2.938e+02 2.942e+02 4 2 4 5.753e+02 6.007e+02 236 2 4 3.760e+02 3.800e+02 37 2 1 6.261e+01 6.339e+01 7 2 4 1.256e+02 1.264e+02 7 2 4 1.678e+02 1.682e+02 4 2 4 2.908e+02 2.972e+02 60 2 2 3.305e+02 3.415e+02 101 2 3 6.028e+01 6.572e+01 50 2 2 8.231e+01 8.569e+01 31 2 1 1.861e+02 1.919e+02 53 2 3 3.150e+02 3.150e+02 -21 2 4 3.340e+02 3.380e+02 38 2 2 3.560e+01 4.840e+01 119 2 4 7.446e+01 9.354e+01 177 2 3 1.817e+02 1.963e+02 136 2 1 3.057e+02 3.243e+02 173 2 3 3.463e+02 3.677e+02 199 2 3 5.267e+00 3.673e+01 292 2 3 8.774e+01 1.223e+02 320 2 1 1.319e+02 1.621e+02 280 2 3 2.579e+02 2.881e+02 280 2 1 3.429e+02 3.711e+02 261
36869 0
36871 7 0 1 3.485e+02 3.655e+02 157 0 4 3.655e+02 3.905e+02 231 0 2 3.191e+02 3.529e+02 315 0 2 6.516e+02 6.924e+02 379 0 4 6.490e+02 6.950e+02 427 1 3 5.978e+02 6.202e+02 207 1 4 5.725e+02 6.035e+02 287
36873 8 2 1 2.053e+01 2.147e+01 9 2 2 2.082e+02 2.118e+02 33 2 3 1.496e+01 2.704e+01 112 2 4 1.244e+02 1.276e+02 30 2 4 2.004e+02 2.196e+02 179 2 3 9.842e+01 1.116e+02 122 2 3 1.731e+02 2.049e+02 295 2 1 2.195e+02 2.425e+02 214
36874 1 1 1 1.029e+02 1.071e+02 40
36875 1 2 1 4.332e+01 8.268e+01 366
36877 9 0 2 4.999e+02 5.081e+02 76 0 4 5.018e+02 5.062e+02 41 1 1 5.147e+02 5.353e+02 191 1 4 6.177e+02 6.423e+02 228 1 2 6.116e+02 6.484e+02 342 2 4 5.880e+02 5.880e+02 -10 2 1 9.080e+00 3.292e+01 221 2 3 8.050e+00 3.395e+01 240 2 1 4.241e+02 4.579e+02 315
36878 2 1 3 6.070e+02 6.110e+02 37 1 3 5.995e+02 6.185e+02 176
36879 4 0 1 5.450e+02 5.890e+02 409 0 3 5.457e+02 5.883e+02 396 1 2 6.047e+02 6.553e+02 470 1 4 6.071e+02 6.529e+02 425
36880 21 0 3 2.291e+02 2.329e+02 35 0 2 4.567e+02 4.673e+02 98 0 2 2.487e+02 2.553e+02 60 0 1 5.235e+02 5.265e+02 28 0 1 1.699e+02 2.081e+02 356 0 2 6.208e+02 6.392e+02 170 0 4 2.411e+02 2.629e+02 202 0 2 6.636e+02 6.804e+02 156 0 2 1.972e+02 2.228e+02 237 0 3 4.738e+02 4.922e+02 171 0 1 2.112e+02 2.508e+02 367 0 3 5.203e+02 5.297e+02 88 0 4 6.162e+02 6.438e+02 257 0 4 6.622e+02 6.818e+02 182 0 4 4.512e+02 4.728e+02 201 0 2 5.288e+02 5.632e+02 319 0 1 5.947e+02 6.233e+02 265 0 1 4.664e+02 4.996e+02 309 1 2 6.105e+02 6.495e+02 361 2 4 7.984e+01 8.816e+01 77 2 3 1.035e+02 1.065e+02 28
36884 16 0 2 2.940e+02 2.940e+02 -20 0 4 6.714e+02 6.726e+02 10 0 2 3.349e+02 3.371e+02 21 0 1 4.399e+02 4.421e+02 21 0 1 3.150e+02 3.150e+02 -20 0 4 4.586e+02 4.654e+02 64 0 1 3.049e+02 3.251e+02 187 0 3 6.002e+02 6.178e+02 164 0 2 6.688e+02 6.752e+02 60 0 2 4.503e+02 4.737e+02 217 0 4 5.773e+02 5.987e+02 199 0 1 6.376e+02 6.644e+02 249 0 3 4.244e+02 4.576e+02 309 0 1 5.952e+02 6.228e+02 256 0 3 6.361e+02 6.659e+02 276 2 3 1.940e+01 2.260e+01 30
36887 6 0 4 5.880e+02 5.880e+02 0 0 4 4.996e+02 5.084e+02 82 0 4 4.905e+02 5.175e+02 251 2 1 1.819e+01 2.381e+01 52 2 3 1.429e+01 2.771e+01 125 2 4 1.514e+02 1.846e+02 308
36888 27 0 1 6.504e+02 6.516e+02 11 0 3 3.990e+02 3.990e+02 -5 0 2 6.300e+02 6.300e+02 -18 0 3 6.490e+02 6.530e+02 37 0 3 4.383e+02 4.437e+02 50 0 4 6.286e+02 6.314e+02 26 0 2 6.643e+02 6.797e+02 144 0 1 3.928e+02 4.052e+02 115 0 4 4.501e+02 4.739e+02 220 0 2 6.209e+02 6.391e+02 170 0 4 6.591e+02 6.849e+02 240 0 4 6.192e+02 6.408e+02 200 0 1 6.365e+02 6.655e+02 269 0 3 6.344e+02 6.676e+02 308 1 1 5.667e+02 5.673e+02 6 1 4 6.214e+02 6.386e+02 159 1 1 5.141e+02 5.359e+02 203 1 4 5.786e+02 5.974e+02 175 1 3 5.960e+02 6.220e+02 241 1 2 5.287e+02 5.633e+02 320 1 2 6.147e+02 6.453e+02 285 2 1 3.150e+02 3.150e+02 -20 2 2 2.071e+02 2.129e+02 53 2 2 2.916e+02 2.964e+02 45 2 3 1.818e+02 1.962e+02 133 2 4 2.870e+02 3.010e+02 130 2 3 2.598e+02 2.862e+02 246
36890 0
36891 39 0 4 3.356e+02 3.364e+02 7 0 4 2.077e+02 2.123e+02 42 0 1 1.770e+02 2.010e+02 222 0 3 1.731e+02 2.049e+02 295 0 2 1.934e+02 2.266e+02 309 0 1 5.067e+02 5.433e+02 340 0 1 2.176e+02 2.444e+02 249 1 1 5.668e+02 5.672e+02 4 1 3 6.077e+02 6.103e+02 25 1 4 5.845e+02 5.915e+02 66 1 2 6.265e+02 6.335e+02 65 1 3 5.595e+02 5.745e+02 140 1 4 6.216e+02 6.384e+02 156 1 2 5.773e+02 5.987e+02 200 1 2 6.121e+02 6.479e+02 333 1 4 5.274e+02 5.646e+02 345 1 4 5.696e+02 6.064e+02 342 2 2 4.121e+01 4.279e+01 15 2 2 2.478e+02 2.562e+02 78 2 2 2.936e+02 2.944e+02 7 2 4 3.771e+02 3.789e+02 16 2 1 3.906e+02 4.074e+02 156 2 4 7.657e+01 9.143e+01 138 2 4 1.584e+02 1.776e+02 179 2 3 3.866e+02 4.114e+02 230 2 4 2.501e+02 2.539e+02 35 2 2 4.021e+02 4.379e+02 332 2 4 2.940e+02 2.940e+02 0 2 3 8.689e+01 1.231e+02 336 2 4 2.082e+02 2.118e+02 34 2 3 2.720e+02 2.740e+02 19 2 3 4.350e+01 8.250e+01 362 2 3 2.272e+02 2.348e+02 70 2 3 3.077e+02 3.223e+02 136 2 4 1.932e+02 2.268e+02 312 2 1 2.654e+02 2.806e+02 140 3 2 2.483e+02 2.557e+02 70 3 1 4.606e+01 7.994e+01 315 3 2 1.913e+02 2.287e+02 347
36895 12 0 2 5.439e+02 5.481e+02 39 0 3 6.079e+02 6.101e+02 20 0 4 6.697e+02 6.743e+02 42 0 1 6.028e+02 6.152e+02 115 0 1 6.485e+02 6.535e+02 46 0 1 5.087e+02 5.413e+02 302 0 4 6.127e+02 6.473e+02 322 0 2 6.598e+02 6.842e+02 227 0 3 5.497e+02 5.843e+02 322 2 1 6.225e+01 6.375e+01 14 2 1 1.626e+01 2.574e+01 88 2 3 1.909e+01 2.291e+01 36
36896 12 0 4 4.619e+02 4.621e+02 2 0 4 6.708e+02 6.732e+02 22 0 2 6.663e+02 6.777e+02 106 0 1 4.326e+02 4.494e+02 156 0 1 6.380e+02 6.640e+02 242 0 3 4.241e+02 4.579e+02 315 0 3 6.341e+02 6.679e+02 313 1 2 6.138e+02 6.462e+02 301 2 4 2.877e+02 3.003e+02 117 2 1 2.666e+02 2.794e+02 120 2 3 2.609e+02 2.851e+02 226 2 2 2.821e+02 3.059e+02 220
36898 21 0 4 4.495e+02 4.745e+02 232 0 4 5.783e+02 5.977e+02 180 0 3 4.253e+02 4.567e+02 291 0 1 5.470e+02 5.870e+02 372 0 3 5.955e+02 6.225e+02 251 0 2 6.543e+02 6.897e+02 329 0 1 5.949e+02 6.231e+02 261 0 4 6.506e+02 6.934e+02 398 0 3 5.408e+02 5.932e+02 487 0 4 6.059e+02 6.541e+02 448 0 1 6.250e+02 6.770e+02 482 0 2 6.052e+02 6.548e+02 460 1 4 5.284e+02 5.636e+02 326 2 4 3.246e+01 5.154e+01 177 2 3 9.891e+00 3.211e+01 206 2 4 1.897e+02 2.303e+02 377 2 2 3.004e+01 5.396e+01 222 2 1 2.174e+00 3.983e+01 350 2 2 1.954e+01 6.446e+01 417 2 4 1.716e+01 6.684e+01 461 2 3 3.628e+01 8.972e+01 496
36899 23 0 1 6.496e+02 6.524e+02 26 0 4 4.600e+02 4.640e+02 36 0 3 6.480e+02 6.540e+02 56 0 4 6.183e+02 6.417e+02 217 0 2 6.610e+02 6.830e+02 204 0 4 6.598e+02 6.842e+02 226 2 4 1.646e+02 1.714e+02 63 2 2 4.185e+02 4.215e+02 28 2 4 2.914e+02 2.966e+02 49 2 4 3.955e+01 4.445e+01 46 2 2 1.231e+02 1.289e+02 53 2 1 1.802e+02 1.978e+02 163 2 1 6.006e+01 6.594e+01 55 2 3 9.932e+01 1.107e+02 106 2 3 1.764e+02 2.016e+02 234 2 4 2.819e+02 3.061e+02 226 2 3 6.257e+01 6.343e+01 8 2 4 1.136e+02 1.384e+02 230 2 2 1.494e+02 1.866e+02 346 2 2 1.908e+02 2.292e+02 357 2 2 3.255e+01 5.145e+01 176 2 2 7.195e+01 9.605e+01 224 2 4 2.403e+01 5.997e+01 334
36900 12 0 2 5.460e+02 5.460e+02 -0 0 4 6.288e+02 6.312e+02 21 0 2 6.238e+02 6.362e+02 115 0 1 5.983e+02 6.197e+02 198 0 3 5.933e+02 6.247e+02 292 0 2 6.537e+02 6.903e+02 340 1 1 6.082e+02 6.098e+02 15 1 4 5.793e+02 5.967e+02 161 1 2 6.280e+02 6.320e+02 36 1 3 5.956e+02 6.224e+02 249 1 4 6.139e+02 6.461e+02 300 2 1 1.418e+02 1.522e+02 97
36901 15 0 1 6.484e+02 6.536e+02 49 0 3 6.466e+02 6.554e+02 82 0 4 4.509e+02 4.731e+02 206 0 1 5.482e+02 5.858e+02 350 0 2 6.562e+02 6.878e+02 293 0 1 4.226e+02 4.594e+02 341 0 2 4.430e+02 4.810e+02 353 0 4 6.586e+02 6.854e+02 249 0 3 4.176e+02 4.644e+02 434 2 2 2.503e+02 2.537e+02 31 2 4 8.209e+01 8.591e+01 36 2 1 1.434e+02 1.506e+02 67 2 2 2.099e+02 2.101e+02 1 2 4 1.979e+02 2.221e+02 225 2 3 2.178e+02 2.442e+02 245
36903 6 0 4 3.686e+02 3.874e+02 175 0 4 5.817e+02 5.943e+02 117 0 1 3.463e+02 3.677e+02 198 0 3 5.932e+02 6.248e+02 294 0 2 3.182e+02 3.538e+02 330 2 3 1.263e+01 2.937e+01 156
36904 0
36906 13 0 1 6.449e+02 6.571e+02 114 0 3 6.439e+02 6.581e+02 131 0 2 6.581e+02 6.859e+02 259 0 4 6.595e+02 6.845e+02 231 1 2 6.261e+02 6.339e+02 72 2 4 1.178e+02 1.342e+02 153 2 1 1.371e+02 1.569e+02 185 2 2 1.165e+02 1.354e+02 176 2 3 1.357e+02 1.583e+02 210 3 4 7.850e+01 8.950e+01 102 3 2 7.599e+01 9.201e+01 149 3 1 9.353e+01 1.165e+02 213 3 3 9.169e+01 1.183e+02 247
36907 0
36908 2 0 1 5.247e+02 5.253e+02 5 1 4 6.194e+02 6.406e+02 197
36909 3 0 4 2.903e+02 2.977e+02 68 1 4 5.867e+02 5.893e+02 24 1 4 5.775e+02 5.985e+02 195
36911 8 2 1 5.826e+01 6.774e+01 88 2 4 6.680e+02 6.760e+02 75 2 1 5.508e+02 5.832e+02 301 2 3 5.660e+01 6.940e+01 119 2 2 5.820e+02 5.940e+02 110 2 4 2.587e+01 5.813e+01 300 2 3 5.540e+02 5.800e+02 240 2 4 5.785e+02 5.975e+02 177
36912 5 0 2 6.215e+02 6.385e+02 158 0 1 5.066e+02 5.434e+02 342 0 4 6.179e+02 6.421e+02 224 0 1 6.263e+02 6.757e+02 458 0 3 6.291e+02 6.729e+02 407
36913 0
