9811 20 0 2 4.166e+01 4.234e+01 6 0 1 6.080e+02 6.100e+02 18 0 1 5.903e+01 6.697e+01 74 0 1 6.431e+02 6.589e+02 146 0 2 5.031e+02 5.049e+02 17 0 4 6.294e+02 6.306e+02 10 0 2 6.616e+02 6.824e+02 193 0 4 4.994e+02 5.086e+02 85 0 2 6.156e+02 6.444e+02 268 0 4 6.652e+02 6.788e+02 126 0 1 4.659e+02 5.001e+02 317 0 3 5.062e+02 5.438e+02 349 0 3 5.919e+02 6.261e+02 318 2 3 1.033e+02 1.067e+02 32 2 2 4.197e+02 4.203e+02 6 2 3 2.288e+02 2.332e+02 41 2 3 3.934e+02 4.046e+02 104 2 4 7.311e+01 9.489e+01 202 2 4 2.019e+02 2.181e+02 150 2 2 1.128e+02 1.392e+02 245
9813 17 0 1 5.248e+02 5.252e+02 3 0 4 6.674e+02 6.766e+02 86 0 3 5.199e+02 5.301e+02 94 0 1 6.426e+02 6.594e+02 156 0 2 5.287e+02 5.633e+02 322 0 2 6.649e+02 6.791e+02 132 0 3 6.354e+02 6.666e+02 290 1 2 6.263e+02 6.337e+02 68 1 4 6.197e+02 6.403e+02 192 2 4 3.883e+01 4.517e+01 59 2 1 3.978e+02 4.002e+02 23 2 1 1.414e+02 1.526e+02 105 2 4 5.855e+02 5.905e+02 46 2 2 3.726e+01 4.674e+01 88 2 1 1.350e+02 1.590e+02 223 2 1 5.000e+01 7.600e+01 241 2 3 4.426e+01 8.174e+01 348
9814 0
9815 1 1 2 6.290e+02 6.310e+02 19
9816 5 0 1 6.500e+02 6.520e+02 19 0 2 6.708e+02 6.732e+02 23 0 4 6.669e+02 6.771e+02 95 1 3 4.389e+02 4.431e+02 40 2 3 1.990e+01 2.210e+01 20
9818 62 0 1 6.504e+02 6.516e+02 10 0 2 1.677e+02 1.683e+02 6 0 1 4.808e+02 4.852e+02 40 0 1 3.090e+02 3.210e+02 112 0 2 5.436e+02 5.484e+02 45 0 2 3.748e+02 3.812e+02 59 0 4 5.854e+02 5.906e+02 48 0 4 3.767e+02 3.793e+02 24 0 2 6.693e+02 6.747e+02 50 0 2 2.752e+02 3.128e+02 349 0 4 3.251e+02 3.469e+02 203 0 4 4.151e+02 4.249e+02 91 0 3 1.712e+02 2.068e+02 330 0 2 5.024e+02 5.056e+02 30 0 1 3.446e+02 3.694e+02 230 0 3 5.647e+02 5.693e+02 42 0 1 1.280e+02 1.660e+02 353 0 2 6.236e+02 6.364e+02 119 0 4 6.715e+02 6.725e+02 10 0 3 3.957e+02 4.023e+02 60 0 4 4.982e+02 5.098e+02 107 0 3 5.082e+02 5.418e+02 312 0 4 6.283e+02 6.317e+02 32 0 3 6.438e+02 6.582e+02 133 0 1 4.643e+02 5.017e+02 348 0 4 6.127e+02 6.473e+02 321 0 2 6.611e+02 6.829e+02 202 1 3 4.806e+02 4.854e+02 45 1 2 6.295e+02 6.305e+02 10 1 1 4.320e+02 4.500e+02 167 1 3 5.175e+02 5.325e+02 140 1 2 4.486e+02 4.754e+02 250 1 2 5.820e+02 5.940e+02 111 1 4 7.567e+01 9.233e+01 155 1 4 6.294e+02 6.306e+02 11 1 4 4.902e+02 5.178e+02 256 1 4 5.851e+02 5.909e+02 55 1 1 6.070e+02 6.110e+02 37 1 1 4.648e+02 5.012e+02 338 1 4 5.724e+02 6.036e+02 290 1 3 6.047e+02 6.133e+02 80 1 4 5.283e+02 5.637e+02 329 1 2 5.705e+02 6.055e+02 325 2 2 4.045e+01 4.355e+01 29 2 4 1.672e+02 1.688e+02 15 2 1 3.980e+02 4.000e+02 18 2 3 3.101e+02 3.199e+02 90 2 4 5.425e+02 5.495e+02 65 2 1 3.560e+02 3.580e+02 18 2 3 3.978e+02 4.002e+02 22 2 1 1.837e+01 2.363e+01 49 2 3 5.129e+02 5.371e+02 224 2 3 1.877e+02 1.903e+02 25 2 4 5.756e+02 6.004e+02 230 2 4 2.877e+02 3.003e+02 116 2 2 4.081e+02 4.319e+02 221 2 4 3.759e+02 3.801e+02 40 2 3 1.326e+01 2.874e+01 144 2 2 3.336e+02 3.384e+02 45 2 1 4.570e+01 8.030e+01 321 2 4 1.911e+02 2.289e+02 351 2 4 3.662e+02 3.898e+02 219
9819 9 0 1 5.169e+02 5.331e+02 150 0 3 5.168e+02 5.332e+02 152 0 2 6.539e+02 6.901e+02 336 0 4 6.558e+02 6.882e+02 301 1 1 5.172e+02 5.328e+02 145 1 3 5.164e+02 5.336e+02 160 1 2 5.193e+02 5.727e+02 496 1 4 5.216e+02 5.704e+02 453 2 4 1.891e+02 2.309e+02 389
9822 0
9823 12 0 2 6.247e+02 6.353e+02 98 0 2 5.020e+02 5.060e+02 38 0 3 5.982e+02 6.198e+02 200 0 4 4.950e+02 5.130e+02 166 0 4 6.216e+02 6.384e+02 156 0 1 5.076e+02 5.424e+02 323 0 1 5.943e+02 6.237e+02 274 1 4 4.503e+02 4.737e+02 218 2 3 1.707e+01 2.493e+01 73 2 4 7.953e+01 8.847e+01 83 2 1 1.209e+01 2.991e+01 166 2 2 3.084e+01 5.316e+01 207
9824 2 2 4 2.923e+02 2.957e+02 31 2 3 2.561e+02 2.899e+02 313
9825 0
9827 3 0 1 6.457e+02 6.563e+02 98 0 3 6.477e+02 6.543e+02 61 0 2 6.161e+02 6.439e+02 259
9828 3 2 4 1.660e+02 1.700e+02 37 2 4 2.020e+02 2.180e+02 148 3 2 8.361e+01 8.439e+01 7
9832 6 0 4 6.300e+02 6.300e+02 -15 0 4 2.923e+01 5.477e+01 237 2 4 2.937e+02 2.943e+02 6 2 1 3.096e+02 3.204e+02 100 2 2 2.885e+02 2.995e+02 102 2 3 3.021e+02 3.279e+02 239
9834 0
9836 0
9838 9 2 3 3.533e+02 3.607e+02 70 2 3 1.904e+01 2.296e+01 36 2 1 3.869e+02 4.111e+02 224 2 2 3.765e+02 3.795e+02 27 2 2 4.200e+01 4.200e+01 -9 2 4 3.235e+02 3.485e+02 233 2 1 1.191e+01 3.009e+01 169 2 4 3.605e+01 4.795e+01 110 2 1 5.072e+01 7.528e+01 228
9839 1 2 4 2.463e+02 2.577e+02 106
9841 3 2 3 2.309e+02 2.311e+02 2 2 3 2.255e+02 2.365e+02 102 2 2 2.469e+02 2.571e+02 96
9842 0
9843 15 0 1 1.884e+02 1.896e+02 10 0 4 2.507e+02 2.533e+02 25 0 2 6.264e+02 6.336e+02 66 0 2 2.055e+02 2.145e+02 84 0 1 6.406e+02 6.614e+02 193 0 1 2.174e+02 2.446e+02 252 0 4 6.258e+02 6.342e+02 77 0 3 2.196e+02 2.424e+02 211 0 3 6.353e+02 6.667e+02 291 2 2 4.054e+01 4.346e+01 27 2 1 5.687e+01 6.913e+01 114 2 3 5.454e+01 7.146e+01 157 2 3 1.097e+01 3.103e+01 186 2 4 3.345e+01 5.055e+01 159 2 4 2.568e+01 5.832e+01 303
9845 0
9847 8 0 1 5.602e+02 5.738e+02 126 0 4 5.787e+02 5.973e+02 173 0 3 5.555e+02 5.785e+02 213 0 3 5.919e+02 6.261e+02 318 1 2 6.140e+02 6.460e+02 298 2 3 9.537e+01 1.146e+02 179 2 2 1.151e+02 1.369e+02 203 2 4 1.147e+02 1.373e+02 210
9848 62 0 2 3.354e+02 3.366e+02 11 0 2 1.671e+02 1.689e+02 17 0 3 6.045e+02 6.135e+02 83 0 4 2.513e+02 2.527e+02 12 0 2 6.697e+02 6.743e+02 42 0 2 2.919e+02 2.961e+02 40 0 2 6.300e+02 6.300e+02 -1 0 1 1.883e+02 1.897e+02 14 0 1 6.463e+02 6.557e+02 88 0 2 2.049e+02 2.151e+02 96 0 4 6.300e+02 6.300e+02 -2 0 1 3.148e+02 3.152e+02 5 0 3 6.471e+02 6.549e+02 73 0 4 3.256e+02 3.464e+02 193 0 1 6.014e+02 6.166e+02 140 0 3 1.788e+02 1.992e+02 190 0 4 6.639e+02 6.801e+02 150 0 4 2.070e+02 2.130e+02 56 0 4 5.715e+02 6.045e+02 306 0 1 2.577e+02 2.883e+02 284 0 4 1.502e+02 1.858e+02 331 0 3 2.161e+02 2.459e+02 277 0 2 2.754e+02 3.126e+02 345 0 4 2.788e+02 3.092e+02 282 1 1 6.088e+02 6.092e+02 5 1 1 5.250e+02 5.250e+02 -3 1 4 5.844e+02 5.916e+02 67 1 3 6.084e+02 6.096e+02 11 1 2 5.743e+02 6.017e+02 255 1 2 6.286e+02 6.314e+02 26 1 2 5.687e+02 6.073e+02 358 1 4 6.288e+02 6.312e+02 22 1 2 5.286e+02 5.634e+02 324 2 4 5.446e+02 5.474e+02 26 2 4 2.510e+02 2.530e+02 19 2 4 3.773e+02 3.787e+02 14 2 3 3.966e+02 4.014e+02 45 2 3 6.104e+01 6.496e+01 36 2 1 5.665e+02 5.675e+02 9 2 4 1.260e+02 1.260e+02 -4 2 4 6.227e+02 6.373e+02 136 2 3 1.402e+02 1.538e+02 126 2 4 6.621e+02 6.819e+02 183 2 2 2.093e+02 2.107e+02 12 2 2 4.114e+02 4.286e+02 159 2 1 2.653e+02 2.807e+02 143 2 3 5.581e+02 5.759e+02 165 2 4 8.164e+01 8.636e+01 44 2 2 1.661e+02 1.699e+02 35 2 2 5.290e+02 5.630e+02 316 2 4 1.960e+02 2.240e+02 260 2 3 5.899e+02 6.281e+02 355 2 3 2.611e+02 2.849e+02 221 2 3 9.542e+01 1.146e+02 178 2 1 1.374e+02 1.566e+02 178 2 1 2.218e+02 2.402e+02 170 2 3 8.756e+01 1.224e+02 324 2 3 1.755e+02 2.025e+02 250 2 2 2.404e+02 2.636e+02 215 3 3 2.030e+01 2.170e+01 13 3 2 1.592e+02 1.768e+02 163 3 4 2.380e+01 6.020e+01 338
9849 8 2 3 2.299e+02 2.321e+02 21 2 3 1.883e+02 1.897e+02 13 2 1 6.165e+00 3.583e+01 276 2 1 1.781e+02 1.999e+02 202 2 2 4.992e+02 5.088e+02 89 2 4 4.491e+02 4.749e+02 240 3 3 1.375e+01 2.825e+01 135 3 3 1.814e+00 4.019e+01 356
9850 5 0 4 1.650e+02 1.710e+02 56 0 4 6.253e+02 6.347e+02 88 0 1 6.441e+02 6.579e+02 128 0 4 2.028e+02 2.172e+02 134 0 3 6.429e+02 6.591e+02 150
9851 16 0 1 6.476e+02 6.544e+02 63 0 1 4.382e+02 4.438e+02 52 0 3 5.648e+02 5.692e+02 40 0 4 5.866e+02 5.894e+02 26 0 3 6.456e+02 6.564e+02 100 0 3 4.329e+02 4.491e+02 150 0 4 4.508e+02 4.732e+02 209 0 2 5.425e+02 5.495e+02 65 0 3 6.042e+02 6.138e+02 89 0 2 6.556e+02 6.884e+02 304 0 2 4.472e+02 4.768e+02 276 0 1 5.116e+02 5.384e+02 248 0 4 6.589e+02 6.851e+02 243 0 3 5.100e+02 5.400e+02 278 1 2 6.188e+02 6.412e+02 209 1 4 6.117e+02 6.483e+02 340
9852 9 0 1 5.250e+02 5.250e+02 -13 0 4 2.089e+02 2.111e+02 20 0 3 1.824e+02 1.956e+02 122 0 3 5.250e+02 5.250e+02 -6 0 2 6.232e+02 6.368e+02 126 0 2 1.939e+02 2.261e+02 300 0 4 6.195e+02 6.405e+02 196 0 2 4.873e+02 5.207e+02 310 1 4 6.156e+02 6.444e+02 268
9854 5 0 3 6.442e+02 6.578e+02 127 1 2 6.140e+02 6.460e+02 297 2 4 3.879e+01 4.521e+01 60 2 2 3.120e+01 5.280e+01 200 2 3 5.041e+01 7.559e+01 234
9856 22 0 4 5.870e+02 5.890e+02 18 0 2 6.697e+02 6.743e+02 43 0 1 5.548e+02 5.792e+02 227 0 2 6.297e+02 6.303e+02 5 0 2 2.747e+02 3.133e+02 359 0 4 6.720e+02 6.720e+02 -0 0 4 6.286e+02 6.314e+02 26 0 1 6.416e+02 6.604e+02 175 0 3 5.501e+02 5.839e+02 314 0 1 5.954e+02 6.226e+02 253 0 3 6.479e+02 6.541e+02 58 0 2 6.143e+02 6.457e+02 291 0 3 6.395e+02 6.625e+02 213 0 4 6.108e+02 6.492e+02 357 0 4 6.575e+02 6.865e+02 269 0 3 6.315e+02 6.705e+02 361 1 3 5.969e+02 6.211e+02 225 2 4 4.592e+02 4.648e+02 51 2 4 2.096e+02 2.104e+02 8 2 1 2.262e+02 2.358e+02 90 2 3 2.195e+02 2.425e+02 213 2 2 2.326e+02 2.714e+02 360
9857 0
9859 16 0 1 6.452e+02 6.568e+02 108 0 3 6.040e+02 6.140e+02 93 0 3 6.459e+02 6.561e+02 96 0 1 5.995e+02 6.185e+02 176 0 2 6.640e+02 6.800e+02 149 0 4 5.683e+02 6.077e+02 366 0 4 6.626e+02 6.814e+02 174 0 4 6.520e+02 6.920e+02 372 2 1 3.913e+02 4.067e+02 144 2 3 2.100e+01 2.100e+01 -14 2 4 6.532e+02 6.908e+02 350 2 4 2.063e+02 2.137e+02 69 2 2 3.779e+02 3.781e+02 2 2 4 8.236e+01 8.564e+01 30 2 4 2.461e+02 2.579e+02 110 2 1 3.446e+02 3.694e+02 230
