52810 36 0 1 3.980e+02 4.000e+02 18 0 2 6.660e+02 6.780e+02 111 0 4 6.706e+02 6.734e+02 26 0 2 3.602e+02 3.958e+02 331 0 1 6.392e+02 6.628e+02 219 0 3 6.374e+02 6.646e+02 252 1 4 6.254e+02 6.346e+02 86 1 4 6.126e+02 6.474e+02 324 2 2 4.200e+01 4.200e+01 -4 2 1 3.989e+02 3.991e+02 1 2 2 2.500e+02 2.540e+02 36 2 2 4.612e+02 4.628e+02 15 2 3 2.725e+02 2.735e+02 9 2 2 5.880e+02 5.880e+02 -2 2 2 3.752e+02 3.808e+02 52 2 4 6.696e+02 6.744e+02 44 2 1 1.631e+01 2.569e+01 87 2 1 6.071e+02 6.109e+02 36 2 4 2.506e+02 2.534e+02 26 2 4 4.119e+02 4.281e+02 151 2 4 2.884e+02 2.996e+02 105 2 3 5.525e+02 5.815e+02 269 2 3 3.451e+02 3.689e+02 220 2 4 5.779e+02 5.981e+02 188 2 4 3.044e+01 5.356e+01 215 2 3 4.307e+02 4.513e+02 191 2 3 2.209e+02 2.411e+02 188 2 1 3.138e+02 3.162e+02 23 2 4 3.614e+02 3.946e+02 309 2 3 9.218e+00 3.278e+01 219 2 3 1.704e+02 2.076e+02 346 2 1 2.631e+02 2.829e+02 184 2 1 4.399e+01 8.201e+01 353 2 2 2.862e+02 3.018e+02 145 2 3 2.540e+02 2.920e+02 353 2 3 2.951e+02 3.349e+02 369
52811 2 2 1 2.070e+01 2.130e+01 6 2 3 1.864e+01 2.336e+01 44
52812 0
52815 0
52816 0
52818 2 1 1 5.902e+02 6.278e+02 349 2 2 5.869e+02 5.891e+02 20
52819 1 1 1 5.833e+02 6.347e+02 478
52820 1 3 1 4.743e+02 4.917e+02 161
52822 0
52823 16 2 2 5.846e+02 5.914e+02 63 2 1 5.952e+02 6.228e+02 256 2 1 3.841e+02 4.139e+02 277 2 3 5.506e+02 5.834e+02 304 2 4 5.741e+02 6.019e+02 259 3 2 1.675e+02 1.685e+02 10 3 4 8.065e+01 8.735e+01 62 3 4 2.917e+02 2.963e+02 43 3 3 1.373e+02 1.567e+02 180 3 4 3.354e+01 5.046e+01 157 3 4 1.643e+02 1.717e+02 68 3 1 1.877e+02 1.903e+02 25 3 1 2.168e+02 2.452e+02 264 3 3 1.890e+02 1.890e+02 -4 3 2 2.047e+02 2.153e+02 98 3 1 1.756e+02 2.024e+02 249
52825 13 0 4 5.020e+02 5.060e+02 36 0 1 4.804e+02 4.856e+02 49 0 2 4.964e+02 5.116e+02 141 0 1 4.674e+02 4.986e+02 289 0 3 4.639e+02 5.021e+02 356 2 3 3.130e+02 3.170e+02 38 2 2 3.315e+02 3.405e+02 84 2 3 5.239e+02 5.261e+02 20 2 4 2.918e+02 2.962e+02 41 2 4 4.973e+02 5.107e+02 124 2 4 1.928e+02 2.272e+02 320 2 3 5.103e+02 5.397e+02 274 2 1 3.387e+02 3.753e+02 340
52827 18 0 2 6.195e+02 6.405e+02 195 0 3 6.428e+02 6.592e+02 151 0 3 5.944e+02 6.236e+02 270 0 2 6.668e+02 6.772e+02 96 0 4 5.651e+02 6.109e+02 426 0 4 6.654e+02 6.786e+02 122 0 1 5.879e+02 6.301e+02 391 0 1 6.398e+02 6.622e+02 208 2 4 3.778e+02 3.782e+02 3 2 4 4.067e+01 4.333e+01 25 2 4 4.176e+02 4.224e+02 46 2 4 2.904e+02 2.976e+02 66 2 4 3.349e+02 3.371e+02 20 2 1 5.934e+01 6.666e+01 68 2 3 5.099e+01 7.501e+01 223 2 2 3.156e+01 5.244e+01 194 2 1 1.228e+00 4.077e+01 367 2 3 4.503e+00 3.750e+01 306
52828 0
52829 6 0 4 6.275e+02 6.325e+02 46 0 2 6.245e+02 6.355e+02 101 0 3 6.472e+02 6.548e+02 70 0 1 5.962e+02 6.218e+02 237 0 3 5.922e+02 6.258e+02 312 0 3 6.341e+02 6.679e+02 314
52830 11 0 4 4.177e+02 4.223e+02 42 0 2 4.619e+02 4.621e+02 1 0 4 5.816e+02 5.944e+02 118 0 3 4.405e+02 4.415e+02 9 0 4 4.951e+02 5.129e+02 165 0 3 5.941e+02 6.239e+02 277 0 2 6.551e+02 6.889e+02 314 0 2 4.883e+02 5.197e+02 291 0 3 5.064e+02 5.436e+02 346 0 1 5.908e+02 6.272e+02 339 0 3 4.627e+02 5.033e+02 376
52831 11 0 1 6.497e+02 6.523e+02 24 0 1 6.086e+02 6.094e+02 7 0 4 2.381e+02 2.659e+02 259 0 2 6.708e+02 6.732e+02 22 0 3 6.065e+02 6.115e+02 46 0 4 6.669e+02 6.771e+02 95 0 4 6.114e+02 6.486e+02 345 0 2 6.599e+02 6.841e+02 225 0 2 6.520e+02 6.920e+02 370 0 4 6.522e+02 6.918e+02 367 0 1 6.312e+02 6.708e+02 368
52832 1 0 1 6.325e+02 6.695e+02 344
52833 0
52834 31 0 2 2.934e+02 2.946e+02 11 0 1 3.555e+02 3.585e+02 27 0 1 3.006e+02 3.294e+02 267 2 3 3.150e+02 3.150e+02 -14 2 3 6.300e+01 6.300e+01 -24 2 1 5.654e+02 5.686e+02 29 2 3 1.890e+02 1.890e+02 -24 2 4 2.099e+02 2.101e+02 1 2 3 5.663e+02 5.677e+02 12 2 1 2.679e+02 2.781e+02 95 2 2 5.789e+02 5.971e+02 169 2 3 3.570e+02 3.570e+02 -3 2 4 4.166e+01 4.234e+01 6 2 2 1.226e+02 1.294e+02 64 2 3 1.460e+02 1.480e+02 19 2 4 2.863e+02 3.017e+02 144 2 2 3.249e+02 3.471e+02 206 2 1 1.330e+01 2.870e+01 143 2 2 8.290e+01 8.510e+01 20 2 2 1.632e+02 1.728e+02 89 2 4 1.971e+02 2.229e+02 240 2 1 3.028e+02 3.272e+02 227 2 3 1.563e+01 2.637e+01 100 2 1 1.374e+02 1.566e+02 179 2 4 3.300e+01 5.100e+01 167 2 3 1.357e+02 1.583e+02 210 2 3 4.785e+01 7.815e+01 281 2 3 6.075e+00 3.593e+01 277 2 2 2.932e+01 5.468e+01 236 3 1 6.481e+02 6.539e+02 54 3 1 5.358e+00 3.664e+01 290
52835 0
52837 7 2 4 3.739e+02 3.821e+02 76 2 2 3.662e+02 3.898e+02 220 2 3 4.059e+00 3.794e+01 315 2 3 3.380e+02 3.760e+02 352 3 1 4.756e+02 4.904e+02 137 3 3 4.768e+02 4.892e+02 115 3 2 4.432e+02 4.808e+02 350
52838 6 0 1 6.372e+02 6.648e+02 257 0 3 6.345e+02 6.675e+02 306 0 2 6.555e+02 6.885e+02 307 0 4 6.535e+02 6.905e+02 344 2 1 6.122e+00 3.588e+01 276 2 3 6.462e-01 4.135e+01 378
52839 9 0 3 5.965e+02 6.215e+02 232 0 2 6.632e+02 6.808e+02 163 0 1 5.940e+02 6.240e+02 279 0 4 6.633e+02 6.807e+02 161 0 4 5.616e+02 6.144e+02 490 0 4 6.497e+02 6.943e+02 414 0 1 6.286e+02 6.734e+02 416 0 3 6.242e+02 6.778e+02 498 2 4 7.451e+01 9.349e+01 176
52840 0
52841 44 0 1 1.440e+02 1.500e+02 56 0 3 3.938e+02 4.042e+02 97 0 4 5.848e+02 5.912e+02 60 0 4 1.648e+02 1.712e+02 60 0 2 1.530e+02 1.830e+02 279 0 4 4.106e+02 4.294e+02 175 0 3 5.520e+02 5.820e+02 279 0 1 3.845e+02 4.135e+02 269 1 4 5.869e+02 5.891e+02 21 1 1 5.632e+02 5.708e+02 70 1 3 5.514e+02 5.826e+02 289 2 1 5.670e+02 5.670e+02 -5 2 4 3.780e+02 3.780e+02 -6 2 1 1.886e+01 2.314e+01 40 2 3 3.981e+02 3.999e+02 17 2 3 1.453e+02 1.487e+02 31 2 1 6.074e+02 6.106e+02 30 2 3 2.281e+02 2.339e+02 53 2 3 2.084e+01 2.116e+01 3 2 2 4.081e+02 4.319e+02 220 2 2 1.240e+02 1.280e+02 36 2 3 5.650e+02 5.690e+02 38 2 1 1.873e+02 1.907e+02 32 2 3 6.090e+02 6.090e+02 -4 2 2 2.491e+02 2.549e+02 54 2 4 3.659e+02 3.901e+02 224 2 1 4.302e+02 4.518e+02 201 2 4 4.004e+01 4.396e+01 36 2 4 5.343e+02 5.577e+02 218 2 4 1.236e+02 1.284e+02 45 2 2 6.274e+02 6.326e+02 48 2 1 1.401e+02 1.539e+02 128 2 3 4.316e+02 4.504e+02 174 2 4 2.474e+02 2.566e+02 86 2 4 5.831e+02 5.929e+02 90 2 1 5.961e+01 6.639e+01 63 2 1 3.857e+02 4.123e+02 246 2 2 8.007e+01 8.793e+01 73 2 1 5.984e+02 6.196e+02 196 2 2 1.558e+02 1.802e+02 227 2 2 5.723e+02 6.037e+02 292 3 2 4.099e+01 4.301e+01 19 3 1 6.217e+01 6.383e+01 16 3 2 2.609e+01 5.791e+01 296
52842 8 1 3 5.649e+02 5.691e+02 39 1 1 5.641e+02 5.699e+02 54 1 2 3.680e+02 3.880e+02 186 1 1 6.065e+02 6.115e+02 46 1 4 3.720e+02 3.840e+02 112 1 2 5.354e+02 5.566e+02 196 1 3 3.471e+02 3.669e+02 183 2 1 3.911e+02 4.069e+02 146
52843 12 0 1 6.482e+02 6.538e+02 52 0 1 6.024e+02 6.156e+02 123 0 2 6.211e+02 6.389e+02 165 0 4 2.379e+02 2.661e+02 262 0 2 6.582e+02 6.858e+02 256 0 4 6.214e+02 6.386e+02 160 0 4 6.573e+02 6.867e+02 274 1 4 6.125e+02 6.475e+02 326 2 1 1.753e+02 2.027e+02 254 2 3 1.788e+02 1.992e+02 190 2 4 1.528e+02 1.832e+02 283 2 2 1.855e+02 2.345e+02 455
52845 0
52846 2 1 1 3.979e+02 4.001e+02 21 1 2 4.922e+02 5.158e+02 220
52848 4 2 4 4.620e+02 4.620e+02 -10 2 1 4.804e+02 4.856e+02 49 2 2 4.514e+02 4.726e+02 196 2 3 4.703e+02 4.957e+02 236
52849 0
52850 6 2 1 2.048e+01 2.152e+01 10 3 4 5.342e+02 5.578e+02 220 3 1 3.879e+02 4.101e+02 206 3 2 4.037e+02 4.363e+02 303 3 3 5.584e+02 5.756e+02 160 3 2 5.295e+02 5.625e+02 306
52851 9 0 1 6.495e+02 6.525e+02 27 0 3 6.495e+02 6.525e+02 28 0 4 3.268e+02 3.452e+02 171 0 4 6.684e+02 6.756e+02 67 0 2 2.743e+02 3.137e+02 366 0 2 6.523e+02 6.917e+02 366 0 4 6.536e+02 6.904e+02 341 2 1 1.922e+01 2.278e+01 33 2 4 5.857e+02 5.903e+02 43
