41087 64 0 2 6.300e+02 6.300e+02 -10 0 1 5.750e+01 6.850e+01 102 0 3 1.876e+02 1.904e+02 26 0 3 5.218e+02 5.282e+02 60 0 4 2.053e+02 2.147e+02 88 0 4 6.300e+02 6.300e+02 0 0 2 3.336e+01 5.064e+01 160 0 1 8.185e+00 3.382e+01 238 0 3 3.990e+02 3.990e+02 -0 0 2 4.620e+02 4.620e+02 -5 0 1 6.090e+02 6.090e+02 -13 0 4 6.720e+02 6.720e+02 -22 0 1 4.401e+02 4.419e+02 16 0 1 5.132e+02 5.368e+02 220 0 3 6.471e+02 6.549e+02 73 0 3 4.390e+02 4.430e+02 38 0 2 5.030e+02 5.050e+02 18 0 2 6.211e+02 6.389e+02 166 0 1 6.376e+02 6.644e+02 249 0 1 3.899e+02 4.081e+02 169 0 4 4.991e+02 5.089e+02 91 0 4 6.179e+02 6.421e+02 226 0 4 4.068e+02 4.332e+02 245 0 4 4.884e+02 5.196e+02 290 0 1 5.948e+02 6.232e+02 263 0 3 4.259e+02 4.561e+02 280 0 4 4.451e+02 4.789e+02 313 0 1 4.695e+02 4.965e+02 251 1 3 6.090e+02 6.090e+02 -19 1 2 5.855e+02 5.905e+02 46 1 4 5.821e+02 5.939e+02 110 1 4 6.288e+02 6.312e+02 22 1 1 5.579e+02 5.761e+02 170 1 1 6.009e+02 6.171e+02 150 1 2 5.794e+02 5.966e+02 159 1 3 5.944e+02 6.236e+02 270 1 3 5.503e+02 5.837e+02 310 1 4 6.139e+02 6.461e+02 300 2 4 3.360e+02 3.360e+02 -3 2 4 5.433e+02 5.487e+02 50 2 4 5.880e+02 5.880e+02 -11 2 4 2.938e+02 2.942e+02 4 2 1 5.613e+02 5.727e+02 106 2 4 4.170e+01 4.230e+01 6 2 1 6.008e+02 6.172e+02 153 2 3 1.050e+02 1.050e+02 -20 2 3 5.567e+02 5.773e+02 190 2 1 1.429e+02 1.511e+02 76 2 3 6.016e+02 6.164e+02 137 2 2 5.299e+02 5.621e+02 300 2 1 6.100e+01 6.500e+01 37 2 2 5.733e+02 6.027e+02 274 2 3 1.389e+02 1.551e+02 150 2 2 6.153e+02 6.447e+02 274 2 3 3.097e+02 3.203e+02 98 2 1 1.343e+01 2.857e+01 140 2 2 1.108e+02 1.412e+02 283 2 2 1.648e+02 1.712e+02 59 2 2 2.788e+02 3.092e+02 283 2 3 5.660e+01 6.940e+01 119 2 4 1.631e+02 1.729e+02 91 2 1 1.822e+02 1.958e+02 127 2 3 1.725e+02 2.055e+02 306 2 3 1.292e+02 1.648e+02 330
41091 0
41092 20 0 4 6.292e+02 6.308e+02 15 0 4 1.662e+02 1.698e+02 34 0 1 5.619e+02 5.721e+02 94 0 4 5.869e+02 5.891e+02 20 0 2 6.701e+02 6.739e+02 35 0 2 6.214e+02 6.386e+02 159 0 4 6.707e+02 6.733e+02 25 0 3 5.494e+02 5.846e+02 327 0 1 5.989e+02 6.191e+02 187 0 4 6.571e+02 6.869e+02 277 0 3 5.951e+02 6.229e+02 258 0 1 6.352e+02 6.668e+02 293 0 3 6.336e+02 6.684e+02 323 1 1 5.378e+01 7.222e+01 171 2 3 2.268e+02 2.352e+02 79 2 4 1.241e+02 1.279e+02 35 2 1 1.432e+02 1.508e+02 71 2 2 1.164e+02 1.356e+02 179 2 3 1.300e+02 1.640e+02 316 2 4 1.956e+02 2.244e+02 268
41093 12 0 1 5.662e+02 5.678e+02 16 0 4 6.274e+02 6.326e+02 49 0 1 4.791e+02 4.869e+02 72 0 3 5.610e+02 5.730e+02 110 0 4 5.847e+02 5.913e+02 61 0 3 4.786e+02 4.874e+02 81 0 3 6.358e+02 6.662e+02 282 0 4 4.457e+02 4.783e+02 303 0 2 6.545e+02 6.895e+02 326 0 2 4.459e+02 4.781e+02 300 1 2 6.246e+02 6.354e+02 100 1 4 6.159e+02 6.441e+02 262
41094 4 2 3 2.287e+02 2.333e+02 43 2 1 1.314e+02 1.626e+02 289 2 1 5.474e+02 5.866e+02 364 2 1 3.380e+02 3.760e+02 352
41095 75 0 4 6.718e+02 6.722e+02 3 0 4 3.780e+02 3.780e+02 -0 0 2 4.582e+02 4.658e+02 71 0 2 3.677e+01 4.723e+01 97 0 2 5.439e+02 5.481e+02 40 0 4 2.907e+02 2.973e+02 62 0 4 5.859e+02 5.901e+02 40 0 1 3.503e+02 3.637e+02 124 0 2 6.712e+02 6.728e+02 16 0 3 2.632e+02 2.828e+02 182 0 3 4.371e+02 4.449e+02 72 0 2 3.695e+02 3.865e+02 157 0 4 4.544e+02 4.696e+02 141 0 1 5.610e+02 5.730e+02 111 0 1 5.985e+02 6.195e+02 196 0 1 6.445e+02 6.575e+02 121 0 1 3.934e+02 4.046e+02 105 0 3 4.686e+02 4.974e+02 267 0 3 5.565e+02 5.775e+02 196 0 2 6.144e+02 6.456e+02 289 0 1 6.344e+02 6.676e+02 308 0 3 3.799e+02 4.181e+02 355 0 1 4.647e+02 5.013e+02 340 0 1 5.536e+02 5.804e+02 250 0 4 5.726e+02 6.034e+02 286 0 3 6.348e+02 6.672e+02 301 0 3 5.500e+02 5.840e+02 316 1 3 4.822e+02 4.838e+02 15 1 2 5.867e+02 5.893e+02 25 1 1 6.072e+02 6.108e+02 33 1 1 5.654e+02 5.686e+02 30 1 3 6.066e+02 6.114e+02 45 1 4 5.826e+02 5.934e+02 100 1 2 6.299e+02 6.301e+02 2 1 4 5.363e+02 5.557e+02 180 1 4 6.289e+02 6.311e+02 20 1 3 5.558e+02 5.782e+02 207 1 2 5.715e+02 6.045e+02 306 1 4 5.736e+02 6.024e+02 268 1 1 5.503e+02 5.837e+02 310 2 3 3.978e+02 4.002e+02 23 2 2 8.308e+01 8.492e+01 17 2 3 6.502e+02 6.518e+02 15 2 2 1.645e+02 1.715e+02 65 2 4 4.191e+02 4.209e+02 16 2 4 2.506e+02 2.534e+02 26 2 4 6.640e+02 6.800e+02 149 2 3 2.718e+02 2.742e+02 23 2 3 4.339e+02 4.481e+02 131 2 3 5.916e+01 6.684e+01 71 2 1 3.964e+02 4.016e+02 48 2 3 1.826e+02 1.954e+02 118 2 2 4.428e+02 4.812e+02 356 2 2 2.029e+02 2.171e+02 132 2 3 6.314e+02 6.706e+02 365 2 1 3.140e+02 3.160e+02 18 2 4 4.066e+02 4.334e+02 248 2 1 3.521e+02 3.619e+02 91 2 1 4.333e+02 4.487e+02 143 2 4 3.242e+01 5.158e+01 178 2 4 7.020e+01 9.780e+01 256 2 4 1.510e+02 1.850e+02 316 2 4 1.917e+02 2.283e+02 340 2 2 2.876e+02 3.004e+02 119 2 2 3.676e+02 3.884e+02 194 2 1 4.615e+01 7.985e+01 313 2 1 2.624e+02 2.836e+02 196 2 3 3.405e+02 3.735e+02 306 2 2 2.797e+02 3.083e+02 266 2 4 3.582e+02 3.978e+02 367 2 4 2.798e+02 3.082e+02 264 3 2 2.486e+02 2.554e+02 63 3 4 2.086e+02 2.114e+02 26 3 1 2.710e+02 2.750e+02 38 3 3 2.275e+02 2.345e+02 66
41096 5 0 2 6.232e+02 6.368e+02 126 0 4 6.195e+02 6.405e+02 196 0 3 6.394e+02 6.626e+02 216 1 4 6.300e+02 6.300e+02 -6 1 2 6.269e+02 6.331e+02 57
41101 10 0 1 6.507e+02 6.513e+02 6 0 3 6.478e+02 6.542e+02 60 0 4 6.567e+02 6.873e+02 285 2 2 3.883e+01 4.517e+01 59 2 4 8.330e+01 8.470e+01 13 2 4 5.031e+02 5.049e+02 16 2 4 4.031e+01 4.369e+01 31 2 3 5.182e+02 5.318e+02 126 2 3 6.082e+01 6.518e+01 40 2 1 5.553e+01 7.047e+01 139
41110 0
41114 5 0 4 6.667e+02 6.773e+02 98 0 4 4.528e+02 4.712e+02 171 0 1 6.469e+02 6.551e+02 76 0 2 6.638e+02 6.802e+02 152 0 3 6.318e+02 6.702e+02 356
41116 0
41117 22 0 4 8.173e+01 8.627e+01 42 0 1 5.654e+02 5.686e+02 30 0 4 5.855e+02 5.905e+02 46 1 4 6.275e+02 6.325e+02 46 1 1 1.017e+02 1.083e+02 60 1 1 4.827e+02 4.833e+02 6 1 4 1.603e+02 1.757e+02 144 1 1 6.029e+02 6.151e+02 114 1 2 1.165e+02 1.355e+02 176 1 3 4.801e+02 4.859e+02 54 1 3 1.372e+02 1.568e+02 181 1 2 6.246e+02 6.354e+02 100 1 2 4.857e+02 5.223e+02 340 1 3 5.905e+02 6.275e+02 344 1 4 4.880e+02 5.200e+02 297 2 4 5.386e+02 5.534e+02 138 2 4 3.213e+02 3.507e+02 272 2 4 2.757e+02 3.123e+02 340 3 2 3.753e+01 4.647e+01 83 3 4 4.076e+01 4.324e+01 23 3 1 5.373e+01 7.227e+01 172 3 3 4.525e+01 8.075e+01 330
41118 0
41120 0
41124 2 2 3 3.555e+02 3.585e+02 27 2 4 3.242e+02 3.478e+02 219
41126 15 0 2 6.300e+02 6.300e+02 -20 0 3 5.210e+02 5.290e+02 75 0 4 6.271e+02 6.329e+02 54 0 2 6.704e+02 6.736e+02 30 0 2 4.987e+02 5.093e+02 99 0 4 6.652e+02 6.788e+02 126 0 1 5.077e+02 5.423e+02 321 0 1 5.913e+02 6.267e+02 330 0 1 6.383e+02 6.637e+02 236 0 3 6.354e+02 6.666e+02 290 2 2 3.991e+01 4.409e+01 39 2 1 5.889e+01 6.711e+01 76 2 4 1.219e+02 1.301e+02 76 2 3 1.399e+02 1.541e+02 132 2 3 5.627e+00 3.637e+01 286
41127 0
41128 18 2 4 3.677e+01 4.723e+01 97 2 2 2.054e+02 2.146e+02 86 2 2 3.569e+01 4.831e+01 117 2 3 1.754e+02 2.026e+02 252 2 4 2.011e+02 2.189e+02 166 2 1 7.286e+00 3.471e+01 255 2 1 1.720e+02 2.060e+02 316 2 3 6.929e+00 3.507e+01 261 3 3 1.050e+02 1.050e+02 -0 3 1 5.997e+01 6.603e+01 56 3 1 1.027e+02 1.073e+02 42 3 3 6.203e+01 6.397e+01 18 3 1 2.970e+02 3.330e+02 334 3 4 7.527e+01 9.273e+01 162 3 3 5.216e+01 7.384e+01 201 3 2 7.468e+01 9.332e+01 173 3 2 2.461e+01 5.939e+01 323 3 4 6.625e+01 1.018e+02 330
41130 14 0 2 6.274e+02 6.326e+02 48 0 1 3.545e+02 3.595e+02 46 0 3 6.506e+02 6.514e+02 7 0 2 3.771e+02 3.789e+02 16 0 4 6.242e+02 6.358e+02 108 0 1 6.450e+02 6.570e+02 112 0 4 3.617e+02 3.943e+02 303 0 3 3.857e+02 4.123e+02 247 0 2 6.119e+02 6.481e+02 336 0 2 6.606e+02 6.834e+02 211 0 4 6.621e+02 6.819e+02 183 0 3 6.349e+02 6.671e+02 299 0 4 6.545e+02 6.895e+02 326 0 1 6.330e+02 6.690e+02 334
41131 27 0 2 4.959e+02 5.121e+02 150 0 3 5.189e+02 5.311e+02 114 0 4 4.864e+02 5.216e+02 326 1 1 6.082e+02 6.098e+02 16 1 3 6.079e+02 6.101e+02 20 1 1 5.492e+02 5.848e+02 331 1 4 6.107e+02 6.493e+02 359 1 2 5.694e+02 6.066e+02 346 2 3 3.977e+02 4.003e+02 25 2 4 1.197e+02 1.323e+02 116 2 2 4.172e+02 4.228e+02 51 2 3 1.432e+02 1.508e+02 70 2 4 3.711e+02 3.849e+02 129 2 1 4.399e+02 4.421e+02 20 2 1 1.367e+02 1.573e+02 191 2 4 5.753e+02 6.007e+02 236 2 2 3.584e+02 3.976e+02 364 2 3 5.475e+02 5.865e+02 361 2 4 1.064e+02 1.456e+02 364 2 2 1.560e+02 1.800e+02 223 2 4 1.507e+02 1.853e+02 322 3 1 1.868e+01 2.332e+01 43 3 1 1.022e+02 1.078e+02 51 3 1 9.084e+01 1.192e+02 263 3 1 5.902e+01 6.698e+01 74 3 1 1.283e+02 1.657e+02 348 3 1 4.300e+01 8.300e+01 371
41132 3 0 1 6.249e+02 6.771e+02 485 1 3 5.825e+02 6.355e+02 493 2 2 1.843e+02 2.357e+02 477
41133 8 2 3 1.042e+02 1.058e+02 15 2 1 5.988e+01 6.612e+01 58 2 4 2.036e+02 2.164e+02 119 2 1 2.079e+01 2.121e+01 4 2 2 3.897e+01 4.503e+01 56 2 2 6.760e+01 1.004e+02 305 2 1 2.578e+00 3.942e+01 342 2 4 6.567e+01 1.023e+02 340
41134 5 0 4 5.616e+02 6.144e+02 490 2 2 2.076e+02 2.124e+02 46 2 3 1.753e+02 2.027e+02 255 2 1 2.211e+02 2.409e+02 185 2 4 1.943e+02 2.257e+02 291
41135 10 0 4 3.359e+02 3.361e+02 2 0 4 6.688e+02 6.752e+02 59 0 2 3.330e+02 3.390e+02 56 0 1 3.065e+02 3.235e+02 157 1 3 1.794e+02 1.986e+02 179 1 2 6.201e+02 6.399e+02 185 1 3 2.088e+02 2.532e+02 412 1 4 2.254e+02 2.786e+02 494 1 1 5.839e+02 6.341e+02 466 3 2 2.618e+01 5.782e+01 294
41136 3 2 1 1.527e+01 2.673e+01 106 2 3 1.843e+02 1.937e+02 87 2 3 1.550e+01 2.650e+01 102
41137 0
41138 17 0 1 6.076e+02 6.104e+02 26 0 4 6.691e+02 6.749e+02 54 0 4 3.245e+02 3.475e+02 213 0 3 6.078e+02 6.102e+02 23 0 2 6.664e+02 6.776e+02 104 0 2 6.297e+02 6.303e+02 6 0 1 6.369e+02 6.651e+02 261 0 4 6.249e+02 6.351e+02 95 0 3 6.340e+02 6.680e+02 316 0 4 6.150e+02 6.450e+02 279 0 1 5.902e+02 6.278e+02 350 0 2 6.118e+02 6.482e+02 337 2 2 4.610e+02 4.630e+02 18 2 2 2.892e+02 2.988e+02 89 2 1 4.751e+02 4.909e+02 147 2 3 4.255e+02 4.565e+02 287 2 4 4.483e+02 4.757e+02 254
41139 83 0 1 2.730e+02 2.730e+02 -10 0 2 4.620e+02 4.620e+02 -17 0 2 2.520e+02 2.520e+02 -0 0 1 5.245e+02 5.255e+02 10 0 4 2.897e+02 2.983e+02 80 0 4 5.862e+02 5.898e+02 34 0 2 3.740e+02 3.820e+02 74 0 3 6.501e+02 6.519e+02 16 0 2 2.434e+02 2.606e+02 160 0 1 4.398e+02 4.422e+02 22 0 1 2.640e+02 2.820e+02 167 0 2 4.987e+02 5.093e+02 99 0 4 3.742e+02 3.818e+02 71 0 1 5.670e+02 5.670e+02 0 0 4 2.397e+02 2.643e+02 228 0 1 6.090e+02 6.090e+02 -0 0 2 2.843e+02 3.037e+02 180 0 2 6.720e+02 6.720e+02 -22 0 1 2.185e+02 2.435e+02 233 0 3 3.821e+02 4.159e+02 315 0 3 2.600e+02 2.860e+02 241 0 4 4.965e+02 5.115e+02 139 0 3 2.531e+02 2.929e+02 369 0 3 5.642e+02 5.698e+02 52 0 3 6.084e+02 6.096e+02 11 0 4 6.714e+02 6.726e+02 10 0 1 4.731e+02 4.929e+02 185 0 3 5.210e+02 5.290e+02 75 0 2 6.262e+02 6.338e+02 71 0 1 6.495e+02 6.525e+02 27 0 4 4.894e+02 5.186e+02 271 0 2 5.416e+02 5.504e+02 81 0 4 6.290e+02 6.310e+02 18 0 3 4.652e+02 5.008e+02 330 0 1 5.528e+02 5.812e+02 263 0 3 6.006e+02 6.174e+02 156 0 2 4.882e+02 5.198e+02 294 0 2 5.308e+02 5.612e+02 282 0 2 6.201e+02 6.399e+02 183 0 4 5.767e+02 5.993e+02 210 0 3 5.935e+02 6.245e+02 287 1 3 5.658e+02 5.682e+02 22 1 1 6.090e+02 6.090e+02 -13 1 1 4.300e+02 4.520e+02 205 1 1 5.229e+02 5.271e+02 39 1 2 5.880e+02 5.880e+02 -18 1 3 6.090e+02 6.090e+02 -20 1 4 5.879e+02 5.881e+02 2 1 2 6.300e+02 6.300e+02 -20 1 1 5.613e+02 5.727e+02 106 1 4 6.277e+02 6.323e+02 43 2 3 4.814e+02 4.846e+02 30 2 4 8.400e+01 8.400e+01 -10 2 2 6.292e+02 6.308e+02 15 2 3 2.290e+02 2.330e+02 36 2 4 6.702e+02 6.738e+02 33 2 4 2.937e+02 2.943e+02 6 2 4 5.016e+02 5.064e+02 45 2 4 4.153e+01 4.247e+01 9 2 4 6.292e+02 6.308e+02 16 2 4 1.222e+02 1.298e+02 70 2 1 3.897e+02 4.083e+02 173 2 3 1.890e+02 1.890e+02 -1 2 3 5.955e+02 6.225e+02 251 2 4 2.075e+02 2.125e+02 47 2 2 6.622e+02 6.818e+02 182 2 3 3.111e+02 3.189e+02 72 2 4 6.141e+02 6.459e+02 296 2 2 3.742e+02 3.818e+02 70 2 1 6.340e+02 6.680e+02 316 2 3 2.048e+01 2.152e+01 10 2 3 1.000e+02 1.100e+02 92 2 3 1.417e+02 1.523e+02 98 2 2 1.988e+02 2.212e+02 207 2 1 3.032e+02 3.268e+02 219 2 4 3.681e+02 3.879e+02 184 2 4 6.984e+01 9.816e+01 263 2 2 1.663e+02 1.697e+02 32 2 3 3.399e+02 3.741e+02 317 2 2 1.079e+02 1.441e+02 336 2 4 1.616e+02 1.744e+02 119 2 2 3.179e+02 3.541e+02 336 2 2 6.665e+01 1.013e+02 322
41141 11 0 1 6.510e+02 6.510e+02 -9 0 2 6.211e+02 6.389e+02 166 0 3 6.477e+02 6.543e+02 60 0 2 6.660e+02 6.780e+02 112 0 4 6.650e+02 6.790e+02 130 0 1 6.398e+02 6.622e+02 208 0 3 6.380e+02 6.640e+02 240 2 3 1.470e+02 1.470e+02 -4 2 3 7.333e+00 3.467e+01 254 2 4 1.141e+02 1.379e+02 221 2 3 1.796e+02 1.984e+02 176
41144 20 0 1 4.830e+02 4.830e+02 -3 0 3 6.510e+02 6.510e+02 -20 0 2 5.023e+02 5.057e+02 31 0 2 6.712e+02 6.728e+02 15 0 3 4.763e+02 4.897e+02 124 0 2 6.589e+02 6.851e+02 244 0 4 4.883e+02 5.197e+02 292 1 4 6.280e+02 6.320e+02 37 1 3 5.948e+02 6.232e+02 264 1 2 6.204e+02 6.396e+02 179 1 4 6.187e+02 6.413e+02 210 2 4 3.360e+02 3.360e+02 -4 2 3 3.568e+02 3.572e+02 3 2 4 4.198e+02 4.202e+02 4 2 3 9.618e+01 1.138e+02 164 2 3 4.749e+02 4.911e+02 151 2 4 3.179e+01 5.221e+01 190 2 4 1.110e+02 1.410e+02 278 2 4 1.057e+02 1.463e+02 376 3 4 4.608e+02 4.632e+02 22
41145 1 1 4 1.219e+02 1.301e+02 76
41147 64 0 2 3.767e+02 3.793e+02 24 0 4 5.021e+02 5.059e+02 35 0 1 5.246e+02 5.254e+02 8 0 2 3.275e+02 3.445e+02 157 0 3 6.462e+02 6.558e+02 90 0 1 3.427e+02 3.713e+02 266 0 1 3.967e+02 4.013e+02 43 0 1 4.820e+02 4.840e+02 18 0 2 3.200e+02 3.520e+02 297 0 2 5.420e+02 5.500e+02 74 0 4 6.164e+02 6.436e+02 253 0 1 6.414e+02 6.606e+02 179 0 4 4.171e+02 4.229e+02 54 0 2 4.954e+02 5.126e+02 160 0 1 5.593e+02 5.747e+02 142 0 4 6.606e+02 6.834e+02 212 0 3 4.382e+02 4.438e+02 52 0 2 4.558e+02 4.682e+02 115 0 1 5.124e+02 5.376e+02 235 0 2 6.556e+02 6.884e+02 304 0 4 4.032e+02 4.368e+02 312 0 3 4.650e+02 5.010e+02 334 0 3 5.106e+02 5.394e+02 268 1 2 5.879e+02 5.881e+02 1 1 1 6.076e+02 6.104e+02 26 1 1 4.741e+02 4.919e+02 166 1 3 5.665e+02 5.675e+02 10 1 3 6.085e+02 6.095e+02 9 1 4 5.794e+02 5.966e+02 160 1 4 6.249e+02 6.351e+02 95 1 2 5.348e+02 5.572e+02 208 1 2 6.161e+02 6.439e+02 258 1 2 5.738e+02 6.022e+02 263 1 1 5.954e+02 6.226e+02 252 1 1 5.497e+02 5.843e+02 322 2 1 2.723e+02 2.737e+02 13 2 4 4.596e+02 4.644e+02 46 2 2 3.352e+02 3.368e+02 16 2 4 5.008e+02 5.072e+02 60 2 2 2.508e+02 2.532e+02 22 2 3 5.636e+02 5.704e+02 64 2 3 2.100e+01 2.100e+01 -13 2 2 5.791e+02 5.969e+02 166 2 4 1.254e+02 1.266e+02 11 2 4 4.118e+02 4.282e+02 152 2 3 1.366e+02 1.574e+02 194 2 4 4.893e+02 5.187e+02 273 2 4 2.476e+02 2.564e+02 82 2 4 5.299e+02 5.621e+02 299 2 3 2.656e+02 2.804e+02 137 2 4 4.498e+02 4.742e+02 227 2 4 3.225e+02 3.495e+02 251 2 1 5.521e+02 5.819e+02 276 2 4 3.915e+01 4.485e+01 53 2 2 7.069e+01 9.731e+01 247 2 1 1.351e+02 1.589e+02 220 2 2 2.746e+02 3.134e+02 360 2 1 3.433e+02 3.707e+02 255 2 1 4.435e+01 8.165e+01 346 2 3 9.142e+01 1.186e+02 252 2 2 1.551e+02 1.809e+02 239 2 3 4.475e+01 8.125e+01 339 2 2 1.071e+02 1.449e+02 350 3 3 4.325e+02 4.495e+02 158
41148 38 0 1 5.589e+02 5.751e+02 150 0 3 5.646e+02 5.694e+02 44 0 3 6.424e+02 6.596e+02 160 0 1 5.506e+02 5.834e+02 305 0 4 6.607e+02 6.833e+02 210 0 3 5.541e+02 5.799e+02 240 0 2 6.571e+02 6.869e+02 277 0 3 5.115e+02 5.385e+02 250 1 2 6.241e+02 6.359e+02 110 1 1 5.664e+02 5.676e+02 10 1 4 6.270e+02 6.330e+02 56 1 2 5.847e+02 5.913e+02 61 1 1 5.998e+02 6.182e+02 170 1 4 5.404e+02 5.516e+02 104 1 4 6.131e+02 6.469e+02 315 1 4 5.318e+02 5.602e+02 264 2 4 1.250e+02 1.270e+02 19 2 3 4.824e+02 4.836e+02 10 2 1 1.450e+02 1.490e+02 36 2 3 4.401e+02 4.419e+02 17 2 2 2.019e+02 2.181e+02 151 2 4 4.526e+02 4.714e+02 176 2 1 3.126e+02 3.174e+02 44 2 1 4.780e+02 4.880e+02 93 2 4 7.796e+01 9.004e+01 112 2 2 4.924e+02 5.156e+02 216 2 3 1.289e+02 1.651e+02 336 2 1 4.679e+02 4.981e+02 280 2 4 2.365e+02 2.675e+02 287 2 4 4.425e+02 4.815e+02 361 2 4 2.871e+02 3.009e+02 129 2 2 1.153e+02 1.367e+02 200 2 3 1.695e+02 2.085e+02 361 2 4 1.971e+02 2.229e+02 239 2 3 2.970e+02 3.330e+02 335 2 3 2.532e+02 2.928e+02 367 3 2 1.622e+02 1.738e+02 107 3 2 1.538e+02 1.822e+02 265
