40762 7 0 4 5.841e+02 5.919e+02 73 0 1 5.520e+02 5.820e+02 278 0 4 6.234e+02 6.366e+02 122 0 3 5.470e+02 5.870e+02 371 1 4 6.194e+02 6.406e+02 196 1 2 6.143e+02 6.457e+02 291 2 3 1.146e+01 3.054e+01 177
40765 5 2 2 2.902e+02 2.978e+02 71 2 3 2.661e+02 2.799e+02 129 2 4 2.756e+02 3.124e+02 342 2 1 2.983e+02 3.317e+02 310 3 4 5.784e+02 5.976e+02 179
40767 15 0 2 6.275e+02 6.325e+02 46 0 4 6.710e+02 6.730e+02 19 0 4 6.257e+02 6.343e+02 80 0 2 6.691e+02 6.749e+02 55 0 2 4.514e+02 4.726e+02 196 0 1 5.937e+02 6.243e+02 284 0 1 6.363e+02 6.657e+02 274 0 4 4.877e+02 5.203e+02 302 0 3 6.322e+02 6.698e+02 349 1 1 5.218e+02 5.282e+02 59 1 2 5.444e+02 5.476e+02 29 1 3 5.496e+02 5.844e+02 323 1 4 5.683e+02 6.077e+02 366 1 3 5.915e+02 6.265e+02 326 1 1 5.493e+02 5.847e+02 328
40768 15 0 2 3.212e+02 3.508e+02 275 0 2 6.145e+02 6.455e+02 287 0 4 3.118e+02 3.602e+02 450 0 2 6.545e+02 6.895e+02 326 0 3 5.457e+02 5.883e+02 396 0 4 6.124e+02 6.476e+02 326 0 4 6.554e+02 6.886e+02 309 0 2 5.233e+02 5.687e+02 421 0 4 6.496e+02 6.944e+02 416 0 1 5.424e+02 5.916e+02 456 0 1 6.241e+02 6.779e+02 500 1 2 6.151e+02 6.449e+02 277 2 4 1.738e+01 6.662e+01 457 2 1 4.188e+01 8.412e+01 392 2 3 4.076e+01 8.524e+01 413
40769 26 0 4 4.600e+02 4.640e+02 37 0 1 5.250e+02 5.250e+02 -1 0 4 6.720e+02 6.720e+02 -20 0 3 5.250e+02 5.250e+02 -17 0 4 5.753e+02 6.007e+02 236 0 1 6.474e+02 6.546e+02 67 0 3 4.263e+02 4.557e+02 274 0 2 5.413e+02 5.507e+02 87 0 1 6.406e+02 6.614e+02 194 0 3 5.617e+02 5.723e+02 98 0 3 6.361e+02 6.659e+02 277 0 1 5.143e+02 5.357e+02 199 0 2 5.342e+02 5.578e+02 220 1 4 6.300e+02 6.300e+02 -17 1 3 6.080e+02 6.100e+02 19 1 2 6.237e+02 6.363e+02 116 1 2 6.156e+02 6.444e+02 268 2 4 3.780e+02 3.780e+02 -12 2 3 3.990e+02 3.990e+02 -6 2 4 1.680e+02 1.680e+02 -1 2 2 6.720e+02 6.720e+02 -21 2 1 1.227e+01 2.973e+01 162 2 3 7.959e+00 3.404e+01 242 2 2 6.867e+01 9.933e+01 285 2 4 7.029e+01 9.771e+01 255 3 2 6.720e+02 6.720e+02 -18
40770 7 0 4 3.337e+02 3.383e+02 42 0 2 2.867e+02 3.013e+02 136 0 1 5.477e+02 5.863e+02 358 0 4 5.768e+02 5.992e+02 207 0 3 5.959e+02 6.221e+02 244 1 4 6.127e+02 6.473e+02 321 1 2 6.117e+02 6.483e+02 340
40771 1 2 4 1.612e+02 1.748e+02 127
40773 2 2 1 5.467e+01 7.133e+01 155 2 3 5.095e+01 7.505e+01 224
40774 9 0 1 3.146e+02 3.154e+02 7 0 2 3.336e+02 3.384e+02 45 0 4 3.240e+02 3.480e+02 223 1 1 5.597e+02 5.743e+02 136 1 4 6.219e+02 6.381e+02 150 1 3 5.081e+02 5.419e+02 315 1 1 2.148e+02 2.472e+02 301 1 2 5.303e+02 5.617e+02 292 1 3 2.954e+02 3.346e+02 364
40775 1 2 4 4.061e+02 4.339e+02 259
40778 3 0 3 6.481e+02 6.539e+02 53 0 1 6.438e+02 6.582e+02 133 0 4 6.127e+02 6.473e+02 320
40781 2 1 2 6.123e+02 6.477e+02 329 2 2 3.219e+01 5.181e+01 182
40782 0
40783 44 0 3 5.235e+02 5.265e+02 27 0 2 6.251e+02 6.349e+02 90 0 4 1.587e+02 1.773e+02 173 0 1 3.927e+02 4.053e+02 116 0 2 5.017e+02 5.063e+02 43 0 4 1.962e+02 2.238e+02 257 0 3 6.449e+02 6.571e+02 114 0 2 4.597e+02 4.643e+02 43 0 4 6.127e+02 6.473e+02 321 0 1 6.355e+02 6.665e+02 288 0 4 4.563e+02 4.677e+02 106 0 2 4.438e+02 4.802e+02 339 1 2 6.287e+02 6.313e+02 25 2 2 2.922e+02 2.958e+02 33 2 1 1.458e+02 1.482e+02 22 2 2 4.152e+02 4.248e+02 90 2 4 2.076e+02 2.124e+02 44 2 4 5.034e+02 5.046e+02 10 2 1 3.107e+02 3.193e+02 80 2 4 6.617e+02 6.823e+02 190 2 4 1.165e+02 1.354e+02 176 2 1 4.289e+02 4.531e+02 226 2 3 1.460e+02 1.480e+02 19 2 2 4.545e+02 4.695e+02 140 2 4 2.355e+02 2.685e+02 306 2 4 5.321e+02 5.599e+02 259 2 3 2.659e+02 2.801e+02 131 2 3 4.307e+02 4.513e+02 192 2 1 3.412e+02 3.728e+02 294 2 3 4.724e+02 4.936e+02 197 2 4 6.638e+01 1.016e+02 327 2 3 5.066e+02 5.434e+02 342 2 2 1.583e+02 1.777e+02 180 2 3 3.887e+02 4.093e+02 191 2 2 3.594e+02 3.966e+02 346 2 2 4.949e+02 5.131e+02 170 2 2 1.488e+02 1.872e+02 356 2 2 4.073e+02 4.327e+02 236 2 4 3.610e+02 3.950e+02 316 2 4 4.456e+02 4.784e+02 304 2 3 1.654e+02 2.126e+02 438 2 4 3.998e+02 4.402e+02 375 2 4 4.895e+02 5.185e+02 269 3 1 3.875e+02 4.105e+02 213
40784 0
40786 18 0 2 6.706e+02 6.734e+02 26 0 3 4.784e+02 4.876e+02 85 0 4 6.684e+02 6.756e+02 67 0 2 4.924e+02 5.156e+02 215 0 1 6.457e+02 6.563e+02 99 0 1 4.721e+02 4.939e+02 202 0 2 6.614e+02 6.826e+02 196 1 3 5.250e+02 5.250e+02 -9 1 4 5.413e+02 5.507e+02 87 1 2 4.903e+02 5.177e+02 255 2 3 1.043e+02 1.057e+02 12 2 3 6.284e+01 6.316e+01 3 2 4 1.260e+02 1.260e+02 -20 2 1 2.293e+02 2.327e+02 32 2 2 3.533e+01 4.867e+01 124 2 4 7.226e+01 9.574e+01 218 2 2 2.707e+01 5.693e+01 277 2 3 5.054e+01 7.546e+01 231
40788 21 0 4 3.353e+02 3.367e+02 13 0 1 6.081e+02 6.099e+02 16 0 2 3.307e+02 3.413e+02 99 0 4 6.718e+02 6.722e+02 3 0 3 6.090e+02 6.090e+02 -3 0 2 6.660e+02 6.780e+02 111 0 1 2.994e+02 3.306e+02 289 0 3 5.143e+02 5.357e+02 198 0 4 5.871e+02 5.889e+02 17 0 1 6.418e+02 6.602e+02 170 0 3 3.778e+02 4.202e+02 395 0 2 5.325e+02 5.595e+02 251 0 2 6.123e+02 6.477e+02 328 0 3 6.395e+02 6.625e+02 214 0 3 5.518e+02 5.822e+02 282 0 4 6.119e+02 6.481e+02 336 0 3 6.316e+02 6.704e+02 360 1 2 6.300e+02 6.300e+02 -4 1 3 6.052e+02 6.128e+02 71 1 3 5.976e+02 6.204e+02 211 1 1 5.919e+02 6.261e+02 318
40789 0
40790 1 1 3 5.838e+02 6.342e+02 468
40793 21 0 3 5.663e+02 5.677e+02 14 0 4 6.632e+02 6.808e+02 163 0 1 5.232e+02 5.268e+02 34 0 1 6.454e+02 6.566e+02 104 0 2 4.911e+02 5.170e+02 240 0 2 5.446e+02 5.474e+02 26 0 3 6.402e+02 6.618e+02 200 0 1 5.584e+02 5.756e+02 160 0 2 6.599e+02 6.841e+02 224 0 3 5.562e+02 5.778e+02 200 0 1 5.148e+02 5.352e+02 189 0 3 5.183e+02 5.317e+02 125 0 1 5.089e+02 5.411e+02 299 0 3 5.100e+02 5.400e+02 279 2 1 1.949e+01 2.251e+01 28 2 1 3.117e+02 3.183e+02 60 2 3 1.465e+01 2.735e+01 118 2 3 3.121e+02 3.179e+02 54 2 4 2.832e+02 3.048e+02 200 2 2 3.166e+02 3.554e+02 360 3 3 2.097e+01 2.103e+01 0
40795 9 0 3 4.310e+02 4.510e+02 186 0 4 4.470e+02 4.770e+02 279 0 4 4.374e+02 4.866e+02 457 2 2 5.449e+02 5.471e+02 20 2 4 6.695e+02 6.745e+02 46 2 4 5.455e+02 5.465e+02 9 2 4 5.332e+02 5.588e+02 237 2 3 5.519e+02 5.821e+02 281 2 1 5.085e+02 5.415e+02 307
40796 22 0 1 4.350e+02 4.470e+02 112 0 3 4.787e+02 4.873e+02 80 0 2 6.172e+02 6.428e+02 238 0 2 6.689e+02 6.751e+02 57 0 2 5.040e+02 5.040e+02 -2 0 4 6.213e+02 6.387e+02 161 0 1 6.437e+02 6.583e+02 135 0 2 4.499e+02 4.741e+02 224 0 3 6.445e+02 6.575e+02 120 0 4 4.429e+02 4.811e+02 356 0 4 6.646e+02 6.794e+02 138 0 3 4.679e+02 4.981e+02 280 0 2 6.574e+02 6.866e+02 270 1 2 6.284e+02 6.316e+02 30 2 4 1.253e+02 1.267e+02 12 2 4 3.672e+02 3.888e+02 201 2 2 7.742e+01 9.058e+01 122 2 3 3.392e+02 3.748e+02 330 2 3 2.034e+01 2.166e+01 12 2 1 1.025e+01 3.175e+01 200 2 3 9.891e+00 3.211e+01 206 3 1 1.756e+01 2.444e+01 64
40797 14 0 2 6.263e+02 6.337e+02 68 0 4 5.875e+02 5.885e+02 9 0 3 8.895e+01 1.210e+02 298 0 1 5.518e+02 5.822e+02 283 0 3 5.938e+02 6.242e+02 283 0 1 6.363e+02 6.657e+02 274 0 3 6.311e+02 6.709e+02 370 1 3 7.809e+01 1.319e+02 500 1 2 5.920e+01 1.088e+02 460 1 4 5.916e+01 1.088e+02 461 2 3 3.092e+02 3.208e+02 107 2 4 1.222e+02 1.298e+02 70 2 4 1.077e+02 1.443e+02 340 3 2 4.154e+02 4.246e+02 86
40798 21 0 3 5.597e+02 5.743e+02 136 0 4 5.797e+02 5.963e+02 155 0 2 6.673e+02 6.767e+02 87 0 2 5.403e+02 5.517e+02 106 0 2 6.228e+02 6.372e+02 134 0 4 6.628e+02 6.812e+02 170 0 1 5.536e+02 5.804e+02 248 0 1 5.958e+02 6.222e+02 246 0 4 6.467e+02 6.973e+02 470 0 3 5.959e+02 6.221e+02 243 2 1 2.303e+02 2.317e+02 13 2 3 6.100e+01 6.500e+01 37 2 2 8.025e+01 8.775e+01 70 2 2 2.083e+02 2.117e+02 31 2 4 7.123e+01 9.677e+01 237 2 4 2.093e+02 2.107e+02 12 2 3 2.260e+02 2.360e+02 92 2 4 1.987e+02 2.213e+02 210 2 1 2.149e+02 2.471e+02 299 2 3 2.134e+02 2.486e+02 327 2 2 1.928e+02 2.272e+02 320
40800 47 0 3 1.008e+02 1.092e+02 78 0 3 5.236e+02 5.264e+02 26 0 4 2.916e+02 2.964e+02 44 0 2 5.002e+02 5.078e+02 70 0 1 5.122e+02 5.378e+02 237 0 3 4.946e+01 7.654e+01 251 0 2 6.612e+02 6.828e+02 201 0 1 3.821e+02 4.159e+02 315 1 2 6.289e+02 6.311e+02 20 1 2 2.066e+02 2.134e+02 63 1 4 6.248e+02 6.352e+02 97 1 4 2.037e+02 2.163e+02 116 1 4 6.143e+02 6.457e+02 292 1 3 5.889e+02 6.291e+02 374 1 2 6.127e+02 6.473e+02 321 2 2 3.330e+02 3.390e+02 56 2 4 1.639e+02 1.721e+02 76 2 3 2.298e+02 2.322e+02 23 2 4 4.974e+02 5.106e+02 123 2 1 3.073e+02 3.227e+02 142 2 3 5.604e+02 5.736e+02 122 2 4 3.705e+02 3.855e+02 139 2 3 5.185e+02 5.315e+02 121 2 4 1.210e+02 1.310e+02 93 2 2 5.753e+02 6.007e+02 236 2 1 1.847e+02 1.933e+02 80 2 1 5.550e+02 5.790e+02 223 2 2 2.481e+02 2.559e+02 73 2 4 5.717e+02 6.043e+02 303 2 3 3.131e+02 3.169e+02 36 2 2 3.178e+02 3.542e+02 337 2 4 7.800e+01 9.000e+01 111 2 3 1.409e+02 1.531e+02 113 2 4 2.024e+02 2.176e+02 141 2 4 2.820e+02 3.060e+02 222 2 4 3.220e+02 3.500e+02 260 2 4 2.443e+01 5.957e+01 326 2 3 9.654e+01 1.135e+02 157 2 2 1.601e+02 1.759e+02 147 2 1 2.212e+02 2.408e+02 182 2 3 3.022e+02 3.278e+02 237 2 1 3.379e+02 3.761e+02 356 2 2 7.127e+01 9.673e+01 236 2 3 1.720e+02 2.060e+02 316 2 1 2.152e+02 2.468e+02 293 2 1 2.540e+02 2.920e+02 352 2 1 1.300e+02 1.640e+02 316
40801 7 0 2 5.040e+02 5.040e+02 -1 0 1 6.497e+02 6.523e+02 25 0 3 6.466e+02 6.554e+02 81 0 2 6.648e+02 6.792e+02 133 0 3 6.321e+02 6.699e+02 351 0 4 6.528e+02 6.912e+02 357 1 2 5.860e+02 5.900e+02 36
40802 13 0 1 1.985e+01 2.215e+01 21 0 4 5.014e+02 5.066e+02 48 0 3 6.090e+02 6.090e+02 -24 0 4 3.937e+01 4.463e+01 49 0 1 4.799e+02 4.861e+02 58 0 1 3.444e+02 3.696e+02 235 0 3 7.061e+00 3.494e+01 259 0 3 4.683e+02 4.977e+02 272 0 2 2.380e+01 6.020e+01 338 0 4 6.253e+02 6.347e+02 88 0 2 4.889e+02 5.191e+02 280 1 3 6.085e+02 6.095e+02 9 1 4 6.162e+02 6.438e+02 257
40806 0
40807 5 0 4 5.013e+02 5.067e+02 50 2 3 1.413e+02 1.527e+02 106 2 2 1.646e+02 1.714e+02 63 2 4 1.967e+02 2.233e+02 246 2 4 1.074e+02 1.446e+02 346
