30934 7 0 1 6.494e+02 6.526e+02 29 0 3 6.493e+02 6.527e+02 32 0 2 6.161e+02 6.439e+02 259 1 4 6.298e+02 6.302e+02 5 2 4 8.276e+01 8.524e+01 23 2 3 9.712e+00 3.229e+01 210 2 3 1.050e+02 1.050e+02 -10
30935 5 0 2 5.025e+02 5.055e+02 27 0 4 4.602e+02 4.638e+02 33 2 2 3.942e+01 4.458e+01 48 2 4 3.434e+01 4.966e+01 142 2 3 4.685e+00 3.732e+01 303
30936 9 0 2 4.620e+02 4.620e+02 -4 0 4 4.965e+02 5.115e+02 140 0 3 5.630e+02 5.710e+02 75 0 4 5.816e+02 5.944e+02 120 0 3 4.660e+02 5.000e+02 316 0 2 4.870e+02 5.210e+02 316 2 1 3.113e+00 3.889e+01 332 3 1 5.416e+02 5.924e+02 471 3 3 5.011e+02 5.489e+02 444
30937 1 3 1 3.570e+02 3.570e+02 -4
30938 0
30944 4 2 2 3.726e+01 4.674e+01 88 2 4 3.605e+01 4.795e+01 110 2 1 5.467e+01 7.133e+01 155 2 3 2.262e+00 3.974e+01 348
30945 0
30947 2 0 3 6.090e+02 6.090e+02 0 0 4 5.725e+02 6.035e+02 288
30949 4 1 4 6.289e+02 6.311e+02 20 1 2 6.288e+02 6.312e+02 21 2 4 1.007e+02 1.513e+02 470 2 3 8.043e+01 1.296e+02 456
30950 5 0 4 6.695e+02 6.745e+02 46 0 2 6.704e+02 6.736e+02 30 0 1 6.420e+02 6.600e+02 168 0 3 6.394e+02 6.626e+02 216 0 1 6.327e+02 6.693e+02 340
30951 0
30952 0
30956 15 1 1 6.077e+02 6.103e+02 25 1 2 5.729e+02 6.031e+02 280 1 4 6.128e+02 6.472e+02 320 2 4 3.346e+02 3.374e+02 26 2 3 2.274e+02 2.346e+02 67 2 3 3.117e+02 3.183e+02 60 2 2 3.291e+02 3.429e+02 128 2 1 2.208e+02 2.412e+02 189 2 2 7.249e+01 9.551e+01 214 2 2 2.431e+02 2.609e+02 166 2 3 2.996e+02 3.304e+02 286 2 3 3.423e+02 3.717e+02 272 2 4 2.367e+02 2.673e+02 284 3 4 3.349e+02 3.371e+02 20 3 2 3.267e+02 3.453e+02 173
30958 31 0 1 3.141e+02 3.159e+02 16 0 4 3.342e+02 3.378e+02 34 0 1 5.571e+02 5.769e+02 185 0 2 3.233e+02 3.487e+02 236 0 4 4.923e+02 5.157e+02 218 0 3 5.558e+02 5.782e+02 208 0 4 5.769e+02 5.991e+02 206 1 4 5.767e+02 5.993e+02 210 1 3 6.078e+02 6.102e+02 22 1 2 6.220e+02 6.380e+02 149 1 4 6.250e+02 6.350e+02 93 1 1 5.933e+02 6.247e+02 291 2 3 3.136e+02 3.164e+02 26 2 2 3.325e+02 3.395e+02 65 2 2 5.424e+02 5.496e+02 67 2 2 3.721e+02 3.839e+02 110 2 4 6.672e+02 6.768e+02 90 2 4 3.977e+01 4.423e+01 41 2 1 4.382e+02 4.438e+02 52 2 4 2.389e+02 2.651e+02 244 2 3 5.945e+02 6.235e+02 269 2 2 3.605e+02 3.955e+02 326 2 3 6.436e+02 6.584e+02 137 2 1 5.296e+01 7.304e+01 186 2 1 3.930e+02 4.050e+02 112 2 4 3.651e+02 3.909e+02 240 2 1 5.092e+02 5.408e+02 293 2 3 4.996e+01 7.604e+01 242 2 2 6.571e+02 6.869e+02 277 2 2 2.546e+01 5.854e+01 307 2 3 3.864e+02 4.116e+02 235
30959 1 2 4 5.391e+02 5.529e+02 129
30961 8 0 2 6.215e+02 6.385e+02 158 0 4 6.208e+02 6.392e+02 171 0 2 6.720e+02 6.720e+02 -15 0 1 6.450e+02 6.570e+02 110 0 3 6.458e+02 6.562e+02 97 0 2 6.665e+02 6.775e+02 102 0 4 6.659e+02 6.781e+02 113 0 4 6.573e+02 6.867e+02 273
30962 7 0 4 6.299e+02 6.301e+02 2 0 2 6.254e+02 6.346e+02 86 1 2 6.172e+02 6.428e+02 238 2 3 2.680e+02 2.780e+02 93 2 4 3.870e+01 4.530e+01 61 2 1 5.615e+01 6.985e+01 127 2 3 5.521e+01 7.079e+01 145
30963 3 0 3 4.382e+02 4.438e+02 52 0 2 4.426e+02 4.814e+02 360 0 4 4.455e+02 4.785e+02 306
30964 3 1 3 5.239e+02 5.261e+02 21 1 3 6.070e+02 6.110e+02 38 2 3 3.467e+02 3.673e+02 192
30965 17 0 3 6.439e+02 6.581e+02 131 0 4 6.673e+02 6.767e+02 86 0 4 4.390e+02 4.850e+02 427 0 2 6.617e+02 6.823e+02 191 0 1 6.350e+02 6.670e+02 296 0 2 6.471e+02 6.969e+02 462 0 4 6.468e+02 6.972e+02 467 2 3 4.409e+02 4.411e+02 1 2 2 2.447e+02 2.593e+02 136 2 2 4.605e+02 4.635e+02 27 2 4 2.421e+02 2.619e+02 183 2 4 4.134e+02 4.266e+02 123 2 4 1.127e+02 1.393e+02 247 2 2 4.018e+02 4.382e+02 337 2 3 2.199e+02 2.421e+02 206 2 1 2.423e-01 4.176e+01 386 2 1 2.151e+02 2.469e+02 296
30968 3 0 4 5.040e+02 5.040e+02 -8 0 4 4.575e+02 4.665e+02 84 0 4 6.665e+02 6.775e+02 102
30969 2 0 4 6.720e+02 6.720e+02 -7 2 4 4.021e+02 4.379e+02 333
30970 0
30971 0
30972 11 0 4 3.322e+02 3.398e+02 70 0 1 3.099e+02 3.201e+02 94 1 2 3.349e+02 3.371e+02 20 1 1 3.524e+02 3.616e+02 86 1 1 5.581e+02 5.759e+02 166 1 3 3.012e+02 3.288e+02 256 1 1 5.952e+02 6.228e+02 256 1 4 3.257e+02 3.463e+02 190 1 4 6.144e+02 6.456e+02 289 2 4 2.412e+02 2.628e+02 200 2 1 5.518e+02 5.822e+02 281
30973 46 0 3 4.792e+02 4.868e+02 70 0 2 3.743e+02 3.817e+02 69 0 3 5.234e+02 5.266e+02 30 0 4 5.875e+02 5.885e+02 10 0 4 3.751e+02 3.809e+02 55 0 2 6.716e+02 6.724e+02 8 0 3 4.385e+02 4.435e+02 47 0 1 4.777e+02 4.883e+02 99 0 1 5.649e+02 5.691e+02 40 0 1 6.081e+02 6.099e+02 16 0 4 6.693e+02 6.747e+02 50 0 1 3.961e+02 4.019e+02 55 0 4 4.477e+02 4.763e+02 266 0 1 5.174e+02 5.326e+02 141 0 3 6.055e+02 6.125e+02 65 0 1 6.470e+02 6.550e+02 75 0 3 3.877e+02 4.103e+02 210 0 2 4.854e+02 5.226e+02 345 0 1 5.473e+02 5.867e+02 366 0 2 6.237e+02 6.363e+02 117 0 3 6.460e+02 6.560e+02 93 0 4 4.888e+02 5.192e+02 282 0 3 5.490e+02 5.850e+02 334 0 4 6.202e+02 6.398e+02 181 0 3 6.390e+02 6.630e+02 223 0 2 4.432e+02 4.808e+02 350 0 4 5.729e+02 6.031e+02 281 0 1 5.968e+02 6.212e+02 227 0 4 5.677e+02 6.083e+02 376 1 2 3.724e+02 3.836e+02 105 1 2 6.119e+02 6.481e+02 336 2 4 2.503e+02 2.537e+02 31 2 3 1.438e+01 2.762e+01 123 2 2 8.115e+01 8.685e+01 53 2 2 3.726e+02 3.834e+02 100 2 2 3.313e+01 5.087e+01 165 2 1 4.274e+02 4.546e+02 252 2 2 1.155e+02 1.365e+02 196 2 3 3.458e+02 3.682e+02 208 2 3 4.843e+01 7.757e+01 270 2 4 1.149e+02 1.371e+02 206 2 4 3.644e+02 3.916e+02 253 2 4 2.259e+01 6.141e+01 360 2 4 7.222e+01 9.578e+01 219 2 1 3.368e+02 3.772e+02 376 2 1 4.372e+01 8.228e+01 358
30975 1 2 4 6.656e+02 6.784e+02 120
30977 9 1 1 5.635e+02 5.705e+02 65 1 3 5.242e+02 5.258e+02 16 1 3 5.102e+02 5.398e+02 276 1 2 5.786e+02 5.974e+02 174 1 4 4.875e+02 5.205e+02 307 1 4 5.344e+02 5.576e+02 215 3 4 3.769e+02 3.791e+02 20 3 4 2.910e+02 2.970e+02 56 3 1 4.219e+02 4.601e+02 356
30978 0
30979 7 0 4 4.614e+02 4.626e+02 10 0 3 4.361e+02 4.459e+02 90 2 4 2.508e+02 2.532e+02 23 2 4 4.192e+02 4.208e+02 16 2 3 1.720e+01 2.480e+01 70 2 3 9.440e+00 3.256e+01 215 2 4 2.357e+02 2.683e+02 302
30980 38 2 4 8.400e+01 8.400e+01 -14 2 3 6.071e+02 6.109e+02 36 2 4 1.667e+02 1.693e+02 24 2 1 2.303e+02 2.317e+02 14 2 1 2.713e+02 2.747e+02 32 2 3 3.962e+02 4.018e+02 52 2 4 3.731e+02 3.829e+02 90 2 3 5.654e+02 5.686e+02 30 2 4 4.200e+01 4.200e+01 -17 2 2 5.842e+02 5.918e+02 71 2 1 1.442e+02 1.498e+02 52 2 3 2.310e+02 2.310e+02 -24 2 2 4.162e+02 4.238e+02 70 2 3 3.539e+02 3.601e+02 58 2 4 5.322e+02 5.598e+02 257 2 1 6.078e+01 6.522e+01 41 2 1 3.865e+02 4.115e+02 233 2 1 1.840e+02 1.940e+02 93 2 3 5.887e+02 6.293e+02 376 2 2 2.503e+02 2.537e+02 31 2 3 3.882e+02 4.098e+02 200 2 1 2.552e+02 2.908e+02 330 2 1 4.263e+02 4.557e+02 274 2 2 3.689e+02 3.871e+02 170 2 3 5.036e+01 7.564e+01 235 2 2 1.534e+02 1.826e+02 271 2 4 2.456e+02 2.584e+02 120 2 4 3.603e+02 3.957e+02 328 2 3 7.377e+00 3.462e+01 253 2 3 1.755e+02 2.025e+02 250 2 4 2.010e+02 2.190e+02 167 2 2 2.368e+02 2.672e+02 283 3 3 1.446e+02 1.494e+02 44 3 3 2.100e+01 2.100e+01 -21 3 3 6.293e+01 6.307e+01 1 3 3 1.041e+02 1.059e+02 16 3 3 1.318e+02 1.622e+02 282 3 1 9.756e+00 3.224e+01 209
30981 8 0 4 2.092e+02 2.108e+02 15 2 1 1.891e+01 2.309e+01 39 2 3 4.826e+02 4.834e+02 8 2 4 4.512e+02 4.728e+02 200 2 2 2.582e+01 5.818e+01 300 2 1 4.690e+02 4.970e+02 260 2 2 4.931e+02 5.149e+02 202 2 2 4.855e+02 5.225e+02 344
30982 0
30984 15 0 2 6.259e+02 6.341e+02 76 0 3 5.980e+02 6.200e+02 204 0 2 6.645e+02 6.795e+02 139 0 4 6.223e+02 6.377e+02 143 0 4 6.683e+02 6.757e+02 68 0 4 5.760e+02 6.000e+02 222 0 3 6.345e+02 6.675e+02 307 0 1 5.984e+02 6.196e+02 197 0 3 6.279e+02 6.741e+02 429 0 3 5.907e+02 6.273e+02 340 0 2 6.499e+02 6.941e+02 411 0 2 6.074e+02 6.526e+02 419 0 4 6.039e+02 6.561e+02 485 2 4 7.949e+01 8.851e+01 84 2 3 8.958e+01 1.204e+02 286
30986 0
