58975 7 0 2 6.678e+02 6.762e+02 79 0 4 6.621e+02 6.819e+02 185 2 4 2.466e+02 2.574e+02 100 2 1 6.064e+01 6.536e+01 44 2 3 6.163e+01 6.437e+01 26 2 2 6.715e+01 1.009e+02 313 2 4 6.665e+01 1.013e+02 322
58976 0
58977 13 0 3 6.078e+02 6.102e+02 22 0 1 5.209e+02 5.291e+02 76 0 2 6.296e+02 6.304e+02 7 0 3 6.489e+02 6.531e+02 40 0 2 5.389e+02 5.531e+02 131 0 4 6.287e+02 6.313e+02 25 0 4 6.677e+02 6.763e+02 80 0 2 5.258e+02 5.662e+02 376 0 1 6.080e+02 6.100e+02 18 0 3 6.385e+02 6.635e+02 232 0 2 6.204e+02 6.396e+02 178 0 1 6.327e+02 6.693e+02 340 0 4 6.133e+02 6.467e+02 310
58978 2 2 3 4.314e+01 8.286e+01 369 3 2 4.547e+02 4.693e+02 136
58979 3 0 2 6.651e+02 6.789e+02 129 0 4 6.634e+02 6.806e+02 160 1 1 1.463e+02 1.477e+02 12
58981 0
58982 8 0 2 2.888e+02 2.992e+02 96 1 4 1.680e+02 1.680e+02 -11 1 2 2.493e+02 2.547e+02 50 1 3 1.835e+02 1.945e+02 101 1 1 2.226e+02 2.394e+02 156 1 4 2.043e+02 2.157e+02 106 1 3 2.199e+02 2.421e+02 206 1 4 2.374e+02 2.666e+02 270
58985 12 2 1 6.452e+02 6.568e+02 107 2 2 6.619e+02 6.821e+02 187 2 3 6.361e+02 6.659e+02 277 3 2 5.014e+02 5.066e+02 48 3 4 5.856e+02 5.904e+02 44 3 2 4.487e+02 4.753e+02 246 3 4 4.965e+02 5.115e+02 140 3 4 4.469e+02 4.771e+02 280 3 1 4.730e+02 4.930e+02 186 3 3 4.759e+02 4.901e+02 131 3 1 4.634e+02 5.026e+02 365 3 3 4.675e+02 4.985e+02 288
58986 19 0 3 6.049e+02 6.131e+02 76 0 4 2.926e+02 2.954e+02 26 0 2 6.671e+02 6.769e+02 91 0 2 6.224e+02 6.376e+02 140 0 3 6.467e+02 6.553e+02 80 0 4 6.242e+02 6.358e+02 108 0 1 6.338e+02 6.682e+02 320 0 1 6.013e+02 6.167e+02 143 0 3 5.943e+02 6.237e+02 272 0 4 6.143e+02 6.457e+02 292 0 4 5.702e+02 6.058e+02 330 2 2 2.514e+02 2.526e+02 10 2 3 6.010e+01 6.590e+01 54 2 4 2.387e+02 2.653e+02 246 2 1 5.665e+01 6.935e+01 118 2 3 2.168e+02 2.452e+02 264 2 1 2.566e+02 2.894e+02 304 2 2 2.663e+01 5.737e+01 286 2 4 2.295e+01 6.105e+01 354
58987 0
58988 3 1 1 4.827e+02 4.833e+02 6 2 4 1.260e+02 1.260e+02 -24 2 3 1.470e+02 1.470e+02 -10
58989 10 2 4 1.233e+02 1.287e+02 50 2 2 5.437e+02 5.483e+02 42 2 1 1.463e+02 1.477e+02 14 2 3 5.154e+02 5.346e+02 178 2 3 1.354e+02 1.586e+02 216 2 4 4.840e+02 5.240e+02 372 2 2 1.121e+02 1.399e+02 259 2 1 5.511e+02 5.829e+02 295 2 4 5.273e+02 5.647e+02 348 3 3 1.438e+02 1.502e+02 60
58990 18 0 4 2.940e+02 2.940e+02 0 0 2 6.280e+02 6.320e+02 36 0 1 6.484e+02 6.536e+02 48 0 4 6.256e+02 6.344e+02 82 0 3 6.443e+02 6.577e+02 125 0 2 6.193e+02 6.407e+02 200 0 2 6.649e+02 6.791e+02 131 0 1 5.915e+02 6.265e+02 326 0 4 6.603e+02 6.837e+02 217 0 2 6.565e+02 6.875e+02 288 0 4 6.544e+02 6.896e+02 326 0 3 6.327e+02 6.693e+02 340 1 2 6.110e+02 6.490e+02 353 2 2 2.866e+02 3.014e+02 138 2 4 3.248e+02 3.472e+02 207 2 4 2.775e+02 3.105e+02 306 2 1 2.973e+02 3.327e+02 328 2 3 2.945e+02 3.355e+02 381
58991 10 0 4 3.312e+02 3.408e+02 90 2 3 1.050e+02 1.050e+02 -13 2 1 1.457e+02 1.483e+02 25 2 3 2.725e+02 2.735e+02 9 2 2 1.260e+02 1.260e+02 -4 2 4 2.940e+02 2.940e+02 -1 2 4 1.165e+02 1.355e+02 176 2 4 6.782e+01 1.002e+02 300 2 3 9.053e+01 1.195e+02 269 2 4 1.087e+02 1.433e+02 322
58992 1 2 4 3.752e+02 3.808e+02 52
58993 50 0 4 2.517e+02 2.523e+02 6 0 4 6.716e+02 6.724e+02 7 0 1 3.963e+02 4.017e+02 50 0 3 5.640e+02 5.700e+02 56 0 1 6.053e+02 6.127e+02 68 0 1 6.495e+02 6.525e+02 27 0 4 4.178e+02 4.222e+02 40 0 1 5.250e+02 5.250e+02 -0 0 3 6.079e+02 6.101e+02 20 0 3 6.500e+02 6.520e+02 18 0 3 3.854e+02 4.126e+02 253 0 2 4.858e+02 5.222e+02 337 0 3 5.244e+02 5.256e+02 11 0 2 6.249e+02 6.351e+02 95 0 2 6.698e+02 6.742e+02 40 0 2 5.452e+02 5.468e+02 15 0 4 5.697e+02 6.063e+02 340 0 3 6.375e+02 6.645e+02 251 0 1 5.626e+02 5.714e+02 81 0 2 6.581e+02 6.859e+02 259 0 3 5.536e+02 5.804e+02 248 0 4 6.572e+02 6.868e+02 275 1 4 6.296e+02 6.304e+02 8 1 2 5.863e+02 5.897e+02 32 1 1 6.085e+02 6.095e+02 9 1 4 5.846e+02 5.914e+02 64 1 1 3.796e+02 4.184e+02 360 1 3 6.090e+02 6.090e+02 -2 1 2 4.857e+02 5.223e+02 340 1 2 5.430e+02 5.490e+02 56 1 2 6.300e+02 6.300e+02 -3 1 1 5.623e+02 5.717e+02 88 1 3 5.610e+02 5.730e+02 110 1 3 5.527e+02 5.813e+02 265 2 3 1.850e+01 2.350e+01 46 2 4 1.660e+02 1.700e+02 36 2 3 6.480e+02 6.540e+02 56 2 4 4.200e+01 4.200e+01 -23 2 4 5.390e+02 5.530e+02 130 2 3 1.800e+02 1.980e+02 166 2 4 6.192e+02 6.408e+02 201 2 1 5.952e+01 6.648e+01 65 2 3 5.516e+02 5.824e+02 286 2 2 1.517e+02 1.843e+02 303 2 3 1.115e+01 3.085e+01 183 2 3 6.300e+02 6.720e+02 390 2 2 3.080e+01 5.320e+01 208 2 3 5.148e+01 7.452e+01 214 3 1 2.271e+02 2.349e+02 72 3 1 1.322e+02 1.618e+02 276
58994 3 2 1 4.345e+02 4.475e+02 120 2 3 4.366e+02 4.454e+02 81 2 2 4.027e+02 4.373e+02 321
58995 3 0 2 6.538e+02 6.902e+02 339 0 3 6.333e+02 6.687e+02 328 3 1 1.363e+02 1.577e+02 198
58996 15 0 4 5.033e+02 5.047e+02 14 0 2 5.442e+02 5.478e+02 33 0 2 6.298e+02 6.302e+02 5 0 1 6.500e+02 6.520e+02 19 0 2 4.962e+02 5.118e+02 145 0 4 6.683e+02 6.757e+02 68 0 1 4.769e+02 4.891e+02 113 0 3 5.495e+02 5.845e+02 325 0 1 5.941e+02 6.239e+02 277 0 3 6.394e+02 6.626e+02 216 0 4 4.893e+02 5.187e+02 272 0 1 5.141e+02 5.359e+02 203 0 2 6.605e+02 6.835e+02 214 0 3 4.670e+02 4.990e+02 296 1 2 6.150e+02 6.450e+02 279
58997 2 2 4 2.924e+02 2.956e+02 30 2 2 7.271e+01 9.529e+01 210
58998 1 2 3 1.470e+02 1.470e+02 -6
58999 16 0 2 6.676e+02 6.764e+02 81 0 4 6.667e+02 6.773e+02 98 0 3 5.821e+02 6.359e+02 499 0 1 3.318e+02 3.822e+02 469 0 4 3.513e+02 4.047e+02 496 1 3 6.038e+02 6.142e+02 97 1 3 5.895e+02 6.285e+02 363 1 2 6.041e+02 6.559e+02 481 2 4 2.500e+02 2.540e+02 36 2 4 3.353e+02 3.367e+02 12 2 1 6.171e+01 6.429e+01 24 2 1 3.540e+02 3.600e+02 56 2 2 3.229e+02 3.491e+02 243 2 1 5.112e+02 5.388e+02 256 2 4 1.444e+02 1.916e+02 438 2 3 3.453e+02 3.687e+02 218
59000 14 0 2 6.285e+02 6.315e+02 27 0 3 6.491e+02 6.529e+02 35 0 4 6.253e+02 6.347e+02 88 0 1 5.900e+02 6.280e+02 353 0 1 4.216e+02 4.604e+02 360 0 3 5.481e+02 5.859e+02 351 2 4 4.027e+01 4.373e+01 32 2 2 3.470e+01 4.930e+01 136 2 2 7.563e+01 9.237e+01 156 2 1 5.391e+01 7.209e+01 169 2 4 6.474e+02 6.966e+02 457 2 4 6.490e+01 1.031e+02 355 2 3 5.548e+01 7.052e+01 140 2 3 4.534e+01 8.066e+01 328
59001 0
59002 13 0 4 5.865e+02 5.895e+02 27 0 1 5.475e+02 5.865e+02 361 1 2 5.880e+02 5.880e+02 -3 1 4 5.866e+02 5.894e+02 26 1 3 5.902e+02 6.278e+02 350 2 1 5.324e+01 7.276e+01 181 2 2 7.374e+01 9.426e+01 190 2 3 5.431e+01 7.169e+01 161 2 4 7.249e+01 9.551e+01 214 3 2 3.978e+01 4.422e+01 41 3 4 3.843e+01 4.557e+01 66 3 1 3.429e+00 3.857e+01 326 3 3 5.045e+00 3.696e+01 296
59003 1 2 2 7.199e+01 9.601e+01 223
59004 18 0 1 5.618e+02 5.722e+02 97 0 2 5.295e+02 5.625e+02 306 1 3 6.035e+02 6.145e+02 102 1 2 5.689e+02 6.071e+02 356 2 3 1.460e+02 1.480e+02 18 2 2 2.449e+02 2.591e+02 131 2 1 2.632e+02 2.828e+02 182 2 1 4.264e+02 4.556e+02 270 2 4 1.153e+02 1.367e+02 198 2 2 4.468e+02 4.772e+02 283 2 1 1.354e+02 1.586e+02 215 2 4 2.478e+02 2.562e+02 79 2 2 1.094e+02 1.426e+02 309 2 2 1.542e+02 1.818e+02 256 2 3 2.556e+02 2.904e+02 323 2 3 1.761e+02 2.019e+02 240 3 1 1.931e+01 2.269e+01 31 3 1 5.965e+01 6.635e+01 62
59005 5 0 4 5.880e+02 5.880e+02 -15 0 3 5.980e+02 6.200e+02 204 2 1 1.904e+01 2.296e+01 36 2 1 9.618e+00 3.238e+01 211 2 3 6.791e+00 3.521e+01 264
59006 0
