15444 0
15445 7 0 2 4.943e+02 5.137e+02 180 0 1 5.158e+02 5.342e+02 171 0 4 4.982e+02 5.098e+02 107 0 3 5.097e+02 5.403e+02 285 0 2 6.528e+02 6.912e+02 356 0 1 4.655e+02 5.005e+02 325 0 3 4.617e+02 5.043e+02 396
15446 7 0 3 6.033e+02 6.147e+02 106 0 2 6.659e+02 6.781e+02 114 0 4 5.731e+02 6.029e+02 276 0 4 6.619e+02 6.821e+02 187 2 3 5.261e+01 7.339e+01 193 2 2 7.455e+01 9.345e+01 176 2 4 6.598e+01 1.020e+02 335
15449 3 0 1 6.080e+02 6.100e+02 18 0 4 6.693e+02 6.747e+02 50 0 4 5.812e+02 5.948e+02 126
15450 13 0 1 5.653e+02 5.687e+02 32 0 4 6.679e+02 6.761e+02 76 0 1 6.473e+02 6.547e+02 69 0 2 6.125e+02 6.475e+02 326 0 3 6.487e+02 6.533e+02 42 0 4 6.114e+02 6.486e+02 346 0 2 6.649e+02 6.791e+02 132 0 1 6.379e+02 6.641e+02 243 1 3 6.052e+02 6.128e+02 71 1 4 6.175e+02 6.425e+02 232 1 2 6.130e+02 6.470e+02 316 2 4 3.439e+01 4.961e+01 141 2 3 3.473e+00 3.853e+01 326
15451 7 2 2 4.081e+01 4.319e+01 22 2 1 6.057e+02 6.123e+02 62 2 4 3.565e+01 4.835e+01 118 2 3 1.800e+02 1.980e+02 168 2 3 4.728e+00 3.727e+01 302 2 4 1.113e+02 1.407e+02 274 2 4 1.522e+02 1.838e+02 294
15452 12 0 2 3.103e+01 5.297e+01 204 0 2 6.163e+02 6.437e+02 254 0 4 2.528e+01 5.872e+01 310 0 4 6.140e+02 6.460e+02 298 0 1 4.525e+01 8.075e+01 330 0 1 6.249e+02 6.771e+02 486 0 3 6.274e+02 6.746e+02 438 2 4 7.401e+01 9.399e+01 186 2 1 -1.912e+00 4.391e+01 426 2 3 8.016e+01 1.298e+02 461 2 3 -1.955e+00 4.396e+01 426 2 4 1.671e+01 6.729e+01 470
15454 9 0 3 6.490e+02 6.530e+02 36 0 2 6.197e+02 6.403e+02 190 0 1 6.460e+02 6.560e+02 92 0 4 6.155e+02 6.445e+02 270 0 2 6.648e+02 6.792e+02 133 0 2 6.598e+02 6.842e+02 227 0 4 6.582e+02 6.858e+02 257 2 1 5.583e+00 3.642e+01 286 3 1 6.090e+02 6.090e+02 -0
15455 11 0 2 6.714e+02 6.726e+02 11 0 4 6.706e+02 6.734e+02 26 0 1 6.385e+02 6.635e+02 231 0 3 6.395e+02 6.625e+02 213 1 1 5.151e+02 5.349e+02 183 2 4 2.931e+02 2.949e+02 17 2 2 1.231e+02 1.289e+02 53 2 1 3.047e+02 3.253e+02 191 2 3 3.021e+02 3.279e+02 240 2 3 2.586e+02 2.874e+02 268 2 2 2.776e+02 3.104e+02 305
15457 3 0 1 5.662e+02 5.678e+02 15 0 3 6.047e+02 6.133e+02 80 0 1 5.920e+02 6.260e+02 316
15458 11 0 1 5.656e+02 5.684e+02 26 0 1 6.090e+02 6.090e+02 -15 0 1 6.499e+02 6.521e+02 20 2 4 1.620e+02 1.740e+02 111 2 2 1.620e+02 1.740e+02 112 2 1 1.329e+02 1.611e+02 261 2 3 1.330e+02 1.610e+02 260 3 2 1.632e+02 1.728e+02 90 3 3 1.315e+02 1.625e+02 288 3 4 1.636e+02 1.724e+02 82 3 1 1.245e+02 1.695e+02 418
15460 24 0 2 2.932e+02 2.948e+02 15 0 1 2.561e+02 2.899e+02 313 0 3 4.250e+02 4.570e+02 296 0 4 2.802e+02 3.078e+02 256 1 4 6.248e+02 6.352e+02 97 1 4 5.828e+02 5.932e+02 96 1 3 5.989e+02 6.191e+02 187 1 1 5.623e+02 5.717e+02 87 1 1 5.991e+02 6.189e+02 183 1 3 5.568e+02 5.772e+02 189 1 2 6.132e+02 6.468e+02 312 1 2 5.748e+02 6.012e+02 246 2 4 2.929e+02 2.951e+02 20 2 3 1.716e+01 2.484e+01 71 2 4 5.842e+02 5.918e+02 70 2 2 2.900e+02 2.980e+02 74 2 1 5.364e+01 7.236e+01 174 2 4 6.112e+02 6.488e+02 350 2 3 2.980e+02 3.320e+02 316 2 3 6.372e+02 6.648e+02 256 2 1 7.286e+00 3.471e+01 255 2 4 4.861e+02 5.219e+02 333 2 2 3.170e+01 5.230e+01 191 2 4 6.519e+02 6.921e+02 373
15461 0
15463 7 1 2 1.211e+02 1.309e+02 90 1 4 1.625e+02 1.735e+02 102 1 1 1.381e+02 1.559e+02 166 1 1 9.012e+01 1.199e+02 276 1 2 1.113e+02 1.407e+02 272 2 4 8.245e+01 8.555e+01 29 3 1 1.958e+01 2.242e+01 26
15464 63 0 4 6.267e+02 6.333e+02 62 0 3 6.494e+02 6.526e+02 30 0 1 6.027e+02 6.153e+02 117 0 4 6.647e+02 6.793e+02 135 0 3 5.998e+02 6.182e+02 171 0 3 6.349e+02 6.671e+02 300 0 2 6.224e+02 6.376e+02 141 0 4 6.548e+02 6.892e+02 319 0 4 5.748e+02 6.012e+02 245 0 3 5.822e+02 6.358e+02 498 1 4 5.013e+02 5.067e+02 50 1 1 5.614e+02 5.726e+02 104 1 2 5.788e+02 5.972e+02 171 1 3 4.648e+02 5.012e+02 338 2 3 2.307e+02 2.313e+02 5 2 3 4.371e+02 4.449e+02 73 2 4 2.933e+02 2.947e+02 14 2 4 4.573e+02 4.667e+02 86 2 3 1.909e+01 2.291e+01 36 2 1 5.228e+02 5.272e+02 41 2 3 1.024e+02 1.076e+02 48 2 4 4.164e+02 4.236e+02 66 2 2 1.642e+02 1.718e+02 70 2 3 4.720e+02 4.940e+02 204 2 4 2.516e+02 2.524e+02 8 2 3 5.562e+02 5.778e+02 201 2 1 3.113e+02 3.187e+02 69 2 2 5.822e+02 5.938e+02 108 2 2 3.707e+02 3.853e+02 135 2 2 3.672e+01 4.728e+01 98 2 1 3.897e+02 4.083e+02 172 2 4 1.206e+02 1.314e+02 100 2 2 4.900e+02 5.180e+02 260 2 4 1.649e+02 1.711e+02 58 2 3 5.134e+02 5.366e+02 216 2 4 2.075e+02 2.125e+02 46 2 4 5.746e+02 6.014e+02 248 2 3 3.051e+02 3.249e+02 183 2 1 4.291e+02 4.529e+02 220 2 3 3.414e+02 3.726e+02 290 2 2 4.465e+02 4.775e+02 287 2 4 3.650e+01 4.750e+01 102 2 4 5.352e+02 5.568e+02 201 2 2 1.120e+02 1.400e+02 260 2 3 3.805e+02 4.175e+02 343 2 1 1.820e+02 1.960e+02 130 2 4 2.022e+02 2.178e+02 145 2 1 2.669e+02 2.791e+02 114 2 4 3.593e+02 3.967e+02 347 2 1 5.678e+01 6.922e+01 116 2 4 1.061e+02 1.459e+02 370 2 3 1.323e+02 1.617e+02 272 2 2 2.373e+02 2.667e+02 272 2 3 2.598e+02 2.862e+02 245 2 3 8.901e+00 3.310e+01 225 2 3 1.697e+02 2.083e+02 359 2 3 2.118e+02 2.502e+02 357 2 1 2.982e+02 3.318e+02 311 2 1 4.601e+01 7.999e+01 316 2 4 1.493e+02 1.867e+02 346 2 2 2.751e+02 3.129e+02 351 2 1 4.772e+00 3.723e+01 301 3 1 7.108e+00 3.489e+01 258
15465 19 0 4 6.713e+02 6.727e+02 13 0 4 5.040e+02 5.040e+02 -18 0 1 6.499e+02 6.521e+02 20 0 1 4.757e+02 4.903e+02 136 0 3 6.486e+02 6.534e+02 44 0 2 4.970e+02 5.110e+02 130 0 3 5.052e+02 5.448e+02 368 0 2 6.706e+02 6.734e+02 26 0 3 4.698e+02 4.962e+02 245 0 3 6.345e+02 6.675e+02 306 2 1 4.410e+02 4.410e+02 -23 2 2 1.680e+02 1.680e+02 -21 2 4 2.898e+02 2.982e+02 79 2 2 4.191e+02 4.209e+02 17 2 4 3.266e+02 3.454e+02 175 2 3 3.931e+02 4.049e+02 110 2 4 1.619e+02 1.741e+02 113 2 3 2.978e+02 3.322e+02 320 2 3 1.335e+02 1.605e+02 251
15466 5 0 4 4.862e+02 5.218e+02 330 0 4 6.453e+02 6.987e+02 496 0 1 6.260e+02 6.760e+02 464 0 3 6.241e+02 6.779e+02 500 2 1 1.811e+00 4.019e+01 356
15467 3 3 1 3.147e+02 3.153e+02 6 3 3 3.133e+02 3.167e+02 31 3 2 2.808e+02 3.072e+02 245
15468 2 0 4 8.400e+01 8.400e+01 -4 2 4 1.515e+02 1.845e+02 306
15469 1 2 4 3.174e+01 5.226e+01 190
15470 5 1 1 5.151e+02 5.349e+02 183 2 1 1.470e+02 1.470e+02 -4 2 4 6.656e+02 6.784e+02 120 2 4 2.929e+02 2.951e+02 20 2 2 3.297e+02 3.423e+02 116
15471 14 0 2 4.602e+02 4.638e+02 33 0 4 4.523e+02 4.717e+02 180 0 3 4.302e+02 4.518e+02 200 0 3 5.466e+02 5.874e+02 379 1 2 3.314e+02 3.406e+02 85 1 1 6.083e+02 6.097e+02 14 2 2 4.094e+01 4.306e+01 20 2 2 2.932e+02 2.948e+02 15 2 1 6.154e+01 6.446e+01 27 2 3 3.105e+02 3.195e+02 83 2 3 1.159e+01 3.041e+01 175 2 4 7.011e+01 9.789e+01 258 2 4 2.896e+02 2.984e+02 82 2 4 2.295e+01 6.105e+01 354
15473 8 0 2 4.573e+02 4.667e+02 88 0 2 6.676e+02 6.764e+02 82 0 4 6.665e+02 6.775e+02 103 0 2 6.594e+02 6.846e+02 234 2 2 4.200e+02 4.200e+02 -6 2 1 4.395e+02 4.425e+02 27 2 3 3.902e+02 4.078e+02 163 2 4 4.077e+02 4.323e+02 228
15474 2 3 1 1.936e+01 2.264e+01 30 3 4 8.245e+01 8.555e+01 29
15475 2 3 4 5.418e+02 5.502e+02 77 3 4 3.291e+02 3.429e+02 129
15478 5 0 1 6.085e+02 6.095e+02 10 0 4 6.267e+02 6.333e+02 61 0 2 6.180e+02 6.420e+02 222 0 3 5.968e+02 6.212e+02 226 2 1 1.608e+01 2.592e+01 91
15479 5 0 1 5.250e+02 5.250e+02 -23 0 1 6.372e+02 6.648e+02 256 0 4 5.694e+02 6.066e+02 345 2 3 6.300e+01 6.300e+01 -4 2 4 6.934e+01 9.866e+01 272
15480 2 0 4 3.753e+02 3.807e+02 50 2 2 4.861e+02 5.219e+02 333
15481 1 2 4 1.949e+02 2.251e+02 280
15482 1 3 2 4.616e+02 4.624e+02 8
