17017 3 0 1 6.471e+02 6.549e+02 72 0 2 6.597e+02 6.843e+02 228 0 2 6.528e+02 6.912e+02 356
17018 7 0 4 5.018e+02 5.062e+02 41 0 4 4.552e+02 4.688e+02 126 0 3 4.717e+02 4.943e+02 210 0 2 4.967e+02 5.113e+02 136 0 1 4.717e+02 4.943e+02 210 0 2 4.849e+02 5.231e+02 355 0 2 4.438e+02 4.802e+02 338
17019 1 0 4 4.993e+02 5.087e+02 88
17020 11 0 1 9.789e+01 1.121e+02 132 0 3 1.010e+02 1.090e+02 74 0 2 1.135e+02 1.385e+02 232 0 4 4.863e+02 5.217e+02 330 2 3 6.190e+01 6.410e+01 20 2 3 1.914e+01 2.286e+01 35 2 2 1.200e+02 1.320e+02 112 2 2 7.478e+01 9.322e+01 171 2 3 9.376e+01 1.162e+02 209 2 4 1.135e+02 1.385e+02 233 2 4 6.926e+01 9.874e+01 274
17021 8 0 1 6.415e+02 6.605e+02 177 0 3 6.394e+02 6.626e+02 215 0 2 6.056e+02 6.544e+02 454 0 4 6.458e+02 6.982e+02 486 2 2 3.201e+01 5.199e+01 186 2 4 2.802e+01 5.598e+01 260 2 3 -4.738e+00 4.674e+01 478 2 1 3.964e+01 8.636e+01 434
17024 1 0 3 6.007e+02 6.173e+02 154
17025 7 0 3 4.805e+02 4.855e+02 47 0 1 5.971e+02 6.209e+02 221 0 4 4.893e+02 5.187e+02 272 0 3 5.991e+02 6.189e+02 184 0 1 4.669e+02 4.991e+02 299 2 1 2.303e+02 2.317e+02 12 2 4 2.907e+02 2.973e+02 62
17028 10 0 1 5.655e+02 5.685e+02 27 0 1 6.070e+02 6.110e+02 36 0 3 5.666e+02 5.674e+02 8 0 4 6.290e+02 6.310e+02 18 0 2 3.611e+02 3.949e+02 314 0 3 5.940e+02 6.240e+02 279 0 4 3.583e+02 3.977e+02 366 0 3 3.743e+02 4.237e+02 458 0 2 6.147e+02 6.453e+02 285 0 1 3.722e+02 4.258e+02 497
17030 0
17031 0
17032 36 0 2 3.736e+02 3.824e+02 81 0 2 1.242e+02 1.278e+02 34 0 4 3.651e+02 3.909e+02 239 0 3 9.384e+01 1.162e+02 207 0 2 1.545e+02 1.815e+02 250 0 1 6.474e+02 6.546e+02 67 0 3 3.907e+02 4.073e+02 155 0 3 6.486e+02 6.534e+02 44 0 2 6.667e+02 6.773e+02 98 0 1 3.820e+02 4.160e+02 316 0 4 6.679e+02 6.761e+02 76 0 2 6.248e+02 6.352e+02 96 0 1 6.364e+02 6.656e+02 270 0 4 6.252e+02 6.348e+02 90 0 2 6.559e+02 6.881e+02 300 0 4 5.774e+02 5.986e+02 197 0 4 6.579e+02 6.861e+02 262 0 3 5.937e+02 6.243e+02 285 1 3 6.085e+02 6.095e+02 10 1 2 5.867e+02 5.893e+02 25 1 2 6.298e+02 6.302e+02 3 1 2 5.436e+02 5.484e+02 45 1 2 5.737e+02 6.023e+02 266 1 1 6.075e+02 6.105e+02 28 1 2 5.279e+02 5.641e+02 336 1 3 5.946e+02 6.234e+02 268 1 2 6.128e+02 6.472e+02 319 2 4 4.115e+02 4.285e+02 158 2 4 4.933e+02 5.147e+02 198 2 3 4.654e+02 5.006e+02 327 2 3 5.083e+02 5.417e+02 310 2 2 3.659e+01 4.741e+01 100 2 4 4.054e+01 4.346e+01 27 2 2 2.779e+01 5.621e+01 264 2 3 4.426e+01 8.174e+01 348 3 1 1.990e+01 2.210e+01 20
17035 12 0 1 6.297e+01 6.303e+01 0 0 4 7.890e+01 8.910e+01 95 0 4 7.316e+01 9.484e+01 201 0 2 2.699e+01 5.701e+01 279 1 1 6.090e+02 6.090e+02 -19 1 2 6.285e+02 6.315e+02 27 1 3 6.006e+02 6.174e+02 156 1 4 6.134e+02 6.466e+02 308 2 4 1.645e+02 1.715e+02 65 2 4 5.448e+02 5.472e+02 22 2 4 7.078e+01 9.722e+01 246 2 4 3.608e+02 3.952e+02 319
17036 14 0 3 5.207e+02 5.293e+02 80 0 4 3.701e+02 3.859e+02 146 0 4 5.835e+02 5.925e+02 84 0 2 6.683e+02 6.757e+02 70 0 1 5.487e+02 5.853e+02 340 0 1 5.919e+02 6.261e+02 318 0 4 6.669e+02 6.771e+02 96 0 3 5.904e+02 6.276e+02 346 0 4 6.536e+02 6.904e+02 341 1 4 6.293e+02 6.307e+02 14 1 3 3.002e+02 3.298e+02 275 2 3 1.967e+01 2.233e+01 25 2 1 1.411e+01 2.789e+01 128 2 2 2.977e+01 5.423e+01 227
17038 12 0 1 6.181e+01 6.419e+01 22 0 2 8.294e+01 8.506e+01 20 0 1 4.843e+01 7.757e+01 270 0 2 6.608e+02 6.832e+02 208 0 4 6.544e+02 6.896e+02 326 1 4 1.669e+02 1.691e+02 20 1 3 1.371e+02 1.569e+02 183 1 2 1.583e+02 1.777e+02 180 1 1 1.351e+02 1.589e+02 221 1 4 1.534e+02 1.826e+02 271 2 4 1.208e+02 1.312e+02 96 2 3 9.440e+00 3.256e+01 215
17042 10 0 2 6.602e+02 6.838e+02 220 0 4 6.580e+02 6.860e+02 260 2 1 2.713e+02 2.747e+02 31 2 3 2.728e+02 2.732e+02 3 2 4 7.796e+01 9.004e+01 112 2 2 2.362e+02 2.678e+02 294 2 1 2.618e+02 2.842e+02 208 2 3 5.117e+01 7.483e+01 220 2 3 2.636e+02 2.824e+02 174 2 4 2.763e+02 3.117e+02 329
17043 0
17044 10 0 4 4.552e+02 4.688e+02 126 0 3 5.936e+02 6.244e+02 286 0 1 6.278e+02 6.742e+02 431 0 1 5.422e+02 5.918e+02 460 0 1 5.875e+02 6.305e+02 400 0 3 6.258e+02 6.762e+02 467 1 1 3.104e+02 3.196e+02 85 2 1 9.305e+00 3.269e+01 217 2 4 1.986e+02 2.214e+02 211 2 3 7.242e+00 3.476e+01 256
17045 12 2 3 6.088e+02 6.092e+02 3 2 4 4.184e+01 4.216e+01 3 2 4 5.016e+02 5.064e+02 45 2 4 8.083e+01 8.717e+01 59 2 3 5.201e+02 5.299e+02 90 2 4 2.045e+02 2.155e+02 103 2 4 6.277e+02 6.323e+02 42 2 4 1.547e+02 1.813e+02 247 2 2 5.411e+02 5.509e+02 91 2 4 5.759e+02 6.001e+02 225 2 3 5.494e+02 5.846e+02 326 3 1 5.364e+01 7.236e+01 174
17055 2 0 1 6.510e+02 6.510e+02 -10 1 3 5.979e+02 6.201e+02 206
17056 0
17057 0
17058 0
17059 0
17060 0
17061 0
17062 20 0 1 6.006e+02 6.174e+02 156 0 1 6.400e+02 6.620e+02 204 0 1 5.138e+02 5.362e+02 207 0 2 6.198e+02 6.402e+02 190 0 3 6.410e+02 6.610e+02 186 0 3 5.447e+02 5.893e+02 415 0 4 6.213e+02 6.387e+02 162 0 1 6.299e+02 6.721e+02 391 0 3 5.075e+02 5.425e+02 325 0 1 5.912e+02 6.268e+02 331 0 4 6.468e+02 6.972e+02 467 0 2 5.257e+02 5.663e+02 377 0 3 5.838e+02 6.342e+02 468 2 1 1.285e+01 2.915e+01 151 2 3 1.254e+01 2.946e+01 157 2 4 1.117e+02 1.403e+02 265 2 1 2.349e+00 3.965e+01 346 2 2 2.340e+01 6.060e+01 346 2 4 1.909e+01 6.491e+01 426 3 1 2.169e+02 2.451e+02 261
17063 8 0 2 2.520e+02 2.520e+02 -16 0 2 6.643e+02 6.797e+02 143 0 4 6.665e+02 6.775e+02 102 0 1 6.374e+02 6.646e+02 253 0 4 6.555e+02 6.885e+02 306 2 4 6.720e+02 6.720e+02 -20 2 4 4.140e+02 4.260e+02 112 2 1 9.039e+00 3.296e+01 222
17066 64 0 3 1.025e+02 1.075e+02 46 0 2 2.496e+02 2.544e+02 44 0 2 6.688e+02 6.752e+02 60 0 2 7.576e+01 9.224e+01 153 0 3 4.357e+02 4.463e+02 99 0 4 2.493e+02 2.547e+02 50 0 2 5.387e+02 5.533e+02 135 0 3 2.619e+02 2.841e+02 206 0 4 6.175e+02 6.425e+02 231 0 4 2.356e+02 2.684e+02 305 0 3 6.444e+02 6.576e+02 123 0 2 2.883e+02 2.997e+02 106 0 3 5.503e+02 5.837e+02 310 0 2 1.935e+02 2.265e+02 307 0 3 5.081e+02 5.419e+02 315 0 4 2.873e+02 3.007e+02 124 0 1 2.137e+02 2.483e+02 322 0 1 2.994e+02 3.306e+02 290 1 1 5.662e+02 5.678e+02 15 1 1 6.089e+02 6.091e+02 1 1 2 5.855e+02 5.905e+02 46 1 2 6.274e+02 6.326e+02 49 1 4 5.859e+02 5.901e+02 39 1 4 6.295e+02 6.305e+02 10 1 4 5.413e+02 5.507e+02 87 1 1 5.959e+02 6.221e+02 243 1 3 5.949e+02 6.231e+02 261 1 2 6.111e+02 6.489e+02 350 1 4 6.104e+02 6.496e+02 365 2 3 2.290e+02 2.330e+02 36 2 3 6.057e+02 6.123e+02 61 2 3 3.095e+02 3.205e+02 103 2 4 5.834e+02 5.926e+02 86 2 2 3.344e+02 3.376e+02 30 2 3 6.424e+02 6.596e+02 160 2 3 6.149e+01 6.451e+01 28 2 4 6.182e+02 6.418e+02 220 2 2 1.211e+02 1.309e+02 91 2 2 6.557e+02 6.883e+02 302 2 3 1.846e+02 1.934e+02 82 2 4 5.764e+02 5.996e+02 215 2 2 2.045e+02 2.155e+02 102 2 4 6.567e+02 6.873e+02 284 2 1 3.069e+02 3.231e+02 150 2 3 5.957e+02 6.223e+02 247 2 4 3.344e+02 3.376e+02 29 2 4 6.101e+02 6.499e+02 369 2 1 2.039e+01 2.161e+01 11 2 3 1.011e+02 1.089e+02 72 2 3 1.458e+02 1.482e+02 22 2 4 1.949e+02 2.251e+02 280 2 3 3.034e+02 3.266e+02 216 2 2 3.227e+02 3.493e+02 247 2 3 1.657e+01 2.543e+01 82 2 4 1.187e+02 1.333e+02 136 2 2 1.625e+02 1.735e+02 103 2 2 2.341e+02 2.699e+02 332 2 1 3.419e+02 3.721e+02 280 2 4 2.452e+01 5.948e+01 325 2 4 1.577e+02 1.783e+02 190 2 4 2.334e+02 2.706e+02 346 2 1 1.758e+02 2.022e+02 245 2 3 1.739e+02 2.041e+02 280 2 1 1.294e+02 1.646e+02 327
17068 28 0 1 5.658e+02 5.682e+02 22 0 3 1.856e+02 1.924e+02 64 0 2 6.283e+02 6.317e+02 31 0 4 2.100e+02 2.100e+02 -5 0 1 6.505e+02 6.515e+02 9 0 2 1.660e+02 1.700e+02 38 0 2 5.039e+02 5.041e+02 1 0 1 1.393e+02 1.547e+02 142 0 1 5.213e+02 5.287e+02 70 0 4 5.857e+02 5.903e+02 43 0 1 1.308e+02 1.632e+02 301 0 3 6.501e+02 6.519e+02 17 0 3 4.765e+02 4.895e+02 120 0 3 5.620e+02 5.720e+02 92 0 1 6.014e+02 6.166e+02 141 0 2 6.687e+02 6.753e+02 60 0 4 4.991e+02 5.089e+02 90 0 3 5.155e+02 5.345e+02 177 0 4 6.225e+02 6.375e+02 139 0 4 6.682e+02 6.758e+02 71 0 2 4.525e+02 4.715e+02 177 0 2 5.335e+02 5.585e+02 232 0 4 5.762e+02 5.998e+02 220 2 1 2.093e+01 2.107e+01 1 2 1 1.885e+02 1.895e+02 9 2 3 1.487e+01 2.713e+01 114 2 3 1.821e+02 1.959e+02 129 2 4 2.006e+02 2.194e+02 174
17069 5 0 3 5.580e+00 3.642e+01 286 2 4 4.584e+02 4.656e+02 67 2 4 6.674e+02 6.766e+02 85 2 3 4.731e+02 4.929e+02 183 2 2 4.915e+02 5.165e+02 231
