37268 1 2 4 1.175e+02 1.345e+02 158
37270 0
37272 4 0 3 5.834e+02 6.346e+02 475 0 4 6.482e+02 6.958e+02 442 0 1 6.251e+02 6.769e+02 480 2 1 -2.672e+00 4.467e+01 440
37273 23 0 4 6.280e+02 6.320e+02 36 0 1 6.050e+02 6.130e+02 74 0 3 6.449e+02 6.571e+02 114 0 3 6.020e+02 6.160e+02 130 0 1 6.415e+02 6.605e+02 176 0 2 6.194e+02 6.406e+02 196 0 4 6.184e+02 6.416e+02 216 2 1 1.872e+02 1.908e+02 34 2 3 2.100e+01 2.100e+01 -2 2 3 4.390e+02 4.430e+02 37 2 4 8.003e+01 8.797e+01 74 2 4 5.000e+02 5.080e+02 74 2 2 1.629e+02 1.731e+02 96 2 2 4.537e+02 4.703e+02 155 2 2 3.488e+01 4.912e+01 132 2 3 5.111e+02 5.389e+02 259 2 3 1.324e+02 1.616e+02 270 2 4 4.071e+02 4.329e+02 240 2 4 3.722e+01 4.678e+01 89 2 4 1.570e+02 1.790e+02 205 2 1 5.153e+01 7.447e+01 213 2 1 1.949e+00 4.005e+01 354 2 4 2.353e+01 6.047e+01 343
37274 27 1 4 6.147e+02 6.453e+02 284 2 4 5.459e+02 5.461e+02 1 2 1 3.570e+02 3.570e+02 -24 2 1 6.470e+02 6.550e+02 74 2 3 6.300e+01 6.300e+01 -1 2 4 4.200e+02 4.200e+02 -1 2 4 2.100e+02 2.100e+02 -14 2 3 4.410e+02 4.410e+02 0 2 3 3.533e+02 3.607e+02 68 2 3 5.587e+02 5.753e+02 155 2 3 1.927e+01 2.273e+01 32 2 1 3.475e+02 3.665e+02 177 2 1 4.331e+02 4.489e+02 146 2 2 4.200e+01 4.200e+01 -11 2 2 4.464e+02 4.776e+02 290 2 4 1.923e+02 2.277e+02 328 2 1 5.566e+02 5.774e+02 194 2 4 3.623e+02 3.937e+02 291 2 2 5.704e+02 6.056e+02 327 2 4 3.937e+01 4.463e+01 49 2 4 4.065e+02 4.335e+02 250 2 1 1.384e+01 2.816e+01 133 2 2 2.874e+01 5.526e+01 246 2 1 5.162e+01 7.438e+01 211 2 3 5.896e+00 3.610e+01 280 2 4 2.447e+01 5.953e+01 326 3 3 5.401e+00 3.660e+01 290
37276 53 0 4 6.708e+02 6.732e+02 23 0 3 1.017e+02 1.083e+02 61 0 4 4.620e+02 4.620e+02 -20 0 1 5.217e+02 5.283e+02 61 0 3 2.641e+02 2.819e+02 165 0 2 6.295e+02 6.305e+02 9 0 1 6.510e+02 6.510e+02 -2 0 1 4.366e+02 4.454e+02 81 0 3 4.786e+02 4.874e+02 81 0 3 5.248e+02 5.252e+02 4 0 4 6.278e+02 6.322e+02 40 0 3 6.510e+02 6.510e+02 -21 0 3 4.315e+02 4.505e+02 177 0 2 4.544e+02 4.696e+02 140 0 3 5.155e+02 5.345e+02 176 0 4 5.866e+02 5.894e+02 26 0 2 6.699e+02 6.741e+02 40 0 2 4.879e+02 5.201e+02 299 0 2 5.352e+02 5.568e+02 200 0 1 6.086e+02 6.094e+02 8 0 4 4.858e+02 5.222e+02 337 0 1 5.531e+02 5.809e+02 259 0 3 6.037e+02 6.143e+02 99 0 3 5.536e+02 5.804e+02 249 1 4 5.866e+02 5.894e+02 26 1 1 9.752e+01 1.125e+02 139 1 3 6.082e+02 6.098e+02 16 1 1 5.658e+02 5.682e+02 21 1 2 6.286e+02 6.314e+02 26 1 2 5.820e+02 5.940e+02 111 1 2 8.011e+01 8.789e+01 72 1 4 6.279e+02 6.321e+02 40 1 3 5.568e+02 5.772e+02 190 1 1 5.978e+02 6.202e+02 207 1 4 5.704e+02 6.056e+02 326 1 1 5.492e+02 5.848e+02 330 2 4 1.247e+02 1.273e+02 24 2 4 2.495e+02 2.545e+02 47 2 3 2.713e+02 2.747e+02 32 2 4 4.200e+01 4.200e+01 -23 2 4 8.334e+01 8.466e+01 12 2 2 2.398e+02 2.642e+02 227 2 2 2.940e+02 2.940e+02 -10 2 1 6.050e+01 6.550e+01 46 2 2 7.585e+01 9.215e+01 151 2 1 3.074e+02 3.226e+02 141 2 3 5.938e+01 6.662e+01 67 2 3 9.156e+01 1.184e+02 250 2 2 2.833e+02 3.047e+02 199 2 2 3.156e+01 5.244e+01 194 2 1 2.589e+02 2.871e+02 261 2 4 2.797e+01 5.603e+01 260 2 3 4.996e+01 7.604e+01 242
37277 8 0 4 5.024e+02 5.056e+02 30 0 1 6.049e+02 6.131e+02 76 0 1 4.781e+02 4.879e+02 90 0 4 6.216e+02 6.384e+02 156 0 3 4.683e+02 4.977e+02 272 0 3 5.995e+02 6.185e+02 176 0 2 4.923e+02 5.157e+02 216 0 2 6.143e+02 6.457e+02 291
37278 6 0 2 6.574e+02 6.866e+02 271 0 4 6.552e+02 6.888e+02 311 2 4 3.248e+02 3.472e+02 207 2 3 3.475e+02 3.665e+02 176 2 4 2.972e+01 5.428e+01 228 2 1 5.671e+00 3.633e+01 285
37282 13 0 2 6.186e+02 6.414e+02 211 0 1 6.468e+02 6.552e+02 79 0 1 6.392e+02 6.628e+02 219 0 3 6.367e+02 6.653e+02 265 1 4 2.417e+02 2.623e+02 191 2 4 3.352e+02 3.368e+02 16 2 3 4.793e+02 4.867e+02 68 2 1 2.030e+01 2.170e+01 13 2 1 3.556e+02 3.584e+02 26 2 3 5.198e+02 5.302e+02 97 2 3 3.473e+02 3.667e+02 180 2 4 4.467e+02 4.773e+02 284 2 2 3.178e+02 3.542e+02 338
37283 20 0 3 6.510e+02 6.510e+02 -14 0 2 6.714e+02 6.726e+02 11 0 1 6.500e+02 6.520e+02 18 0 4 6.693e+02 6.747e+02 50 0 1 6.386e+02 6.634e+02 230 0 3 6.358e+02 6.662e+02 281 1 2 6.293e+02 6.307e+02 14 1 4 6.232e+02 6.368e+02 126 1 1 5.973e+02 6.207e+02 218 2 3 3.148e+02 3.152e+02 4 2 1 3.969e+02 4.011e+02 40 2 4 2.874e+02 3.006e+02 122 2 1 3.563e+02 3.577e+02 14 2 2 4.174e+02 4.226e+02 48 2 3 3.067e+02 3.233e+02 155 2 3 4.363e+02 4.457e+02 88 2 2 3.270e+02 3.450e+02 167 2 4 6.541e+02 6.899e+02 332 2 4 3.219e+02 3.501e+02 262 2 1 3.810e+02 4.170e+02 334
37287 31 0 1 5.670e+02 5.670e+02 -6 0 2 4.609e+02 4.631e+02 20 0 4 5.861e+02 5.899e+02 35 0 1 6.491e+02 6.529e+02 36 0 1 3.927e+02 4.053e+02 116 0 4 4.620e+02 4.620e+02 -18 0 1 5.191e+02 5.309e+02 110 0 2 6.274e+02 6.326e+02 49 0 1 4.257e+02 4.563e+02 284 0 3 5.182e+02 5.318e+02 126 0 2 6.154e+02 6.446e+02 270 0 2 6.717e+02 6.723e+02 6 0 3 4.263e+02 4.557e+02 272 0 2 5.377e+02 5.543e+02 154 0 4 6.157e+02 6.443e+02 266 0 1 6.412e+02 6.608e+02 182 0 1 5.503e+02 5.837e+02 310 0 4 5.707e+02 6.053e+02 321 0 4 6.546e+02 6.894e+02 323 1 4 5.847e+02 5.913e+02 62 1 2 5.694e+02 6.066e+02 346 2 3 2.100e+01 2.100e+01 -20 2 1 5.640e+02 5.700e+02 56 2 2 5.390e+02 5.530e+02 130 2 4 3.238e+02 3.482e+02 227 2 4 4.502e+02 4.738e+02 219 2 4 4.161e+01 4.239e+01 7 2 4 5.314e+02 5.606e+02 270 2 3 4.888e+01 7.712e+01 262 2 1 1.061e+01 3.139e+01 193 2 1 4.767e+01 7.833e+01 285
37288 5 0 2 2.507e+02 2.533e+02 25 0 4 2.916e+02 2.964e+02 45 0 4 4.100e+02 4.300e+02 186 0 4 1.913e+02 2.287e+02 346 0 3 4.246e+02 4.574e+02 305
37290 2 2 3 4.791e+02 4.869e+02 72 2 4 4.438e+02 4.802e+02 337
37291 22 0 3 6.506e+02 6.514e+02 8 0 1 1.408e+02 1.532e+02 116 0 1 3.941e+02 4.039e+02 90 0 2 1.123e+02 1.397e+02 255 0 2 6.175e+02 6.425e+02 231 0 4 1.516e+02 1.844e+02 306 0 2 6.720e+02 6.720e+02 0 0 1 2.172e+02 2.448e+02 257 0 4 6.720e+02 6.720e+02 -1 0 1 6.479e+02 6.541e+02 58 0 1 6.411e+02 6.609e+02 184 1 2 6.300e+02 6.300e+02 -14 1 4 6.179e+02 6.421e+02 225 1 1 5.991e+02 6.189e+02 184 2 3 2.299e+02 2.321e+02 20 2 3 6.190e+01 6.410e+01 20 2 3 9.676e+01 1.132e+02 153 2 2 2.514e+02 2.526e+02 11 2 3 2.707e+02 2.753e+02 43 2 4 1.142e+02 1.378e+02 219 2 4 2.034e+02 2.166e+02 123 2 4 2.795e+02 3.085e+02 270
37292 5 0 4 6.534e+02 6.906e+02 345 1 2 5.820e+02 5.940e+02 110 1 3 5.975e+02 6.205e+02 213 1 4 5.751e+02 6.009e+02 240 2 2 2.929e+02 2.951e+02 20
37294 6 0 2 6.482e+02 6.958e+02 441 2 2 3.407e+01 4.993e+01 147 2 4 6.525e+02 6.915e+02 362 2 4 6.028e+01 1.077e+02 440 2 2 1.858e+02 2.342e+02 449 2 3 7.975e+01 1.302e+02 469
37297 5 0 1 6.345e+02 6.675e+02 307 2 4 3.506e+01 4.894e+01 129 2 1 1.617e+01 2.583e+01 90 2 3 1.379e+01 2.821e+01 134 2 2 3.085e+01 5.315e+01 207
37298 21 0 4 1.417e+02 1.943e+02 488 0 2 5.206e+02 5.714e+02 471 0 4 2.255e+02 2.785e+02 493 0 2 6.056e+02 6.544e+02 453 0 2 6.464e+02 6.976e+02 476 0 4 6.046e+02 6.554e+02 472 0 4 6.477e+02 6.963e+02 450 2 4 3.771e+02 3.789e+02 17 2 1 4.403e+02 4.417e+02 14 2 1 1.720e+01 2.480e+01 70 2 1 3.850e+02 4.130e+02 260 2 2 3.592e+02 3.968e+02 349 2 3 3.882e+02 4.098e+02 200 2 4 6.037e+01 1.076e+02 439 2 2 1.438e+02 1.922e+02 450 2 1 4.250e+02 4.570e+02 297 2 2 2.703e+02 3.177e+02 440 2 2 4.007e+02 4.393e+02 359 2 1 -3.439e+00 4.544e+01 454 2 2 6.086e+01 1.071e+02 430 2 1 1.638e+02 2.142e+02 467
37299 5 1 3 3.119e+02 3.181e+02 57 2 2 3.798e+01 4.602e+01 75 2 3 8.501e+00 3.350e+01 232 2 4 2.412e+01 5.988e+01 332 2 1 4.314e+01 8.286e+01 369
37300 12 0 1 5.948e+02 6.232e+02 263 1 2 2.520e+02 2.520e+02 -1 1 1 2.177e+02 2.443e+02 246 2 2 3.780e+02 3.780e+02 -11 2 1 3.990e+02 3.990e+02 -3 2 4 1.254e+02 1.266e+02 11 2 4 3.663e+02 3.897e+02 218 2 4 3.582e+01 4.818e+01 115 2 3 3.445e+02 3.695e+02 233 2 1 5.732e+01 6.868e+01 106 2 2 3.259e+01 5.141e+01 175 2 3 4.987e+01 7.613e+01 244
37301 8 0 2 6.703e+02 6.737e+02 31 0 4 5.773e+02 5.987e+02 198 0 4 6.708e+02 6.732e+02 22 0 1 5.983e+02 6.197e+02 198 0 3 6.328e+02 6.692e+02 339 0 3 5.976e+02 6.204e+02 212 0 1 6.322e+02 6.698e+02 349 1 4 6.240e+02 6.360e+02 112
37302 8 0 1 6.510e+02 6.510e+02 -14 0 3 6.494e+02 6.526e+02 30 0 4 6.586e+02 6.854e+02 249 0 2 6.547e+02 6.893e+02 322 2 2 8.254e+01 8.546e+01 27 2 4 8.164e+01 8.636e+01 44 2 3 4.570e+01 8.030e+01 321 2 4 6.661e+01 1.014e+02 323
37303 5 0 2 6.300e+02 6.300e+02 -17 0 4 6.300e+02 6.300e+02 -18 0 1 6.498e+02 6.522e+02 23 0 3 6.481e+02 6.539e+02 53 0 2 6.587e+02 6.853e+02 246
37304 22 0 1 6.090e+02 6.090e+02 -1 0 4 6.720e+02 6.720e+02 -4 0 2 4.604e+02 4.636e+02 29 0 1 6.505e+02 6.515e+02 10 0 3 2.618e+00 3.938e+01 341 0 1 4.335e+02 4.485e+02 140 0 4 4.582e+02 4.658e+02 71 0 3 6.465e+02 6.555e+02 83 0 3 4.728e+02 4.932e+02 190 0 4 6.069e+02 6.531e+02 430 0 2 6.670e+02 6.770e+02 93 0 2 4.478e+02 4.762e+02 263 0 4 6.620e+02 6.820e+02 186 0 1 4.657e+02 5.003e+02 320 0 1 6.363e+02 6.657e+02 273 0 4 4.400e+02 4.840e+02 409 0 2 6.525e+02 6.915e+02 362 2 3 1.752e+01 2.448e+01 65 2 2 4.148e+01 4.252e+01 10 2 4 3.870e+01 4.530e+01 61 2 3 5.153e+01 7.447e+01 213 2 1 3.517e+00 3.848e+01 325
37305 24 0 2 6.280e+02 6.320e+02 38 0 2 3.769e+02 3.791e+02 20 0 4 6.713e+02 6.727e+02 12 0 3 6.052e+02 6.128e+02 70 0 4 3.739e+02 3.821e+02 76 0 2 4.976e+02 5.104e+02 120 0 4 6.230e+02 6.370e+02 130 0 3 6.427e+02 6.593e+02 154 0 4 4.985e+02 5.095e+02 102 0 4 6.112e+02 6.488e+02 349 0 2 6.582e+02 6.858e+02 257 0 2 4.867e+02 5.213e+02 322 0 3 6.293e+02 6.727e+02 404 0 1 4.648e+02 5.012e+02 339 0 3 4.609e+02 5.051e+02 410 2 1 1.859e+01 2.341e+01 45 2 2 4.611e+02 4.629e+02 16 2 2 3.623e+01 4.777e+01 107 2 4 4.618e+02 4.622e+02 3 2 3 2.634e+02 2.826e+02 178 2 3 1.272e+00 4.073e+01 366 2 3 4.648e+02 5.012e+02 337 2 4 2.757e+02 3.123e+02 340 2 4 2.124e+01 6.276e+01 386
37307 9 0 4 4.610e+02 4.630e+02 18 0 3 5.665e+02 5.675e+02 10 0 1 6.050e+02 6.130e+02 75 0 3 6.037e+02 6.143e+02 99 0 1 5.458e+02 5.882e+02 394 0 4 5.749e+02 6.011e+02 244 0 1 6.296e+02 6.724e+02 398 0 3 5.491e+02 5.849e+02 332 1 4 6.150e+02 6.450e+02 279
37308 27 0 4 6.223e+02 6.377e+02 143 0 3 6.409e+02 6.611e+02 187 0 3 8.362e+01 1.264e+02 397 0 3 4.648e+02 5.012e+02 337 0 4 2.560e+01 5.840e+01 305 0 2 6.102e+02 6.498e+02 368 0 4 1.866e+02 2.334e+02 436 0 2 6.617e+02 6.823e+02 191 0 3 -2.046e+00 4.405e+01 428 0 4 4.402e+02 4.838e+02 406 0 4 6.092e+02 6.508e+02 386 0 4 6.624e+02 6.816e+02 178 0 1 6.322e+02 6.698e+02 350 1 1 5.561e+02 5.779e+02 203 1 1 5.989e+02 6.191e+02 188 1 3 5.977e+02 6.203e+02 210 1 2 6.159e+02 6.441e+02 262 1 4 6.203e+02 6.397e+02 180 2 1 5.592e+02 5.748e+02 145 2 3 2.203e+02 2.417e+02 198 2 1 2.629e+02 2.831e+02 188 2 4 3.574e+01 4.826e+01 116 2 4 1.121e+02 1.399e+02 258 2 2 2.417e+02 2.623e+02 191 2 4 3.098e+02 3.622e+02 486 2 4 2.317e+01 6.083e+01 350 2 4 1.961e+02 2.239e+02 258
37309 6 2 4 1.661e+02 1.699e+02 35 2 1 1.936e+01 2.264e+01 30 2 2 8.074e+01 8.726e+01 60 2 3 7.825e+00 3.418e+01 245 2 3 4.803e+01 7.797e+01 278 2 3 1.738e+02 2.042e+02 283
37313 15 0 4 6.271e+02 6.329e+02 54 0 3 6.506e+02 6.514e+02 8 0 1 6.032e+02 6.148e+02 107 0 2 6.715e+02 6.725e+02 9 0 3 5.944e+02 6.236e+02 270 0 4 6.713e+02 6.727e+02 14 0 2 6.200e+02 6.400e+02 186 0 1 6.471e+02 6.549e+02 72 0 4 6.587e+02 6.853e+02 246 0 2 6.586e+02 6.854e+02 250 1 2 5.851e+02 5.909e+02 53 1 2 5.676e+02 6.084e+02 378 2 2 3.744e+01 4.656e+01 85 2 4 3.699e+01 4.701e+01 93 2 3 4.830e+01 7.770e+01 273
37314 8 0 2 6.648e+02 6.792e+02 134 0 4 6.608e+02 6.832e+02 208 0 1 6.350e+02 6.670e+02 298 2 3 1.017e+02 1.083e+02 61 2 4 1.221e+02 1.299e+02 72 2 4 2.824e+02 3.056e+02 215 2 1 3.096e+02 3.204e+02 100 2 3 2.974e+02 3.326e+02 327
