52237 8 1 3 6.043e+02 6.137e+02 87 1 4 5.837e+02 5.923e+02 80 1 4 6.219e+02 6.381e+02 150 1 1 5.986e+02 6.194e+02 194 1 3 5.979e+02 6.201e+02 206 1 2 6.198e+02 6.402e+02 190 1 2 6.105e+02 6.495e+02 363 2 2 2.765e+02 3.115e+02 325
52238 21 0 2 2.924e+02 2.956e+02 30 0 2 6.697e+02 6.743e+02 42 0 4 3.284e+02 3.436e+02 140 0 4 6.677e+02 6.763e+02 80 0 4 2.873e+02 3.007e+02 125 0 1 2.620e+02 2.840e+02 204 0 1 6.381e+02 6.639e+02 239 0 1 3.010e+02 3.290e+02 260 1 3 6.090e+02 6.090e+02 0 1 4 6.223e+02 6.377e+02 142 1 2 5.756e+02 6.004e+02 230 1 2 6.108e+02 6.492e+02 356 2 4 2.509e+02 2.531e+02 21 2 4 7.922e+01 8.878e+01 89 2 2 2.077e+02 2.123e+02 43 2 4 4.176e+02 4.224e+02 44 2 3 1.008e+02 1.092e+02 78 2 4 6.570e+02 6.870e+02 279 2 3 1.786e+02 1.994e+02 194 2 4 1.956e+02 2.244e+02 267 2 2 1.069e+02 1.451e+02 356
52239 0
52240 0
52241 10 0 1 6.333e+02 6.687e+02 329 0 3 4.631e+02 5.029e+02 370 0 1 5.903e+02 6.277e+02 347 0 3 6.331e+02 6.689e+02 333 0 2 4.402e+02 4.838e+02 406 0 3 5.915e+02 6.265e+02 325 0 2 6.540e+02 6.900e+02 335 0 4 6.504e+02 6.936e+02 401 2 4 2.355e+02 2.685e+02 307 2 4 3.594e+02 3.966e+02 346
52242 4 0 2 3.960e+01 4.440e+01 45 0 4 4.200e+01 4.200e+01 -15 0 1 6.435e+00 3.557e+01 270 0 3 4.775e+00 3.722e+01 301
52243 14 0 1 6.510e+02 6.510e+02 -14 0 4 3.762e+02 3.798e+02 33 0 2 4.999e+02 5.081e+02 76 0 4 3.694e+02 3.866e+02 160 0 3 5.217e+02 5.283e+02 62 0 4 5.039e+02 5.041e+02 2 0 1 5.151e+02 5.349e+02 185 0 3 6.444e+02 6.576e+02 123 1 2 5.380e+02 5.540e+02 149 1 4 5.732e+02 6.028e+02 276 1 1 6.006e+02 6.174e+02 156 2 4 5.460e+02 5.460e+02 -20 2 3 3.990e+02 3.990e+02 -3 2 4 5.312e+02 5.608e+02 276
52244 13 0 1 5.659e+02 5.681e+02 20 0 1 3.059e+02 3.241e+02 170 0 3 5.648e+02 5.692e+02 41 0 2 3.258e+02 3.462e+02 189 0 4 6.211e+02 6.389e+02 166 0 4 3.260e+02 3.460e+02 186 0 4 5.715e+02 6.045e+02 306 1 2 5.459e+02 5.461e+02 1 1 2 6.266e+02 6.334e+02 63 1 1 5.172e+02 5.328e+02 146 1 4 6.272e+02 6.328e+02 52 1 1 5.978e+02 6.202e+02 208 1 3 5.923e+02 6.257e+02 310
52245 4 2 4 3.357e+02 3.363e+02 5 2 2 8.132e+01 8.668e+01 50 2 1 2.295e+02 2.325e+02 28 2 3 5.714e+01 6.886e+01 109
52246 2 3 1 6.077e+02 6.103e+02 25 3 1 9.057e+01 1.194e+02 268
52247 2 2 4 6.561e+02 6.879e+02 296 3 1 3.870e+02 4.110e+02 223
52248 11 2 1 3.147e+02 3.153e+02 6 2 4 8.254e+01 8.546e+01 27 2 4 2.459e+02 2.581e+02 114 2 2 3.309e+02 3.411e+02 94 2 2 1.238e+02 1.282e+02 41 2 2 2.364e+02 2.676e+02 289 2 1 2.586e+02 2.874e+02 268 2 4 7.679e+01 9.121e+01 134 2 3 2.113e+02 2.507e+02 366 2 3 2.540e+02 2.920e+02 353 2 2 6.939e+01 9.861e+01 271
52249 8 0 4 6.223e+02 6.377e+02 142 0 4 6.699e+02 6.741e+02 40 0 2 6.589e+02 6.851e+02 243 0 3 6.324e+02 6.696e+02 345 2 2 8.146e+01 8.654e+01 47 2 4 8.231e+01 8.569e+01 31 2 3 2.712e+00 3.929e+01 340 2 3 8.635e+01 1.236e+02 346
52250 4 2 3 1.036e+02 1.064e+02 26 2 2 8.186e+01 8.614e+01 40 2 3 5.068e+01 7.532e+01 229 2 4 7.033e+01 9.767e+01 254
52251 19 0 1 6.452e+02 6.568e+02 108 0 4 3.235e+02 3.485e+02 232 0 3 5.641e+02 5.699e+02 54 0 4 5.800e+02 5.960e+02 148 0 3 6.481e+02 6.539e+02 53 0 2 6.212e+02 6.388e+02 163 0 2 6.651e+02 6.789e+02 129 0 4 4.077e+02 4.323e+02 229 0 4 6.607e+02 6.833e+02 210 0 4 6.554e+02 6.886e+02 308 2 3 5.956e+01 6.644e+01 64 2 3 1.505e+01 2.695e+01 110 2 4 1.481e+02 1.879e+02 370 2 1 5.099e+02 5.401e+02 281 2 2 3.924e+01 4.476e+01 51 2 4 3.888e+01 4.512e+01 58 2 1 8.275e+00 3.372e+01 236 2 2 2.779e+01 5.621e+01 264 2 4 3.156e+01 5.244e+01 194
52252 27 0 4 4.195e+02 4.205e+02 10 0 3 6.510e+02 6.510e+02 0 0 4 4.961e+02 5.119e+02 147 0 2 6.146e+02 6.454e+02 286 0 4 6.643e+02 6.797e+02 142 0 2 6.595e+02 6.845e+02 233 0 4 6.573e+02 6.867e+02 274 0 1 6.373e+02 6.647e+02 254 1 1 4.635e+02 5.025e+02 363 2 1 2.721e+02 2.739e+02 16 2 4 2.090e+02 2.110e+02 18 2 4 6.289e+02 6.311e+02 21 2 3 3.554e+02 3.586e+02 30 2 4 6.708e+02 6.732e+02 23 2 2 3.403e+01 4.997e+01 148 2 3 4.397e+02 4.423e+02 24 2 2 2.490e+02 2.550e+02 56 2 2 3.771e+02 3.789e+02 16 2 4 4.106e+02 4.294e+02 176 2 1 5.267e+00 3.673e+01 292 2 2 4.495e+02 4.745e+02 231 2 3 2.234e+02 2.386e+02 141 2 2 6.142e+02 6.458e+02 294 2 4 3.227e+02 3.493e+02 247 2 3 6.400e+02 6.620e+02 204 2 2 3.598e+02 3.962e+02 339 3 3 1.303e+01 2.897e+01 148
52253 7 0 2 4.554e+02 4.686e+02 123 0 2 6.211e+02 6.389e+02 166 0 3 6.415e+02 6.605e+02 176 0 4 6.176e+02 6.424e+02 230 0 2 6.645e+02 6.795e+02 139 0 1 5.851e+02 6.329e+02 443 0 1 6.393e+02 6.627e+02 218
52255 5 0 3 5.654e+02 5.686e+02 30 0 4 5.829e+02 5.931e+02 96 0 2 5.390e+02 5.530e+02 130 0 1 5.146e+02 5.354e+02 193 0 2 5.327e+02 5.593e+02 247
52256 6 0 3 2.596e+02 2.864e+02 249 1 1 5.648e+02 5.692e+02 40 1 2 6.281e+02 6.319e+02 35 1 3 6.018e+02 6.162e+02 133 2 4 7.168e+01 9.632e+01 229 3 3 6.266e+01 6.334e+01 6
52257 7 0 3 6.503e+02 6.517e+02 14 1 2 5.880e+02 5.880e+02 -1 1 4 5.818e+02 5.942e+02 116 1 3 5.514e+02 5.826e+02 290 2 2 3.754e+02 3.806e+02 49 2 4 3.748e+02 3.812e+02 60 2 4 3.606e+02 3.954e+02 324
52259 4 2 4 1.674e+02 1.686e+02 10 2 3 1.765e+02 2.015e+02 233 2 2 1.928e+02 2.272e+02 320 2 2 1.531e+02 1.829e+02 277
52260 23 0 4 6.291e+02 6.309e+02 17 0 2 5.440e+02 5.480e+02 36 0 4 5.863e+02 5.897e+02 31 0 2 6.699e+02 6.741e+02 40 0 1 5.569e+02 5.771e+02 188 0 2 6.292e+02 6.308e+02 15 0 4 6.705e+02 6.735e+02 28 0 3 5.510e+02 5.830e+02 296 0 1 5.920e+02 6.260e+02 316 0 1 6.417e+02 6.603e+02 173 0 1 5.102e+02 5.398e+02 275 0 3 5.906e+02 6.274e+02 341 0 3 6.324e+02 6.696e+02 346 0 4 6.560e+02 6.880e+02 297 1 2 6.294e+02 6.306e+02 11 1 2 6.156e+02 6.444e+02 268 1 4 6.115e+02 6.485e+02 344 2 3 1.033e+02 1.067e+02 32 2 4 8.209e+01 8.591e+01 36 2 4 5.836e+02 5.924e+02 81 2 1 6.021e+02 6.159e+02 128 2 3 5.974e+02 6.206e+02 216 2 2 5.760e+02 6.000e+02 222
52261 1 0 1 4.304e+02 4.516e+02 197
52263 21 0 2 6.300e+02 6.300e+02 -10 0 2 3.779e+02 3.781e+02 2 0 4 3.719e+02 3.841e+02 114 0 3 5.552e+02 5.788e+02 219 0 1 3.425e+02 3.715e+02 270 0 2 6.613e+02 6.827e+02 200 0 3 3.811e+02 4.169e+02 332 0 1 5.506e+02 5.834e+02 305 0 4 6.611e+02 6.829e+02 202 0 1 6.277e+02 6.743e+02 432 2 2 3.704e+01 4.696e+01 92 2 1 9.039e+00 3.296e+01 222 2 4 2.045e+02 2.155e+02 101 2 4 6.582e+02 6.858e+02 256 2 3 1.254e+01 2.946e+01 157 2 1 1.299e+02 1.641e+02 317 2 4 2.775e+01 5.625e+01 265 2 2 1.013e+02 1.507e+02 459 2 4 1.457e+02 1.903e+02 414 2 3 4.839e+01 7.761e+01 271 2 4 1.043e+02 1.477e+02 403
52264 52 0 3 4.410e+02 4.410e+02 -17 0 1 2.310e+02 2.310e+02 -23 0 4 4.620e+02 4.620e+02 -0 0 2 5.460e+02 5.460e+02 -14 0 1 6.090e+02 6.090e+02 -19 0 4 2.043e+02 2.157e+02 106 0 3 6.503e+02 6.517e+02 12 0 1 3.911e+02 4.069e+02 146 0 1 2.224e+02 2.396e+02 160 0 2 4.555e+02 4.685e+02 121 0 2 2.412e+02 2.628e+02 200 0 3 5.627e+02 5.713e+02 80 0 3 6.067e+02 6.113e+02 42 0 2 1.974e+02 2.226e+02 234 0 2 6.720e+02 6.720e+02 -17 0 1 4.273e+02 4.547e+02 255 0 2 4.489e+02 4.751e+02 243 0 3 5.152e+02 5.348e+02 181 0 2 6.297e+02 6.303e+02 6 0 3 4.295e+02 4.525e+02 213 0 1 5.595e+02 5.745e+02 140 0 4 6.268e+02 6.332e+02 60 0 1 3.809e+02 4.171e+02 336 0 1 5.111e+02 5.389e+02 258 0 4 5.857e+02 5.903e+02 42 0 1 5.501e+02 5.839e+02 315 0 2 6.191e+02 6.409e+02 202 0 3 5.501e+02 5.839e+02 314 0 1 5.940e+02 6.240e+02 278 1 1 6.086e+02 6.094e+02 7 1 2 2.915e+02 2.965e+02 46 1 4 5.037e+02 5.043e+02 5 1 2 5.871e+02 5.889e+02 17 1 3 6.090e+02 6.090e+02 -11 1 3 5.197e+02 5.303e+02 98 1 4 5.802e+02 5.958e+02 146 1 2 6.300e+02 6.300e+02 -12 1 1 5.527e+02 5.813e+02 265 2 3 6.279e+01 6.321e+01 4 2 3 1.464e+02 1.476e+02 10 2 4 6.237e+02 6.363e+02 116 2 3 2.061e+01 2.139e+01 7 2 3 6.483e+02 6.537e+02 50 2 2 7.087e+01 9.713e+01 244 2 3 6.419e+02 6.601e+02 170 2 2 1.515e+02 1.845e+02 307 2 4 3.533e+01 4.867e+01 124 2 4 1.532e+02 1.828e+02 275 2 1 5.454e+01 7.146e+01 157 2 2 2.954e+01 5.446e+01 231 2 3 4.965e+01 7.635e+01 248 3 4 1.556e+02 1.804e+02 230
52265 0
52266 5 0 4 5.837e+02 5.923e+02 80 0 4 6.670e+02 6.770e+02 93 2 2 4.049e+01 4.351e+01 28 2 2 3.031e+01 5.369e+01 217 2 4 2.286e+01 6.114e+01 356
52267 15 0 3 6.510e+02 6.510e+02 -20 2 4 3.359e+02 3.361e+02 1 2 4 1.669e+02 1.691e+02 21 2 3 3.121e+02 3.179e+02 55 2 3 5.182e+02 5.318e+02 126 2 4 8.245e+01 8.555e+01 29 2 4 6.678e+02 6.762e+02 79 2 3 1.404e+02 1.536e+02 122 2 2 4.945e+02 5.135e+02 177 2 3 1.010e+02 1.090e+02 75 2 2 6.551e+02 6.889e+02 315 2 1 1.337e+02 1.603e+02 247 2 4 4.878e+02 5.202e+02 301 2 4 3.162e+02 3.558e+02 368 2 2 1.552e+02 1.808e+02 238
52271 1 2 4 8.285e+01 8.515e+01 21
52276 3 0 3 5.628e+02 5.712e+02 79 0 1 5.563e+02 5.777e+02 199 0 2 5.341e+02 5.579e+02 221
52277 0
52278 16 0 1 3.960e+02 4.020e+02 56 0 1 4.759e+02 4.901e+02 132 0 1 5.206e+02 5.294e+02 81 0 1 6.026e+02 6.154e+02 120 0 3 3.966e+02 4.014e+02 44 0 3 3.900e+02 4.080e+02 166 2 3 1.046e+02 1.054e+02 8 2 2 4.108e+01 4.292e+01 17 2 2 1.221e+02 1.299e+02 73 2 4 3.798e+01 4.602e+01 75 2 2 7.944e+01 8.856e+01 85 2 1 5.548e+01 7.052e+01 140 2 4 7.662e+01 9.138e+01 137 2 3 1.366e+01 2.834e+01 136 3 3 3.899e+02 4.081e+02 169 3 3 3.847e+02 4.133e+02 266
52279 5 2 4 2.452e+02 2.588e+02 126 2 1 1.855e+01 2.345e+01 46 2 4 6.605e+02 6.835e+02 213 2 4 1.926e+02 2.274e+02 324 2 4 2.332e+02 2.708e+02 350
