39873 28 0 1 1.862e+02 1.918e+02 51 0 4 2.075e+02 2.125e+02 46 0 3 1.739e+02 2.041e+02 280 0 2 1.979e+02 2.221e+02 224 0 1 5.661e+02 5.679e+02 17 0 1 3.927e+02 4.053e+02 117 0 3 5.639e+02 5.701e+02 58 0 1 5.996e+02 6.184e+02 174 0 3 6.436e+02 6.584e+02 137 0 3 5.989e+02 6.191e+02 188 0 2 6.596e+02 6.844e+02 230 0 4 6.632e+02 6.808e+02 164 0 1 6.345e+02 6.675e+02 306 0 2 6.541e+02 6.899e+02 332 0 4 6.541e+02 6.899e+02 332 1 3 6.060e+02 6.120e+02 56 1 2 4.609e+02 4.631e+02 21 1 2 4.475e+02 4.765e+02 270 1 1 6.036e+02 6.144e+02 100 1 2 5.728e+02 6.032e+02 282 1 4 6.151e+02 6.449e+02 277 1 4 5.769e+02 5.991e+02 206 2 4 2.461e+02 2.579e+02 110 2 2 2.435e+02 2.605e+02 157 2 1 1.191e+01 3.009e+01 169 2 3 2.163e+02 2.457e+02 272 2 3 -3.301e+00 4.530e+01 451 2 1 -5.368e+00 4.737e+01 490
39874 0
39879 15 0 2 5.436e+02 5.484e+02 45 0 3 6.500e+02 6.520e+02 19 0 4 4.585e+02 4.655e+02 66 0 1 5.230e+02 5.270e+02 38 0 4 6.599e+02 6.841e+02 225 0 3 5.128e+02 5.372e+02 227 0 2 6.126e+02 6.474e+02 323 0 3 6.322e+02 6.698e+02 349 0 2 5.312e+02 5.608e+02 275 0 4 6.095e+02 6.505e+02 380 0 3 5.495e+02 5.845e+02 325 1 4 6.281e+02 6.319e+02 35 1 4 5.708e+02 6.052e+02 320 2 4 2.328e+02 2.712e+02 357 2 4 2.749e+02 3.131e+02 354
39880 12 0 4 6.279e+02 6.321e+02 39 0 2 6.258e+02 6.342e+02 79 0 2 6.712e+02 6.728e+02 16 0 1 5.982e+02 6.198e+02 201 0 3 5.937e+02 6.243e+02 284 0 2 6.554e+02 6.886e+02 309 1 4 3.619e+02 3.941e+02 300 2 4 2.015e+02 2.185e+02 157 2 1 4.146e+00 3.785e+01 313 2 3 1.777e+02 2.003e+02 210 2 4 1.924e+02 2.276e+02 327 3 1 1.940e+01 2.260e+01 30
39882 10 0 2 3.605e+01 4.795e+01 110 0 3 4.393e+02 4.427e+02 31 0 1 6.069e+02 6.111e+02 39 0 3 6.072e+02 6.108e+02 33 0 4 4.478e+02 4.762e+02 264 0 4 5.788e+02 5.972e+02 170 0 4 6.559e+02 6.881e+02 300 0 1 4.219e+02 4.601e+02 354 0 1 6.000e+02 6.180e+02 168 0 3 5.948e+02 6.232e+02 264
39883 5 0 2 6.172e+02 6.428e+02 238 0 1 6.439e+02 6.581e+02 132 0 4 4.971e+02 5.109e+02 129 0 4 6.144e+02 6.456e+02 290 1 2 6.300e+02 6.300e+02 -24
39884 1 0 4 2.710e+02 3.170e+02 428
39886 1 1 4 6.051e+02 6.549e+02 463
39887 27 0 1 6.490e+02 6.530e+02 36 0 3 5.230e+02 5.270e+02 38 0 3 6.460e+02 6.560e+02 92 0 2 4.964e+02 5.116e+02 141 0 1 5.142e+02 5.358e+02 200 0 4 6.572e+02 6.868e+02 276 0 2 4.896e+02 5.184e+02 268 0 2 6.553e+02 6.887e+02 310 0 4 4.853e+02 5.227e+02 346 1 1 6.033e+02 6.147e+02 106 1 2 6.254e+02 6.346e+02 86 1 4 6.228e+02 6.372e+02 134 2 1 6.284e+01 6.316e+01 3 2 3 3.980e+02 4.000e+02 19 2 2 8.209e+01 8.591e+01 36 2 4 3.252e+02 3.468e+02 201 2 4 3.731e+01 4.669e+01 87 2 2 1.247e+02 1.273e+02 24 2 3 3.482e+02 3.658e+02 164 2 3 5.925e+01 6.675e+01 70 2 3 9.775e+01 1.123e+02 135 2 1 1.303e+02 1.637e+02 310 2 2 2.786e+02 3.094e+02 286 2 2 3.233e+02 3.487e+02 236 2 4 2.698e+01 5.702e+01 279 2 4 6.567e+01 1.023e+02 340 2 2 2.618e+01 5.782e+01 294
39889 10 2 4 4.589e+02 4.651e+02 58 2 1 1.621e+01 2.579e+01 89 2 3 4.797e+02 4.863e+02 60 2 3 1.353e+02 1.587e+02 216 2 3 1.613e+01 2.587e+01 90 2 1 4.709e+02 4.951e+02 224 2 2 1.621e+02 1.739e+02 110 2 2 4.884e+02 5.196e+02 289 2 4 1.574e+02 1.786e+02 196 2 1 1.298e+02 1.642e+02 320
39890 15 0 4 4.200e+02 4.200e+02 -20 0 1 1.839e+02 1.941e+02 96 0 2 2.086e+02 2.114e+02 26 0 1 3.909e+02 4.071e+02 150 0 4 1.976e+02 2.224e+02 230 0 2 6.277e+02 6.323e+02 43 0 3 2.159e+02 2.461e+02 280 0 1 6.323e+02 6.697e+02 348 0 2 3.605e+02 3.955e+02 325 0 1 5.499e+02 5.841e+02 317 0 4 6.230e+02 6.370e+02 130 0 3 6.378e+02 6.642e+02 245 0 3 6.009e+02 6.171e+02 150 0 4 5.722e+02 6.038e+02 293 1 4 6.286e+02 6.314e+02 26
39891 1 0 3 4.712e+02 4.948e+02 220
39892 0
39894 6 1 3 6.090e+02 6.090e+02 -2 1 1 5.173e+02 5.327e+02 143 1 4 5.737e+02 6.023e+02 266 1 1 5.982e+02 6.198e+02 201 1 3 5.499e+02 5.841e+02 317 1 2 6.148e+02 6.452e+02 282
39899 3 0 3 6.068e+02 6.112e+02 41 0 4 6.249e+02 6.351e+02 94 0 1 6.003e+02 6.177e+02 161
39900 14 0 4 6.263e+02 6.337e+02 70 0 4 3.660e+02 3.900e+02 223 0 4 6.142e+02 6.458e+02 294 0 4 6.579e+02 6.861e+02 262 0 3 6.326e+02 6.694e+02 341 2 3 1.022e+02 1.078e+02 51 2 4 2.918e+02 2.962e+02 40 2 4 1.243e+02 1.277e+02 31 2 1 3.113e+02 3.187e+02 69 2 1 4.889e+01 7.711e+01 262 2 2 7.626e+01 9.174e+01 144 2 2 2.767e+02 3.113e+02 322 2 3 5.158e+01 7.442e+01 212 2 4 7.657e+01 9.143e+01 138
39901 6 0 4 3.780e+02 3.780e+02 -10 0 3 3.967e+02 4.013e+02 42 0 1 3.536e+02 3.604e+02 63 0 4 4.200e+02 4.200e+02 -11 2 1 1.240e+01 2.960e+01 160 2 3 4.503e+00 3.750e+01 306
39902 1 1 1 2.100e+01 2.100e+01 -4
39904 8 0 2 2.888e+02 2.992e+02 96 0 1 3.043e+02 3.257e+02 199 0 4 3.170e+02 3.550e+02 353 0 1 2.566e+02 2.894e+02 304 1 3 5.250e+02 5.250e+02 -5 1 1 5.190e+02 5.310e+02 111 1 4 5.331e+02 5.589e+02 239 1 2 4.860e+02 5.220e+02 335
39908 12 0 4 6.285e+02 6.315e+02 28 0 2 6.666e+02 6.774e+02 100 0 1 5.993e+02 6.187e+02 180 0 1 6.459e+02 6.561e+02 95 0 3 6.408e+02 6.612e+02 189 0 4 6.632e+02 6.808e+02 164 1 3 6.082e+02 6.098e+02 16 1 4 6.169e+02 6.431e+02 243 2 4 7.617e+01 9.183e+01 146 2 2 1.192e+02 1.328e+02 127 2 1 1.313e+02 1.627e+02 292 2 2 7.181e+01 9.619e+01 226
39910 3 0 2 5.418e+02 5.502e+02 78 0 3 5.467e+02 5.873e+02 376 1 1 5.051e+02 5.449e+02 370
39911 0
39912 0
39913 10 0 1 6.420e+02 6.600e+02 168 0 3 9.156e+01 1.184e+02 250 0 4 4.941e+02 5.139e+02 185 0 3 6.417e+02 6.603e+02 172 0 4 4.529e+02 4.711e+02 169 0 2 6.544e+02 6.896e+02 327 0 4 4.878e+02 5.202e+02 301 0 4 6.501e+02 6.939e+02 407 0 4 4.816e+02 5.264e+02 416 3 1 1.922e+01 2.278e+01 33
39914 0
39919 16 0 2 6.720e+02 6.720e+02 -0 0 2 6.205e+02 6.395e+02 177 0 4 6.720e+02 6.720e+02 -18 0 3 6.503e+02 6.517e+02 13 0 3 6.384e+02 6.636e+02 235 0 2 6.555e+02 6.885e+02 307 1 2 6.286e+02 6.314e+02 26 1 3 5.923e+02 6.257e+02 310 2 4 8.400e+01 8.400e+01 -20 2 4 5.448e+02 5.472e+02 23 2 4 2.053e+02 2.147e+02 87 2 1 2.300e+02 2.320e+02 18 2 2 2.009e+02 2.191e+02 170 2 3 2.161e+02 2.459e+02 276 3 1 4.819e+02 4.841e+02 21 3 1 4.726e+02 4.934e+02 193
39921 16 0 1 6.479e+02 6.541e+02 58 0 1 4.830e+02 4.830e+02 -3 0 2 2.904e+02 2.976e+02 67 0 2 6.714e+02 6.726e+02 11 0 4 3.677e+02 3.883e+02 192 0 3 4.808e+02 4.852e+02 40 0 4 4.902e+02 5.178e+02 256 0 2 4.859e+02 5.221e+02 336 1 3 5.670e+02 5.670e+02 -14 1 2 6.203e+02 6.397e+02 180 1 2 5.776e+02 5.984e+02 193 1 4 6.195e+02 6.405e+02 195 2 3 1.914e+01 2.286e+01 35 2 1 5.907e+01 6.693e+01 73 2 2 3.686e+01 4.714e+01 96 2 3 2.487e+00 3.951e+01 344
39923 10 0 1 6.491e+02 6.529e+02 35 0 3 6.489e+02 6.531e+02 39 0 3 5.547e+02 5.793e+02 229 0 1 5.951e+02 6.229e+02 258 0 4 6.584e+02 6.856e+02 253 0 2 4.884e+02 5.196e+02 290 0 3 5.162e+02 5.338e+02 164 0 2 6.111e+02 6.489e+02 350 0 1 5.545e+02 5.795e+02 232 0 1 5.089e+02 5.411e+02 299
39924 0
39925 9 0 1 6.496e+02 6.524e+02 26 0 1 5.250e+02 5.250e+02 -24 0 3 6.485e+02 6.535e+02 46 0 3 5.213e+02 5.287e+02 68 0 2 6.168e+02 6.432e+02 245 0 4 6.629e+02 6.811e+02 170 0 2 5.308e+02 5.612e+02 282 0 4 6.140e+02 6.460e+02 296 0 2 6.619e+02 6.821e+02 188
