40808 7 0 1 2.970e+02 3.330e+02 334 1 4 6.299e+02 6.301e+02 2 1 2 5.866e+02 5.894e+02 26 1 4 6.202e+02 6.398e+02 181 1 4 6.136e+02 6.464e+02 304 2 2 3.753e+01 4.647e+01 83 2 2 6.702e+02 6.738e+02 34
40809 10 1 4 5.427e+02 5.493e+02 62 1 3 5.659e+02 5.681e+02 20 1 3 5.569e+02 5.771e+02 188 1 2 6.123e+02 6.477e+02 328 2 1 1.890e+02 1.890e+02 -20 2 4 8.400e+01 8.400e+01 -13 2 2 3.183e+01 5.217e+01 189 2 1 1.061e+01 3.139e+01 193 2 2 1.540e+02 1.820e+02 260 2 4 1.983e+02 2.217e+02 217
40810 2 0 4 6.538e+02 6.902e+02 337 1 4 4.862e+02 5.218e+02 331
40811 2 0 4 5.807e+02 5.953e+02 136 0 3 5.965e+02 6.215e+02 231
40812 2 0 2 5.222e+02 5.698e+02 441 2 2 4.372e+02 4.868e+02 460
40813 7 1 3 5.640e+02 5.700e+02 56 1 3 3.567e+02 3.573e+02 6 1 4 5.862e+02 5.898e+02 34 1 2 5.382e+02 5.538e+02 146 1 2 5.698e+02 6.062e+02 338 2 1 4.381e+02 4.439e+02 54 3 3 6.284e+01 6.316e+01 3
40814 7 0 2 6.713e+02 6.727e+02 14 0 4 6.258e+02 6.342e+02 79 0 4 6.688e+02 6.752e+02 60 0 2 6.242e+02 6.358e+02 108 0 4 5.699e+02 6.061e+02 336 2 2 1.111e+02 1.409e+02 276 2 4 1.139e+02 1.381e+02 225
40815 21 0 4 6.288e+02 6.312e+02 22 0 1 6.082e+01 6.518e+01 40 0 3 6.030e+02 6.150e+02 112 0 3 8.590e+01 1.241e+02 355 0 1 5.938e+02 6.242e+02 282 0 4 6.687e+02 6.753e+02 60 0 3 6.476e+02 6.544e+02 63 0 2 6.685e+02 6.755e+02 66 1 2 6.294e+02 6.306e+02 10 2 2 4.200e+01 4.200e+01 -23 2 4 2.920e+02 2.960e+02 38 2 3 3.547e+02 3.593e+02 42 2 4 3.462e+01 4.938e+01 137 2 3 3.093e+02 3.207e+02 106 2 2 3.751e+02 3.809e+02 54 2 3 6.886e+00 3.511e+01 262 2 2 3.290e+02 3.430e+02 130 2 1 4.996e+01 7.604e+01 242 2 4 3.280e+02 3.440e+02 148 2 1 3.116e+00 3.888e+01 332 2 2 3.577e+02 3.983e+02 376
40816 1 2 4 4.186e+02 4.214e+02 26
40817 17 0 1 6.090e+02 6.090e+02 -5 0 3 6.087e+02 6.093e+02 6 0 2 6.661e+02 6.779e+02 110 0 1 5.090e+02 5.410e+02 296 0 3 4.260e+01 8.340e+01 379 0 4 6.144e+02 6.456e+02 290 0 4 6.409e+01 1.039e+02 370 0 4 6.626e+02 6.814e+02 174 0 1 2.756e+00 3.924e+01 339 0 1 5.035e+02 5.465e+02 400 0 2 6.139e+02 6.461e+02 299 0 2 6.573e+02 6.867e+02 273 0 4 6.553e+02 6.887e+02 310 0 2 6.483e+02 6.957e+02 440 2 1 1.671e+01 2.529e+01 80 2 1 1.285e+02 1.655e+02 344 2 3 1.306e+02 1.634e+02 306
40819 0
40820 0
40821 15 0 1 6.504e+02 6.516e+02 11 0 1 5.658e+02 5.682e+02 23 0 2 5.412e+02 5.508e+02 90 0 4 5.825e+02 5.935e+02 102 0 3 5.585e+02 5.755e+02 158 0 1 5.133e+02 5.367e+02 218 0 3 5.096e+02 5.404e+02 286 1 2 6.123e+02 6.477e+02 328 2 1 1.819e+01 2.381e+01 52 2 1 1.443e+02 1.497e+02 50 2 3 2.100e+01 2.100e+01 -4 2 4 1.167e+02 1.353e+02 173 2 3 1.417e+02 1.523e+02 99 2 2 2.663e+01 5.737e+01 286 2 2 1.067e+02 1.453e+02 359
40822 0
40823 0
40824 0
40825 3 2 4 2.830e+02 3.050e+02 205 2 4 3.214e+02 3.506e+02 270 2 4 1.062e+02 1.458e+02 367
40826 0
40827 16 0 1 3.150e+02 3.150e+02 -14 0 1 6.491e+02 6.529e+02 36 0 4 6.688e+02 6.752e+02 59 0 2 6.645e+02 6.795e+02 140 1 3 6.069e+02 6.111e+02 40 1 2 5.730e+02 6.030e+02 279 1 4 6.144e+02 6.456e+02 290 1 1 5.514e+02 5.826e+02 290 2 3 1.963e+01 2.237e+01 26 2 3 4.808e+02 4.852e+02 40 2 1 1.339e+01 2.861e+01 141 2 4 4.581e+02 4.659e+02 73 2 2 4.912e+02 5.168e+02 238 2 4 2.739e+01 5.661e+01 271 3 1 1.994e+01 2.206e+01 20 3 2 3.847e+01 4.553e+01 66
40829 2 2 3 1.155e+01 3.045e+01 176 2 2 2.734e+01 5.666e+01 272
40831 1 1 1 2.208e+02 2.412e+02 190
40833 14 1 2 6.299e+02 6.301e+02 1 1 1 5.930e+02 6.250e+02 297 2 4 5.021e+02 5.059e+02 36 2 2 3.376e+01 5.024e+01 153 2 4 5.391e+02 5.529e+02 129 2 2 1.142e+02 1.378e+02 219 2 4 4.871e+02 5.209e+02 313 2 4 1.602e+02 1.758e+02 145 2 1 2.146e+02 2.474e+02 306 2 2 2.793e+02 3.087e+02 273 2 3 3.418e+02 3.722e+02 282 2 2 1.518e+02 1.842e+02 301 2 4 2.810e+02 3.070e+02 241 2 1 1.735e+02 2.045e+02 288
40834 10 0 4 5.876e+02 5.884e+02 7 0 4 3.331e+02 3.389e+02 54 0 3 5.995e+02 6.185e+02 176 0 2 3.222e+02 3.498e+02 256 0 1 5.948e+02 6.232e+02 263 2 3 3.114e+02 3.186e+02 67 2 3 1.231e+01 2.969e+01 161 2 2 2.981e+01 5.419e+01 226 2 4 3.021e+01 5.379e+01 219 2 1 5.401e+00 3.660e+01 290
40835 0
40836 17 0 3 4.377e+02 4.443e+02 62 0 2 4.610e+02 4.630e+02 19 0 1 2.677e+02 2.783e+02 99 0 2 6.636e+02 6.804e+02 156 0 2 1.669e+02 1.691e+02 21 0 4 4.133e+02 4.267e+02 124 0 4 2.085e+02 2.115e+02 28 0 1 5.926e+02 6.254e+02 304 0 4 6.699e+02 6.741e+02 39 0 3 5.919e+02 6.261e+02 318 2 1 2.017e+01 2.183e+01 16 2 4 3.659e+01 4.741e+01 100 2 1 1.050e+02 1.050e+02 -14 2 1 1.465e+01 2.735e+01 118 2 4 1.208e+02 1.312e+02 96 2 1 4.732e+00 3.727e+01 302 2 3 3.338e+00 3.866e+01 328
40837 0
40838 16 0 2 6.696e+02 6.744e+02 44 0 1 5.987e+02 6.193e+02 192 0 4 6.672e+02 6.768e+02 89 0 3 5.974e+02 6.206e+02 216 0 1 6.411e+02 6.609e+02 183 0 4 6.071e+02 6.529e+02 426 0 2 6.591e+02 6.849e+02 239 0 4 6.596e+02 6.844e+02 230 1 1 5.842e+02 6.338e+02 461 2 2 3.775e+01 4.625e+01 79 2 4 2.430e+02 2.610e+02 166 2 3 1.182e+01 3.018e+01 170 2 3 4.520e+01 8.080e+01 330 2 2 6.840e+01 9.960e+01 290 2 1 4.309e+01 8.291e+01 370 2 4 6.409e+01 1.039e+02 370
40839 0
40841 3 2 3 2.100e+01 2.100e+01 -3 2 3 8.366e+00 3.363e+01 235 2 4 7.217e+01 9.583e+01 220
40842 50 0 4 6.300e+02 6.300e+02 0 0 3 5.670e+02 5.670e+02 -7 0 3 6.074e+02 6.106e+02 30 0 2 5.427e+02 5.493e+02 61 0 2 6.265e+02 6.335e+02 66 0 2 6.673e+02 6.767e+02 87 0 4 4.855e+02 5.225e+02 344 0 4 5.796e+02 5.964e+02 156 0 4 6.692e+02 6.748e+02 52 0 1 5.975e+02 6.205e+02 214 0 1 6.465e+02 6.555e+02 83 0 2 6.183e+02 6.417e+02 218 0 3 6.428e+02 6.592e+02 153 0 4 6.162e+02 6.438e+02 257 0 4 6.592e+02 6.848e+02 238 0 2 6.119e+02 6.481e+02 336 1 4 4.156e+02 4.244e+02 81 1 1 5.658e+02 5.682e+02 21 1 3 6.062e+02 6.118e+02 52 1 3 3.830e+02 4.150e+02 298 1 4 5.828e+02 5.932e+02 96 1 4 4.499e+02 4.741e+02 226 1 2 6.283e+02 6.317e+02 31 1 2 5.750e+02 6.010e+02 242 1 4 6.291e+02 6.309e+02 17 1 1 5.515e+02 5.825e+02 287 1 1 5.924e+02 6.256e+02 308 1 4 6.125e+02 6.475e+02 326 2 4 3.347e+02 3.373e+02 25 2 2 4.058e+01 4.342e+01 26 2 2 4.180e+02 4.220e+02 38 2 3 3.546e+02 3.594e+02 44 2 4 4.620e+02 4.620e+02 -1 2 2 3.742e+02 3.818e+02 70 2 2 5.424e+02 5.496e+02 67 2 4 3.443e+01 4.957e+01 140 2 3 4.328e+02 4.492e+02 151 2 4 1.129e+02 1.391e+02 243 2 3 4.811e+02 4.849e+02 36 2 2 3.638e+02 3.922e+02 263 2 3 5.188e+02 5.312e+02 115 2 3 7.421e+00 3.458e+01 252 2 3 5.106e+02 5.394e+02 267 2 2 1.070e+02 1.450e+02 352 2 4 4.032e+02 4.368e+02 311 2 1 1.225e+02 1.715e+02 455 2 4 4.417e+02 4.823e+02 377 2 1 4.610e+01 7.990e+01 314 2 1 2.262e+00 3.974e+01 348 3 4 3.968e+01 4.432e+01 43
