51184 11 0 2 2.501e+02 2.539e+02 35 0 3 5.662e+02 5.678e+02 16 0 4 2.513e+02 2.527e+02 14 0 3 6.501e+02 6.519e+02 16 0 1 2.253e+02 2.367e+02 106 0 3 2.209e+02 2.411e+02 187 0 4 6.576e+02 6.864e+02 268 0 2 6.533e+02 6.907e+02 348 1 2 8.276e+01 8.524e+01 23 1 3 9.578e+01 1.142e+02 171 1 1 9.578e+00 3.242e+01 212
51185 1 2 4 5.814e+02 5.946e+02 123
51186 5 0 2 6.687e+02 6.753e+02 60 0 4 6.702e+02 6.738e+02 33 0 1 6.391e+02 6.629e+02 221 0 3 6.356e+02 6.664e+02 286 1 2 6.268e+02 6.332e+02 59
51187 4 0 4 6.709e+02 6.731e+02 20 0 4 6.532e+02 6.908e+02 349 3 1 2.278e+02 2.342e+02 59 3 1 2.189e+02 2.431e+02 225
51188 0
51189 11 0 1 1.869e+02 1.911e+02 39 0 2 6.251e+02 6.349e+02 90 0 2 2.016e+02 2.184e+02 156 0 3 5.118e+02 5.382e+02 245 0 1 5.964e+02 6.216e+02 234 0 4 1.961e+02 2.239e+02 258 0 2 5.339e+02 5.581e+02 226 0 3 2.132e+02 2.488e+02 331 2 4 2.505e+02 2.535e+02 28 2 2 2.376e+02 2.664e+02 267 2 3 2.598e+02 2.862e+02 245
51191 8 2 2 1.569e+02 1.791e+02 206 2 1 4.397e+02 4.423e+02 24 2 4 1.619e+02 1.741e+02 113 2 1 1.829e+02 1.951e+02 114 2 3 1.782e+02 1.998e+02 201 3 1 1.900e+01 2.300e+01 37 3 3 2.100e+01 2.100e+01 -3 3 2 2.748e+01 5.652e+01 270
51192 0
51193 13 0 4 3.360e+02 3.360e+02 -24 0 2 3.765e+02 3.795e+02 27 0 1 6.486e+02 6.534e+02 44 0 4 3.711e+02 3.849e+02 129 0 1 3.410e+02 3.730e+02 296 0 2 6.587e+02 6.853e+02 246 0 3 3.796e+02 4.184e+02 360 1 3 5.980e+02 6.200e+02 205 1 4 6.115e+02 6.485e+02 343 2 1 1.832e+02 1.948e+02 108 2 1 2.260e+02 2.360e+02 92 2 1 3.094e+02 3.206e+02 104 2 1 2.124e+02 2.496e+02 345
51194 11 0 1 5.649e+02 5.691e+02 40 1 1 6.068e+02 6.112e+02 41 1 3 6.045e+02 6.135e+02 83 1 4 6.184e+02 6.416e+02 216 1 4 5.685e+02 6.075e+02 361 2 4 4.200e+02 4.200e+02 -13 2 3 1.867e+02 1.913e+02 42 2 4 4.565e+02 4.675e+02 102 2 1 1.733e+02 2.047e+02 291 2 2 1.983e+02 2.217e+02 217 2 4 1.919e+02 2.281e+02 336
51196 3 1 4 3.283e+02 3.437e+02 143 1 2 2.509e+02 2.531e+02 20 1 4 2.872e+02 3.008e+02 126
51197 2 0 2 6.549e+02 6.891e+02 318 0 4 6.536e+02 6.904e+02 342
51198 3 0 4 6.545e+02 6.895e+02 326 2 2 6.208e+02 6.392e+02 170 2 1 6.432e+02 6.588e+02 145
51199 15 0 2 6.245e+02 6.355e+02 101 0 1 6.440e+02 6.580e+02 130 0 4 6.266e+02 6.334e+02 63 0 4 4.113e+02 4.287e+02 161 0 4 5.749e+02 6.011e+02 244 0 3 6.393e+02 6.627e+02 217 0 3 3.859e+02 4.121e+02 243 0 1 5.938e+02 6.242e+02 282 0 2 6.588e+02 6.852e+02 245 0 4 6.574e+02 6.866e+02 271 2 4 8.052e+01 8.748e+01 65 2 4 3.574e+01 4.826e+01 116 3 4 3.312e+02 3.408e+02 90 3 1 3.069e+02 3.231e+02 150 3 3 3.106e+02 3.194e+02 82
51200 22 1 4 2.421e+02 2.619e+02 185 2 4 8.254e+01 8.546e+01 27 2 1 4.792e+02 4.868e+02 70 2 4 4.134e+02 4.266e+02 122 2 4 6.595e+02 6.845e+02 232 2 1 3.954e+02 4.026e+02 67 2 2 4.932e+02 5.148e+02 201 2 2 4.123e+02 4.277e+02 144 2 4 4.476e+02 4.764e+02 267 2 1 4.292e+02 4.528e+02 220 2 3 4.273e+02 4.547e+02 255 2 1 3.838e+02 4.142e+02 281 2 2 4.042e+02 4.358e+02 293 3 1 4.398e+02 4.422e+02 23 3 2 3.712e+02 3.848e+02 126 3 2 4.549e+02 4.691e+02 131 3 4 1.492e+02 1.868e+02 349 3 1 3.442e+02 3.698e+02 237 3 3 4.326e+02 4.494e+02 156 3 3 3.426e+02 3.714e+02 267 3 4 4.482e+02 4.758e+02 256 3 1 4.241e+02 4.579e+02 313
51202 1 1 1 5.958e+02 6.222e+02 246
51203 14 0 2 1.621e+02 1.739e+02 110 0 1 1.848e+02 1.932e+02 77 0 3 1.750e+02 2.030e+02 260 0 4 1.493e+02 1.867e+02 348 1 2 6.300e+02 6.300e+02 -0 1 2 5.707e+02 6.053e+02 321 2 1 1.854e+02 1.926e+02 66 2 4 5.455e+02 5.465e+02 9 2 4 5.027e+02 5.053e+02 25 2 3 5.641e+02 5.699e+02 54 2 4 1.547e+02 1.813e+02 246 2 2 5.790e+02 5.970e+02 166 2 4 2.717e+01 5.683e+01 276 2 1 5.882e+02 6.298e+02 386
51204 0
51207 2 0 4 7.118e+01 9.682e+01 238 1 3 6.031e+02 6.149e+02 110
51208 6 0 1 5.472e+02 5.868e+02 367 0 1 6.278e+02 6.742e+02 430 0 4 5.665e+02 6.095e+02 400 0 2 6.517e+02 6.923e+02 377 0 4 6.480e+02 6.960e+02 446 2 2 6.507e+02 6.933e+02 396
51213 6 0 1 3.533e+02 3.607e+02 70 0 4 4.152e+02 4.248e+02 90 0 4 6.162e+02 6.438e+02 256 0 3 6.398e+02 6.622e+02 209 0 1 3.921e+02 4.059e+02 128 0 3 3.816e+02 4.164e+02 324
51214 18 0 1 5.670e+02 5.670e+02 -17 0 4 6.274e+02 6.326e+02 49 0 1 2.290e+02 2.330e+02 36 0 1 6.506e+02 6.514e+02 7 0 4 5.849e+02 5.911e+02 58 0 3 6.510e+02 6.510e+02 -18 0 3 6.058e+02 6.122e+02 60 0 1 6.355e+02 6.665e+02 288 0 4 5.745e+02 6.015e+02 250 0 1 5.969e+02 6.211e+02 224 0 2 6.194e+02 6.406e+02 197 2 4 2.488e+02 2.552e+02 60 2 1 5.849e+01 6.751e+01 84 2 2 7.774e+01 9.026e+01 116 2 3 5.611e+01 6.989e+01 128 2 4 7.051e+01 9.749e+01 250 2 2 3.161e+01 5.239e+01 193 2 4 3.641e+01 4.759e+01 104
51215 8 0 2 6.698e+02 6.742e+02 40 0 4 6.701e+02 6.739e+02 36 0 1 6.328e+02 6.692e+02 338 0 3 6.328e+02 6.692e+02 337 2 2 2.492e+02 2.548e+02 52 2 1 2.012e+01 2.188e+01 16 2 4 1.553e+02 1.807e+02 236 2 4 1.924e+02 2.276e+02 326
51217 20 0 2 3.351e+02 3.369e+02 16 0 1 3.554e+02 3.586e+02 29 0 3 6.510e+02 6.510e+02 -21 0 1 5.661e+02 5.679e+02 17 0 4 3.754e+02 3.806e+02 49 0 1 6.090e+02 6.090e+02 -14 0 2 3.691e+02 3.869e+02 165 0 1 6.468e+02 6.552e+02 78 0 3 5.615e+02 5.725e+02 102 0 3 6.070e+02 6.110e+02 37 0 2 6.662e+02 6.778e+02 107 0 2 6.229e+02 6.371e+02 132 0 4 6.651e+02 6.789e+02 129 0 4 6.262e+02 6.338e+02 71 0 4 5.820e+02 5.940e+02 110 0 3 5.983e+02 6.197e+02 198 2 2 2.928e+02 2.952e+02 23 2 1 3.111e+02 3.189e+02 72 2 4 2.896e+02 2.984e+02 82 2 3 2.992e+02 3.308e+02 293
51219 13 0 4 3.238e+02 3.482e+02 227 0 3 5.862e+01 6.738e+01 81 0 2 3.204e+02 3.516e+02 289 0 1 6.510e+02 6.510e+02 -6 0 3 6.510e+02 6.510e+02 -16 0 1 6.413e+02 6.607e+02 180 0 2 6.184e+02 6.416e+02 216 0 3 6.426e+02 6.594e+02 156 1 4 6.295e+02 6.305e+02 10 1 2 6.294e+02 6.306e+02 11 1 1 3.857e+02 4.123e+02 247 1 3 5.904e+02 6.276e+02 346 2 4 5.280e+02 5.640e+02 334
51220 2 0 3 4.368e+02 4.452e+02 78 0 4 4.596e+02 4.644e+02 45
51221 4 0 4 6.203e+02 6.397e+02 180 0 2 6.182e+02 6.418e+02 220 2 3 1.008e+02 1.092e+02 78 2 2 7.549e+01 9.251e+01 158
