33442 16 0 2 6.283e+02 6.317e+02 31 0 4 6.253e+02 6.347e+02 86 0 2 3.695e+02 3.865e+02 158 0 3 3.861e+02 4.119e+02 239 0 1 2.167e+02 2.453e+02 266 0 3 5.570e+02 5.770e+02 186 0 4 3.661e+02 3.899e+02 221 0 4 6.146e+02 6.454e+02 286 0 2 2.353e+01 6.047e+01 343 0 1 6.323e+02 6.697e+02 347 0 3 2.064e+02 2.556e+02 456 0 1 3.793e+02 4.187e+02 366 0 4 1.806e+01 6.594e+01 445 0 2 5.381e+02 5.539e+02 147 0 3 6.331e+02 6.689e+02 333 0 3 3.829e+01 8.771e+01 459
33443 8 0 2 6.680e+02 6.760e+02 75 0 4 6.646e+02 6.794e+02 138 2 3 1.032e+02 1.068e+02 33 2 2 6.620e+01 1.018e+02 330 3 2 8.263e+01 8.537e+01 26 3 4 8.379e+01 8.421e+01 4 3 1 8.711e+01 1.229e+02 332 3 3 8.653e+01 1.235e+02 343
33444 48 0 4 3.334e+02 3.386e+02 48 0 1 4.764e+02 4.896e+02 123 0 3 5.225e+02 5.275e+02 46 0 4 4.997e+02 5.083e+02 80 0 1 5.630e+02 5.710e+02 74 0 4 6.572e+02 6.868e+02 275 0 3 4.700e+02 4.960e+02 241 0 2 4.927e+02 5.153e+02 210 1 2 6.205e+02 6.395e+02 176 1 2 4.038e+02 4.362e+02 300 1 3 5.484e+02 5.856e+02 346 1 4 6.141e+02 6.459e+02 296 1 2 6.104e+02 6.496e+02 364 2 3 1.918e+01 2.282e+01 34 2 2 5.439e+02 5.481e+02 40 2 1 2.274e+02 2.346e+02 66 2 4 4.185e+02 4.215e+02 28 2 4 2.929e+02 2.951e+02 20 2 4 5.032e+02 5.048e+02 15 2 3 5.880e+01 6.720e+01 78 2 3 5.151e+02 5.349e+02 185 2 2 1.246e+02 1.274e+02 26 2 3 4.402e+02 4.418e+02 16 2 3 1.860e+02 1.920e+02 56 2 2 4.600e+02 4.640e+02 37 2 4 2.005e+02 2.195e+02 177 2 4 5.337e+02 5.583e+02 229 2 4 2.972e+01 5.428e+01 228 2 4 4.014e+02 4.386e+02 346 2 2 8.065e+01 8.735e+01 62 2 1 4.785e+02 4.875e+02 83 2 2 1.573e+02 1.787e+02 198 2 2 4.853e+02 5.227e+02 348 2 3 2.241e+02 2.379e+02 129 2 2 2.799e+02 3.081e+02 262 2 1 1.128e+01 3.072e+01 180 2 4 7.123e+01 9.677e+01 237 2 4 1.523e+02 1.837e+02 292 2 2 1.925e+02 2.275e+02 326 2 2 2.789e+01 5.611e+01 262 3 1 4.389e+02 4.431e+02 40 3 1 6.022e+02 6.158e+02 127 3 3 4.407e+02 4.413e+02 6 3 1 4.706e+02 4.954e+02 230 3 2 4.563e+02 4.677e+02 106 3 3 4.668e+02 4.992e+02 301 3 4 4.612e+02 4.628e+02 15 3 4 4.421e+02 4.819e+02 370
33445 45 0 1 5.667e+02 5.673e+02 5 0 4 6.292e+02 6.308e+02 15 0 4 2.898e+02 2.982e+02 77 0 3 5.658e+02 5.682e+02 22 0 4 5.877e+02 5.883e+02 6 0 2 6.691e+02 6.749e+02 55 0 3 5.544e+02 5.796e+02 234 0 1 6.003e+02 6.177e+02 161 0 4 6.651e+02 6.789e+02 128 0 3 5.991e+02 6.189e+02 184 0 1 6.419e+02 6.601e+02 170 0 2 6.257e+02 6.343e+02 80 0 4 5.783e+02 5.977e+02 180 0 3 5.926e+02 6.254e+02 304 1 4 6.233e+02 6.367e+02 125 2 4 6.300e+02 6.300e+02 -2 2 4 2.940e+02 2.940e+02 -10 2 1 2.093e+01 2.107e+01 1 2 4 5.856e+02 5.904e+02 44 2 2 1.258e+02 1.262e+02 4 2 2 1.674e+02 1.686e+02 11 2 2 2.095e+02 2.105e+02 10 2 3 3.150e+02 3.150e+02 -4 2 3 3.550e+02 3.590e+02 37 2 3 1.828e+01 2.372e+01 50 2 2 8.400e+01 8.400e+01 -2 2 1 1.809e+02 1.971e+02 150 2 1 2.292e+02 2.328e+02 33 2 1 2.699e+02 2.761e+02 57 2 2 3.313e+02 3.407e+02 87 2 2 4.188e+01 4.212e+01 2 2 4 1.154e+02 1.366e+02 197 2 3 1.755e+02 2.025e+02 251 2 2 2.433e+02 2.607e+02 161 2 3 2.717e+02 2.743e+02 24 2 4 3.236e+02 3.484e+02 230 2 3 5.880e+01 6.720e+01 78 2 3 9.088e+01 1.191e+02 262 2 1 1.325e+02 1.615e+02 270 2 4 2.485e+02 2.555e+02 65 2 2 2.919e+02 2.961e+02 39 2 1 3.418e+02 3.722e+02 282 2 2 2.824e+01 5.576e+01 256 2 4 1.985e+02 2.215e+02 213 2 1 3.091e+02 3.209e+02 110
33446 7 0 1 5.645e+02 5.695e+02 46 0 4 5.868e+02 5.892e+02 21 0 2 6.713e+02 6.727e+02 14 0 4 6.669e+02 6.771e+02 94 0 3 5.537e+02 5.803e+02 247 0 1 6.402e+02 6.618e+02 200 0 1 6.324e+02 6.696e+02 346
33447 1 2 4 6.624e+02 6.816e+02 178
33448 16 0 2 6.284e+02 6.316e+02 30 0 2 6.720e+02 6.720e+02 -23 0 4 2.899e+02 2.981e+02 76 0 2 4.998e+02 5.082e+02 77 0 3 5.217e+02 5.283e+02 61 0 4 6.234e+02 6.366e+02 123 0 4 6.713e+02 6.727e+02 13 0 1 3.851e+02 4.129e+02 258 0 2 6.669e+02 6.771e+02 95 0 3 6.389e+02 6.631e+02 226 0 2 6.556e+02 6.884e+02 305 0 2 6.461e+02 6.979e+02 481 2 2 2.488e+02 2.552e+02 60 2 4 1.222e+02 1.298e+02 70 2 3 2.215e+02 2.405e+02 176 2 4 2.405e+02 2.635e+02 213
33449 1 3 4 4.150e+02 4.250e+02 93
33450 6 0 3 5.117e+02 5.383e+02 247 0 2 6.536e+02 6.904e+02 342 0 2 4.843e+02 5.237e+02 366 1 2 6.051e+02 6.549e+02 463 2 3 9.250e+01 1.175e+02 232 2 4 5.781e+01 1.102e+02 486
33451 10 0 4 5.880e+02 5.880e+02 -9 0 2 2.928e+01 5.472e+01 236 0 4 3.385e+01 5.015e+01 151 0 3 4.775e+00 3.722e+01 301 2 2 4.200e+01 4.200e+01 -2 2 4 4.200e+01 4.200e+01 -23 2 1 7.737e+00 3.426e+01 246 2 3 5.627e+00 3.637e+01 286 2 1 4.704e+01 7.896e+01 296 3 2 7.137e+01 9.663e+01 235
33452 60 0 3 4.410e+02 4.410e+02 -0 0 3 5.222e+02 5.278e+02 52 0 2 1.243e+02 1.277e+02 32 0 3 6.072e+02 6.108e+02 33 0 2 2.369e+02 2.671e+02 280 0 2 6.720e+02 6.720e+02 -1 0 1 8.846e+01 1.215e+02 307 0 1 4.372e+02 4.448e+02 70 0 4 1.487e+02 1.873e+02 359 0 2 5.029e+02 5.051e+02 20 0 2 5.406e+02 5.514e+02 100 0 2 6.241e+02 6.359e+02 110 0 3 6.459e+02 6.561e+02 94 0 3 3.907e+02 4.073e+02 154 0 4 4.958e+02 5.122e+02 151 0 3 5.528e+02 5.812e+02 263 0 4 6.277e+02 6.323e+02 43 0 4 6.627e+02 6.813e+02 172 0 1 4.636e+02 5.024e+02 360 0 1 5.068e+02 5.432e+02 338 0 1 6.005e+02 6.175e+02 158 0 1 6.384e+02 6.636e+02 234 1 4 5.878e+02 5.882e+02 4 1 2 4.576e+02 4.664e+02 81 1 1 6.087e+02 6.093e+02 6 1 4 5.457e+02 5.463e+02 5 1 3 6.088e+02 6.092e+02 4 1 3 5.643e+02 5.697e+02 50 1 2 6.295e+02 6.305e+02 10 1 1 5.048e+02 5.452e+02 375 1 2 5.873e+02 5.887e+02 14 1 4 6.265e+02 6.335e+02 66 1 2 5.440e+02 5.480e+02 38 1 1 5.587e+02 5.753e+02 155 1 2 5.273e+02 5.647e+02 346 2 3 2.297e+02 2.323e+02 24 2 1 2.728e+02 2.732e+02 3 2 4 3.777e+02 3.783e+02 6 2 4 4.031e+01 4.369e+01 31 2 4 1.252e+02 1.268e+02 15 2 3 1.465e+02 1.475e+02 10 2 4 2.509e+02 2.531e+02 20 2 1 6.032e+01 6.568e+01 50 2 4 8.263e+01 8.537e+01 26 2 4 2.026e+02 2.174e+02 138 2 3 2.591e+02 2.869e+02 259 2 2 3.340e+01 5.060e+01 160 2 2 1.205e+02 1.315e+02 103 2 2 2.429e+02 2.611e+02 169 2 3 5.471e+01 7.129e+01 154 2 4 6.764e+01 1.004e+02 304 2 1 2.161e+02 2.459e+02 276 2 1 -6.562e-01 4.266e+01 402 2 3 8.644e+01 1.236e+02 345 2 3 2.179e+02 2.441e+02 243 2 3 2.262e+00 3.974e+01 348 2 4 1.078e+02 1.442e+02 337 2 4 2.333e+02 2.707e+02 347 2 2 6.809e+01 9.991e+01 296 3 4 7.262e+01 9.538e+01 211
33453 0
33454 5 0 4 6.194e+02 6.406e+02 196 0 2 6.035e+02 6.565e+02 491 1 3 2.561e+02 2.899e+02 315 2 1 1.231e+01 2.969e+01 161 2 4 2.353e+01 6.047e+01 343
33455 3 1 2 6.428e+01 1.037e+02 366 2 3 3.037e+02 3.263e+02 210 2 4 3.256e+02 3.464e+02 194
33456 4 1 4 6.300e+02 6.300e+02 -8 1 3 5.599e+02 5.741e+02 131 1 2 5.322e+02 5.598e+02 256 1 4 5.289e+02 5.631e+02 317
33457 1 1 2 4.896e+02 5.184e+02 267
33458 7 0 1 2.954e+02 3.346e+02 364 1 4 5.814e+02 5.946e+02 123 2 3 1.914e+01 2.286e+01 35 2 3 9.851e+01 1.115e+02 120 2 1 1.191e+01 3.009e+01 169 2 4 2.649e+01 5.751e+01 288 2 1 5.896e+00 3.610e+01 280
33459 11 0 4 4.196e+02 4.204e+02 7 0 2 3.657e+02 3.903e+02 229 0 4 6.217e+02 6.383e+02 155 0 3 3.951e+02 4.029e+02 72 1 4 2.891e+02 2.989e+02 91 1 3 2.570e+02 2.890e+02 298 1 2 2.776e+02 3.104e+02 305 2 2 1.257e+02 1.263e+02 6 2 4 1.164e+02 1.356e+02 178 2 3 9.465e+01 1.153e+02 192 2 1 1.300e+02 1.640e+02 316
33460 2 2 4 4.055e+02 4.345e+02 270 2 3 4.294e+02 4.526e+02 215
33461 1 1 4 6.197e+02 6.403e+02 192
33465 7 0 2 6.710e+02 6.730e+02 18 0 2 4.578e+02 4.662e+02 77 0 4 6.720e+02 6.720e+02 -3 0 3 4.735e+02 4.925e+02 176 0 4 4.460e+02 4.780e+02 298 0 3 6.329e+02 6.691e+02 336 0 1 4.653e+02 5.007e+02 328
33466 0
33470 7 0 2 5.442e+02 5.478e+02 33 0 3 5.527e+02 5.813e+02 266 0 1 5.063e+02 5.437e+02 348 1 4 1.680e+02 1.680e+02 0 1 1 1.444e+02 1.496e+02 48 1 2 1.572e+02 1.788e+02 201 1 3 1.337e+02 1.603e+02 247
33471 15 0 2 6.666e+02 6.774e+02 100 0 3 4.361e+02 4.459e+02 90 0 1 3.816e+02 4.164e+02 323 0 4 3.995e+02 4.405e+02 381 2 3 3.133e+02 3.167e+02 31 2 1 6.226e+01 6.374e+01 14 2 4 8.034e+01 8.766e+01 68 2 3 5.772e+01 6.828e+01 98 2 4 3.385e+01 5.015e+01 151 2 2 2.268e+01 6.132e+01 359 3 2 5.039e+02 5.041e+02 2 3 1 4.386e+02 4.434e+02 44 3 4 4.137e+02 4.263e+02 117 3 3 4.308e+02 4.512e+02 190 3 2 4.066e+02 4.334e+02 250
33475 86 0 3 6.086e+02 6.094e+02 7 0 4 3.771e+02 3.789e+02 17 0 1 1.001e+02 1.099e+02 90 0 3 4.399e+02 4.421e+02 21 0 3 2.682e+02 2.778e+02 89 0 2 5.017e+02 5.063e+02 42 0 4 3.334e+02 3.386e+02 49 0 3 5.635e+02 5.705e+02 66 0 2 2.335e+02 2.705e+02 344 0 4 5.816e+02 5.944e+02 118 0 4 2.861e+02 3.019e+02 147 0 1 6.492e+02 6.528e+02 34 0 1 3.547e+02 3.593e+02 42 0 1 4.377e+02 4.443e+02 60 0 1 3.076e+02 3.224e+02 137 0 4 5.031e+02 5.049e+02 16 0 2 3.240e+02 3.480e+02 223 0 1 5.618e+02 5.722e+02 96 0 1 2.641e+02 2.819e+02 166 0 1 6.015e+02 6.165e+02 140 0 2 3.672e+02 3.888e+02 200 0 2 6.684e+02 6.756e+02 67 0 1 3.877e+02 4.103e+02 210 0 2 4.573e+02 4.667e+02 88 0 2 5.356e+02 5.564e+02 193 0 2 6.211e+02 6.389e+02 166 0 4 6.665e+02 6.775e+02 102 0 3 4.786e+02 4.874e+02 81 0 1 5.085e+02 5.415e+02 306 0 4 6.257e+02 6.343e+02 80 0 3 6.428e+02 6.592e+02 153 0 1 4.700e+02 4.960e+02 241 0 3 5.063e+02 5.437e+02 347 0 1 5.938e+02 6.242e+02 282 0 2 6.577e+02 6.863e+02 266 0 4 4.849e+02 5.231e+02 356 0 3 6.355e+02 6.665e+02 288 0 4 4.430e+02 4.810e+02 352 1 3 5.667e+02 5.673e+02 6 1 4 6.296e+02 6.304e+02 7 1 2 5.860e+02 5.900e+02 38 1 1 4.384e+02 4.436e+02 48 1 1 6.071e+02 6.109e+02 36 1 4 4.998e+02 5.082e+02 77 1 4 5.866e+02 5.894e+02 26 1 3 6.077e+02 6.103e+02 24 1 4 5.408e+02 5.512e+02 97 1 2 6.294e+02 6.306e+02 10 1 2 5.328e+02 5.592e+02 246 1 1 5.568e+02 5.772e+02 190 2 1 2.706e+02 2.754e+02 45 2 1 1.963e+01 2.237e+01 26 2 4 6.246e+02 6.354e+02 100 2 4 1.616e+02 1.744e+02 120 2 4 4.187e+02 4.213e+02 25 2 2 2.080e+02 2.120e+02 38 2 4 6.624e+02 6.816e+02 179 2 3 2.703e+02 2.757e+02 50 2 1 4.367e+02 4.453e+02 80 2 2 3.283e+02 3.437e+02 143 2 4 4.469e+02 4.771e+02 280 2 2 4.099e+01 4.301e+01 19 2 2 4.078e+02 4.322e+02 227 2 2 1.552e+02 1.808e+02 237 2 3 4.281e+02 4.539e+02 239 2 2 2.491e+02 2.549e+02 55 2 2 2.863e+02 3.017e+02 144 2 3 3.446e+02 3.694e+02 230 2 3 5.925e+01 6.675e+01 70 2 4 6.764e+01 1.004e+02 304 2 3 1.718e+02 2.062e+02 320 2 4 2.438e+02 2.602e+02 153 2 4 3.653e+02 3.907e+02 236 2 1 1.052e+01 3.148e+01 195 2 3 8.097e+01 1.290e+02 446 2 3 1.275e+02 1.665e+02 361 2 4 2.050e+02 2.150e+02 92 2 4 2.892e+01 5.508e+01 243 2 4 1.507e+02 1.853e+02 321 2 1 2.236e+02 2.384e+02 137 2 3 8.770e+00 3.323e+01 227 2 3 2.177e+02 2.443e+02 246 2 2 2.676e+01 5.724e+01 283 2 1 2.123e+02 2.497e+02 348 2 2 2.338e+02 2.702e+02 338 3 1 4.679e+02 4.981e+02 280
33476 7 2 4 7.998e+01 8.802e+01 75 2 2 6.255e+02 6.345e+02 84 2 1 1.523e+01 2.677e+01 107 2 1 6.404e+02 6.616e+02 197 2 4 6.190e+02 6.410e+02 204 2 3 3.561e+00 3.844e+01 324 2 3 5.920e+02 6.260e+02 316
33478 9 3 4 3.709e+02 3.851e+02 132 3 1 4.357e+02 4.463e+02 98 3 3 3.813e+02 4.167e+02 329 3 4 4.067e+02 4.333e+02 246 3 4 3.543e+02 4.017e+02 440 3 2 4.072e+02 4.328e+02 237 3 1 3.742e+02 4.238e+02 460 3 4 3.976e+02 4.424e+02 416 3 1 4.176e+02 4.644e+02 435
33479 12 0 2 5.034e+02 5.046e+02 11 0 4 4.596e+02 4.644e+02 46 0 2 6.577e+02 6.863e+02 266 0 1 4.257e+02 4.563e+02 285 0 4 4.963e+02 5.117e+02 142 0 1 5.102e+02 5.398e+02 275 0 4 6.593e+02 6.847e+02 236 0 2 4.557e+02 4.683e+02 116 0 3 5.082e+02 5.418e+02 311 2 4 1.195e+02 1.325e+02 121 2 4 1.556e+02 1.804e+02 230 2 1 8.003e+00 3.400e+01 241
33480 0
33481 0
33483 0
33486 19 0 1 5.667e+02 5.673e+02 6 0 4 5.038e+02 5.042e+02 4 0 4 3.714e+02 3.846e+02 122 0 4 5.880e+02 5.880e+02 -3 0 2 6.692e+02 6.748e+02 51 0 1 3.888e+02 4.092e+02 190 0 2 5.034e+02 5.046e+02 10 0 3 5.598e+02 5.742e+02 134 0 2 6.271e+02 6.329e+02 55 0 3 6.448e+02 6.572e+02 116 0 1 4.641e+02 5.019e+02 351 0 3 5.491e+02 5.849e+02 332 0 4 6.232e+02 6.368e+02 126 0 4 6.633e+02 6.807e+02 162 0 1 6.025e+02 6.155e+02 121 0 1 6.307e+02 6.713e+02 376 0 4 6.149e+02 6.451e+02 280 2 4 1.110e+02 1.410e+02 278 2 3 1.789e+02 1.991e+02 188
33488 21 0 3 4.606e+02 5.054e+02 416 2 2 6.267e+02 6.333e+02 62 2 4 6.218e+02 6.382e+02 152 2 1 5.918e+02 6.262e+02 319 2 3 5.947e+02 6.233e+02 266 3 2 4.197e+02 4.203e+02 6 3 1 5.235e+02 5.265e+02 27 3 4 4.167e+02 4.233e+02 61 3 3 5.202e+02 5.298e+02 89 3 1 3.809e+02 4.171e+02 336 3 4 4.492e+02 4.748e+02 238 3 1 4.806e+02 4.854e+02 44 3 3 4.241e+02 4.579e+02 313 3 3 4.783e+02 4.877e+02 88 3 2 4.452e+02 4.788e+02 312 3 2 5.010e+02 5.070e+02 56 3 1 4.221e+02 4.599e+02 351 3 4 4.988e+02 5.092e+02 96 3 2 4.925e+02 5.155e+02 214 3 1 5.065e+02 5.435e+02 344 3 3 5.056e+02 5.444e+02 360
33489 17 0 3 4.830e+02 4.830e+02 -11 0 4 6.300e+02 6.300e+02 -0 0 1 6.491e+02 6.529e+02 36 0 1 4.773e+02 4.887e+02 106 0 2 6.272e+02 6.328e+02 52 0 2 6.690e+02 6.750e+02 56 0 2 4.559e+02 4.681e+02 114 0 4 6.658e+02 6.782e+02 116 0 4 4.868e+02 5.212e+02 320 0 1 5.943e+02 6.237e+02 272 0 3 6.443e+02 6.577e+02 124 0 2 4.452e+02 4.788e+02 311 0 3 5.899e+02 6.281e+02 356 0 4 4.440e+02 4.800e+02 335 2 4 3.803e+01 4.597e+01 74 2 3 5.422e+01 7.178e+01 163 2 2 3.017e+01 5.383e+01 220
