34781 24 0 2 6.283e+02 6.317e+02 32 0 4 6.706e+02 6.734e+02 26 0 1 5.237e+02 5.263e+02 24 0 4 6.244e+02 6.356e+02 104 0 1 6.453e+02 6.567e+02 106 0 3 5.190e+02 5.310e+02 112 0 4 5.734e+02 6.026e+02 270 0 3 6.477e+02 6.543e+02 61 0 2 5.284e+02 5.636e+02 327 0 1 5.968e+02 6.212e+02 227 0 1 6.336e+02 6.684e+02 324 0 4 6.123e+02 6.477e+02 329 2 1 6.234e+01 6.366e+01 12 2 2 8.348e+01 8.452e+01 10 2 1 3.520e+02 3.620e+02 93 2 4 3.618e+01 4.782e+01 108 2 4 7.639e+01 9.161e+01 141 2 3 3.554e+02 3.586e+02 30 2 3 5.238e+01 7.362e+01 197 2 2 3.260e+02 3.460e+02 186 2 2 3.295e+01 5.105e+01 168 2 4 3.252e+02 3.468e+02 201 2 1 5.126e+01 7.474e+01 218 2 2 3.581e+02 3.979e+02 369
34782 11 0 3 3.966e+02 4.014e+02 44 0 4 4.113e+02 4.287e+02 161 0 2 6.096e+02 6.504e+02 380 1 4 6.294e+02 6.306e+02 10 2 1 1.712e+01 2.488e+01 72 2 3 1.001e+02 1.099e+02 90 2 3 1.842e+01 2.358e+01 48 2 3 1.025e+01 3.175e+01 200 2 2 1.136e+02 1.384e+02 230 2 2 2.349e+01 6.051e+01 344 2 4 1.072e+02 1.448e+02 349
34783 4 0 2 6.701e+02 6.739e+02 36 0 4 4.454e+02 4.786e+02 308 2 2 3.778e+02 3.782e+02 3 2 1 3.976e+02 4.004e+02 26
34784 14 0 1 5.245e+02 5.255e+02 9 0 4 5.872e+02 5.888e+02 15 0 2 4.998e+02 5.082e+02 77 0 3 5.583e+02 5.757e+02 161 0 3 6.024e+02 6.156e+02 123 0 4 4.891e+02 5.189e+02 276 0 1 5.155e+02 5.345e+02 176 0 3 5.191e+02 5.309e+02 110 1 4 6.287e+02 6.313e+02 25 2 3 2.259e+02 2.361e+02 94 2 3 1.402e+02 1.538e+02 126 2 2 6.898e+01 9.902e+01 279 2 4 1.973e+02 2.227e+02 236 3 4 1.256e+02 1.264e+02 7
34786 0
34787 3 1 2 6.195e+02 6.405e+02 196 1 4 6.197e+02 6.403e+02 190 2 3 5.598e+02 5.742e+02 135
34789 8 0 1 6.505e+02 6.515e+02 9 0 4 6.687e+02 6.753e+02 60 0 2 6.625e+02 6.815e+02 177 2 2 3.811e+01 4.589e+01 72 2 4 4.192e+02 4.208e+02 15 2 3 1.052e+01 3.148e+01 195 2 1 4.588e+01 8.012e+01 318 3 3 3.905e+02 4.075e+02 158
34790 14 0 2 2.826e+02 3.054e+02 212 0 4 2.784e+02 3.096e+02 289 0 4 6.716e+02 6.724e+02 7 0 1 5.239e+02 5.261e+02 20 0 3 5.176e+02 5.324e+02 137 0 2 6.540e+02 6.900e+02 335 0 2 5.291e+02 5.629e+02 315 1 1 6.074e+02 6.106e+02 30 1 2 6.258e+02 6.342e+02 77 2 4 2.514e+02 2.526e+02 11 2 4 3.915e+01 4.485e+01 53 2 3 4.588e+01 8.012e+01 318 2 2 6.504e+01 1.030e+02 352 2 3 2.576e+02 2.884e+02 286
34792 0
34794 8 0 4 3.730e+02 3.830e+02 93 0 3 6.089e+02 6.091e+02 1 0 3 6.466e+02 6.554e+02 81 0 3 4.311e+02 4.509e+02 184 0 2 6.657e+02 6.783e+02 116 0 3 3.863e+02 4.117e+02 236 0 1 6.412e+02 6.608e+02 182 0 4 6.559e+02 6.881e+02 299
34795 14 0 3 4.814e+02 4.846e+02 30 0 2 1.649e+02 1.711e+02 57 0 4 4.190e+02 4.210e+02 18 0 2 5.033e+02 5.047e+02 14 0 1 4.402e+02 4.418e+02 15 0 2 3.589e+02 3.971e+02 355 0 2 4.580e+02 4.660e+02 74 0 1 3.367e+02 3.773e+02 376 0 3 3.929e+02 4.051e+02 113 0 1 3.928e+02 4.052e+02 115 1 4 5.880e+02 5.880e+02 0 1 4 6.268e+02 6.332e+02 59 1 2 6.104e+02 6.496e+02 365 2 2 4.200e+01 4.200e+01 -3
34796 79 0 4 2.499e+02 2.541e+02 39 0 1 6.497e+02 6.523e+02 24 0 3 1.891e+01 2.309e+01 39 0 3 4.390e+02 4.430e+02 38 0 4 2.071e+02 2.129e+02 53 0 2 5.040e+02 5.040e+02 -24 0 4 2.914e+02 2.966e+02 49 0 3 5.659e+02 5.681e+02 20 0 1 3.559e+02 3.581e+02 20 0 4 5.845e+02 5.915e+02 65 0 2 2.887e+01 5.513e+01 244 0 3 6.470e+02 6.550e+02 75 0 2 1.218e+02 1.302e+02 79 0 4 4.138e+02 4.262e+02 115 0 4 3.730e+02 3.830e+02 92 0 4 5.040e+02 5.040e+02 -15 0 3 9.228e+01 1.177e+02 236 0 1 5.243e+02 5.257e+02 12 0 4 1.892e+02 2.308e+02 386 0 1 6.030e+02 6.150e+02 111 0 4 2.749e+02 3.131e+02 354 0 2 6.713e+02 6.727e+02 12 0 2 3.636e+02 3.924e+02 268 0 3 4.824e+02 4.836e+02 10 0 4 3.585e+02 3.975e+02 361 0 3 5.230e+02 5.270e+02 36 0 3 6.028e+02 6.152e+02 115 0 4 6.702e+02 6.738e+02 34 0 2 4.905e+02 5.175e+02 250 0 2 5.453e+02 5.467e+02 12 0 2 6.285e+02 6.315e+02 28 0 2 4.454e+02 4.786e+02 308 0 1 5.633e+02 5.707e+02 68 0 4 6.263e+02 6.337e+02 69 0 1 4.660e+02 5.000e+02 316 0 1 5.561e+02 5.779e+02 202 0 2 6.179e+02 6.421e+02 225 0 2 5.283e+02 5.637e+02 328 0 4 5.685e+02 6.075e+02 361 0 1 5.493e+02 5.847e+02 329 0 3 5.919e+02 6.261e+02 317 1 1 3.569e+02 3.571e+02 2 1 2 5.875e+02 5.885e+02 9 1 1 4.399e+02 4.421e+02 20 1 1 6.059e+02 6.121e+02 57 1 3 5.217e+02 5.283e+02 60 1 2 4.491e+02 4.749e+02 240 1 4 5.871e+02 5.889e+02 17 1 3 6.085e+02 6.095e+02 10 1 3 4.708e+02 4.952e+02 226 1 3 5.668e+02 5.672e+02 3 1 2 6.294e+02 6.306e+02 10 1 4 4.930e+02 5.150e+02 205 1 2 5.739e+02 6.021e+02 261 1 4 6.293e+02 6.307e+02 12 1 4 4.857e+02 5.223e+02 340 1 2 5.318e+02 5.602e+02 263 1 4 5.276e+02 5.644e+02 341 1 1 5.518e+02 5.822e+02 282 2 3 2.100e+01 2.100e+01 -21 2 4 5.436e+02 5.484e+02 44 2 3 1.012e+02 1.088e+02 71 2 2 6.292e+02 6.308e+02 15 2 4 3.746e+02 3.814e+02 63 2 2 4.158e+02 4.242e+02 78 2 1 1.348e+01 2.852e+01 140 2 3 5.647e+02 5.693e+02 42 2 2 1.212e+02 1.308e+02 89 2 2 5.855e+02 5.905e+02 46 2 4 3.320e+02 3.400e+02 74 2 2 3.129e+01 5.271e+01 199 2 4 7.132e+01 9.668e+01 236 2 1 1.301e+02 1.639e+02 315 2 4 2.765e+02 3.115e+02 326 2 4 2.806e+01 5.594e+01 259 2 4 1.089e+02 1.431e+02 318 3 4 3.987e+01 4.413e+01 40 3 3 5.647e+01 6.953e+01 121 3 2 2.815e+01 5.585e+01 257
34799 0
34800 13 0 1 5.614e+02 5.726e+02 104 0 4 5.821e+02 5.939e+02 109 0 3 5.558e+02 5.782e+02 208 1 3 5.910e+02 6.270e+02 335 1 2 6.099e+02 6.501e+02 374 2 1 1.406e+02 1.534e+02 119 2 4 1.119e+02 1.401e+02 261 2 3 1.429e+02 1.511e+02 76 2 2 1.489e+02 1.871e+02 356 3 4 3.349e+02 3.371e+02 21 3 1 3.104e+02 3.196e+02 86 3 2 3.303e+02 3.417e+02 106 3 3 2.990e+02 3.310e+02 297
34802 2 2 3 3.111e+02 3.189e+02 72 2 4 3.251e+02 3.469e+02 202
34804 28 2 2 4.185e+02 4.215e+02 27 2 3 1.875e+02 1.905e+02 28 2 3 5.239e+02 5.261e+02 21 2 4 2.097e+02 2.103e+02 6 2 3 4.319e+02 4.501e+02 169 2 3 3.532e+02 3.608e+02 71 2 4 4.043e+02 4.357e+02 292 2 1 1.416e+02 1.524e+02 100 2 4 4.458e+02 4.782e+02 300 2 4 3.218e+02 3.502e+02 263 2 3 4.631e+02 5.029e+02 369 2 4 1.648e+02 1.712e+02 59 2 3 1.367e+02 1.573e+02 191 2 2 1.569e+02 1.791e+02 206 2 1 1.768e+02 2.012e+02 227 3 1 3.990e+02 3.990e+02 -2 3 2 4.605e+02 4.635e+02 27 3 3 3.990e+02 3.990e+02 -3 3 4 4.609e+02 4.631e+02 20 3 3 2.992e+02 3.308e+02 294 3 1 4.654e+02 5.006e+02 326 3 3 4.344e+02 4.476e+02 123 3 3 4.635e+02 5.025e+02 362 3 4 4.077e+02 4.323e+02 229 3 1 4.316e+02 4.504e+02 175 3 2 4.503e+02 4.737e+02 217 3 4 4.469e+02 4.771e+02 280 3 2 4.021e+02 4.379e+02 332
34806 11 0 2 6.224e+02 6.376e+02 140 0 1 5.986e+02 6.194e+02 193 0 1 4.283e+02 4.537e+02 236 0 4 6.191e+02 6.409e+02 203 0 1 5.905e+02 6.275e+02 344 2 1 1.303e+01 2.897e+01 148 2 4 3.102e+01 5.298e+01 204 2 2 2.986e+01 5.414e+01 226 2 1 4.175e+01 8.425e+01 395 2 3 4.197e+01 8.403e+01 390 2 3 1.901e+00 4.010e+01 355
34808 38 0 3 6.275e+01 6.325e+01 5 0 4 8.400e+01 8.400e+01 -9 0 2 6.693e+02 6.747e+02 50 0 2 4.099e+01 4.301e+01 19 0 4 6.680e+02 6.760e+02 74 0 1 1.657e+01 2.543e+01 82 0 4 2.781e+02 3.099e+02 296 0 2 2.681e+02 3.199e+02 481 1 3 5.643e+02 5.697e+02 50 1 3 6.089e+02 6.091e+02 2 1 4 5.375e+02 5.545e+02 158 1 4 6.282e+02 6.318e+02 34 1 2 5.786e+02 5.974e+02 175 2 2 2.477e+02 2.563e+02 80 2 3 3.552e+02 3.588e+02 34 2 3 6.293e+01 6.307e+01 1 2 4 4.521e+02 4.719e+02 185 2 3 1.868e+02 1.912e+02 40 2 2 2.048e+02 2.152e+02 96 2 3 1.801e+01 2.399e+01 56 2 1 1.423e+02 1.517e+02 87 2 3 2.235e+02 2.385e+02 139 2 2 2.817e+02 3.063e+02 229 2 2 3.762e+01 4.638e+01 81 2 2 6.562e+01 1.024e+02 341 2 2 1.612e+02 1.748e+02 126 2 4 1.948e+02 2.252e+02 283 2 1 2.576e+02 2.884e+02 286 2 4 3.165e+01 5.235e+01 192 2 1 1.331e+02 1.609e+02 259 2 1 2.163e+02 2.457e+02 274 2 1 5.418e+01 7.182e+01 164 2 3 1.381e+02 1.559e+02 166 2 2 2.342e+02 2.698e+02 330 2 2 2.865e+01 5.535e+01 248 2 4 1.547e+02 1.813e+02 247 2 1 5.718e+00 3.628e+01 284 2 3 3.672e+01 8.928e+01 488
34809 0
34811 8 0 2 6.295e+02 6.305e+02 9 0 3 5.176e+02 5.324e+02 137 0 4 5.837e+02 5.923e+02 80 0 4 6.142e+02 6.458e+02 294 0 3 5.894e+02 6.286e+02 364 2 4 3.740e+01 4.660e+01 86 2 1 5.808e+01 6.792e+01 91 2 3 1.632e+00 4.037e+01 360
34813 26 1 2 4.194e+02 4.206e+02 11 1 2 5.880e+02 5.880e+02 -2 1 4 5.813e+02 5.947e+02 124 1 1 5.507e+02 5.833e+02 302 1 3 5.921e+02 6.259e+02 314 2 3 1.470e+02 1.470e+02 -19 2 4 5.040e+02 5.040e+02 -19 2 3 2.730e+02 2.730e+02 -24 2 4 6.233e+02 6.367e+02 125 2 4 1.656e+02 1.704e+02 46 2 3 4.237e+00 3.776e+01 311 2 3 4.830e+02 4.830e+02 -17 2 4 1.161e+02 1.359e+02 184 2 3 5.221e+02 5.279e+02 53 2 3 1.421e+02 1.519e+02 91 2 4 4.972e+02 5.108e+02 126 2 2 1.621e+02 1.739e+02 110 2 1 5.131e+02 5.369e+02 220 2 1 1.765e+02 2.015e+02 232 2 4 4.517e+02 4.723e+02 192 2 3 1.781e+02 1.999e+02 202 2 2 5.331e+02 5.589e+02 239 2 4 1.520e+02 1.840e+02 297 2 1 4.758e+02 4.902e+02 133 2 2 4.927e+02 5.153e+02 210 3 3 2.100e+01 2.100e+01 -2
34815 33 0 1 6.065e+02 6.115e+02 46 0 2 6.676e+02 6.764e+02 81 0 3 3.943e+02 4.037e+02 88 0 2 4.994e+02 5.086e+02 85 0 3 5.607e+02 5.733e+02 117 0 3 6.080e+02 6.100e+02 18 0 4 6.710e+02 6.730e+02 18 0 4 4.092e+02 4.308e+02 201 0 4 4.910e+02 5.170e+02 241 0 3 5.138e+02 5.362e+02 207 0 2 6.274e+02 6.326e+02 48 0 1 6.442e+02 6.578e+02 126 0 1 3.878e+02 4.102e+02 207 0 1 5.586e+02 5.754e+02 156 0 4 6.255e+02 6.345e+02 83 0 3 6.340e+02 6.680e+02 316 0 1 5.075e+02 5.425e+02 326 0 4 5.754e+02 6.006e+02 235 0 1 6.321e+02 6.699e+02 350 1 1 4.763e+02 4.897e+02 125 1 1 5.910e+02 6.270e+02 335 2 4 2.508e+02 2.532e+02 22 2 2 1.239e+02 1.281e+02 40 2 3 1.432e+02 1.508e+02 70 2 2 2.459e+02 2.581e+02 114 2 1 2.634e+02 2.826e+02 178 2 4 1.165e+02 1.354e+02 176 2 1 1.385e+02 1.555e+02 157 2 3 8.927e+01 1.207e+02 292 2 2 1.573e+02 1.787e+02 198 2 3 2.546e+02 2.914e+02 341 2 4 1.067e+02 1.453e+02 358 3 1 2.080e+00 3.992e+01 351
34816 42 0 4 6.294e+02 6.306e+02 11 0 1 8.905e+00 3.310e+01 225 0 4 4.132e+02 4.268e+02 126 0 1 4.315e+02 4.505e+02 176 0 3 6.328e+02 6.692e+02 337 0 1 4.170e+02 4.650e+02 446 0 3 4.142e+02 4.678e+02 497 1 4 5.874e+02 5.886e+02 11 1 1 2.217e+02 2.403e+02 173 1 3 5.590e+02 5.750e+02 148 1 4 1.942e+02 2.258e+02 293 1 2 6.180e+02 6.420e+02 222 1 3 2.186e+02 2.434e+02 230 1 4 5.358e+02 5.562e+02 190 1 2 1.854e+02 2.346e+02 457 1 2 6.117e+02 6.483e+02 340 1 3 1.633e+02 2.147e+02 478 2 4 3.360e+02 3.360e+02 0 2 4 6.287e+02 6.313e+02 25 2 3 6.289e+01 6.311e+01 2 2 3 6.493e+02 6.527e+02 31 2 4 2.930e+02 2.950e+02 19 2 2 5.023e+02 5.057e+02 32 2 1 3.530e+02 3.610e+02 75 2 4 6.584e+02 6.856e+02 252 2 1 1.949e+01 2.251e+01 28 2 4 4.915e+02 5.165e+02 231 2 2 1.252e+02 1.268e+02 16 2 3 4.673e+02 4.987e+02 291 2 3 1.848e+02 1.932e+02 77 2 2 2.036e+02 2.164e+02 119 2 3 3.117e+02 3.183e+02 60 2 2 3.269e+02 3.451e+02 170 2 2 3.901e+01 4.499e+01 56 2 3 9.358e+01 1.164e+02 212 2 1 1.389e+02 1.551e+02 150 2 3 1.626e+01 2.574e+01 88 2 4 1.098e+02 1.422e+02 301 2 4 1.518e+02 1.842e+02 300 2 1 4.969e+01 7.631e+01 247 2 1 1.704e+02 2.076e+02 346 2 4 2.546e+01 5.854e+01 307
34817 0
34819 0
34824 9 2 1 1.870e+02 1.910e+02 36 2 3 1.857e+02 1.923e+02 61 2 2 1.673e+02 1.687e+02 13 2 3 1.354e+02 1.586e+02 216 2 2 1.920e+02 2.280e+02 335 2 4 1.538e+02 1.822e+02 264 3 1 1.855e+01 2.345e+01 46 3 2 2.995e+01 5.405e+01 224 3 3 2.487e+00 3.951e+01 344
34825 23 0 2 2.924e+02 2.956e+02 29 0 1 5.243e+02 5.257e+02 13 0 2 3.747e+02 3.813e+02 61 0 3 6.505e+02 6.515e+02 10 0 4 2.885e+02 2.995e+02 101 0 3 3.925e+02 4.055e+02 121 0 4 3.710e+02 3.850e+02 130 0 3 5.233e+02 5.267e+02 31 0 1 2.565e+02 2.895e+02 307 0 4 5.824e+02 5.936e+02 104 0 1 3.427e+02 3.713e+02 266 0 2 6.699e+02 6.741e+02 40 0 2 2.741e+02 3.139e+02 370 0 4 6.151e+02 6.449e+02 276 0 4 6.720e+02 6.720e+02 -4 0 2 4.838e+02 5.242e+02 375 0 3 5.894e+02 6.286e+02 365 0 1 6.410e+02 6.610e+02 186 0 4 5.678e+02 6.082e+02 376 0 3 5.834e+02 6.346e+02 476 2 3 1.877e+02 1.903e+02 24 2 4 1.583e+02 1.777e+02 180 2 1 1.805e+02 1.975e+02 157
34827 10 2 1 6.332e+02 6.688e+02 331 3 3 4.407e+02 4.413e+02 6 3 4 4.171e+02 4.229e+02 53 3 4 4.961e+02 5.119e+02 147 3 1 4.343e+02 4.477e+02 124 3 3 5.177e+02 5.323e+02 136 3 2 4.473e+02 4.767e+02 274 3 2 5.265e+02 5.655e+02 363 3 2 4.841e+02 5.240e+02 370 3 4 4.032e+02 4.368e+02 311
34828 0
34829 6 0 1 6.493e+02 6.527e+02 32 2 2 3.950e+01 4.450e+01 46 2 4 7.738e+01 9.062e+01 123 2 4 3.879e+01 4.521e+01 60 2 3 5.144e+01 7.456e+01 215 2 1 5.849e+00 3.615e+01 281
34831 1 2 3 3.400e+02 3.740e+02 316
34832 14 0 4 5.825e+02 5.935e+02 101 0 4 4.504e+02 4.736e+02 216 1 1 5.490e+02 5.850e+02 335 2 3 4.814e+02 4.846e+02 30 2 1 1.456e+02 1.484e+02 26 2 2 1.210e+02 1.310e+02 92 2 2 1.648e+02 1.712e+02 60 2 4 1.119e+02 1.401e+02 262 2 4 1.667e+02 1.693e+02 25 2 3 8.810e+01 1.219e+02 314 2 3 1.853e+02 1.927e+02 69 2 3 1.356e+02 1.584e+02 212 2 1 1.695e+02 2.085e+02 362 2 1 1.266e+02 1.674e+02 378
34833 0
34834 0
34836 0
