53388 0
53389 6 2 2 4.614e+02 4.626e+02 10 2 3 4.341e+02 4.479e+02 129 2 1 4.800e+02 4.860e+02 56 2 3 2.562e+02 2.898e+02 311 3 1 4.779e+02 4.881e+02 96 3 2 4.525e+02 4.715e+02 176
53390 0
53391 3 0 4 5.843e+02 5.917e+02 69 0 2 6.227e+02 6.373e+02 136 1 2 6.240e+02 6.360e+02 112
53392 34 0 1 4.661e+02 4.999e+02 313 0 2 6.100e+02 6.500e+02 371 0 2 6.549e+02 6.891e+02 317 0 2 4.867e+02 5.213e+02 321 0 4 6.140e+02 6.460e+02 297 0 4 6.560e+02 6.880e+02 297 0 4 4.882e+02 5.198e+02 294 0 4 5.650e+02 6.110e+02 428 0 1 6.328e+02 6.692e+02 338 0 3 4.610e+02 5.050e+02 409 0 1 5.887e+02 6.293e+02 376 0 3 6.329e+02 6.691e+02 336 0 4 4.781e+02 5.299e+02 481 1 4 5.699e+02 6.061e+02 336 2 2 8.317e+01 8.483e+01 16 2 4 7.617e+01 9.183e+01 146 2 3 2.144e+02 2.476e+02 308 2 1 4.596e+01 8.004e+01 316 2 3 8.990e+01 1.201e+02 280 2 3 1.721e+02 2.059e+02 314 2 3 2.544e+02 2.916e+02 346 2 3 4.421e+01 8.179e+01 349 2 4 6.252e+01 1.055e+02 399 2 3 1.256e+02 1.684e+02 398 2 3 6.058e-02 4.194e+01 389 2 4 1.056e+02 1.464e+02 379 2 2 2.254e+01 6.146e+01 361 3 2 3.265e+02 3.455e+02 177 3 3 3.561e+02 3.579e+02 17 3 2 3.191e+02 3.529e+02 315 3 1 3.504e+02 3.636e+02 122 3 4 3.174e+02 3.546e+02 345 3 1 3.441e+02 3.699e+02 240 3 4 3.587e+02 3.973e+02 358
53393 0
53394 8 0 1 6.419e+02 6.601e+02 169 0 2 6.170e+02 6.430e+02 242 0 3 6.464e+02 6.556e+02 86 0 4 6.116e+02 6.484e+02 341 2 2 6.711e+02 6.729e+02 16 2 4 6.711e+02 6.729e+02 17 2 4 1.204e+02 1.316e+02 104 3 2 6.695e+02 6.745e+02 47
53395 3 0 4 6.651e+02 6.789e+02 129 0 2 6.616e+02 6.824e+02 193 1 4 2.035e+02 2.165e+02 121
53396 1 0 3 4.760e+02 4.900e+02 130
53397 9 0 2 5.421e+02 5.499e+02 73 0 4 5.760e+02 6.000e+02 222 0 3 5.527e+02 5.813e+02 266 0 3 5.977e+02 6.203e+02 210 0 1 5.931e+02 6.249e+02 295 2 2 3.829e+01 4.571e+01 69 2 3 5.624e+01 6.976e+01 126 2 1 5.404e+01 7.196e+01 166 2 1 7.195e+00 3.480e+01 256
53398 9 0 4 4.991e+02 5.089e+02 91 0 2 4.941e+02 5.139e+02 183 0 2 4.439e+02 4.801e+02 336 0 3 4.653e+02 5.007e+02 329 1 2 5.860e+02 5.900e+02 37 2 3 2.084e+01 2.116e+01 3 2 1 1.043e+01 3.157e+01 196 2 2 5.735e+02 6.025e+02 270 2 4 2.770e+01 5.630e+01 266
53399 5 0 1 5.670e+02 5.670e+02 -2 0 3 5.649e+02 5.691e+02 39 0 4 5.679e+02 6.081e+02 374 2 4 2.518e+02 2.522e+02 4 2 3 2.604e+02 2.856e+02 234
53400 0
53401 88 0 1 6.506e+02 6.514e+02 8 0 2 8.290e+01 8.510e+01 20 0 1 4.399e+02 4.421e+02 20 0 4 1.638e+02 1.722e+02 77 0 4 5.017e+02 5.063e+02 43 0 2 2.480e+02 2.560e+02 74 0 2 5.435e+02 5.485e+02 46 0 2 3.757e+02 3.803e+02 43 0 4 5.861e+02 5.899e+02 35 0 2 1.211e+02 1.309e+02 90 0 3 6.505e+02 6.515e+02 10 0 2 1.982e+02 2.218e+02 220 0 3 4.364e+02 4.456e+02 86 0 4 3.712e+02 3.848e+02 126 0 4 4.573e+02 4.667e+02 87 0 2 2.587e+01 5.813e+01 300 0 3 5.568e+02 5.772e+02 189 0 2 1.108e+02 1.412e+02 282 0 1 6.084e+02 6.096e+02 11 0 3 1.760e+02 2.020e+02 241 0 2 6.715e+02 6.725e+02 10 0 4 2.030e+02 2.170e+02 130 0 3 3.883e+02 4.097e+02 200 0 2 6.625e+01 1.017e+02 330 0 3 4.781e+02 4.879e+02 90 0 4 2.346e+02 2.694e+02 324 0 1 5.532e+02 5.808e+02 256 0 3 6.067e+02 6.113e+02 43 0 4 6.693e+02 6.747e+02 50 0 1 3.821e+02 4.159e+02 313 0 2 4.967e+02 5.113e+02 136 0 2 6.247e+02 6.353e+02 98 0 4 6.547e+02 6.893e+02 321 0 2 4.563e+02 4.677e+02 106 0 4 6.263e+02 6.337e+02 68 0 1 4.736e+02 4.924e+02 176 0 3 5.911e+02 6.269e+02 332 0 2 4.443e+02 4.797e+02 329 1 4 4.556e+02 4.684e+02 119 1 3 4.818e+02 4.842e+02 22 1 1 6.089e+02 6.091e+02 1 1 3 5.203e+02 5.297e+02 87 1 4 5.817e+02 5.943e+02 117 1 3 6.081e+02 6.099e+02 17 1 2 4.932e+02 5.148e+02 201 1 1 5.544e+02 5.796e+02 234 1 4 6.300e+02 6.300e+02 -0 1 1 5.103e+02 5.397e+02 274 1 2 5.327e+02 5.593e+02 247 1 3 5.982e+02 6.198e+02 200 1 4 6.121e+02 6.479e+02 333 2 2 8.400e+01 8.400e+01 -1 2 4 5.876e+02 5.884e+02 8 2 2 1.677e+02 1.683e+02 6 2 1 2.275e+02 2.345e+02 66 2 4 5.033e+02 5.047e+02 12 2 4 3.770e+02 3.790e+02 18 2 1 5.176e+02 5.324e+02 137 2 4 4.054e+01 4.346e+01 27 2 2 4.910e+02 5.170e+02 242 2 3 1.040e+02 1.060e+02 18 2 3 5.155e+02 5.345e+02 176 2 4 1.673e+02 1.687e+02 14 2 4 5.315e+02 5.605e+02 270 2 2 2.084e+02 2.116e+02 30 2 3 2.703e+02 2.757e+02 50 2 1 5.997e+01 6.603e+01 56 2 4 7.985e+01 8.815e+01 77 2 1 1.858e+02 1.922e+02 60 2 4 2.071e+02 2.129e+02 55 2 1 2.584e+02 2.876e+02 271 2 3 5.638e+01 6.962e+01 123 2 2 1.144e+02 1.376e+02 216 2 3 1.858e+02 1.922e+02 60 2 3 2.246e+02 2.374e+02 119 2 2 2.783e+02 3.097e+02 291 2 1 1.765e+01 2.435e+01 62 2 3 8.774e+01 1.223e+02 320 2 1 1.309e+02 1.631e+02 299 2 4 2.430e+02 2.610e+02 166 2 3 1.168e+01 3.032e+01 173 2 4 1.073e+02 1.447e+02 347 2 3 1.357e+02 1.583e+02 210 2 3 2.126e+02 2.494e+02 342 2 2 3.098e+01 5.302e+01 205 2 3 1.697e+02 2.083e+02 358 2 2 2.330e+02 2.710e+02 353 3 4 8.173e+01 8.627e+01 42
53402 13 0 1 5.575e+02 5.765e+02 176 0 4 5.824e+02 5.936e+02 105 0 3 6.476e+02 6.544e+02 64 0 2 6.226e+02 6.374e+02 137 0 2 6.600e+02 6.840e+02 222 0 3 5.556e+02 5.784e+02 212 0 4 6.183e+02 6.417e+02 217 0 4 6.586e+02 6.854e+02 249 0 1 6.362e+02 6.658e+02 275 0 3 6.314e+02 6.706e+02 365 2 2 1.561e+02 1.799e+02 221 2 3 1.803e+02 1.977e+02 162 2 3 1.299e+02 1.641e+02 317
53403 2 3 2 4.620e+02 4.620e+02 -4 3 2 4.430e+02 4.810e+02 353
53404 1 3 3 1.963e+01 2.237e+01 26
53405 0
53406 12 0 1 3.969e+02 4.011e+02 40 0 2 6.280e+02 6.320e+02 38 0 2 6.699e+02 6.741e+02 39 0 4 4.177e+02 4.223e+02 43 0 4 6.271e+02 6.329e+02 54 0 4 6.709e+02 6.731e+02 20 0 3 3.850e+02 4.130e+02 260 0 3 5.933e+02 6.247e+02 292 0 1 6.422e+02 6.598e+02 164 0 3 6.421e+02 6.599e+02 166 0 1 6.327e+02 6.693e+02 340 0 3 6.321e+02 6.699e+02 350
53407 27 0 1 6.066e+02 6.114e+02 45 0 1 1.302e+02 1.638e+02 312 2 3 1.006e+02 1.094e+02 81 2 3 4.825e+02 4.835e+02 9 2 3 1.450e+02 1.490e+02 38 2 4 5.863e+02 5.897e+02 32 2 2 2.907e+02 2.973e+02 62 2 4 5.013e+02 5.067e+02 50 2 3 3.569e+02 3.571e+02 2 2 3 5.208e+02 5.292e+02 77 2 4 2.934e+02 2.946e+02 11 2 1 5.968e+02 6.212e+02 226 2 2 3.667e+02 3.893e+02 210 2 4 4.523e+02 4.717e+02 180 2 2 1.167e+02 1.353e+02 173 2 3 5.991e+02 6.189e+02 185 2 1 3.143e+02 3.157e+02 12 2 1 4.723e+02 4.937e+02 198 2 4 3.248e+02 3.472e+02 209 2 2 6.123e+02 6.477e+02 329 2 4 6.540e+01 1.026e+02 346 2 2 4.889e+02 5.191e+02 280 2 3 2.632e+02 2.828e+02 182 2 2 5.687e+02 6.073e+02 359 2 4 1.064e+02 1.456e+02 364 2 3 3.014e+02 3.286e+02 252 2 1 2.995e+02 3.305e+02 288
53408 13 0 1 3.985e+02 3.995e+02 9 0 3 4.760e+02 4.900e+02 130 0 4 3.701e+02 3.859e+02 147 0 3 6.484e+02 6.536e+02 48 0 2 3.664e+02 3.896e+02 216 0 3 3.866e+02 4.114e+02 230 0 4 4.958e+02 5.122e+02 152 0 2 6.186e+02 6.414e+02 212 0 1 6.435e+02 6.585e+02 139 0 1 4.758e+02 4.902e+02 134 0 4 6.146e+02 6.454e+02 286 0 4 6.532e+02 6.908e+02 350 0 2 4.850e+02 5.230e+02 352
53409 3 2 2 7.940e+01 8.860e+01 86 2 4 7.899e+01 8.901e+01 93 2 3 4.471e+01 8.129e+01 340
53410 0
53411 0
53412 2 2 4 4.081e+01 4.319e+01 22 2 3 5.682e+01 6.918e+01 115
53413 10 0 3 3.987e+02 3.993e+02 6 0 4 4.138e+02 4.262e+02 116 0 3 6.387e+02 6.633e+02 228 0 2 6.089e+02 6.511e+02 392 0 4 6.573e+02 6.867e+02 272 0 4 6.052e+02 6.548e+02 461 0 1 6.374e+02 6.646e+02 253 0 2 6.519e+02 6.921e+02 373 2 1 3.113e+00 3.889e+01 332 2 3 -2.181e+00 4.418e+01 430
53414 0
53415 39 0 2 4.620e+02 4.620e+02 -4 0 1 4.321e+02 4.499e+02 166 0 3 4.719e+02 4.941e+02 206 1 3 2.303e+02 2.317e+02 12 1 2 6.233e+02 6.367e+02 124 1 2 2.392e+02 2.648e+02 237 1 4 1.916e+02 2.284e+02 342 1 1 5.894e+02 6.286e+02 365 2 1 5.663e+02 5.677e+02 12 2 3 4.383e+02 4.437e+02 50 2 2 2.430e+02 2.610e+02 166 2 3 5.250e+02 5.250e+02 -14 2 3 3.101e+02 3.199e+02 90 2 1 4.363e+02 4.457e+02 88 2 3 1.834e+02 1.946e+02 104 2 2 4.982e+02 5.098e+02 107 2 4 2.763e+02 3.117e+02 328 2 3 5.634e+02 5.706e+02 66 2 2 5.835e+02 5.925e+02 83 2 4 6.607e+02 6.833e+02 210 2 2 4.075e+02 4.325e+02 233 2 4 4.514e+02 4.726e+02 196 2 4 5.363e+02 5.557e+02 180 2 4 5.825e+02 5.935e+02 101 2 4 4.035e+02 4.365e+02 306 2 2 5.288e+02 5.632e+02 319 2 3 5.989e+02 6.191e+02 187 2 1 5.915e+02 6.265e+02 325 3 1 3.990e+02 3.990e+02 -7 3 4 4.601e+02 4.639e+02 35 3 2 3.274e+02 3.446e+02 159 3 1 3.023e+02 3.277e+02 236 3 3 3.570e+02 3.570e+02 0 3 4 4.196e+02 4.204e+02 8 3 2 3.655e+02 3.905e+02 233 3 1 4.308e+02 4.512e+02 189 3 4 3.656e+02 3.904e+02 230 3 3 3.808e+02 4.172e+02 339 3 1 3.418e+02 3.722e+02 282
53416 3 2 2 3.156e+01 5.244e+01 194 2 4 3.067e+01 5.333e+01 210 2 3 -3.483e+00 4.548e+01 455
53417 2 2 3 9.891e+00 3.211e+01 206 2 2 2.403e+01 5.997e+01 334
53418 8 0 4 6.256e+02 6.344e+02 82 0 1 6.029e+02 6.151e+02 114 0 3 5.983e+02 6.197e+02 199 0 2 6.200e+02 6.400e+02 186 0 1 5.953e+02 6.227e+02 254 1 2 5.440e+02 5.480e+02 36 1 2 5.330e+02 5.590e+02 242 1 2 5.732e+02 6.028e+02 276
