3505 0
3508 0
3509 4 0 3 6.071e+02 6.109e+02 36 0 3 4.292e+02 4.528e+02 219 0 4 4.039e+02 4.361e+02 299 2 2 7.998e+01 8.802e+01 75
3511 1 2 1 1.858e+00 4.014e+01 356
3512 14 0 1 6.510e+02 6.510e+02 -7 0 3 6.450e+02 6.570e+02 110 0 1 5.521e+02 5.819e+02 277 0 4 5.865e+02 5.895e+02 28 0 2 6.684e+02 6.756e+02 67 0 1 6.078e+02 6.102e+02 22 0 4 6.642e+02 6.798e+02 146 0 4 6.157e+02 6.443e+02 266 0 2 6.595e+02 6.845e+02 233 0 4 6.528e+02 6.912e+02 356 2 2 3.767e+01 4.633e+01 80 2 4 4.085e+01 4.315e+01 21 2 4 2.860e+01 5.540e+01 249 2 3 4.516e+01 8.084e+01 331
3513 1 1 4 8.400e+01 8.400e+01 -19
3514 7 0 1 6.504e+02 6.516e+02 10 0 4 4.614e+02 4.626e+02 11 0 3 6.491e+02 6.529e+02 35 0 2 6.546e+02 6.894e+02 323 0 4 6.569e+02 6.871e+02 280 1 1 5.915e+02 6.265e+02 325 1 2 6.111e+02 6.489e+02 351
3515 14 0 1 6.502e+02 6.518e+02 16 0 4 4.620e+02 4.620e+02 -1 0 2 5.450e+02 5.470e+02 19 0 2 4.584e+02 4.656e+02 67 0 3 5.619e+02 5.721e+02 95 0 3 6.453e+02 6.567e+02 106 0 1 4.257e+02 4.563e+02 284 0 1 5.173e+02 5.327e+02 144 0 4 6.604e+02 6.836e+02 216 0 3 4.240e+02 4.580e+02 316 0 2 5.359e+02 5.561e+02 188 0 2 6.555e+02 6.885e+02 306 0 3 5.533e+02 5.807e+02 255 0 2 5.274e+02 5.646e+02 345
3516 0
3518 12 0 2 6.720e+02 6.720e+02 -20 0 1 1.790e+02 1.990e+02 186 0 1 5.202e+02 5.298e+02 90 0 4 2.074e+02 2.126e+02 49 0 4 6.708e+02 6.732e+02 22 0 2 5.374e+02 5.546e+02 160 0 4 5.793e+02 5.967e+02 161 0 3 6.481e+02 6.539e+02 54 0 3 5.068e+02 5.432e+02 339 0 1 5.939e+02 6.241e+02 280 0 3 6.391e+02 6.629e+02 220 0 3 5.980e+02 6.200e+02 204
3519 0
3521 0
3522 9 2 2 7.993e+01 8.807e+01 76 2 4 8.043e+01 8.757e+01 66 2 1 4.731e+01 7.869e+01 291 2 3 4.632e+01 7.968e+01 310 3 1 1.005e+02 1.095e+02 84 3 3 1.012e+02 1.088e+02 70 3 2 6.840e+01 9.960e+01 290 3 1 9.263e+01 1.174e+02 230 3 4 6.732e+01 1.007e+02 310
3526 24 0 4 2.495e+02 2.545e+02 46 0 1 3.134e+02 3.166e+02 30 0 3 2.472e+02 2.988e+02 480 0 4 5.040e+02 5.040e+02 -20 0 3 5.598e+02 5.742e+02 134 0 2 6.212e+02 6.388e+02 164 0 1 5.145e+02 5.355e+02 196 0 4 6.242e+02 6.358e+02 107 0 1 6.401e+02 6.619e+02 203 0 2 6.033e+02 6.567e+02 496 0 3 6.415e+02 6.605e+02 177 1 3 5.652e+02 5.688e+02 33 1 2 5.810e+02 5.950e+02 130 1 1 6.062e+02 6.118e+02 52 1 4 6.280e+02 6.320e+02 38 2 4 8.400e+01 8.400e+01 -3 2 3 2.280e+02 2.340e+02 56 2 4 2.940e+02 2.940e+02 -21 2 4 2.480e+02 2.560e+02 75 2 3 3.140e+02 3.160e+02 19 2 1 5.315e+01 7.285e+01 183 2 1 2.643e+02 2.817e+02 162 2 3 5.319e+01 7.281e+01 182 2 2 2.881e+02 2.999e+02 110
3528 23 0 1 6.079e+02 6.101e+02 20 0 2 6.691e+02 6.749e+02 54 0 3 6.067e+02 6.113e+02 42 0 4 6.702e+02 6.738e+02 34 0 4 6.158e+02 6.442e+02 264 0 1 6.446e+02 6.574e+02 119 0 4 5.721e+02 6.039e+02 296 0 3 6.399e+02 6.621e+02 206 0 2 6.118e+02 6.482e+02 338 0 2 6.582e+02 6.858e+02 257 0 4 6.541e+02 6.899e+02 333 2 3 3.109e+02 3.191e+02 76 2 2 3.325e+02 3.395e+02 65 2 3 6.015e+01 6.585e+01 53 2 2 1.226e+02 1.294e+02 63 2 1 1.458e+02 1.482e+02 23 2 4 2.835e+02 3.045e+02 195 2 1 3.477e+02 3.663e+02 172 2 4 1.220e+02 1.300e+02 74 2 3 1.352e+02 1.588e+02 220 2 4 2.407e+01 5.993e+01 333 2 2 7.118e+01 9.682e+01 238 2 4 6.710e+01 1.009e+02 314
3529 5 0 2 5.441e+02 5.479e+02 36 0 3 4.283e+02 4.537e+02 236 0 3 5.064e+02 5.436e+02 345 0 4 4.040e+02 4.360e+02 296 0 1 5.051e+02 5.449e+02 369
3530 3 0 4 5.684e+02 6.076e+02 365 1 1 5.440e+02 5.900e+02 428 2 4 1.507e+02 1.853e+02 322
3531 2 0 2 5.444e+02 5.476e+02 29 0 2 5.282e+02 5.638e+02 331
3533 2 2 3 1.352e+02 1.588e+02 220 2 4 1.551e+02 1.809e+02 240
3534 11 0 4 6.700e+02 6.740e+02 38 0 4 7.361e+01 9.439e+01 193 0 1 4.821e+01 7.779e+01 275 0 4 6.181e+01 1.062e+02 412 0 2 6.090e+02 6.510e+02 390 1 2 6.195e+02 6.405e+02 196 1 4 6.166e+02 6.434e+02 248 1 1 5.824e+02 6.356e+02 495 2 3 2.730e+02 2.730e+02 -14 2 4 2.308e+01 6.092e+01 351 2 1 -2.046e+00 4.405e+01 428
3535 3 0 4 4.566e+02 4.674e+02 100 0 3 4.298e+02 4.522e+02 208 0 2 4.482e+02 4.758e+02 257
3536 14 0 2 2.838e+02 3.042e+02 189 1 1 5.664e+02 5.676e+02 10 1 1 6.067e+02 6.113e+02 42 1 4 2.405e+02 2.635e+02 213 1 2 6.251e+02 6.349e+02 90 1 2 4.032e+02 4.368e+02 311 1 4 2.336e+02 2.704e+02 342 2 2 2.940e+02 2.940e+02 -4 2 4 3.263e+02 3.457e+02 180 2 3 1.861e+02 1.919e+02 53 2 3 3.144e+02 3.156e+02 10 2 4 1.617e+02 1.743e+02 116 2 4 2.352e+02 2.688e+02 312 3 1 6.136e+01 6.464e+01 30
3537 14 0 2 6.234e+02 6.366e+02 122 0 1 6.441e+02 6.579e+02 129 0 3 5.988e+02 6.192e+02 190 0 3 5.533e+02 5.807e+02 255 0 2 5.315e+02 5.605e+02 269 0 4 5.637e+02 6.123e+02 451 0 2 6.499e+02 6.941e+02 410 0 1 4.993e+02 5.507e+02 477 0 4 6.482e+02 6.958e+02 441 2 4 3.372e+01 5.028e+01 154 2 1 5.122e+01 7.478e+01 219 2 2 6.611e+01 1.019e+02 332 2 2 2.277e+01 6.123e+01 357 2 3 4.476e+01 8.124e+01 339
3538 2 0 3 5.501e+02 5.839e+02 315 3 1 3.911e+02 4.069e+02 146
3539 8 0 4 5.880e+02 5.880e+02 -20 0 1 5.642e+02 5.698e+02 52 0 1 6.063e+02 6.117e+02 50 1 3 5.617e+02 5.723e+02 98 1 2 6.274e+02 6.326e+02 48 1 4 6.286e+02 6.314e+02 26 1 3 6.023e+02 6.157e+02 124 1 2 5.279e+02 5.641e+02 336
3540 21 0 3 2.697e+02 2.763e+02 62 0 2 6.707e+02 6.733e+02 25 0 2 2.369e+02 2.671e+02 281 0 4 6.680e+02 6.760e+02 75 0 4 2.855e+02 3.025e+02 158 0 1 2.561e+02 2.899e+02 314 0 1 6.330e+02 6.690e+02 334 1 2 6.179e+02 6.421e+02 226 2 1 1.464e+02 1.476e+02 10 2 2 2.087e+02 2.113e+02 25 2 4 4.146e+02 4.254e+02 100 2 3 1.644e+01 2.556e+01 85 2 4 6.583e+02 6.857e+02 254 2 4 1.211e+02 1.309e+02 91 2 4 4.075e+02 4.325e+02 233 2 3 1.406e+02 1.534e+02 119 2 3 4.304e+02 4.516e+02 197 2 3 8.792e+01 1.221e+02 317 2 3 1.766e+02 2.014e+02 230 2 4 1.963e+02 2.237e+02 255 2 1 2.156e+02 2.464e+02 286
