22493 5 0 4 6.298e+02 6.302e+02 3 0 4 5.745e+02 6.015e+02 251 0 3 5.500e+02 5.840e+02 316 0 4 6.136e+02 6.464e+02 304 1 4 6.285e+02 6.315e+02 28
22494 14 0 3 2.698e+02 2.762e+02 59 0 2 2.380e+02 2.660e+02 260 0 1 5.568e+02 5.772e+02 189 0 3 5.562e+02 5.778e+02 200 0 1 6.298e+02 6.722e+02 394 0 2 5.213e+02 5.707e+02 459 0 2 6.472e+02 6.968e+02 460 1 4 5.852e+02 5.908e+02 51 1 2 5.745e+02 6.015e+02 250 1 4 1.428e+02 1.932e+02 467 1 1 5.528e+02 5.812e+02 264 1 3 5.502e+02 5.838e+02 311 2 4 3.807e+01 4.593e+01 73 2 4 2.060e+02 2.140e+02 74
22495 9 0 1 5.667e+02 5.673e+02 6 0 3 4.410e+02 4.410e+02 -13 0 4 5.880e+02 5.880e+02 -4 0 1 5.944e+02 6.236e+02 270 0 4 4.107e+02 4.293e+02 172 0 3 5.525e+02 5.815e+02 270 2 4 3.780e+02 3.780e+02 -19 2 4 8.213e+01 8.587e+01 35 2 4 3.668e+02 3.892e+02 208
22498 4 0 4 5.836e+02 5.924e+02 82 0 1 5.482e+02 5.858e+02 350 0 3 5.900e+02 6.280e+02 353 1 4 5.028e+02 5.052e+02 22
22499 0
22500 1 1 1 6.300e+01 6.300e+01 -6
22501 1 0 3 5.614e+02 5.726e+02 105
22502 12 0 1 4.730e+02 4.930e+02 186 0 2 5.342e+02 5.578e+02 220 0 3 4.656e+02 5.004e+02 323 0 2 5.263e+02 5.657e+02 366 0 4 4.849e+02 5.231e+02 354 0 1 5.405e+02 5.935e+02 493 0 2 4.777e+02 5.303e+02 488 0 3 5.417e+02 5.923e+02 470 1 4 6.167e+02 6.433e+02 247 1 2 6.093e+02 6.507e+02 385 1 4 6.053e+02 6.547e+02 458 2 4 8.389e+01 8.411e+01 2
22503 20 0 3 6.082e+02 6.098e+02 15 0 1 3.560e+02 3.580e+02 19 0 1 4.381e+02 4.439e+02 54 0 4 1.968e+02 2.232e+02 246 0 3 5.947e+02 6.233e+02 265 0 3 5.470e+02 5.870e+02 370 0 4 5.732e+02 6.028e+02 276 1 3 2.707e+02 2.753e+02 43 1 2 5.880e+02 5.880e+02 -4 1 2 3.760e+02 3.800e+02 37 1 2 6.158e+02 6.442e+02 263 2 1 2.726e+02 2.734e+02 8 2 4 4.009e+01 4.391e+01 36 2 3 5.813e+01 6.787e+01 90 2 4 4.163e+02 4.237e+02 68 3 2 4.018e+01 4.382e+01 34 3 1 2.100e+01 2.100e+01 -0 3 1 6.127e+01 6.473e+01 32 3 3 1.568e+01 2.632e+01 99 3 1 3.473e+00 3.853e+01 326
22504 13 1 4 5.040e+02 5.040e+02 -1 2 3 4.828e+02 4.832e+02 3 2 4 8.132e+01 8.668e+01 50 2 2 2.100e+02 2.100e+02 -22 2 3 6.018e+02 6.162e+02 133 2 3 6.217e+01 6.383e+01 16 2 3 9.873e+01 1.113e+02 116 2 4 2.015e+02 2.185e+02 157 2 4 3.255e+01 5.145e+01 176 2 1 2.167e+02 2.453e+02 265 2 1 5.117e+01 7.483e+01 220 2 2 1.076e+02 1.444e+02 342 2 3 5.436e+01 7.164e+01 160
22505 85 0 3 4.830e+02 4.830e+02 -4 0 2 2.517e+02 2.523e+02 6 0 2 6.298e+02 6.302e+02 5 0 1 1.447e+02 1.493e+02 42 0 1 6.504e+02 6.516e+02 10 0 2 2.089e+02 2.111e+02 20 0 2 4.607e+02 4.633e+02 25 0 2 2.900e+02 2.980e+02 74 0 1 5.227e+02 5.273e+02 43 0 1 3.519e+02 3.621e+02 96 0 4 6.280e+02 6.320e+02 38 0 2 7.805e+01 8.995e+01 110 0 3 6.499e+02 6.521e+02 20 0 1 1.768e+02 2.012e+02 226 0 3 3.916e+02 4.064e+02 138 0 4 1.984e+02 2.216e+02 216 0 1 4.774e+02 4.886e+02 104 0 3 2.607e+02 2.853e+02 229 0 3 5.243e+02 5.257e+02 13 0 2 3.756e+02 3.804e+02 45 0 4 5.846e+02 5.914e+02 63 0 1 2.182e+02 2.438e+02 238 0 2 6.689e+02 6.751e+02 58 0 4 3.634e+02 3.926e+02 271 0 1 3.807e+02 4.173e+02 340 0 4 2.354e+02 2.686e+02 308 0 4 4.500e+02 4.740e+02 222 0 4 3.214e+02 3.506e+02 271 0 1 5.511e+02 5.829e+02 295 0 3 6.049e+02 6.131e+02 76 0 4 6.663e+02 6.777e+02 106 0 1 4.219e+02 4.601e+02 355 0 4 4.907e+02 5.173e+02 246 0 1 5.985e+02 6.195e+02 195 0 3 6.393e+02 6.627e+02 217 0 2 4.426e+02 4.814e+02 360 0 4 5.717e+02 6.043e+02 302 0 1 6.328e+02 6.692e+02 337 0 2 4.855e+02 5.225e+02 343 0 3 5.905e+02 6.275e+02 344 0 4 6.515e+02 6.925e+02 381 1 2 5.005e+02 5.075e+02 65 1 4 5.869e+02 5.891e+02 20 1 1 6.084e+02 6.096e+02 10 1 2 5.855e+02 5.905e+02 46 1 3 6.083e+02 6.097e+02 14 1 4 5.330e+02 5.590e+02 242 1 2 6.300e+02 6.300e+02 -1 1 4 4.875e+02 5.205e+02 307 1 1 5.556e+02 5.784e+02 211 1 4 6.289e+02 6.311e+02 20 2 1 2.723e+02 2.737e+02 14 2 3 1.048e+02 1.052e+02 3 2 1 4.806e+02 4.854e+02 45 2 4 2.485e+02 2.555e+02 65 2 4 6.694e+02 6.746e+02 48 2 3 2.722e+02 2.738e+02 16 2 3 4.798e+02 4.862e+02 59 2 1 3.542e+02 3.598e+02 51 2 4 3.951e+01 4.449e+01 46 2 1 3.826e+02 4.154e+02 304 2 2 2.391e+02 2.649e+02 239 2 4 4.552e+02 4.688e+02 126 2 2 2.938e+02 2.942e+02 5 2 2 4.849e+02 5.231e+02 354 2 3 3.528e+02 3.612e+02 77 2 3 6.140e+01 6.460e+01 30 2 4 1.148e+02 1.372e+02 207 2 4 2.934e+02 2.946e+02 10 2 2 3.714e+02 3.846e+02 123 2 4 3.080e+01 5.320e+01 208 2 2 6.778e+01 1.002e+02 301 2 1 3.115e+02 3.185e+02 65 2 4 3.318e+02 3.402e+02 78 2 1 5.436e+01 7.164e+01 160 2 3 8.837e+01 1.216e+02 309 2 3 3.125e+02 3.175e+02 47 2 2 3.236e+02 3.484e+02 230 2 4 2.858e+02 3.022e+02 153 2 4 3.176e+02 3.544e+02 341 2 3 2.556e+02 2.904e+02 324 2 3 3.424e+02 3.716e+02 271 2 1 2.956e+02 3.344e+02 360 3 2 4.090e+01 4.310e+01 20 3 3 1.990e+01 2.210e+01 20
22506 22 0 4 3.324e+02 3.396e+02 67 0 1 6.021e+02 6.159e+02 128 0 2 6.717e+02 6.723e+02 6 0 3 1.789e+02 1.991e+02 188 0 3 4.359e+02 4.461e+02 94 0 4 4.499e+02 4.741e+02 225 0 3 5.562e+02 5.778e+02 201 0 3 6.015e+02 6.165e+02 139 0 4 6.680e+02 6.760e+02 75 0 2 4.438e+02 4.802e+02 339 0 4 6.219e+02 6.381e+02 150 0 1 6.344e+02 6.676e+02 308 0 4 5.819e+02 5.941e+02 114 0 3 6.319e+02 6.701e+02 354 0 2 6.156e+02 6.444e+02 267 0 2 6.561e+02 6.879e+02 295 1 4 4.117e+01 4.283e+01 16 2 2 4.018e+01 4.382e+01 34 2 2 2.031e+02 2.169e+02 128 2 4 2.065e+02 2.135e+02 65 2 1 2.185e+02 2.435e+02 233 2 3 2.172e+02 2.448e+02 256
22507 13 1 3 6.158e+01 6.442e+01 26 1 1 1.128e+01 3.072e+01 180 1 1 5.561e+01 7.039e+01 137 1 4 2.519e+01 5.881e+01 312 2 1 1.922e+01 2.278e+01 33 2 3 3.955e+02 4.025e+02 65 2 2 5.444e+02 5.476e+02 29 2 2 3.709e+02 3.851e+02 132 2 1 4.403e+02 4.417e+02 12 2 3 5.602e+02 5.738e+02 127 2 3 4.390e+02 4.430e+02 38 2 2 4.490e+02 4.750e+02 242 3 1 5.853e+01 6.747e+01 83
22508 14 0 1 5.647e+02 5.693e+02 42 0 1 5.182e+02 5.318e+02 127 0 1 4.673e+02 4.987e+02 292 0 3 5.078e+02 5.422e+02 320 1 1 5.916e+02 6.264e+02 324 2 3 2.100e+01 2.100e+01 -4 2 2 3.349e+02 3.371e+02 21 2 4 4.200e+01 4.200e+01 -4 2 3 3.041e+02 3.259e+02 202 2 1 3.489e+02 3.651e+02 150 2 1 2.100e+01 2.100e+01 -0 2 4 3.200e+02 3.520e+02 296 2 1 9.935e+00 3.207e+01 206 2 3 1.208e+02 1.732e+02 486
22509 0
22510 6 0 4 6.669e+02 6.771e+02 96 0 4 5.718e+02 6.042e+02 301 0 3 5.900e+02 6.280e+02 353 0 1 5.908e+02 6.272e+02 338 1 2 6.121e+02 6.479e+02 333 1 4 6.123e+02 6.477e+02 328
22511 18 0 4 6.720e+02 6.720e+02 -11 0 2 4.981e+02 5.099e+02 110 0 4 5.761e+02 5.999e+02 220 0 1 6.422e+02 6.598e+02 164 0 4 4.946e+02 5.135e+02 176 0 1 5.071e+02 5.429e+02 333 0 1 5.987e+02 6.193e+02 190 0 2 6.659e+02 6.781e+02 113 0 3 4.744e+02 4.916e+02 160 0 3 6.010e+02 6.170e+02 148 0 4 6.586e+02 6.854e+02 249 0 1 4.663e+02 4.997e+02 310 0 3 6.353e+02 6.667e+02 292 2 4 4.567e+02 4.673e+02 99 2 3 5.219e+02 5.281e+02 57 2 3 4.768e+02 4.892e+02 115 2 4 1.932e+02 2.268e+02 311 2 1 3.663e+01 8.937e+01 490
22512 12 0 4 6.687e+02 6.753e+02 62 0 2 6.173e+02 6.427e+02 236 0 1 6.452e+02 6.568e+02 107 0 4 6.152e+02 6.448e+02 275 0 3 6.439e+02 6.581e+02 132 0 2 6.655e+02 6.785e+02 121 0 1 6.398e+02 6.622e+02 209 0 3 6.386e+02 6.634e+02 230 2 4 4.009e+01 4.391e+01 36 2 2 3.924e+01 4.476e+01 51 2 1 5.077e+01 7.523e+01 227 2 3 4.359e+01 8.241e+01 360
22513 6 0 1 6.508e+02 6.512e+02 4 0 3 6.482e+02 6.538e+02 52 0 2 6.658e+02 6.782e+02 116 0 4 6.637e+02 6.803e+02 155 0 2 6.582e+02 6.858e+02 256 2 4 8.146e+01 8.654e+01 47
22514 17 0 2 6.710e+02 6.730e+02 19 0 1 5.184e+02 5.316e+02 122 0 4 5.834e+02 5.926e+02 86 0 4 6.652e+02 6.788e+02 127 0 3 5.224e+02 5.276e+02 49 0 2 6.235e+02 6.365e+02 120 0 1 6.366e+02 6.654e+02 267 0 4 6.216e+02 6.384e+02 156 2 2 2.517e+02 2.523e+02 6 2 1 2.246e+02 2.374e+02 118 2 3 3.887e+02 4.093e+02 191 2 1 2.606e+02 2.854e+02 230 2 1 5.777e+01 6.823e+01 97 2 4 2.408e+02 2.632e+02 208 2 3 8.545e+00 3.346e+01 231 2 3 2.166e+02 2.454e+02 268 2 2 2.332e+02 2.708e+02 349
22515 70 0 4 6.274e+02 6.326e+02 48 0 4 2.453e+02 2.587e+02 125 0 1 6.081e+02 6.099e+02 17 0 2 6.708e+02 6.732e+02 23 0 3 6.032e+02 6.148e+02 108 0 4 6.685e+02 6.755e+02 66 0 2 6.199e+02 6.401e+02 188 0 1 6.436e+02 6.584e+02 138 0 2 4.840e+02 5.240e+02 372 0 1 5.969e+02 6.211e+02 224 0 2 6.603e+02 6.837e+02 217 0 4 5.714e+02 6.046e+02 308 0 3 6.313e+02 6.707e+02 366 1 2 6.294e+02 6.306e+02 11 1 1 5.238e+02 5.262e+02 22 1 3 6.047e+02 6.133e+02 80 1 3 5.229e+02 5.271e+02 40 1 2 5.767e+02 5.993e+02 210 1 1 6.024e+02 6.156e+02 122 1 4 5.691e+02 6.069e+02 350 1 4 6.188e+02 6.412e+02 207 1 1 5.487e+02 5.853e+02 340 1 1 5.917e+02 6.263e+02 321 2 1 2.698e+02 2.762e+02 59 2 3 1.870e+02 1.910e+02 37 2 1 6.056e+02 6.124e+02 63 2 2 2.483e+02 2.557e+02 68 2 3 6.475e+02 6.545e+02 65 2 4 3.748e+02 3.812e+02 59 2 1 3.922e+02 4.058e+02 126 2 1 1.541e+01 2.659e+01 104 2 2 5.361e+02 5.559e+02 184 2 2 7.706e+01 9.094e+01 129 2 3 6.052e+02 6.128e+02 71 2 1 1.446e+02 1.494e+02 46 2 4 2.472e+02 2.568e+02 89 2 3 2.650e+02 2.810e+02 149 2 3 3.835e+02 4.145e+02 288 2 1 7.155e+00 3.485e+01 257 2 1 5.567e+02 5.773e+02 191 2 4 7.913e+01 8.887e+01 90 2 4 5.785e+02 5.975e+02 177 2 4 1.621e+02 1.739e+02 110 2 4 2.043e+02 2.157e+02 106 2 4 2.820e+02 3.060e+02 223 2 4 6.142e+02 6.458e+02 293 2 3 4.184e+01 8.416e+01 393 2 1 6.421e+02 6.599e+02 165 2 4 1.112e+02 1.408e+02 276 2 2 6.127e+02 6.473e+02 321 2 1 1.815e+02 1.965e+02 140 2 2 6.612e+02 6.828e+02 200 2 1 2.224e+02 2.396e+02 159 2 2 6.966e+01 9.834e+01 266 2 1 1.756e+02 2.024e+02 250 2 3 2.216e+02 2.404e+02 175 2 4 6.926e+01 9.874e+01 274 2 2 1.492e+02 1.868e+02 349 2 2 2.369e+02 2.671e+02 280 2 3 8.927e+01 1.207e+02 292 2 3 2.133e+02 2.487e+02 329 2 2 1.866e+02 2.334e+02 434 3 1 1.031e+02 1.069e+02 35 3 1 1.446e+02 1.494e+02 44 3 1 8.851e+01 1.215e+02 306 3 1 1.761e+01 2.439e+01 63 3 3 4.893e+01 7.707e+01 261 3 3 1.447e+01 2.753e+01 121 3 2 7.410e+01 9.390e+01 184 3 3 4.775e+00 3.722e+01 301
22516 0
22517 4 0 4 4.200e+02 4.200e+02 -9 0 1 3.801e+02 4.179e+02 351 0 3 3.843e+02 4.137e+02 274 2 1 5.148e+02 5.352e+02 189
22518 0
22519 9 0 2 3.328e+02 3.392e+02 59 0 4 3.187e+02 3.533e+02 320 1 1 6.064e+02 6.116e+02 48 1 2 3.193e+02 3.527e+02 310 1 4 5.750e+02 6.010e+02 242 1 4 1.118e+02 1.402e+02 263 1 3 6.029e+02 6.151e+02 114 1 1 5.897e+02 6.283e+02 358 2 4 2.496e+02 2.544e+02 46
22520 46 0 3 4.813e+02 4.847e+02 31 0 4 2.505e+02 2.535e+02 28 0 1 5.660e+02 5.680e+02 19 0 4 3.747e+02 3.813e+02 61 0 4 6.292e+02 6.308e+02 16 0 2 3.667e+02 3.893e+02 210 0 1 6.468e+02 6.552e+02 78 0 4 5.022e+02 5.058e+02 33 0 3 5.670e+02 5.670e+02 -16 0 2 4.950e+02 5.130e+02 167 0 2 4.497e+02 4.743e+02 229 0 4 4.464e+02 4.776e+02 290 0 1 4.724e+02 4.936e+02 196 0 4 4.858e+02 5.222e+02 337 1 4 6.280e+02 6.320e+02 37 1 2 5.862e+02 5.898e+02 33 1 2 6.273e+02 6.327e+02 50 1 4 5.759e+02 6.001e+02 225 1 3 6.000e+02 6.180e+02 168 2 2 3.353e+02 3.367e+02 12 2 1 4.405e+02 4.415e+02 9 2 3 1.828e+01 2.372e+01 50 2 4 4.617e+02 4.623e+02 6 2 4 2.065e+02 2.135e+02 66 2 4 4.167e+02 4.233e+02 60 2 3 2.703e+02 2.757e+02 50 2 3 4.815e+02 4.845e+02 27 2 4 3.336e+02 3.384e+02 44 2 1 5.133e+02 5.367e+02 217 2 3 2.283e+02 2.337e+02 50 2 3 4.327e+02 4.493e+02 155 2 4 2.906e+02 2.974e+02 64 2 2 5.027e+02 5.053e+02 25 2 1 3.554e+02 3.586e+02 29 2 3 5.151e+02 5.349e+02 185 2 1 6.795e+00 3.521e+01 264 2 2 4.031e+02 4.369e+02 313 2 4 2.493e+02 2.547e+02 50 2 2 5.378e+02 5.542e+02 152 2 3 3.094e+02 3.206e+02 104 2 4 5.326e+02 5.594e+02 250 2 3 3.421e+02 3.719e+02 277 2 2 2.694e+01 5.706e+01 280 2 2 1.948e+02 2.252e+02 283 2 1 2.164e+02 2.456e+02 271 2 4 2.316e+02 2.724e+02 378
22521 0
22522 4 0 4 3.711e+02 3.849e+02 129 0 1 5.214e+02 5.286e+02 66 0 2 5.353e+02 5.567e+02 199 0 3 5.109e+02 5.391e+02 261
22523 12 1 3 6.064e+02 6.116e+02 49 2 3 6.471e+02 6.549e+02 73 2 1 6.411e+02 6.609e+02 184 2 2 6.574e+02 6.866e+02 271 2 4 6.529e+02 6.911e+02 354 3 2 4.193e+01 4.207e+01 1 3 4 4.081e+01 4.319e+01 22 3 1 9.003e+01 1.200e+02 278 3 3 9.800e+00 3.220e+01 208 3 1 5.974e+01 6.626e+01 60 3 3 5.893e+01 6.707e+01 76 3 2 7.374e+01 9.426e+01 190
22524 9 0 1 5.244e+02 5.256e+02 10 0 4 4.178e+02 4.222e+02 41 0 3 5.185e+02 5.315e+02 120 0 2 1.136e+02 1.384e+02 230 0 1 3.900e+02 4.080e+02 166 0 4 6.073e+01 1.073e+02 432 0 2 5.288e+02 5.632e+02 320 0 3 3.812e+02 4.168e+02 331 1 3 2.087e+02 2.533e+02 414
22525 4 2 4 8.352e+01 8.448e+01 9 2 3 9.811e+01 1.119e+02 128 2 2 1.145e+02 1.375e+02 213 2 4 1.101e+02 1.419e+02 296
22526 6 0 3 5.227e+02 5.273e+02 42 0 2 5.017e+02 5.063e+02 43 0 1 5.190e+02 5.310e+02 112 0 2 6.617e+02 6.823e+02 190 0 4 4.962e+02 5.118e+02 146 0 4 6.609e+02 6.831e+02 206
22528 13 0 4 2.883e+02 2.997e+02 106 0 4 6.300e+02 6.300e+02 0 0 4 1.566e+02 1.794e+02 211 0 2 6.720e+02 6.720e+02 -24 0 4 6.645e+02 6.795e+02 139 0 3 5.939e+02 6.241e+02 280 0 1 6.344e+02 6.676e+02 308 0 1 4.565e+02 5.095e+02 492 2 2 3.995e+01 4.405e+01 38 2 4 4.000e+01 4.400e+01 37 2 1 5.310e+01 7.290e+01 184 2 3 1.137e+01 3.063e+01 179 2 3 4.444e+01 8.156e+01 345
22529 6 0 2 5.422e+02 5.498e+02 71 0 3 5.577e+02 5.763e+02 173 0 1 5.552e+02 5.788e+02 219 0 1 5.073e+02 5.427e+02 328 2 3 9.416e+01 1.158e+02 201 2 2 1.039e+02 1.481e+02 411
22530 8 2 3 5.218e+02 5.282e+02 59 2 1 5.920e+01 6.680e+01 70 2 3 3.019e+02 3.281e+02 244 2 4 4.943e+02 5.137e+02 180 2 3 5.956e+01 6.644e+01 64 2 4 2.048e+01 6.352e+01 400 2 3 4.615e+02 5.045e+02 400 2 2 6.423e+01 1.038e+02 367
22532 3 1 3 5.238e+02 5.262e+02 21 1 1 5.184e+02 5.316e+02 123 1 2 4.859e+02 5.221e+02 336
22535 0
22536 13 0 4 3.345e+02 3.375e+02 27 0 1 6.087e+02 6.093e+02 6 0 1 6.467e+02 6.553e+02 80 0 4 6.270e+02 6.330e+02 56 0 2 6.684e+02 6.756e+02 67 0 3 5.986e+02 6.194e+02 193 0 4 6.645e+02 6.795e+02 140 0 2 6.106e+02 6.494e+02 360 2 3 1.428e+02 1.512e+02 79 2 1 2.935e+00 3.907e+01 336 2 2 1.092e+02 1.428e+02 312 2 3 2.935e+00 3.907e+01 336 2 4 1.115e+02 1.405e+02 269
22537 8 0 1 3.931e+02 4.049e+02 110 0 3 3.972e+02 4.008e+02 34 0 4 4.102e+02 4.298e+02 182 2 4 4.577e+02 4.663e+02 80 2 3 4.809e+02 4.851e+02 39 2 1 5.243e+01 7.357e+01 196 2 2 4.940e+02 5.140e+02 186 2 3 4.812e+01 7.788e+01 276
22538 0
22539 3 0 3 5.168e+02 5.332e+02 153 0 4 3.624e+02 3.936e+02 290 0 2 3.128e+02 3.592e+02 430
22541 10 0 1 6.455e+02 6.565e+02 102 0 3 6.443e+02 6.577e+02 124 0 4 6.586e+02 6.854e+02 248 1 2 6.162e+02 6.438e+02 256 1 4 6.148e+02 6.452e+02 281 2 4 3.246e+01 5.154e+01 177 2 1 5.355e+01 7.245e+01 176 2 3 5.247e+01 7.353e+01 196 3 1 2.079e+01 2.121e+01 4 3 3 2.057e+01 2.143e+01 8
22542 5 0 2 6.577e+02 6.863e+02 266 2 3 1.842e+01 2.358e+01 48 2 4 3.251e+01 5.149e+01 176 2 4 1.210e+02 1.310e+02 92 2 4 1.056e+02 1.464e+02 380
22544 5 1 4 6.204e+02 6.396e+02 179 2 2 2.520e+02 2.520e+02 -7 2 3 2.210e+02 2.410e+02 186 2 4 2.387e+02 2.653e+02 246 2 3 2.999e+02 3.301e+02 280
22546 0
22547 0
22550 18 0 2 3.352e+02 3.368e+02 15 0 3 3.957e+02 4.023e+02 62 0 4 3.345e+02 3.375e+02 28 0 3 4.769e+02 4.891e+02 113 0 1 3.018e+02 3.282e+02 245 0 3 3.830e+02 4.150e+02 296 0 4 3.213e+02 3.507e+02 273 0 4 4.450e+02 4.790e+02 316 1 2 1.161e+02 1.359e+02 183 2 4 5.409e+02 5.511e+02 96 2 2 1.198e+02 1.322e+02 116 2 3 1.872e+02 1.908e+02 34 2 3 5.077e+01 7.523e+01 227 2 4 6.423e+01 1.038e+02 367 2 4 1.542e+02 1.818e+02 256 2 4 2.192e+01 6.208e+01 373 2 2 1.080e+02 1.440e+02 334 2 2 1.902e+02 2.298e+02 368
