13461 8 0 2 6.598e+02 6.842e+02 227 2 2 1.258e+02 1.262e+02 4 2 4 2.490e+02 2.550e+02 56 2 4 4.143e+01 4.257e+01 10 2 4 1.253e+02 1.267e+02 12 2 3 4.592e+01 8.008e+01 317 2 1 1.308e+02 1.632e+02 301 2 3 1.307e+02 1.633e+02 303
13462 12 0 1 6.056e+02 6.124e+02 63 2 3 2.007e+01 2.193e+01 17 2 4 1.231e+02 1.289e+02 54 2 1 5.671e+00 3.633e+01 285 2 4 7.787e+01 9.013e+01 114 2 1 1.322e+02 1.618e+02 276 2 2 2.856e+01 5.544e+01 250 2 3 9.555e+01 1.145e+02 176 2 3 1.342e+02 1.598e+02 237 2 2 6.697e+01 1.010e+02 316 2 2 1.474e+02 1.886e+02 383 2 2 1.073e+02 1.447e+02 347
13463 11 0 4 6.665e+02 6.775e+02 102 0 1 6.469e+02 6.551e+02 76 0 2 6.615e+02 6.825e+02 196 2 3 1.026e+02 1.074e+02 45 2 3 1.900e+01 2.300e+01 37 2 3 5.626e+02 5.714e+02 81 2 2 2.972e+01 5.428e+01 228 2 2 5.856e+02 5.904e+02 45 2 4 6.629e+01 1.017e+02 329 2 4 5.362e+02 5.558e+02 182 2 1 5.982e+02 6.198e+02 201
13464 5 0 3 5.241e+02 5.259e+02 17 0 2 5.431e+02 5.489e+02 53 0 4 6.587e+02 6.853e+02 246 0 2 5.273e+02 5.647e+02 348 2 4 1.656e+02 1.704e+02 45
13465 1 1 4 5.880e+02 5.880e+02 -23
13470 4 0 2 6.577e+02 6.863e+02 265 0 4 6.548e+02 6.892e+02 320 1 2 5.460e+02 5.460e+02 -8 1 4 6.242e+02 6.358e+02 108
13474 3 2 4 8.191e+01 8.609e+01 39 2 3 9.367e+01 1.163e+02 210 2 2 6.670e+01 1.013e+02 321
13475 4 0 1 6.070e+02 6.110e+02 38 0 2 4.593e+02 4.647e+02 50 0 4 6.262e+02 6.338e+02 71 0 3 6.401e+02 6.619e+02 203
13476 29 0 2 8.400e+01 8.400e+01 -5 0 3 4.410e+02 4.410e+02 -11 0 3 5.777e+01 6.823e+01 97 0 2 5.440e+02 5.480e+02 37 0 2 7.468e+01 9.332e+01 173 0 1 6.062e+02 6.118e+02 52 0 4 7.738e+01 9.062e+01 123 0 3 6.500e+02 6.520e+02 18 0 3 4.318e+01 8.282e+01 368 0 4 4.546e+02 4.694e+02 138 0 1 5.214e+02 5.286e+02 67 0 2 6.235e+02 6.365e+02 120 0 2 6.711e+02 6.729e+02 16 0 3 4.715e+02 4.945e+02 214 0 1 5.598e+02 5.742e+02 134 0 4 6.233e+02 6.367e+02 125 0 4 6.718e+02 6.722e+02 3 0 3 4.226e+02 4.594e+02 341 0 3 5.553e+02 5.787e+02 217 0 3 5.998e+02 6.182e+02 170 0 1 6.485e+02 6.535e+02 47 0 3 5.089e+02 5.411e+02 300 0 4 6.608e+02 6.832e+02 208 0 3 6.335e+02 6.685e+02 326 0 4 6.529e+02 6.911e+02 356 2 4 3.704e+01 4.696e+01 92 2 1 5.741e+01 6.859e+01 104 2 3 5.351e+01 7.249e+01 176 2 2 3.067e+01 5.333e+01 210
13477 4 3 2 8.218e+01 8.582e+01 34 3 1 1.045e+02 1.055e+02 9 3 3 5.611e+01 6.989e+01 128 3 4 2.990e+01 5.410e+01 225
13478 11 0 4 3.743e+02 3.817e+02 68 0 2 6.219e+02 6.381e+02 150 0 3 6.433e+02 6.587e+02 144 0 4 6.143e+02 6.457e+02 291 1 2 1.260e+02 1.260e+02 -16 1 1 1.419e+02 1.521e+02 94 1 4 1.175e+02 1.345e+02 158 1 3 9.331e+01 1.167e+02 217 2 1 4.392e+02 4.428e+02 34 2 4 4.160e+02 4.240e+02 75 2 2 4.616e+02 4.624e+02 7
13479 0
13480 5 2 3 6.113e+01 6.487e+01 35 2 1 5.108e+01 7.492e+01 221 2 2 2.797e+01 5.603e+01 260 2 4 2.357e+01 6.043e+01 342 3 1 9.523e+01 1.148e+02 181
13484 8 0 3 4.370e+02 4.450e+02 74 0 1 4.304e+02 4.516e+02 196 0 2 6.553e+02 6.887e+02 310 0 4 6.613e+02 6.827e+02 199 1 1 5.970e+02 6.210e+02 222 1 4 6.177e+02 6.423e+02 229 1 2 6.130e+02 6.470e+02 316 3 1 4.670e+02 4.990e+02 297
13485 29 0 1 6.506e+02 6.514e+02 7 0 3 6.503e+02 6.517e+02 14 0 1 3.559e+02 3.581e+02 20 0 1 5.243e+02 5.257e+02 14 0 4 3.765e+02 3.795e+02 28 0 4 6.689e+02 6.751e+02 58 0 1 1.360e+02 1.580e+02 204 0 3 5.195e+02 5.305e+02 103 0 2 3.650e+02 3.910e+02 241 0 4 5.776e+02 5.984e+02 194 0 2 1.100e+02 1.420e+02 296 0 2 6.555e+02 6.885e+02 307 0 4 1.502e+02 1.858e+02 331 0 2 5.314e+02 5.606e+02 271 0 1 5.928e+02 6.252e+02 301 0 4 6.566e+02 6.874e+02 286 0 3 5.963e+02 6.217e+02 236 0 2 6.098e+02 6.502e+02 375 1 3 6.078e+02 6.102e+02 23 1 1 5.961e+02 6.219e+02 239 1 2 5.731e+02 6.029e+02 276 1 4 6.143e+02 6.457e+02 291 1 3 5.899e+02 6.281e+02 355 2 3 1.662e+01 2.538e+01 81 2 3 9.734e+01 1.127e+02 142 2 4 7.661e+01 9.139e+01 137 2 4 4.088e+02 4.312e+02 208 2 2 6.795e+01 1.000e+02 298 2 4 6.598e+01 1.020e+02 335
13489 3 1 4 6.071e+02 6.529e+02 426 1 1 5.834e+02 6.346e+02 476 2 4 1.454e+02 1.906e+02 419
13492 0
13495 7 0 1 4.371e+02 4.449e+02 72 0 3 4.405e+02 4.415e+02 9 0 4 4.462e+02 4.778e+02 294 0 2 6.622e+02 6.818e+02 182 0 4 6.586e+02 6.854e+02 249 2 3 1.770e+01 2.430e+01 61 2 1 1.653e+01 2.547e+01 83
13497 0
13498 29 0 2 2.100e+02 2.100e+02 -4 0 3 6.090e+02 6.090e+02 -4 0 3 1.841e+02 1.939e+02 91 0 2 6.697e+02 6.743e+02 43 0 3 2.263e+02 2.357e+02 88 0 2 6.300e+02 6.300e+02 -2 0 4 2.476e+02 2.564e+02 81 0 4 6.706e+02 6.734e+02 26 0 4 6.287e+02 6.313e+02 24 0 2 2.339e+02 2.701e+02 336 0 1 6.489e+02 6.531e+02 40 0 1 6.048e+02 6.132e+02 77 0 3 6.476e+02 6.544e+02 64 0 2 6.181e+02 6.419e+02 221 0 1 6.363e+02 6.657e+02 272 0 3 5.899e+02 6.281e+02 355 0 3 6.324e+02 6.696e+02 346 0 4 6.110e+02 6.490e+02 352 2 1 1.828e+01 2.372e+01 50 2 3 1.427e+02 1.513e+02 80 2 3 1.990e+01 2.210e+01 20 2 4 1.163e+02 1.357e+02 180 2 2 3.865e+01 4.535e+01 62 2 2 1.133e+02 1.387e+02 236 2 4 3.663e+01 4.737e+01 100 2 1 5.243e+01 7.357e+01 196 2 3 4.920e+01 7.680e+01 256 2 2 2.290e+01 6.110e+01 355 3 3 5.657e+02 5.683e+02 25
13501 89 0 2 6.287e+02 6.313e+02 25 0 4 3.780e+02 3.780e+02 -1 0 4 6.720e+02 6.720e+02 -1 0 3 1.877e+02 1.903e+02 25 0 1 3.990e+02 3.990e+02 0 0 2 1.671e+02 1.689e+02 16 0 4 5.034e+02 5.046e+02 11 0 1 5.587e+02 5.753e+02 155 0 1 1.869e+02 1.911e+02 40 0 1 6.090e+02 6.090e+02 -0 0 4 1.532e+02 1.828e+02 275 0 1 6.476e+02 6.544e+02 64 0 2 4.620e+02 4.620e+02 -5 0 3 5.600e+02 5.740e+02 130 0 3 6.064e+02 6.116e+02 48 0 3 6.462e+02 6.558e+02 90 0 4 4.572e+02 4.668e+02 90 0 3 5.137e+02 5.363e+02 210 0 4 6.262e+02 6.338e+02 70 0 2 6.717e+02 6.723e+02 6 0 2 4.967e+02 5.113e+02 136 0 2 5.348e+02 5.572e+02 209 0 4 5.804e+02 5.956e+02 141 0 1 6.309e+02 6.711e+02 374 0 1 4.756e+02 4.904e+02 137 0 1 5.121e+02 5.379e+02 240 0 2 6.117e+02 6.483e+02 340 0 3 4.679e+02 4.981e+02 280 0 4 6.106e+02 6.494e+02 360 0 2 4.876e+02 5.204e+02 304 0 1 4.656e+02 5.004e+02 323 1 4 1.653e+02 1.707e+02 50 1 2 5.040e+02 5.040e+02 -11 1 4 1.231e+02 1.289e+02 54 1 2 5.870e+02 5.890e+02 18 1 1 6.090e+02 6.090e+02 -9 1 2 4.485e+02 4.755e+02 251 1 1 5.188e+02 5.312e+02 116 1 4 1.104e+02 1.416e+02 290 1 4 5.880e+02 5.880e+02 -1 1 3 6.057e+02 6.123e+02 60 1 3 5.198e+02 5.302e+02 96 1 2 5.460e+02 5.460e+02 -2 1 2 6.285e+02 6.315e+02 28 1 3 4.666e+02 4.994e+02 306 1 4 5.460e+02 5.460e+02 -5 1 4 6.293e+02 6.307e+02 12 1 1 5.669e+02 5.671e+02 1 1 3 5.553e+02 5.787e+02 216 1 2 5.689e+02 6.071e+02 354 2 2 8.317e+01 8.483e+01 16 2 4 1.631e+02 1.729e+02 91 2 4 5.003e+02 5.077e+02 68 2 2 2.936e+02 2.944e+02 7 2 3 5.156e+02 5.344e+02 175 2 1 3.555e+02 3.585e+02 28 2 2 6.223e+02 6.377e+02 144 2 1 6.275e+01 6.325e+01 5 2 3 1.017e+02 1.083e+02 62 2 3 4.285e+02 4.535e+02 232 2 3 1.873e+02 1.907e+02 32 2 3 4.657e+02 5.003e+02 322 2 4 1.996e+02 2.204e+02 193 2 4 6.181e+02 6.419e+02 220 2 4 2.811e+02 3.069e+02 239 2 3 3.819e+02 4.161e+02 318 2 4 3.757e+02 3.803e+02 42 2 3 5.933e+02 6.247e+02 291 2 4 3.524e+01 4.876e+01 126 2 4 4.038e+02 4.362e+02 301 2 4 7.921e+01 8.879e+01 89 2 2 1.481e+02 1.879e+02 370 2 2 1.993e+02 2.207e+02 198 2 1 3.020e+02 3.280e+02 242 2 2 3.343e+02 3.377e+02 31 2 3 5.099e+01 7.501e+01 223 2 2 1.087e+02 1.433e+02 321 2 1 2.130e+02 2.490e+02 335 2 3 3.033e+02 3.267e+02 217 2 4 3.254e+02 3.466e+02 196 2 1 3.651e+00 3.835e+01 322 2 4 1.091e+02 1.429e+02 314 2 3 2.134e+02 2.486e+02 327 2 3 2.593e+02 2.867e+02 255 2 1 3.453e+02 3.687e+02 216 2 2 2.375e+01 6.025e+01 339 2 4 3.620e+02 3.940e+02 296 3 1 6.071e+02 6.109e+02 36 3 2 7.549e+01 9.251e+01 158
13503 4 0 2 6.646e+02 6.794e+02 138 0 2 5.003e+02 5.077e+02 69 0 4 4.985e+02 5.095e+02 102 0 1 5.066e+02 5.434e+02 342
13504 0
13505 11 0 1 1.882e+02 1.898e+02 15 0 3 1.857e+02 1.923e+02 60 0 4 1.524e+02 1.836e+02 289 0 2 1.481e+02 1.879e+02 370 2 2 8.352e+01 8.448e+01 9 2 4 7.841e+01 8.959e+01 104 2 3 8.747e+01 1.225e+02 326 2 1 4.390e+01 8.210e+01 355 3 2 2.505e+02 2.535e+02 28 3 4 2.494e+02 2.546e+02 49 3 1 2.154e+02 2.466e+02 290
13506 14 0 2 6.287e+02 6.313e+02 24 0 4 6.273e+02 6.327e+02 50 0 2 6.596e+02 6.844e+02 230 0 4 6.586e+02 6.854e+02 250 0 3 6.324e+02 6.696e+02 345 2 1 4.824e+02 4.836e+02 10 2 1 1.834e+02 1.946e+02 105 2 4 4.586e+02 4.654e+02 64 2 1 5.238e+02 5.262e+02 23 2 3 4.754e+02 4.906e+02 140 2 3 5.205e+02 5.295e+02 84 2 4 4.938e+02 5.142e+02 189 2 2 4.490e+02 4.750e+02 241 2 2 4.870e+02 5.210e+02 316
13508 16 0 3 5.640e+02 5.700e+02 56 0 4 6.609e+02 6.831e+02 206 0 1 4.339e+02 4.481e+02 132 0 4 4.456e+02 4.784e+02 304 0 1 5.550e+02 5.790e+02 223 0 4 5.725e+02 6.035e+02 288 0 3 6.400e+02 6.620e+02 205 0 3 5.518e+02 5.822e+02 282 0 3 5.944e+02 6.236e+02 271 0 2 6.582e+02 6.858e+02 256 0 1 6.282e+02 6.738e+02 424 1 1 6.038e+02 6.142e+02 97 1 3 6.070e+02 6.110e+02 38 1 4 5.694e+02 6.066e+02 346 1 4 6.248e+02 6.352e+02 97 3 1 3.947e+02 4.033e+02 80
13509 0
