28247 18 0 1 6.509e+02 6.511e+02 2 0 3 6.502e+02 6.518e+02 16 0 3 1.851e+02 1.929e+02 73 0 4 4.967e+02 5.113e+02 136 0 4 2.021e+02 2.179e+02 146 0 2 6.686e+02 6.754e+02 64 0 2 6.111e+02 6.489e+02 351 0 4 6.691e+02 6.749e+02 53 0 3 5.050e+02 5.450e+02 371 0 4 6.626e+02 6.814e+02 175 0 3 6.323e+02 6.697e+02 347 0 2 6.554e+02 6.886e+02 308 2 3 3.968e+02 4.012e+02 41 2 3 1.014e+02 1.086e+02 66 2 1 1.186e+01 3.014e+01 170 2 4 7.451e+01 9.349e+01 176 2 3 6.882e+00 3.512e+01 262 2 2 1.120e+02 1.400e+02 260
28248 6 0 2 5.442e+02 5.478e+02 33 0 3 5.611e+02 5.729e+02 109 0 1 5.101e+02 5.399e+02 276 0 4 6.678e+02 6.762e+02 77 0 1 6.400e+02 6.620e+02 205 2 2 4.094e+01 4.306e+01 20
28251 7 0 1 1.875e+02 1.905e+02 27 0 4 3.304e+02 3.416e+02 104 0 3 4.772e+02 4.888e+02 108 0 4 4.893e+02 5.187e+02 272 0 3 5.117e+02 5.383e+02 246 0 4 4.506e+02 4.734e+02 212 2 3 3.789e+00 3.821e+01 320
28252 6 0 1 5.860e+02 6.320e+02 426 0 3 5.882e+02 6.298e+02 387 0 4 6.053e+02 6.547e+02 458 2 2 1.196e+02 1.324e+02 119 2 3 9.165e+01 1.184e+02 248 2 4 1.170e+02 1.350e+02 168
28253 0
28255 4 0 2 6.667e+02 6.773e+02 99 0 4 6.687e+02 6.753e+02 61 0 1 6.372e+02 6.648e+02 257 0 3 6.354e+02 6.666e+02 290
28256 9 0 3 6.050e+02 6.130e+02 74 0 3 6.489e+02 6.531e+02 39 0 4 5.744e+02 6.016e+02 253 0 2 6.689e+02 6.751e+02 57 0 1 5.973e+02 6.207e+02 216 0 4 6.579e+02 6.861e+02 261 2 2 3.765e+02 3.795e+02 27 2 3 3.889e+02 4.091e+02 187 2 4 3.691e+02 3.869e+02 166
28257 0
28258 21 0 4 6.163e+02 6.437e+02 254 0 2 6.140e+02 6.460e+02 298 0 3 2.574e+02 2.886e+02 289 0 2 6.528e+02 6.912e+02 357 0 4 2.780e+02 3.100e+02 298 0 1 4.266e+02 4.554e+02 267 0 4 5.673e+02 6.087e+02 384 0 4 6.481e+02 6.959e+02 445 0 3 4.214e+02 4.606e+02 365 0 4 3.948e+02 4.452e+02 468 2 2 3.915e+01 4.485e+01 53 2 1 1.448e+02 1.492e+02 41 2 4 3.950e+01 4.450e+01 46 2 3 1.458e+02 1.482e+02 22 2 1 4.606e+01 7.994e+01 315 2 1 1.738e+02 2.042e+02 283 2 3 4.543e+01 8.057e+01 326 2 2 1.507e+02 1.853e+02 321 3 1 2.021e+01 2.179e+01 15 3 3 1.963e+01 2.237e+01 26 3 4 2.492e+01 5.908e+01 317
28261 0
28262 23 0 1 4.388e+02 4.432e+02 40 0 3 5.566e+02 5.774e+02 194 1 1 6.041e+02 6.139e+02 91 1 2 6.255e+02 6.345e+02 83 2 3 1.470e+02 1.470e+02 -15 2 4 2.940e+02 2.940e+02 -16 2 4 5.820e+02 5.940e+02 111 2 3 6.300e+01 6.300e+01 -24 2 2 7.702e+01 9.098e+01 130 2 4 1.658e+02 1.702e+02 41 2 1 3.127e+02 3.173e+02 43 2 2 6.742e+01 1.006e+02 308 2 4 1.590e+02 1.770e+02 167 2 3 3.048e+02 3.252e+02 190 2 2 3.771e+01 4.629e+01 80 2 1 1.742e+02 2.038e+02 275 2 2 2.791e+02 3.089e+02 276 2 4 3.910e+01 4.490e+01 54 2 3 1.323e+02 1.617e+02 274 2 3 1.703e+01 2.497e+01 74 2 2 1.540e+02 1.820e+02 260 2 3 4.646e+01 7.954e+01 307 3 1 2.100e+01 2.100e+01 -2
28263 5 1 4 4.160e+02 4.240e+02 74 2 3 2.253e+02 2.367e+02 106 2 2 1.990e+02 2.210e+02 205 2 4 1.953e+02 2.247e+02 274 2 1 2.187e+02 2.433e+02 229
28264 0
28265 0
28267 3 0 3 6.289e+02 6.731e+02 411 0 1 6.268e+02 6.752e+02 450 2 4 1.000e+02 1.520e+02 482
28269 18 0 4 4.613e+02 4.627e+02 12 0 3 5.647e+02 5.693e+02 42 0 1 4.336e+02 4.484e+02 138 0 2 4.556e+02 4.684e+02 118 0 1 5.641e+02 5.699e+02 55 0 4 5.785e+02 5.975e+02 177 0 4 4.511e+02 4.729e+02 203 0 1 5.488e+02 5.852e+02 338 0 4 6.160e+02 6.440e+02 260 1 2 6.253e+02 6.347e+02 88 1 4 6.269e+02 6.331e+02 57 1 1 5.929e+02 6.251e+02 300 2 1 1.890e+02 1.890e+02 -13 2 4 3.334e+02 3.386e+02 48 2 4 3.250e+02 3.470e+02 204 2 2 2.040e+02 2.160e+02 112 2 3 2.245e+02 2.375e+02 120 2 1 2.128e+02 2.492e+02 338
28270 3 0 2 6.580e+02 6.860e+02 260 0 4 6.552e+02 6.888e+02 312 0 3 5.849e+02 6.331e+02 448
28271 0
28272 9 0 1 4.830e+02 4.830e+02 -0 0 2 4.900e+02 5.180e+02 260 1 4 5.457e+02 5.463e+02 5 1 3 6.061e+02 6.119e+02 54 1 3 5.668e+02 5.672e+02 3 1 2 6.282e+02 6.318e+02 33 1 2 5.737e+02 6.023e+02 265 1 1 6.068e+02 6.112e+02 40 1 4 6.194e+02 6.406e+02 196
28273 2 0 1 5.412e+02 5.928e+02 480 2 4 1.460e+02 1.900e+02 409
28274 9 0 3 6.067e+02 6.113e+02 43 0 1 5.193e+02 5.307e+02 106 0 3 5.177e+02 5.323e+02 135 0 4 6.119e+02 6.481e+02 336 0 2 4.872e+02 5.208e+02 312 1 2 6.257e+02 6.343e+02 80 1 4 6.175e+02 6.425e+02 232 2 3 5.956e+01 6.644e+01 64 2 4 2.860e+01 5.540e+01 249
28276 14 0 2 2.081e+02 2.119e+02 36 0 2 5.001e+02 5.079e+02 72 0 4 2.023e+02 2.177e+02 143 0 4 6.351e+01 1.045e+02 380 0 4 4.940e+02 5.140e+02 186 0 1 2.124e+02 2.496e+02 346 0 3 5.076e+02 5.424e+02 324 0 4 3.567e+02 3.993e+02 395 0 1 4.709e+02 4.951e+02 225 0 3 2.140e+02 2.480e+02 316 2 2 2.196e+01 6.204e+01 372 2 4 1.103e+02 1.417e+02 291 2 4 2.102e+01 6.298e+01 390 2 4 6.732e+01 1.007e+02 310
28277 9 0 2 6.681e+02 6.759e+02 72 0 4 6.698e+02 6.742e+02 40 1 2 6.153e+02 6.447e+02 273 2 1 2.039e+01 2.161e+01 11 2 3 1.945e+01 2.255e+01 29 2 1 6.068e+01 6.532e+01 43 2 3 5.723e+01 6.877e+01 107 2 4 2.860e+01 5.540e+01 249 2 2 2.573e+01 5.827e+01 302
28278 0
28282 13 0 2 6.235e+02 6.365e+02 120 0 2 6.675e+02 6.765e+02 83 0 4 3.605e+02 3.955e+02 326 0 2 4.980e+02 5.100e+02 111 0 3 5.139e+02 5.361e+02 206 0 2 3.172e+02 3.548e+02 349 0 4 6.260e+02 6.340e+02 75 0 4 6.653e+02 6.787e+02 125 0 4 4.917e+02 5.163e+02 228 0 1 5.086e+02 5.415e+02 306 0 1 5.968e+02 6.212e+02 226 0 3 5.939e+02 6.241e+02 280 2 1 8.545e+00 3.346e+01 231
28283 6 2 1 1.936e+01 2.264e+01 30 2 3 2.261e+02 2.359e+02 90 2 3 1.604e+01 2.596e+01 92 2 2 2.432e+02 2.608e+02 164 2 4 1.911e+02 2.289e+02 350 2 1 2.157e+02 2.463e+02 285
28284 6 0 4 3.360e+02 3.360e+02 -2 0 3 1.890e+02 1.890e+02 -12 1 2 6.217e+02 6.383e+02 155 2 1 1.689e+01 2.511e+01 76 2 3 1.339e+01 2.861e+01 141 2 4 1.545e+01 6.855e+01 493
28285 8 0 1 6.395e+02 6.625e+02 214 0 3 6.376e+02 6.644e+02 248 1 1 2.615e+02 2.845e+02 213 2 2 3.901e+01 4.499e+01 56 2 4 1.224e+02 1.296e+02 66 2 3 8.990e+01 1.201e+02 280 2 4 1.559e+02 1.801e+02 225 2 1 5.148e+01 7.452e+01 214
28286 20 0 3 5.890e+02 6.290e+02 371 0 2 6.529e+02 6.911e+02 356 0 3 2.522e+02 2.938e+02 386 0 1 4.194e+02 4.626e+02 401 0 2 4.819e+02 5.261e+02 411 0 1 5.431e+02 5.909e+02 444 0 4 2.727e+02 3.153e+02 396 0 4 6.105e+02 6.495e+02 361 0 4 6.529e+02 6.911e+02 355 0 4 4.365e+02 4.875e+02 473 0 3 5.408e+02 5.932e+02 486 0 1 5.885e+02 6.295e+02 381 0 1 6.283e+02 6.737e+02 422 0 4 4.785e+02 5.295e+02 473 0 2 6.076e+02 6.524e+02 416 1 2 5.664e+02 6.096e+02 400 1 3 5.887e+02 6.293e+02 376 2 4 2.270e+02 2.770e+02 465 2 4 2.093e+01 6.307e+01 391 2 2 1.622e+01 6.778e+01 479
28287 4 0 2 6.177e+02 6.423e+02 228 0 4 6.186e+02 6.414e+02 211 0 1 5.854e+02 6.326e+02 438 0 3 5.839e+02 6.341e+02 466
28288 9 0 4 5.722e+02 6.038e+02 293 1 2 5.880e+02 5.880e+02 -1 1 2 6.255e+02 6.345e+02 84 1 4 5.785e+02 5.975e+02 177 1 3 5.992e+02 6.188e+02 182 1 1 5.915e+02 6.265e+02 325 2 3 3.957e+02 4.023e+02 61 2 1 1.406e+01 2.794e+01 129 2 3 6.973e+00 3.503e+01 260
28291 3 2 3 1.040e+02 1.060e+02 19 2 4 7.087e+01 9.713e+01 244 3 1 2.939e+02 3.361e+02 391
28292 0
28293 16 0 1 6.064e+02 6.116e+02 48 0 3 6.043e+02 6.137e+02 87 0 4 4.458e+02 4.782e+02 300 0 2 6.297e+02 6.303e+02 6 0 3 6.327e+02 6.693e+02 340 0 4 6.273e+02 6.327e+02 50 0 4 5.851e+02 5.909e+02 55 0 1 5.911e+02 6.269e+02 333 0 2 6.124e+02 6.476e+02 327 0 4 6.121e+02 6.479e+02 333 1 2 6.271e+02 6.329e+02 53 1 4 6.259e+02 6.341e+02 76 2 4 3.390e+01 5.010e+01 150 2 1 5.296e+01 7.304e+01 186 2 3 5.270e+01 7.330e+01 191 2 2 3.143e+01 5.257e+01 196
28294 17 0 1 6.503e+02 6.517e+02 14 0 1 1.866e+02 1.914e+02 45 0 3 4.823e+02 4.837e+02 13 0 2 6.259e+02 6.341e+02 76 0 3 6.507e+02 6.513e+02 5 0 4 4.155e+02 4.245e+02 84 0 4 6.215e+02 6.385e+02 158 0 2 6.713e+02 6.727e+02 13 0 4 4.927e+02 5.153e+02 210 0 4 6.119e+02 6.481e+02 336 0 4 6.720e+02 6.720e+02 -1 0 3 6.381e+02 6.639e+02 239 0 1 6.335e+02 6.685e+02 325 1 3 5.648e+02 5.692e+02 40 1 3 5.147e+02 5.353e+02 192 1 4 5.848e+02 5.912e+02 60 1 3 5.513e+02 5.827e+02 291
