19131 2 0 2 6.149e+02 6.451e+02 281 0 3 6.247e+02 6.773e+02 489
19132 0
19133 31 0 3 4.792e+02 4.868e+02 70 0 3 2.696e+02 2.764e+02 64 0 2 5.456e+02 5.464e+02 8 0 1 2.614e+02 2.846e+02 215 0 4 5.869e+02 5.891e+02 20 0 2 6.710e+02 6.730e+02 18 0 2 2.334e+02 2.706e+02 345 0 2 4.513e+02 4.727e+02 199 0 4 2.846e+02 3.034e+02 174 0 1 5.576e+02 5.764e+02 174 0 4 6.710e+02 6.730e+02 18 0 1 4.728e+02 4.932e+02 190 0 3 5.484e+02 5.856e+02 346 0 2 6.590e+02 6.850e+02 241 0 1 6.328e+02 6.692e+02 338 0 3 6.318e+02 6.702e+02 356 0 4 6.545e+02 6.895e+02 325 1 1 6.058e+02 6.122e+02 59 1 2 6.273e+02 6.327e+02 50 1 4 6.286e+02 6.314e+02 26 1 4 6.158e+02 6.442e+02 263 1 3 5.899e+02 6.281e+02 356 1 2 6.102e+02 6.498e+02 367 2 2 1.664e+02 1.696e+02 29 2 3 1.334e+01 2.866e+01 142 2 2 1.606e+02 1.754e+02 137 2 4 3.551e+01 4.849e+01 120 2 4 1.586e+02 1.774e+02 176 2 1 1.302e+02 1.638e+02 312 2 3 1.287e+02 1.653e+02 340 2 1 1.737e+02 2.043e+02 284
19134 6 0 2 6.158e+02 6.442e+02 263 0 1 5.480e+02 5.860e+02 353 0 4 6.166e+02 6.434e+02 249 0 3 6.327e+02 6.693e+02 340 0 1 5.897e+02 6.283e+02 359 2 1 1.864e+01 2.336e+01 44
19135 9 2 2 4.193e+02 4.207e+02 14 2 4 4.167e+02 4.233e+02 61 2 1 4.217e+02 4.603e+02 358 2 3 5.490e+02 5.850e+02 335 2 3 4.225e+02 4.595e+02 343 3 1 4.399e+02 4.421e+02 20 3 3 4.388e+02 4.432e+02 41 3 2 4.443e+02 4.797e+02 328 3 4 4.466e+02 4.774e+02 286
19137 9 0 4 6.297e+02 6.303e+02 6 0 3 5.913e+02 6.267e+02 328 0 2 6.122e+02 6.478e+02 331 2 3 6.158e+01 6.442e+01 26 2 1 5.579e+01 7.021e+01 134 2 2 6.751e+01 1.005e+02 306 2 1 1.097e+01 3.103e+01 186 2 3 5.852e+00 3.615e+01 281 2 4 2.384e+01 6.016e+01 337
19138 8 0 2 6.680e+02 6.760e+02 75 0 4 6.652e+02 6.788e+02 127 0 1 6.391e+02 6.629e+02 220 0 3 6.379e+02 6.641e+02 243 1 2 5.443e+02 5.477e+02 31 1 2 6.267e+02 6.333e+02 60 1 2 5.855e+02 5.905e+02 46 1 2 5.713e+02 6.047e+02 310
19139 1 3 4 4.615e+02 4.625e+02 10
19141 0
19142 67 0 3 4.829e+02 4.831e+02 2 0 1 6.088e+02 6.092e+02 5 0 2 7.742e+01 9.058e+01 122 0 1 6.489e+02 6.531e+02 40 0 4 2.910e+02 2.970e+02 56 0 2 4.587e+02 4.653e+02 62 0 4 8.110e+01 8.690e+01 54 0 3 5.635e+02 5.705e+02 66 0 2 2.785e+02 3.095e+02 288 0 3 6.069e+02 6.111e+02 39 0 1 3.475e+02 3.665e+02 177 0 3 6.503e+02 6.517e+02 14 0 1 9.573e+01 1.143e+02 172 0 1 4.309e+02 4.511e+02 187 0 2 3.198e+02 3.522e+02 301 0 2 6.294e+02 6.306e+02 10 0 3 8.734e+01 1.227e+02 328 0 1 6.424e+02 6.596e+02 159 0 3 3.852e+02 4.128e+02 256 0 1 5.067e+02 5.433e+02 340 0 4 5.869e+02 5.891e+02 21 0 3 4.224e+02 4.596e+02 345 0 1 6.000e+02 6.180e+02 168 0 4 6.226e+02 6.374e+02 138 0 2 6.105e+02 6.495e+02 361 1 2 6.290e+02 6.310e+02 18 1 4 2.865e+02 3.015e+02 139 1 2 5.879e+02 5.881e+02 1 1 4 5.785e+02 5.975e+02 176 1 1 5.978e+02 6.202e+02 209 1 1 5.539e+02 5.801e+02 243 1 3 5.957e+02 6.223e+02 247 1 2 6.162e+02 6.438e+02 256 1 4 6.188e+02 6.412e+02 207 2 4 6.282e+02 6.318e+02 33 2 4 3.325e+02 3.395e+02 66 2 1 4.402e+02 4.418e+02 15 2 2 1.246e+02 1.274e+02 26 2 2 5.029e+02 5.051e+02 20 2 4 2.084e+02 2.116e+02 30 2 1 5.219e+02 5.281e+02 57 2 4 2.929e+02 2.951e+02 20 2 3 6.472e+02 6.548e+02 71 2 3 3.561e+02 3.579e+02 17 2 3 3.960e+02 4.020e+02 56 2 3 9.869e+01 1.113e+02 117 2 1 4.791e+02 4.869e+02 72 2 1 3.105e+02 3.195e+02 83 2 4 5.424e+02 5.496e+02 66 2 4 3.751e+02 3.809e+02 54 2 2 6.715e+02 6.725e+02 10 2 4 6.710e+01 1.009e+02 314 2 3 4.241e+02 4.579e+02 313 2 1 1.318e+02 1.622e+02 283 2 3 4.819e+02 4.841e+02 20 2 3 3.052e+02 3.248e+02 182 2 3 5.097e+02 5.403e+02 284 2 3 3.393e+02 3.747e+02 330 2 3 2.572e+02 2.888e+02 293 2 2 4.046e+02 4.354e+02 286 2 2 2.774e+02 3.106e+02 308 2 4 4.978e+02 5.102e+02 115 2 4 4.562e+02 4.678e+02 108 2 3 4.674e+02 4.986e+02 289 2 2 4.925e+02 5.155e+02 213 3 2 1.071e+02 1.449e+02 350 3 1 1.770e+01 2.430e+01 61
19143 0
19144 30 0 1 4.384e+02 4.436e+02 49 0 1 5.186e+02 5.314e+02 119 0 4 6.707e+02 6.733e+02 25 0 3 4.367e+02 4.453e+02 80 0 4 4.598e+02 4.642e+02 41 0 3 5.232e+02 5.268e+02 33 0 2 6.156e+02 6.444e+02 267 0 1 6.458e+02 6.562e+02 96 0 3 3.949e+02 4.031e+02 76 0 2 4.865e+02 5.215e+02 325 0 3 6.487e+02 6.533e+02 42 0 4 4.120e+02 4.280e+02 149 0 2 4.465e+02 4.775e+02 288 0 2 6.675e+02 6.765e+02 84 0 3 4.264e+02 4.556e+02 271 0 1 4.634e+02 5.026e+02 365 0 1 6.388e+02 6.632e+02 227 0 4 3.989e+02 4.411e+02 392 0 3 6.318e+02 6.702e+02 357 1 3 6.035e+02 6.145e+02 103 2 3 1.038e+02 1.062e+02 21 2 3 1.698e+01 2.502e+01 75 2 2 7.895e+01 8.905e+01 94 2 3 1.823e+02 1.957e+02 125 2 4 1.979e+02 2.221e+02 226 2 2 3.690e+01 4.710e+01 95 2 4 7.038e+01 9.762e+01 253 2 3 1.706e+02 2.074e+02 341 2 3 2.101e+02 2.519e+02 388 2 2 1.098e+02 1.422e+02 300
19147 0
19148 5 2 4 3.752e+02 3.808e+02 52 2 2 6.693e+02 6.747e+02 50 2 1 5.235e+02 5.265e+02 27 2 3 6.331e+02 6.689e+02 333 2 4 6.581e+02 6.859e+02 259
19149 0
19150 0
19151 9 0 2 6.300e+02 6.300e+02 -7 0 4 6.270e+02 6.330e+02 56 0 3 6.502e+02 6.518e+02 16 0 2 6.696e+02 6.744e+02 45 0 1 5.906e+02 6.274e+02 342 0 4 6.712e+02 6.728e+02 16 0 2 6.132e+02 6.468e+02 311 0 1 6.477e+02 6.543e+02 61 0 3 6.331e+02 6.689e+02 332
19152 3 0 3 5.608e+02 5.732e+02 116 0 2 6.648e+02 6.792e+02 135 0 4 6.621e+02 6.819e+02 185
19153 0
19154 3 2 3 1.186e+01 3.014e+01 170 3 1 3.131e+02 3.169e+02 36 3 2 4.927e+02 5.153e+02 210
19155 5 2 2 1.633e+02 1.727e+02 86 2 4 4.139e+01 4.261e+01 11 2 3 1.347e+02 1.593e+02 228 2 4 1.566e+02 1.794e+02 212 2 1 1.322e+02 1.618e+02 276
19156 0
19157 27 0 3 4.819e+02 4.841e+02 20 0 1 1.050e+02 1.050e+02 -4 0 1 5.644e+02 5.696e+02 49 0 2 1.245e+02 1.275e+02 27 0 1 6.469e+02 6.551e+02 76 0 1 4.762e+02 4.898e+02 126 0 3 5.598e+02 5.742e+02 133 0 4 5.805e+02 5.955e+02 140 0 4 4.895e+02 5.185e+02 270 0 2 6.125e+02 6.475e+02 326 0 2 4.456e+02 4.784e+02 306 1 1 2.681e+02 2.779e+02 91 1 2 5.436e+02 5.484e+02 44 1 1 6.088e+02 6.092e+02 4 1 3 2.625e+02 2.835e+02 196 1 3 5.177e+02 5.323e+02 136 1 2 2.825e+02 3.055e+02 214 1 3 5.655e+02 5.685e+02 28 1 4 2.876e+02 3.004e+02 118 1 3 6.051e+02 6.129e+02 73 1 2 5.834e+02 5.926e+02 85 1 2 6.291e+02 6.309e+02 17 1 4 5.852e+02 5.908e+02 51 1 4 6.263e+02 6.337e+02 69 1 1 5.578e+02 5.762e+02 170 3 1 1.016e+02 1.084e+02 63 3 4 3.120e+01 5.280e+01 200
19158 76 0 1 5.664e+02 5.676e+02 10 0 4 1.673e+02 1.687e+02 13 0 1 4.404e+02 4.416e+02 10 0 1 4.798e+02 4.862e+02 60 0 3 5.213e+02 5.287e+02 68 0 1 6.072e+02 6.108e+02 33 0 3 4.406e+02 4.414e+02 7 0 3 4.828e+02 4.832e+02 4 0 2 5.434e+02 5.486e+02 48 0 3 6.057e+02 6.123e+02 62 0 1 4.301e+02 4.519e+02 203 0 4 4.494e+02 4.746e+02 234 0 3 5.641e+02 5.699e+02 55 0 2 6.235e+02 6.365e+02 120 0 2 6.682e+02 6.758e+02 70 0 2 4.908e+02 5.172e+02 245 0 1 5.160e+02 5.340e+02 166 0 4 6.261e+02 6.339e+02 72 0 4 6.674e+02 6.766e+02 86 0 2 4.424e+02 4.816e+02 365 0 1 5.093e+02 5.407e+02 292 0 4 5.779e+02 5.981e+02 187 0 1 6.428e+02 6.592e+02 151 0 4 4.435e+02 4.805e+02 343 0 1 5.959e+02 6.221e+02 243 0 3 6.385e+02 6.635e+02 233 0 4 4.842e+02 5.238e+02 368 0 3 5.971e+02 6.209e+02 220 0 2 6.614e+02 6.826e+02 197 1 3 3.967e+02 4.013e+02 42 1 1 6.057e+02 6.123e+02 60 1 2 5.820e+02 5.940e+02 112 1 3 6.085e+02 6.095e+02 10 1 4 5.815e+02 5.945e+02 120 1 2 6.291e+02 6.309e+02 17 1 2 5.412e+02 5.508e+02 90 1 4 6.273e+02 6.327e+02 50 1 1 5.580e+02 5.760e+02 168 1 2 5.733e+02 6.027e+02 274 1 2 5.310e+02 5.610e+02 279 1 3 5.471e+02 5.869e+02 369 2 2 4.612e+02 4.628e+02 16 2 3 1.025e+02 1.075e+02 46 2 4 1.646e+02 1.714e+02 63 2 2 2.485e+02 2.555e+02 66 2 1 4.307e+02 4.513e+02 192 2 4 2.935e+02 2.945e+02 9 2 4 4.473e+02 4.767e+02 274 2 1 3.563e+02 3.577e+02 12 2 3 4.301e+02 4.519e+02 203 2 4 4.085e+01 4.315e+01 21 2 2 1.233e+02 1.287e+02 50 2 3 1.877e+02 1.903e+02 24 2 2 2.066e+02 2.134e+02 64 2 1 3.116e+02 3.184e+02 64 2 1 5.974e+01 6.626e+01 60 2 2 7.383e+01 9.417e+01 189 2 1 1.318e+02 1.622e+02 282 2 1 2.211e+02 2.409e+02 185 2 2 2.827e+02 3.053e+02 210 2 2 3.166e+02 3.554e+02 360 2 3 6.122e+01 6.478e+01 33 2 4 6.912e+01 9.888e+01 276 2 3 1.318e+02 1.622e+02 283 2 3 2.204e+02 2.416e+02 196 2 3 3.060e+02 3.240e+02 168 2 2 3.695e+01 4.705e+01 94 2 2 1.095e+02 1.425e+02 307 2 1 2.116e+02 2.504e+02 360 2 4 2.900e+01 5.500e+01 241 2 4 1.068e+02 1.452e+02 357 2 4 2.343e+02 2.697e+02 329 2 3 6.253e+00 3.575e+01 274 2 1 4.292e+01 8.308e+01 373 3 1 1.770e+01 2.430e+01 61 3 4 2.045e+02 2.155e+02 102
19159 13 0 2 4.584e+02 4.656e+02 67 0 4 4.554e+02 4.686e+02 123 0 1 4.261e+02 4.559e+02 277 1 3 5.250e+02 5.250e+02 -12 1 4 5.351e+02 5.569e+02 203 1 1 5.084e+02 5.416e+02 308 1 1 4.640e+02 5.020e+02 353 2 4 3.325e+02 3.395e+02 65 2 3 2.719e+02 2.741e+02 21 2 3 6.474e+02 6.546e+02 66 2 3 3.436e+02 3.704e+02 248 2 4 3.643e+02 3.917e+02 254 2 1 4.568e+02 5.092e+02 487
19160 7 0 2 6.147e+02 6.453e+02 284 0 2 4.409e+02 4.831e+02 391 0 3 6.291e+02 6.729e+02 407 0 4 4.368e+02 4.872e+02 467 1 2 5.673e+02 6.087e+02 384 1 3 5.855e+02 6.325e+02 436 1 4 6.085e+02 6.515e+02 400
19161 5 1 2 6.271e+02 6.329e+02 54 2 1 3.112e+02 3.188e+02 71 2 3 3.135e+02 3.165e+02 28 2 4 2.777e+02 3.103e+02 302 2 2 3.189e+02 3.531e+02 317
19163 28 0 1 4.395e+02 4.425e+02 27 0 1 5.214e+02 5.286e+02 66 0 4 6.694e+02 6.746e+02 48 0 2 5.002e+02 5.078e+02 71 0 3 5.141e+02 5.359e+02 203 0 2 6.580e+02 6.860e+02 260 0 4 4.945e+02 5.135e+02 176 0 3 6.335e+02 6.685e+02 325 0 4 6.503e+02 6.937e+02 404 1 3 5.247e+02 5.253e+02 5 1 1 5.176e+02 5.324e+02 138 1 2 4.871e+02 5.209e+02 314 1 4 5.282e+02 5.638e+02 330 2 4 3.340e+02 3.380e+02 36 2 4 1.668e+02 1.692e+02 22 2 4 5.870e+02 5.890e+02 18 2 1 1.876e+02 1.904e+02 26 2 3 5.620e+02 5.720e+02 93 2 1 3.504e+02 3.636e+02 122 2 1 6.087e+02 6.093e+02 5 2 3 1.780e+02 2.000e+02 204 2 3 3.451e+02 3.689e+02 221 2 4 5.358e+02 5.562e+02 189 2 2 1.524e+02 1.836e+02 290 2 3 6.036e+02 6.144e+02 100 2 2 3.181e+02 3.539e+02 333 2 2 5.689e+02 6.071e+02 355 3 2 7.132e+01 9.668e+01 236
19165 0
19167 3 2 1 1.720e+01 2.480e+01 70 2 3 1.994e+01 2.206e+01 20 2 4 2.277e+01 6.123e+01 357
