18271 6 0 2 2.808e+02 3.072e+02 245 2 4 3.843e+01 4.557e+01 66 3 3 2.057e+01 2.143e+01 8 3 2 4.143e+01 4.257e+01 10 3 1 6.257e+01 6.343e+01 8 3 2 2.999e+01 5.401e+01 223
18272 12 0 1 5.659e+02 5.681e+02 20 0 4 3.280e+02 3.440e+02 148 0 3 6.057e+02 6.123e+02 62 0 2 2.823e+02 3.057e+02 216 0 4 6.229e+02 6.371e+02 131 0 1 3.017e+02 3.283e+02 246 0 1 5.929e+02 6.251e+02 299 0 2 1.443e+02 1.917e+02 440 0 2 2.671e+02 3.209e+02 500 1 4 2.003e+01 6.397e+01 408 2 3 -1.868e+00 4.387e+01 425 3 1 4.690e+02 4.970e+02 260
18274 21 0 4 3.771e+02 3.789e+02 17 0 2 6.718e+02 6.722e+02 3 0 3 5.668e+02 5.672e+02 3 0 1 3.526e+02 3.614e+02 81 0 4 6.700e+02 6.740e+02 36 0 2 3.687e+02 3.873e+02 173 0 1 5.230e+02 5.270e+02 36 0 2 5.454e+02 5.466e+02 10 0 1 5.586e+02 5.754e+02 156 1 2 6.294e+02 6.306e+02 10 1 4 6.228e+02 6.372e+02 133 1 3 6.009e+02 6.171e+02 151 2 2 3.865e+01 4.535e+01 62 2 4 5.029e+02 5.051e+02 21 2 4 3.274e+02 3.446e+02 160 2 4 3.776e+01 4.624e+01 79 2 4 3.201e+02 3.519e+02 296 2 3 1.164e+01 3.036e+01 174 2 4 1.525e+02 1.835e+02 288 2 2 3.026e+01 5.374e+01 218 2 1 5.229e+01 7.371e+01 199
18275 27 0 1 6.499e+02 6.521e+02 21 0 1 5.217e+02 5.283e+02 61 0 1 6.056e+02 6.124e+02 64 0 3 1.780e+02 2.000e+02 205 0 3 6.443e+02 6.577e+02 125 0 3 5.189e+02 5.311e+02 113 0 3 6.061e+02 6.119e+02 54 0 2 6.605e+02 6.835e+02 214 0 2 4.906e+02 5.174e+02 248 0 2 5.435e+02 5.485e+02 46 0 4 6.147e+02 6.453e+02 284 0 4 6.598e+02 6.842e+02 226 0 4 4.871e+02 5.209e+02 315 0 3 5.044e+02 5.456e+02 383 2 1 3.975e+02 4.005e+02 27 2 4 3.755e+02 3.805e+02 46 2 2 1.592e+02 1.768e+02 164 2 3 3.852e+02 4.128e+02 256 2 2 3.643e+02 3.917e+02 254 2 4 4.460e+02 4.780e+02 297 2 2 1.492e+02 1.868e+02 349 2 2 2.347e+02 2.693e+02 322 2 1 -4.961e+00 4.696e+01 482 2 4 1.462e+02 1.898e+02 405 2 3 -5.903e+00 4.790e+01 500 2 1 1.712e+02 2.068e+02 331 2 3 1.248e+02 1.692e+02 412
18278 11 0 2 6.695e+02 6.745e+02 47 0 4 6.685e+02 6.755e+02 65 1 3 5.226e+02 5.274e+02 45 1 4 5.411e+02 5.509e+02 91 1 1 4.261e+02 4.559e+02 276 1 1 4.803e+02 4.857e+02 50 1 2 5.011e+02 5.069e+02 55 1 1 4.736e+02 4.924e+02 174 2 2 3.928e+01 4.472e+01 50 2 3 1.047e+01 3.153e+01 196 2 4 3.259e+01 5.141e+01 175
18280 28 0 1 6.504e+02 6.516e+02 11 0 3 1.990e+01 2.210e+01 20 0 1 5.237e+02 5.263e+02 25 0 1 2.286e+02 2.334e+02 46 0 2 6.714e+02 6.726e+02 11 0 1 2.674e+02 2.786e+02 104 0 3 5.217e+02 5.283e+02 61 0 3 2.303e+02 2.317e+02 14 0 2 6.201e+02 6.399e+02 185 0 4 2.355e+02 2.685e+02 306 0 4 6.718e+02 6.722e+02 4 0 4 2.748e+01 5.652e+01 270 0 2 5.266e+02 5.654e+02 360 0 2 1.927e+02 2.273e+02 322 0 4 6.176e+02 6.424e+02 230 0 3 6.449e+02 6.571e+02 114 1 1 6.083e+02 6.097e+02 12 1 2 6.292e+02 6.308e+02 16 1 4 6.280e+02 6.320e+02 36 1 2 6.191e+02 6.409e+02 202 1 1 5.913e+02 6.267e+02 328 1 3 5.963e+02 6.217e+02 236 1 2 6.109e+02 6.491e+02 354 2 4 5.854e+02 5.906e+02 49 2 3 5.997e+02 6.183e+02 173 2 4 5.733e+02 6.027e+02 272 3 1 9.824e+01 1.118e+02 126 3 4 2.094e+02 2.106e+02 11
18282 0
18283 12 0 2 6.187e+02 6.413e+02 210 0 4 6.508e+02 6.932e+02 393 0 4 6.170e+02 6.430e+02 241 0 1 6.310e+02 6.710e+02 370 0 4 5.718e+02 6.042e+02 301 0 3 6.257e+02 6.763e+02 470 0 2 6.464e+02 6.976e+02 476 2 2 7.253e+01 9.547e+01 213 2 1 5.149e+01 7.451e+01 214 2 4 1.082e+02 1.438e+02 331 2 4 2.524e+01 5.876e+01 311 2 2 2.335e+01 6.065e+01 346
18284 0
18285 5 0 4 6.255e+02 6.345e+02 83 0 2 5.033e+02 5.047e+02 14 0 3 5.189e+02 5.311e+02 113 0 2 4.885e+02 5.195e+02 288 0 4 6.564e+02 6.876e+02 289
18286 2 1 4 6.267e+02 6.333e+02 62 1 4 6.103e+02 6.497e+02 366
18287 0
18288 9 1 4 5.734e+02 6.026e+02 271 2 2 1.235e+02 1.285e+02 46 2 2 1.150e+02 1.370e+02 204 2 3 1.806e+02 1.974e+02 156 2 3 8.999e+01 1.200e+02 279 2 3 1.281e+02 1.659e+02 351 2 2 1.087e+02 1.433e+02 322 3 1 1.855e+01 2.345e+01 46 3 3 1.231e+01 2.969e+01 161
18289 10 0 1 5.250e+02 5.250e+02 -21 0 3 5.250e+02 5.250e+02 -14 0 2 4.877e+02 5.203e+02 303 1 2 6.230e+02 6.370e+02 130 1 4 6.158e+02 6.442e+02 263 2 3 1.849e+02 1.931e+02 76 2 4 1.612e+02 1.748e+02 126 2 1 1.814e+02 1.966e+02 140 2 2 1.905e+02 2.295e+02 362 2 3 1.757e+02 2.023e+02 246
18293 10 2 4 8.303e+01 8.497e+01 18 2 3 5.246e+02 5.254e+02 8 2 1 5.422e+01 7.178e+01 163 2 2 7.222e+01 9.578e+01 219 2 3 4.552e+01 8.048e+01 325 3 1 3.150e+02 3.150e+02 0 3 2 3.355e+02 3.365e+02 9 3 4 3.342e+02 3.378e+02 34 3 3 3.388e+02 3.752e+02 337 3 3 3.083e+02 3.217e+02 125
18298 0
18300 0
18301 21 0 1 6.495e+02 6.525e+02 28 0 4 3.336e+02 3.384e+02 46 0 2 5.432e+02 5.488e+02 51 0 1 3.109e+02 3.191e+02 76 0 2 6.241e+02 6.359e+02 109 0 2 6.713e+02 6.727e+02 14 0 1 5.662e+02 5.678e+02 15 0 2 2.768e+02 3.112e+02 319 0 4 6.278e+02 6.322e+02 40 0 4 6.702e+02 6.738e+02 34 0 3 5.643e+02 5.697e+02 50 0 3 6.471e+02 6.549e+02 73 0 1 5.093e+02 5.407e+02 291 0 2 6.516e+02 6.924e+02 379 0 3 5.059e+02 5.441e+02 355 1 1 6.084e+02 6.096e+02 10 1 3 6.067e+02 6.113e+02 42 1 2 5.740e+02 6.020e+02 260 1 2 6.258e+02 6.342e+02 78 1 4 6.267e+02 6.333e+02 61 1 4 6.143e+02 6.457e+02 291
18302 14 0 4 4.191e+02 4.209e+02 16 0 2 6.210e+02 6.390e+02 167 0 4 6.668e+02 6.772e+02 97 0 1 3.982e+02 3.998e+02 16 0 3 5.577e+02 5.763e+02 173 0 4 5.789e+02 5.971e+02 170 0 3 3.843e+02 4.137e+02 274 0 3 5.926e+02 6.254e+02 304 0 1 5.911e+02 6.269e+02 333 2 3 5.947e+01 6.653e+01 66 2 1 5.512e+01 7.088e+01 146 2 2 7.123e+01 9.677e+01 237 2 1 4.550e+00 3.745e+01 306 2 4 6.567e+01 1.023e+02 340
18304 0
18305 27 0 1 5.216e+02 5.284e+02 63 0 2 6.630e+02 6.810e+02 167 0 3 5.173e+02 5.327e+02 143 0 1 6.389e+02 6.631e+02 224 0 2 5.302e+02 5.618e+02 294 1 3 2.891e+00 3.911e+01 336 2 4 8.307e+01 8.493e+01 17 2 3 4.406e+02 4.414e+02 7 2 2 2.910e+02 2.970e+02 56 2 1 3.984e+02 3.996e+02 11 2 3 3.568e+02 3.572e+02 3 2 1 4.394e+02 4.426e+02 29 2 3 9.393e+01 1.161e+02 206 2 2 1.585e+02 1.775e+02 177 2 3 3.869e+02 4.111e+02 225 2 2 3.756e+02 3.804e+02 46 2 2 4.086e+02 4.314e+02 212 2 1 4.998e+00 3.700e+01 297 2 2 6.961e+01 9.839e+01 267 2 4 4.106e+02 4.294e+02 174 2 4 1.553e+02 1.807e+02 236 2 3 4.246e+02 4.574e+02 306 2 4 3.305e+02 3.415e+02 101 2 1 3.497e+02 3.643e+02 136 2 4 3.601e+02 3.959e+02 333 3 4 4.027e+01 4.373e+01 32 3 4 2.865e+02 3.015e+02 139
18306 9 0 4 4.487e+02 4.753e+02 247 2 4 2.499e+02 2.541e+02 39 2 3 1.835e+02 1.945e+02 101 2 2 1.593e+02 1.767e+02 162 2 3 2.136e+02 2.484e+02 323 2 4 1.540e+02 1.820e+02 260 2 1 1.765e+02 2.015e+02 232 3 2 3.323e+02 3.397e+02 69 3 1 3.069e+02 3.231e+02 150
18307 26 0 3 6.118e+01 6.482e+01 34 0 4 7.742e+01 9.058e+01 122 0 2 2.981e+01 5.419e+01 226 0 4 6.677e+02 6.763e+02 80 0 1 4.687e+01 7.913e+01 300 0 3 4.345e+02 4.475e+02 120 0 1 4.761e+02 4.899e+02 128 0 4 4.063e+02 4.337e+02 255 0 4 6.067e+02 6.533e+02 433 0 2 6.525e+02 6.915e+02 362 0 2 6.035e+02 6.565e+02 493 1 1 6.089e+02 6.091e+02 1 1 2 5.846e+02 5.914e+02 64 1 4 6.289e+02 6.311e+02 21 1 4 5.749e+02 6.011e+02 243 1 2 6.193e+02 6.407e+02 200 1 3 5.938e+02 6.242e+02 282 2 3 2.035e+01 2.165e+01 12 2 4 2.469e+02 2.571e+02 94 2 4 3.749e+02 3.811e+02 58 2 1 4.380e+02 4.440e+02 56 2 2 8.128e+01 8.672e+01 50 2 2 2.721e+01 5.679e+01 275 2 4 7.926e+01 8.874e+01 88 2 3 2.578e+02 2.882e+02 283 2 3 4.485e+01 8.115e+01 337
18308 2 2 1 1.994e+01 2.206e+01 20 2 3 8.588e+00 3.341e+01 230
18310 7 0 2 6.688e+02 6.752e+02 59 0 4 6.664e+02 6.776e+02 104 2 4 4.090e+01 4.310e+01 20 2 2 3.811e+01 4.589e+01 72 2 1 4.915e+01 7.685e+01 257 2 2 6.863e+01 9.937e+01 286 2 3 4.448e+01 8.152e+01 344
18311 11 0 2 4.616e+02 4.624e+02 8 0 4 5.855e+02 5.905e+02 47 0 3 5.662e+02 5.678e+02 16 0 1 4.301e+02 4.519e+02 202 0 4 4.492e+02 4.748e+02 238 0 3 4.692e+02 4.968e+02 256 1 4 6.275e+02 6.325e+02 46 2 1 1.878e+01 2.322e+01 41 2 3 1.734e+01 2.466e+01 68 2 4 2.299e+01 6.101e+01 353 2 2 2.358e+01 6.042e+01 342
18312 1 0 2 2.091e+02 2.109e+02 16
18313 6 0 4 5.869e+02 5.891e+02 20 2 4 5.832e+02 5.928e+02 90 3 4 5.376e+02 5.544e+02 156 3 1 5.195e+02 5.305e+02 101 3 2 5.328e+02 5.592e+02 246 3 3 5.159e+02 5.341e+02 169
18314 0
18315 8 0 1 2.724e+02 2.736e+02 11 0 4 2.916e+02 2.964e+02 44 0 2 2.802e+02 3.078e+02 256 0 3 2.585e+02 2.875e+02 270 2 4 4.195e+02 4.205e+02 9 2 4 1.232e+02 1.288e+02 51 2 3 1.331e+02 1.609e+02 258 2 4 4.080e+02 4.320e+02 222
18317 0
