41386 7 1 4 5.418e+02 5.502e+02 78 1 1 5.614e+02 5.726e+02 105 1 4 5.824e+02 5.936e+02 105 1 4 5.294e+02 5.626e+02 309 2 1 1.875e+02 1.905e+02 28 2 2 1.556e+02 1.804e+02 230 2 3 1.750e+02 2.030e+02 260
41387 8 0 1 6.510e+02 6.510e+02 -2 0 1 5.221e+02 5.279e+02 53 0 2 6.654e+02 6.786e+02 123 0 4 6.686e+02 6.754e+02 63 0 1 5.907e+02 6.273e+02 340 0 4 6.601e+02 6.839e+02 221 0 3 6.343e+02 6.677e+02 310 2 4 4.981e+02 5.099e+02 109
41390 12 0 1 6.490e+02 6.530e+02 38 0 4 4.606e+02 4.634e+02 26 0 3 6.491e+02 6.529e+02 36 0 4 5.768e+02 5.992e+02 208 0 3 4.655e+02 5.005e+02 325 0 2 6.201e+02 6.399e+02 184 0 1 6.315e+02 6.705e+02 363 0 4 5.699e+02 6.061e+02 336 0 2 6.105e+02 6.495e+02 361 0 4 6.128e+02 6.472e+02 320 2 2 7.343e+01 9.457e+01 196 2 4 7.473e+01 9.327e+01 172
41391 0
41392 0
41393 29 0 2 6.287e+02 6.313e+02 25 0 4 3.764e+02 3.796e+02 30 0 2 5.395e+02 5.525e+02 120 0 1 6.086e+02 6.094e+02 8 0 3 6.490e+02 6.530e+02 38 0 1 5.630e+02 5.710e+02 74 0 3 6.071e+02 6.109e+02 35 0 2 6.670e+02 6.770e+02 93 0 1 4.658e+02 5.002e+02 319 0 3 5.582e+02 5.758e+02 163 0 4 6.243e+02 6.357e+02 106 0 4 6.648e+02 6.792e+02 133 0 1 5.505e+02 5.835e+02 306 0 4 5.798e+02 5.962e+02 152 0 1 6.378e+02 6.642e+02 246 0 1 5.918e+02 6.262e+02 319 0 3 6.374e+02 6.646e+02 253 2 2 3.708e+01 4.692e+01 91 2 4 1.677e+02 1.683e+02 5 2 2 3.743e+02 3.817e+02 68 2 4 4.090e+01 4.310e+01 20 2 1 1.873e+02 1.907e+02 32 2 4 3.703e+02 3.857e+02 144 2 1 5.148e+01 7.452e+01 214 2 2 1.568e+02 1.792e+02 209 2 1 3.404e+02 3.736e+02 308 2 3 4.673e+01 7.927e+01 302 2 3 1.748e+02 2.032e+02 263 2 3 3.418e+02 3.722e+02 283
41395 2 2 1 3.342e+02 3.798e+02 423 2 3 3.331e+02 3.809e+02 444
41397 9 0 4 6.707e+02 6.733e+02 25 0 3 4.406e+02 4.414e+02 7 0 1 6.441e+02 6.579e+02 129 0 3 2.169e+02 2.451e+02 262 0 4 4.484e+02 4.756e+02 252 0 2 6.667e+02 6.773e+02 99 0 3 6.333e+02 6.687e+02 330 2 3 1.088e+01 3.112e+01 188 2 2 3.103e+01 5.297e+01 204
41399 10 2 1 3.107e+02 3.193e+02 80 2 3 5.925e+01 6.675e+01 70 2 4 1.098e+02 1.422e+02 300 2 1 1.874e+02 1.906e+02 30 2 3 3.049e+02 3.251e+02 188 2 3 3.651e+00 3.835e+01 322 2 3 1.808e+02 1.972e+02 152 2 2 2.762e+02 3.118e+02 330 2 2 1.630e+02 1.730e+02 92 2 4 1.490e+02 1.870e+02 352
41400 0
41401 67 0 1 1.859e+02 1.921e+02 57 0 2 6.299e+02 6.301e+02 2 0 4 2.898e+02 2.982e+02 79 0 1 6.505e+02 6.515e+02 10 0 4 2.046e+02 2.154e+02 100 0 1 3.982e+02 3.998e+02 16 0 2 3.642e+02 3.918e+02 256 0 4 4.584e+02 4.656e+02 67 0 1 8.743e+01 1.226e+02 326 0 3 5.664e+02 5.676e+02 11 0 2 1.971e+02 2.229e+02 240 0 4 5.874e+02 5.886e+02 11 0 3 2.566e+02 2.894e+02 306 0 3 6.508e+02 6.512e+02 4 0 4 4.146e+02 4.254e+02 100 0 2 5.016e+02 5.064e+02 45 0 1 5.250e+02 5.250e+02 -23 0 1 6.077e+02 6.103e+02 25 0 4 6.695e+02 6.745e+02 47 0 3 4.332e+02 4.488e+02 146 0 4 4.998e+02 5.082e+02 79 0 1 5.661e+02 5.679e+02 17 0 3 6.071e+02 6.109e+02 36 0 2 6.604e+02 6.836e+02 216 0 3 3.929e+02 4.051e+02 113 0 4 4.426e+02 4.814e+02 360 0 1 5.522e+02 5.818e+02 276 0 4 6.275e+02 6.325e+02 46 0 3 6.317e+02 6.703e+02 358 0 1 3.822e+02 4.158e+02 311 0 1 4.639e+02 5.021e+02 356 0 2 5.280e+02 5.640e+02 335 0 1 5.889e+02 6.291e+02 373 0 3 4.669e+02 4.991e+02 300 1 4 5.870e+02 5.890e+02 18 1 1 6.085e+02 6.095e+02 9 1 4 3.686e+02 3.874e+02 176 1 4 5.455e+02 5.465e+02 9 1 3 6.083e+02 6.097e+02 12 1 1 5.637e+02 5.703e+02 61 1 2 6.300e+02 6.300e+02 -4 1 3 5.654e+02 5.686e+02 29 1 4 6.290e+02 6.310e+02 19 1 2 5.875e+02 5.885e+02 9 2 3 1.466e+02 1.474e+02 8 2 2 4.189e+02 4.211e+02 20 2 1 3.135e+02 3.165e+02 27 2 4 5.867e+02 5.893e+02 25 2 3 6.055e+01 6.545e+01 46 2 3 3.934e+02 4.046e+02 105 2 4 1.218e+02 1.302e+02 79 2 2 4.133e+02 4.267e+02 124 2 3 1.880e+02 1.900e+02 18 2 1 4.275e+02 4.545e+02 251 2 2 2.091e+02 2.109e+02 17 2 4 3.672e+02 3.888e+02 201 2 1 1.299e+01 2.901e+01 149 2 2 8.119e+01 8.681e+01 52 2 4 1.574e+02 1.786e+02 197 2 1 2.275e+02 2.345e+02 66 2 1 5.584e+01 7.016e+01 133 2 4 2.396e+02 2.644e+02 230 2 4 2.106e+01 6.294e+01 389 3 2 4.188e+01 4.212e+01 2 3 4 1.239e+02 1.281e+02 40 3 1 5.636e+02 5.704e+02 63 3 3 1.431e+02 1.509e+02 73
41402 9 1 2 6.107e+02 6.493e+02 358 2 1 2.729e+02 2.731e+02 1 2 3 2.707e+02 2.753e+02 42 2 4 4.058e+01 4.342e+01 26 2 2 2.881e+02 2.999e+02 110 2 1 2.957e+02 3.343e+02 359 3 3 1.396e+02 1.544e+02 137 3 1 1.352e+02 1.588e+02 220 3 2 1.537e+02 1.823e+02 266
41403 23 0 1 5.668e+02 5.672e+02 3 0 1 6.070e+02 6.110e+02 37 0 3 6.497e+02 6.523e+02 25 0 4 4.592e+02 4.648e+02 51 0 3 5.621e+02 5.719e+02 90 0 3 6.074e+02 6.106e+02 30 0 4 6.699e+02 6.741e+02 39 0 1 4.337e+02 4.483e+02 136 0 2 4.979e+02 5.101e+02 114 0 3 5.152e+02 5.348e+02 182 0 4 5.749e+02 6.011e+02 244 0 3 4.272e+02 4.548e+02 257 0 4 4.898e+02 5.182e+02 264 0 1 5.085e+02 5.415e+02 307 0 4 6.104e+02 6.496e+02 364 0 2 4.520e+02 4.720e+02 186 1 2 6.292e+02 6.308e+02 16 1 4 6.200e+02 6.400e+02 186 2 4 1.665e+02 1.695e+02 28 2 1 1.783e+01 2.417e+01 59 2 4 8.290e+01 8.510e+01 20 2 2 1.659e+02 1.701e+02 39 2 3 1.164e+01 3.036e+01 174
41405 80 0 3 3.975e+02 4.005e+02 27 0 1 1.856e+02 1.924e+02 63 0 1 5.233e+02 5.267e+02 31 0 4 2.094e+02 2.106e+02 11 0 1 6.067e+02 6.113e+02 42 0 1 3.565e+02 3.575e+02 10 0 3 6.486e+02 6.534e+02 45 0 2 2.815e+02 3.065e+02 232 0 1 3.900e+02 4.080e+02 167 0 2 3.748e+02 3.812e+02 59 0 2 5.017e+02 5.063e+02 43 0 3 1.761e+02 2.019e+02 240 0 3 5.248e+02 5.252e+02 4 0 2 1.944e+02 2.256e+02 290 0 3 6.047e+02 6.133e+02 80 0 1 2.988e+02 3.312e+02 301 0 2 6.695e+02 6.745e+02 46 0 4 3.255e+02 3.465e+02 196 0 4 4.075e+02 4.325e+02 232 0 4 3.687e+02 3.873e+02 173 0 4 4.979e+02 5.101e+02 114 0 2 5.448e+02 5.472e+02 23 0 2 6.260e+02 6.340e+02 75 0 4 6.676e+02 6.764e+02 82 0 3 4.705e+02 4.955e+02 233 0 1 5.593e+02 5.747e+02 143 0 4 6.280e+02 6.320e+02 38 0 1 6.485e+02 6.535e+02 46 0 1 4.637e+02 5.023e+02 359 0 3 5.514e+02 5.826e+02 290 0 4 5.793e+02 5.967e+02 161 0 3 6.403e+02 6.617e+02 198 0 2 4.868e+02 5.212e+02 320 0 1 5.074e+02 5.426e+02 326 0 4 6.190e+02 6.410e+02 205 0 1 6.363e+02 6.657e+02 272 0 4 4.863e+02 5.217e+02 328 0 1 5.935e+02 6.245e+02 287 0 4 6.552e+02 6.888e+02 312 0 3 5.915e+02 6.265e+02 325 0 2 6.105e+02 6.495e+02 362 1 3 5.656e+02 5.684e+02 26 1 1 4.383e+02 4.437e+02 50 1 1 6.073e+02 6.107e+02 31 1 4 4.610e+02 4.630e+02 19 1 1 5.231e+02 5.269e+02 35 1 3 3.812e+02 4.168e+02 330 1 2 5.855e+02 5.905e+02 46 1 3 6.078e+02 6.102e+02 22 1 3 5.218e+02 5.282e+02 60 1 4 5.870e+02 5.890e+02 19 1 2 6.295e+02 6.305e+02 10 1 1 4.809e+02 4.851e+02 40 1 1 5.580e+02 5.760e+02 166 1 4 6.294e+02 6.306e+02 10 2 3 1.029e+02 1.071e+02 39 2 4 1.673e+02 1.687e+02 13 2 3 4.390e+02 4.430e+02 38 2 4 2.482e+02 2.558e+02 71 2 2 4.605e+02 4.635e+02 28 2 3 6.199e+01 6.401e+01 19 2 2 5.835e+02 5.925e+02 83 2 4 1.242e+02 1.278e+02 33 2 4 4.168e+02 4.232e+02 60 2 1 1.411e+02 1.529e+02 110 2 3 4.274e+02 4.546e+02 253 2 2 2.055e+02 2.145e+02 83 2 3 3.889e+02 4.091e+02 188 2 1 5.852e+00 3.615e+01 281 2 4 7.976e+01 8.824e+01 79 2 3 1.345e+02 1.595e+02 231 2 4 2.061e+02 2.139e+02 73 2 2 3.080e+01 5.320e+01 208 2 2 7.486e+01 9.314e+01 170 2 3 1.681e+02 2.099e+02 388 2 1 2.281e+02 2.339e+02 55 2 4 2.972e+01 5.428e+01 228 2 4 6.890e+01 9.910e+01 280 2 1 4.574e+01 8.026e+01 320 2 2 1.130e+02 1.390e+02 241
41406 0
41407 3 3 2 4.081e+01 4.319e+01 22 3 2 6.997e+01 9.803e+01 260 3 2 2.726e+01 5.674e+01 274
41408 9 0 4 2.911e+02 2.969e+02 53 1 4 4.605e+02 4.635e+02 27 1 2 5.847e+02 5.913e+02 61 1 2 6.225e+02 6.375e+02 139 1 1 5.564e+02 5.776e+02 196 1 1 5.947e+02 6.233e+02 266 2 3 5.943e+01 6.657e+01 66 2 2 6.907e+01 9.893e+01 277 3 1 1.415e+01 2.785e+01 127
41410 5 2 1 1.998e+01 2.202e+01 19 2 1 6.065e+02 6.115e+02 46 2 4 5.372e+02 5.548e+02 164 2 1 5.477e+02 5.863e+02 359 3 3 1.285e+01 2.915e+01 151
41411 8 0 3 6.088e+02 6.092e+02 5 0 1 6.482e+02 6.538e+02 51 0 1 6.028e+02 6.152e+02 116 0 3 6.476e+02 6.544e+02 64 1 3 6.051e+02 6.129e+02 72 3 3 3.904e+02 4.076e+02 160 3 2 4.502e+02 4.738e+02 220 3 2 4.073e+02 4.327e+02 236
41413 0
41414 4 3 1 5.226e+02 5.274e+02 45 3 4 5.027e+02 5.053e+02 24 3 2 4.960e+02 5.120e+02 148 3 3 5.114e+02 5.386e+02 252
41415 0
41417 13 0 1 4.756e+02 4.904e+02 137 0 1 6.395e+02 6.625e+02 214 0 2 4.958e+02 5.122e+02 152 0 4 6.605e+02 6.835e+02 214 0 4 4.939e+02 5.141e+02 188 0 3 6.333e+02 6.687e+02 328 0 1 4.613e+02 5.047e+02 402 0 2 6.511e+02 6.929e+02 388 0 3 4.604e+02 5.056e+02 419 1 2 6.168e+02 6.432e+02 245 2 3 1.743e+01 2.457e+01 66 2 2 3.129e+01 5.271e+01 199 2 1 5.671e+00 3.633e+01 285
41420 7 0 2 6.284e+02 6.316e+02 29 0 1 6.442e+02 6.578e+02 126 0 3 6.499e+02 6.521e+02 20 0 4 6.579e+02 6.861e+02 261 1 4 5.855e+02 5.905e+02 47 1 3 5.476e+02 5.864e+02 360 2 1 3.295e+00 3.871e+01 329
41421 11 0 3 5.222e+02 5.278e+02 52 0 3 6.509e+02 6.511e+02 2 0 1 5.650e+02 5.690e+02 36 0 4 5.808e+02 5.952e+02 133 0 3 5.604e+02 5.736e+02 122 0 1 5.224e+02 5.276e+02 49 0 2 5.319e+02 5.601e+02 262 2 3 3.557e+02 3.583e+02 25 2 3 9.928e+01 1.107e+02 106 2 4 3.253e+02 3.467e+02 198 2 4 1.179e+02 1.341e+02 150
41424 0
41425 4 0 4 2.940e+02 2.940e+02 -2 0 3 5.237e+02 5.263e+02 24 0 2 6.697e+02 6.743e+02 43 3 1 1.178e+01 3.022e+01 171
41426 17 0 3 5.231e+02 5.269e+02 35 0 4 6.692e+02 6.748e+02 52 0 3 5.909e+02 6.271e+02 336 0 4 6.589e+02 6.851e+02 243 0 3 5.500e+02 5.840e+02 316 0 3 6.342e+02 6.678e+02 311 0 2 4.834e+02 5.246e+02 383 0 4 4.796e+02 5.284e+02 454 1 2 6.055e+02 6.545e+02 455 1 4 4.817e+02 5.263e+02 415 2 3 1.739e+01 2.461e+01 67 2 2 1.680e+02 1.680e+02 -2 2 1 1.860e+02 1.920e+02 56 2 1 7.646e+00 3.435e+01 248 2 3 1.369e+02 1.571e+02 188 2 3 -4.422e+00 4.642e+01 472 2 4 1.524e+02 1.836e+02 290
41427 4 2 2 3.778e+02 3.782e+02 3 2 4 3.701e+02 3.859e+02 146 2 1 3.861e+02 4.119e+02 240 2 3 3.413e+02 3.727e+02 292
41428 0
41429 17 0 1 3.484e+02 3.656e+02 160 0 2 4.469e+02 4.771e+02 280 0 2 3.283e+02 3.437e+02 142 0 3 4.708e+02 4.952e+02 226 0 4 3.213e+02 3.507e+02 274 0 1 5.430e+02 5.910e+02 446 0 4 5.694e+02 6.066e+02 345 0 1 4.593e+02 5.067e+02 440 0 3 5.883e+02 6.297e+02 384 2 1 1.922e+01 2.278e+01 33 2 4 3.906e+01 4.494e+01 55 2 2 7.729e+01 9.071e+01 125 2 3 1.083e+01 3.117e+01 189 2 3 5.018e+01 7.582e+01 238 2 1 3.921e+00 3.808e+01 317 2 2 2.187e+01 6.213e+01 374 3 3 1.783e+02 1.997e+02 198
41430 6 0 1 6.028e+02 6.152e+02 116 0 3 6.070e+02 6.110e+02 37 2 4 4.085e+01 4.315e+01 21 2 1 5.840e+01 6.760e+01 86 2 2 3.399e+01 5.001e+01 149 2 3 4.660e+01 7.940e+01 305
41432 6 1 4 3.304e+01 5.096e+01 166 2 2 3.991e+01 4.409e+01 39 2 4 3.250e+02 3.470e+02 205 2 3 3.455e+02 3.685e+02 214 2 1 5.068e+01 7.532e+01 229 2 3 3.924e+00 3.808e+01 317
41433 0
