10021 5 1 3 2.676e+02 2.784e+02 100 2 3 1.263e+02 1.677e+02 385 2 1 1.249e+02 1.691e+02 410 2 2 1.445e+02 1.915e+02 437 2 4 1.411e+02 1.949e+02 500
10022 19 0 3 6.090e+02 6.090e+02 -5 0 1 6.488e+02 6.532e+02 41 0 2 5.013e+02 5.067e+02 50 0 3 5.603e+02 5.737e+02 125 0 4 6.258e+02 6.342e+02 77 0 3 6.440e+02 6.580e+02 130 0 4 4.566e+02 4.674e+02 100 0 3 5.184e+02 5.316e+02 122 0 4 5.794e+02 5.966e+02 160 0 2 6.660e+02 6.780e+02 111 0 2 6.181e+02 6.419e+02 220 0 4 6.589e+02 6.851e+02 243 1 4 6.154e+02 6.446e+02 270 2 2 7.980e+01 8.820e+01 78 2 1 1.455e+02 1.485e+02 27 2 4 7.890e+01 8.910e+01 95 2 3 1.419e+02 1.521e+02 95 2 4 1.168e+02 1.352e+02 170 2 3 9.425e+01 1.158e+02 200
10023 10 0 4 6.682e+02 6.758e+02 71 0 2 6.662e+02 6.778e+02 107 0 1 6.376e+02 6.644e+02 249 0 3 6.350e+02 6.670e+02 296 0 2 6.546e+02 6.894e+02 323 0 4 6.540e+02 6.900e+02 334 2 4 1.680e+02 1.680e+02 -3 2 2 6.697e+02 6.743e+02 43 2 3 6.372e+02 6.648e+02 256 2 4 6.585e+02 6.855e+02 250
10024 43 0 2 5.025e+02 5.055e+02 28 0 4 2.041e+02 2.159e+02 109 0 1 5.198e+02 5.302e+02 96 0 2 2.929e+02 2.951e+02 21 0 1 2.586e+02 2.874e+02 268 0 1 4.799e+02 4.861e+02 58 0 3 5.105e+02 5.395e+02 269 0 4 4.040e+02 4.360e+02 296 0 4 4.962e+02 5.118e+02 145 0 2 5.331e+02 5.589e+02 240 0 2 4.463e+02 4.777e+02 292 0 4 4.457e+02 4.783e+02 302 0 3 4.631e+02 5.029e+02 370 1 1 6.066e+02 6.114e+02 44 1 1 3.117e+02 3.183e+02 62 1 3 6.080e+02 6.100e+02 18 1 2 5.753e+02 6.007e+02 236 1 4 6.231e+02 6.369e+02 128 1 2 6.162e+02 6.438e+02 256 2 4 2.520e+02 2.520e+02 -14 2 4 5.026e+02 5.054e+02 26 2 2 2.888e+02 2.992e+02 97 2 3 4.373e+02 4.447e+02 68 2 4 4.193e+01 4.207e+01 1 2 2 4.544e+02 4.696e+02 140 2 3 1.848e+02 1.932e+02 78 2 1 4.254e+02 4.566e+02 290 2 2 2.043e+02 2.157e+02 106 2 3 4.702e+02 4.958e+02 238 2 4 2.877e+02 3.003e+02 117 2 4 4.030e+02 4.370e+02 316 2 1 6.059e+01 6.541e+01 45 2 4 4.483e+02 4.757e+02 254 2 4 1.507e+02 1.853e+02 321 2 2 2.405e+02 2.635e+02 213 2 3 3.086e+02 3.214e+02 119 2 2 3.161e+01 5.239e+01 193 2 1 1.712e+02 2.068e+02 331 2 4 1.928e+02 2.272e+02 319 2 1 2.690e+02 2.770e+02 74 2 3 4.920e+01 7.680e+01 256 2 3 2.559e+02 2.901e+02 317 3 4 1.579e+02 1.781e+02 187
10025 6 1 1 2.637e+02 2.823e+02 173 2 4 1.643e+02 1.717e+02 69 2 4 2.080e+02 2.120e+02 38 3 4 4.200e+02 4.200e+02 -20 3 1 3.970e+02 4.010e+02 38 3 3 3.942e+02 4.038e+02 90
10027 6 0 2 4.577e+02 4.663e+02 80 2 4 1.629e+02 1.731e+02 96 2 3 2.304e+02 2.316e+02 11 2 2 2.043e+02 2.157e+02 106 2 4 2.344e+02 2.696e+02 326 3 1 4.695e+01 7.905e+01 298
10028 3 2 3 1.016e+02 1.084e+02 64 2 4 3.646e+02 3.914e+02 249 2 4 6.858e+01 9.942e+01 286
10029 0
10030 19 0 1 5.640e+02 5.700e+02 56 0 3 5.650e+02 5.690e+02 37 0 3 6.399e+02 6.621e+02 206 0 2 5.288e+02 5.632e+02 319 0 2 6.615e+02 6.825e+02 195 0 1 6.012e+02 6.168e+02 146 0 4 6.643e+02 6.797e+02 144 0 3 5.961e+02 6.219e+02 239 0 1 6.406e+02 6.614e+02 193 0 1 5.929e+02 6.251e+02 300 0 2 6.473e+02 6.967e+02 459 0 3 5.902e+02 6.278e+02 349 0 4 6.483e+02 6.957e+02 440 0 2 6.081e+02 6.519e+02 407 0 4 6.062e+02 6.538e+02 442 2 1 6.300e+01 6.300e+01 -1 2 4 1.228e+02 1.292e+02 59 2 2 5.350e+02 5.570e+02 204 2 4 3.711e+02 3.849e+02 129
10031 9 0 1 3.916e+02 4.064e+02 138 0 4 4.142e+02 4.258e+02 108 1 4 6.263e+02 6.337e+02 68 1 2 5.855e+02 5.905e+02 47 1 2 5.438e+02 5.482e+02 41 1 3 5.960e+02 6.220e+02 240 1 2 5.772e+02 5.988e+02 200 1 2 6.147e+02 6.453e+02 285 2 4 4.871e+02 5.209e+02 314
10032 0
10033 43 0 2 3.344e+02 3.376e+02 30 0 2 5.460e+02 5.460e+02 -1 0 3 6.083e+02 6.097e+02 12 0 1 4.992e+01 7.608e+01 243 0 1 4.399e+02 4.421e+02 20 0 2 5.032e+02 5.048e+02 15 0 2 6.300e+02 6.300e+02 -11 0 3 6.510e+02 6.510e+02 -2 0 3 4.351e+02 4.469e+02 110 0 4 4.981e+02 5.099e+02 110 0 1 5.151e+02 5.349e+02 185 0 4 6.280e+02 6.320e+02 38 0 1 6.503e+02 6.517e+02 12 0 1 4.768e+02 4.892e+02 115 0 3 5.115e+02 5.385e+02 250 0 1 6.002e+02 6.178e+02 163 0 2 6.649e+02 6.791e+02 132 0 2 4.480e+02 4.760e+02 260 0 1 5.083e+02 5.417e+02 310 0 4 6.195e+02 6.405e+02 196 0 4 6.626e+02 6.814e+02 175 0 4 5.739e+02 6.021e+02 261 0 2 6.566e+02 6.874e+02 286 0 1 5.906e+02 6.274e+02 341 0 1 6.342e+02 6.678e+02 311 1 2 6.157e+02 6.443e+02 266 2 2 8.146e+01 8.654e+01 47 2 1 1.823e+02 1.957e+02 125 2 3 2.240e+02 2.380e+02 130 2 4 8.400e+01 8.400e+01 -17 2 2 2.006e+02 2.194e+02 175 2 1 1.743e+01 2.457e+01 66 2 3 9.928e+01 1.107e+02 106 2 1 2.166e+02 2.454e+02 268 2 2 3.022e+01 5.378e+01 219 2 2 1.188e+02 1.332e+02 133 2 2 1.946e+02 2.254e+02 286 2 4 2.604e+01 5.796e+01 296 2 4 1.116e+02 1.404e+02 268 2 1 5.239e+01 7.361e+01 197 2 3 8.765e+01 1.223e+02 322 2 3 4.556e+01 8.044e+01 324 3 2 4.014e+01 4.386e+01 35
10034 0
10035 3 2 3 1.464e+02 1.476e+02 11 2 2 1.548e+02 1.812e+02 246 2 4 1.080e+02 1.440e+02 335
10037 22 0 1 3.557e+02 3.583e+02 24 0 4 4.161e+02 4.239e+02 73 0 4 2.072e+02 2.128e+02 51 0 1 5.220e+02 5.280e+02 56 0 1 3.014e+02 3.286e+02 253 0 4 5.834e+02 5.926e+02 85 0 4 3.749e+02 3.811e+02 58 0 3 3.895e+02 4.085e+02 177 0 3 2.125e+02 2.495e+02 344 0 3 5.168e+02 5.332e+02 153 0 2 2.790e+02 3.090e+02 279 0 2 5.273e+02 5.647e+02 348 0 4 3.266e+02 3.454e+02 174 0 1 5.489e+02 5.851e+02 336 0 2 3.652e+02 3.908e+02 238 0 1 3.414e+02 3.726e+02 290 1 2 5.460e+02 5.460e+02 -0 1 1 5.226e+02 5.274e+02 44 1 3 5.558e+02 5.782e+02 209 1 4 5.737e+02 6.023e+02 266 2 3 1.323e+02 1.617e+02 272 2 2 1.114e+02 1.406e+02 270
10040 1 2 3 3.449e+02 3.691e+02 225
10041 13 0 1 5.132e+02 5.368e+02 220 0 2 6.598e+02 6.842e+02 227 0 3 5.077e+02 5.423e+02 321 0 4 6.601e+02 6.839e+02 221 0 4 6.485e+02 6.955e+02 436 1 2 6.162e+02 6.438e+02 257 1 3 5.925e+02 6.255e+02 307 1 4 6.048e+02 6.552e+02 467 2 3 8.770e+01 1.223e+02 321 2 3 1.768e+02 2.012e+02 226 2 2 1.044e+02 1.476e+02 400 2 2 1.872e+02 2.328e+02 423 3 1 3.534e+02 3.606e+02 67
10042 15 0 1 2.572e+02 2.888e+02 293 0 4 5.018e+02 5.062e+02 41 0 1 5.215e+02 5.285e+02 66 0 2 4.924e+02 5.156e+02 216 0 3 5.138e+02 5.362e+02 209 0 1 6.502e+02 6.518e+02 16 0 3 6.498e+02 6.522e+02 22 0 2 6.668e+02 6.772e+02 97 0 4 6.524e+02 6.916e+02 364 1 3 1.861e+02 1.919e+02 55 1 1 1.856e+02 1.924e+02 63 1 2 6.262e+02 6.338e+02 70 1 2 1.960e+02 2.240e+02 260 1 2 6.109e+02 6.491e+02 356 1 4 1.949e+02 2.251e+02 280
10043 6 0 4 6.300e+02 6.300e+02 -11 0 1 6.056e+02 6.124e+02 63 0 3 6.490e+02 6.530e+02 37 0 2 6.116e+02 6.484e+02 342 0 4 6.525e+02 6.915e+02 363 0 1 6.309e+02 6.711e+02 373
10047 10 1 4 6.275e+02 6.325e+02 47 2 4 3.360e+02 3.360e+02 -0 2 3 1.858e+02 1.922e+02 60 2 2 2.095e+02 2.105e+02 10 2 4 3.725e+02 3.835e+02 102 2 3 1.778e+02 2.002e+02 209 2 4 1.962e+02 2.238e+02 257 2 4 3.637e+02 3.923e+02 266 2 1 2.185e+02 2.435e+02 231 2 2 1.920e+02 2.280e+02 335
10049 21 0 1 4.826e+02 4.834e+02 8 0 4 4.542e+02 4.698e+02 145 0 3 5.646e+02 5.694e+02 44 0 2 4.503e+02 4.737e+02 217 0 2 5.307e+02 5.613e+02 284 0 4 5.754e+02 6.006e+02 234 0 1 5.534e+02 5.806e+02 252 2 4 1.669e+02 1.691e+02 20 2 4 5.025e+02 5.055e+02 28 2 3 2.711e+02 2.749e+02 35 2 4 6.654e+02 6.786e+02 122 2 3 1.818e+02 1.962e+02 133 2 4 4.127e+02 4.273e+02 136 2 2 2.023e+02 2.177e+02 142 2 1 5.169e+02 5.331e+02 150 2 3 1.289e+02 1.651e+02 336 2 3 4.347e+02 4.473e+02 117 2 1 2.146e+02 2.474e+02 306 2 2 4.930e+02 5.150e+02 205 2 3 5.116e+02 5.384e+02 249 2 4 6.531e+02 6.909e+02 351
10050 9 0 4 4.616e+02 4.624e+02 8 0 2 4.567e+02 4.673e+02 99 0 1 4.316e+02 4.504e+02 175 0 3 4.240e+02 4.580e+02 316 2 3 1.852e+02 1.928e+02 70 2 3 1.380e+02 1.560e+02 168 2 2 1.634e+02 1.726e+02 85 2 1 1.309e+02 1.631e+02 300 2 4 1.557e+02 1.803e+02 229
10051 2 0 4 5.769e+02 5.991e+02 206 0 3 5.947e+02 6.233e+02 266
10052 0
10053 69 0 1 6.485e+02 6.535e+02 46 0 4 3.350e+02 3.370e+02 18 0 3 4.404e+02 4.416e+02 11 0 4 7.913e+01 8.887e+01 90 0 2 5.040e+02 5.040e+02 -8 0 3 1.890e+02 1.890e+02 -8 0 1 5.600e+02 5.740e+02 130 0 1 3.079e+02 3.221e+02 132 0 4 5.828e+02 5.932e+02 96 0 2 3.277e+02 3.443e+02 154 0 3 6.510e+02 6.510e+02 -22 0 3 5.579e+01 7.021e+01 134 0 1 3.990e+02 3.990e+02 -9 0 4 1.656e+02 1.704e+02 46 0 3 4.750e+02 4.910e+02 148 0 4 1.980e+02 2.220e+02 223 0 3 6.020e+02 6.160e+02 130 0 3 4.668e+01 7.932e+01 303 0 3 6.397e+02 6.623e+02 210 0 2 1.087e+02 1.433e+02 322 0 3 3.973e+02 4.007e+02 32 0 2 1.548e+02 1.812e+02 245 0 4 4.967e+02 5.113e+02 135 0 3 2.119e+02 2.501e+02 356 0 3 5.548e+02 5.792e+02 227 0 4 6.863e+01 9.937e+01 286 0 2 6.277e+02 6.323e+02 43 0 2 1.496e+02 1.864e+02 341 0 3 6.305e+02 6.715e+02 381 0 2 1.842e+02 2.358e+02 479 0 4 4.148e+02 4.252e+02 96 0 4 4.482e+02 4.758e+02 256 0 3 5.096e+02 5.404e+02 286 0 4 6.233e+02 6.367e+02 125 0 4 6.525e+02 6.915e+02 361 0 1 4.704e+02 4.956e+02 235 1 4 5.460e+02 5.460e+02 -4 1 1 6.072e+02 6.108e+02 34 1 2 5.787e+02 5.973e+02 172 1 3 6.039e+02 6.141e+02 94 1 4 5.835e+02 5.925e+02 84 1 2 6.300e+02 6.300e+02 -10 1 4 4.851e+02 5.229e+02 350 1 2 5.722e+02 6.038e+02 294 1 1 5.936e+02 6.244e+02 286 1 2 5.291e+02 5.629e+02 314 2 1 2.712e+02 2.748e+02 34 2 3 6.300e+01 6.300e+01 -0 2 3 1.050e+02 1.050e+02 -0 2 1 1.826e+02 1.954e+02 118 2 4 2.086e+02 2.114e+02 26 2 3 2.703e+02 2.757e+02 50 2 1 3.570e+02 3.570e+02 -3 2 1 5.678e+01 6.922e+01 116 2 2 1.207e+02 1.313e+02 99 2 3 1.880e+02 1.900e+02 19 2 4 2.437e+02 2.603e+02 154 2 1 2.654e+02 2.806e+02 141 2 2 3.287e+02 3.433e+02 135 2 2 3.385e+01 5.015e+01 151 2 4 7.948e+01 8.852e+01 84 2 2 1.962e+02 2.238e+02 257 2 3 2.985e+02 3.315e+02 306 2 4 3.272e+02 3.448e+02 163 2 4 3.210e+01 5.190e+01 184 2 3 9.272e+01 1.173e+02 228 2 1 1.247e+02 1.693e+02 414 2 2 2.335e+02 2.705e+02 343 3 4 2.739e+01 5.661e+01 271
10054 6 0 3 6.090e+02 6.090e+02 -3 0 2 6.250e+02 6.350e+02 93 0 4 6.189e+02 6.411e+02 206 2 3 2.100e+01 2.100e+01 -10 2 4 3.767e+01 4.633e+01 80 2 3 1.393e+02 1.547e+02 142
10055 0
10056 0
10057 2 0 3 2.708e+02 2.752e+02 40 1 2 6.179e+02 6.421e+02 225
10058 53 0 4 4.620e+02 4.620e+02 -2 0 4 3.268e+02 3.452e+02 170 0 2 2.860e+02 3.020e+02 148 0 3 4.387e+02 4.433e+02 43 0 2 4.609e+02 4.631e+02 20 0 4 6.206e+02 6.394e+02 175 0 4 6.715e+02 6.725e+02 9 0 4 4.088e+02 4.312e+02 209 0 1 5.928e+02 6.252e+02 300 0 1 6.362e+02 6.658e+02 276 0 1 4.312e+02 4.508e+02 182 0 3 6.360e+02 6.660e+02 279 0 2 6.564e+02 6.876e+02 290 0 4 6.573e+02 6.867e+02 274 1 4 4.140e+02 4.260e+02 112 1 3 6.039e+02 6.141e+02 96 1 2 5.811e+02 5.949e+02 129 1 1 5.979e+02 6.201e+02 206 2 4 3.360e+02 3.360e+02 -17 2 1 5.662e+02 5.678e+02 15 2 1 1.890e+02 1.890e+02 -20 2 1 3.967e+02 4.013e+02 43 2 3 3.890e+02 4.090e+02 186 2 2 4.930e+02 5.150e+02 204 2 2 8.303e+01 8.497e+01 18 2 4 4.926e+02 5.154e+02 212 2 4 1.641e+02 1.719e+02 73 2 2 4.502e+02 4.738e+02 219 2 4 2.100e+02 2.100e+02 -11 2 3 4.661e+02 4.999e+02 314 2 2 3.331e+02 3.389e+02 54 2 1 6.300e+01 6.300e+01 -2 2 4 8.195e+01 8.605e+01 38 2 3 1.836e+02 1.944e+02 100 2 3 2.271e+02 2.349e+02 73 2 3 2.701e+02 2.759e+02 55 2 2 3.743e+02 3.817e+02 69 2 2 3.888e+01 4.512e+01 58 2 2 7.141e+01 9.659e+01 234 2 2 1.536e+02 1.824e+02 268 2 2 2.406e+02 2.634e+02 211 2 2 2.879e+02 3.001e+02 114 2 4 3.259e+02 3.461e+02 187 2 3 5.207e+01 7.393e+01 203 2 3 9.133e+01 1.187e+02 254 2 4 2.442e+02 2.598e+02 145 2 4 2.847e+02 3.033e+02 172 2 1 3.435e+02 3.705e+02 250 2 3 4.954e+00 3.705e+01 298 2 1 2.666e+02 2.794e+02 120 2 3 3.413e+02 3.727e+02 292 2 3 2.584e+02 2.876e+02 271 2 3 2.988e+02 3.312e+02 300
10059 22 0 2 6.293e+02 6.307e+02 13 0 1 6.442e+02 6.578e+02 126 0 3 4.738e+02 4.922e+02 171 0 4 6.203e+02 6.397e+02 180 0 4 6.646e+02 6.794e+02 137 0 1 4.709e+02 4.951e+02 225 0 1 5.947e+02 6.233e+02 266 0 3 6.355e+02 6.665e+02 287 0 2 6.132e+02 6.468e+02 312 0 2 6.599e+02 6.841e+02 226 0 4 6.545e+02 6.895e+02 326 0 1 6.286e+02 6.734e+02 416 2 2 8.012e+01 8.788e+01 72 2 2 1.640e+02 1.720e+02 74 2 3 2.230e+02 2.390e+02 148 2 3 5.342e+01 7.258e+01 178 2 2 2.049e+02 2.151e+02 96 2 4 1.128e+02 1.392e+02 245 2 2 1.487e+02 1.873e+02 358 2 4 1.983e+02 2.217e+02 218 2 4 6.567e+01 1.023e+02 340 3 1 1.065e+01 3.135e+01 192
10061 3 3 2 4.200e+02 4.200e+02 -11 3 1 6.361e+02 6.659e+02 276 3 2 1.947e+02 2.253e+02 285
10062 4 2 4 6.265e+02 6.335e+02 66 2 3 6.458e+02 6.562e+02 97 2 1 6.371e+02 6.649e+02 258 2 2 6.561e+02 6.879e+02 295
10063 6 0 3 6.496e+02 6.524e+02 26 2 1 1.470e+02 1.470e+02 -22 2 1 3.830e+00 3.817e+01 319 2 4 4.050e+02 4.350e+02 278 2 4 6.544e+01 1.026e+02 345 2 1 1.313e+02 1.627e+02 291
10065 17 0 4 4.574e+02 4.666e+02 86 0 1 5.621e+02 5.719e+02 91 0 2 6.260e+02 6.340e+02 74 0 3 5.605e+02 5.735e+02 121 0 4 5.755e+02 6.005e+02 231 0 3 5.945e+02 6.235e+02 270 2 1 1.865e+02 1.915e+02 47 2 4 4.186e+02 4.214e+02 26 2 2 1.251e+02 1.269e+02 16 2 1 1.436e+02 1.504e+02 63 2 3 5.122e+02 5.378e+02 238 2 1 2.192e+02 2.428e+02 219 2 4 7.738e+01 9.062e+01 123 2 1 1.736e+02 2.044e+02 286 2 1 2.127e+02 2.493e+02 340 2 3 9.622e+01 1.138e+02 163 2 4 1.126e+02 1.394e+02 250
10066 1 2 3 5.624e+02 5.716e+02 85
