4794 7 0 4 2.433e+02 2.607e+02 161 0 2 6.664e+02 6.776e+02 105 0 4 2.940e+02 2.940e+02 -1 0 4 6.660e+02 6.780e+02 111 0 1 2.639e+02 2.821e+02 170 0 3 2.609e+02 2.851e+02 225 0 2 2.823e+02 3.057e+02 218
4796 1 0 2 6.283e+02 6.317e+02 31
4797 9 0 1 1.009e+02 1.091e+02 76 0 2 6.926e+01 9.874e+01 274 1 3 2.680e+02 2.780e+02 93 1 4 2.878e+02 3.002e+02 115 1 2 2.803e+02 3.077e+02 255 2 4 4.139e+01 4.261e+01 11 2 4 1.564e+02 1.796e+02 216 2 2 2.806e+01 5.594e+01 259 3 1 1.900e+01 2.300e+01 37
4798 13 2 2 1.254e+02 1.266e+02 10 2 4 5.840e+02 5.920e+02 74 2 3 1.462e+02 1.478e+02 15 2 3 5.992e+02 6.188e+02 182 2 1 5.620e+01 6.980e+01 126 2 4 1.540e+02 1.820e+02 260 2 3 4.969e+01 7.631e+01 247 2 4 1.095e+02 1.425e+02 306 2 2 2.999e+01 5.401e+01 223 3 1 5.250e+02 5.250e+02 -3 3 4 4.986e+02 5.094e+02 100 3 3 5.176e+02 5.324e+02 138 3 2 4.878e+02 5.202e+02 301
4799 5 0 4 6.619e+02 6.821e+02 187 0 2 6.588e+02 6.852e+02 245 0 1 6.318e+02 6.702e+02 357 0 3 6.289e+02 6.731e+02 410 2 4 1.248e+02 1.272e+02 22
4800 11 0 4 1.654e+02 1.706e+02 49 0 3 2.307e+02 2.313e+02 6 0 3 2.715e+02 2.745e+02 27 0 3 1.841e+02 1.939e+02 91 0 4 3.253e+02 3.467e+02 199 2 4 2.482e+02 2.558e+02 71 2 3 3.121e+02 3.179e+02 53 2 2 3.302e+02 3.418e+02 107 2 1 1.429e+01 2.771e+01 125 2 4 2.768e+02 3.112e+02 319 2 3 1.290e+01 2.910e+01 150
4801 1 2 1 -1.821e+00 4.382e+01 424
4802 2 2 3 1.913e+01 2.287e+01 35 3 1 1.021e+02 1.079e+02 53
4803 4 1 3 5.669e+02 5.671e+02 1 1 1 5.563e+02 5.777e+02 199 1 4 5.707e+02 6.053e+02 321 1 2 5.278e+02 5.642e+02 339
4804 4 0 2 6.720e+02 6.720e+02 -6 0 3 5.243e+02 5.257e+02 14 0 4 6.688e+02 6.752e+02 59 0 2 5.444e+02 5.476e+02 29
4805 75 0 2 1.656e+02 1.704e+02 46 0 2 2.924e+02 2.956e+02 30 0 4 4.610e+02 4.630e+02 18 0 4 1.594e+02 1.766e+02 160 0 1 5.620e+02 5.720e+02 92 0 1 2.579e+02 2.881e+02 280 0 3 8.617e+01 1.238e+02 350 0 2 6.714e+02 6.726e+02 10 0 4 2.802e+02 3.078e+02 256 0 4 4.188e+02 4.212e+02 23 0 3 1.735e+02 2.045e+02 288 0 3 5.183e+02 5.317e+02 125 0 1 6.081e+02 6.099e+02 16 0 1 4.273e+02 4.547e+02 255 0 2 4.932e+02 5.148e+02 200 0 3 5.594e+02 5.746e+02 140 0 2 6.296e+02 6.304e+02 7 0 1 6.499e+02 6.521e+02 20 0 3 4.260e+02 4.560e+02 278 0 2 4.517e+02 4.723e+02 190 0 1 5.129e+02 5.371e+02 225 0 4 6.291e+02 6.309e+02 16 0 3 6.482e+02 6.538e+02 52 0 3 3.876e+02 4.104e+02 211 0 4 4.877e+02 5.203e+02 302 0 2 5.334e+02 5.586e+02 235 0 4 5.795e+02 5.965e+02 158 0 3 6.382e+02 6.638e+02 238 0 3 6.008e+02 6.172e+02 152 0 2 6.194e+02 6.406e+02 197 0 1 5.923e+02 6.257e+02 310 0 4 6.110e+02 6.490e+02 352 1 3 6.076e+02 6.104e+02 26 1 2 5.873e+02 5.887e+02 13 1 2 6.285e+02 6.315e+02 27 1 4 5.852e+02 5.908e+02 52 1 4 6.285e+02 6.315e+02 28 1 4 5.298e+02 5.622e+02 300 1 1 6.085e+02 6.095e+02 10 1 3 5.532e+02 5.808e+02 256 1 1 5.946e+02 6.234e+02 268 2 1 1.900e+01 2.300e+01 37 2 4 5.014e+02 5.066e+02 48 2 4 7.684e+01 9.116e+01 133 2 3 5.243e+02 5.257e+02 14 2 4 2.911e+02 2.969e+02 53 2 3 1.882e+01 2.318e+01 40 2 3 5.536e+02 5.804e+02 248 2 3 9.138e+01 1.186e+02 253 2 3 1.871e+02 1.909e+02 35 2 4 2.009e+02 2.191e+02 169 2 1 3.099e+02 3.201e+02 96 2 1 3.462e+02 3.678e+02 200 2 2 3.852e+01 4.548e+01 65 2 4 1.102e+02 1.418e+02 294 2 3 1.419e+02 1.521e+02 94 2 3 3.097e+02 3.203e+02 99 2 4 3.924e+01 4.476e+01 51 2 2 6.535e+01 1.026e+02 346 2 2 1.665e+02 1.695e+02 27 2 1 2.972e+02 3.328e+02 331 2 1 5.395e+01 7.205e+01 168 2 4 6.742e+01 1.006e+02 308 2 3 1.333e+02 1.607e+02 255 2 3 2.983e+02 3.317e+02 310 2 4 2.739e+01 5.661e+01 271 2 3 8.528e+01 1.247e+02 366 2 4 1.540e+02 1.820e+02 260 2 2 2.766e+02 3.114e+02 324 2 3 4.933e+01 7.667e+01 254 2 1 1.739e+02 2.041e+02 281 3 2 1.213e+02 1.307e+02 87 3 4 7.630e+01 9.170e+01 143 3 2 3.547e+01 4.853e+01 121 3 3 8.904e+01 1.210e+02 296
4807 6 2 4 3.774e+02 3.786e+02 10 2 1 6.300e+01 6.300e+01 -2 2 3 5.759e+01 6.841e+01 100 2 4 3.167e+02 3.553e+02 358 2 2 4.463e+02 4.777e+02 291 2 4 2.802e+01 5.598e+01 260
4809 13 0 3 2.728e+02 2.732e+02 3 0 1 5.831e+01 6.769e+01 87 0 3 5.682e+01 6.918e+01 115 0 4 1.927e+02 2.273e+02 320 0 1 1.770e+01 2.430e+01 61 0 4 2.865e+01 5.535e+01 248 0 2 2.726e+01 5.674e+01 274 1 3 2.270e+02 2.350e+02 74 1 1 2.258e+02 2.362e+02 97 1 4 2.417e+02 2.623e+02 190 1 2 1.927e+02 2.273e+02 320 1 1 2.539e+02 2.921e+02 354 1 1 2.107e+02 2.513e+02 377
4810 1 2 1 5.573e+02 5.767e+02 180
4811 0
4812 0
4813 0
4815 0
4817 0
4819 0
4820 0
4821 1 2 3 5.941e+02 6.239e+02 277
4825 9 0 2 6.604e+02 6.836e+02 216 0 2 4.957e+02 5.123e+02 155 0 4 6.551e+02 6.889e+02 315 1 3 5.250e+02 5.250e+02 -23 1 4 5.872e+02 5.888e+02 15 1 3 5.667e+02 5.673e+02 6 2 3 2.100e+01 2.100e+01 -6 2 1 2.079e+01 2.121e+01 4 2 2 2.681e+01 5.719e+01 282
4826 26 0 3 2.275e+02 2.345e+02 66 0 4 2.019e+02 2.181e+02 150 0 4 4.603e+02 4.637e+02 31 0 2 2.371e+02 2.669e+02 276 0 2 6.686e+02 6.754e+02 63 0 3 4.314e+02 4.506e+02 178 0 3 6.044e+02 6.136e+02 86 0 4 6.691e+02 6.749e+02 55 0 2 6.235e+02 6.365e+02 121 0 3 6.398e+02 6.622e+02 209 0 4 5.802e+02 5.958e+02 146 0 1 6.360e+02 6.660e+02 279 0 1 5.996e+02 6.184e+02 174 0 3 6.330e+02 6.690e+02 335 0 3 5.947e+02 6.233e+02 265 0 2 6.542e+02 6.898e+02 331 0 4 6.530e+02 6.910e+02 352 1 2 6.197e+02 6.403e+02 191 2 4 2.088e+02 2.112e+02 23 2 4 5.862e+02 5.898e+02 33 2 1 2.304e+02 2.316e+02 10 2 2 2.467e+02 2.573e+02 98 2 3 1.708e+02 2.072e+02 337 2 4 2.456e+02 2.584e+02 119 2 2 2.064e+02 2.136e+02 66 2 3 2.206e+02 2.414e+02 193
4827 2 0 3 6.493e+02 6.527e+02 31 0 4 6.540e+02 6.900e+02 334
4828 7 0 4 4.948e+02 5.132e+02 171 0 4 4.879e+02 5.201e+02 299 2 3 2.286e+02 2.334e+02 45 2 2 2.066e+02 2.134e+02 64 2 3 1.761e+02 2.019e+02 240 2 4 2.049e+02 2.151e+02 95 2 2 2.362e+02 2.678e+02 293
4829 0
4831 4 2 2 1.008e+02 1.512e+02 467 2 2 1.838e+02 2.362e+02 487 2 1 1.205e+02 1.735e+02 491 3 4 3.191e+02 3.529e+02 315
4833 0
4834 0
4835 10 0 2 2.940e+02 2.940e+02 -23 0 4 3.284e+02 3.436e+02 141 0 1 5.596e+02 5.744e+02 138 0 1 2.718e+02 2.742e+02 23 0 4 5.808e+02 5.952e+02 133 0 3 5.558e+02 5.782e+02 209 1 2 2.940e+02 2.940e+02 -1 1 1 4.819e+02 4.841e+02 20 2 2 4.160e+02 4.240e+02 75 2 1 4.206e+02 4.614e+02 378
4839 7 0 3 4.823e+02 4.837e+02 13 0 2 5.016e+02 5.064e+02 46 0 4 1.836e+02 2.364e+02 490 0 1 3.304e+02 3.836e+02 495 2 4 8.272e+01 8.528e+01 24 2 2 2.919e+02 2.961e+02 39 2 1 2.661e+02 2.799e+02 129
4840 7 0 1 5.995e+02 6.185e+02 176 0 2 6.675e+02 6.765e+02 83 0 1 4.321e+02 4.499e+02 165 0 3 6.044e+02 6.136e+02 86 0 4 6.639e+02 6.801e+02 150 1 4 6.226e+02 6.374e+02 137 1 1 1.636e+02 2.144e+02 471
4841 4 0 2 6.543e+02 6.897e+02 328 1 2 6.164e+02 6.436e+02 253 2 2 2.393e+01 6.007e+01 336 2 2 7.190e+01 9.610e+01 225
4842 24 0 4 4.617e+02 4.623e+02 5 0 1 6.090e+02 6.090e+02 -4 0 4 6.713e+02 6.727e+02 12 0 4 2.392e+02 2.648e+02 238 0 1 4.394e+02 4.426e+02 29 0 3 6.054e+02 6.126e+02 66 0 2 6.626e+02 6.814e+02 174 0 4 4.075e+02 4.325e+02 233 0 2 6.287e+02 6.313e+02 25 0 4 6.598e+02 6.842e+02 227 0 3 4.299e+02 4.521e+02 206 0 4 6.282e+02 6.318e+02 33 0 3 6.392e+02 6.628e+02 219 0 1 6.000e+02 6.180e+02 168 0 1 6.315e+02 6.705e+02 361 0 1 5.922e+02 6.258e+02 312 2 4 2.485e+02 2.555e+02 65 2 4 4.200e+01 4.200e+01 -6 2 3 1.451e+02 1.489e+02 35 2 1 5.184e+01 7.416e+01 207 2 2 1.662e+02 1.698e+02 34 2 4 2.010e+02 2.190e+02 168 2 4 1.108e+02 1.412e+02 282 2 1 1.401e+02 1.539e+02 128
4843 5 3 2 4.564e+02 4.676e+02 104 3 4 2.425e+02 2.615e+02 177 3 4 4.553e+02 4.687e+02 125 3 1 4.680e+02 4.980e+02 279 3 3 4.694e+02 4.966e+02 253
4844 8 0 4 3.266e+02 3.454e+02 175 0 4 6.586e+02 6.854e+02 250 1 4 6.159e+02 6.441e+02 262 2 2 2.922e+02 2.958e+02 33 2 4 3.690e+01 4.710e+01 95 2 1 2.584e+02 2.876e+02 270 2 1 5.198e+01 7.402e+01 205 2 3 7.559e+00 3.444e+01 250
4845 19 0 2 4.992e+02 5.088e+02 90 0 2 6.590e+02 6.850e+02 240 0 4 5.012e+02 5.068e+02 52 0 4 6.582e+02 6.858e+02 256 2 4 1.680e+02 1.680e+02 -21 2 1 6.090e+02 6.090e+02 -12 2 1 3.145e+02 3.155e+02 9 2 1 6.462e+02 6.558e+02 90 2 4 7.864e+01 8.936e+01 100 2 1 1.862e+02 1.918e+02 52 2 3 5.103e+02 5.397e+02 273 2 3 9.708e+01 1.129e+02 147 2 2 5.717e+02 6.043e+02 303 2 3 1.820e+02 1.960e+02 130 2 2 5.320e+02 5.600e+02 260 2 1 1.387e+02 1.553e+02 155 2 4 5.321e+02 5.599e+02 259 2 3 1.411e+02 1.529e+02 110 2 2 1.566e+02 1.794e+02 212
