5248 16 0 2 5.442e+02 5.478e+02 33 0 1 6.450e+02 6.570e+02 111 0 2 5.000e+02 5.080e+02 75 0 2 1.142e+02 1.378e+02 219 0 1 5.660e+02 5.680e+02 18 0 4 3.612e+02 3.948e+02 312 0 3 6.411e+02 6.609e+02 183 0 3 9.075e+01 1.192e+02 265 0 4 4.925e+02 5.155e+02 213 0 3 5.143e+02 5.357e+02 199 0 2 6.617e+02 6.823e+02 190 0 1 5.081e+02 5.419e+02 314 0 4 6.647e+02 6.793e+02 136 0 1 5.489e+02 5.851e+02 336 1 3 5.620e+02 5.720e+02 92 2 4 1.564e+02 1.796e+02 216
5249 0
5250 8 0 1 4.343e+02 4.477e+02 124 1 3 6.045e+02 6.135e+02 84 2 2 3.793e+01 4.607e+01 76 2 1 6.300e+01 6.300e+01 -1 2 4 4.975e+02 5.105e+02 120 2 3 1.884e+02 1.896e+02 11 2 3 5.229e+01 7.371e+01 199 2 2 2.578e+01 5.822e+01 301
5252 19 0 1 5.643e+02 5.697e+02 50 0 4 6.268e+02 6.332e+02 59 0 4 5.023e+02 5.057e+02 32 0 3 5.645e+02 5.695e+02 47 0 4 5.844e+02 5.916e+02 66 0 4 4.904e+02 5.176e+02 253 0 2 5.302e+02 5.618e+02 294 0 3 5.913e+02 6.267e+02 330 0 1 5.486e+02 5.854e+02 342 1 3 6.086e+02 6.094e+02 7 1 4 6.241e+02 6.359e+02 110 1 3 5.979e+02 6.201e+02 206 1 2 6.231e+02 6.369e+02 129 2 4 4.200e+01 4.200e+01 -15 2 4 8.052e+01 8.748e+01 65 2 1 6.104e+01 6.496e+01 36 2 3 8.855e+01 1.215e+02 306 2 2 3.287e+01 5.113e+01 170 2 3 5.059e+01 7.541e+01 230
5254 4 0 2 3.982e+01 4.418e+01 40 0 4 2.811e+01 5.589e+01 258 0 1 4.996e+01 7.604e+01 242 0 3 4.610e+01 7.990e+01 314
5257 22 0 2 2.395e+02 2.645e+02 233 0 3 6.510e+02 6.510e+02 -5 2 1 6.171e+01 6.429e+01 24 2 3 5.650e+02 5.690e+02 38 2 1 4.728e+02 4.932e+02 189 2 2 3.751e+02 3.809e+02 54 2 4 5.431e+02 5.489e+02 54 2 4 7.953e+01 8.847e+01 83 2 2 4.939e+02 5.141e+02 188 2 1 3.392e+02 3.748e+02 331 2 1 5.641e+02 5.699e+02 53 2 2 5.710e+02 6.050e+02 316 2 4 4.914e+02 5.166e+02 235 2 2 5.334e+02 5.586e+02 235 2 4 5.330e+02 5.590e+02 240 2 3 5.545e+02 5.795e+02 232 3 2 4.179e+02 4.221e+02 39 3 2 1.678e+02 1.682e+02 3 3 3 3.877e+02 4.103e+02 210 3 4 4.104e+02 4.296e+02 178 3 1 3.878e+02 4.102e+02 207 3 1 4.243e+02 4.577e+02 310
5258 0
5260 11 0 1 6.090e+02 6.090e+02 -20 0 3 6.510e+02 6.510e+02 -14 0 2 6.273e+02 6.327e+02 50 0 4 6.695e+02 6.745e+02 47 0 4 6.300e+02 6.300e+02 -5 0 2 6.654e+02 6.786e+02 122 0 3 5.949e+02 6.231e+02 261 0 4 6.615e+02 6.825e+02 196 0 3 6.340e+02 6.680e+02 316 2 4 1.160e+02 1.360e+02 186 2 4 7.459e+01 9.341e+01 175
5261 12 0 1 1.428e+02 1.512e+02 77 0 3 6.022e+02 6.158e+02 126 0 2 1.653e+02 1.707e+02 50 0 4 6.262e+02 6.338e+02 70 0 4 2.020e+02 2.180e+02 149 0 3 1.819e+02 1.961e+02 131 0 4 5.699e+02 6.061e+02 336 0 3 1.718e+02 2.062e+02 320 0 1 5.904e+02 6.276e+02 346 1 3 6.089e+02 6.091e+02 2 1 4 2.933e+02 2.947e+02 13 1 4 6.290e+02 6.310e+02 19
5262 15 0 4 4.455e+02 4.785e+02 307 1 3 6.235e+01 6.365e+01 12 1 1 6.050e+02 6.130e+02 75 1 4 7.711e+01 9.089e+01 128 1 2 6.254e+02 6.346e+02 86 1 4 1.097e+02 1.423e+02 303 1 1 5.905e+02 6.275e+02 344 1 4 6.414e+01 1.039e+02 369 2 4 5.438e+02 5.482e+02 40 2 1 1.440e+02 1.500e+02 56 2 3 5.594e+02 5.746e+02 140 2 4 1.126e+02 1.394e+02 248 2 3 1.425e+02 1.515e+02 83 2 2 1.090e+02 1.430e+02 316 2 1 1.336e+02 1.604e+02 248
5264 1 2 2 1.246e+02 1.274e+02 26
5265 10 1 1 1.879e+02 1.901e+02 20 1 3 2.294e+02 2.326e+02 30 1 1 1.756e+02 2.024e+02 249 1 1 2.163e+02 2.457e+02 272 3 4 4.613e+02 4.627e+02 13 3 1 4.410e+02 4.410e+02 -14 3 3 4.730e+02 4.930e+02 186 3 2 4.575e+02 4.665e+02 84 3 3 4.293e+02 4.527e+02 218 3 4 5.254e+02 5.666e+02 382
5267 9 0 2 6.291e+02 6.309e+02 16 0 1 5.567e+02 5.773e+02 190 0 4 5.830e+02 5.930e+02 93 0 3 6.424e+02 6.596e+02 160 0 3 5.547e+02 5.793e+02 228 0 4 6.183e+02 6.417e+02 217 0 1 6.378e+02 6.642e+02 245 2 3 2.007e+01 2.193e+01 17 2 4 2.523e+01 5.877e+01 311
5269 0
5273 12 0 4 6.694e+02 6.746e+02 48 0 4 3.874e+01 4.526e+01 60 0 2 6.699e+02 6.741e+02 40 0 4 6.501e+02 6.939e+02 406 1 2 6.256e+02 6.344e+02 81 2 4 3.829e+01 4.571e+01 69 2 4 7.823e+01 8.977e+01 107 2 3 5.768e+01 6.832e+01 99 2 3 4.426e+01 8.174e+01 348 2 1 7.512e+00 3.449e+01 250 2 3 6.344e+00 3.566e+01 272 2 1 -2.087e-01 4.221e+01 394
5274 12 0 1 4.777e+02 4.883e+02 98 0 1 9.950e+01 1.105e+02 102 0 2 2.897e+02 2.983e+02 80 0 2 1.212e+02 1.308e+02 89 0 4 4.919e+02 5.161e+02 225 0 1 1.319e+02 1.621e+02 281 0 4 1.511e+02 1.849e+02 315 0 2 4.859e+02 5.221e+02 336 1 3 7.836e+01 1.316e+02 495 1 4 9.972e+01 1.523e+02 488 2 1 8.228e+00 3.377e+01 237 2 3 2.305e+00 3.969e+01 347
5275 7 0 2 6.717e+02 6.723e+02 6 0 3 5.661e+02 5.679e+02 16 0 4 6.706e+02 6.734e+02 26 0 1 5.629e+02 5.711e+02 76 0 1 6.327e+02 6.693e+02 340 0 2 5.281e+02 5.639e+02 332 1 3 1.353e+02 1.587e+02 218
5276 8 0 2 8.222e+01 8.578e+01 33 0 2 1.184e+02 1.336e+02 140 0 4 7.186e+01 9.614e+01 226 0 3 6.459e+02 6.561e+02 95 0 1 4.364e+02 4.456e+02 86 0 3 9.053e+01 1.195e+02 269 1 2 6.274e+02 6.326e+02 49 1 1 5.950e+02 6.230e+02 260
5277 6 2 2 3.861e+01 4.539e+01 63 2 3 1.442e+01 2.758e+01 122 2 1 4.839e+01 7.761e+01 271 2 3 5.869e+02 6.311e+02 410 2 2 2.771e+02 3.109e+02 314 2 4 2.322e+01 6.078e+01 349
5278 3 2 3 2.298e+02 2.322e+02 22 2 4 2.074e+02 2.126e+02 49 2 1 3.419e+02 3.721e+02 280
5279 17 0 2 6.674e+02 6.766e+02 86 0 4 3.171e+02 3.549e+02 351 0 4 6.660e+02 6.780e+02 112 0 3 5.926e+02 6.254e+02 304 0 3 6.354e+02 6.666e+02 290 0 2 6.512e+02 6.928e+02 386 0 1 6.312e+02 6.708e+02 368 1 4 5.859e+02 5.901e+02 40 2 2 4.076e+01 4.324e+01 23 2 4 2.097e+02 2.103e+02 6 2 4 3.753e+01 4.647e+01 83 2 1 2.224e+02 2.396e+02 160 2 1 5.710e+01 6.890e+01 110 2 2 2.010e+02 2.190e+02 168 2 3 4.368e+01 8.232e+01 359 2 3 2.158e+02 2.462e+02 283 2 3 1.770e+00 4.023e+01 357
5280 6 0 3 1.626e+01 2.574e+01 88 0 2 3.183e+01 5.217e+01 189 0 4 2.752e+01 5.648e+01 269 1 4 5.861e+02 5.899e+02 35 1 1 2.647e+02 2.813e+02 155 2 3 1.971e+01 2.229e+01 24
5281 8 1 4 6.257e+02 6.343e+02 80 1 1 5.944e+02 6.236e+02 270 2 1 2.727e+02 2.733e+02 6 2 2 2.077e+02 2.123e+02 43 2 4 2.430e+02 2.610e+02 166 2 4 2.790e+02 3.090e+02 278 2 4 6.553e+01 1.025e+02 343 2 2 2.403e+02 2.637e+02 217
5283 3 0 3 2.268e+02 2.352e+02 78 0 4 2.425e+02 2.615e+02 176 0 2 2.378e+02 2.662e+02 263
5284 1 0 4 2.293e+02 2.747e+02 421
5285 8 1 4 5.371e+02 5.549e+02 166 2 4 3.306e+02 3.414e+02 100 2 1 1.949e+01 2.251e+01 28 2 1 3.485e+02 3.655e+02 158 2 3 8.588e+00 3.341e+01 230 2 3 3.515e+02 3.625e+02 102 2 2 3.589e+02 3.971e+02 356 2 2 3.196e+02 3.524e+02 305
5286 10 0 4 2.272e+01 6.128e+01 358 1 1 6.059e+02 6.121e+02 58 1 4 5.008e+02 5.072e+02 60 1 4 4.870e+02 5.210e+02 316 1 4 5.270e+02 5.650e+02 352 1 1 5.899e+02 6.281e+02 355 2 3 9.717e+01 1.128e+02 146 2 3 4.857e+01 7.743e+01 268 2 4 1.145e+02 1.375e+02 214 2 2 1.086e+02 1.434e+02 324
5287 0
5288 2 2 4 4.578e+02 4.662e+02 78 2 4 4.483e+02 4.757e+02 255
5289 0
5290 0
5291 4 2 4 2.925e+02 2.955e+02 27 2 4 5.453e+02 5.467e+02 12 2 1 4.462e+00 3.754e+01 307 2 3 5.564e+02 5.776e+02 196
5293 2 2 1 9.935e+00 3.207e+01 206 2 3 6.791e+00 3.521e+01 264
5294 5 0 1 5.525e+02 5.815e+02 270 0 1 5.972e+02 6.208e+02 219 0 1 5.895e+02 6.285e+02 361 1 1 5.221e+02 5.279e+02 54 1 4 5.361e+02 5.559e+02 184
5295 5 0 4 6.258e+02 6.342e+02 77 0 2 6.230e+02 6.370e+02 130 0 4 6.667e+02 6.773e+02 99 0 1 5.963e+02 6.217e+02 236 0 3 5.941e+02 6.239e+02 277
5297 1 1 1 4.745e+01 7.855e+01 289
5298 5 0 2 6.674e+02 6.766e+02 85 0 4 6.620e+02 6.820e+02 186 2 4 7.599e+01 9.201e+01 149 2 3 9.546e+01 1.145e+02 177 2 2 6.454e+01 1.035e+02 361
5299 14 0 2 2.927e+02 2.953e+02 25 0 1 4.363e+02 4.457e+02 88 0 4 2.826e+02 3.054e+02 211 0 2 4.609e+02 4.631e+02 20 0 1 2.548e+02 2.912e+02 339 0 4 6.149e+02 6.451e+02 280 0 2 6.688e+02 6.752e+02 59 0 3 4.698e+02 4.962e+02 245 0 1 6.357e+02 6.663e+02 284 2 4 8.321e+01 8.479e+01 15 2 4 2.032e+02 2.168e+02 126 2 3 9.609e+01 1.139e+02 166 2 4 2.423e+02 2.617e+02 180 2 2 6.943e+01 9.857e+01 270
