31510 2 0 2 6.539e+02 6.901e+02 336 0 4 6.514e+02 6.926e+02 383
31511 0
31514 13 0 4 3.343e+02 3.377e+02 32 0 3 6.082e+02 6.098e+02 16 0 3 6.463e+02 6.557e+02 88 0 4 4.193e+02 4.207e+02 12 0 3 5.939e+02 6.241e+02 280 0 3 5.536e+02 5.804e+02 250 0 3 6.371e+02 6.649e+02 258 0 1 6.241e+02 6.779e+02 499 1 3 5.669e+02 5.671e+02 1 1 3 3.889e+02 4.091e+02 188 1 4 4.013e+02 4.387e+02 346 1 4 5.737e+02 6.023e+02 266 2 1 2.396e+00 3.960e+01 346
31515 23 0 4 4.620e+02 4.620e+02 -10 0 2 6.300e+02 6.300e+02 0 0 4 3.716e+02 3.844e+02 119 0 3 6.510e+02 6.510e+02 -1 0 4 6.300e+02 6.300e+02 -16 0 1 6.510e+02 6.510e+02 -4 0 3 4.674e+02 4.986e+02 290 0 1 5.912e+02 6.268e+02 330 0 2 6.627e+02 6.813e+02 173 0 2 4.404e+02 4.836e+02 400 0 3 5.972e+02 6.208e+02 220 0 4 6.641e+02 6.799e+02 147 0 2 6.132e+02 6.468e+02 312 0 3 6.321e+02 6.699e+02 350 1 4 5.751e+02 6.009e+02 239 1 4 6.182e+02 6.418e+02 219 2 3 6.300e+01 6.300e+01 -17 2 2 1.672e+02 1.688e+02 15 2 3 2.100e+01 2.100e+01 -5 2 4 1.658e+02 1.702e+02 40 2 1 1.532e+01 2.668e+01 106 2 1 1.315e+02 1.625e+02 288 2 3 1.301e+02 1.639e+02 315
31516 0
31518 1 0 4 7.877e+01 8.923e+01 97
31519 16 0 1 4.819e+02 4.841e+02 20 0 3 6.104e+01 6.496e+01 36 0 3 4.734e+02 4.926e+02 178 0 4 8.155e+01 8.645e+01 46 0 1 5.231e+02 5.269e+02 36 0 4 6.230e+02 6.370e+02 130 0 3 4.493e+01 8.107e+01 336 0 4 4.969e+02 5.111e+02 132 0 3 5.123e+02 5.377e+02 236 0 3 6.365e+02 6.655e+02 269 0 2 4.891e+02 5.189e+02 277 0 2 5.344e+02 5.576e+02 216 0 2 6.522e+02 6.918e+02 367 1 2 6.208e+02 6.392e+02 171 1 4 6.147e+02 6.453e+02 284 2 4 2.508e+02 2.532e+02 23
31520 14 0 2 6.589e+02 6.851e+02 243 0 4 6.573e+02 6.867e+02 273 2 3 5.664e+02 5.676e+02 11 2 4 3.780e+01 4.620e+01 78 2 2 5.022e+02 5.058e+02 34 2 1 5.241e+02 5.259e+02 17 2 1 5.709e+01 6.891e+01 110 2 2 5.809e+02 5.951e+02 132 2 4 7.168e+01 9.632e+01 229 2 3 4.750e+02 4.910e+02 149 2 2 2.936e+01 5.464e+01 235 2 4 5.398e+02 5.522e+02 115 2 3 5.238e+01 7.362e+01 197 2 4 4.845e+02 5.235e+02 361
31521 38 0 1 5.648e+02 5.692e+02 40 0 4 6.292e+02 6.308e+02 15 0 2 6.214e+02 6.386e+02 160 0 2 5.311e+02 5.609e+02 277 0 1 5.992e+02 6.188e+02 182 0 3 5.925e+02 6.255e+02 307 2 3 2.026e+01 2.174e+01 14 2 3 4.821e+02 4.839e+02 17 2 3 9.986e+01 1.101e+02 96 2 2 5.451e+02 5.469e+02 17 2 3 2.295e+02 2.325e+02 27 2 2 5.030e+02 5.050e+02 19 2 3 3.137e+02 3.163e+02 24 2 4 4.485e+02 4.755e+02 251 2 2 3.255e+02 3.465e+02 195 2 4 4.157e+01 4.243e+01 8 2 4 1.242e+02 1.278e+02 34 2 1 1.377e+02 1.563e+02 173 2 4 2.836e+02 3.044e+02 194 2 1 5.956e+01 6.644e+01 64 2 4 6.450e+01 1.035e+02 362 2 3 1.419e+02 1.521e+02 95 2 4 1.950e+02 2.250e+02 278 2 1 2.588e+02 2.872e+02 263 2 3 6.122e+01 6.478e+01 33 2 2 1.051e+02 1.469e+02 388 2 3 1.286e+02 1.654e+02 342 2 1 2.140e+02 2.480e+02 316 2 1 2.957e+02 3.343e+02 359 2 1 1.267e+01 2.933e+01 155 2 2 6.531e+01 1.027e+02 347 2 2 1.525e+02 1.835e+02 288 2 2 3.560e+01 4.840e+01 119 2 1 2.712e+00 3.929e+01 340 2 2 2.551e+01 5.849e+01 306 3 1 1.020e+02 1.080e+02 56 3 2 1.150e+02 1.370e+02 205 3 1 1.283e+02 1.657e+02 348
31522 3 0 3 6.449e+02 6.571e+02 114 2 4 4.166e+02 4.234e+02 64 3 3 1.816e+02 1.964e+02 137
31525 19 0 1 5.644e+02 5.696e+02 49 0 3 6.498e+02 6.522e+02 23 0 2 6.708e+02 6.732e+02 22 0 4 5.727e+02 6.033e+02 284 0 4 6.674e+02 6.766e+02 86 0 4 6.111e+02 6.489e+02 351 0 1 6.449e+02 6.571e+02 114 0 3 6.411e+02 6.609e+02 183 0 2 6.612e+02 6.828e+02 200 0 4 6.595e+02 6.845e+02 232 0 4 6.528e+02 6.912e+02 357 2 2 2.099e+02 2.101e+02 1 2 4 8.101e+01 8.699e+01 56 2 4 6.984e+01 9.816e+01 263 2 3 1.782e+02 1.998e+02 201 2 4 1.961e+02 2.239e+02 258 2 4 2.631e+01 5.769e+01 291 2 1 2.150e+02 2.470e+02 296 3 4 3.970e+02 4.430e+02 428
31526 28 0 1 4.410e+02 4.410e+02 -6 0 3 5.588e+02 5.752e+02 152 0 4 5.778e+02 5.982e+02 189 1 3 6.058e+02 6.122e+02 60 1 1 6.048e+02 6.132e+02 78 1 2 5.726e+02 6.034e+02 286 2 3 2.290e+02 2.330e+02 38 2 2 2.926e+02 2.954e+02 26 2 4 3.740e+02 3.820e+02 74 2 1 6.239e+01 6.361e+01 11 2 4 6.110e+02 6.490e+02 352 2 4 1.236e+02 1.284e+02 44 2 1 1.461e+02 1.479e+02 17 2 1 2.269e+02 2.351e+02 76 2 1 3.124e+02 3.176e+02 48 2 2 3.360e+02 3.360e+02 0 2 3 6.221e+01 6.379e+01 15 2 2 8.321e+01 8.479e+01 15 2 2 2.369e+02 2.671e+02 280 2 3 3.139e+02 3.161e+02 20 2 2 3.262e+02 3.458e+02 182 2 1 2.097e+01 2.103e+01 0 2 3 1.288e+02 1.652e+02 339 2 4 1.921e+02 2.279e+02 333 2 4 2.865e+02 3.015e+02 139 2 4 3.170e+01 5.230e+01 191 2 3 2.563e+02 2.897e+02 310 2 3 9.844e+00 3.216e+01 207
31527 5 0 4 5.019e+02 5.061e+02 39 2 4 1.602e+02 1.758e+02 146 2 3 5.173e+02 5.327e+02 142 2 4 4.873e+02 5.207e+02 310 2 2 5.360e+02 5.560e+02 186
31528 3 0 4 4.521e+02 4.719e+02 185 2 4 4.618e+02 4.622e+02 3 2 4 2.808e+02 3.072e+02 245
31529 53 0 1 3.137e+02 3.163e+02 25 0 1 2.690e+02 2.770e+02 74 0 2 6.716e+02 6.724e+02 7 0 4 6.284e+02 6.316e+02 29 0 3 2.647e+02 2.813e+02 155 0 4 6.700e+02 6.740e+02 38 0 1 3.436e+02 3.704e+02 248 0 1 5.920e+02 6.260e+02 316 0 4 2.848e+02 3.032e+02 171 0 3 6.420e+02 6.600e+02 168 0 2 2.800e+02 3.080e+02 260 0 1 6.369e+02 6.651e+02 261 0 4 2.759e+02 3.121e+02 336 0 3 6.364e+02 6.656e+02 270 1 4 5.872e+02 5.888e+02 16 1 1 6.067e+02 6.113e+02 43 1 1 5.594e+02 5.746e+02 140 1 3 5.956e+02 6.224e+02 248 1 2 5.802e+02 5.958e+02 146 1 3 5.499e+02 5.841e+02 318 1 2 5.724e+02 6.036e+02 289 2 1 5.222e+02 5.278e+02 52 2 3 6.048e+02 6.132e+02 78 2 2 4.952e+02 5.128e+02 163 2 3 5.216e+02 5.284e+02 64 2 2 5.807e+02 5.953e+02 136 2 4 4.924e+02 5.156e+02 216 2 2 5.349e+02 5.571e+02 206 2 2 2.077e+02 2.123e+02 43 2 4 2.935e+02 2.945e+02 9 2 3 4.652e+02 5.008e+02 330 2 1 5.090e+02 5.410e+02 296 2 2 5.290e+02 5.630e+02 316 2 4 1.507e+02 1.853e+02 321 2 3 3.144e+02 3.156e+02 11 2 4 8.088e+01 8.712e+01 58 2 3 1.711e+02 2.069e+02 333 2 2 1.948e+02 2.252e+02 282 2 1 3.065e+02 3.235e+02 158 2 1 2.100e+01 2.100e+01 -6 2 2 7.787e+01 9.013e+01 114 2 3 2.121e+02 2.499e+02 351 2 3 3.039e+02 3.261e+02 206 2 3 2.100e+01 2.100e+01 -4 2 3 8.815e+01 1.219e+02 313 2 2 2.753e+02 3.127e+02 347 2 2 3.641e+01 4.759e+01 104 2 3 5.225e+01 7.375e+01 200 2 4 2.479e+01 5.921e+01 320 3 3 6.203e+01 6.397e+01 18 3 1 3.830e+00 3.817e+01 319 3 4 6.634e+01 1.017e+02 328 3 3 2.709e+00 3.929e+01 340
31530 9 1 4 2.520e+02 2.520e+02 -13 1 3 2.702e+02 2.758e+02 52 2 1 5.858e+01 6.742e+01 82 2 3 5.871e+01 6.729e+01 80 2 2 2.555e+01 5.845e+01 306 2 4 2.631e+01 5.769e+01 291 3 2 4.094e+01 4.306e+01 20 3 4 4.049e+01 4.351e+01 28 3 3 1.770e+00 4.023e+01 357
31531 6 0 2 6.674e+02 6.766e+02 85 0 4 6.300e+02 6.300e+02 -12 2 1 8.006e+00 3.399e+01 241 2 2 2.497e+01 5.903e+01 316 2 4 2.281e+01 6.119e+01 356 2 3 -4.022e+00 4.602e+01 465
31532 13 0 2 6.290e+02 6.310e+02 19 0 4 6.279e+02 6.321e+02 39 0 3 6.345e+02 6.675e+02 306 0 4 6.499e+02 6.941e+02 411 0 1 6.317e+02 6.703e+02 359 1 1 5.655e+02 5.685e+02 27 1 3 6.058e+02 6.122e+02 60 1 2 5.877e+02 5.883e+02 6 1 4 5.742e+02 6.018e+02 256 2 2 4.994e+02 5.086e+02 85 2 4 5.035e+02 5.045e+02 10 2 3 4.659e+02 5.001e+02 318 2 2 4.864e+02 5.216e+02 326
31533 1 0 2 6.032e+02 6.568e+02 498
31534 0
31535 12 0 2 6.300e+02 6.300e+02 -24 0 4 4.543e+02 4.697e+02 142 0 4 6.300e+02 6.300e+02 -20 0 3 6.494e+02 6.526e+02 30 0 2 4.489e+02 4.751e+02 243 0 1 5.957e+02 6.223e+02 246 0 2 6.599e+02 6.841e+02 226 0 4 6.552e+02 6.888e+02 312 2 2 5.040e+02 5.040e+02 -0 2 3 1.830e+02 1.950e+02 111 2 4 2.353e+02 2.687e+02 310 2 3 2.619e+02 2.841e+02 206
31536 22 0 1 4.801e+02 4.859e+02 53 0 2 3.771e+02 3.789e+02 17 0 3 3.908e+02 4.072e+02 152 0 4 5.024e+02 5.056e+02 30 0 3 5.670e+02 5.670e+02 -4 0 1 3.874e+02 4.106e+02 215 0 2 4.610e+02 4.630e+02 19 0 3 5.926e+02 6.254e+02 304 0 3 6.442e+02 6.578e+02 126 0 4 4.006e+02 4.394e+02 360 0 4 4.547e+02 4.693e+02 136 0 4 6.597e+02 6.843e+02 228 0 3 4.257e+02 4.563e+02 284 0 2 4.884e+02 5.196e+02 290 0 2 6.578e+02 6.862e+02 265 0 4 4.427e+02 4.813e+02 358 1 4 5.857e+02 5.903e+02 42 1 4 6.197e+02 6.403e+02 192 2 3 1.828e+01 2.372e+01 50 2 1 8.636e+00 3.336e+01 230 2 4 7.150e+01 9.650e+01 232 2 2 2.416e+01 5.984e+01 331
31537 10 0 4 4.148e+01 4.252e+01 10 0 2 1.634e+02 1.726e+02 86 0 1 8.814e+00 3.319e+01 226 0 3 1.245e+01 2.955e+01 159 2 2 8.370e+01 8.430e+01 6 2 4 7.845e+01 8.955e+01 103 2 3 4.646e+01 7.954e+01 307 2 1 9.127e+00 3.287e+01 220 2 3 6.435e+00 3.557e+01 270 2 2 2.115e+01 6.285e+01 387
31538 46 0 1 5.655e+02 5.685e+02 28 0 4 4.521e+02 4.719e+02 184 0 1 3.022e+02 3.278e+02 237 0 1 5.945e+02 6.235e+02 270 0 3 4.696e+02 4.964e+02 248 1 3 6.071e+02 6.109e+02 35 1 2 5.855e+02 5.905e+02 46 1 2 6.281e+02 6.319e+02 35 1 1 4.223e+02 4.597e+02 348 1 4 5.735e+02 6.025e+02 270 1 4 6.248e+02 6.352e+02 97 1 1 5.932e+02 6.248e+02 294 1 3 5.929e+02 6.251e+02 299 2 3 2.100e+01 2.100e+01 -0 2 4 8.303e+01 8.497e+01 18 2 4 5.454e+02 5.466e+02 10 2 1 1.848e+02 1.932e+02 78 2 3 4.382e+02 4.438e+02 51 2 4 2.504e+02 2.536e+02 30 2 4 4.582e+02 4.658e+02 70 2 2 3.771e+02 3.789e+02 17 2 2 3.991e+01 4.409e+01 39 2 2 4.520e+02 4.720e+02 186 2 4 1.255e+02 1.265e+02 9 2 3 5.562e+02 5.778e+02 200 2 1 1.447e+02 1.493e+02 43 2 4 3.600e+01 4.800e+01 111 2 4 4.028e+02 4.372e+02 319 2 2 1.143e+02 1.377e+02 217 2 1 4.699e+02 4.961e+02 244 2 4 1.566e+02 1.794e+02 212 2 3 4.692e+02 4.968e+02 256 2 4 2.333e+02 2.707e+02 347 2 2 4.842e+02 5.238e+02 368 2 3 2.608e+02 2.852e+02 227 2 2 4.426e+02 4.814e+02 360 2 1 8.363e+00 3.364e+01 235 2 2 1.083e+02 1.437e+02 329 2 3 1.745e+02 2.035e+02 269 2 2 2.519e+01 5.881e+01 312 2 3 1.337e+02 1.603e+02 247 2 4 2.515e+01 5.885e+01 313 2 2 1.496e+02 1.864e+02 341 2 1 4.682e+01 7.918e+01 300 3 1 5.570e+01 7.030e+01 136 3 4 2.245e+01 6.155e+01 363
31539 17 0 3 4.829e+02 4.831e+02 1 0 1 5.250e+02 5.250e+02 -12 0 1 6.072e+02 6.108e+02 33 0 4 6.707e+02 6.733e+02 24 0 2 5.017e+02 5.063e+02 42 0 3 6.035e+02 6.145e+02 102 0 1 6.467e+02 6.553e+02 80 0 4 4.058e+02 4.342e+02 263 0 4 4.932e+02 5.148e+02 200 0 2 6.222e+02 6.378e+02 146 0 3 6.443e+02 6.577e+02 125 0 2 4.889e+02 5.191e+02 280 0 2 6.625e+02 6.815e+02 176 0 4 6.587e+02 6.853e+02 246 1 3 2.218e+02 2.402e+02 171 1 4 2.366e+02 2.674e+02 286 3 1 1.384e+02 1.556e+02 160
31540 7 0 1 6.439e+02 6.581e+02 131 0 1 5.549e+02 5.791e+02 224 0 4 5.814e+02 5.946e+02 122 0 3 6.438e+02 6.582e+02 134 0 3 5.541e+02 5.799e+02 240 0 2 6.677e+02 6.763e+02 80 0 4 6.627e+02 6.813e+02 172
31541 13 0 3 5.897e+02 6.283e+02 359 0 2 6.519e+02 6.921e+02 373 0 2 4.777e+02 5.303e+02 488 0 4 6.480e+02 6.960e+02 446 2 2 4.600e+02 4.640e+02 36 2 1 5.939e+01 6.661e+01 67 2 4 4.609e+02 4.631e+02 20 2 3 6.006e+01 6.594e+01 55 2 3 4.240e+02 4.580e+02 316 2 4 3.206e+01 5.194e+01 185 2 2 2.779e+01 5.621e+01 264 2 1 1.454e+00 4.055e+01 363 2 3 5.587e-01 4.144e+01 380
31542 1 0 4 3.771e+02 3.789e+02 17
31543 0
31544 18 0 1 6.461e+02 6.559e+02 91 0 3 5.172e+02 5.328e+02 146 0 4 6.259e+02 6.341e+02 76 0 2 6.674e+02 6.766e+02 85 0 2 4.957e+02 5.123e+02 155 0 1 5.105e+02 5.395e+02 269 0 1 5.946e+02 6.234e+02 268 0 4 6.689e+02 6.751e+02 57 0 3 6.352e+02 6.668e+02 293 0 1 6.341e+02 6.679e+02 313 2 1 1.453e+02 1.487e+02 32 2 4 1.154e+02 1.366e+02 196 2 1 2.170e+02 2.450e+02 260 2 3 8.680e+01 1.232e+02 338 2 3 1.274e+02 1.666e+02 364 2 3 2.176e+02 2.444e+02 249 2 4 6.167e+01 1.063e+02 415 2 4 1.891e+02 2.309e+02 388
31545 7 2 1 1.662e+01 2.538e+01 81 2 3 1.110e+01 3.090e+01 184 2 4 3.179e+02 3.541e+02 336 3 1 2.692e+02 2.768e+02 71 3 3 2.699e+02 2.761e+02 57 3 2 2.915e+02 2.965e+02 47 3 4 2.909e+02 2.971e+02 58
31546 9 0 1 5.248e+02 5.252e+02 4 0 4 6.720e+02 6.720e+02 -10 0 4 4.508e+02 4.732e+02 208 0 3 5.176e+02 5.324e+02 138 0 1 6.390e+02 6.630e+02 223 0 2 5.361e+02 5.559e+02 185 1 1 1.374e+02 1.566e+02 178 2 3 2.043e+01 2.157e+01 10 2 4 1.599e+02 1.761e+02 150
31547 15 0 3 2.048e+01 2.152e+01 10 0 3 5.641e+02 5.699e+02 55 0 1 4.954e+00 3.705e+01 298 0 2 6.165e+02 6.435e+02 251 0 4 2.721e+01 5.679e+01 275 0 4 6.657e+02 6.783e+02 117 1 1 1.855e+02 1.925e+02 65 1 2 2.474e+02 2.566e+02 85 1 2 6.295e+02 6.305e+02 9 1 3 2.239e+02 2.381e+02 132 1 4 6.245e+02 6.355e+02 101 1 2 1.514e+02 1.846e+02 309 1 4 2.348e+02 2.692e+02 319 2 3 2.100e+01 2.100e+01 -6 2 1 3.140e+02 3.160e+02 18
31548 27 0 4 5.844e+02 5.916e+02 67 0 2 6.672e+02 6.768e+02 89 0 4 4.130e+02 4.270e+02 130 0 1 5.539e+02 5.801e+02 244 0 4 6.689e+02 6.751e+02 58 0 3 5.511e+02 5.829e+02 296 0 1 6.375e+02 6.645e+02 250 1 4 6.158e+02 6.442e+02 264 2 4 8.272e+01 8.528e+01 24 2 3 1.430e+02 1.510e+02 74 2 4 2.059e+02 2.141e+02 76 2 1 1.550e+01 2.650e+01 102 2 2 1.242e+02 1.278e+02 33 2 4 2.495e+02 2.545e+02 46 2 1 2.556e+02 2.904e+02 324 2 3 1.649e+01 2.551e+01 84 2 2 8.052e+01 8.748e+01 65 2 1 1.310e+02 1.630e+02 297 2 3 2.172e+02 2.448e+02 256 2 3 2.573e+02 2.887e+02 292 2 3 4.309e+01 8.291e+01 370 2 4 7.653e+01 9.147e+01 139 2 2 2.332e+02 2.708e+02 349 2 3 9.631e+01 1.137e+02 161 2 2 1.903e+02 2.297e+02 366 2 2 6.921e+01 9.879e+01 275 2 3 8.810e+01 1.219e+02 314
31549 4 0 1 5.153e+02 5.347e+02 180 0 3 5.128e+02 5.372e+02 226 0 4 6.527e+02 6.913e+02 358 0 2 5.256e+02 5.664e+02 380
31550 3 0 4 4.197e+02 4.203e+02 6 0 1 3.825e+02 4.155e+02 306 0 3 3.818e+02 4.162e+02 320
31551 5 0 4 4.974e+02 5.106e+02 122 0 3 4.718e+02 4.942e+02 209 2 3 5.250e+02 5.250e+02 -13 2 4 4.941e+02 5.139e+02 183 2 2 5.350e+02 5.570e+02 205
31552 12 0 1 6.430e+02 6.590e+02 148 0 3 6.421e+02 6.599e+02 165 0 2 6.600e+02 6.840e+02 222 0 4 6.604e+02 6.836e+02 216 2 1 5.844e+01 6.756e+01 85 2 3 5.920e+01 6.680e+01 70 2 2 6.881e+01 9.919e+01 282 2 4 6.728e+01 1.007e+02 310 3 3 1.258e+01 2.942e+01 156 3 1 1.151e+01 3.049e+01 176 3 2 3.120e+01 5.280e+01 200 3 4 2.959e+01 5.441e+01 230
31553 20 0 3 1.857e+02 1.923e+02 60 0 4 6.703e+02 6.737e+02 31 0 1 1.424e+02 1.516e+02 86 0 4 4.127e+02 4.273e+02 135 0 4 1.569e+02 1.791e+02 206 0 1 6.489e+02 6.531e+02 39 0 3 4.343e+02 4.477e+02 125 0 3 6.472e+02 6.548e+02 70 0 1 3.869e+02 4.111e+02 224 0 2 6.685e+02 6.755e+02 65 0 1 6.395e+02 6.625e+02 214 0 2 6.602e+02 6.838e+02 219 1 2 6.297e+02 6.303e+02 6 1 1 6.089e+02 6.091e+02 2 1 2 6.112e+02 6.488e+02 349 2 2 2.898e+02 2.982e+02 77 2 3 1.725e+01 2.475e+01 70 2 1 8.767e+00 3.323e+01 227 2 2 3.277e+01 5.123e+01 171 3 3 7.512e+00 3.449e+01 250
31554 0
31555 0
31556 6 2 2 3.955e+01 4.445e+01 46 2 4 3.614e+01 4.786e+01 109 2 2 7.836e+01 8.964e+01 105 2 3 6.122e+00 3.588e+01 276 2 4 7.437e+01 9.363e+01 179 2 1 4.579e+01 8.021e+01 320
31557 3 0 4 5.875e+02 5.885e+02 9 0 4 5.689e+02 6.071e+02 355 2 4 2.010e+02 2.190e+02 166
31558 4 2 1 6.203e+01 6.397e+01 18 2 2 4.125e+02 4.275e+02 139 2 4 6.912e+01 9.888e+01 276 2 2 6.557e+02 6.883e+02 303
31559 11 1 1 5.630e+02 5.710e+02 75 1 3 5.645e+02 5.695e+02 47 1 4 5.861e+02 5.899e+02 36 1 2 5.738e+02 6.022e+02 264 1 4 5.686e+02 6.074e+02 360 2 2 4.085e+01 4.315e+01 21 2 3 3.144e+02 3.156e+02 11 2 1 1.554e+01 2.646e+01 101 2 3 1.182e+01 3.018e+01 170 2 4 2.515e+01 5.885e+01 313 2 1 4.884e+01 7.716e+01 263
31560 2 2 1 1.458e+02 1.482e+02 23 2 2 1.241e+02 1.279e+02 35
31561 2 0 2 6.562e+02 6.878e+02 294 0 4 6.536e+02 6.904e+02 342
31562 7 2 3 6.181e+01 6.419e+01 22 2 1 1.927e+01 2.273e+01 32 2 3 2.610e+02 2.850e+02 223 2 2 4.108e+01 4.292e+01 17 2 4 2.537e+01 5.863e+01 309 3 1 3.570e+02 3.570e+02 -24 3 2 7.998e+01 8.802e+01 75
31563 1 1 2 6.073e+02 6.527e+02 421
31564 4 0 2 3.768e+02 3.792e+02 22 0 4 3.724e+02 3.836e+02 105 0 3 3.826e+02 4.154e+02 306 0 1 3.445e+02 3.695e+02 231
31565 13 0 3 1.035e+02 1.065e+02 28 0 1 5.665e+02 5.675e+02 9 0 1 6.085e+02 6.095e+02 9 0 2 7.949e+01 8.851e+01 84 0 4 4.996e+02 5.084e+02 82 0 4 5.867e+02 5.893e+02 25 0 3 5.604e+02 5.736e+02 122 0 1 5.523e+02 5.817e+02 273 2 3 1.451e+02 1.489e+02 36 2 2 1.244e+02 1.276e+02 30 2 4 1.179e+02 1.341e+02 150 2 1 1.298e+02 1.642e+02 320 2 3 8.779e+01 1.222e+02 320
31567 18 0 1 3.988e+02 3.992e+02 3 0 4 4.193e+02 4.207e+02 14 0 3 3.817e+02 4.163e+02 322 1 1 2.730e+02 2.730e+02 -20 1 3 1.828e+02 1.952e+02 115 1 3 2.262e+02 2.358e+02 90 1 1 3.150e+02 3.150e+02 -4 1 2 1.574e+02 1.786e+02 197 1 2 2.486e+02 2.554e+02 64 1 3 3.093e+02 3.207e+02 106 1 4 1.606e+02 1.754e+02 138 1 1 2.150e+02 2.470e+02 296 1 4 2.788e+02 3.092e+02 283 1 1 2.557e+02 2.903e+02 321 3 2 2.482e+02 2.558e+02 70 3 4 2.464e+02 2.576e+02 105 3 3 2.581e+02 2.879e+02 276 3 1 2.560e+02 2.900e+02 316
31569 8 0 3 6.505e+02 6.515e+02 10 0 4 6.700e+02 6.740e+02 36 0 2 6.642e+02 6.798e+02 146 0 2 6.520e+02 6.920e+02 370 2 3 1.366e+01 2.834e+01 136 2 2 3.318e+01 5.082e+01 164 2 1 4.641e+00 3.736e+01 304 2 4 2.420e+01 5.980e+01 330
31570 13 0 2 2.084e+02 2.116e+02 30 0 4 6.700e+02 6.740e+02 36 0 4 2.487e+02 2.553e+02 61 0 1 6.467e+02 6.553e+02 80 0 3 6.417e+02 6.603e+02 172 0 2 6.523e+02 6.917e+02 366 1 4 4.169e+02 4.231e+02 57 1 4 4.605e+02 4.635e+02 27 1 3 5.208e+02 5.292e+02 79 1 4 5.316e+02 5.604e+02 268 1 4 4.437e+02 4.803e+02 340 1 4 4.878e+02 5.202e+02 301 1 3 5.501e+02 5.839e+02 315
31571 13 0 4 4.598e+02 4.642e+02 41 0 2 6.683e+02 6.757e+02 69 0 2 5.019e+02 5.061e+02 39 0 1 6.004e+02 6.176e+02 160 0 1 6.432e+02 6.588e+02 146 0 4 4.948e+02 5.132e+02 171 0 3 5.086e+02 5.414e+02 304 0 3 5.992e+02 6.188e+02 182 0 4 6.646e+02 6.794e+02 137 0 1 4.652e+02 5.008e+02 330 2 3 1.432e+02 1.508e+02 71 2 2 5.730e+02 6.030e+02 279 3 1 3.918e+02 4.062e+02 133
31572 0
31573 1 0 4 4.604e+02 4.636e+02 29
31574 16 1 4 6.283e+02 6.317e+02 32 1 2 5.859e+02 5.901e+02 39 1 3 6.036e+02 6.144e+02 100 1 2 5.733e+02 6.027e+02 272 2 4 2.504e+02 2.536e+02 29 2 1 2.673e+02 2.787e+02 106 2 4 5.387e+02 5.533e+02 136 2 3 1.886e+01 2.314e+01 40 2 2 2.422e+02 2.618e+02 182 2 4 5.316e+02 5.604e+02 267 2 1 8.545e+00 3.346e+01 231 2 4 5.663e+02 6.097e+02 404 2 4 2.344e+02 2.696e+02 326 2 3 2.575e+02 2.885e+02 288 2 2 3.022e+01 5.378e+01 219 2 4 2.532e+01 5.868e+01 310
31575 16 0 2 1.649e+02 1.711e+02 57 0 3 1.790e+02 1.990e+02 186 0 4 6.277e+02 6.323e+02 43 0 4 1.926e+02 2.274e+02 324 0 1 6.384e+02 6.636e+02 235 0 2 6.192e+02 6.408e+02 201 0 3 6.432e+02 6.588e+02 145 0 4 6.145e+02 6.455e+02 288 1 3 6.048e+02 6.132e+02 79 1 3 5.951e+02 6.229e+02 258 2 4 4.183e+02 4.217e+02 31 2 1 7.646e+00 3.435e+01 248 2 1 4.335e+02 4.485e+02 140 2 3 4.506e+00 3.749e+01 306 2 2 4.099e+02 4.301e+02 188 2 3 4.266e+02 4.554e+02 268
31577 29 0 1 5.556e+02 5.784e+02 212 0 4 5.813e+02 5.947e+02 125 0 3 5.541e+02 5.799e+02 240 0 4 6.522e+02 6.918e+02 367 0 1 4.562e+02 5.098e+02 497 0 1 6.298e+02 6.722e+02 393 0 1 4.149e+02 4.671e+02 485 0 3 4.620e+02 5.040e+02 390 0 2 6.473e+02 6.967e+02 459 0 4 4.805e+02 5.275e+02 436 0 4 6.463e+02 6.977e+02 478 1 1 5.657e+02 5.683e+02 25 1 3 5.640e+02 5.700e+02 56 1 2 5.705e+02 6.055e+02 325 1 4 5.721e+02 6.039e+02 295 2 2 8.195e+01 8.605e+01 38 2 2 2.658e+01 5.742e+01 286 2 4 8.061e+01 8.739e+01 63 2 1 4.529e+01 8.071e+01 329 2 4 1.089e+02 1.431e+02 317 2 1 1.257e+02 1.683e+02 396 2 3 4.601e+01 7.999e+01 316 2 2 9.941e+01 1.526e+02 494 2 4 2.165e+01 6.235e+01 378 2 3 -5.324e+00 4.732e+01 489 3 2 3.744e+01 4.656e+01 85 3 4 3.892e+01 4.508e+01 57 3 1 4.812e+01 7.788e+01 276 3 3 4.745e+01 7.855e+01 289
