26821 5 0 2 6.556e+02 6.884e+02 305 0 4 4.012e+02 4.388e+02 350 0 4 6.537e+02 6.903e+02 340 0 1 4.250e+02 4.570e+02 298 3 4 5.435e+02 5.485e+02 47
26822 9 0 1 4.751e+02 4.909e+02 147 0 3 5.592e+02 5.748e+02 146 0 4 6.669e+02 6.771e+02 96 0 4 4.112e+02 4.288e+02 163 0 1 5.151e+02 5.349e+02 183 3 2 3.308e+02 3.412e+02 97 3 1 3.436e+02 3.704e+02 250 3 4 2.850e+02 3.030e+02 166 3 1 3.007e+02 3.293e+02 265
26824 5 0 1 4.830e+02 4.830e+02 0 0 3 4.780e+02 4.880e+02 92 1 4 6.285e+02 6.315e+02 28 2 4 3.360e+02 3.360e+02 -9 2 2 3.729e+02 3.831e+02 94
26831 0
26833 5 0 3 5.042e+02 5.458e+02 386 0 2 4.796e+02 5.284e+02 454 0 4 4.779e+02 5.301e+02 485 1 4 5.880e+02 5.880e+02 -15 1 4 5.371e+02 5.549e+02 166
26839 23 0 2 2.519e+02 2.521e+02 2 0 1 2.279e+02 2.341e+02 57 0 3 6.041e+02 6.139e+02 91 0 3 2.718e+02 2.742e+02 23 0 4 2.927e+02 2.953e+02 25 0 2 5.437e+02 5.483e+02 43 0 1 1.692e+02 2.088e+02 368 0 4 6.216e+02 6.384e+02 156 0 4 6.707e+02 6.733e+02 25 0 1 5.656e+02 5.684e+02 26 0 1 6.024e+02 6.156e+02 123 0 1 6.401e+02 6.619e+02 203 0 2 6.135e+02 6.465e+02 306 0 4 6.628e+02 6.812e+02 170 1 2 6.239e+02 6.361e+02 113 1 3 8.711e+01 1.229e+02 332 1 4 6.186e+02 6.414e+02 211 2 4 3.322e+02 3.398e+02 70 2 4 7.724e+01 9.076e+01 126 2 3 3.514e+02 3.626e+02 104 2 2 3.649e+02 3.911e+02 244 2 1 3.405e+02 3.735e+02 307 3 4 4.620e+02 4.620e+02 -4
26842 10 2 2 4.200e+01 4.200e+01 -4 2 2 2.507e+02 2.533e+02 24 2 1 6.217e+01 6.383e+01 16 2 2 8.321e+01 8.479e+01 15 2 4 2.431e+02 2.609e+02 165 2 3 2.677e+02 2.783e+02 99 2 3 6.300e+01 6.300e+01 -4 2 4 3.847e+01 4.553e+01 66 2 3 5.627e+00 3.637e+01 286 2 1 4.682e+01 7.918e+01 300
26843 10 0 2 6.502e+02 6.938e+02 406 0 4 6.470e+02 6.970e+02 465 3 2 5.039e+02 5.041e+02 2 3 4 4.183e+02 4.217e+02 32 3 1 5.249e+02 5.251e+02 1 3 2 4.577e+02 4.663e+02 80 3 3 5.129e+02 5.371e+02 225 3 4 4.559e+02 4.681e+02 113 3 3 4.223e+02 4.597e+02 347 3 4 4.035e+02 4.365e+02 307
26845 14 0 4 2.090e+02 2.110e+02 19 0 1 1.792e+02 1.988e+02 181 0 3 5.995e+02 6.185e+02 176 0 3 1.762e+02 2.018e+02 238 0 2 2.003e+02 2.197e+02 180 0 3 5.493e+02 5.847e+02 329 2 1 6.145e+01 6.455e+01 29 2 3 5.916e+01 6.684e+01 71 2 2 1.205e+02 1.315e+02 101 2 4 2.995e+01 5.405e+01 224 2 4 1.151e+02 1.369e+02 202 2 3 5.086e+01 7.514e+01 226 2 3 9.335e+01 1.166e+02 216 2 2 2.317e+01 6.083e+01 350
26849 0
26856 4 2 2 2.069e+02 2.131e+02 57 2 3 1.793e+02 1.987e+02 180 2 4 1.965e+02 2.235e+02 251 2 1 1.715e+02 2.065e+02 325
26857 8 0 3 1.043e+02 1.057e+02 14 0 3 6.490e+02 6.530e+02 38 1 1 6.068e+02 6.112e+02 41 1 4 6.295e+02 6.305e+02 10 1 2 6.184e+02 6.416e+02 215 1 3 5.968e+02 6.212e+02 226 2 4 8.308e+01 8.492e+01 17 2 4 4.031e+01 4.369e+01 31
26861 54 0 4 6.545e+02 6.895e+02 325 1 4 4.617e+02 4.623e+02 6 1 2 4.521e+02 4.719e+02 183 1 1 5.945e+02 6.235e+02 269 1 4 2.328e+02 2.712e+02 357 1 4 4.403e+02 4.837e+02 403 2 4 3.356e+02 3.364e+02 7 2 4 4.606e+02 4.634e+02 26 2 4 1.662e+02 1.698e+02 33 2 4 5.872e+02 5.888e+02 16 2 1 2.303e+02 2.317e+02 12 2 1 3.924e+02 4.056e+02 123 2 2 2.926e+02 2.954e+02 26 2 3 4.812e+02 4.848e+02 33 2 2 3.738e+02 3.822e+02 79 2 3 6.078e+02 6.102e+02 23 2 1 6.006e+01 6.594e+01 55 2 3 3.918e+02 4.062e+02 133 2 4 1.256e+02 1.264e+02 8 2 2 4.995e+02 5.085e+02 84 2 1 1.877e+02 1.903e+02 25 2 2 4.144e+02 4.256e+02 104 2 2 2.084e+02 2.116e+02 30 2 2 4.556e+02 4.684e+02 119 2 4 2.933e+02 2.947e+02 12 2 3 4.273e+02 4.547e+02 254 2 4 3.742e+02 3.818e+02 71 2 3 4.689e+02 4.971e+02 262 2 3 6.181e+01 6.419e+01 22 2 2 7.765e+01 9.035e+01 118 2 3 1.856e+02 1.924e+02 63 2 4 2.050e+02 2.150e+02 92 2 3 3.118e+02 3.182e+02 60 2 1 3.480e+02 3.660e+02 166 2 4 3.143e+01 5.257e+01 196 2 2 6.979e+01 9.821e+01 264 2 1 1.451e+02 1.489e+02 36 2 2 2.425e+02 2.615e+02 176 2 1 2.661e+02 2.799e+02 128 2 3 3.503e+02 3.637e+02 124 2 3 4.875e+01 7.725e+01 265 2 4 6.760e+01 1.004e+02 305 2 2 1.569e+02 1.791e+02 206 2 4 2.427e+02 2.613e+02 172 2 1 3.034e+02 3.266e+02 216 2 2 3.193e+02 3.527e+02 310 2 2 1.092e+02 1.428e+02 312 2 1 1.751e+02 2.029e+02 259 2 3 2.135e+02 2.485e+02 326 2 3 3.018e+02 3.282e+02 246 2 3 1.367e+02 1.573e+02 190 2 3 2.581e+02 2.879e+02 276 2 3 1.726e+02 2.054e+02 306 2 1 2.956e+02 3.344e+02 360
26863 5 0 4 6.720e+02 6.720e+02 -18 0 2 6.676e+02 6.764e+02 81 1 4 4.975e+02 5.105e+02 120 3 4 3.829e+01 4.571e+01 69 3 4 2.250e+01 6.150e+01 362
26865 6 2 4 2.500e+02 2.540e+02 37 2 2 2.937e+02 2.943e+02 6 2 2 2.357e+02 2.683e+02 302 2 3 3.104e+02 3.196e+02 86 2 3 2.958e+02 3.342e+02 357 2 3 2.564e+02 2.896e+02 308
26869 2 2 3 1.883e+02 1.897e+02 12 2 4 2.052e+02 2.148e+02 90
26875 12 0 2 5.313e+02 5.607e+02 272 0 4 6.607e+02 6.833e+02 210 0 4 4.044e+02 4.356e+02 289 0 2 6.200e+02 6.400e+02 186 0 4 6.240e+02 6.360e+02 110 0 3 5.967e+02 6.213e+02 228 0 4 5.688e+02 6.072e+02 356 1 4 6.171e+02 6.429e+02 240 2 1 4.783e+02 4.877e+02 87 2 3 4.768e+02 4.892e+02 115 2 4 4.514e+02 4.726e+02 196 2 2 4.448e+02 4.792e+02 319
26878 11 0 2 6.702e+02 6.738e+02 34 0 3 5.118e+02 5.382e+02 245 0 4 6.709e+02 6.731e+02 20 0 3 6.326e+02 6.694e+02 342 0 1 6.320e+02 6.700e+02 353 1 2 5.306e+02 5.614e+02 286 2 4 1.669e+02 1.691e+02 21 2 1 5.840e+01 6.760e+01 86 2 3 1.843e+02 1.937e+02 88 2 4 6.984e+01 9.816e+01 263 2 3 8.554e+01 1.245e+02 361
26879 22 0 3 4.793e+02 4.867e+02 68 0 4 2.096e+02 2.104e+02 8 0 4 4.509e+02 4.731e+02 206 2 4 1.680e+02 1.680e+02 -11 2 2 3.318e+02 3.402e+02 78 2 3 6.300e+01 6.300e+01 -11 2 2 1.258e+02 1.262e+02 4 2 3 1.888e+02 1.892e+02 4 2 2 2.940e+02 2.940e+02 -5 2 4 3.312e+02 3.408e+02 89 2 4 8.400e+01 8.400e+01 -18 2 1 1.838e+02 1.942e+02 96 2 4 2.885e+02 2.995e+02 103 2 3 3.563e+02 3.577e+02 13 2 3 1.806e+01 2.394e+01 55 2 2 6.746e+01 1.005e+02 307 2 2 1.584e+02 1.776e+02 179 2 1 3.131e+02 3.169e+02 36 2 4 2.968e+01 5.432e+01 229 2 3 2.635e+02 2.825e+02 177 2 3 4.969e+01 7.631e+01 247 2 2 2.834e+02 3.046e+02 197
26883 0
26886 32 0 1 2.279e+02 2.341e+02 57 0 2 2.496e+02 2.544e+02 44 0 3 2.695e+02 2.765e+02 65 0 4 2.277e+02 2.763e+02 450 0 4 2.843e+02 3.037e+02 180 0 1 3.392e+02 3.748e+02 330 2 1 1.888e+02 1.892e+02 3 2 1 5.670e+02 5.670e+02 -1 2 1 3.150e+02 3.150e+02 -8 2 4 6.294e+02 6.306e+02 10 2 3 1.518e+01 2.682e+01 108 2 3 5.654e+02 5.686e+02 30 2 4 8.101e+01 8.699e+01 56 2 3 6.441e+02 6.579e+02 128 2 3 1.843e+02 1.937e+02 87 2 3 3.143e+02 3.157e+02 14 2 2 5.295e+02 5.625e+02 306 2 1 5.458e+01 7.142e+01 156 2 2 6.625e+02 6.815e+02 176 2 3 1.012e+02 1.088e+02 70 2 4 5.310e+02 5.610e+02 279 2 1 1.470e+02 1.470e+02 -13 2 2 1.960e+02 2.240e+02 260 2 4 2.811e+02 3.069e+02 240 2 2 3.204e+02 3.516e+02 290 2 3 5.386e+01 7.214e+01 170 2 2 1.587e+02 1.773e+02 172 2 1 1.200e+01 3.000e+01 167 2 4 1.636e+02 1.724e+02 81 2 1 1.717e+02 2.063e+02 321 2 3 1.707e+02 2.073e+02 340 3 1 5.449e+01 7.151e+01 158
26888 3 0 3 3.917e+02 4.063e+02 136 0 3 5.225e+02 5.275e+02 46 1 4 6.205e+02 6.395e+02 177
26891 10 0 3 6.069e+02 6.111e+02 39 0 4 6.713e+02 6.727e+02 14 0 3 5.636e+02 5.704e+02 64 0 2 6.212e+02 6.388e+02 164 0 3 6.475e+02 6.545e+02 66 0 3 5.565e+02 5.775e+02 196 0 4 6.192e+02 6.408e+02 200 0 1 6.363e+02 6.657e+02 273 0 3 5.467e+02 5.873e+02 377 0 3 5.962e+02 6.218e+02 237
26894 6 0 3 6.056e+02 6.124e+02 64 0 2 5.387e+02 5.533e+02 136 0 4 6.163e+02 6.437e+02 255 0 1 5.138e+02 5.362e+02 207 0 3 5.097e+02 5.403e+02 284 2 1 5.600e+02 5.740e+02 130
26895 14 0 1 1.770e+01 2.430e+01 61 0 4 4.612e+02 4.628e+02 16 0 2 5.404e+02 5.516e+02 104 0 2 3.327e+01 5.073e+01 162 0 1 4.357e+02 4.463e+02 99 0 4 3.035e+01 5.365e+01 216 0 2 4.521e+02 4.719e+02 185 0 1 5.489e+02 5.851e+02 336 0 3 1.363e+00 4.064e+01 365 0 3 5.533e+02 5.807e+02 255 1 2 6.278e+02 6.322e+02 41 1 4 6.153e+02 6.447e+02 274 2 1 2.030e+01 2.170e+01 13 2 3 1.720e+01 2.480e+01 70
26898 1 2 1 6.569e+00 3.543e+01 268
26900 1 0 4 6.270e+02 6.330e+02 56
26917 13 0 1 2.277e+02 2.343e+02 62 0 3 2.233e+02 2.387e+02 144 0 2 2.008e+02 2.192e+02 170 1 2 6.285e+02 6.315e+02 27 1 1 5.614e+02 5.726e+02 104 1 4 6.294e+02 6.306e+02 10 1 1 6.030e+02 6.150e+02 111 1 2 5.741e+02 6.019e+02 259 1 3 5.978e+02 6.202e+02 208 1 4 6.145e+02 6.455e+02 288 2 4 3.336e+02 3.384e+02 46 2 4 1.619e+02 1.741e+02 113 2 1 2.112e+02 2.508e+02 367
