5695 13 0 2 5.402e+02 5.518e+02 107 0 3 6.087e+02 6.093e+02 6 0 3 5.611e+02 5.729e+02 110 0 2 6.300e+02 6.300e+02 -24 0 3 6.410e+02 6.610e+02 186 0 1 5.534e+02 5.806e+02 252 0 1 6.009e+02 6.171e+02 151 0 4 6.211e+02 6.389e+02 166 2 4 1.649e+02 1.711e+02 57 2 4 7.585e+01 9.215e+01 151 2 3 9.681e+01 1.132e+02 152 2 3 1.286e+02 1.654e+02 342 2 2 6.822e+01 9.978e+01 293
5696 0
5697 0
5699 29 0 1 1.441e+02 1.499e+02 53 0 1 6.090e+02 6.090e+02 -23 0 4 4.564e+02 4.676e+02 104 0 4 4.992e+02 5.088e+02 90 0 4 5.847e+02 5.913e+02 62 0 3 4.699e+02 4.961e+02 244 0 3 6.022e+02 6.158e+02 126 0 1 6.488e+02 6.532e+02 40 0 2 6.716e+02 6.724e+02 7 0 4 6.693e+02 6.747e+02 50 2 3 4.410e+02 4.410e+02 -10 2 4 4.620e+02 4.620e+02 -13 2 4 4.200e+02 4.200e+02 -9 2 1 4.821e+02 4.839e+02 17 2 4 5.389e+02 5.531e+02 132 2 4 4.451e+02 4.789e+02 313 2 3 5.063e+02 5.437e+02 347 2 3 2.710e+02 2.750e+02 37 2 4 4.027e+02 4.373e+02 320 2 2 2.906e+02 2.974e+02 63 2 2 1.197e+02 1.323e+02 116 2 3 2.240e+02 2.380e+02 130 2 4 1.206e+02 1.314e+02 100 2 4 7.944e+01 8.856e+01 85 2 3 6.185e+01 6.415e+01 21 2 1 6.230e+01 6.370e+01 13 2 2 3.533e+01 4.867e+01 124 2 4 3.466e+01 4.934e+01 136 3 3 2.100e+01 2.100e+01 -9
5700 0
5701 20 0 4 2.518e+02 2.522e+02 3 0 2 2.088e+02 2.112e+02 22 0 1 5.665e+02 5.675e+02 9 0 1 1.779e+01 2.421e+01 60 0 3 6.498e+02 6.522e+02 22 0 3 1.852e+02 1.928e+02 70 0 3 5.589e+02 5.751e+02 150 0 4 2.038e+02 2.162e+02 115 0 4 5.804e+02 5.956e+02 141 0 1 1.766e+02 2.014e+02 230 0 1 6.479e+02 6.541e+02 57 0 3 2.220e+02 2.400e+02 167 0 3 5.516e+02 5.824e+02 286 0 2 1.519e+02 1.841e+02 300 0 3 5.947e+02 6.233e+02 265 0 2 1.931e+02 2.269e+02 313 0 4 6.565e+02 6.875e+02 287 0 1 5.895e+02 6.285e+02 363 0 2 6.112e+02 6.488e+02 350 2 4 4.161e+01 4.239e+01 7
5702 0
5703 6 1 2 4.153e+02 4.247e+02 87 1 4 5.695e+02 6.065e+02 343 2 3 2.251e+02 2.369e+02 110 2 2 2.442e+02 2.598e+02 146 2 1 2.139e+02 2.481e+02 317 2 4 2.326e+02 2.714e+02 360
5704 2 0 2 6.300e+02 6.300e+02 -15 0 4 6.288e+02 6.312e+02 23
5705 5 0 1 5.556e+02 5.784e+02 211 0 2 5.353e+02 5.567e+02 199 2 2 1.632e+02 1.728e+02 90 2 4 1.639e+02 1.721e+02 76 2 3 1.326e+02 1.614e+02 267
5707 29 0 1 6.496e+02 6.524e+02 26 0 1 5.244e+02 5.256e+02 10 0 3 6.482e+02 6.538e+02 52 0 3 4.338e+02 4.482e+02 134 0 3 5.212e+02 5.288e+02 70 0 4 6.098e+02 6.502e+02 376 0 2 6.699e+02 6.741e+02 40 0 4 4.018e+02 4.382e+02 338 0 3 5.011e+02 5.489e+02 443 0 1 5.861e+02 6.319e+02 425 0 4 6.688e+02 6.752e+02 59 0 1 4.282e+02 4.538e+02 237 0 2 4.785e+02 5.295e+02 474 0 2 5.274e+02 5.646e+02 345 0 2 6.043e+02 6.557e+02 477 0 2 6.556e+02 6.884e+02 305 0 1 6.259e+02 6.761e+02 466 2 1 1.779e+01 2.421e+01 60 2 4 8.267e+01 8.533e+01 25 2 3 1.424e+02 1.516e+02 85 2 3 1.720e+01 2.480e+01 70 2 2 1.215e+02 1.305e+02 84 2 2 3.717e+01 4.683e+01 90 2 4 1.154e+02 1.366e+02 197 2 4 3.565e+01 4.835e+01 118 2 3 9.326e+01 1.167e+02 218 2 3 8.366e+00 3.363e+01 235 2 2 6.616e+01 1.018e+02 331 2 2 2.654e+01 5.746e+01 287
5708 21 0 1 2.693e+02 2.767e+02 68 0 4 2.891e+02 2.989e+02 91 0 2 2.001e+02 2.199e+02 184 0 3 2.652e+02 2.808e+02 145 0 4 6.089e+02 6.511e+02 392 0 4 3.631e+02 3.929e+02 276 0 4 2.006e+02 2.194e+02 174 0 2 2.756e+02 3.124e+02 342 0 3 2.189e+02 2.431e+02 224 1 3 6.080e+02 6.100e+02 19 1 4 6.182e+02 6.418e+02 219 2 2 3.986e+01 4.414e+01 40 2 4 1.680e+02 1.680e+02 -12 2 1 1.836e+02 1.944e+02 100 2 4 3.641e+01 4.759e+01 104 2 3 1.791e+02 1.989e+02 183 2 3 6.748e+00 3.525e+01 265 2 2 1.542e+02 1.818e+02 256 2 1 4.624e+01 7.976e+01 311 2 4 1.447e+02 1.913e+02 432 2 3 1.625e+02 2.155e+02 492
5710 13 0 3 4.823e+02 4.837e+02 13 0 4 4.186e+02 4.214e+02 26 0 1 4.732e+02 4.928e+02 181 0 4 4.858e+02 5.222e+02 337 0 2 4.469e+02 4.771e+02 281 1 2 6.164e+02 6.436e+02 253 1 1 5.495e+02 5.845e+02 325 1 4 6.174e+02 6.426e+02 235 2 3 6.181e+01 6.419e+01 22 2 1 1.972e+01 2.228e+01 24 2 1 6.149e+01 6.451e+01 28 2 2 7.101e+01 9.699e+01 241 2 4 2.928e+01 5.472e+01 236
5711 0
5712 4 0 1 3.138e+02 3.162e+02 22 0 4 5.846e+02 5.914e+02 64 0 1 6.077e+02 6.103e+02 25 0 2 6.571e+02 6.869e+02 276
5713 33 0 4 6.689e+02 6.751e+02 57 0 4 4.192e+02 4.208e+02 16 0 4 3.573e+02 3.987e+02 385 0 4 4.035e+02 4.365e+02 307 1 3 6.043e+02 6.137e+02 87 2 3 4.827e+02 4.833e+02 6 2 3 3.109e+02 3.191e+02 76 2 4 6.276e+02 6.324e+02 44 2 3 6.194e+01 6.406e+01 20 2 3 4.376e+02 4.444e+02 63 2 2 8.047e+01 8.753e+01 66 2 4 5.879e+02 5.881e+02 1 2 4 2.893e+02 2.987e+02 88 2 3 6.460e+02 6.560e+02 93 2 2 3.238e+02 3.482e+02 227 2 2 5.750e+02 6.010e+02 242 2 3 1.895e+01 2.305e+01 38 2 2 6.713e+02 6.727e+02 13 2 4 8.317e+01 8.483e+01 16 2 4 4.068e+02 4.332e+02 246 2 3 1.323e+02 1.617e+02 274 2 1 5.975e+02 6.205e+02 213 2 3 2.613e+02 2.847e+02 216 2 3 3.783e+02 4.197e+02 384 2 1 1.092e+01 3.108e+01 187 2 3 5.989e+02 6.191e+02 188 2 3 9.456e+01 1.154e+02 194 2 4 1.569e+02 1.791e+02 206 2 1 3.377e+02 3.763e+02 358 2 2 2.865e+01 5.535e+01 248 2 2 1.070e+02 1.450e+02 353 2 4 2.348e+01 6.052e+01 344 2 1 4.318e+01 8.282e+01 368
5715 22 1 3 5.247e+02 5.253e+02 5 1 4 5.448e+02 5.472e+02 23 2 4 2.498e+02 2.542e+02 40 2 1 1.837e+01 2.363e+01 49 2 4 5.023e+02 5.057e+02 31 2 2 1.260e+02 1.260e+02 -9 2 3 4.368e+02 4.452e+02 79 2 1 1.436e+02 1.504e+02 64 2 1 5.154e+02 5.346e+02 178 2 3 1.918e+01 2.282e+01 34 2 4 4.082e+02 4.318e+02 219 2 4 1.251e+02 1.269e+02 16 2 2 4.448e+02 4.792e+02 319 2 3 1.415e+02 1.525e+02 101 2 3 5.141e+02 5.359e+02 203 2 2 2.365e+02 2.675e+02 287 2 2 4.849e+02 5.231e+02 356 2 2 2.797e+01 5.603e+01 260 2 1 1.293e+02 1.647e+02 328 2 3 2.574e+02 2.886e+02 290 2 3 1.307e+02 1.633e+02 302 2 2 1.509e+02 1.851e+02 318
5716 0
5718 71 0 4 6.282e+02 6.318e+02 34 0 1 1.017e+02 1.083e+02 60 0 1 3.981e+02 3.999e+02 17 0 2 3.299e+02 3.421e+02 114 0 2 4.599e+02 4.641e+02 39 0 3 9.815e+01 1.118e+02 127 0 2 5.441e+02 5.479e+02 36 0 4 3.241e+02 3.479e+02 220 0 4 5.857e+02 5.903e+02 43 0 1 3.380e+02 3.760e+02 353 0 3 6.467e+02 6.553e+02 80 0 2 6.333e+01 1.047e+02 384 0 4 4.176e+02 4.224e+02 44 0 1 4.826e+02 4.834e+02 7 0 1 5.620e+02 5.720e+02 92 0 2 6.266e+02 6.334e+02 63 0 1 6.410e+02 6.610e+02 186 0 3 3.941e+02 4.039e+02 90 0 3 4.811e+02 4.849e+02 35 0 1 5.190e+02 5.310e+02 111 0 3 5.921e+02 6.259e+02 314 0 2 6.630e+02 6.810e+02 166 0 4 4.073e+02 4.327e+02 236 0 4 4.982e+02 5.098e+02 108 0 3 5.195e+02 5.305e+02 102 0 4 6.639e+02 6.801e+02 150 0 1 4.237e+02 4.583e+02 320 0 4 4.509e+02 4.731e+02 206 0 1 5.065e+02 5.435e+02 344 0 2 4.897e+02 5.183e+02 265 0 3 5.056e+02 5.444e+02 360 0 4 4.446e+02 4.794e+02 324 1 3 3.972e+02 4.008e+02 33 1 4 5.878e+02 5.882e+02 3 1 2 3.753e+02 3.807e+02 50 1 1 6.083e+02 6.097e+02 12 1 1 5.637e+02 5.703e+02 60 1 3 6.087e+02 6.093e+02 6 1 3 4.665e+02 4.995e+02 307 1 3 5.665e+02 5.675e+02 10 1 2 6.298e+02 6.302e+02 4 1 2 5.772e+02 5.988e+02 200 1 4 6.289e+02 6.311e+02 21 1 3 5.960e+02 6.220e+02 242 2 3 1.015e+02 1.085e+02 65 2 2 5.445e+02 5.475e+02 28 2 1 6.243e+01 6.357e+01 10 2 4 6.281e+02 6.319e+02 35 2 2 8.222e+01 8.578e+01 33 2 3 6.508e+02 6.512e+02 4 2 2 2.070e+02 2.130e+02 56 2 1 3.932e+02 4.048e+02 108 2 3 5.557e+01 7.043e+01 138 2 1 5.625e+02 5.715e+02 84 2 4 6.997e+01 9.803e+01 260 2 3 6.435e+02 6.585e+02 140 2 3 1.800e+02 1.980e+02 168 2 4 1.979e+02 2.221e+02 225 2 4 4.913e+02 5.167e+02 236 2 1 1.967e+01 2.233e+01 25 2 3 5.181e+02 5.319e+02 129 2 4 3.529e+01 4.871e+01 125 2 2 6.613e+02 6.827e+02 199 2 3 8.094e+00 3.391e+01 240 2 4 4.036e+02 4.364e+02 305 2 2 2.425e+01 5.975e+01 330 2 4 5.331e+02 5.589e+02 240 2 1 6.333e+02 6.687e+02 329 2 3 5.086e+02 5.414e+02 305 2 1 5.524e+02 5.816e+02 271 3 2 6.993e+01 9.807e+01 261
5719 3 0 1 6.499e+02 6.521e+02 20 0 2 6.715e+02 6.725e+02 10 0 2 6.549e+02 6.891e+02 318
5720 0
5721 14 0 1 5.653e+02 5.687e+02 32 0 1 3.028e+02 3.272e+02 226 1 4 6.260e+02 6.340e+02 75 1 3 5.903e+02 6.277e+02 348 2 4 4.603e+02 4.637e+02 32 2 4 4.169e+02 4.231e+02 58 2 2 2.071e+02 2.129e+02 55 2 1 4.721e+02 4.939e+02 202 2 3 5.583e+00 3.642e+01 286 2 3 4.747e+02 4.913e+02 154 2 4 6.616e+01 1.018e+02 331 2 2 4.851e+02 5.229e+02 350 2 1 2.163e+02 2.457e+02 274 2 4 2.501e+01 5.899e+01 316
5722 2 2 1 1.797e+01 2.403e+01 56 2 3 1.155e+01 3.045e+01 176
5723 6 0 4 1.657e+02 1.703e+02 42 0 4 6.287e+02 6.313e+02 24 0 1 1.463e+02 1.477e+02 12 0 2 1.533e+02 1.827e+02 273 2 3 1.819e+01 2.381e+01 52 3 4 3.322e+01 5.078e+01 163
5725 4 2 4 4.103e+01 4.297e+01 18 2 1 6.019e+01 6.581e+01 52 2 2 2.999e+01 5.401e+01 223 2 3 4.852e+01 7.748e+01 269
5726 0
5728 1 0 4 4.479e+02 4.761e+02 261
5730 14 1 1 4.694e+02 4.966e+02 253 2 3 1.019e+02 1.081e+02 58 2 4 1.666e+02 1.694e+02 26 2 2 3.338e+02 3.382e+02 40 2 4 5.847e+02 5.913e+02 62 2 3 3.029e+02 3.271e+02 225 2 1 6.056e+02 6.124e+02 64 2 4 3.267e+02 3.453e+02 173 2 2 1.173e+02 1.347e+02 161 2 3 5.992e+02 6.188e+02 182 2 3 1.317e+02 1.623e+02 285 2 2 6.106e+02 6.494e+02 360 2 2 1.104e+02 1.416e+02 290 2 1 3.377e+02 3.763e+02 359
5731 6 1 2 5.405e+02 5.515e+02 101 1 1 5.540e+02 5.800e+02 241 2 4 6.284e+02 6.316e+02 29 2 1 6.443e+02 6.577e+02 125 2 2 6.173e+02 6.427e+02 236 2 3 6.401e+02 6.619e+02 203
5732 0
5733 2 0 1 4.226e+02 4.594e+02 342 1 2 6.108e+02 6.492e+02 356
5734 12 0 1 6.077e+02 6.103e+02 25 0 4 5.801e+02 5.959e+02 147 0 2 6.195e+02 6.405e+02 196 0 2 6.569e+02 6.871e+02 280 1 2 5.460e+02 5.460e+02 -20 1 1 5.614e+02 5.726e+02 104 1 1 5.113e+02 5.387e+02 255 1 3 5.571e+02 5.769e+02 185 1 4 5.729e+02 6.031e+02 280 1 4 5.272e+02 5.648e+02 349 2 3 1.470e+02 1.470e+02 -13 2 4 4.907e+02 5.173e+02 247
5735 33 2 3 6.070e+02 6.110e+02 37 2 4 6.188e+02 6.412e+02 208 2 4 4.163e+02 4.237e+02 68 2 4 5.743e+02 6.017e+02 254 2 4 2.926e+02 2.954e+02 26 2 4 4.889e+02 5.191e+02 280 2 3 5.496e+02 5.844e+02 324 2 4 1.248e+02 1.272e+02 22 2 2 5.696e+02 6.064e+02 341 2 3 1.883e+02 1.897e+02 13 2 3 3.084e+02 3.216e+02 123 2 3 9.685e+01 1.131e+02 151 2 1 1.428e+02 1.512e+02 79 2 4 1.987e+02 2.213e+02 210 2 1 2.974e+02 3.326e+02 327 2 2 3.228e+02 3.492e+02 246 2 3 6.033e+01 6.567e+01 50 2 2 1.178e+02 1.342e+02 153 2 4 1.614e+02 1.746e+02 123 2 2 3.681e+01 4.719e+01 96 2 4 7.123e+01 9.677e+01 237 2 1 1.339e+02 1.601e+02 244 2 1 6.525e+00 3.547e+01 269 2 3 8.685e+01 1.232e+02 337 2 2 1.572e+02 1.788e+02 201 2 3 8.006e+00 3.399e+01 241 2 4 1.523e+02 1.837e+02 291 2 4 3.098e+01 5.302e+01 205 2 3 1.733e+02 2.047e+02 292 3 2 8.231e+01 8.569e+01 31 3 3 1.487e+01 2.713e+01 114 3 3 6.028e+01 6.572e+01 50 3 1 6.122e+00 3.588e+01 276
5736 21 0 2 5.459e+02 5.461e+02 1 0 4 6.209e+02 6.391e+02 170 0 4 4.150e+02 4.250e+02 93 0 3 6.408e+02 6.612e+02 189 0 3 3.897e+02 4.083e+02 173 0 3 5.504e+02 5.836e+02 309 0 2 6.656e+02 6.784e+02 119 0 1 5.120e+02 5.380e+02 241 0 4 6.638e+02 6.802e+02 153 0 1 6.365e+02 6.655e+02 269 1 4 6.254e+02 6.346e+02 86 1 2 5.818e+02 5.942e+02 115 1 1 6.021e+02 6.159e+02 129 2 1 1.788e+01 2.412e+01 58 2 4 8.079e+01 8.721e+01 60 2 2 1.585e+02 1.775e+02 176 2 4 2.063e+02 2.137e+02 68 2 1 1.020e+01 3.180e+01 200 2 2 7.504e+01 9.296e+01 166 2 3 2.487e+00 3.951e+01 344 2 1 1.273e+02 1.667e+02 366
5737 0
5739 1 1 4 1.677e+02 1.683e+02 6
5740 0
5741 12 0 2 6.236e+02 6.364e+02 119 0 4 6.225e+02 6.375e+02 140 0 1 6.360e+02 6.660e+02 279 1 4 6.240e+02 6.360e+02 110 1 2 6.235e+02 6.365e+02 120 1 1 5.962e+02 6.218e+02 237 1 3 5.952e+02 6.228e+02 256 2 2 3.268e+01 5.132e+01 173 2 4 3.381e+01 5.019e+01 152 2 3 5.176e+01 7.424e+01 209 3 1 1.945e+01 2.255e+01 29 3 3 1.851e+01 2.349e+01 46
5742 0
5743 12 0 3 4.830e+02 4.830e+02 -2 0 4 6.653e+02 6.787e+02 124 0 2 4.529e+02 4.711e+02 170 0 2 6.612e+02 6.828e+02 201 0 1 4.713e+02 4.947e+02 216 0 4 4.883e+02 5.197e+02 291 1 2 6.187e+02 6.413e+02 210 2 3 3.954e+02 4.026e+02 67 2 4 3.734e+02 3.826e+02 85 2 4 5.391e+02 5.529e+02 129 2 1 4.318e+02 4.502e+02 170 2 2 4.112e+02 4.288e+02 163
5744 21 0 4 3.333e+02 3.387e+02 50 0 1 5.610e+02 5.730e+02 110 0 4 5.869e+02 5.891e+02 20 0 2 6.689e+02 6.751e+02 57 0 4 6.258e+02 6.342e+02 79 0 4 6.660e+02 6.780e+02 111 0 3 5.546e+02 5.794e+02 230 0 1 6.021e+02 6.159e+02 129 0 3 5.972e+02 6.208e+02 219 0 2 6.202e+02 6.398e+02 182 1 1 1.428e+02 1.512e+02 78 1 2 6.208e+02 6.392e+02 171 1 2 1.134e+02 1.386e+02 234 2 1 5.804e+01 6.796e+01 92 2 4 7.935e+01 8.865e+01 86 2 1 1.859e+01 2.341e+01 45 2 2 6.665e+01 1.013e+02 322 2 2 3.533e+01 4.867e+01 124 2 4 3.708e+01 4.692e+01 91 2 3 5.431e+01 7.169e+01 161 2 1 9.080e+00 3.292e+01 221
5745 13 0 1 5.606e+02 5.734e+02 120 0 4 5.806e+02 5.954e+02 137 0 3 9.447e+01 1.155e+02 196 0 3 5.551e+02 5.789e+02 220 0 1 1.487e+01 2.713e+01 114 0 1 5.489e+02 5.851e+02 336 0 4 1.506e+02 1.854e+02 324 0 1 5.279e+01 7.321e+01 190 1 3 2.239e+02 2.381e+02 132 1 2 2.398e+02 2.642e+02 227 1 2 2.812e+02 3.068e+02 237 1 4 2.412e+02 2.628e+02 201 2 4 3.973e+01 4.427e+01 42
5747 18 0 4 5.875e+02 5.885e+02 10 0 1 6.430e+02 6.590e+02 148 0 4 6.295e+02 6.305e+02 9 0 2 6.636e+02 6.804e+02 156 0 1 5.969e+02 6.211e+02 224 0 4 6.584e+02 6.856e+02 252 0 3 5.939e+02 6.241e+02 280 1 2 5.880e+02 5.880e+02 -1 1 4 5.742e+02 6.018e+02 256 1 3 5.961e+02 6.219e+02 240 2 1 2.307e+02 2.313e+02 6 2 4 2.053e+02 2.147e+02 87 2 3 2.710e+02 2.750e+02 36 2 4 1.202e+02 1.318e+02 108 2 4 2.393e+02 2.647e+02 236 2 2 2.928e+02 2.952e+02 23 2 2 1.988e+02 2.212e+02 208 2 3 2.169e+02 2.451e+02 262
