46279 8 0 4 3.734e+02 3.826e+02 85 2 2 2.511e+02 2.529e+02 16 2 1 2.652e+02 2.808e+02 146 2 3 2.195e+02 2.425e+02 214 2 3 6.031e+00 3.597e+01 278 2 4 2.375e+02 2.665e+02 270 3 1 1.873e+01 2.327e+01 42 3 2 4.157e+01 4.243e+01 8
46280 18 0 4 2.352e+02 2.688e+02 311 0 1 4.670e+02 4.990e+02 297 2 2 4.200e+01 4.200e+01 -4 2 4 3.725e+02 3.835e+02 102 2 3 6.003e+02 6.177e+02 162 2 3 1.868e+01 2.332e+01 43 2 3 1.458e+02 1.482e+02 22 2 2 6.250e+02 6.350e+02 92 2 4 3.749e+01 4.651e+01 84 2 4 6.149e+02 6.451e+02 281 2 2 1.638e+02 1.722e+02 78 2 1 9.039e+00 3.296e+01 222 2 1 5.904e+02 6.276e+02 345 2 4 1.098e+02 1.422e+02 301 2 1 1.718e+02 2.062e+02 319 2 3 5.762e+00 3.624e+01 283 2 3 1.743e+02 2.037e+02 274 2 1 4.570e+01 8.030e+01 321
46282 20 0 2 6.713e+02 6.727e+02 13 0 4 1.530e+02 1.830e+02 278 0 4 6.716e+02 6.724e+02 8 0 4 2.375e+02 2.665e+02 269 0 1 6.398e+02 6.622e+02 208 0 3 6.400e+02 6.620e+02 205 0 2 6.519e+02 6.921e+02 374 1 3 6.061e+02 6.119e+02 53 1 4 6.223e+02 6.377e+02 144 1 2 6.217e+02 6.383e+02 155 2 3 6.300e+01 6.300e+01 -23 2 4 2.508e+02 2.532e+02 22 2 3 5.250e+02 5.250e+02 -3 2 1 5.611e+01 6.989e+01 128 2 3 2.683e+02 2.777e+02 87 2 2 4.508e+02 4.732e+02 208 2 2 3.653e+02 3.907e+02 236 2 2 6.854e+01 9.946e+01 287 2 2 2.755e+02 3.125e+02 344 2 4 2.730e+01 5.670e+01 273
46283 4 2 1 1.532e+01 2.668e+01 106 2 4 5.388e+02 5.532e+02 135 2 3 1.801e+01 2.399e+01 56 2 2 2.335e+01 6.065e+01 346
46284 50 0 1 5.670e+02 5.670e+02 -10 0 4 3.762e+02 3.798e+02 34 0 4 6.719e+02 6.721e+02 2 0 2 8.339e+01 8.461e+01 11 0 3 4.749e+02 4.911e+02 150 0 3 1.883e+02 1.897e+02 12 0 3 5.651e+02 5.689e+02 36 0 1 3.060e+02 3.240e+02 168 0 4 5.838e+02 5.922e+02 78 0 2 3.360e+02 3.360e+02 -16 0 1 6.495e+02 6.525e+02 28 0 2 5.006e+02 5.074e+02 64 0 1 5.220e+02 5.280e+02 56 0 3 6.023e+02 6.157e+02 124 0 3 6.497e+02 6.523e+02 24 0 4 4.993e+02 5.087e+02 87 0 3 5.583e+02 5.757e+02 162 0 4 5.741e+02 6.019e+02 258 0 2 6.716e+02 6.724e+02 7 0 1 4.736e+02 4.924e+02 176 0 2 6.150e+02 6.450e+02 279 0 1 6.384e+02 6.636e+02 234 0 3 4.671e+02 4.989e+02 295 0 4 6.140e+02 6.460e+02 297 0 3 6.343e+02 6.677e+02 310 0 2 4.928e+02 5.152e+02 207 1 1 5.230e+02 5.270e+02 38 1 2 5.864e+02 5.896e+02 29 1 1 6.088e+02 6.092e+02 5 1 3 5.175e+02 5.325e+02 140 1 4 5.772e+02 5.988e+02 201 1 3 6.090e+02 6.090e+02 -19 1 2 6.285e+02 6.315e+02 28 1 4 6.283e+02 6.317e+02 31 1 1 5.982e+02 6.198e+02 200 2 4 2.519e+02 2.521e+02 1 2 4 4.620e+02 4.620e+02 -23 2 1 2.730e+02 2.730e+02 -20 2 4 6.720e+02 6.720e+02 -24 2 2 8.339e+01 8.461e+01 11 2 3 4.717e+02 4.943e+02 210 2 3 6.001e+01 6.599e+01 56 2 4 7.962e+01 8.838e+01 81 2 2 2.378e+02 2.662e+02 265 2 3 2.647e+02 2.813e+02 154 2 4 3.165e+01 5.235e+01 192 2 3 8.712e+01 1.229e+02 332 2 3 5.005e+01 7.595e+01 240 3 4 2.505e+02 2.535e+02 28 3 2 5.679e+02 6.081e+02 373
46290 63 0 4 6.270e+02 6.330e+02 56 0 1 6.498e+02 6.522e+02 23 0 3 2.730e+02 2.730e+02 -10 0 1 4.410e+02 4.410e+02 -3 0 4 5.033e+02 5.047e+02 12 0 2 2.385e+02 2.655e+02 251 0 1 5.228e+02 5.272e+02 40 0 1 2.607e+02 2.853e+02 228 0 4 5.857e+02 5.903e+02 42 0 2 3.647e+02 3.913e+02 247 0 3 6.510e+02 6.510e+02 0 0 4 2.807e+02 3.073e+02 246 0 3 3.961e+02 4.019e+02 54 0 4 3.604e+02 3.956e+02 327 0 4 4.605e+02 4.635e+02 28 0 3 5.245e+02 5.255e+02 10 0 2 6.215e+02 6.385e+02 157 0 2 6.639e+02 6.801e+02 150 0 3 4.291e+02 4.529e+02 220 0 3 4.800e+02 4.860e+02 56 0 1 5.544e+02 5.796e+02 235 0 4 6.194e+02 6.406e+02 196 0 4 6.646e+02 6.794e+02 138 0 1 3.905e+02 4.075e+02 157 0 2 4.505e+02 4.735e+02 214 0 3 5.497e+02 5.843e+02 322 0 1 5.930e+02 6.250e+02 298 0 1 4.748e+02 4.912e+02 153 0 3 5.966e+02 6.214e+02 230 0 2 4.924e+02 5.156e+02 215 0 2 6.109e+02 6.491e+02 355 0 4 4.426e+02 4.814e+02 360 1 2 5.877e+02 5.883e+02 5 1 3 6.070e+02 6.110e+02 37 1 4 5.866e+02 5.894e+02 26 1 2 6.296e+02 6.304e+02 8 1 1 5.613e+02 5.727e+02 106 1 4 6.284e+02 6.316e+02 30 1 3 5.651e+02 5.689e+02 36 1 1 5.967e+02 6.213e+02 228 1 3 5.495e+02 5.845e+02 325 2 4 2.515e+02 2.525e+02 9 2 2 5.040e+02 5.040e+02 -3 2 4 2.066e+02 2.134e+02 64 2 4 2.876e+02 3.004e+02 118 2 4 1.603e+02 1.757e+02 143 2 4 4.608e+02 4.632e+02 23 2 1 2.271e+02 2.349e+02 72 2 1 4.725e+02 4.935e+02 196 2 3 3.127e+02 3.173e+02 43 2 3 4.745e+02 4.915e+02 157 2 2 3.217e+02 3.503e+02 266 2 2 4.841e+02 5.239e+02 369 2 1 5.896e+00 3.610e+01 280 2 2 2.030e+02 2.170e+02 130 2 1 2.989e+02 3.311e+02 300 2 3 2.218e+02 2.402e+02 170 2 2 1.944e+02 2.256e+02 290 2 1 2.146e+02 2.474e+02 306 3 1 1.994e+01 2.206e+01 20 3 1 9.443e+01 1.156e+02 196 3 1 6.300e+01 6.300e+01 -3 3 2 1.163e+02 1.357e+02 180
46291 4 0 2 6.720e+02 6.720e+02 -10 0 4 6.720e+02 6.720e+02 -24 2 4 4.959e+02 5.121e+02 151 2 3 5.152e+02 5.348e+02 182
46292 6 0 1 6.057e+02 6.123e+02 62 0 1 5.203e+02 5.297e+02 87 0 3 6.084e+02 6.096e+02 10 0 3 5.141e+02 5.359e+02 203 0 4 6.108e+02 6.492e+02 357 0 2 5.341e+02 5.579e+02 220
46293 2 3 1 3.112e+02 3.188e+02 71 3 2 3.177e+02 3.543e+02 340
46298 0
46299 40 0 2 2.495e+02 2.545e+02 47 0 4 6.252e+02 6.348e+02 90 0 4 2.914e+02 2.966e+02 49 0 1 6.479e+02 6.541e+02 57 0 2 3.769e+02 3.791e+02 20 0 3 4.377e+02 4.443e+02 62 0 1 2.681e+02 2.779e+02 91 0 4 4.565e+02 4.675e+02 103 0 4 3.343e+02 3.377e+02 32 0 1 5.622e+02 5.718e+02 89 0 2 7.491e+01 9.309e+01 169 0 4 5.859e+02 5.901e+02 40 0 2 2.340e+02 2.700e+02 334 0 3 6.496e+02 6.524e+02 26 0 3 2.675e+02 2.785e+02 101 0 1 3.952e+02 4.028e+02 70 0 2 3.246e+02 3.474e+02 212 0 3 4.759e+02 4.901e+02 132 0 3 9.357e+01 1.164e+02 212 0 3 5.544e+02 5.796e+02 235 0 1 3.066e+02 3.234e+02 156 0 4 6.122e+02 6.478e+02 330 0 1 3.406e+02 3.734e+02 305 0 2 6.679e+02 6.761e+02 76 0 3 2.580e+02 2.880e+02 279 0 3 3.987e+02 3.993e+02 6 0 4 3.640e+02 3.920e+02 260 0 2 4.537e+02 4.703e+02 155 0 2 2.812e+02 3.068e+02 238 0 1 5.537e+02 5.803e+02 246 1 2 6.205e+02 6.395e+02 176 1 4 6.146e+02 6.454e+02 286 2 1 1.458e+02 1.482e+02 23 2 4 3.668e+01 4.732e+01 99 2 1 5.808e+01 6.792e+01 91 2 3 5.288e+01 7.312e+01 188 2 3 1.384e+01 2.816e+01 133 2 2 3.506e+01 4.894e+01 129 2 4 2.640e+01 5.760e+01 290 2 1 2.083e+00 3.992e+01 351
46303 4 2 2 1.650e+02 1.710e+02 56 2 4 1.671e+02 1.689e+02 16 2 1 1.807e+02 1.973e+02 155 2 3 1.295e+02 1.645e+02 326
46305 0
46306 38 0 3 5.670e+02 5.670e+02 -1 0 1 3.540e+02 3.600e+02 56 0 1 5.629e+02 5.711e+02 76 0 1 6.396e+02 6.624e+02 211 0 2 5.278e+02 5.642e+02 338 1 2 5.440e+02 5.480e+02 38 1 3 6.090e+02 6.090e+02 0 1 2 6.235e+02 6.365e+02 120 1 4 6.197e+02 6.403e+02 192 2 2 8.379e+01 8.421e+01 4 2 3 1.468e+02 1.472e+02 4 2 1 2.281e+02 2.339e+02 55 2 3 2.728e+02 2.732e+02 3 2 2 3.279e+02 3.441e+02 151 2 3 5.808e+01 6.792e+01 91 2 4 7.612e+01 9.188e+01 146 2 1 1.411e+02 1.529e+02 109 2 4 2.502e+02 2.538e+02 33 2 2 2.929e+02 2.951e+02 20 2 3 4.794e+01 7.806e+01 280 2 4 1.121e+02 1.399e+02 259 2 3 1.791e+02 1.989e+02 183 2 2 2.045e+02 2.155e+02 101 2 4 2.927e+02 2.953e+02 24 2 1 7.289e+00 3.471e+01 255 2 2 1.502e+02 1.858e+02 331 2 4 2.082e+02 2.118e+02 33 2 1 2.621e+02 2.839e+02 203 2 3 7.333e+00 3.467e+01 254 2 1 1.741e+02 2.039e+02 276 2 3 2.252e+02 2.368e+02 107 2 2 2.765e+02 3.115e+02 326 2 4 2.210e+01 6.190e+01 370 2 4 1.975e+02 2.225e+02 231 2 1 2.963e+02 3.337e+02 347 2 3 2.184e+02 2.436e+02 234 2 3 2.975e+02 3.325e+02 325 2 2 1.931e+02 2.269e+02 315
46307 5 0 4 6.104e+02 6.496e+02 365 1 2 6.278e+02 6.322e+02 41 2 2 6.712e+02 6.728e+02 15 2 3 6.368e+02 6.652e+02 263 2 4 6.573e+02 6.867e+02 274
46310 8 0 1 4.340e+02 4.480e+02 130 1 3 6.081e+02 6.099e+02 16 1 4 6.140e+02 6.460e+02 297 1 2 5.702e+02 6.058e+02 330 2 1 2.306e+02 2.314e+02 8 2 2 2.072e+02 2.128e+02 52 2 3 1.808e+02 1.972e+02 153 2 4 1.929e+02 2.271e+02 318
46311 15 0 1 3.568e+02 3.572e+02 4 0 2 6.256e+02 6.344e+02 82 0 2 3.659e+02 3.901e+02 225 0 2 6.651e+02 6.789e+02 129 0 4 6.683e+02 6.757e+02 69 0 4 3.716e+02 3.844e+02 119 0 1 6.385e+02 6.635e+02 232 0 3 6.355e+02 6.665e+02 288 1 2 6.114e+02 6.486e+02 345 2 4 2.903e+02 2.977e+02 69 2 3 3.058e+02 3.242e+02 171 2 2 2.822e+02 3.058e+02 220 2 4 2.843e+02 3.037e+02 180 2 1 3.035e+02 3.265e+02 214 2 3 2.968e+02 3.332e+02 338
46312 12 0 1 6.493e+02 6.527e+02 32 0 3 6.007e+02 6.173e+02 155 0 3 6.474e+02 6.546e+02 67 0 3 5.945e+02 6.235e+02 270 0 2 6.590e+02 6.850e+02 240 0 4 5.705e+02 6.055e+02 325 0 4 6.615e+02 6.825e+02 195 0 1 5.908e+02 6.272e+02 338 1 2 6.226e+02 6.374e+02 137 1 4 6.231e+02 6.369e+02 129 1 2 6.114e+02 6.486e+02 346 2 2 1.259e+02 1.261e+02 1
46313 20 0 3 6.087e+02 6.093e+02 5 0 4 6.688e+02 6.752e+02 60 0 2 6.669e+02 6.771e+02 94 0 4 6.114e+02 6.486e+02 346 0 1 6.407e+02 6.613e+02 190 0 3 6.354e+02 6.666e+02 289 1 2 4.056e+02 4.344e+02 268 1 3 3.815e+02 4.165e+02 325 1 4 4.440e+02 4.800e+02 335 1 4 4.006e+02 4.394e+02 360 2 1 1.890e+02 1.890e+02 -5 2 3 1.465e+02 1.475e+02 9 2 2 3.697e+02 3.863e+02 155 2 3 1.833e+02 1.947e+02 106 2 1 3.434e+02 3.706e+02 252 2 4 1.082e+02 1.438e+02 331 2 2 1.511e+02 1.849e+02 315 2 3 3.475e+02 3.665e+02 177 2 4 3.653e+02 3.907e+02 236 3 2 5.880e+02 5.880e+02 -8
46314 30 0 2 4.126e+01 4.274e+01 14 0 4 5.862e+02 5.898e+02 33 0 3 1.030e+02 1.070e+02 37 0 2 5.040e+02 5.040e+02 -1 0 3 2.703e+02 2.757e+02 50 0 1 5.568e+02 5.772e+02 190 0 4 3.747e+02 3.813e+02 60 0 4 5.018e+02 5.062e+02 40 0 1 1.039e+01 3.161e+01 197 0 3 5.513e+02 5.827e+02 291 0 1 2.699e+02 2.761e+02 57 0 2 6.554e+02 6.886e+02 308 0 2 2.806e+01 5.594e+01 259 0 1 4.705e+02 4.955e+02 231 0 4 2.793e+02 3.087e+02 273 0 3 5.097e+02 5.403e+02 284 0 2 6.504e+01 1.030e+02 352 0 3 5.409e+02 5.931e+02 485 0 2 2.754e+02 3.126e+02 345 1 4 6.276e+02 6.324e+02 45 1 2 5.839e+02 5.921e+02 76 1 2 6.203e+02 6.397e+02 180 1 4 5.847e+02 5.913e+02 62 1 3 5.524e+02 5.816e+02 270 2 4 3.294e+02 3.426e+02 123 2 4 1.605e+02 1.755e+02 140 2 1 3.535e+02 3.605e+02 66 2 3 3.500e+02 3.640e+02 130 2 3 1.288e+02 1.652e+02 337 2 2 3.189e+02 3.531e+02 318
46315 0
46316 15 0 1 5.629e+02 5.711e+02 76 0 1 6.078e+02 6.102e+02 23 0 2 6.271e+02 6.329e+02 54 0 4 6.272e+02 6.328e+02 52 0 1 6.343e+02 6.677e+02 310 0 3 5.513e+02 5.827e+02 292 0 4 5.803e+02 5.957e+02 144 0 3 6.305e+02 6.715e+02 381 0 3 5.917e+02 6.263e+02 322 1 2 6.252e+02 6.348e+02 90 1 4 6.188e+02 6.412e+02 207 2 2 3.337e+02 3.383e+02 43 2 1 3.057e+02 3.243e+02 173 2 4 3.257e+02 3.463e+02 191 2 3 2.990e+02 3.310e+02 297
46317 14 0 2 6.459e+02 6.981e+02 484 1 1 6.084e+02 6.096e+02 10 1 3 6.029e+02 6.151e+02 113 1 4 5.774e+02 5.986e+02 197 1 3 5.499e+02 5.841e+02 318 1 2 5.724e+02 6.036e+02 290 1 1 5.429e+02 5.911e+02 448 2 3 6.078e+01 6.522e+01 41 2 2 2.064e+02 2.136e+02 66 2 2 3.139e+01 5.261e+01 197 2 2 6.513e+01 1.029e+02 350 2 1 3.758e+01 8.842e+01 472 2 4 6.616e+01 1.018e+02 331 2 3 3.856e+01 8.744e+01 454
46318 6 0 3 4.226e+02 4.594e+02 341 0 4 4.378e+02 4.862e+02 450 0 1 3.815e+02 4.165e+02 325 1 1 5.493e+02 5.847e+02 329 2 1 1.292e+02 1.648e+02 331 2 4 1.876e+02 2.324e+02 416
46323 3 2 1 1.846e+01 2.354e+01 47 2 3 2.048e+01 2.152e+01 10 2 2 2.483e+01 5.917e+01 319
46324 47 0 4 6.287e+02 6.313e+02 25 0 1 6.508e+02 6.512e+02 3 0 3 5.234e+02 5.266e+02 30 0 4 5.873e+02 5.887e+02 12 0 1 1.007e+01 3.193e+01 203 0 2 6.699e+02 6.741e+02 40 0 1 5.221e+02 5.279e+02 54 0 1 6.016e+02 6.164e+02 137 0 4 6.684e+02 6.756e+02 66 0 2 5.385e+02 5.535e+02 140 0 2 6.203e+02 6.397e+02 180 0 3 6.452e+02 6.568e+02 107 0 1 5.523e+02 5.817e+02 274 0 1 5.935e+02 6.245e+02 287 0 2 6.612e+02 6.828e+02 201 0 2 5.256e+02 5.664e+02 378 0 3 5.930e+02 6.250e+02 298 1 1 6.088e+02 6.092e+02 3 1 2 5.873e+02 5.887e+02 14 1 3 6.063e+02 6.117e+02 50 1 4 5.859e+02 5.901e+02 40 1 2 6.297e+02 6.303e+02 6 1 2 5.746e+02 6.014e+02 248 1 4 6.257e+02 6.343e+02 80 1 1 5.937e+02 6.243e+02 285 2 4 4.613e+02 4.627e+02 13 2 3 1.030e+02 1.070e+02 38 2 4 6.693e+02 6.747e+02 50 2 2 2.919e+02 2.961e+02 39 2 2 3.732e+02 3.828e+02 89 2 3 4.673e+02 4.987e+02 292 2 2 3.569e+01 4.831e+01 117 2 4 1.257e+02 1.263e+02 6 2 1 1.441e+02 1.499e+02 54 2 3 2.269e+02 2.351e+02 76 2 1 3.137e+02 3.163e+02 25 2 3 3.450e+02 3.690e+02 222 2 4 3.286e+01 5.114e+01 170 2 2 1.134e+02 1.386e+02 234 2 3 1.811e+02 1.969e+02 146 2 2 2.016e+02 2.184e+02 156 2 1 2.698e+02 2.762e+02 59 2 4 3.636e+02 3.924e+02 267 2 1 5.463e+01 7.137e+01 156 2 4 7.078e+01 9.722e+01 246 3 3 2.723e+02 2.737e+02 12 3 1 5.179e+00 3.682e+01 294
46325 0
46326 4 0 2 4.463e+02 4.777e+02 291 0 4 6.078e+02 6.522e+02 412 2 2 6.571e+01 1.023e+02 340 2 4 6.059e+01 1.074e+02 435
46327 0
46328 1 0 2 6.496e+02 6.944e+02 416
46329 19 0 2 4.598e+02 4.642e+02 40 0 3 5.233e+02 5.267e+02 32 0 4 6.206e+02 6.394e+02 174 0 2 5.010e+02 5.070e+02 56 0 1 9.021e+01 1.198e+02 275 0 1 5.188e+02 5.312e+02 116 0 4 6.571e+02 6.869e+02 276 0 3 4.739e+02 4.921e+02 169 0 1 5.500e+02 5.840e+02 316 0 1 4.228e+02 4.592e+02 337 0 2 4.869e+02 5.211e+02 317 0 4 4.450e+02 4.790e+02 316 1 2 5.780e+02 5.980e+02 186 1 4 5.724e+02 6.036e+02 289 1 3 5.487e+02 5.853e+02 340 2 4 4.163e+02 4.237e+02 68 2 4 1.561e+02 1.799e+02 221 2 3 1.345e+02 1.595e+02 231 2 4 4.083e+02 4.317e+02 217
