2755 0
2756 4 0 2 6.601e+02 6.839e+02 221 0 4 6.595e+02 6.845e+02 231 1 1 5.659e+02 5.681e+02 20 2 4 2.901e+02 2.979e+02 72
2757 2 0 2 6.038e+02 6.562e+02 486 2 3 1.128e+01 3.072e+01 180
2758 13 0 4 6.224e+02 6.376e+02 140 0 2 6.691e+02 6.749e+02 54 0 4 6.687e+02 6.753e+02 61 0 1 6.418e+02 6.602e+02 171 0 3 6.389e+02 6.631e+02 224 2 4 2.457e+02 2.583e+02 117 2 3 5.754e+01 6.846e+01 101 2 4 7.226e+01 9.574e+01 218 2 3 1.474e+01 2.726e+01 116 2 2 6.616e+01 1.018e+02 331 2 2 3.614e+01 4.786e+01 109 2 1 6.886e+00 3.511e+01 262 2 4 2.564e+01 5.836e+01 304
2759 33 0 4 4.562e+02 4.678e+02 108 0 2 5.392e+02 5.528e+02 126 0 1 4.354e+02 4.466e+02 105 0 4 4.991e+02 5.089e+02 91 0 4 5.784e+02 5.976e+02 178 0 3 6.418e+02 6.602e+02 170 0 3 4.209e+02 4.611e+02 373 0 4 4.902e+02 5.178e+02 256 0 4 6.165e+02 6.435e+02 251 0 2 6.604e+02 6.836e+02 216 0 2 4.477e+02 4.763e+02 266 0 4 6.570e+02 6.870e+02 278 0 2 4.836e+02 5.244e+02 380 0 4 6.492e+02 6.948e+02 423 1 1 5.631e+02 5.709e+02 73 1 2 5.737e+02 6.023e+02 266 1 4 5.739e+02 6.021e+02 261 1 3 5.437e+02 5.903e+02 432 2 3 5.481e+01 7.119e+01 152 2 1 3.922e+02 4.058e+02 126 2 4 1.572e+02 1.788e+02 200 2 4 2.799e+02 3.081e+02 262 2 2 3.617e+02 3.943e+02 303 2 3 3.778e+02 4.202e+02 394 2 2 3.601e+01 4.799e+01 111 2 3 1.332e+02 1.608e+02 256 2 3 2.570e+02 2.890e+02 298 2 4 3.659e+02 3.901e+02 224 2 1 5.413e+01 7.187e+01 165 2 1 7.959e+00 3.404e+01 242 2 3 7.017e+00 3.498e+01 260 2 2 2.658e+01 5.742e+01 286 2 4 2.595e+01 5.805e+01 298
2761 8 2 3 2.030e+01 2.170e+01 13 2 3 2.720e+02 2.740e+02 19 2 2 4.166e+01 4.234e+01 6 2 2 2.376e+02 2.664e+02 267 2 1 2.629e+02 2.831e+02 187 2 1 4.234e+00 3.777e+01 311 2 2 1.166e+02 1.354e+02 174 2 4 2.400e+02 2.640e+02 223
2763 0
2764 6 2 4 2.474e+02 2.566e+02 86 2 1 2.689e+02 2.771e+02 76 2 1 3.557e+02 3.583e+02 24 2 2 2.424e+02 2.616e+02 178 2 2 3.240e+02 3.480e+02 223 2 3 2.555e+02 2.905e+02 325
2767 3 2 3 4.933e+01 7.667e+01 254 2 4 6.732e+01 1.007e+02 310 2 4 1.684e+01 6.716e+01 467
2769 40 0 3 6.062e+02 6.118e+02 51 0 1 6.457e+02 6.563e+02 99 0 4 5.024e+02 5.056e+02 30 0 2 2.825e+02 3.055e+02 213 0 1 5.991e+02 6.189e+02 183 0 3 6.494e+02 6.526e+02 29 0 1 2.975e+02 3.325e+02 325 0 4 4.153e+02 4.247e+02 88 0 1 4.767e+02 4.893e+02 117 0 2 6.183e+02 6.417e+02 217 0 2 6.542e+02 6.898e+02 330 0 1 3.853e+02 4.127e+02 254 0 2 4.946e+02 5.134e+02 174 0 1 5.401e+02 5.939e+02 499 0 4 6.195e+02 6.405e+02 195 0 4 6.561e+02 6.879e+02 296 0 3 4.213e+02 4.607e+02 366 0 2 6.115e+02 6.485e+02 344 0 4 5.689e+02 6.071e+02 354 0 4 5.619e+02 6.141e+02 486 1 2 6.290e+02 6.310e+02 19 1 2 5.847e+02 5.913e+02 61 1 3 6.075e+02 6.105e+02 27 1 4 5.800e+02 5.960e+02 149 1 4 6.257e+02 6.343e+02 80 1 4 6.114e+02 6.486e+02 346 1 1 5.908e+02 6.272e+02 338 1 3 5.911e+02 6.269e+02 332 2 3 3.955e+02 4.025e+02 65 2 2 1.252e+02 1.268e+02 15 2 4 5.024e+02 5.056e+02 30 2 4 3.699e+02 3.861e+02 150 2 3 5.233e+02 5.267e+02 32 2 1 1.137e+01 3.063e+01 179 2 2 4.164e+02 4.236e+02 67 2 4 1.166e+02 1.354e+02 175 2 1 3.808e+02 4.172e+02 338 2 3 4.641e+00 3.736e+01 304 2 3 5.074e+02 5.426e+02 326 2 3 1.289e+02 1.651e+02 336
2770 13 0 2 3.261e+02 3.459e+02 184 0 3 3.840e+02 4.140e+02 279 0 4 4.945e+02 5.135e+02 176 0 1 2.897e+02 3.403e+02 470 0 4 4.080e+02 4.320e+02 222 0 1 4.670e+02 4.990e+02 297 0 1 3.823e+02 4.157e+02 310 0 2 4.867e+02 5.213e+02 322 0 3 4.601e+02 5.059e+02 426 1 4 4.183e+02 4.217e+02 32 1 3 6.090e+02 6.090e+02 -0 1 2 6.279e+02 6.321e+02 39 3 4 4.421e+02 4.819e+02 370
2771 4 0 2 3.360e+02 3.360e+02 -20 0 4 1.661e+02 1.699e+02 36 0 4 3.780e+02 3.780e+02 -10 2 4 3.696e+02 3.864e+02 156
2773 44 0 1 6.510e+02 6.510e+02 -24 0 4 3.351e+02 3.369e+02 16 0 4 1.655e+02 1.705e+02 46 0 1 6.049e+02 6.131e+02 76 0 3 6.479e+02 6.541e+02 58 0 3 5.230e+02 5.270e+02 36 0 3 6.024e+02 6.156e+02 122 0 2 6.720e+02 6.720e+02 -0 0 2 5.447e+02 5.473e+02 24 0 2 6.231e+02 6.369e+02 129 0 4 6.719e+02 6.721e+02 1 0 2 4.857e+02 5.223e+02 340 0 1 5.608e+02 5.732e+02 116 0 4 6.152e+02 6.448e+02 275 0 3 6.415e+02 6.605e+02 176 0 1 5.204e+02 5.296e+02 86 0 4 5.745e+02 6.015e+02 250 0 4 6.575e+02 6.865e+02 270 0 2 5.347e+02 5.573e+02 210 0 3 6.354e+02 6.666e+02 289 0 1 5.130e+02 5.370e+02 223 0 3 5.485e+02 5.855e+02 344 1 3 5.972e+02 6.208e+02 220 1 4 5.724e+02 6.036e+02 290 2 2 4.200e+01 4.200e+01 -18 2 3 1.050e+02 1.050e+02 -9 2 2 7.617e+01 9.183e+01 146 2 3 1.860e+01 2.340e+01 45 2 4 7.724e+01 9.076e+01 126 2 3 2.148e+02 2.472e+02 300 2 2 3.385e+01 5.015e+01 151 2 3 9.290e+01 1.171e+02 225 2 3 5.472e+01 7.128e+01 154 2 2 1.133e+02 1.387e+02 236 2 1 8.410e+00 3.359e+01 234 2 4 6.912e+01 9.888e+01 276 2 3 7.242e+00 3.476e+01 256 2 1 4.879e+01 7.721e+01 264 3 4 2.507e+02 2.533e+02 24 3 3 5.880e+01 6.720e+01 78 3 1 5.737e+01 6.863e+01 105 3 3 4.386e+01 8.214e+01 356 3 2 6.809e+01 9.991e+01 296 3 4 6.751e+01 1.005e+02 306
2775 18 0 4 5.880e+02 5.880e+02 -10 0 2 6.662e+02 6.778e+02 107 0 1 5.525e+02 5.815e+02 269 0 2 6.228e+02 6.372e+02 133 0 4 6.635e+02 6.805e+02 157 0 3 5.514e+02 5.826e+02 289 0 4 6.185e+02 6.415e+02 214 0 3 6.389e+02 6.631e+02 226 0 1 6.359e+02 6.661e+02 280 1 3 2.636e+02 2.824e+02 174 2 3 4.819e+02 4.841e+02 20 2 3 6.109e+01 6.491e+01 36 2 4 3.179e+01 5.221e+01 190 2 3 5.102e+02 5.398e+02 275 2 1 5.247e+01 7.353e+01 196 2 4 4.862e+02 5.218e+02 330 2 2 6.580e+01 1.022e+02 338 2 1 -5.095e+00 4.710e+01 485
2777 0
2778 14 0 2 2.509e+02 2.531e+02 20 0 2 6.681e+02 6.759e+02 72 0 4 2.940e+02 2.940e+02 -4 0 3 5.208e+02 5.292e+02 77 0 2 2.079e+02 2.121e+02 40 0 1 6.490e+02 6.530e+02 38 0 3 2.676e+02 2.784e+02 100 0 4 6.664e+02 6.776e+02 105 0 2 2.399e+02 2.641e+02 226 0 2 1.910e+02 2.290e+02 352 2 4 3.749e+01 4.651e+01 84 2 3 4.333e+02 4.487e+02 143 2 4 4.459e+02 4.781e+02 299 3 4 2.501e+02 2.539e+02 35
2779 5 0 2 6.717e+02 6.723e+02 6 0 4 6.704e+02 6.736e+02 30 2 4 8.200e+01 8.600e+01 37 2 2 7.226e+01 9.574e+01 218 2 3 8.958e+01 1.204e+02 286
2780 17 0 4 6.691e+02 6.749e+02 54 0 1 4.718e+02 4.942e+02 209 0 2 6.657e+02 6.783e+02 116 0 1 6.415e+02 6.605e+02 176 1 3 6.065e+02 6.115e+02 46 1 3 5.936e+02 6.244e+02 286 2 3 2.297e+02 2.323e+02 25 2 1 5.652e+02 5.688e+02 33 2 2 5.432e+02 5.488e+02 52 2 1 1.331e+02 1.609e+02 259 2 4 5.360e+02 5.560e+02 186 2 3 1.745e+02 2.035e+02 270 2 3 5.482e+02 5.858e+02 349 2 4 1.936e+02 2.264e+02 306 2 4 1.046e+02 1.474e+02 398 2 3 5.060e+02 5.440e+02 353 2 3 1.290e+02 1.650e+02 334
2781 4 0 2 3.236e+02 3.484e+02 230 0 4 3.174e+02 3.546e+02 346 0 2 6.565e+02 6.875e+02 288 0 4 6.549e+02 6.891e+02 317
2783 1 2 1 -4.829e+00 4.683e+01 480
2785 9 0 3 4.781e+02 4.879e+02 90 0 2 6.192e+02 6.408e+02 200 0 3 6.495e+02 6.525e+02 27 0 4 6.576e+02 6.864e+02 267 0 4 4.890e+02 5.190e+02 279 0 1 6.359e+02 6.661e+02 281 2 1 6.284e+01 6.316e+01 3 2 2 7.688e+01 9.112e+01 132 2 3 1.141e+00 4.086e+01 369
2786 0
2787 18 0 3 1.034e+02 1.066e+02 29 0 4 1.680e+02 1.680e+02 -24 0 4 4.123e+02 4.277e+02 144 0 3 8.851e+01 1.215e+02 306 0 4 1.554e+02 1.806e+02 235 0 3 4.243e+02 4.577e+02 310 0 2 3.621e+02 3.939e+02 296 0 3 5.497e+02 5.843e+02 321 0 3 3.825e+02 4.155e+02 306 1 4 5.867e+02 5.893e+02 24 2 1 6.300e+01 6.300e+01 -14 2 2 4.200e+01 4.200e+01 -15 2 4 4.193e+01 4.207e+01 1 2 2 1.115e+02 1.405e+02 269 2 3 6.024e+01 6.576e+01 51 2 1 4.193e+00 3.781e+01 312 2 3 5.136e+00 3.686e+01 295 2 2 2.600e+01 5.800e+01 297
2788 7 0 4 6.289e+02 6.311e+02 21 0 1 6.082e+02 6.098e+02 15 0 2 6.184e+02 6.416e+02 216 2 1 2.003e+01 2.197e+01 18 2 4 1.654e+02 1.706e+02 49 2 3 2.075e+01 2.125e+01 5 3 2 3.183e+01 5.217e+01 189
2789 4 2 2 6.617e+02 6.823e+02 192 3 4 1.243e+02 1.277e+02 32 3 4 7.118e+01 9.682e+01 238 3 4 2.483e+01 5.917e+01 319
2790 28 0 2 6.282e+02 6.318e+02 33 0 1 6.484e+02 6.536e+02 48 0 4 6.300e+02 6.300e+02 -3 0 3 6.468e+02 6.552e+02 77 0 2 6.164e+02 6.436e+02 252 0 2 6.706e+02 6.734e+02 26 0 4 6.133e+02 6.467e+02 310 0 4 6.700e+02 6.740e+02 37 0 1 5.919e+02 6.261e+02 317 0 1 6.327e+02 6.693e+02 340 0 3 5.894e+02 6.286e+02 364 0 4 6.550e+02 6.890e+02 316 2 4 2.074e+02 2.126e+02 48 2 1 1.739e+02 2.041e+02 280 2 2 2.071e+02 2.129e+02 53 2 1 2.143e+02 2.477e+02 310 2 3 2.138e+02 2.482e+02 319 3 2 1.247e+02 1.273e+02 25 3 2 1.666e+02 1.694e+02 26 3 3 1.458e+02 1.482e+02 23 3 3 1.869e+02 1.911e+02 40 3 1 9.057e+01 1.194e+02 268 3 1 4.704e+01 7.896e+01 296 3 2 2.069e+02 2.131e+02 57 3 4 2.067e+02 2.133e+02 61 3 4 1.570e+02 1.790e+02 204 3 1 1.723e+02 2.057e+02 310 3 3 1.726e+02 2.054e+02 304
2791 4 0 2 6.704e+02 6.736e+02 29 0 4 6.564e+02 6.876e+02 290 0 1 6.355e+02 6.665e+02 287 2 1 4.516e+01 8.084e+01 331
