28884 62 0 1 3.139e+02 3.161e+02 21 0 4 6.280e+02 6.320e+02 36 0 4 3.350e+02 3.370e+02 18 0 4 4.193e+02 4.207e+02 14 0 3 6.033e+01 6.567e+01 50 0 1 6.041e+02 6.139e+02 91 0 2 4.022e+01 4.378e+01 33 0 3 6.499e+02 6.521e+02 20 0 4 7.159e+01 9.641e+01 230 0 3 3.971e+02 4.009e+02 35 0 2 3.650e+02 3.910e+02 241 0 2 4.991e+02 5.089e+02 91 0 2 3.200e+02 3.520e+02 298 0 1 5.113e+02 5.387e+02 254 0 3 6.037e+02 6.143e+02 98 0 2 6.701e+02 6.739e+02 36 0 1 3.854e+02 4.126e+02 253 0 4 4.892e+02 5.188e+02 276 0 3 5.128e+02 5.372e+02 226 0 2 6.144e+02 6.456e+02 290 0 4 6.685e+02 6.755e+02 66 0 4 4.025e+02 4.375e+02 325 0 1 5.522e+02 5.818e+02 276 0 4 5.699e+02 6.061e+02 336 0 1 6.354e+02 6.666e+02 290 0 3 3.818e+02 4.162e+02 319 0 3 4.998e+02 5.502e+02 468 0 4 6.470e+02 6.970e+02 464 0 2 6.469e+02 6.971e+02 466 1 4 5.857e+02 5.903e+02 43 1 3 6.062e+02 6.118e+02 51 1 3 3.789e+02 4.191e+02 373 1 2 5.459e+02 5.461e+02 2 1 4 6.185e+02 6.415e+02 213 1 2 5.807e+02 5.953e+02 136 1 3 5.934e+02 6.246e+02 290 1 3 5.543e+02 5.797e+02 236 1 2 6.109e+02 6.491e+02 355 2 4 2.510e+02 2.530e+02 18 2 2 4.183e+02 4.217e+02 31 2 4 8.182e+01 8.618e+01 40 2 4 1.629e+02 1.731e+02 95 2 3 3.919e+02 4.061e+02 131 2 4 2.921e+02 2.959e+02 36 2 1 3.546e+02 3.594e+02 46 2 2 7.428e+01 9.372e+01 180 2 1 4.242e+02 4.578e+02 312 2 3 1.813e+02 1.967e+02 144 2 2 2.005e+02 2.195e+02 176 2 3 3.078e+02 3.222e+02 133 2 2 3.329e+02 3.391e+02 57 2 3 9.089e+01 1.191e+02 262 2 1 1.745e+02 2.035e+02 269 2 4 1.966e+02 2.234e+02 248 2 1 3.004e+02 3.296e+02 271 2 4 3.634e+02 3.926e+02 270 2 4 1.891e+01 6.509e+01 429 2 4 3.228e+02 3.492e+02 245 3 4 3.654e+01 4.746e+01 101 3 1 6.036e+02 6.144e+02 100 3 1 9.039e+01 1.196e+02 271 3 1 5.965e+02 6.215e+02 233
28885 6 0 1 5.201e+02 5.299e+02 91 0 2 5.350e+02 5.570e+02 205 2 3 1.613e+01 2.587e+01 90 2 1 1.321e+01 2.879e+01 145 2 2 3.071e+01 5.329e+01 210 2 4 2.663e+01 5.737e+01 286
28886 15 0 1 5.636e+02 5.704e+02 64 0 3 6.225e+01 6.375e+01 14 0 4 7.805e+01 8.995e+01 110 0 2 6.277e+02 6.323e+02 43 0 1 6.506e+02 6.514e+02 8 0 3 5.571e+02 5.769e+02 184 0 4 6.240e+02 6.360e+02 110 0 3 6.482e+02 6.538e+02 52 0 4 5.809e+02 5.951e+02 131 0 3 6.350e+02 6.670e+02 296 0 3 6.034e+02 6.146e+02 104 0 2 6.213e+02 6.387e+02 162 2 1 1.940e+01 2.260e+01 30 2 4 5.394e+02 5.526e+02 122 2 3 1.402e+01 2.798e+01 130
28888 0
28891 3 1 3 2.756e+00 3.924e+01 339 2 4 1.243e+02 1.277e+02 32 2 4 1.164e+02 1.356e+02 179
28892 10 0 3 4.330e+02 4.490e+02 148 0 3 5.618e+02 5.722e+02 96 0 4 5.781e+02 5.979e+02 185 0 2 6.674e+02 6.766e+02 86 0 1 5.576e+02 5.764e+02 175 0 1 6.411e+02 6.609e+02 185 0 4 4.047e+02 4.353e+02 285 0 3 6.392e+02 6.628e+02 219 0 1 4.254e+02 4.566e+02 290 1 2 6.300e+02 6.300e+02 -1
28893 7 0 4 4.605e+02 4.635e+02 27 0 2 1.245e+02 1.275e+02 28 0 1 5.887e+02 6.293e+02 377 1 4 5.777e+02 5.983e+02 190 1 1 5.937e+02 6.243e+02 284 1 2 6.169e+02 6.431e+02 244 2 1 3.390e+02 3.750e+02 334
28896 2 0 2 6.700e+02 6.740e+02 36 0 4 6.666e+02 6.774e+02 100
28897 4 0 2 6.720e+02 6.720e+02 -9 0 4 6.620e+02 6.820e+02 186 0 1 3.846e+02 4.134e+02 267 1 2 6.280e+02 6.320e+02 36
28900 0
28901 10 0 1 4.821e+02 4.839e+02 17 0 3 5.198e+02 5.302e+02 97 0 2 6.720e+02 6.720e+02 -24 0 4 5.040e+02 5.040e+02 -4 0 4 6.711e+02 6.729e+02 17 0 4 6.269e+02 6.331e+02 57 0 4 5.813e+02 5.947e+02 124 0 2 6.249e+02 6.351e+02 95 2 4 2.929e+02 2.951e+02 20 2 4 7.801e+01 8.999e+01 111
28902 2 2 4 6.849e+01 9.951e+01 288 2 4 1.418e+02 1.942e+02 486
28903 11 2 2 8.276e+01 8.524e+01 23 2 2 1.678e+02 1.682e+02 4 2 4 5.034e+02 5.046e+02 11 2 2 3.294e+02 3.426e+02 123 2 3 5.710e+01 6.890e+01 110 2 4 7.845e+01 8.955e+01 103 2 4 1.594e+02 1.766e+02 160 2 4 3.328e+02 3.392e+02 60 2 3 1.287e+02 1.653e+02 340 2 4 3.231e+02 3.489e+02 240 3 4 3.906e+01 4.494e+01 55
28907 3 0 4 6.639e+02 6.801e+02 150 0 2 6.552e+02 6.888e+02 311 0 4 6.482e+02 6.958e+02 441
28908 58 0 1 5.656e+02 5.684e+02 26 0 2 6.294e+02 6.306e+02 11 0 2 2.074e+02 2.126e+02 48 0 3 4.818e+02 4.842e+02 22 0 3 5.643e+02 5.697e+02 50 0 4 6.293e+02 6.307e+02 14 0 1 4.761e+02 4.899e+02 128 0 1 5.236e+02 5.264e+02 26 0 1 6.080e+02 6.100e+02 19 0 1 6.481e+02 6.539e+02 54 0 1 4.284e+02 4.536e+02 234 0 2 4.942e+02 5.138e+02 181 0 3 5.218e+02 5.282e+02 59 0 3 6.054e+02 6.126e+02 66 0 3 6.487e+02 6.533e+02 43 0 4 4.919e+02 5.161e+02 225 0 2 5.356e+02 5.564e+02 194 0 4 5.816e+02 5.944e+02 118 1 4 5.865e+02 5.895e+02 28 1 3 3.566e+02 3.574e+02 7 1 1 6.075e+02 6.105e+02 28 1 3 5.174e+02 5.326e+02 140 1 2 5.447e+02 5.473e+02 24 1 2 6.295e+02 6.305e+02 9 1 3 5.641e+02 5.699e+02 53 1 4 6.278e+02 6.322e+02 41 1 4 5.367e+02 5.553e+02 172 1 3 6.001e+02 6.179e+02 166 1 1 5.543e+02 5.797e+02 236 1 1 5.930e+02 6.250e+02 297 1 3 5.896e+02 6.284e+02 360 2 4 3.334e+02 3.386e+02 49 2 3 2.039e+01 2.161e+01 11 2 3 3.536e+02 3.604e+02 63 2 4 5.027e+02 5.053e+02 24 2 3 5.682e+01 6.918e+01 115 2 4 5.783e+02 5.977e+02 180 2 4 1.216e+02 1.304e+02 81 2 4 6.623e+02 6.817e+02 180 2 1 1.435e+02 1.505e+02 65 2 1 3.829e+02 4.151e+02 299 2 2 3.658e+02 3.902e+02 226 2 1 1.649e+01 2.551e+01 84 2 2 7.922e+01 8.878e+01 89 2 3 1.395e+02 1.545e+02 140 2 4 1.986e+02 2.214e+02 211 2 3 4.834e+01 7.766e+01 272 2 4 7.536e+01 9.264e+01 160 2 2 1.590e+02 1.770e+02 168 2 4 7.011e+01 9.789e+01 258 2 4 1.564e+02 1.796e+02 216 2 2 1.075e+02 1.445e+02 343 2 1 1.350e+02 1.590e+02 223 3 4 2.516e+02 2.524e+02 8 3 1 1.967e+01 2.233e+01 25 3 1 9.627e+01 1.137e+02 162 3 4 2.085e+02 2.115e+02 27 3 1 1.006e+00 4.099e+01 371
28909 7 2 1 2.703e+02 2.757e+02 50 2 4 5.452e+02 5.468e+02 16 2 3 5.632e+02 5.708e+02 70 2 2 5.843e+02 5.917e+02 69 2 1 6.005e+02 6.175e+02 158 2 1 3.408e+02 3.732e+02 300 3 1 8.541e+01 1.246e+02 364
28912 0
28913 0
28914 1 2 4 2.914e+01 5.486e+01 239
28915 0
28917 8 0 2 6.288e+02 6.312e+02 23 0 4 6.148e+02 6.452e+02 283 0 1 5.911e+02 6.269e+02 332 0 4 6.700e+02 6.740e+02 37 0 2 6.094e+02 6.506e+02 383 0 1 6.477e+02 6.543e+02 60 2 1 1.792e+01 2.408e+01 57 2 3 6.569e+00 3.543e+01 268
28918 19 0 1 6.492e+02 6.528e+02 33 0 1 5.610e+02 5.730e+02 112 0 3 6.497e+02 6.523e+02 25 0 1 5.193e+02 5.307e+02 106 0 3 5.978e+02 6.202e+02 208 0 1 6.385e+02 6.635e+02 232 0 3 5.119e+02 5.381e+02 244 0 2 6.149e+02 6.451e+02 281 0 4 6.523e+02 6.917e+02 366 0 4 6.093e+02 6.507e+02 384 1 4 3.322e+02 3.398e+02 70 1 4 3.188e+02 3.532e+02 320 2 3 1.972e+01 2.228e+01 24 2 1 2.677e+02 2.783e+02 99 2 1 1.658e+01 2.542e+01 82 2 3 2.194e+02 2.426e+02 215 2 2 2.385e+01 6.015e+01 337 2 4 2.328e+02 2.712e+02 357 2 4 1.897e+02 2.303e+02 376
28921 15 0 4 6.646e+02 6.794e+02 138 0 2 5.025e+02 5.055e+02 27 0 3 5.959e+02 6.221e+02 244 0 2 6.650e+02 6.790e+02 130 0 1 4.282e+02 4.538e+02 237 0 4 4.945e+02 5.135e+02 177 0 3 5.082e+02 5.418e+02 312 0 2 6.104e+02 6.496e+02 365 0 1 6.270e+02 6.750e+02 446 0 1 4.670e+02 4.990e+02 296 0 4 6.471e+02 6.969e+02 462 2 2 3.760e+02 3.800e+02 38 2 3 3.462e+02 3.678e+02 200 2 2 2.250e+01 6.150e+01 362 2 3 -2.901e+00 4.490e+01 444
28922 13 0 4 3.757e+02 3.803e+02 43 2 1 6.496e+02 6.524e+02 26 2 4 1.667e+02 1.693e+02 24 2 3 6.067e+02 6.113e+02 42 2 4 2.447e+02 2.593e+02 136 2 4 4.181e+02 4.219e+02 36 2 4 1.228e+02 1.292e+02 59 2 2 6.284e+02 6.316e+02 30 2 4 2.040e+02 2.160e+02 112 2 1 6.361e+02 6.659e+02 277 2 4 1.098e+02 1.422e+02 301 2 4 5.727e+02 6.033e+02 284 2 3 2.233e+02 2.387e+02 142
28924 7 0 2 6.264e+02 6.336e+02 66 0 4 6.254e+02 6.346e+02 86 0 1 6.317e+02 6.703e+02 358 2 4 5.444e+02 5.476e+02 29 2 3 5.606e+02 5.734e+02 120 2 2 5.755e+02 6.005e+02 233 2 1 5.888e+02 6.292e+02 375
28926 1 0 2 6.042e+02 6.558e+02 479
28927 4 0 4 6.687e+02 6.753e+02 62 0 3 6.495e+02 6.525e+02 28 0 3 6.364e+02 6.656e+02 271 2 3 6.882e+00 3.512e+01 262
28928 18 0 1 2.012e+01 2.188e+01 16 0 2 4.620e+02 4.620e+02 -7 0 1 3.077e+02 3.223e+02 136 0 1 5.224e+02 5.276e+02 49 0 4 3.691e+02 3.869e+02 166 0 1 4.346e+02 4.474e+02 118 0 1 7.512e+00 3.449e+01 250 0 3 4.786e+02 4.874e+02 81 0 2 6.603e+02 6.837e+02 218 0 4 4.515e+02 4.725e+02 195 0 4 4.861e+02 5.219e+02 332 0 4 4.460e+02 4.780e+02 296 0 3 4.655e+02 5.005e+02 325 1 4 5.859e+02 5.901e+02 40 2 3 1.462e+02 1.478e+02 16 2 4 2.069e+02 2.131e+02 57 2 4 1.183e+02 1.337e+02 144 2 1 1.767e+02 2.013e+02 228
28930 0
28933 8 1 1 2.294e+02 2.326e+02 30 1 4 2.068e+02 2.132e+02 60 1 4 1.955e+02 2.245e+02 270 1 4 1.544e+02 1.816e+02 252 2 2 3.246e+01 5.154e+01 177 2 4 3.690e+01 4.710e+01 95 2 1 5.723e+01 6.877e+01 107 2 3 5.050e+01 7.550e+01 232
28934 22 0 2 4.620e+02 4.620e+02 -23 0 4 6.300e+02 6.300e+02 -17 0 3 6.510e+02 6.510e+02 0 0 4 4.620e+02 4.620e+02 -12 0 3 5.219e+02 5.281e+02 57 0 1 3.437e+02 3.703e+02 247 0 4 6.719e+02 6.721e+02 1 0 2 3.609e+02 3.951e+02 317 0 4 4.923e+02 5.157e+02 216 0 4 6.134e+02 6.466e+02 309 0 4 3.633e+02 3.927e+02 273 0 2 6.664e+02 6.776e+02 105 0 1 4.705e+02 4.955e+02 233 0 3 5.830e+02 6.350e+02 482 0 3 6.369e+02 6.651e+02 262 0 2 4.884e+02 5.196e+02 290 0 2 6.572e+02 6.868e+02 276 0 2 6.462e+02 6.978e+02 479 1 2 3.709e+02 3.851e+02 132 1 4 3.686e+02 3.874e+02 174 1 1 3.737e+02 4.243e+02 470 1 3 3.758e+02 4.222e+02 430
28935 5 0 2 6.698e+02 6.742e+02 41 2 2 4.107e+01 4.293e+01 17 2 4 3.376e+01 5.024e+01 153 2 3 7.064e+00 3.494e+01 259 2 1 4.857e+01 7.743e+01 268
28938 7 0 2 2.931e+02 2.949e+02 16 0 2 4.989e+02 5.091e+02 95 0 4 3.260e+02 3.460e+02 186 0 3 6.090e+02 6.090e+02 -11 1 4 5.800e+02 5.960e+02 149 1 3 5.969e+02 6.211e+02 225 1 2 5.750e+02 6.010e+02 241
28939 2 3 4 4.172e+02 4.228e+02 51 3 4 5.432e+02 5.488e+02 52
28940 9 0 2 6.702e+02 6.738e+02 34 0 2 6.568e+02 6.872e+02 283 0 4 6.568e+02 6.872e+02 283 1 1 5.974e+02 6.206e+02 216 2 3 4.660e+02 5.000e+02 316 2 3 4.250e+02 4.570e+02 297 2 4 2.924e+02 2.956e+02 29 2 3 3.094e+02 3.206e+02 104 2 2 2.799e+02 3.081e+02 262
28941 1 3 3 1.115e+01 3.085e+01 183
28943 3 0 4 6.630e+02 6.810e+02 167 0 2 6.602e+02 6.838e+02 220 0 3 6.350e+02 6.670e+02 296
28944 12 0 2 6.699e+02 6.741e+02 40 0 4 6.700e+02 6.740e+02 37 0 1 6.495e+02 6.525e+02 27 0 3 6.483e+02 6.537e+02 50 0 1 6.371e+02 6.649e+02 259 0 3 6.376e+02 6.644e+02 248 0 2 6.527e+02 6.913e+02 358 1 1 6.044e+02 6.136e+02 86 1 4 6.108e+02 6.492e+02 357 2 1 2.017e+01 2.183e+01 16 2 3 1.577e+01 2.623e+01 97 2 3 1.798e+02 1.982e+02 170
28945 8 0 4 5.857e+02 5.903e+02 43 0 2 3.311e+02 3.409e+02 90 0 3 5.528e+02 5.812e+02 263 0 3 5.904e+02 6.276e+02 345 0 1 5.485e+02 5.855e+02 343 1 2 6.114e+02 6.486e+02 346 2 4 6.300e+02 6.300e+02 -10 2 1 1.353e+01 2.847e+01 139
