27218 3 1 4 5.825e+02 5.935e+02 101 1 3 6.000e+02 6.180e+02 166 1 2 6.134e+02 6.466e+02 309
27220 6 0 4 4.785e+02 5.295e+02 474 2 4 2.058e+02 2.142e+02 79 2 1 2.282e+02 2.338e+02 51 2 2 2.014e+02 2.186e+02 160 2 4 4.396e+02 4.844e+02 416 2 3 2.118e+02 2.502e+02 356
27221 58 0 4 5.038e+02 5.042e+02 4 0 3 6.073e+02 6.107e+02 31 0 3 3.930e+02 4.050e+02 112 0 4 3.618e+02 3.942e+02 300 0 3 5.662e+02 5.678e+02 15 0 2 6.251e+02 6.349e+02 91 0 2 4.933e+02 5.147e+02 198 0 3 5.197e+02 5.303e+02 98 0 1 5.952e+02 6.228e+02 256 0 3 5.098e+02 5.402e+02 281 0 1 5.821e+02 6.359e+02 499 1 4 5.861e+02 5.899e+02 36 1 1 6.067e+02 6.113e+02 42 1 2 6.158e+02 6.442e+02 264 1 2 5.711e+02 6.049e+02 315 1 4 6.149e+02 6.451e+02 280 2 2 6.290e+02 6.310e+02 19 2 1 2.713e+02 2.747e+02 32 2 1 3.567e+02 3.573e+02 6 2 2 1.244e+02 1.276e+02 29 2 3 3.964e+02 4.016e+02 48 2 3 1.852e+02 1.928e+02 70 2 4 5.020e+02 5.060e+02 36 2 4 3.746e+02 3.814e+02 64 2 3 5.231e+02 5.269e+02 36 2 4 1.173e+02 1.347e+02 161 2 3 5.986e+02 6.194e+02 193 2 3 1.454e+02 1.486e+02 30 2 1 3.007e+02 3.293e+02 266 2 2 4.155e+02 4.245e+02 84 2 2 3.342e+02 3.378e+02 33 2 4 4.608e+02 4.632e+02 22 2 3 2.440e+00 3.956e+01 345 2 2 5.348e+02 5.572e+02 209 2 3 9.357e+01 1.164e+02 212 2 4 6.088e+02 6.512e+02 394 2 4 1.634e+02 1.726e+02 86 2 2 1.947e+02 2.253e+02 285 2 1 4.366e+02 4.454e+02 82 2 3 2.988e+02 3.312e+02 301 2 1 4.804e+02 4.856e+02 49 2 4 3.331e+02 3.389e+02 55 2 1 5.065e+02 5.435e+02 344 2 3 3.717e+01 8.883e+01 480 2 4 5.712e+02 6.048e+02 312 2 4 1.107e+02 1.413e+02 285 2 2 4.498e+02 4.742e+02 226 2 2 1.537e+02 1.823e+02 266 2 3 4.692e+02 4.968e+02 256 2 4 3.233e+02 3.487e+02 236 2 1 1.738e+02 2.042e+02 281 2 3 3.398e+02 3.742e+02 320 2 1 1.314e+02 1.626e+02 290 3 3 1.994e+01 2.206e+01 20 3 3 6.474e+02 6.546e+02 66 3 2 3.856e+01 4.544e+01 64 3 4 2.717e+01 5.683e+01 276 3 1 4.843e+01 7.757e+01 270
27223 17 0 4 6.300e+02 6.300e+02 -8 0 3 2.258e+02 2.362e+02 96 0 2 6.692e+02 6.748e+02 52 0 2 2.051e+02 2.149e+02 91 0 2 6.189e+02 6.411e+02 206 0 4 6.691e+02 6.749e+02 53 0 2 1.990e+02 2.210e+02 204 0 1 6.490e+02 6.530e+02 36 0 1 2.121e+02 2.499e+02 350 0 2 6.625e+02 6.815e+02 177 0 4 2.318e+02 2.722e+02 375 0 3 6.388e+02 6.632e+02 227 0 4 1.906e+02 2.294e+02 360 2 2 3.820e+01 4.580e+01 70 2 4 3.780e+01 4.620e+01 78 2 1 5.368e+01 7.232e+01 173 2 3 2.349e+00 3.965e+01 346
27224 5 2 2 3.720e+02 3.840e+02 112 2 2 1.584e+02 1.776e+02 178 2 4 3.765e+02 3.795e+02 28 2 3 1.764e+02 2.016e+02 234 2 2 1.943e+02 2.257e+02 291
27225 14 0 4 1.654e+02 1.706e+02 49 0 2 2.930e+02 2.950e+02 19 0 1 2.601e+02 2.859e+02 240 0 4 2.831e+02 3.049e+02 203 0 3 4.830e+02 4.830e+02 -14 0 4 5.025e+02 5.055e+02 28 0 4 6.286e+02 6.314e+02 26 0 3 6.466e+02 6.554e+02 82 0 2 4.941e+02 5.139e+02 184 0 1 6.023e+02 6.157e+02 124 0 1 6.442e+02 6.578e+02 127 2 2 1.651e+02 1.709e+02 55 2 1 1.441e+02 1.499e+02 54 2 4 1.586e+02 1.774e+02 174
27226 0
27227 71 0 1 5.640e+02 5.700e+02 56 0 1 2.296e+02 2.324e+02 26 0 1 6.080e+02 6.100e+02 18 0 1 3.142e+02 3.158e+02 15 0 4 6.720e+02 6.720e+02 0 0 4 2.464e+02 2.576e+02 105 0 1 4.365e+02 4.455e+02 84 0 2 3.729e+02 3.831e+02 94 0 2 5.002e+02 5.078e+02 70 0 2 1.186e+02 1.334e+02 137 0 3 5.670e+02 5.670e+02 -6 0 4 1.504e+02 1.856e+02 327 0 3 6.070e+02 6.110e+02 36 0 2 2.391e+02 2.649e+02 240 0 1 6.500e+02 6.520e+02 18 0 2 3.274e+02 3.446e+02 160 0 3 3.824e+02 4.156e+02 309 0 1 1.269e+02 1.671e+02 373 0 2 4.582e+02 4.658e+02 71 0 4 2.366e+02 2.674e+02 286 0 3 5.237e+02 5.263e+02 25 0 2 3.645e+02 3.915e+02 251 0 4 6.291e+02 6.309e+02 16 0 4 3.607e+02 3.953e+02 322 0 2 6.643e+02 6.797e+02 144 0 4 4.083e+02 4.317e+02 217 0 3 4.756e+02 4.904e+02 138 0 3 5.594e+02 5.746e+02 140 0 4 5.794e+02 5.966e+02 159 0 3 6.414e+02 6.606e+02 179 0 3 4.699e+02 4.961e+02 244 0 2 5.268e+02 5.652e+02 356 0 2 6.209e+02 6.391e+02 170 0 4 4.443e+02 4.797e+02 329 0 1 5.897e+02 6.283e+02 358 0 1 4.646e+02 5.014e+02 342 1 3 6.085e+02 6.095e+02 9 1 2 5.875e+02 5.885e+02 9 1 2 6.297e+02 6.303e+02 6 1 1 5.649e+02 5.691e+02 39 1 4 6.297e+02 6.303e+02 6 1 4 5.799e+02 5.961e+02 150 1 1 6.088e+02 6.092e+02 4 2 4 1.678e+02 1.682e+02 4 2 1 5.658e+02 5.682e+02 22 2 3 3.117e+02 3.183e+02 61 2 4 3.760e+02 3.800e+02 37 2 4 4.200e+02 4.200e+02 -3 2 1 1.884e+02 1.896e+02 10 2 3 5.645e+02 5.695e+02 47 2 3 2.247e+02 2.373e+02 116 2 4 2.859e+02 3.021e+02 150 2 3 4.403e+02 4.417e+02 13 2 4 3.326e+02 3.394e+02 64 2 4 5.321e+02 5.599e+02 258 2 1 1.478e+01 2.722e+01 116 2 3 3.970e+02 4.010e+02 36 2 3 1.357e+02 1.583e+02 210 2 1 3.936e+02 4.044e+02 100 2 3 3.515e+02 3.625e+02 102 2 3 1.433e+01 2.767e+01 124 2 2 1.555e+02 1.805e+02 231 2 1 2.965e+02 3.335e+02 343 2 2 3.605e+02 3.955e+02 325 2 3 4.843e+01 7.757e+01 270 2 3 1.739e+02 2.041e+02 280 2 4 3.624e+02 3.936e+02 290 2 2 3.214e+02 3.506e+02 270 2 1 3.368e+02 3.772e+02 376 3 1 1.913e+01 2.287e+01 35 3 1 1.200e+01 3.000e+01 167
27231 9 0 1 5.987e+02 6.193e+02 192 0 3 6.459e+02 6.561e+02 95 0 3 6.037e+02 6.143e+02 99 0 2 6.589e+02 6.851e+02 243 0 4 5.743e+02 6.017e+02 255 1 2 5.460e+02 5.460e+02 -15 2 3 1.863e+02 1.917e+02 50 2 1 6.569e+00 3.543e+01 268 2 4 1.655e+02 1.705e+02 46
27232 3 0 1 6.479e+02 6.541e+02 57 0 3 6.485e+02 6.535e+02 47 0 4 6.573e+02 6.867e+02 274
27233 10 0 3 5.241e+02 5.259e+02 16 0 1 3.872e+02 4.108e+02 220 0 3 4.285e+02 4.535e+02 233 0 2 3.726e+02 3.834e+02 100 0 2 4.910e+02 5.170e+02 241 0 1 3.465e+02 3.675e+02 195 0 2 3.638e+02 3.922e+02 263 1 2 6.206e+02 6.394e+02 174 2 2 2.513e+02 2.527e+02 14 3 2 4.510e+02 4.730e+02 204
27234 4 2 2 6.258e+02 6.342e+02 79 2 4 6.206e+02 6.394e+02 175 2 3 5.963e+02 6.217e+02 236 2 1 5.925e+02 6.255e+02 306
27236 30 2 2 8.209e+01 8.591e+01 36 2 2 4.556e+02 4.684e+02 120 2 4 2.088e+02 2.112e+02 22 2 2 5.456e+02 5.464e+02 7 2 1 2.675e+02 2.785e+02 102 2 1 4.381e+02 4.439e+02 54 2 4 3.357e+02 3.363e+02 6 2 4 4.883e+02 5.197e+02 291 2 1 6.190e+01 6.410e+01 20 2 1 5.616e+02 5.724e+02 100 2 2 1.251e+02 1.269e+02 17 2 3 4.394e+02 4.426e+02 29 2 2 2.502e+02 2.538e+02 33 2 3 4.250e+02 4.570e+02 297 2 1 3.510e+02 3.630e+02 111 2 2 4.058e+02 4.342e+02 265 2 3 6.024e+01 6.576e+01 51 2 3 9.151e+01 1.185e+02 250 2 2 2.075e+02 2.125e+02 46 2 3 3.465e+02 3.675e+02 196 2 3 1.070e+01 3.130e+01 191 2 4 1.115e+02 1.405e+02 269 2 3 1.708e+02 2.072e+02 337 2 3 2.212e+02 2.408e+02 182 2 4 2.811e+01 5.589e+01 258 2 1 1.270e+02 1.670e+02 371 2 4 1.925e+02 2.275e+02 325 2 1 5.167e+01 7.433e+01 210 2 4 2.330e+02 2.710e+02 352 2 3 4.727e+01 7.873e+01 292
27237 4 0 1 2.132e+02 2.488e+02 330 0 2 6.490e+02 6.950e+02 428 1 3 1.339e+02 1.601e+02 244 1 3 5.864e+02 6.316e+02 420
27238 23 0 1 5.652e+02 5.688e+02 33 0 1 3.983e+02 3.997e+02 14 0 4 1.596e+02 1.764e+02 156 0 3 5.170e+02 5.330e+02 148 0 4 2.506e+02 2.534e+02 26 0 4 6.197e+02 6.403e+02 192 0 4 6.617e+02 6.823e+02 192 0 1 5.106e+02 5.394e+02 268 0 2 6.109e+02 6.491e+02 356 0 2 6.578e+02 6.862e+02 263 0 2 5.357e+02 5.563e+02 192 1 1 5.663e+02 5.677e+02 14 1 2 5.877e+02 5.883e+02 6 1 1 6.090e+02 6.090e+02 -2 1 2 5.443e+02 5.477e+02 32 1 3 6.080e+02 6.100e+02 18 1 3 5.614e+02 5.726e+02 104 1 2 6.211e+02 6.389e+02 165 1 4 5.315e+02 5.605e+02 269 1 4 6.246e+02 6.354e+02 100 1 4 5.736e+02 6.024e+02 267 2 1 1.528e+01 2.672e+01 106 2 3 1.335e+01 2.865e+01 142
27239 7 0 2 5.437e+02 5.483e+02 42 0 2 6.621e+02 6.819e+02 185 0 3 5.506e+02 5.834e+02 304 0 1 5.085e+02 5.415e+02 306 0 2 5.241e+02 5.679e+02 406 0 3 5.418e+02 5.922e+02 469 0 1 5.004e+02 5.496e+02 457
27240 10 0 1 5.616e+02 5.724e+02 100 0 2 6.280e+02 6.320e+02 37 0 4 6.284e+02 6.316e+02 30 0 2 4.975e+02 5.105e+02 120 0 1 5.160e+02 5.340e+02 166 0 1 6.317e+02 6.703e+02 358 0 4 4.939e+02 5.141e+02 187 0 3 5.124e+02 5.376e+02 235 2 3 6.455e+02 6.565e+02 103 2 4 6.158e+02 6.442e+02 263
27242 18 0 4 4.200e+02 4.200e+02 -5 0 2 4.961e+02 5.119e+02 147 0 3 5.584e+02 5.756e+02 160 0 4 6.614e+02 6.826e+02 196 0 1 4.577e+02 5.083e+02 470 0 3 5.014e+02 5.486e+02 439 0 4 6.232e+02 6.368e+02 126 0 1 6.052e+02 6.128e+02 70 0 3 5.995e+02 6.185e+02 176 0 2 6.179e+02 6.421e+02 226 1 2 6.056e+02 6.544e+02 454 2 4 4.193e+01 4.207e+01 1 2 4 1.921e+02 2.279e+02 333 2 3 5.934e+01 6.666e+01 68 2 3 3.150e+02 3.150e+02 -13 2 1 1.958e+01 2.242e+01 26 2 3 3.004e+02 3.296e+02 270 2 3 8.588e+00 3.341e+01 230
27243 14 0 2 6.617e+02 6.823e+02 192 0 4 6.590e+02 6.850e+02 242 2 1 2.730e+02 2.730e+02 -3 2 3 2.719e+02 2.741e+02 21 2 4 1.216e+02 1.304e+02 81 2 2 5.040e+02 5.040e+02 -2 2 1 1.463e+02 1.477e+02 14 2 3 3.842e+02 4.138e+02 275 2 4 2.421e+02 2.619e+02 184 2 4 8.128e+01 8.672e+01 50 2 3 1.328e+02 1.612e+02 263 2 2 2.818e+02 3.062e+02 227 2 2 1.172e+02 1.348e+02 164 3 3 1.433e+01 2.767e+01 124
27244 0
27249 17 0 3 4.390e+02 4.430e+02 37 0 2 6.652e+02 6.788e+02 127 1 3 2.617e+02 2.843e+02 210 2 1 6.207e+01 6.393e+01 17 2 1 5.192e+02 5.308e+02 108 2 4 8.317e+01 8.483e+01 16 2 2 5.001e+02 5.079e+02 73 2 1 2.251e+02 2.369e+02 109 2 3 9.254e+01 1.175e+02 231 2 3 4.662e+02 4.998e+02 311 2 3 2.243e+02 2.377e+02 125 2 3 5.040e+02 5.460e+02 390 2 1 4.678e+01 7.922e+01 301 2 4 4.898e+02 5.182e+02 263 2 2 6.975e+01 9.825e+01 265 2 2 2.352e+02 2.688e+02 312 2 4 2.372e+02 2.668e+02 276
27250 9 0 4 3.698e+02 3.862e+02 152 0 4 4.567e+02 4.673e+02 99 1 4 7.459e+01 9.341e+01 175 1 3 8.806e+01 1.219e+02 315 2 2 2.911e+02 2.969e+02 53 2 4 1.554e+02 1.806e+02 234 2 4 2.838e+02 3.042e+02 189 2 3 2.584e+02 2.876e+02 271 2 2 2.819e+02 3.061e+02 224
27251 3 2 4 1.971e+02 2.229e+02 240 2 1 2.233e+02 2.387e+02 144 2 2 1.975e+02 2.225e+02 231
27252 11 0 4 3.710e+02 3.850e+02 130 0 1 4.363e+02 4.457e+02 88 0 2 4.562e+02 4.678e+02 108 0 4 4.539e+02 4.701e+02 150 0 1 6.297e+02 6.723e+02 396 0 3 4.239e+02 4.581e+02 318 0 2 5.229e+02 5.691e+02 429 0 4 5.682e+02 6.078e+02 367 0 3 6.261e+02 6.759e+02 463 0 2 6.451e+02 6.989e+02 499 0 4 6.477e+02 6.963e+02 452
27253 40 0 4 3.337e+02 3.383e+02 43 0 1 6.498e+02 6.522e+02 22 0 2 4.170e+01 4.230e+01 6 0 1 4.820e+02 4.840e+02 19 0 2 3.345e+02 3.375e+02 28 0 1 5.250e+02 5.250e+02 -20 0 3 6.077e+01 6.523e+01 41 0 1 6.063e+02 6.117e+02 50 0 4 7.711e+01 9.089e+01 128 0 3 6.510e+02 6.510e+02 -17 0 3 4.823e+02 4.837e+02 12 0 2 5.460e+02 5.460e+02 -12 0 2 6.300e+02 6.300e+02 -1 0 2 6.662e+02 6.778e+02 107 0 4 4.903e+02 5.177e+02 255 0 3 5.628e+02 5.712e+02 78 0 4 6.262e+02 6.338e+02 70 0 3 6.354e+02 6.666e+02 290 0 2 4.439e+02 4.801e+02 336 0 1 5.532e+02 5.808e+02 256 0 2 6.159e+02 6.441e+02 262 0 3 5.072e+02 5.428e+02 330 0 4 6.198e+02 6.402e+02 190 0 1 5.931e+02 6.249e+02 295 1 3 6.090e+02 6.090e+02 -11 1 2 5.880e+02 5.880e+02 -10 1 4 6.300e+02 6.300e+02 -14 1 4 5.742e+02 6.018e+02 257 1 2 6.211e+02 6.389e+02 166 1 1 5.527e+02 5.813e+02 265 1 3 5.981e+02 6.199e+02 203 2 4 4.027e+01 4.373e+01 32 2 4 2.089e+02 2.111e+02 20 2 4 2.891e+02 2.989e+02 90 2 1 1.967e+01 2.233e+01 25 2 3 2.218e+02 2.402e+02 170 2 3 1.806e+01 2.394e+01 55 2 1 5.835e+01 6.765e+01 86 2 3 5.602e+01 6.998e+01 130 2 2 3.138e+01 5.262e+01 197
27254 0
27255 4 0 2 6.285e+02 6.315e+02 28 0 1 6.510e+02 6.510e+02 0 0 4 6.251e+02 6.349e+02 91 0 3 6.346e+02 6.674e+02 304
27256 5 1 2 5.436e+02 5.484e+02 44 1 2 1.633e+02 1.727e+02 88 1 4 8.258e+01 8.542e+01 26 1 1 1.813e+02 1.967e+02 143 2 3 2.980e+02 3.320e+02 316
27257 1 0 3 5.876e+02 6.304e+02 397
27258 10 0 1 1.813e+02 1.967e+02 142 0 1 5.208e+02 5.292e+02 79 0 2 6.216e+02 6.384e+02 156 0 2 6.703e+02 6.737e+02 32 0 2 5.360e+02 5.560e+02 186 0 4 6.226e+02 6.374e+02 138 0 4 6.613e+02 6.827e+02 198 0 3 5.095e+02 5.405e+02 288 0 4 6.165e+02 6.435e+02 250 0 1 6.312e+02 6.708e+02 368
27259 18 0 2 8.400e+01 8.400e+01 -6 0 2 6.585e+02 6.855e+02 250 0 4 6.565e+02 6.875e+02 287 1 1 6.070e+02 6.110e+02 38 2 2 8.400e+01 8.400e+01 -6 2 1 2.299e+02 2.321e+02 20 2 2 4.200e+01 4.200e+01 -8 2 2 1.260e+02 1.260e+02 -18 2 1 1.797e+02 1.983e+02 172 2 2 2.061e+02 2.139e+02 72 2 1 5.745e+01 6.855e+01 103 2 4 1.209e+02 1.311e+02 94 2 3 1.749e+02 2.031e+02 261 2 4 2.032e+02 2.168e+02 127 2 4 3.291e+01 5.109e+01 169 2 4 8.178e+01 8.622e+01 41 2 1 1.278e+02 1.662e+02 357 2 1 5.054e+01 7.546e+01 231
27260 0
27261 0
27262 43 0 4 6.262e+02 6.338e+02 71 0 3 6.499e+02 6.521e+02 20 0 1 5.179e+02 5.321e+02 131 0 2 6.236e+02 6.364e+02 118 0 2 6.714e+02 6.726e+02 11 0 3 5.217e+02 5.283e+02 62 0 1 5.948e+02 6.232e+02 264 0 4 6.716e+02 6.724e+02 7 0 3 4.196e+02 4.624e+02 397 0 2 4.878e+02 5.202e+02 300 0 2 5.361e+02 5.559e+02 184 0 3 5.942e+02 6.238e+02 276 0 1 6.499e+02 6.521e+02 20 0 1 4.157e+02 4.663e+02 470 0 4 4.839e+02 5.241e+02 373 0 3 5.590e+02 5.750e+02 149 0 4 6.134e+02 6.466e+02 309 0 3 6.414e+02 6.606e+02 178 1 2 4.604e+02 4.636e+02 30 1 2 5.859e+02 5.901e+02 40 1 1 1.399e+02 1.541e+02 132 1 1 5.126e+02 5.374e+02 230 1 4 5.862e+02 5.898e+02 33 1 2 6.294e+02 6.306e+02 11 1 2 5.450e+02 5.470e+02 19 1 3 5.954e+02 6.226e+02 253 1 4 5.387e+02 5.533e+02 136 1 4 6.174e+02 6.426e+02 234 1 3 5.611e+02 5.729e+02 109 1 4 5.749e+02 6.011e+02 243 1 1 5.517e+02 5.823e+02 285 1 3 5.476e+02 5.864e+02 360 2 4 7.935e+01 8.865e+01 86 2 4 4.193e+02 4.207e+02 14 2 4 2.036e+02 2.164e+02 120 2 3 4.370e+02 4.450e+02 75 2 3 1.015e+02 1.085e+02 66 2 3 4.672e+02 4.988e+02 293 2 3 2.290e+02 2.330e+02 38 2 2 4.893e+02 5.187e+02 272 2 2 1.106e+02 1.414e+02 286 2 1 2.164e+02 2.456e+02 270 2 2 2.380e+02 2.660e+02 260
27263 0
