52999 1 2 4 2.329e+02 2.711e+02 356
53000 0
53001 3 0 1 6.058e+02 6.122e+02 60 0 3 6.083e+02 6.097e+02 14 0 4 6.127e+02 6.473e+02 322
53002 7 2 2 1.645e+02 1.715e+02 65 2 4 1.669e+02 1.691e+02 20 2 1 1.793e+02 1.987e+02 180 3 3 3.084e+02 3.216e+02 122 3 2 2.826e+02 3.054e+02 212 3 4 2.798e+02 3.082e+02 264 3 1 3.036e+02 3.264e+02 211
53003 0
53004 22 0 1 6.076e+02 6.104e+02 26 0 3 6.027e+02 6.153e+02 116 0 4 6.193e+02 6.407e+02 199 2 4 1.669e+02 1.691e+02 21 2 4 4.148e+01 4.252e+01 10 2 4 4.191e+02 4.209e+02 17 2 2 1.641e+02 1.719e+02 73 2 4 3.229e+02 3.491e+02 243 2 3 3.970e+02 4.010e+02 38 2 1 6.154e+01 6.446e+01 27 2 3 5.592e+02 5.748e+02 146 2 1 1.739e+02 2.041e+02 281 2 4 5.745e+02 6.015e+02 250 2 3 3.413e+02 3.727e+02 291 2 3 5.947e+01 6.653e+01 66 2 2 6.351e+01 1.045e+02 380 2 3 1.724e+02 2.056e+02 308 2 4 3.599e+02 3.961e+02 336 2 2 3.318e+01 5.082e+01 164 2 4 6.558e+01 1.024e+02 342 2 3 4.785e+01 7.815e+01 281 3 1 9.676e+01 1.132e+02 153
53005 3 0 4 5.658e+02 6.102e+02 413 1 4 6.046e+02 6.554e+02 472 2 1 4.775e+00 3.722e+01 301
53006 15 0 2 6.283e+02 6.317e+02 31 0 4 6.262e+02 6.338e+02 70 0 1 5.917e+02 6.263e+02 320 0 3 6.330e+02 6.690e+02 334 1 3 1.008e+02 1.092e+02 78 1 2 2.382e+02 2.658e+02 256 1 4 2.342e+02 2.698e+02 330 2 4 2.934e+02 2.946e+02 11 2 4 4.135e+01 4.265e+01 12 2 3 9.129e+01 1.187e+02 255 2 1 3.083e+02 3.217e+02 124 2 3 4.727e+01 7.873e+01 292 2 2 6.464e+01 1.034e+02 360 2 2 2.842e+02 3.038e+02 181 2 3 2.996e+02 3.304e+02 286
53007 40 0 1 6.506e+02 6.514e+02 8 0 3 6.084e+02 6.096e+02 11 0 3 6.494e+02 6.526e+02 30 0 3 9.416e+01 1.158e+02 201 0 4 5.023e+02 5.057e+02 32 0 2 1.148e+02 1.372e+02 207 0 2 5.341e+02 5.579e+02 221 0 2 6.280e+02 6.320e+02 38 0 4 6.647e+01 1.015e+02 326 0 3 6.411e+02 6.609e+02 184 0 1 4.779e+02 4.881e+02 96 0 1 5.561e+02 5.779e+02 202 0 1 6.014e+02 6.166e+02 141 0 1 6.398e+02 6.622e+02 207 0 3 4.702e+02 4.958e+02 237 0 3 5.581e+02 5.759e+02 165 0 4 6.197e+02 6.403e+02 192 0 2 6.565e+02 6.875e+02 287 0 2 4.938e+02 5.142e+02 189 0 1 5.932e+02 6.248e+02 294 0 4 6.559e+02 6.881e+02 299 1 1 2.725e+02 2.735e+02 9 1 2 6.299e+02 6.301e+02 2 1 4 5.411e+02 5.509e+02 91 1 3 6.024e+02 6.156e+02 123 1 4 6.157e+02 6.443e+02 266 1 2 5.728e+02 6.032e+02 282 2 3 1.036e+02 1.064e+02 26 2 4 1.679e+02 1.681e+02 2 2 3 4.783e+02 4.877e+02 87 2 4 2.894e+02 2.986e+02 85 2 3 3.852e+02 4.128e+02 256 2 4 3.662e+02 3.898e+02 220 2 4 4.486e+02 4.754e+02 248 2 4 1.956e+02 2.244e+02 267 2 3 4.671e+02 4.989e+02 295 2 1 3.090e+02 3.210e+02 111 2 4 6.737e+01 1.006e+02 309 2 2 2.839e+02 3.041e+02 188 2 3 2.993e+02 3.307e+02 292
53008 23 0 2 6.298e+02 6.302e+02 4 0 1 5.992e+01 6.608e+01 57 0 4 6.701e+02 6.739e+02 36 0 4 7.953e+01 8.847e+01 83 0 3 5.167e+02 5.333e+02 155 0 1 1.783e+01 2.417e+01 59 0 4 6.273e+02 6.327e+02 50 0 2 7.128e+01 9.672e+01 236 0 1 6.433e+02 6.587e+02 142 0 3 5.180e+01 7.420e+01 208 0 2 4.944e+02 5.136e+02 179 0 1 5.103e+02 5.397e+02 273 0 1 6.004e+02 6.176e+02 159 0 2 6.681e+02 6.759e+02 73 0 4 4.885e+02 5.195e+02 288 0 3 5.944e+02 6.236e+02 271 0 3 6.344e+02 6.676e+02 308 2 4 2.933e+02 2.947e+02 13 2 4 2.461e+02 2.579e+02 109 2 3 3.045e+02 3.255e+02 195 2 4 1.197e+02 1.323e+02 117 2 3 1.388e+02 1.552e+02 152 2 2 1.121e+02 1.399e+02 259
53009 7 2 1 6.472e+02 6.548e+02 70 2 2 6.146e+02 6.454e+02 286 2 2 6.686e+02 6.754e+02 63 2 4 6.695e+02 6.745e+02 47 3 3 6.058e+02 6.122e+02 60 3 4 5.765e+02 5.995e+02 214 3 4 6.562e+02 6.878e+02 294
53010 8 0 1 6.073e+02 6.107e+02 32 0 2 3.292e+02 3.428e+02 126 0 1 3.461e+02 3.679e+02 202 0 3 6.481e+02 6.539e+02 55 0 4 3.658e+02 3.902e+02 226 2 2 8.115e+01 8.685e+01 53 2 4 7.733e+01 9.067e+01 124 2 2 7.567e+01 9.233e+01 155
53011 23 0 4 4.604e+02 4.636e+02 29 0 1 5.664e+02 5.676e+02 10 0 2 6.258e+02 6.342e+02 77 0 2 6.682e+02 6.758e+02 71 0 4 4.529e+02 4.711e+02 170 0 3 5.628e+02 5.712e+02 79 0 2 6.176e+02 6.424e+02 230 0 4 6.718e+02 6.722e+02 3 0 4 5.753e+02 6.007e+02 236 0 1 6.402e+02 6.618e+02 201 0 4 6.596e+02 6.844e+02 230 0 3 6.328e+02 6.692e+02 338 1 2 6.236e+02 6.364e+02 120 1 1 5.978e+02 6.202e+02 209 1 3 5.890e+02 6.290e+02 371 1 4 6.137e+02 6.463e+02 303 2 2 3.973e+01 4.427e+01 42 2 3 1.460e+01 2.740e+01 119 2 2 6.849e+01 9.951e+01 288 2 4 2.806e+01 5.594e+01 259 2 3 4.745e+01 7.855e+01 289 2 1 -8.346e-01 4.283e+01 406 2 2 2.142e+01 6.258e+01 382
53012 11 0 3 2.306e+02 2.314e+02 7 0 2 2.518e+02 2.522e+02 4 0 4 5.861e+02 5.899e+02 35 0 1 5.940e+00 3.606e+01 280 0 3 5.602e+02 5.738e+02 126 0 3 1.754e+02 2.026e+02 252 0 3 2.559e+02 2.901e+02 317 1 4 6.288e+02 6.312e+02 23 1 4 5.856e+02 5.904e+02 44 1 2 4.108e+02 4.292e+02 171 2 3 2.729e+02 2.731e+02 1
53013 53 0 3 4.410e+02 4.410e+02 -13 0 1 6.066e+02 6.114e+02 45 0 4 4.175e+02 4.225e+02 46 0 3 5.649e+02 5.691e+02 40 0 1 1.354e+02 1.586e+02 216 0 3 6.014e+02 6.166e+02 140 0 1 4.337e+02 4.483e+02 136 0 4 4.450e+02 4.790e+02 316 0 2 5.357e+02 5.563e+02 192 0 4 4.011e+02 4.389e+02 351 0 1 5.563e+02 5.777e+02 198 1 4 5.460e+02 5.460e+02 -4 1 3 6.050e+02 6.130e+02 74 1 4 5.833e+02 5.927e+02 87 1 2 6.299e+02 6.301e+02 2 1 2 5.405e+02 5.515e+02 103 1 4 6.294e+02 6.306e+02 10 1 1 5.575e+02 5.765e+02 176 1 1 6.057e+02 6.123e+02 61 1 3 5.595e+02 5.745e+02 140 1 4 5.309e+02 5.611e+02 281 1 4 5.663e+02 6.097e+02 404 2 4 3.349e+02 3.371e+02 21 2 3 4.822e+02 4.838e+02 15 2 3 1.465e+02 1.475e+02 10 2 4 4.591e+02 4.649e+02 55 2 3 2.294e+02 2.326e+02 30 2 2 2.940e+02 2.940e+02 -7 2 2 4.018e+02 4.382e+02 339 2 2 3.771e+01 4.629e+01 80 2 2 4.925e+02 5.155e+02 213 2 4 1.203e+02 1.317e+02 106 2 4 4.075e+02 4.325e+02 233 2 2 1.656e+02 1.704e+02 45 2 4 2.520e+02 2.520e+02 0 2 1 3.143e+02 3.157e+02 13 2 4 3.207e+02 3.513e+02 285 2 1 5.337e+01 7.263e+01 179 2 2 1.193e+02 1.327e+02 124 2 4 1.680e+02 1.680e+02 -10 2 2 2.072e+02 2.128e+02 52 2 3 2.708e+02 2.752e+02 41 2 1 4.328e+00 3.767e+01 310 2 3 8.545e+01 1.245e+02 363 2 1 1.880e+02 1.900e+02 19 2 4 2.086e+02 2.114e+02 26 2 4 2.750e+02 3.130e+02 353 2 3 1.870e+02 1.910e+02 37 2 1 2.132e+02 2.488e+02 330 2 1 1.437e+02 1.503e+02 60 2 1 1.762e+02 2.018e+02 237 2 3 1.745e+02 2.035e+02 269 2 1 1.347e+02 1.593e+02 228
53014 10 0 4 6.291e+02 6.309e+02 17 0 4 3.757e+02 3.803e+02 43 0 1 6.077e+02 6.103e+02 25 0 2 6.664e+02 6.776e+02 104 0 4 4.947e+02 5.133e+02 173 0 2 6.252e+02 6.348e+02 90 0 4 6.670e+02 6.770e+02 93 0 3 5.916e+02 6.264e+02 324 0 3 6.386e+02 6.634e+02 230 1 4 6.106e+02 6.494e+02 360
53015 3 0 3 5.644e+02 5.696e+02 48 0 1 5.551e+02 5.789e+02 221 0 2 5.278e+02 5.642e+02 338
53016 6 3 3 4.830e+02 4.830e+02 -1 3 3 5.246e+02 5.254e+02 7 3 1 4.804e+02 4.856e+02 49 3 2 4.898e+02 5.182e+02 263 3 4 5.270e+02 5.650e+02 353 3 1 5.094e+02 5.406e+02 290
53017 4 0 3 4.822e+02 4.838e+02 16 0 2 6.615e+02 6.825e+02 196 0 4 6.571e+02 6.869e+02 277 1 3 2.195e+02 2.425e+02 213
53018 14 0 2 5.415e+02 5.505e+02 83 0 3 6.062e+02 6.118e+02 52 0 3 5.583e+02 5.757e+02 161 0 1 6.030e+02 6.150e+02 112 0 4 6.201e+02 6.399e+02 183 1 2 6.273e+02 6.327e+02 50 1 4 6.157e+02 6.443e+02 266 2 3 1.931e+01 2.269e+01 31 2 4 5.880e+02 5.880e+02 -12 2 4 5.804e+02 5.956e+02 140 2 2 2.690e+01 5.710e+01 280 2 3 6.001e+02 6.179e+02 165 2 4 2.407e+01 5.993e+01 333 2 2 6.179e+02 6.421e+02 224
53019 0
53020 14 0 1 6.498e+02 6.522e+02 21 0 2 5.391e+02 5.529e+02 129 0 3 6.494e+02 6.526e+02 30 0 2 6.699e+02 6.741e+02 40 0 3 5.086e+02 5.414e+02 305 0 2 6.092e+02 6.508e+02 387 0 4 6.678e+02 6.762e+02 79 0 3 6.397e+02 6.623e+02 210 0 1 6.319e+02 6.701e+02 356 3 3 3.910e+02 4.070e+02 149 3 2 4.135e+02 4.265e+02 121 3 1 1.815e+02 1.965e+02 140 3 4 5.323e+02 5.597e+02 254 3 4 4.123e+02 4.277e+02 143
53021 5 0 2 5.425e+02 5.495e+02 66 0 4 4.565e+02 4.675e+02 101 0 2 6.541e+02 6.899e+02 333 0 4 6.540e+02 6.900e+02 334 1 3 3.952e+02 4.028e+02 70
53022 22 1 4 2.486e+02 2.554e+02 64 1 3 2.181e+02 2.439e+02 240 1 2 2.433e+02 2.607e+02 162 1 1 2.179e+02 2.441e+02 244 2 2 3.964e+01 4.436e+01 44 2 3 1.009e+02 1.091e+02 76 2 3 3.910e+02 4.070e+02 149 2 1 1.856e+02 1.924e+02 63 2 4 4.121e+01 4.279e+01 15 2 2 7.993e+01 8.807e+01 76 2 3 1.888e+02 1.892e+02 4 2 1 5.849e+01 6.751e+01 84 2 4 7.845e+01 8.955e+01 103 2 1 1.423e+02 1.517e+02 88 2 3 1.617e+01 2.583e+01 90 2 4 7.164e+01 9.636e+01 230 2 2 1.921e+02 2.279e+02 332 2 1 5.081e+01 7.519e+01 226 2 2 1.104e+02 1.416e+02 289 2 3 5.382e+01 7.218e+01 170 2 3 7.020e+00 3.498e+01 260 2 1 4.561e+01 8.039e+01 323
53023 10 0 3 6.049e+02 6.131e+02 76 0 2 6.720e+02 6.720e+02 -12 0 2 6.240e+02 6.360e+02 110 0 3 6.417e+02 6.603e+02 173 0 3 5.552e+02 5.788e+02 220 0 4 6.291e+02 6.309e+02 17 0 4 6.632e+02 6.808e+02 163 0 4 6.193e+02 6.407e+02 199 0 1 6.383e+02 6.637e+02 236 0 4 5.735e+02 6.025e+02 269
53024 3 0 1 5.624e+02 5.716e+02 85 0 3 5.650e+02 5.690e+02 36 0 2 5.348e+02 5.572e+02 208
53025 18 0 1 3.984e+02 3.996e+02 11 0 2 4.597e+02 4.643e+02 43 0 1 6.076e+02 6.104e+02 26 0 1 4.369e+02 4.451e+02 76 0 4 4.580e+02 4.660e+02 75 0 1 4.285e+02 4.535e+02 232 0 3 4.643e+02 5.017e+02 347 1 1 6.090e+02 6.090e+02 0 1 3 6.048e+02 6.132e+02 79 1 4 6.221e+02 6.379e+02 147 1 2 6.195e+02 6.405e+02 196 1 2 6.124e+02 6.476e+02 326 2 2 1.662e+02 1.698e+02 33 2 1 3.549e+02 3.591e+02 39 2 1 5.705e+01 6.895e+01 110 2 3 6.149e+01 6.451e+01 28 2 2 6.751e+01 1.005e+02 306 2 4 2.591e+01 5.809e+01 299
53026 4 0 2 1.659e+02 1.701e+02 40 0 1 5.196e+02 5.304e+02 100 0 3 5.209e+02 5.291e+02 76 0 2 5.299e+02 5.621e+02 300
53027 8 2 1 6.275e+01 6.325e+01 5 2 3 5.857e+01 6.743e+01 82 2 4 7.347e+01 9.453e+01 196 2 3 1.824e+01 2.376e+01 51 2 4 3.125e+01 5.275e+01 200 2 2 2.551e+01 5.849e+01 306 3 2 4.996e+02 5.084e+02 81 3 1 4.689e+02 4.971e+02 262
53028 18 0 1 6.508e+02 6.512e+02 5 0 4 3.774e+02 3.786e+02 11 0 3 6.458e+02 6.562e+02 97 0 3 5.567e+02 5.773e+02 191 0 4 5.820e+02 5.940e+02 111 0 2 6.701e+02 6.739e+02 36 0 2 6.203e+02 6.397e+02 180 0 4 6.673e+02 6.767e+02 87 0 4 6.190e+02 6.410e+02 205 0 4 6.553e+02 6.887e+02 310 1 4 6.119e+02 6.481e+02 336 2 2 4.081e+01 4.319e+01 22 2 3 5.965e+01 6.635e+01 62 2 3 1.438e+02 1.502e+02 59 2 3 1.420e+01 2.780e+01 126 2 2 8.375e+01 8.425e+01 5 2 4 8.128e+01 8.672e+01 50 2 4 1.222e+02 1.298e+02 71
53029 12 0 1 6.042e+02 6.138e+02 89 0 3 5.133e+02 5.367e+02 217 0 2 6.100e+02 6.500e+02 370 1 3 6.057e+02 6.123e+02 60 1 4 5.802e+02 5.958e+02 146 1 4 6.121e+02 6.479e+02 333 2 3 1.563e+01 2.637e+01 100 2 4 6.681e+02 6.759e+02 73 2 1 3.565e+02 3.575e+02 9 2 4 3.461e+01 4.939e+01 137 2 1 1.496e+01 2.704e+01 112 2 2 2.070e+01 6.330e+01 396
53030 3 0 3 6.488e+02 6.532e+02 40 0 2 6.545e+02 6.895e+02 325 2 4 1.260e+02 1.260e+02 -14
53031 7 2 4 2.929e+02 2.951e+02 20 2 3 2.189e+02 2.431e+02 225 2 2 2.401e+02 2.639e+02 220 2 4 2.732e+02 3.148e+02 386 2 4 2.417e+02 2.623e+02 192 3 3 6.300e+01 6.300e+01 -1 3 3 5.584e+01 7.016e+01 133
53032 4 1 2 2.488e+02 2.552e+02 59 1 4 2.486e+02 2.554e+02 64 1 1 2.702e+02 2.758e+02 51 1 3 2.659e+02 2.801e+02 131
53033 9 0 4 6.284e+02 6.316e+02 30 0 4 5.822e+02 5.938e+02 107 0 3 6.435e+02 6.585e+02 139 0 3 5.574e+02 5.766e+02 178 0 4 6.143e+02 6.457e+02 291 2 4 5.007e+02 5.073e+02 61 2 3 5.207e+02 5.293e+02 80 2 1 5.111e+02 5.389e+02 259 2 2 5.313e+02 5.607e+02 272
53034 12 1 1 5.517e+02 5.823e+02 284 2 1 1.881e+02 1.899e+02 17 2 2 1.632e+02 1.728e+02 89 2 3 3.990e+02 3.990e+02 -7 2 4 3.678e+02 3.882e+02 189 2 1 3.894e+02 4.086e+02 179 2 4 1.669e+02 1.691e+02 20 2 1 3.021e+02 3.279e+02 240 2 2 4.066e+02 4.334e+02 249 2 3 1.831e+02 1.949e+02 110 2 3 1.718e+02 2.062e+02 319 2 2 1.524e+02 1.836e+02 290
53035 34 0 2 3.707e+02 3.853e+02 135 0 3 3.956e+02 4.024e+02 63 0 4 5.017e+02 5.063e+02 43 0 3 5.626e+02 5.714e+02 81 0 4 6.707e+02 6.733e+02 24 0 2 4.592e+02 4.648e+02 52 0 1 5.223e+02 5.277e+02 50 0 1 6.482e+02 6.538e+02 52 0 4 4.013e+02 4.387e+02 348 0 4 4.607e+02 4.633e+02 24 0 2 5.375e+02 5.545e+02 157 0 2 6.704e+02 6.736e+02 29 0 3 4.253e+02 4.567e+02 291 0 2 4.993e+02 5.087e+02 87 0 1 5.552e+02 5.788e+02 219 0 1 6.371e+02 6.649e+02 259 0 1 3.795e+02 4.185e+02 363 0 1 4.724e+02 4.936e+02 197 0 3 6.329e+02 6.691e+02 336 0 3 4.683e+02 4.977e+02 272 0 2 4.874e+02 5.206e+02 308 1 3 6.027e+02 6.153e+02 117 1 4 6.266e+02 6.334e+02 63 2 3 4.819e+02 4.841e+02 20 2 3 1.028e+02 1.072e+02 41 2 4 2.062e+02 2.138e+02 70 2 4 4.504e+02 4.736e+02 216 2 1 2.278e+02 2.342e+02 59 2 1 8.363e+00 3.364e+01 235 2 2 1.122e+02 1.398e+02 256 2 2 4.853e+02 5.227e+02 348 2 2 2.008e+02 2.192e+02 170 2 4 6.490e+01 1.031e+02 355 2 3 2.131e+02 2.489e+02 332
53036 15 0 2 6.286e+02 6.314e+02 26 0 4 6.299e+02 6.301e+02 2 0 2 6.679e+02 6.761e+02 76 0 4 2.347e+02 2.693e+02 322 0 4 6.197e+02 6.403e+02 190 0 4 6.676e+02 6.764e+02 82 0 2 6.547e+02 6.893e+02 320 1 4 6.150e+02 6.450e+02 278 2 2 1.644e+02 1.716e+02 66 2 4 2.100e+02 2.100e+02 -11 2 3 1.354e+02 1.586e+02 215 2 2 2.036e+02 2.164e+02 118 2 1 1.306e+02 1.634e+02 304 2 1 2.200e+02 2.420e+02 205 2 3 2.156e+02 2.464e+02 286
53037 2 3 2 6.705e+02 6.735e+02 27 3 4 3.675e+02 3.885e+02 195
53038 6 2 3 5.242e+02 5.258e+02 16 2 3 6.050e+02 6.130e+02 75 2 2 4.551e+02 4.689e+02 128 2 1 6.003e+02 6.177e+02 162 2 2 5.711e+02 6.049e+02 315 2 4 5.764e+02 5.996e+02 216
53039 8 0 4 6.264e+02 6.336e+02 67 0 4 5.040e+02 5.040e+02 -4 0 3 4.794e+02 4.866e+02 67 0 3 6.354e+02 6.666e+02 290 0 4 4.510e+02 4.730e+02 204 1 3 4.297e+02 4.523e+02 210 2 3 3.529e+02 3.611e+02 76 3 1 2.679e+02 2.781e+02 95
