55958 13 1 4 5.880e+02 5.880e+02 -6 1 3 5.652e+02 5.688e+02 34 1 1 5.986e+02 6.194e+02 194 1 3 5.478e+02 5.862e+02 356 2 2 6.294e+02 6.306e+02 11 2 2 2.064e+02 2.136e+02 67 2 2 7.159e+01 9.641e+01 230 2 3 1.733e+02 2.047e+02 291 2 1 6.302e+02 6.718e+02 386 2 1 2.224e+02 2.396e+02 160 2 4 1.980e+02 2.220e+02 223 3 1 2.268e+02 2.352e+02 78 3 1 4.574e+01 8.026e+01 320
55959 0
55960 11 0 4 6.242e+02 6.358e+02 107 0 2 6.720e+02 6.720e+02 -6 0 1 3.029e+02 3.271e+02 224 0 4 6.720e+02 6.720e+02 -8 0 4 3.196e+02 3.524e+02 305 0 3 6.393e+02 6.627e+02 216 0 2 2.804e+02 3.076e+02 252 3 2 5.880e+02 5.880e+02 -10 3 4 5.822e+02 5.938e+02 108 3 1 5.989e+02 6.191e+02 187 3 3 5.514e+02 5.826e+02 290
55961 1 2 4 3.439e+01 4.961e+01 141
55962 11 0 1 4.797e+02 4.863e+02 60 0 3 4.796e+02 4.864e+02 63 0 4 6.179e+02 6.421e+02 224 0 3 6.420e+02 6.600e+02 168 0 1 4.671e+02 4.989e+02 296 0 1 6.379e+02 6.641e+02 244 0 2 4.865e+02 5.215e+02 326 2 2 2.920e+02 2.960e+02 37 2 4 3.705e+02 3.855e+02 140 2 3 2.578e+02 2.882e+02 283 3 1 5.607e+02 5.733e+02 116
55963 1 0 2 6.712e+02 6.728e+02 15
55964 0
55965 5 0 4 6.293e+02 6.307e+02 13 1 3 6.054e+02 6.126e+02 67 1 4 5.716e+02 6.044e+02 305 2 3 6.483e+02 6.537e+02 50 2 2 4.004e+02 4.396e+02 364
55966 0
55967 12 1 2 6.180e+02 6.420e+02 222 2 4 3.780e+02 3.780e+02 -15 2 4 8.299e+01 8.501e+01 19 2 3 2.303e+02 2.317e+02 12 2 4 4.200e+02 4.200e+02 -3 2 1 2.660e+02 2.800e+02 130 2 3 3.885e+02 4.095e+02 195 2 4 4.126e+01 4.274e+01 14 2 3 1.005e+02 1.095e+02 84 2 2 2.520e+02 2.520e+02 -11 2 3 6.704e+00 3.530e+01 266 2 4 1.139e+02 1.381e+02 225
55968 0
55969 3 0 1 6.429e+02 6.591e+02 150 0 2 6.588e+02 6.852e+02 245 0 4 6.591e+02 6.849e+02 239
55970 59 0 4 2.520e+02 2.520e+02 -16 0 4 6.300e+02 6.300e+02 -15 0 2 4.153e+01 4.247e+01 9 0 1 6.510e+02 6.510e+02 -6 0 1 2.310e+02 2.310e+02 -24 0 3 6.113e+01 6.487e+01 35 0 1 5.239e+02 5.261e+02 20 0 3 1.884e+02 1.896e+02 10 0 4 5.880e+02 5.880e+02 -24 0 4 3.511e+01 4.889e+01 128 0 4 4.197e+02 4.203e+02 6 0 2 2.405e+02 2.635e+02 213 0 2 4.976e+02 5.104e+02 119 0 2 3.607e+02 3.953e+02 320 0 3 5.235e+02 5.265e+02 28 0 3 7.959e+00 3.404e+01 242 0 1 6.090e+02 6.090e+02 -4 0 2 1.933e+02 2.267e+02 310 0 2 6.720e+02 6.720e+02 -22 0 4 1.979e+02 2.221e+02 226 0 3 3.886e+02 4.094e+02 193 0 4 4.929e+02 5.151e+02 206 0 2 5.448e+02 5.472e+02 22 0 3 6.083e+02 6.097e+02 13 0 1 3.890e+02 4.090e+02 186 0 4 4.868e+02 5.212e+02 320 0 1 5.663e+02 5.677e+02 14 0 2 6.300e+02 6.300e+02 -13 0 3 5.652e+02 5.688e+02 33 0 4 5.797e+02 5.963e+02 154 0 2 5.340e+02 5.580e+02 223 0 2 6.180e+02 6.420e+02 223 0 1 5.542e+02 5.798e+02 238 0 3 5.498e+02 5.842e+02 320 1 1 6.075e+02 6.105e+02 27 1 3 5.200e+02 5.300e+02 93 1 4 5.458e+02 5.462e+02 3 1 3 6.090e+02 6.090e+02 -4 1 2 4.916e+02 5.164e+02 230 1 1 5.566e+02 5.774e+02 194 1 2 6.267e+02 6.333e+02 60 1 2 5.802e+02 5.958e+02 145 1 4 6.300e+02 6.300e+02 0 2 3 2.100e+01 2.100e+01 -10 2 4 8.400e+01 8.400e+01 -7 2 4 1.680e+02 1.680e+02 -19 2 3 3.570e+02 3.570e+02 -5 2 4 4.200e+01 4.200e+01 -17 2 4 1.260e+02 1.260e+02 -16 2 1 1.890e+02 1.890e+02 -16 2 4 3.323e+02 3.397e+02 68 2 3 6.207e+01 6.393e+01 17 2 3 9.622e+01 1.138e+02 163 2 3 1.390e+02 1.550e+02 149 2 1 4.911e+01 7.689e+01 258 2 4 1.170e+02 1.350e+02 167 2 2 1.625e+02 1.735e+02 103 2 4 7.060e+01 9.740e+01 249 2 3 1.764e+02 2.016e+02 234
55971 8 0 3 6.376e+02 6.644e+02 250 0 2 6.078e+02 6.522e+02 412 0 1 6.381e+02 6.639e+02 240 0 4 6.034e+02 6.566e+02 495 0 2 6.477e+02 6.963e+02 452 2 3 1.380e+02 1.560e+02 168 2 4 1.560e+02 1.800e+02 222 2 2 1.538e+02 1.822e+02 264
55972 0
55973 64 0 3 6.068e+02 6.112e+02 40 0 3 6.507e+02 6.513e+02 5 0 2 1.243e+02 1.277e+02 31 0 1 3.965e+02 4.015e+02 47 0 2 2.954e+01 5.446e+01 231 0 4 4.984e+02 5.096e+02 105 0 1 1.008e+02 1.092e+02 79 0 3 5.644e+02 5.696e+02 49 0 4 1.512e+02 1.848e+02 312 0 4 6.252e+02 6.348e+02 90 0 4 2.808e+02 3.072e+02 245 0 2 6.713e+02 6.727e+02 14 0 4 3.589e+02 3.971e+02 355 0 3 3.959e+02 4.021e+02 57 0 4 2.797e+01 5.603e+01 260 0 2 4.602e+02 4.638e+02 34 0 3 4.642e+01 7.958e+01 308 0 3 5.184e+02 5.316e+02 123 0 2 6.224e+02 6.376e+02 140 0 4 6.708e+02 6.732e+02 23 0 4 4.102e+02 4.298e+02 182 0 4 4.604e+02 4.636e+02 30 0 2 5.404e+02 5.516e+02 105 0 4 6.159e+02 6.441e+02 262 0 1 6.499e+02 6.521e+02 20 0 1 4.252e+02 4.568e+02 293 0 1 4.727e+02 4.933e+02 191 0 1 5.119e+02 5.381e+02 244 0 4 5.776e+02 5.984e+02 194 0 3 4.244e+02 4.576e+02 309 0 2 4.938e+02 5.142e+02 190 0 3 5.126e+02 5.374e+02 230 0 1 5.958e+02 6.222e+02 246 0 3 4.696e+02 4.964e+02 248 0 1 5.503e+02 5.837e+02 310 0 3 5.943e+02 6.237e+02 274 0 4 4.877e+02 5.203e+02 303 0 2 6.155e+02 6.445e+02 270 0 4 5.613e+02 6.147e+02 496 1 1 5.649e+02 5.691e+02 39 1 3 6.088e+02 6.092e+02 3 1 3 5.640e+02 5.700e+02 56 1 2 6.292e+02 6.308e+02 16 1 2 4.859e+02 5.221e+02 336 1 2 5.868e+02 5.892e+02 21 1 4 6.298e+02 6.302e+02 4 1 3 5.084e+02 5.416e+02 308 1 4 5.846e+02 5.914e+02 64 1 1 6.045e+02 6.135e+02 83 1 4 5.419e+02 5.501e+02 76 1 3 5.487e+02 5.853e+02 340 2 3 2.310e+02 2.310e+02 -5 2 4 2.926e+02 2.954e+02 26 2 3 6.095e+01 6.505e+01 38 2 3 1.882e+02 1.898e+02 16 2 4 2.083e+02 2.117e+02 32 2 2 7.720e+01 9.080e+01 126 2 4 1.588e+02 1.772e+02 170 2 2 2.345e+02 2.695e+02 325 2 4 3.183e+02 3.537e+02 329 2 4 2.757e+01 5.643e+01 268 2 3 1.768e+02 2.012e+02 226 2 1 3.291e+00 3.871e+01 329 3 3 5.896e+00 3.610e+01 280
55974 1 2 4 6.652e+02 6.788e+02 126
55975 6 0 1 6.427e+02 6.593e+02 155 0 3 6.462e+02 6.558e+02 89 0 4 6.604e+02 6.836e+02 215 0 2 6.531e+02 6.909e+02 350 2 4 4.473e+02 4.767e+02 274 2 4 4.010e+02 4.390e+02 352
55976 0
55977 15 0 1 6.440e+02 6.580e+02 130 0 2 6.150e+02 6.450e+02 279 0 3 6.434e+02 6.586e+02 140 0 4 6.191e+02 6.409e+02 203 2 2 3.355e+02 3.365e+02 10 2 1 1.855e+01 2.345e+01 46 2 2 5.855e+02 5.905e+02 46 2 3 3.069e+02 3.231e+02 151 2 4 5.840e+02 5.920e+02 74 2 2 3.874e+01 4.526e+01 60 2 1 3.463e+02 3.677e+02 199 2 3 5.893e+02 6.287e+02 366 2 4 3.645e+01 4.755e+01 103 2 4 3.164e+02 3.556e+02 364 2 1 5.167e+01 7.433e+01 210
55979 0
55980 0
55981 1 0 1 4.754e+02 4.906e+02 141
55982 23 0 2 5.030e+02 5.050e+02 18 0 4 6.239e+02 6.361e+02 113 0 1 6.000e+02 6.180e+02 167 0 3 5.967e+02 6.213e+02 228 1 1 4.800e+02 4.860e+02 56 1 2 6.252e+02 6.348e+02 90 1 4 5.026e+02 5.054e+02 26 1 4 6.275e+02 6.325e+02 46 1 1 6.004e+02 6.176e+02 160 2 2 2.908e+02 2.972e+02 59 2 3 9.802e+01 1.120e+02 130 2 4 5.000e+02 5.080e+02 75 2 1 1.436e+02 1.504e+02 64 2 3 5.200e+02 5.300e+02 92 2 3 2.658e+02 2.802e+02 135 2 3 6.462e+02 6.558e+02 90 2 2 1.553e+02 1.807e+02 236 2 2 5.265e+02 5.655e+02 363 2 4 2.749e+02 3.131e+02 355 2 4 6.587e+02 6.853e+02 247 2 4 1.083e+02 1.437e+02 329 2 3 6.385e+02 6.635e+02 233 2 1 2.970e+02 3.330e+02 334
55983 5 1 4 6.124e+02 6.476e+02 327 2 2 2.904e+02 2.976e+02 67 2 4 2.924e+02 2.956e+02 30 2 1 3.011e+02 3.289e+02 259 2 3 3.007e+02 3.293e+02 265
55984 19 0 1 4.830e+02 4.830e+02 -22 0 2 6.695e+02 6.745e+02 47 0 4 3.760e+02 3.800e+02 37 0 3 4.828e+02 4.832e+02 4 0 4 5.824e+02 5.936e+02 104 0 4 6.683e+02 6.757e+02 68 0 4 4.965e+02 5.115e+02 139 0 3 5.973e+02 6.207e+02 217 0 4 6.613e+02 6.827e+02 199 0 2 4.490e+02 4.750e+02 241 0 1 6.419e+02 6.601e+02 169 0 2 4.891e+02 5.189e+02 276 0 3 6.398e+02 6.622e+02 207 1 3 5.187e+02 5.313e+02 116 1 4 5.372e+02 5.548e+02 163 2 4 2.100e+02 2.100e+02 -20 2 2 3.839e+01 4.561e+01 67 2 1 5.368e+01 7.232e+01 173 2 3 4.695e+01 7.905e+01 298
55985 18 0 4 3.749e+02 3.811e+02 57 0 2 6.213e+02 6.387e+02 162 0 2 2.071e+02 2.129e+02 55 0 1 6.370e+02 6.650e+02 260 0 4 2.009e+02 2.191e+02 170 0 4 6.199e+02 6.401e+02 188 0 3 6.400e+02 6.620e+02 204 1 2 6.293e+02 6.307e+02 14 1 4 6.293e+02 6.307e+02 14 1 1 5.929e+02 6.251e+02 300 1 4 6.121e+02 6.479e+02 332 2 2 8.245e+01 8.555e+01 29 2 4 8.115e+01 8.685e+01 53 2 1 4.471e+01 8.129e+01 340 2 3 4.588e+01 8.012e+01 318 3 2 3.793e+01 4.607e+01 76 3 4 3.955e+01 4.445e+01 46 3 1 4.821e+01 7.779e+01 275
55986 5 0 1 3.075e+02 3.225e+02 139 0 4 3.264e+02 3.456e+02 179 0 2 3.172e+02 3.548e+02 349 0 4 6.077e+02 6.523e+02 415 1 2 6.151e+02 6.449e+02 277
55987 4 0 4 5.792e+02 5.968e+02 164 0 3 5.937e+02 6.243e+02 284 2 4 3.268e+01 5.132e+01 173 2 4 4.062e+02 4.338e+02 257
55988 26 0 1 6.502e+02 6.518e+02 16 0 2 6.717e+02 6.723e+02 6 0 4 6.655e+02 6.785e+02 121 0 2 6.533e+02 6.907e+02 347 1 4 6.124e+02 6.476e+02 326 2 4 3.777e+02 3.783e+02 6 2 3 3.982e+02 3.998e+02 16 2 3 6.149e+01 6.451e+01 28 2 2 8.321e+01 8.479e+01 15 2 4 4.142e+02 4.258e+02 107 2 1 1.886e+02 1.894e+02 8 2 1 4.365e+02 4.455e+02 84 2 4 2.456e+02 2.584e+02 120 2 2 4.435e+02 4.805e+02 344 2 2 3.978e+01 4.422e+01 41 2 3 4.364e+02 4.456e+02 86 2 3 1.047e+02 1.053e+02 6 2 3 2.168e+02 2.452e+02 264 2 1 5.526e+01 7.074e+01 144 2 4 7.271e+01 9.529e+01 210 2 4 1.909e+02 2.291e+02 354 2 4 2.990e+01 5.410e+01 225 2 2 1.145e+02 1.375e+02 213 2 3 5.158e+01 7.442e+01 212 2 2 2.205e+01 6.195e+01 370 2 4 2.250e+01 6.150e+01 362
55989 2 0 4 6.720e+02 6.720e+02 -14 0 2 6.718e+02 6.722e+02 4
