31081 4 0 1 6.499e+02 6.521e+02 21 0 3 6.490e+02 6.530e+02 36 2 3 1.653e+01 2.547e+01 83 2 1 7.333e+00 3.467e+01 254
31082 0
31083 10 0 4 1.599e+02 1.761e+02 150 0 2 6.202e+02 6.398e+02 182 0 2 6.696e+02 6.744e+02 45 0 4 6.178e+02 6.422e+02 226 0 1 6.394e+02 6.626e+02 215 0 3 6.418e+02 6.602e+02 170 0 2 6.527e+02 6.913e+02 359 1 1 6.027e+02 6.153e+02 117 1 3 5.993e+02 6.187e+02 180 1 2 6.169e+02 6.431e+02 244
31084 18 0 4 2.511e+02 2.529e+02 17 0 1 4.405e+02 4.415e+02 9 0 2 4.611e+02 4.629e+02 17 0 1 4.291e+02 4.529e+02 220 0 4 4.594e+02 4.646e+02 49 0 3 4.756e+02 4.904e+02 138 0 4 4.477e+02 4.763e+02 266 0 1 4.692e+02 4.968e+02 256 1 4 6.279e+02 6.321e+02 40 1 4 2.254e+02 2.786e+02 494 2 1 2.304e+02 2.316e+02 10 2 4 3.296e+02 3.424e+02 119 2 3 1.869e+02 1.911e+02 40 2 2 2.095e+02 2.105e+02 9 2 3 3.541e+02 3.599e+02 55 2 4 1.575e+02 1.785e+02 196 2 1 3.474e+02 3.666e+02 178 2 2 3.598e+02 3.962e+02 339
31085 5 0 2 6.714e+02 6.726e+02 11 0 4 6.701e+02 6.739e+02 36 0 1 6.484e+02 6.536e+02 48 0 1 6.395e+02 6.625e+02 214 0 1 6.327e+02 6.693e+02 340
31086 21 0 3 2.310e+02 2.310e+02 -12 0 2 2.476e+02 2.564e+02 81 0 2 6.717e+02 6.723e+02 6 0 2 1.183e+02 1.337e+02 144 0 4 4.179e+02 4.221e+02 40 0 1 1.291e+02 1.649e+02 333 0 4 6.713e+02 6.727e+02 12 0 4 2.473e+02 2.567e+02 88 0 4 6.581e+02 6.859e+02 258 0 1 9.062e+01 1.194e+02 267 0 1 6.363e+02 6.657e+02 274 0 2 1.953e+02 2.247e+02 272 0 3 6.354e+02 6.666e+02 290 0 4 2.342e+02 2.698e+02 330 1 1 5.926e+02 6.254e+02 304 1 4 6.122e+02 6.478e+02 331 2 3 1.034e+02 1.066e+02 30 2 3 5.772e+01 6.828e+01 98 2 1 1.631e+01 2.569e+01 87 2 4 7.339e+01 9.461e+01 197 2 4 2.829e+01 5.571e+01 255
31087 0
31090 15 0 2 6.687e+02 6.753e+02 60 0 4 6.687e+02 6.753e+02 61 0 1 6.433e+02 6.587e+02 142 0 3 6.401e+02 6.619e+02 202 0 2 6.595e+02 6.845e+02 231 2 2 4.058e+01 4.342e+01 26 2 4 4.179e+01 4.221e+01 4 2 2 1.611e+02 1.749e+02 129 2 1 1.931e+01 2.269e+01 31 2 4 1.633e+02 1.727e+02 88 2 3 1.922e+01 2.278e+01 33 2 1 1.817e+02 1.963e+02 136 2 2 2.263e+01 6.137e+01 360 2 2 1.553e+02 1.807e+02 236 2 3 1.697e+02 2.083e+02 358
31093 0
31096 3 2 3 1.441e+02 1.499e+02 54 2 4 6.715e+01 1.009e+02 313 2 2 1.517e+02 1.843e+02 303
31097 5 0 2 7.334e+01 9.466e+01 198 0 4 6.746e+01 1.005e+02 307 0 1 7.953e+01 1.305e+02 473 0 3 3.645e+01 8.955e+01 493 2 3 1.092e+01 3.108e+01 187
31099 7 0 1 6.018e+02 6.162e+02 133 0 2 6.196e+02 6.404e+02 194 0 4 6.192e+02 6.408e+02 200 0 3 5.982e+02 6.198e+02 200 2 1 5.627e+00 3.637e+01 286 2 3 4.594e+00 3.741e+01 305 2 4 2.340e+01 6.060e+01 346
31101 38 0 1 6.479e+02 6.541e+02 58 0 3 4.410e+02 4.410e+02 -4 0 4 6.217e+02 6.383e+02 154 0 2 6.716e+02 6.724e+02 8 0 3 5.591e+02 5.749e+02 147 0 4 5.819e+02 5.941e+02 114 0 4 6.707e+02 6.733e+02 24 0 4 4.449e+02 4.791e+02 318 0 2 5.379e+02 5.541e+02 150 0 1 6.006e+02 6.174e+02 156 0 3 6.445e+02 6.575e+02 120 0 1 5.510e+02 5.830e+02 298 0 3 5.969e+02 6.211e+02 225 0 2 6.578e+02 6.862e+02 265 0 2 6.156e+02 6.444e+02 268 0 2 6.518e+02 6.922e+02 376 0 1 6.307e+02 6.713e+02 376 1 2 6.297e+02 6.303e+02 6 1 2 5.855e+02 5.905e+02 47 1 1 5.081e+02 5.419e+02 314 1 2 5.736e+02 6.024e+02 267 1 1 5.961e+02 6.219e+02 239 1 2 6.115e+02 6.485e+02 343 2 2 4.162e+01 4.238e+01 7 2 4 1.626e+02 1.734e+02 100 2 4 2.934e+02 2.946e+02 11 2 3 3.546e+02 3.594e+02 46 2 4 3.978e+01 4.422e+01 41 2 3 1.879e+02 1.901e+02 21 2 2 2.029e+02 2.171e+02 131 2 3 3.137e+02 3.163e+02 25 2 2 3.764e+02 3.796e+02 30 2 3 5.203e+01 7.397e+01 204 2 1 2.137e+02 2.483e+02 322 2 2 2.877e+02 3.003e+02 116 2 4 3.617e+02 3.943e+02 303 2 1 4.372e+01 8.228e+01 358 2 1 3.055e+02 3.245e+02 176
31102 81 0 4 6.717e+02 6.723e+02 6 0 2 3.311e+02 3.409e+02 91 0 4 4.193e+02 4.207e+02 12 0 3 6.185e+01 6.415e+01 21 0 2 4.612e+02 4.628e+02 16 0 3 9.959e+01 1.104e+02 100 0 2 5.417e+02 5.503e+02 80 0 2 2.485e+02 2.555e+02 65 0 4 5.877e+02 5.883e+02 6 0 3 2.730e+02 2.730e+02 -10 0 1 6.508e+02 6.512e+02 3 0 3 5.198e+01 7.402e+01 205 0 1 4.401e+02 4.419e+02 17 0 2 2.935e+02 2.945e+02 9 0 4 4.597e+02 4.643e+02 43 0 4 3.170e+02 3.550e+02 352 0 1 5.604e+02 5.736e+02 122 0 3 4.467e+01 8.133e+01 340 0 1 6.072e+02 6.108e+02 33 0 2 6.656e+01 1.014e+02 324 0 3 6.494e+02 6.526e+02 30 0 1 2.119e+02 2.501e+02 354 0 3 4.385e+02 4.435e+02 47 0 4 2.883e+02 2.997e+02 106 0 3 4.726e+02 4.934e+02 193 0 2 1.061e+02 1.459e+02 369 0 3 5.497e+02 5.843e+02 321 0 3 6.074e+02 6.106e+02 29 0 2 6.720e+02 6.720e+02 -0 0 1 3.990e+02 3.990e+02 -9 0 2 4.421e+02 4.819e+02 370 0 2 5.279e+02 5.641e+02 336 0 2 6.247e+02 6.353e+02 98 0 1 3.884e+02 4.096e+02 197 0 4 6.251e+02 6.349e+02 90 0 3 4.259e+02 4.561e+02 280 0 4 5.783e+02 5.977e+02 180 0 3 3.808e+02 4.172e+02 338 1 1 5.670e+02 5.670e+02 -14 1 3 3.990e+02 3.990e+02 -2 1 2 6.300e+02 6.300e+02 -9 1 2 4.620e+02 4.620e+02 -13 1 3 3.128e+02 3.172e+02 40 1 4 5.037e+02 5.043e+02 6 1 4 4.590e+02 4.650e+02 56 1 2 5.880e+02 5.880e+02 -2 1 1 4.354e+02 4.466e+02 104 1 4 6.294e+02 6.306e+02 10 1 1 4.266e+02 4.554e+02 267 1 1 5.243e+02 5.257e+02 12 1 4 5.860e+02 5.900e+02 36 1 1 6.090e+02 6.090e+02 -10 1 3 5.220e+02 5.280e+02 56 1 2 5.444e+02 5.476e+02 29 1 3 6.090e+02 6.090e+02 -8 1 3 4.830e+02 4.830e+02 -1 1 4 5.456e+02 5.464e+02 7 1 1 5.068e+02 5.432e+02 337 1 3 5.608e+02 5.732e+02 115 1 4 5.788e+02 5.972e+02 170 1 3 5.494e+02 5.846e+02 326 2 2 2.083e+02 2.117e+02 32 2 3 2.699e+02 2.761e+02 57 2 4 4.526e+02 4.714e+02 174 2 4 1.204e+02 1.316e+02 105 2 1 1.435e+02 1.505e+02 65 2 4 1.997e+02 2.203e+02 191 2 3 4.228e+02 4.592e+02 337 2 2 2.888e+02 2.992e+02 96 2 2 1.122e+02 1.398e+02 257 2 3 1.747e+02 2.033e+02 265 2 1 2.255e+02 2.365e+02 103 2 3 2.629e+02 2.831e+02 188 2 2 3.168e+02 3.552e+02 356 2 3 1.302e+02 1.638e+02 311 2 2 2.369e+02 2.671e+02 280 2 1 2.615e+02 2.845e+02 213 2 4 2.422e+02 2.618e+02 182 2 2 2.785e+02 3.095e+02 288 2 3 2.158e+02 2.462e+02 282 3 1 5.898e+01 6.702e+01 75
31103 0
31105 44 0 1 5.654e+02 5.686e+02 30 0 4 6.716e+02 6.724e+02 8 0 4 5.862e+02 5.898e+02 34 0 2 6.720e+02 6.720e+02 0 0 3 5.557e+02 5.783e+02 210 0 3 6.041e+02 6.139e+02 90 0 1 6.384e+02 6.636e+02 235 0 4 6.194e+02 6.406e+02 196 0 3 6.341e+02 6.679e+02 313 0 3 5.946e+02 6.234e+02 267 0 1 5.928e+02 6.252e+02 300 1 4 6.300e+02 6.300e+02 0 1 2 6.281e+02 6.319e+02 36 1 1 5.952e+02 6.228e+02 256 1 2 6.127e+02 6.473e+02 321 1 4 6.121e+02 6.479e+02 333 2 3 3.967e+02 4.013e+02 43 2 1 3.150e+02 3.150e+02 -17 2 4 6.279e+02 6.321e+02 40 2 1 2.057e+01 2.143e+01 8 2 2 8.379e+01 8.421e+01 4 2 3 3.854e+02 4.126e+02 252 2 2 1.662e+02 1.698e+02 33 2 3 2.284e+02 2.336e+02 48 2 3 2.719e+02 2.741e+02 21 2 4 3.758e+02 3.802e+02 41 2 4 4.162e+01 4.238e+01 7 2 2 1.252e+02 1.268e+02 16 2 1 1.889e+02 1.891e+02 2 2 2 2.443e+02 2.597e+02 144 2 4 2.923e+02 2.957e+02 31 2 4 3.251e+02 3.469e+02 203 2 3 1.554e+01 2.646e+01 101 2 4 1.244e+02 1.276e+02 30 2 3 1.408e+02 1.532e+02 116 2 4 2.487e+02 2.553e+02 60 2 2 2.826e+02 3.054e+02 212 2 3 4.821e+01 7.779e+01 275 2 4 7.850e+01 8.950e+01 102 2 4 1.590e+02 1.770e+02 168 2 4 2.004e+02 2.196e+02 178 2 3 3.022e+02 3.278e+02 238 2 4 1.093e+02 1.427e+02 310 2 3 2.174e+02 2.446e+02 253
31106 85 0 2 3.757e+02 3.803e+02 43 0 1 6.207e+01 6.393e+01 17 0 1 5.657e+02 5.683e+02 25 0 2 8.334e+01 8.466e+01 12 0 1 2.249e+02 2.371e+02 113 0 1 6.461e+02 6.559e+02 91 0 2 2.909e+02 2.971e+02 58 0 4 5.015e+02 5.065e+02 46 0 2 3.242e+02 3.478e+02 220 0 3 5.633e+02 5.707e+02 69 0 3 5.536e+00 3.646e+01 287 0 3 9.766e+01 1.123e+02 136 0 3 6.463e+02 6.557e+02 88 0 4 2.840e+02 3.040e+02 186 0 3 3.861e+02 4.119e+02 240 0 1 3.406e+02 3.734e+02 306 0 2 4.942e+02 5.138e+02 182 0 4 7.006e+01 9.794e+01 259 0 1 5.583e+02 5.757e+02 162 0 1 2.616e+02 2.844e+02 211 0 3 6.081e+02 6.099e+02 16 0 4 3.645e+02 3.915e+02 251 0 2 6.704e+02 6.736e+02 30 0 4 2.245e+01 6.155e+01 363 0 1 4.679e+02 4.981e+02 281 0 3 8.846e+01 1.215e+02 307 0 2 6.284e+02 6.316e+02 29 0 1 2.927e+02 3.373e+02 414 0 4 6.650e+02 6.790e+02 130 0 3 4.682e+02 4.978e+02 276 0 4 6.279e+02 6.321e+02 39 0 4 5.815e+02 5.945e+02 121 0 1 6.072e+02 6.108e+02 34 0 4 5.743e+02 6.017e+02 255 0 3 5.924e+02 6.256e+02 309 1 1 5.668e+02 5.672e+02 3 1 4 6.295e+02 6.305e+02 10 1 3 5.242e+02 5.258e+02 16 1 2 5.880e+02 5.880e+02 -3 1 1 6.087e+02 6.093e+02 6 1 4 4.972e+02 5.108e+02 126 1 4 5.862e+02 5.898e+02 33 1 3 6.090e+02 6.090e+02 -4 1 3 5.568e+02 5.772e+02 190 1 2 6.290e+02 6.310e+02 18 2 3 1.940e+01 2.260e+01 30 2 4 1.257e+02 1.263e+02 6 2 3 4.397e+02 4.423e+02 25 2 3 1.449e+02 1.491e+02 40 2 4 5.848e+02 5.912e+02 59 2 4 2.421e+02 2.619e+02 185 2 3 6.485e+02 6.535e+02 46 2 3 2.718e+02 2.742e+02 23 2 4 3.746e+02 3.814e+02 63 2 4 4.173e+02 4.227e+02 50 2 2 4.022e+01 4.378e+01 33 2 2 4.514e+02 4.726e+02 196 2 4 8.074e+01 8.726e+01 60 2 3 6.087e+02 6.093e+02 6 2 1 1.429e+02 1.511e+02 76 2 4 4.112e+01 4.288e+01 16 2 4 4.508e+02 4.732e+02 207 2 2 1.244e+02 1.276e+02 30 2 2 1.586e+02 1.774e+02 176 2 3 4.212e+02 4.608e+02 367 2 4 1.911e+02 2.289e+02 350 2 3 4.695e+02 4.965e+02 251 2 4 2.760e+02 3.120e+02 334 2 3 6.301e+02 6.719e+02 388 2 1 9.575e+00 3.243e+01 212 2 3 9.322e+01 1.168e+02 219 2 1 1.749e+02 2.031e+02 261 2 3 6.300e+00 3.570e+01 273 2 2 1.128e+02 1.392e+02 245 2 1 1.320e+02 1.620e+02 278 2 2 2.586e+01 5.814e+01 300 2 2 7.132e+01 9.668e+01 236 3 2 8.343e+01 8.457e+01 10 3 1 1.436e+02 1.504e+02 63 3 2 1.571e+02 1.789e+02 203 3 3 1.402e+02 1.538e+02 126 3 2 3.838e+01 4.562e+01 67 3 4 1.117e+02 1.403e+02 266 3 2 2.304e+01 6.096e+01 352 3 3 1.814e+00 4.019e+01 356
31107 8 0 3 6.059e+02 6.121e+02 58 0 2 6.703e+02 6.737e+02 32 0 4 4.569e+02 4.671e+02 94 0 2 6.291e+02 6.309e+02 16 0 4 6.711e+02 6.729e+02 16 0 1 6.330e+02 6.690e+02 334 0 3 6.314e+02 6.706e+02 365 2 3 1.397e+01 2.803e+01 130
31110 10 0 1 3.914e+02 4.066e+02 141 0 1 4.778e+02 4.882e+02 96 0 4 6.162e+02 6.438e+02 257 0 3 6.396e+02 6.624e+02 212 0 2 4.997e+02 5.083e+02 80 0 4 4.990e+02 5.090e+02 93 0 2 4.544e+02 4.696e+02 140 0 2 4.928e+02 5.152e+02 208 1 2 6.300e+02 6.300e+02 -15 1 4 6.257e+02 6.343e+02 80
31111 18 0 4 1.664e+02 1.696e+02 30 0 2 5.443e+02 5.477e+02 32 0 2 5.039e+02 5.041e+02 2 0 1 5.084e+02 5.416e+02 308 0 3 5.140e+02 5.360e+02 204 0 2 5.287e+02 5.633e+02 320 0 3 5.499e+02 5.841e+02 317 2 3 2.100e+01 2.100e+01 -4 2 2 2.413e+02 2.627e+02 199 2 4 4.183e+02 4.217e+02 31 2 3 2.701e+02 2.759e+02 54 2 1 1.510e+01 2.690e+01 110 2 4 2.369e+02 2.671e+02 280 2 2 2.578e+01 5.822e+01 301 2 3 9.625e-01 4.104e+01 372 3 3 6.300e+01 6.300e+01 -4 3 3 1.028e+02 1.072e+02 41 3 2 1.188e+02 1.332e+02 135
31112 9 0 2 6.238e+02 6.362e+02 116 0 2 6.707e+02 6.733e+02 25 0 4 6.186e+02 6.414e+02 211 0 4 6.676e+02 6.764e+02 82 0 3 6.415e+02 6.605e+02 176 0 1 6.329e+02 6.691e+02 336 1 1 1.047e+02 1.053e+02 6 1 3 1.039e+02 1.061e+02 20 1 2 6.778e+01 1.002e+02 301
31113 22 0 3 3.970e+02 4.010e+02 36 0 1 5.635e+02 5.705e+02 65 0 4 5.851e+02 5.909e+02 55 0 1 3.474e+02 3.666e+02 178 0 1 3.926e+02 4.054e+02 118 0 3 6.051e+02 6.129e+02 72 0 2 3.586e+02 3.974e+02 360 0 3 5.502e+02 5.838e+02 312 0 4 6.114e+02 6.486e+02 345 0 4 4.005e+02 4.395e+02 361 2 3 1.037e+02 1.063e+02 24 2 4 1.667e+02 1.693e+02 25 2 4 2.064e+02 2.136e+02 67 2 2 7.859e+01 8.941e+01 100 2 1 1.854e+02 1.926e+02 67 2 1 2.274e+02 2.346e+02 66 2 4 7.715e+01 9.085e+01 127 2 2 1.550e+02 1.810e+02 241 2 2 2.000e+02 2.200e+02 186 2 3 4.359e+01 8.241e+01 360 2 3 1.730e+02 2.050e+02 298 2 3 2.123e+02 2.497e+02 347
31114 17 0 4 6.288e+02 6.312e+02 21 0 1 5.653e+02 5.687e+02 32 0 4 5.836e+02 5.924e+02 81 0 2 6.252e+02 6.348e+02 90 0 1 5.482e+02 5.858e+02 349 0 1 5.971e+02 6.209e+02 221 0 2 6.542e+02 6.898e+02 330 0 3 5.935e+02 6.245e+02 287 0 4 6.528e+02 6.912e+02 357 2 3 2.308e+02 2.312e+02 4 2 1 1.249e+01 2.951e+01 158 2 1 2.239e+02 2.381e+02 131 2 3 1.756e+01 2.444e+01 64 2 4 1.927e+02 2.273e+02 322 2 2 2.941e+01 5.459e+01 234 2 2 2.360e+02 2.680e+02 298 2 4 2.335e+01 6.065e+01 346
31115 10 0 2 6.572e+02 6.868e+02 275 2 3 2.100e+01 2.100e+01 -20 2 1 1.774e+01 2.426e+01 60 2 3 5.243e+02 5.257e+02 13 2 1 1.470e+02 1.470e+02 -3 2 2 2.730e+01 5.670e+01 273 2 4 1.161e+02 1.359e+02 183 2 3 1.428e+02 1.512e+02 78 2 2 1.108e+02 1.412e+02 281 2 1 1.726e+02 2.054e+02 306
31116 3 2 2 8.231e+01 8.569e+01 31 2 3 5.045e+01 7.555e+01 233 2 4 7.177e+01 9.623e+01 227
31117 9 0 2 6.221e+02 6.379e+02 147 0 2 6.720e+02 6.720e+02 -2 0 4 6.193e+02 6.407e+02 200 0 4 6.704e+02 6.736e+02 29 0 1 6.390e+02 6.630e+02 222 0 3 6.426e+02 6.594e+02 156 0 3 6.337e+02 6.683e+02 320 2 1 2.100e+01 2.100e+01 -12 2 3 1.720e+01 2.480e+01 70
31118 0
31119 0
31121 13 2 4 2.793e+02 3.087e+02 274 2 4 3.671e+02 3.889e+02 202 2 3 3.006e+02 3.294e+02 267 3 3 4.787e+02 4.873e+02 80 3 1 3.137e+02 3.163e+02 25 3 3 3.540e+02 3.600e+02 56 3 2 4.601e+02 4.639e+02 36 3 4 5.759e+02 6.001e+02 224 3 1 3.505e+02 3.635e+02 120 3 4 4.544e+02 4.696e+02 140 3 4 3.699e+02 3.861e+02 150 3 2 4.432e+02 4.808e+02 350 3 2 3.609e+02 3.951e+02 318
31122 0
31123 6 1 4 1.237e+02 1.283e+02 42 1 2 1.157e+02 1.363e+02 192 1 3 1.283e+02 1.657e+02 348 2 3 6.063e+02 6.117e+02 50 2 2 6.231e+02 6.369e+02 129 2 1 5.903e+02 6.277e+02 346
