9126 0
9127 0
9129 14 0 4 3.770e+02 3.790e+02 19 0 1 3.534e+02 3.606e+02 66 0 2 5.028e+02 5.052e+02 22 0 4 3.713e+02 3.847e+02 124 0 1 5.199e+02 5.301e+02 96 0 3 4.731e+02 4.929e+02 185 0 2 3.637e+02 3.923e+02 266 0 1 5.488e+02 5.852e+02 338 1 2 6.123e+02 6.477e+02 329 2 3 9.331e+01 1.167e+02 217 2 1 1.195e+01 3.005e+01 168 2 2 1.187e+02 1.333e+02 136 2 4 1.148e+02 1.372e+02 208 3 1 9.174e+00 3.283e+01 220
9130 25 0 4 3.345e+02 3.375e+02 28 0 2 3.199e+02 3.521e+02 300 0 3 6.082e+02 6.098e+02 16 0 1 5.518e+02 5.822e+02 282 0 3 5.986e+02 6.194e+02 193 0 4 4.072e+02 4.328e+02 237 0 3 5.517e+02 5.823e+02 285 0 4 6.148e+02 6.452e+02 282 0 3 3.776e+02 4.204e+02 398 0 1 5.905e+02 6.275e+02 343 0 3 6.375e+02 6.645e+02 251 0 4 5.633e+02 6.127e+02 460 0 2 6.585e+02 6.855e+02 250 0 1 5.838e+02 6.342e+02 469 0 1 6.308e+02 6.712e+02 376 1 1 5.533e+02 5.807e+02 255 1 3 5.511e+02 5.829e+02 296 1 4 5.741e+02 6.019e+02 258 1 1 5.414e+02 5.926e+02 476 2 4 5.027e+02 5.053e+02 24 2 1 2.026e+01 2.174e+01 14 2 2 3.901e+01 4.499e+01 56 2 4 5.751e+02 6.009e+02 240 2 3 9.443e+00 3.256e+01 215 2 4 3.363e+01 5.037e+01 156
9134 8 1 3 2.262e+02 2.358e+02 89 1 2 2.060e+02 2.140e+02 75 1 1 2.194e+02 2.426e+02 216 1 4 2.054e+02 2.146e+02 86 1 3 2.152e+02 2.468e+02 294 1 4 1.952e+02 2.248e+02 276 3 1 1.972e+01 2.228e+01 24 3 1 6.217e+01 6.383e+01 16
9136 0
9138 10 0 1 6.479e+02 6.541e+02 58 0 4 6.277e+02 6.323e+02 42 0 4 6.672e+02 6.768e+02 89 2 1 2.007e+01 2.193e+01 17 2 3 1.470e+02 1.470e+02 -23 2 3 2.048e+01 2.152e+01 10 2 4 1.674e+02 1.686e+02 10 2 4 3.995e+01 4.405e+01 38 2 3 5.548e+01 7.052e+01 140 2 2 2.753e+01 5.647e+01 269
9141 6 0 2 6.708e+02 6.732e+02 23 0 3 4.346e+02 4.474e+02 119 0 4 6.679e+02 6.761e+02 76 0 4 4.423e+02 4.817e+02 366 0 1 6.333e+02 6.687e+02 328 2 1 1.801e+01 2.399e+01 56
9143 63 0 4 3.767e+02 3.793e+02 24 0 4 3.305e+02 3.415e+02 101 0 1 4.813e+02 4.847e+02 32 0 4 7.132e+01 9.668e+01 236 0 1 5.248e+02 5.252e+02 5 0 3 9.205e+01 1.180e+02 240 0 4 6.298e+02 6.302e+02 5 0 3 6.509e+02 6.511e+02 2 0 3 5.250e+02 5.250e+02 -0 0 4 5.872e+02 5.888e+02 16 0 2 6.683e+02 6.757e+02 68 0 2 4.870e+02 5.210e+02 316 0 1 5.532e+02 5.808e+02 256 0 4 5.770e+02 5.990e+02 205 0 4 6.692e+02 6.748e+02 52 0 3 5.544e+02 5.796e+02 234 0 4 6.120e+02 6.480e+02 335 0 1 6.459e+02 6.561e+02 94 0 4 6.569e+02 6.871e+02 280 0 3 6.374e+02 6.646e+02 253 1 4 5.040e+02 5.040e+02 -8 1 4 5.879e+02 5.881e+02 1 1 3 6.070e+02 6.110e+02 38 1 1 5.670e+02 5.670e+02 -13 1 2 6.300e+02 6.300e+02 -5 1 3 5.636e+02 5.704e+02 63 1 4 6.294e+02 6.306e+02 10 1 2 5.854e+02 5.906e+02 49 1 1 5.994e+02 6.186e+02 179 1 2 5.336e+02 5.584e+02 230 2 3 1.990e+01 2.210e+01 20 2 2 4.188e+02 4.212e+02 23 2 3 2.303e+02 2.317e+02 14 2 4 5.040e+02 5.040e+02 -15 2 3 3.114e+02 3.186e+02 66 2 4 5.460e+02 5.460e+02 -0 2 2 3.285e+02 3.435e+02 140 2 2 5.880e+02 5.880e+02 -7 2 2 3.690e+01 4.710e+01 95 2 4 4.198e+02 4.202e+02 5 2 4 2.019e+02 2.181e+02 151 2 3 5.640e+02 5.700e+02 56 2 4 2.814e+02 3.066e+02 235 2 1 4.387e+02 4.433e+02 42 2 4 3.173e+02 3.547e+02 348 2 2 4.939e+02 5.141e+02 187 2 4 3.147e+01 5.253e+01 196 2 1 5.233e+02 5.267e+02 32 2 4 2.428e+02 2.612e+02 170 2 4 5.692e+02 6.068e+02 349 2 4 3.603e+02 3.957e+02 330 2 3 3.912e+02 4.068e+02 146 2 1 5.041e+01 7.559e+01 234 2 4 4.492e+02 4.748e+02 237 2 3 1.701e+02 2.079e+02 350 2 3 5.209e+02 5.291e+02 76 2 2 4.119e+02 4.281e+02 150 2 3 5.555e+02 5.785e+02 213 2 3 4.289e+02 4.531e+02 225 2 3 5.120e+02 5.380e+02 240 2 2 4.052e+02 4.348e+02 276 3 3 1.463e+02 1.477e+02 14 3 4 1.138e+02 1.382e+02 227
9151 0
9154 16 0 3 5.217e+02 5.283e+02 60 0 2 6.256e+02 6.344e+02 82 0 4 6.704e+02 6.736e+02 29 0 2 5.430e+02 5.490e+02 56 0 1 6.429e+02 6.591e+02 150 0 1 5.193e+02 5.307e+02 106 0 2 6.647e+02 6.793e+02 136 0 3 5.482e+02 5.858e+02 349 0 1 6.328e+02 6.692e+02 337 0 1 5.123e+02 5.377e+02 236 0 3 6.328e+02 6.692e+02 338 2 4 2.924e+02 2.956e+02 30 2 3 3.088e+02 3.212e+02 115 2 2 3.253e+02 3.467e+02 198 2 3 3.004e+02 3.296e+02 270 2 3 3.397e+02 3.743e+02 320
9159 2 0 1 5.197e+02 5.303e+02 99 0 1 6.477e+02 6.543e+02 60
9160 4 0 1 6.510e+02 6.510e+02 -4 0 3 6.499e+02 6.521e+02 20 0 4 6.601e+02 6.839e+02 220 0 2 6.541e+02 6.899e+02 333
9163 14 0 1 3.968e+02 4.012e+02 41 0 2 6.701e+02 6.739e+02 35 0 3 3.975e+02 4.005e+02 27 0 4 6.671e+02 6.769e+02 90 0 4 4.018e+02 4.382e+02 338 2 2 4.185e+02 4.215e+02 28 2 2 2.094e+02 2.106e+02 11 2 4 3.740e+01 4.660e+01 86 2 4 2.060e+02 2.140e+02 75 2 3 5.799e+01 6.801e+01 93 2 3 2.280e+02 2.340e+02 56 2 2 2.454e+02 2.586e+02 123 2 1 2.185e+02 2.435e+02 232 2 3 2.195e+02 2.425e+02 213
9171 21 0 1 6.084e+02 6.096e+02 11 0 2 6.709e+02 6.731e+02 21 0 4 2.893e+02 2.987e+02 87 0 4 5.836e+02 5.924e+02 82 0 4 6.700e+02 6.740e+02 38 0 3 5.555e+02 5.785e+02 214 0 3 6.014e+02 6.166e+02 140 0 1 6.492e+02 6.528e+02 34 0 4 5.725e+02 6.035e+02 288 0 1 5.957e+02 6.223e+02 246 2 3 6.297e+01 6.303e+01 0 2 4 7.998e+01 8.802e+01 75 2 1 1.460e+02 1.480e+02 18 2 1 1.003e+01 3.197e+01 204 2 4 4.433e+02 4.807e+02 347 2 3 9.757e+01 1.124e+02 138 2 2 2.681e+01 5.719e+01 282 2 2 1.214e+02 1.306e+02 86 2 1 1.279e+02 1.661e+02 356 2 3 3.160e+00 3.884e+01 331 2 4 1.083e+02 1.437e+02 328
9173 2 0 3 4.824e+02 4.836e+02 10 0 4 4.991e+02 5.089e+02 91
9176 5 0 2 6.693e+02 6.747e+02 50 1 3 6.031e+02 6.149e+02 109 1 4 6.220e+02 6.380e+02 149 1 3 5.932e+02 6.248e+02 294 1 4 6.116e+02 6.484e+02 342
9179 7 0 1 5.200e+02 5.300e+02 93 0 1 6.044e+02 6.136e+02 85 0 2 5.389e+02 5.531e+02 131 0 2 6.228e+02 6.372e+02 135 0 4 6.543e+02 6.897e+02 328 0 3 5.113e+02 5.387e+02 254 3 3 1.826e+02 1.954e+02 120
9180 0
9181 22 0 4 3.318e+02 3.402e+02 77 0 4 6.709e+02 6.731e+02 20 0 2 5.364e+02 5.556e+02 179 0 4 3.236e+02 3.484e+02 230 0 1 6.500e+02 6.520e+02 18 0 4 2.795e+02 3.085e+02 269 0 1 5.160e+02 5.340e+02 166 0 1 2.113e+02 2.507e+02 366 1 2 6.298e+02 6.302e+02 4 1 1 5.897e+02 6.283e+02 358 2 4 2.498e+02 2.542e+02 41 2 1 2.723e+02 2.737e+02 14 2 3 3.962e+02 4.018e+02 52 2 2 2.444e+02 2.596e+02 141 2 4 5.382e+02 5.538e+02 146 2 1 3.908e+02 4.072e+02 152 2 4 3.625e+02 3.935e+02 288 2 3 5.116e+02 5.384e+02 248 2 3 2.123e+02 2.497e+02 348 2 2 4.067e+02 4.333e+02 246 2 3 2.563e+02 2.897e+02 310 2 4 2.747e+02 3.133e+02 358
9182 97 0 4 1.647e+02 1.713e+02 60 0 2 5.456e+02 5.464e+02 8 0 1 2.283e+02 2.337e+02 50 0 3 6.076e+02 6.104e+02 26 0 1 3.566e+02 3.574e+02 8 0 3 6.507e+02 6.513e+02 6 0 2 1.224e+02 1.296e+02 66 0 4 4.162e+02 4.238e+02 71 0 3 2.296e+02 2.324e+02 26 0 2 4.612e+02 4.628e+02 15 0 3 2.710e+02 2.750e+02 38 0 3 5.640e+02 5.700e+02 56 0 2 3.760e+02 3.800e+02 37 0 2 6.269e+02 6.331e+02 57 0 1 9.968e+01 1.103e+02 99 0 2 6.713e+02 6.727e+02 13 0 4 1.490e+02 1.870e+02 353 0 1 4.358e+02 4.462e+02 97 0 2 2.473e+02 2.567e+02 88 0 4 4.566e+02 4.674e+02 100 0 4 2.820e+02 3.060e+02 222 0 3 5.219e+02 5.281e+02 57 0 4 3.772e+02 3.788e+02 16 0 4 6.270e+02 6.330e+02 56 0 1 2.157e+02 2.463e+02 285 0 4 6.704e+02 6.736e+02 29 0 2 2.793e+02 3.087e+02 274 0 3 4.371e+02 4.449e+02 73 0 2 3.665e+02 3.895e+02 213 0 3 4.646e+02 5.014e+02 341 0 4 1.909e+02 2.291e+02 354 0 1 5.147e+02 5.353e+02 190 0 2 3.170e+02 3.550e+02 352 0 4 5.864e+02 5.896e+02 30 0 1 6.480e+02 6.540e+02 56 0 1 4.231e+02 4.589e+02 332 0 2 4.880e+02 5.200e+02 297 0 2 5.275e+02 5.645e+02 344 0 1 6.043e+02 6.137e+02 88 0 4 4.849e+02 5.231e+02 356 0 1 5.531e+02 5.809e+02 258 0 4 5.711e+02 6.049e+02 313 0 1 5.081e+02 5.419e+02 314 0 4 6.123e+02 6.477e+02 329 1 1 5.659e+02 5.681e+02 20 1 2 6.281e+02 6.319e+02 35 1 2 5.874e+02 5.886e+02 10 1 1 4.294e+02 4.526e+02 216 1 4 6.289e+02 6.311e+02 20 1 4 4.989e+02 5.091e+02 95 1 4 5.855e+02 5.905e+02 47 1 1 6.083e+02 6.097e+02 14 1 2 5.434e+02 5.486e+02 49 1 3 6.066e+02 6.114e+02 44 1 3 5.618e+02 5.722e+02 96 1 4 5.343e+02 5.577e+02 218 1 3 5.523e+02 5.817e+02 272 2 3 2.296e+02 2.324e+02 26 2 4 5.008e+02 5.072e+02 60 2 1 3.139e+02 3.161e+02 20 2 1 6.181e+01 6.419e+01 22 2 4 4.556e+02 4.684e+02 119 2 4 8.343e+01 8.457e+01 10 2 3 4.230e+02 4.590e+02 335 2 3 1.855e+02 1.925e+02 66 2 3 4.810e+02 4.850e+02 38 2 2 2.092e+02 2.108e+02 15 2 4 5.695e+02 6.065e+02 344 2 1 2.678e+02 2.782e+02 96 2 1 3.820e+02 4.160e+02 316 2 1 3.538e+02 3.602e+02 59 2 2 4.905e+02 5.175e+02 250 2 1 1.949e+01 2.251e+01 28 2 2 4.478e+02 4.762e+02 265 2 3 9.815e+01 1.118e+02 127 2 4 4.458e+02 4.782e+02 300 2 1 1.464e+02 1.476e+02 11 2 4 2.038e+02 2.162e+02 116 2 1 2.570e+02 2.890e+02 297 2 4 3.680e+02 3.880e+02 186 2 3 2.030e+01 2.170e+01 13 2 2 1.114e+02 1.406e+02 270 2 4 1.641e+02 1.719e+02 72 2 1 2.251e+02 2.369e+02 110 2 1 3.373e+02 3.767e+02 366 2 4 2.631e+01 5.769e+01 291 2 2 6.432e+01 1.037e+02 366 2 1 1.840e+02 1.940e+02 93 2 2 2.491e+02 2.549e+02 55 2 3 3.378e+02 3.762e+02 357 2 3 3.386e+00 3.861e+01 327 2 2 1.531e+02 1.829e+02 276 2 2 1.904e+02 2.296e+02 365 2 2 2.560e+01 5.840e+01 305 2 1 1.702e+02 2.078e+02 350 2 3 2.127e+02 2.493e+02 340 3 2 5.804e+02 5.956e+02 141
9183 6 0 2 6.601e+02 6.839e+02 221 0 4 6.578e+02 6.862e+02 264 1 4 4.474e+02 4.766e+02 271 2 3 1.467e+02 1.473e+02 5 3 3 1.819e+01 2.381e+01 52 3 3 1.228e+00 4.077e+01 367
9184 0
9185 0
9186 8 0 4 5.870e+02 5.890e+02 18 0 1 5.543e+02 5.797e+02 236 0 3 6.035e+02 6.145e+02 101 0 3 5.516e+02 5.824e+02 286 0 4 6.142e+02 6.458e+02 294 0 2 6.545e+02 6.895e+02 325 0 4 6.543e+02 6.897e+02 329 2 4 8.240e+01 8.560e+01 30
9187 5 0 2 4.968e+02 5.112e+02 133 2 3 2.075e+01 2.125e+01 5 2 3 1.326e+01 2.874e+01 144 2 2 3.417e+01 4.983e+01 146 2 1 5.136e+00 3.686e+01 295
9188 14 0 1 5.248e+02 5.252e+02 4 0 3 5.234e+02 5.266e+02 30 0 4 5.818e+02 5.942e+02 116 0 2 4.486e+02 4.754e+02 249 0 1 5.469e+02 5.871e+02 373 0 2 4.847e+02 5.233e+02 359 0 3 5.458e+02 5.882e+02 393 1 3 4.410e+02 4.410e+02 -14 1 4 6.208e+02 6.392e+02 170 2 3 6.217e+01 6.383e+01 16 2 4 3.031e+01 5.369e+01 217 2 2 6.849e+01 9.951e+01 288 2 1 5.436e+01 7.164e+01 160 2 1 2.665e+00 3.933e+01 340
9189 9 0 4 4.982e+02 5.098e+02 107 0 2 6.626e+02 6.814e+02 174 0 4 4.861e+02 5.219e+02 332 0 4 6.605e+02 6.835e+02 213 2 2 1.644e+02 1.716e+02 66 2 4 1.203e+02 1.317e+02 106 2 3 1.349e+02 1.591e+02 225 2 2 1.082e+02 1.438e+02 331 2 4 1.509e+02 1.851e+02 318
9190 0
