13616 14 0 4 6.691e+02 6.749e+02 55 0 2 6.627e+02 6.813e+02 172 0 1 5.337e+01 7.263e+01 179 0 2 6.535e+02 6.905e+02 344 0 4 6.525e+02 6.915e+02 363 2 2 3.986e+01 4.414e+01 40 2 3 3.970e+02 4.010e+02 38 2 1 1.846e+02 1.934e+02 81 2 2 4.095e+02 4.305e+02 195 2 3 1.856e+02 1.924e+02 64 2 4 3.048e+01 5.352e+01 214 2 3 3.824e+02 4.156e+02 308 2 4 1.545e+02 1.815e+02 251 2 3 4.745e+01 7.855e+01 289
13617 44 0 4 2.098e+02 2.102e+02 3 0 2 5.448e+02 5.472e+02 22 0 2 1.260e+02 1.260e+02 -8 0 1 6.085e+02 6.095e+02 9 0 3 6.496e+02 6.524e+02 26 0 2 5.012e+02 5.068e+02 52 0 1 5.625e+02 5.715e+02 84 0 3 6.057e+02 6.123e+02 60 0 2 6.713e+02 6.727e+02 14 0 4 5.033e+02 5.047e+02 12 0 1 5.213e+02 5.287e+02 68 0 2 6.297e+02 6.303e+02 5 0 4 6.714e+02 6.726e+02 10 0 1 4.690e+02 4.970e+02 260 0 3 5.530e+02 5.810e+02 260 0 4 6.300e+02 6.300e+02 -3 0 1 6.486e+02 6.534e+02 45 0 1 5.073e+02 5.427e+02 329 0 4 5.842e+02 5.918e+02 71 0 3 6.352e+02 6.668e+02 294 0 4 5.698e+02 6.062e+02 337 1 2 6.271e+02 6.329e+02 53 1 4 6.274e+02 6.326e+02 49 1 3 6.019e+02 6.161e+02 132 1 1 5.972e+02 6.208e+02 220 2 2 4.107e+01 4.293e+01 17 2 3 1.035e+02 1.065e+02 27 2 3 3.121e+02 3.179e+02 55 2 4 4.103e+01 4.297e+01 18 2 4 7.886e+01 8.914e+01 96 2 1 1.444e+02 1.496e+02 48 2 3 2.706e+02 2.754e+02 45 2 4 3.274e+02 3.446e+02 160 2 3 1.518e+01 2.682e+01 108 2 2 1.188e+02 1.332e+02 134 2 3 1.451e+02 1.489e+02 35 2 4 2.915e+02 2.965e+02 46 2 1 5.889e+01 6.711e+01 76 2 2 1.093e+02 1.427e+02 310 2 2 1.523e+02 1.837e+02 292 2 3 2.968e+02 3.332e+02 338 2 3 4.597e+01 8.003e+01 316 2 1 1.323e+02 1.617e+02 272 2 3 2.527e+02 2.933e+02 376
13618 0
13619 12 0 2 6.279e+02 6.321e+02 40 0 4 6.251e+02 6.349e+02 91 0 1 6.313e+02 6.707e+02 366 1 2 2.518e+02 2.522e+02 3 1 1 1.658e+01 2.542e+01 82 1 3 5.867e+01 6.733e+01 80 1 4 2.840e+02 3.040e+02 186 1 3 5.674e+00 3.633e+01 285 2 4 4.135e+01 4.265e+01 12 2 2 3.592e+01 4.808e+01 113 2 1 5.198e+01 7.402e+01 205 2 3 4.889e+01 7.711e+01 262
13620 10 0 4 2.514e+02 2.526e+02 10 0 1 2.219e+02 2.401e+02 169 0 3 5.204e+02 5.296e+02 86 0 3 2.207e+02 2.413e+02 191 0 2 6.635e+02 6.805e+02 158 0 2 6.300e+02 6.300e+02 -23 0 4 4.591e+02 4.649e+02 55 0 4 5.825e+02 5.935e+02 101 2 1 1.882e+02 1.898e+02 15 2 4 1.156e+02 1.364e+02 193
13621 2 1 4 6.259e+02 6.341e+02 76 2 4 4.845e+02 5.235e+02 361
13622 2 1 3 5.636e+02 5.704e+02 64 1 4 5.802e+02 5.958e+02 146
13624 6 0 3 5.638e+02 5.702e+02 59 1 3 5.632e+02 5.708e+02 71 1 1 2.197e+02 2.423e+02 210 1 4 5.735e+02 6.025e+02 270 2 2 1.214e+02 1.306e+02 86 2 1 1.382e+02 1.558e+02 164
13625 0
13627 13 0 1 6.332e+02 6.688e+02 330 0 3 6.372e+02 6.648e+02 257 0 2 6.035e+02 6.565e+02 491 1 2 5.818e+02 5.942e+02 115 1 1 5.972e+02 6.208e+02 219 1 3 5.957e+02 6.223e+02 246 2 3 3.128e+02 3.172e+02 40 2 2 8.119e+01 8.681e+01 52 2 4 2.439e+02 2.601e+02 150 2 4 4.144e+02 4.256e+02 105 2 3 5.422e+01 7.178e+01 163 2 4 6.791e+01 1.001e+02 299 3 1 1.375e+02 1.565e+02 177
13629 0
13630 19 1 4 6.108e+02 6.492e+02 356 2 3 3.142e+02 3.158e+02 16 2 3 4.394e+02 4.426e+02 30 2 2 2.847e+02 3.033e+02 173 2 2 4.607e+02 4.633e+02 24 2 4 2.858e+02 3.022e+02 152 2 4 5.370e+02 5.550e+02 168 2 4 3.599e+02 3.961e+02 336 2 1 4.766e+02 4.894e+02 120 2 1 3.059e+02 3.241e+02 169 2 4 5.733e+02 6.027e+02 274 2 1 2.959e+02 3.341e+02 356 2 3 5.943e+02 6.237e+02 274 2 1 5.875e+02 6.305e+02 399 2 2 6.038e+02 6.562e+02 486 3 1 1.857e+02 1.923e+02 61 3 3 1.890e+02 1.890e+02 -3 3 3 7.993e+01 1.301e+02 466 3 2 1.931e+02 2.269e+02 315
13633 2 2 1 2.310e+02 2.310e+02 -7 2 1 2.542e+02 2.918e+02 349
13635 0
13638 2 1 3 8.801e+01 1.220e+02 316 1 2 6.719e+01 1.008e+02 312
13640 10 2 4 6.271e+02 6.329e+02 55 2 1 2.293e+02 2.327e+02 32 2 2 3.780e+02 3.780e+02 -1 2 4 1.196e+02 1.324e+02 118 2 1 1.428e+02 1.512e+02 79 2 3 2.290e+02 2.330e+02 38 2 3 1.350e+02 1.590e+02 222 2 4 1.969e+02 2.231e+02 243 2 2 1.113e+02 1.407e+02 273 2 2 2.336e+02 2.704e+02 342
13641 2 0 2 5.329e+02 5.591e+02 244 1 3 6.042e+01 6.558e+01 48
13642 9 0 1 1.021e+02 1.079e+02 53 0 3 1.009e+02 1.091e+02 76 0 2 6.670e+02 6.770e+02 92 0 2 1.140e+02 1.380e+02 222 0 4 6.652e+02 6.788e+02 127 1 4 6.240e+02 6.360e+02 112 2 4 6.167e+02 6.433e+02 246 2 3 6.477e+02 6.543e+02 60 2 2 6.697e+02 6.743e+02 42
13643 19 0 1 3.954e+02 4.026e+02 66 0 1 5.242e+02 5.258e+02 15 0 2 6.229e+02 6.371e+02 131 0 2 6.712e+02 6.728e+02 16 0 4 4.187e+02 4.213e+02 25 0 3 5.211e+02 5.289e+02 73 0 4 6.243e+02 6.357e+02 106 0 4 6.680e+02 6.760e+02 74 0 3 3.859e+02 4.121e+02 244 0 3 5.137e+02 5.363e+02 210 0 1 5.963e+02 6.217e+02 236 0 1 6.340e+02 6.680e+02 316 0 2 5.277e+02 5.643e+02 340 0 3 5.956e+02 6.224e+02 249 1 4 5.799e+02 5.961e+02 150 2 1 2.309e+02 2.311e+02 1 2 4 2.043e+02 2.157e+02 106 2 3 2.237e+02 2.383e+02 135 2 2 1.948e+02 2.252e+02 282
13644 13 0 2 6.684e+02 6.756e+02 67 0 4 6.682e+02 6.758e+02 71 0 4 6.571e+02 6.869e+02 277 1 3 5.648e+02 5.692e+02 40 1 2 5.030e+02 5.050e+02 18 1 2 4.578e+02 4.662e+02 78 1 4 5.866e+02 5.894e+02 26 1 2 5.416e+02 5.504e+02 81 2 1 6.113e+01 6.487e+01 35 2 2 7.370e+01 9.430e+01 191 2 1 1.088e+01 3.112e+01 188 2 3 8.632e+00 3.337e+01 230 2 4 3.031e+01 5.369e+01 217
13645 0
13646 1 0 1 6.082e+02 6.098e+02 16
13647 28 0 4 6.705e+02 6.735e+02 28 0 1 5.602e+02 5.738e+02 127 0 1 6.010e+02 6.170e+02 149 0 3 6.453e+02 6.567e+02 106 0 3 1.700e+02 2.080e+02 352 0 2 6.199e+02 6.401e+02 187 0 2 6.688e+02 6.752e+02 59 0 3 5.535e+02 5.805e+02 251 0 4 6.222e+02 6.378e+02 146 0 1 6.431e+02 6.589e+02 147 0 4 5.733e+02 6.027e+02 274 0 2 6.611e+02 6.829e+02 202 0 4 6.122e+02 6.478e+02 330 0 4 6.592e+02 6.848e+02 238 0 1 6.341e+02 6.679e+02 314 0 3 6.327e+02 6.693e+02 340 1 2 6.292e+02 6.308e+02 15 1 1 6.068e+02 6.112e+02 40 1 2 6.114e+02 6.486e+02 346 1 2 5.678e+02 6.082e+02 375 2 3 1.013e+02 1.087e+02 69 2 4 3.551e+01 4.849e+01 120 2 4 4.138e+02 4.262e+02 115 2 4 1.170e+02 1.350e+02 167 2 3 5.916e+01 6.684e+01 71 2 3 4.384e+02 4.436e+02 48 2 2 4.481e+02 4.759e+02 259 2 1 4.250e+02 4.570e+02 297
13648 1 2 2 1.152e+02 1.368e+02 201
13649 7 0 1 3.550e+02 3.590e+02 37 0 3 5.981e+02 6.199e+02 202 0 4 3.680e+02 3.880e+02 186 0 4 5.768e+02 5.992e+02 208 0 2 3.164e+02 3.556e+02 365 0 1 5.950e+02 6.230e+02 260 2 4 1.660e+02 1.700e+02 37
13650 7 0 2 6.292e+02 6.308e+02 16 0 3 6.458e+02 6.562e+02 96 0 4 6.596e+02 6.844e+02 230 0 2 6.536e+02 6.904e+02 342 2 1 2.666e+02 2.794e+02 120 2 1 5.992e+02 6.188e+02 182 2 2 2.332e+02 2.708e+02 350
13651 0
13654 10 0 1 6.044e+02 6.136e+02 86 0 2 6.708e+02 6.732e+02 22 0 3 6.083e+02 6.097e+02 13 0 4 6.692e+02 6.748e+02 51 0 4 5.734e+02 6.026e+02 270 0 1 6.464e+02 6.556e+02 86 0 4 6.570e+02 6.870e+02 279 1 4 6.284e+02 6.316e+02 30 1 3 5.973e+02 6.207e+02 218 2 4 1.246e+02 1.274e+02 26
13655 3 0 2 3.732e+02 3.828e+02 89 0 3 3.908e+02 4.072e+02 151 0 4 3.606e+02 3.954e+02 323
13656 6 0 2 6.031e+02 6.569e+02 499 2 2 3.351e+02 3.369e+02 16 2 4 1.251e+02 1.269e+02 16 2 2 8.065e+01 8.735e+01 62 2 3 4.646e+01 7.954e+01 307 2 4 7.630e+01 9.170e+01 143
13657 15 0 2 6.716e+02 6.724e+02 7 0 2 5.405e+02 5.515e+02 102 0 4 6.715e+02 6.725e+02 10 0 2 5.330e+02 5.590e+02 241 0 1 6.341e+02 6.679e+02 313 0 1 5.064e+02 5.436e+02 346 2 4 8.400e+01 8.400e+01 -15 2 2 4.200e+02 4.200e+02 -20 2 3 2.089e+01 2.111e+01 2 2 4 7.769e+01 9.031e+01 117 2 4 3.672e+01 4.728e+01 98 2 3 9.501e+01 1.150e+02 186 2 1 5.449e+00 3.655e+01 289 2 3 5.090e+02 5.410e+02 297 2 2 6.737e+01 1.006e+02 309
13658 2 0 3 5.196e+02 5.304e+02 100 0 3 5.114e+02 5.386e+02 253
13661 12 0 4 2.940e+02 2.940e+02 -4 0 4 5.831e+02 5.929e+02 90 0 4 6.666e+02 6.774e+02 100 0 1 5.176e+02 5.324e+02 138 0 3 5.997e+02 6.183e+02 173 0 3 5.157e+02 5.343e+02 173 0 1 5.944e+02 6.236e+02 270 0 2 5.357e+02 5.563e+02 191 2 2 8.400e+01 8.400e+01 -4 2 4 8.178e+01 8.622e+01 41 2 3 4.534e+01 8.066e+01 328 2 4 2.338e+02 2.702e+02 338
13662 4 0 4 2.461e+01 5.939e+01 323 1 3 5.521e+02 5.819e+02 277 3 1 6.383e+02 6.637e+02 236 3 3 7.020e+00 3.498e+01 260
13663 4 2 4 8.281e+01 8.519e+01 22 2 4 7.442e+01 9.358e+01 178 2 2 7.329e+01 9.471e+01 199 2 3 9.070e+01 1.193e+02 266
13664 3 0 2 6.177e+02 6.423e+02 229 0 3 6.434e+02 6.586e+02 141 0 4 6.150e+02 6.450e+02 278
13665 20 0 1 6.393e+02 6.627e+02 218 0 3 5.117e+02 5.383e+02 247 0 1 5.982e+02 6.198e+02 201 0 3 6.430e+02 6.590e+02 149 0 4 4.072e+02 4.328e+02 238 0 2 4.871e+02 5.209e+02 314 0 2 6.627e+02 6.813e+02 172 0 4 4.788e+02 5.292e+02 469 0 1 5.828e+02 6.352e+02 486 0 4 6.612e+02 6.828e+02 201 0 4 6.475e+02 6.965e+02 455 2 3 2.635e+02 2.825e+02 177 2 1 7.959e+00 3.404e+01 242 2 3 1.781e+02 1.999e+02 202 2 4 1.936e+02 2.264e+02 304 2 3 1.901e+00 4.010e+01 355 2 2 1.519e+02 1.841e+02 300 2 1 -1.195e+00 4.319e+01 412 2 2 1.414e+02 1.946e+02 495 3 4 4.143e+01 4.257e+01 10
13666 2 0 4 1.649e+02 1.711e+02 57 0 1 1.344e+02 1.596e+02 235
13667 1 0 2 3.661e+02 3.899e+02 220
13668 13 0 1 6.067e+02 6.113e+02 42 0 2 6.271e+02 6.329e+02 54 0 3 6.477e+02 6.543e+02 61 0 3 5.954e+02 6.226e+02 253 0 2 2.263e+02 2.777e+02 476 0 2 6.460e+02 6.980e+02 483 0 4 6.458e+02 6.982e+02 486 1 2 6.228e+02 6.372e+02 134 1 4 6.175e+02 6.425e+02 233 2 2 2.925e+02 2.955e+02 27 2 4 4.537e+02 4.703e+02 155 2 4 2.869e+02 3.011e+02 131 2 3 2.551e+02 2.909e+02 333
13669 4 0 4 2.342e+02 2.698e+02 330 1 4 2.921e+02 2.959e+02 35 1 4 3.251e+02 3.469e+02 203 3 3 4.363e+02 4.457e+02 87
13670 2 0 4 6.600e+02 6.840e+02 223 3 1 4.397e+02 4.423e+02 24
13671 15 0 1 5.658e+02 5.682e+02 22 0 4 5.877e+02 5.883e+02 6 0 4 2.847e+02 3.033e+02 173 0 4 6.720e+02 6.720e+02 -10 0 3 5.632e+02 5.708e+02 70 0 3 6.056e+02 6.124e+02 63 0 2 6.669e+02 6.771e+02 95 0 3 5.514e+02 5.826e+02 289 0 2 6.291e+02 6.309e+02 17 0 1 6.398e+02 6.622e+02 209 0 4 6.292e+02 6.308e+02 16 0 3 6.384e+02 6.636e+02 234 0 4 6.109e+02 6.491e+02 356 0 2 6.543e+02 6.897e+02 328 3 1 4.189e+02 4.631e+02 411
