24547 1 1 1 1.622e+01 2.578e+01 89
24548 0
24551 4 0 2 6.704e+02 6.736e+02 30 0 4 6.681e+02 6.759e+02 73 2 4 2.925e+02 2.955e+02 27 2 2 1.225e+02 1.295e+02 66
24552 24 1 4 8.307e+01 8.493e+01 17 2 1 2.716e+02 2.744e+02 26 2 4 4.601e+02 4.639e+02 35 2 2 2.091e+02 2.109e+02 17 2 2 5.420e+02 5.500e+02 74 2 4 2.927e+02 2.953e+02 24 2 1 5.646e+02 5.694e+02 44 2 4 2.095e+02 2.105e+02 9 2 3 4.242e+02 4.578e+02 311 2 1 3.099e+02 3.201e+02 94 2 4 5.351e+02 5.569e+02 203 2 1 3.435e+02 3.705e+02 251 2 4 5.727e+02 6.033e+02 285 2 1 2.299e+02 2.321e+02 20 2 3 5.096e+02 5.404e+02 286 2 3 3.060e+02 3.240e+02 166 2 1 5.925e+02 6.255e+02 306 2 2 3.199e+02 3.521e+02 300 2 2 5.293e+02 5.627e+02 310 2 3 2.280e+02 2.340e+02 56 2 3 2.651e+02 2.809e+02 146 2 4 2.475e+02 2.565e+02 84 2 2 2.351e+02 2.689e+02 314 2 2 1.957e+02 2.243e+02 266
24555 5 0 2 6.603e+02 6.837e+02 218 1 3 4.668e+02 4.992e+02 300 2 3 4.266e+02 4.554e+02 267 2 4 4.500e+02 4.740e+02 223 3 1 6.243e+01 6.357e+01 10
24556 1 3 1 5.947e+02 6.233e+02 266
24557 26 0 4 5.832e+02 5.928e+02 90 0 2 6.656e+02 6.784e+02 118 0 4 4.156e+02 4.244e+02 82 0 1 5.523e+02 5.817e+02 273 0 3 6.045e+02 6.135e+02 83 0 4 6.700e+02 6.740e+02 38 0 1 3.926e+02 4.054e+02 120 0 3 5.086e+02 5.415e+02 306 0 2 6.154e+02 6.446e+02 271 0 1 6.407e+02 6.613e+02 190 0 3 3.842e+02 4.138e+02 276 0 4 6.164e+02 6.436e+02 252 0 4 6.636e+02 6.804e+02 156 0 3 5.896e+02 6.284e+02 360 0 3 6.332e+02 6.688e+02 330 2 1 1.459e+02 1.481e+02 20 2 1 6.203e+01 6.397e+01 18 2 2 1.220e+02 1.300e+02 74 2 3 1.779e+01 2.421e+01 60 2 4 4.888e+02 5.192e+02 282 2 4 1.228e+02 1.292e+02 59 2 1 1.318e+02 1.622e+02 283 2 4 2.349e+02 2.691e+02 317 2 2 3.618e+01 4.782e+01 108 2 3 1.301e+02 1.639e+02 315 2 4 2.043e+01 6.357e+01 400
24559 4 3 3 3.969e+02 4.011e+02 40 3 2 3.695e+02 3.865e+02 158 3 1 3.900e+02 4.080e+02 167 3 4 3.629e+02 3.931e+02 280
24560 27 0 2 3.346e+02 3.374e+02 26 0 1 6.457e+02 6.563e+02 99 0 4 4.166e+02 4.234e+02 64 0 4 5.799e+02 5.961e+02 150 0 2 6.607e+02 6.833e+02 210 0 1 3.811e+02 4.169e+02 332 0 2 6.190e+02 6.410e+02 204 0 4 6.598e+02 6.842e+02 226 0 3 4.228e+02 4.592e+02 338 0 4 6.159e+02 6.441e+02 262 0 1 5.946e+02 6.234e+02 267 1 2 6.288e+02 6.312e+02 22 1 4 6.231e+02 6.369e+02 129 1 1 6.006e+02 6.174e+02 156 2 3 2.296e+02 2.324e+02 26 2 1 1.707e+01 2.493e+01 73 2 3 1.424e+02 1.516e+02 86 2 4 2.520e+02 2.520e+02 -15 2 3 2.692e+02 2.768e+02 70 2 4 3.251e+02 3.469e+02 203 2 2 2.428e+02 2.612e+02 171 2 2 2.834e+02 3.046e+02 196 2 3 4.619e+01 7.981e+01 312 2 4 1.965e+02 2.235e+02 251 2 3 3.039e+02 3.261e+02 206 2 1 2.146e+02 2.474e+02 306 2 1 3.001e+02 3.299e+02 277
24563 24 0 3 5.535e+01 7.065e+01 142 0 4 6.608e+02 6.832e+02 207 0 2 4.928e+02 5.152e+02 207 0 4 5.757e+02 6.003e+02 228 0 1 6.350e+02 6.670e+02 296 0 4 1.792e+01 6.608e+01 447 0 1 4.598e+02 5.062e+02 430 0 3 5.007e+02 5.493e+02 450 0 2 6.581e+02 6.859e+02 258 0 3 6.271e+02 6.749e+02 443 1 1 5.571e+02 5.769e+02 184 1 1 6.010e+02 6.170e+02 148 1 2 6.162e+02 6.438e+02 257 1 1 5.431e+02 5.909e+02 444 1 4 6.097e+02 6.503e+02 376 1 3 5.849e+02 6.331e+02 447 1 4 6.039e+02 6.561e+02 486 2 4 2.797e+01 5.603e+01 260 2 4 1.079e+02 1.441e+02 336 2 3 1.279e+02 1.661e+02 356 2 1 4.969e+01 7.631e+01 247 2 2 1.444e+02 1.916e+02 438 2 3 4.215e+01 8.385e+01 387 2 3 -4.335e+00 4.633e+01 470
24564 16 0 3 4.389e+02 4.431e+02 39 0 2 6.684e+02 6.756e+02 67 0 1 3.980e+02 4.000e+02 19 0 4 6.654e+02 6.786e+02 122 0 1 3.827e+02 4.153e+02 302 0 3 5.065e+02 5.435e+02 344 1 3 1.013e+02 1.087e+02 68 1 1 5.496e+02 5.844e+02 323 1 2 5.685e+02 6.075e+02 362 1 2 6.052e+02 6.548e+02 460 2 4 5.020e+02 5.060e+02 36 2 1 4.678e+01 7.922e+01 301 2 2 6.508e+01 1.029e+02 351 2 3 4.359e+01 8.241e+01 360 2 4 6.351e+01 1.045e+02 380 2 1 3.749e+01 8.851e+01 474
24566 12 0 3 5.190e+02 5.310e+02 111 0 3 6.029e+02 6.151e+02 114 0 2 6.676e+02 6.764e+02 81 0 1 5.106e+02 5.394e+02 267 0 1 5.979e+02 6.201e+02 206 2 2 4.603e+02 4.637e+02 32 2 1 4.792e+02 4.868e+02 70 2 3 3.426e+00 3.857e+01 326 2 3 4.293e+02 4.527e+02 216 2 4 6.925e+01 9.875e+01 274 2 4 4.442e+02 4.798e+02 330 2 4 4.007e+02 4.393e+02 358
24567 0
24568 5 0 4 6.704e+02 6.736e+02 30 0 3 5.497e+02 5.843e+02 322 1 1 6.063e+02 6.117e+02 50 1 2 6.276e+02 6.324e+02 44 1 4 6.144e+02 6.456e+02 289
24571 13 0 2 6.299e+02 6.301e+02 2 0 4 6.720e+02 6.720e+02 -3 0 4 4.469e+02 4.771e+02 281 0 3 6.028e+02 6.152e+02 115 0 3 6.473e+02 6.547e+02 69 0 4 6.209e+02 6.391e+02 170 0 1 6.422e+02 6.598e+02 163 0 1 5.971e+02 6.209e+02 221 0 1 6.361e+02 6.659e+02 276 2 1 1.501e+01 2.699e+01 111 2 4 7.908e+01 8.892e+01 91 2 1 4.821e+01 7.779e+01 275 2 1 8.094e+00 3.391e+01 240
24573 4 1 4 6.216e+02 6.384e+02 156 2 4 7.733e+01 9.067e+01 124 2 3 9.550e+01 1.145e+02 176 2 2 6.921e+01 9.879e+01 275
24574 14 1 3 3.114e+02 3.186e+02 66 1 2 4.985e+02 5.095e+02 101 1 2 4.614e+02 4.626e+02 11 1 2 2.865e+02 3.015e+02 139 1 2 4.916e+02 5.164e+02 230 1 4 3.193e+02 3.527e+02 310 2 4 3.765e+02 3.795e+02 27 2 1 2.017e+01 2.183e+01 16 2 3 1.994e+01 2.206e+01 20 2 2 1.162e+02 1.358e+02 182 2 3 3.813e+02 4.167e+02 328 2 1 1.395e+02 1.545e+02 139 2 4 1.199e+02 1.321e+02 114 2 3 1.343e+02 1.597e+02 236
24581 5 2 4 3.736e+02 3.824e+02 82 2 3 3.972e+02 4.008e+02 34 2 2 4.086e+02 4.314e+02 212 2 1 4.216e+02 4.604e+02 360 2 1 3.804e+02 4.176e+02 346
24582 0
24585 16 0 1 6.090e+02 6.090e+02 -24 0 1 5.970e+02 6.210e+02 222 0 1 6.363e+02 6.657e+02 274 0 1 5.138e+02 5.362e+02 208 0 4 6.090e+02 6.510e+02 390 0 3 6.348e+02 6.672e+02 301 0 3 5.071e+02 5.429e+02 333 0 2 6.033e+02 6.567e+02 496 0 2 6.518e+02 6.922e+02 376 0 4 6.532e+02 6.908e+02 349 1 4 3.779e+02 3.781e+02 2 1 3 4.730e+02 4.930e+02 186 2 4 1.572e+02 1.788e+02 201 2 1 2.991e+02 3.309e+02 295 2 1 3.460e+02 3.680e+02 204 2 4 1.913e+02 2.287e+02 348
24587 3 0 1 2.228e+02 2.392e+02 153 1 1 1.795e+02 1.985e+02 176 1 1 2.226e+02 2.394e+02 156
24588 83 0 2 3.360e+02 3.360e+02 -13 0 3 3.979e+02 4.001e+02 20 0 1 2.286e+02 2.334e+02 44 0 4 4.620e+02 4.620e+02 -13 0 4 3.285e+02 3.435e+02 139 0 1 5.650e+02 5.690e+02 37 0 4 1.601e+02 1.759e+02 146 0 2 6.300e+02 6.300e+02 -9 0 4 2.480e+02 2.560e+02 75 0 1 3.086e+02 3.214e+02 119 0 3 4.410e+02 4.410e+02 -14 0 4 3.215e+02 3.505e+02 269 0 2 4.583e+02 4.657e+02 69 0 4 2.077e+02 2.123e+02 43 0 3 5.670e+02 5.670e+02 -17 0 2 3.595e+02 3.965e+02 344 0 4 6.283e+02 6.317e+02 32 0 2 2.396e+02 2.644e+02 230 0 2 6.719e+02 6.721e+02 1 0 4 1.931e+02 2.269e+02 313 0 1 4.295e+02 4.525e+02 213 0 3 2.159e+02 2.461e+02 280 0 2 5.297e+02 5.623e+02 303 0 4 5.851e+02 5.909e+02 54 0 4 6.707e+02 6.733e+02 25 0 3 4.276e+02 4.544e+02 249 0 1 6.045e+02 6.135e+02 83 0 1 6.495e+02 6.525e+02 27 0 1 3.899e+02 4.081e+02 169 0 3 6.035e+02 6.145e+02 102 0 3 6.497e+02 6.523e+02 25 0 4 4.040e+02 4.360e+02 296 1 2 5.040e+02 5.040e+02 -1 1 4 5.460e+02 5.460e+02 -14 1 1 6.090e+02 6.090e+02 -22 1 3 5.250e+02 5.250e+02 -4 1 2 5.856e+02 5.904e+02 44 1 3 6.090e+02 6.090e+02 -10 1 1 4.811e+02 4.849e+02 36 1 4 5.820e+02 5.940e+02 111 1 2 6.300e+02 6.300e+02 -21 1 2 5.390e+02 5.530e+02 130 1 4 6.300e+02 6.300e+02 -15 1 1 5.567e+02 5.773e+02 192 2 1 1.888e+02 1.892e+02 4 2 4 2.502e+02 2.538e+02 33 2 4 4.200e+02 4.200e+02 -0 2 4 3.773e+02 3.787e+02 12 2 4 6.214e+02 6.386e+02 160 2 4 4.098e+01 4.302e+01 19 2 3 6.505e+02 6.515e+02 9 2 3 9.869e+01 1.113e+02 117 2 3 3.931e+02 4.049e+02 110 2 2 1.647e+02 1.713e+02 61 2 2 5.822e+02 5.938e+02 108 2 3 2.730e+02 2.730e+02 -21 2 2 6.691e+02 6.749e+02 54 2 4 3.299e+02 3.421e+02 114 2 2 4.183e+02 4.217e+02 32 2 3 5.965e+01 6.635e+01 62 2 3 5.515e+02 5.825e+02 288 2 4 1.591e+02 1.769e+02 165 2 1 5.903e+02 6.277e+02 347 2 2 2.401e+02 2.639e+02 220 2 4 6.655e+02 6.785e+02 120 2 2 2.919e+02 2.961e+02 40 2 4 5.240e+02 5.680e+02 408 2 1 3.504e+02 3.636e+02 122 2 2 6.540e+02 6.900e+02 334 2 1 2.084e+01 2.116e+01 3 2 2 1.117e+02 1.403e+02 265 2 3 1.353e+02 1.587e+02 217 2 4 1.928e+02 2.272e+02 320 2 1 3.042e+02 3.258e+02 200 2 3 3.515e+02 3.625e+02 102 2 3 1.922e+01 2.278e+01 33 2 2 7.024e+01 9.776e+01 256 2 3 1.297e+02 1.643e+02 321 2 2 3.712e+02 3.848e+02 126 2 1 4.897e+01 7.703e+01 260 2 4 6.490e+01 1.031e+02 355 2 1 1.217e+02 1.723e+02 470 2 4 2.371e+01 6.029e+01 340
24589 33 0 3 4.790e+02 4.870e+02 74 0 1 5.670e+02 5.670e+02 -4 0 1 6.090e+02 6.090e+02 -19 0 2 6.720e+02 6.720e+02 -15 0 2 5.386e+02 5.534e+02 138 0 3 6.090e+02 6.090e+02 -14 0 4 6.720e+02 6.720e+02 -19 0 2 4.534e+02 4.706e+02 159 0 3 5.546e+02 5.794e+02 230 0 4 5.859e+02 5.901e+02 40 0 1 6.497e+02 6.523e+02 25 0 4 4.464e+02 4.776e+02 290 0 1 5.156e+02 5.344e+02 174 0 1 5.994e+02 6.186e+02 179 0 3 6.490e+02 6.530e+02 37 0 3 5.097e+02 5.403e+02 285 0 2 6.207e+02 6.393e+02 173 0 2 6.618e+02 6.822e+02 189 0 1 5.498e+02 5.842e+02 320 0 4 6.181e+02 6.419e+02 221 0 4 6.638e+02 6.802e+02 153 0 4 5.708e+02 6.052e+02 319 0 1 6.392e+02 6.628e+02 219 1 4 6.140e+02 6.460e+02 297 2 3 1.050e+02 1.050e+02 -14 2 3 2.100e+01 2.100e+01 -9 2 4 1.260e+02 1.260e+02 -24 2 4 3.349e+01 5.051e+01 158 2 2 8.384e+01 8.416e+01 3 2 1 5.736e+01 6.864e+01 105 2 4 7.818e+01 8.982e+01 108 2 3 5.292e+01 7.308e+01 187 2 2 3.053e+01 5.347e+01 213
24592 7 0 4 3.335e+02 3.385e+02 46 0 4 4.560e+02 4.680e+02 112 0 1 3.095e+02 3.205e+02 101 1 2 6.171e+02 6.429e+02 240 2 1 1.450e+02 1.490e+02 37 2 3 5.799e+01 6.801e+01 93 2 2 1.113e+02 1.407e+02 273
24594 11 0 3 5.234e+02 5.266e+02 30 0 2 5.027e+02 5.053e+02 24 0 4 2.327e+02 2.713e+02 358 0 3 5.578e+02 5.762e+02 170 0 1 5.120e+02 5.380e+02 240 1 3 6.090e+02 6.090e+02 -0 1 2 5.815e+02 5.945e+02 120 1 1 6.039e+02 6.141e+02 96 1 4 6.170e+02 6.430e+02 242 1 2 6.160e+02 6.440e+02 260 2 1 3.121e+02 3.179e+02 55
24595 2 0 3 2.276e+02 2.344e+02 64 1 4 5.830e+02 5.930e+02 93
24596 0
24597 13 0 2 6.689e+02 6.751e+02 58 0 1 3.967e+02 4.013e+02 42 0 4 6.668e+02 6.772e+02 97 0 3 4.307e+02 4.513e+02 191 0 4 4.386e+02 4.854e+02 436 1 2 6.123e+02 6.477e+02 329 1 4 6.101e+02 6.499e+02 369 2 2 4.045e+01 4.355e+01 29 2 2 1.214e+02 1.306e+02 86 2 4 3.789e+01 4.611e+01 76 2 3 9.537e+01 1.146e+02 179 2 3 6.748e+00 3.525e+01 265 2 4 1.096e+02 1.424e+02 304
24598 4 0 4 3.739e+02 3.821e+02 76 0 1 5.202e+02 5.298e+02 90 2 4 3.355e+02 3.365e+02 10 2 1 3.116e+00 3.888e+01 332
24599 4 2 4 3.340e+02 3.380e+02 38 2 1 2.100e+01 2.100e+01 -24 2 3 1.725e+01 2.475e+01 70 2 1 1.303e+01 2.897e+01 148
