31891 0
31892 38 0 1 3.954e+02 4.026e+02 66 0 1 5.198e+02 5.302e+02 97 0 3 3.952e+02 4.028e+02 71 0 3 5.111e+02 5.389e+02 258 0 2 6.625e+02 6.815e+02 177 0 4 4.092e+02 4.308e+02 201 0 2 6.465e+02 6.975e+02 474 1 1 6.034e+02 6.146e+02 105 1 2 6.116e+02 6.484e+02 342 2 2 3.865e+01 4.535e+01 62 2 3 3.950e+02 4.030e+02 74 2 1 1.452e+02 1.488e+02 34 2 4 4.613e+02 4.627e+02 12 2 1 2.274e+02 2.346e+02 66 2 2 6.693e+02 6.747e+02 50 2 2 2.940e+02 2.940e+02 -4 2 3 4.395e+02 4.425e+02 28 2 4 3.733e+02 3.827e+02 88 2 4 4.082e+02 4.318e+02 219 2 1 6.257e+01 6.343e+01 8 2 3 4.634e+02 5.026e+02 365 2 4 1.203e+02 1.317e+02 106 2 2 6.552e+02 6.888e+02 311 2 4 1.650e+02 1.710e+02 56 2 3 4.268e+02 4.552e+02 264 2 2 2.070e+02 2.130e+02 56 2 4 2.857e+02 3.023e+02 155 2 4 3.327e+01 5.073e+01 162 2 3 1.411e+02 1.529e+02 109 2 2 2.413e+02 2.627e+02 198 2 3 2.565e+02 2.895e+02 307 2 3 4.998e+00 3.700e+01 297 2 2 1.082e+02 1.438e+02 331 2 2 1.621e+02 1.739e+02 110 2 2 1.924e+02 2.276e+02 327 2 1 2.971e+02 3.329e+02 332 2 3 1.738e+02 2.042e+02 283 2 2 1.503e+02 1.857e+02 329
31894 18 0 1 5.625e+02 5.715e+02 83 0 1 6.042e+02 6.138e+02 90 0 1 3.495e+02 3.645e+02 140 0 3 5.587e+02 5.753e+02 155 0 3 6.047e+02 6.133e+02 80 0 4 3.613e+02 3.947e+02 310 0 4 5.778e+02 5.982e+02 190 0 2 3.201e+02 3.519e+02 296 0 2 6.574e+02 6.866e+02 270 0 4 5.694e+02 6.066e+02 346 0 4 6.564e+02 6.876e+02 290 2 2 4.022e+01 4.378e+01 33 2 4 3.260e+01 5.140e+01 175 2 1 1.240e+01 2.960e+01 160 2 3 8.185e+00 3.382e+01 238 2 1 4.879e+01 7.721e+01 264 2 3 4.709e+01 7.891e+01 296 2 4 1.819e+01 6.581e+01 442
31895 0
31896 3 0 1 4.345e+02 4.475e+02 121 0 3 4.306e+02 4.514e+02 194 0 2 4.500e+02 4.740e+02 222
31897 57 0 3 4.410e+02 4.410e+02 -16 0 4 4.595e+02 4.645e+02 47 0 1 6.090e+02 6.090e+02 -3 0 1 4.543e+01 8.057e+01 326 0 2 6.654e+02 6.786e+02 122 0 1 4.387e+02 4.433e+02 43 0 2 4.505e+02 4.735e+02 214 0 3 6.080e+02 6.100e+02 19 0 4 6.640e+02 6.800e+02 149 0 3 4.286e+02 4.534e+02 230 0 4 4.018e+02 4.382e+02 338 1 2 6.300e+02 6.300e+02 -17 1 4 5.457e+02 5.463e+02 6 1 4 6.300e+02 6.300e+02 -11 1 1 5.558e+02 5.782e+02 207 1 3 6.087e+02 6.093e+02 6 1 1 5.955e+02 6.225e+02 250 2 4 3.780e+02 3.780e+02 0 2 3 4.812e+02 4.848e+02 34 2 3 6.300e+01 6.300e+01 -14 2 1 5.243e+02 5.257e+02 13 2 3 1.459e+02 1.481e+02 20 2 4 2.452e+02 2.588e+02 126 2 3 2.730e+02 2.730e+02 -21 2 1 3.931e+02 4.049e+02 110 2 2 3.340e+02 3.380e+02 36 2 2 5.024e+02 5.056e+02 30 2 3 1.914e+01 2.286e+01 35 2 4 5.346e+02 5.574e+02 212 2 4 1.246e+02 1.274e+02 26 2 3 1.880e+02 1.900e+02 18 2 2 2.046e+02 2.154e+02 100 2 4 4.536e+02 4.704e+02 156 2 2 3.701e+02 3.859e+02 146 2 3 5.541e+02 5.799e+02 239 2 1 1.191e+01 3.009e+01 169 2 3 4.695e+02 4.965e+02 250 2 2 7.078e+01 9.722e+01 246 2 2 5.278e+02 5.642e+02 339 2 4 1.599e+02 1.761e+02 150 2 2 4.854e+02 5.226e+02 345 2 4 2.027e+02 2.173e+02 136 2 1 5.511e+02 5.829e+02 295 2 4 2.783e+02 3.097e+02 291 2 4 4.867e+02 5.213e+02 321 2 1 5.167e+01 7.433e+01 210 2 1 5.052e+02 5.448e+02 368 2 4 1.087e+02 1.433e+02 322 2 1 1.361e+02 1.579e+02 203 2 2 2.528e+01 5.872e+01 310 2 2 1.547e+02 1.813e+02 247 2 1 1.728e+02 2.052e+02 300 3 1 1.050e+02 1.050e+02 -18 3 3 1.729e+01 2.471e+01 69 3 2 3.928e+01 4.472e+01 50 3 3 1.146e+01 3.054e+01 177 3 1 5.701e+01 6.899e+01 111
31898 0
31899 3 2 4 1.260e+02 1.260e+02 -4 2 3 1.347e+02 1.593e+02 229 2 2 1.115e+02 1.405e+02 270
31901 2 0 4 6.656e+02 6.784e+02 119 0 4 6.585e+02 6.855e+02 251
31903 17 0 1 5.228e+02 5.272e+02 41 0 2 6.705e+02 6.735e+02 28 0 1 4.324e+02 4.496e+02 159 0 3 4.708e+02 4.952e+02 226 0 2 5.453e+02 5.467e+02 13 0 4 6.699e+02 6.741e+02 39 0 4 4.925e+02 5.155e+02 213 0 2 5.333e+02 5.587e+02 236 0 4 6.642e+02 6.798e+02 145 0 3 5.525e+02 5.815e+02 269 0 1 5.084e+02 5.416e+02 309 2 2 2.917e+02 2.963e+02 42 2 3 1.595e+01 2.605e+01 94 2 4 2.925e+02 2.955e+02 27 2 1 3.019e+02 3.281e+02 244 2 4 2.757e+01 5.643e+01 268 2 3 2.973e+02 3.327e+02 328
31906 14 0 1 5.655e+02 5.685e+02 27 0 4 6.679e+02 6.761e+02 76 0 3 5.623e+02 5.717e+02 88 0 4 5.759e+02 6.001e+02 225 0 3 6.393e+02 6.627e+02 217 0 2 5.360e+02 5.560e+02 186 0 2 6.213e+02 6.387e+02 162 0 2 6.643e+02 6.797e+02 142 0 1 5.518e+02 5.822e+02 282 0 4 6.203e+02 6.397e+02 180 0 1 6.395e+02 6.625e+02 213 1 4 6.263e+02 6.337e+02 69 2 3 5.611e+01 6.989e+01 128 2 4 7.276e+01 9.524e+01 209
31907 3 2 3 1.853e+02 1.927e+02 70 2 3 2.692e+02 2.768e+02 71 2 4 1.916e+02 2.284e+02 341
31909 1 2 3 8.667e+01 1.233e+02 340
31910 0
31911 17 0 3 5.246e+02 5.254e+02 8 0 4 6.673e+02 6.767e+02 88 0 4 5.031e+02 5.049e+02 16 0 2 6.665e+02 6.775e+02 102 0 3 5.062e+02 5.438e+02 350 0 1 6.365e+02 6.655e+02 270 0 3 6.367e+02 6.653e+02 266 0 4 6.575e+02 6.865e+02 269 1 3 6.055e+02 6.125e+02 65 1 1 6.036e+02 6.144e+02 100 1 2 6.175e+02 6.425e+02 232 1 2 5.692e+02 6.068e+02 349 1 4 6.120e+02 6.480e+02 335 2 3 2.709e+00 3.929e+01 340 3 2 4.136e+02 4.264e+02 120 3 2 4.905e+02 5.175e+02 250 3 2 4.452e+02 4.788e+02 312
31912 31 0 2 6.673e+02 6.767e+02 86 0 4 6.687e+02 6.753e+02 61 0 4 6.223e+02 6.377e+02 144 0 1 6.349e+02 6.671e+02 299 0 3 5.956e+02 6.224e+02 250 0 3 6.344e+02 6.676e+02 309 1 2 6.181e+02 6.419e+02 221 1 4 6.118e+02 6.482e+02 339 1 1 5.072e+02 5.428e+02 331 2 2 4.187e+02 4.213e+02 24 2 3 3.125e+02 3.175e+02 46 2 4 3.738e+02 3.822e+02 78 2 4 4.180e+02 4.220e+02 38 2 1 1.720e+01 2.480e+01 70 2 2 3.651e+02 3.909e+02 240 2 1 3.970e+02 4.010e+02 38 2 3 8.137e+00 3.386e+01 239 2 4 5.756e+02 6.004e+02 230 2 3 3.879e+02 4.101e+02 206 2 4 4.061e+02 4.339e+02 259 2 1 4.219e+02 4.601e+02 356 2 3 4.215e+02 4.605e+02 363 2 1 3.800e+02 4.180e+02 353 3 3 1.559e+01 2.641e+01 100 3 2 6.249e+02 6.351e+02 94 3 1 4.302e+02 4.518e+02 200 3 2 2.856e+01 5.544e+01 250 3 3 4.282e+02 4.538e+02 237 3 2 4.526e+02 4.714e+02 175 3 1 2.978e+00 3.902e+01 335 3 4 4.495e+02 4.745e+02 232
31914 13 0 4 6.718e+02 6.722e+02 4 0 2 6.708e+02 6.732e+02 22 0 1 4.791e+02 4.869e+02 72 0 2 6.564e+02 6.876e+02 289 0 2 4.984e+02 5.096e+02 104 0 4 6.608e+02 6.832e+02 207 0 1 6.324e+02 6.696e+02 346 2 2 4.076e+01 4.324e+01 23 2 3 5.661e+02 5.679e+02 17 2 4 3.775e+01 4.625e+01 79 2 4 5.371e+02 5.549e+02 166 2 2 5.851e+02 5.909e+02 53 2 1 5.964e+02 6.216e+02 235
31915 2 2 1 1.545e+00 4.046e+01 361 2 3 3.473e+00 3.853e+01 326
31917 0
31918 16 0 1 6.035e+02 6.145e+02 103 0 3 6.004e+02 6.176e+02 159 0 2 6.540e+02 6.900e+02 334 0 4 6.217e+02 6.383e+02 154 0 2 6.162e+02 6.438e+02 257 2 1 1.747e+01 2.453e+01 66 2 4 1.238e+02 1.282e+02 40 2 3 1.859e+02 1.921e+02 58 2 4 3.711e+02 3.849e+02 128 2 3 1.039e+01 3.161e+01 197 2 1 1.753e+02 2.027e+02 254 2 2 1.995e+02 2.205e+02 196 2 3 1.294e+02 1.646e+02 326 2 4 1.962e+02 2.238e+02 256 2 3 3.396e+02 3.744e+02 323 2 4 1.488e+02 1.872e+02 357
31919 11 0 2 6.605e+02 6.835e+02 213 2 3 4.818e+02 4.842e+02 22 2 4 4.081e+01 4.319e+01 22 2 4 4.549e+02 4.691e+02 131 2 4 3.700e+02 3.860e+02 148 2 1 5.997e+01 6.603e+01 56 2 2 7.029e+01 9.771e+01 255 2 2 4.919e+02 5.161e+02 224 2 3 6.257e+01 6.343e+01 8 2 4 6.616e+01 1.018e+02 331 2 2 3.273e+01 5.127e+01 172
31922 15 0 4 4.611e+02 4.629e+02 16 0 1 4.788e+02 4.872e+02 77 0 2 6.720e+02 6.720e+02 -19 0 2 4.586e+02 4.654e+02 63 0 3 4.218e+02 4.602e+02 356 1 2 6.245e+02 6.355e+02 101 1 4 6.292e+02 6.308e+02 15 1 3 5.912e+02 6.268e+02 331 2 2 4.139e+01 4.261e+01 11 2 3 2.725e+02 2.735e+02 10 2 1 5.893e+01 6.707e+01 76 2 2 8.182e+01 8.618e+01 40 2 3 1.376e+02 1.564e+02 175 2 3 4.471e+01 8.129e+01 340 2 3 2.309e+00 3.969e+01 347
31923 9 2 4 1.236e+02 1.284e+02 45 2 3 1.437e+02 1.503e+02 61 2 3 1.019e+02 1.081e+02 58 2 1 1.415e+02 1.525e+02 102 2 2 1.130e+02 1.390e+02 241 2 2 1.519e+02 1.841e+02 300 2 4 1.126e+02 1.394e+02 250 2 4 6.495e+01 1.031e+02 354 2 4 1.053e+02 1.467e+02 384
31924 15 0 2 3.348e+02 3.372e+02 23 0 4 3.749e+01 4.651e+01 84 0 1 5.826e+01 6.774e+01 88 0 4 4.088e+02 4.312e+02 209 0 2 6.813e+01 9.987e+01 295 0 1 3.869e+02 4.111e+02 226 0 2 3.170e+02 3.550e+02 353 0 3 6.300e+01 6.300e+01 -10 0 3 3.875e+02 4.105e+02 213 0 4 2.766e+01 5.634e+01 266 1 3 3.147e+02 3.153e+02 6 1 1 3.044e+02 3.256e+02 196 1 2 2.812e+02 3.068e+02 237 1 4 3.186e+02 3.534e+02 324 2 1 1.384e+01 2.816e+01 133
31925 8 0 3 5.056e+02 5.444e+02 360 2 4 8.240e+01 8.560e+01 30 2 4 1.662e+02 1.698e+02 33 2 3 3.110e+02 3.190e+02 75 2 2 3.204e+02 3.516e+02 289 2 3 6.838e+00 3.516e+01 263 2 4 6.822e+01 9.978e+01 293 2 4 3.177e+02 3.543e+02 340
31926 4 2 2 3.342e+02 3.378e+02 33 2 1 3.542e+02 3.598e+02 52 2 3 2.998e+02 3.302e+02 283 2 4 3.270e+02 3.450e+02 168
31927 13 0 1 5.670e+02 5.670e+02 -4 0 3 5.638e+02 5.702e+02 59 0 2 6.642e+02 6.798e+02 145 0 4 5.792e+02 5.968e+02 163 0 4 6.632e+02 6.808e+02 163 0 1 5.932e+02 6.248e+02 293 0 3 6.357e+02 6.663e+02 285 2 4 2.867e+02 3.013e+02 136 3 2 5.777e+02 5.983e+02 192 3 3 4.235e+02 4.585e+02 325 3 1 5.961e+02 6.219e+02 239 3 4 5.795e+02 5.965e+02 157 3 3 5.982e+02 6.198e+02 200
31928 2 1 4 6.133e+02 6.467e+02 310 2 1 7.421e+00 3.458e+01 252
31929 47 0 2 6.274e+02 6.326e+02 49 0 3 6.506e+02 6.514e+02 8 0 4 6.286e+02 6.314e+02 26 0 2 6.690e+02 6.750e+02 56 0 2 6.108e+02 6.492e+02 357 0 4 6.673e+02 6.767e+02 87 0 1 6.497e+02 6.523e+02 25 0 1 6.374e+02 6.646e+02 253 0 3 6.317e+02 6.703e+02 358 0 2 6.517e+02 6.923e+02 377 0 4 6.486e+02 6.954e+02 435 1 3 5.199e+02 5.301e+02 94 1 1 4.810e+02 4.850e+02 38 1 4 2.806e+02 3.074e+02 249 1 4 5.297e+02 5.623e+02 302 1 3 2.553e+02 2.907e+02 328 1 2 6.153e+02 6.447e+02 272 1 2 4.994e+02 5.086e+02 86 1 4 6.098e+02 6.502e+02 376 1 1 4.648e+02 5.012e+02 337 2 4 1.673e+02 1.687e+02 14 2 1 2.702e+02 2.758e+02 52 2 3 3.944e+02 4.036e+02 85 2 1 6.001e+01 6.599e+01 56 2 4 5.007e+02 5.073e+02 62 2 3 9.546e+01 1.145e+02 177 2 2 4.152e+02 4.248e+02 90 2 3 2.209e+02 2.411e+02 187 2 4 4.556e+02 4.684e+02 120 2 3 2.726e+02 2.734e+02 8 2 1 4.217e+02 4.603e+02 359 2 3 1.860e+01 2.340e+01 45 2 4 4.845e+02 5.235e+02 361 2 2 1.206e+02 1.314e+02 100 2 3 3.807e+02 4.173e+02 340 2 1 1.743e+02 2.037e+02 274 2 2 2.482e+02 2.558e+02 70 2 2 2.879e+02 3.001e+02 114 2 4 3.620e+02 3.940e+02 298 2 4 3.506e+01 4.894e+01 129 2 4 1.112e+02 1.408e+02 276 2 4 2.428e+02 2.612e+02 170 2 1 2.588e+02 2.872e+02 265 2 3 5.171e+01 7.429e+01 210 2 4 2.355e+02 2.685e+02 306 2 1 1.411e+01 2.789e+01 128 2 2 3.044e+01 5.356e+01 215
31930 78 0 2 1.680e+02 1.680e+02 -9 0 4 4.188e+01 4.212e+01 2 0 3 1.698e+01 2.502e+01 75 0 1 1.393e+02 1.547e+02 142 0 1 6.506e+02 6.514e+02 7 0 2 2.796e+02 3.084e+02 267 0 2 5.012e+02 5.068e+02 52 0 1 6.209e+00 3.579e+01 275 0 3 1.742e+02 2.038e+02 276 0 3 6.456e+02 6.564e+02 100 0 4 5.011e+02 5.069e+02 54 0 1 5.670e+02 5.670e+02 -4 0 4 6.641e+02 6.799e+02 147 0 2 4.616e+02 4.624e+02 7 0 4 6.260e+02 6.340e+02 75 0 1 6.353e+02 6.667e+02 291 0 4 4.941e+02 5.139e+02 183 0 1 5.182e+02 5.318e+02 127 0 3 6.056e+02 6.124e+02 63 0 3 5.202e+02 5.298e+02 90 0 4 6.153e+02 6.447e+02 273 0 2 5.381e+02 5.539e+02 146 0 1 5.052e+02 5.448e+02 367 0 2 5.279e+02 5.641e+02 336 1 3 5.653e+02 5.687e+02 31 1 1 4.830e+02 4.830e+02 -0 1 2 5.846e+02 5.914e+02 64 1 2 6.300e+02 6.300e+02 -22 1 2 5.014e+02 5.066e+02 48 1 4 5.880e+02 5.880e+02 0 1 3 2.503e+02 2.957e+02 421 1 4 6.300e+02 6.300e+02 -21 1 2 4.897e+02 5.183e+02 266 1 2 5.430e+02 5.490e+02 56 1 1 6.088e+02 6.092e+02 3 1 1 5.091e+02 5.409e+02 295 1 1 5.529e+02 5.811e+02 262 1 3 5.495e+02 5.845e+02 325 2 3 1.050e+02 1.050e+02 -7 2 3 5.206e+02 5.294e+02 82 2 4 4.193e+02 4.207e+02 13 2 4 3.360e+02 3.360e+02 -24 2 4 4.969e+02 5.111e+02 131 2 3 4.314e+02 4.506e+02 178 2 2 1.260e+02 1.260e+02 -15 2 2 4.073e+02 4.327e+02 236 2 4 2.502e+02 2.538e+02 34 2 1 2.653e+02 2.807e+02 143 2 3 3.547e+02 3.593e+02 42 2 2 3.614e+01 4.786e+01 109 2 4 1.260e+02 1.260e+02 -21 2 1 1.886e+02 1.894e+02 7 2 2 2.428e+02 2.612e+02 170 2 3 3.028e+02 3.272e+02 227 2 2 3.289e+02 3.431e+02 131 2 3 1.388e+01 2.812e+01 132 2 4 8.043e+01 8.757e+01 66 2 1 1.455e+02 1.485e+02 27 2 1 2.132e+02 2.488e+02 330 2 3 2.590e+02 2.870e+02 260 2 1 3.491e+02 3.649e+02 147 2 3 5.122e+01 7.478e+01 219 2 2 7.397e+01 9.403e+01 186 2 3 1.470e+02 1.470e+02 -20 2 3 3.462e+02 3.678e+02 201 2 1 7.737e+00 3.426e+01 246 2 3 1.347e+02 1.593e+02 229 2 2 3.626e+02 3.934e+02 286 2 4 2.555e+01 5.845e+01 306 2 4 1.586e+02 1.774e+02 175 2 1 1.745e+02 2.035e+02 270 3 2 4.620e+02 4.620e+02 -21 3 3 4.384e+02 4.436e+02 49 3 1 4.753e+02 4.907e+02 142 3 2 8.142e+01 8.658e+01 48 3 4 4.098e+02 4.302e+02 190 3 1 8.770e+01 1.223e+02 321 3 1 6.289e+02 6.731e+02 410
31931 3 0 2 6.165e+02 6.435e+02 251 0 1 6.376e+02 6.644e+02 249 2 3 1.065e+01 3.135e+01 192
31932 18 0 3 1.890e+02 1.890e+02 -0 0 4 1.969e+02 2.231e+02 244 2 2 1.671e+02 1.689e+02 17 2 4 3.623e+01 4.777e+01 107 2 2 1.235e+02 1.284e+02 46 2 1 1.887e+02 1.893e+02 5 2 3 1.429e+01 2.771e+01 125 2 4 1.233e+02 1.287e+02 50 2 3 1.404e+02 1.536e+02 122 2 2 2.214e+01 6.186e+01 369 2 3 8.725e+01 1.228e+02 330 2 1 1.347e+02 1.593e+02 228 2 4 1.072e+02 1.448e+02 349 3 2 4.173e+02 4.227e+02 50 3 3 3.548e+02 3.592e+02 41 3 4 4.197e+02 4.203e+02 5 3 1 3.831e+02 4.149e+02 295 3 1 4.338e+02 4.482e+02 134
31933 5 0 3 5.936e+02 6.244e+02 286 1 4 5.843e+02 5.917e+02 69 1 1 6.054e+02 6.126e+02 66 1 2 5.809e+02 5.951e+02 131 1 3 5.940e+02 6.240e+02 279
31934 56 0 2 3.333e+02 3.387e+02 50 0 4 4.200e+02 4.200e+02 -21 0 2 6.713e+02 6.727e+02 12 0 4 3.212e+02 3.508e+02 275 0 3 4.410e+02 4.410e+02 -24 0 1 5.205e+02 5.295e+02 84 0 3 6.059e+02 6.121e+02 58 0 1 6.438e+02 6.582e+02 134 0 1 3.989e+02 3.991e+02 2 0 4 5.749e+02 6.011e+02 243 0 3 6.433e+02 6.587e+02 143 0 3 3.878e+02 4.102e+02 209 0 4 6.639e+02 6.801e+02 150 0 1 6.341e+02 6.679e+02 313 0 2 6.557e+02 6.883e+02 302 0 4 6.520e+02 6.920e+02 371 1 4 4.200e+02 4.200e+02 -17 1 1 6.090e+02 6.090e+02 -24 1 2 5.357e+02 5.563e+02 190 1 4 4.057e+02 4.343e+02 266 1 2 6.258e+02 6.342e+02 77 1 3 5.086e+02 5.415e+02 306 1 1 5.572e+02 5.768e+02 182 1 4 6.293e+02 6.307e+02 12 1 3 5.992e+02 6.188e+02 181 1 4 6.193e+02 6.407e+02 199 1 3 5.919e+02 6.261e+02 317 2 2 8.400e+01 8.400e+01 -20 2 3 5.250e+02 5.250e+02 -17 2 2 6.267e+02 6.333e+02 62 2 4 2.924e+02 2.956e+02 30 2 3 3.540e+02 3.600e+02 56 2 4 5.038e+02 5.042e+02 3 2 4 6.255e+02 6.345e+02 83 2 4 3.295e+02 3.425e+02 120 2 4 4.938e+02 5.142e+02 189 2 1 5.979e+01 6.621e+01 60 2 3 5.650e+02 5.690e+02 37 2 2 5.855e+02 5.905e+02 46 2 1 5.606e+02 5.734e+02 120 2 4 2.353e+02 2.687e+02 310 2 2 5.732e+02 6.028e+02 275 2 3 6.300e+01 6.300e+01 -14 2 4 5.329e+02 5.591e+02 243 2 1 1.460e+02 1.480e+02 18 2 2 1.877e+02 2.323e+02 415 2 4 1.260e+02 1.260e+02 -16 2 2 1.604e+02 1.756e+02 140 2 2 7.621e+01 9.179e+01 145 2 1 1.372e+02 1.568e+02 182 2 4 7.769e+01 9.031e+01 117 2 3 1.697e+02 2.083e+02 359 2 4 6.710e+01 1.009e+02 314 2 3 8.855e+01 1.215e+02 306 3 4 8.043e+01 8.757e+01 66 3 4 7.370e+01 9.430e+01 191
31935 4 0 3 5.647e+02 5.693e+02 42 0 4 5.800e+02 5.960e+02 148 0 2 5.281e+02 5.639e+02 333 0 1 5.480e+02 5.860e+02 352
31936 5 0 1 3.880e+02 4.100e+02 204 0 3 3.903e+02 4.077e+02 162 0 2 3.548e+02 4.012e+02 430 0 4 4.065e+02 4.335e+02 251 1 2 2.921e+02 2.959e+02 36
31937 34 0 3 4.410e+02 4.410e+02 -9 0 2 4.620e+02 4.620e+02 -19 0 4 6.223e+02 6.377e+02 144 0 1 3.488e+02 3.652e+02 152 0 3 6.507e+02 6.513e+02 6 0 4 3.668e+02 3.892e+02 207 0 1 4.830e+02 4.830e+02 -20 0 3 5.996e+02 6.184e+02 175 0 2 3.225e+02 3.495e+02 251 0 2 6.715e+02 6.725e+02 10 0 4 5.007e+02 5.073e+02 62 0 3 5.075e+02 5.425e+02 326 0 4 5.752e+02 6.008e+02 237 0 4 6.717e+02 6.723e+02 6 0 4 4.577e+02 4.663e+02 80 0 1 5.514e+02 5.826e+02 290 0 2 6.129e+02 6.471e+02 317 0 1 6.486e+02 6.534e+02 44 0 2 4.960e+02 5.120e+02 148 0 4 6.081e+02 6.519e+02 407 0 3 6.348e+02 6.672e+02 301 0 3 4.656e+02 5.004e+02 324 0 1 5.822e+02 6.358e+02 497 0 3 6.244e+02 6.776e+02 495 0 4 4.780e+02 5.300e+02 482 1 4 5.880e+02 5.880e+02 -6 1 4 5.443e+02 5.477e+02 32 1 3 9.165e+01 1.184e+02 248 2 3 6.266e+01 6.334e+01 6 2 1 5.543e+01 7.057e+01 140 2 2 7.195e+01 9.605e+01 224 2 4 2.528e+01 5.872e+01 310 3 4 1.252e+02 1.268e+02 16 3 4 1.149e+02 1.371e+02 206
