58314 9 0 4 5.006e+02 5.074e+02 64 2 2 4.586e+02 4.654e+02 64 2 4 3.403e+01 4.997e+01 148 2 1 4.731e+02 4.929e+02 184 2 3 5.355e+01 7.245e+01 176 2 3 4.255e+02 4.565e+02 288 2 1 1.155e+01 3.045e+01 176 2 4 4.494e+02 4.746e+02 234 2 2 2.999e+01 5.401e+01 223
58315 0
58316 5 0 3 6.465e+02 6.555e+02 84 0 4 6.142e+02 6.458e+02 293 1 1 6.058e+02 6.122e+02 59 2 4 3.901e+01 4.499e+01 56 2 1 1.563e+01 2.637e+01 100
58317 6 0 4 6.283e+02 6.317e+02 32 0 2 6.706e+02 6.734e+02 26 0 4 6.185e+02 6.415e+02 214 0 4 6.697e+02 6.743e+02 42 0 3 6.331e+02 6.689e+02 333 1 3 5.161e+02 5.339e+02 165
58318 5 2 2 6.605e+02 6.835e+02 214 2 4 6.590e+02 6.850e+02 240 3 4 5.835e+02 5.925e+02 84 3 2 6.654e+02 6.786e+02 123 3 4 6.665e+02 6.775e+02 103
58319 1 2 1 4.246e+02 4.574e+02 305
58320 57 0 1 6.484e+02 6.536e+02 48 0 2 3.327e+02 3.393e+02 60 0 3 4.782e+02 4.878e+02 90 0 4 3.342e+02 3.378e+02 34 0 4 5.840e+02 5.920e+02 75 0 1 4.379e+02 4.441e+02 57 0 2 5.390e+02 5.530e+02 130 0 1 2.952e+02 3.348e+02 368 0 2 6.222e+02 6.378e+02 145 0 3 6.445e+02 6.575e+02 121 0 1 3.921e+02 4.059e+02 129 0 3 4.630e+02 5.030e+02 371 0 1 5.532e+02 5.808e+02 256 0 1 6.028e+02 6.152e+02 115 0 2 6.590e+02 6.850e+02 240 0 3 5.541e+02 5.799e+02 240 0 3 5.940e+02 6.240e+02 278 0 4 6.120e+02 6.480e+02 334 0 4 5.689e+02 6.071e+02 356 1 4 4.195e+02 4.205e+02 9 1 1 5.659e+02 5.681e+02 21 1 1 6.076e+02 6.104e+02 26 1 1 5.566e+02 5.774e+02 193 1 3 6.087e+02 6.093e+02 5 1 1 5.088e+02 5.412e+02 300 1 2 5.745e+02 6.015e+02 251 1 2 6.267e+02 6.333e+02 62 1 4 6.291e+02 6.309e+02 16 1 4 6.111e+02 6.489e+02 351 2 2 4.072e+01 4.328e+01 24 2 4 1.647e+02 1.713e+02 60 2 2 5.447e+02 5.473e+02 25 2 2 2.936e+02 2.944e+02 8 2 1 3.952e+02 4.028e+02 70 2 4 3.312e+02 3.408e+02 90 2 1 5.750e+01 6.850e+01 102 2 4 4.919e+02 5.161e+02 224 2 2 1.607e+02 1.753e+02 136 2 1 2.208e+02 2.412e+02 190 2 4 2.916e+02 2.964e+02 45 2 2 3.222e+02 3.498e+02 256 2 3 5.732e+01 6.868e+01 106 2 1 1.782e+02 1.998e+02 200 2 4 2.356e+02 2.684e+02 304 2 1 3.133e+02 3.167e+02 31 2 2 3.610e+02 3.950e+02 316 2 4 3.421e+01 4.979e+01 145 2 3 1.709e+02 2.071e+02 336 2 3 3.115e+02 3.185e+02 65 2 4 3.174e+02 3.546e+02 346 2 3 3.877e+00 3.812e+01 318 2 3 2.643e+02 2.817e+02 162 2 2 2.551e+01 5.849e+01 306 2 1 2.995e+02 3.305e+02 287 3 3 5.633e+02 5.707e+02 68 3 3 6.074e+02 6.106e+02 30 3 3 7.017e+00 3.498e+01 260
58321 0
58322 44 0 3 3.985e+02 3.995e+02 10 0 4 4.605e+02 4.635e+02 27 0 4 6.266e+02 6.334e+02 64 0 2 3.664e+02 3.896e+02 215 0 2 6.709e+02 6.731e+02 20 0 1 4.375e+02 4.445e+02 65 0 3 4.817e+02 4.843e+02 25 0 2 6.166e+02 6.434e+02 249 0 4 6.709e+02 6.731e+02 20 0 4 4.083e+02 4.317e+02 217 0 4 5.023e+02 5.057e+02 32 0 1 6.448e+02 6.572e+02 116 0 3 4.292e+02 4.528e+02 220 0 1 4.791e+02 4.869e+02 72 0 3 6.471e+02 6.549e+02 72 0 1 3.843e+02 4.137e+02 272 0 2 4.961e+02 5.119e+02 146 0 2 4.510e+02 4.730e+02 204 0 3 4.697e+02 4.963e+02 246 0 4 4.428e+02 4.812e+02 357 1 2 6.300e+02 6.300e+02 -5 1 1 5.613e+02 5.727e+02 106 1 4 6.256e+02 6.344e+02 82 1 2 5.805e+02 5.955e+02 140 1 1 6.041e+02 6.139e+02 90 1 1 5.507e+02 5.833e+02 303 1 2 6.163e+02 6.437e+02 254 1 1 5.914e+02 6.266e+02 327 2 4 1.234e+02 1.286e+02 49 2 1 4.399e+02 4.421e+02 20 2 1 1.470e+02 1.470e+02 -10 2 3 4.370e+02 4.450e+02 74 2 3 3.074e+02 3.226e+02 140 2 4 5.303e+02 5.617e+02 292 2 2 8.146e+01 8.654e+01 47 2 4 4.090e+02 4.310e+02 204 2 3 1.470e+02 1.470e+02 -2 2 2 4.008e+02 4.392e+02 356 2 2 2.819e+02 3.061e+02 225 2 2 1.193e+02 1.327e+02 124 2 2 1.669e+02 1.691e+02 21 2 4 1.147e+02 1.373e+02 210 2 1 1.721e+02 2.059e+02 313 2 3 8.909e+01 1.209e+02 296
58323 4 2 3 1.853e+02 1.927e+02 68 2 4 1.589e+02 1.771e+02 169 2 1 1.820e+02 1.960e+02 130 2 2 1.921e+02 2.279e+02 332
58324 5 0 2 2.033e+02 2.167e+02 125 0 2 4.982e+02 5.098e+02 108 0 3 1.783e+02 1.997e+02 198 0 1 5.108e+02 5.392e+02 263 0 4 2.011e+02 2.189e+02 165
58325 9 0 3 2.308e+02 2.312e+02 3 0 1 3.146e+02 3.154e+02 8 0 4 2.487e+02 2.553e+02 62 0 3 2.182e+02 2.438e+02 237 0 1 2.980e+02 3.320e+02 316 1 2 6.248e+02 6.352e+02 96 1 1 5.949e+02 6.231e+02 261 2 2 4.112e+02 4.288e+02 164 2 4 2.766e+02 3.114e+02 323
58326 3 1 1 3.560e+02 3.580e+02 18 2 2 3.035e+01 5.365e+01 216 3 1 5.862e+01 6.738e+01 81
58327 10 0 3 6.457e+02 6.563e+02 99 0 2 6.178e+02 6.422e+02 226 0 1 6.421e+02 6.599e+02 165 0 4 6.127e+02 6.473e+02 322 0 2 6.578e+02 6.862e+02 263 0 4 6.569e+02 6.871e+02 280 2 3 1.595e+01 2.605e+01 94 2 2 3.206e+01 5.194e+01 185 2 1 6.253e+00 3.575e+01 274 2 4 2.425e+01 5.975e+01 330
58328 6 2 4 1.668e+02 1.692e+02 22 2 1 3.139e+02 3.161e+02 20 2 1 1.426e+02 1.514e+02 81 2 2 1.568e+02 1.792e+02 207 2 2 1.088e+02 1.432e+02 319 2 3 1.794e+02 1.986e+02 178
58329 3 0 2 5.419e+02 5.501e+02 76 0 3 5.532e+02 5.808e+02 257 0 1 5.492e+02 5.848e+02 331
58330 1 0 4 2.296e+02 2.744e+02 416
58331 4 0 2 6.627e+02 6.813e+02 173 0 4 6.598e+02 6.842e+02 226 0 3 5.476e+02 5.864e+02 360 1 3 4.361e+02 4.459e+02 90
58332 3 0 4 3.616e+02 3.944e+02 304 3 1 2.730e+02 2.730e+02 -12 3 2 2.365e+02 2.675e+02 288
58333 0
58334 6 0 4 6.645e+02 6.795e+02 140 2 2 8.106e+01 8.694e+01 55 2 3 1.036e+02 1.064e+02 26 2 4 2.387e+02 2.653e+02 247 2 3 9.299e+01 1.170e+02 223 2 2 6.701e+01 1.010e+02 316
58335 9 1 2 5.442e+02 5.478e+02 34 1 3 6.039e+02 6.141e+02 96 1 4 4.041e+02 4.359e+02 296 1 4 5.454e+02 5.466e+02 10 1 1 5.077e+02 5.423e+02 322 1 2 5.769e+02 5.991e+02 206 1 3 5.110e+02 5.390e+02 260 1 4 5.744e+02 6.016e+02 253 2 4 4.190e+02 4.210e+02 19
58336 12 2 1 2.275e+02 2.345e+02 66 2 3 2.698e+02 2.762e+02 59 2 1 2.200e+02 2.420e+02 204 2 4 2.920e+02 2.960e+02 36 2 1 2.144e+02 2.476e+02 309 2 1 2.681e+02 2.779e+02 90 2 2 2.813e+02 3.067e+02 236 3 3 4.410e+02 4.410e+02 -13 3 1 4.386e+02 4.434e+02 45 3 4 4.442e+02 4.798e+02 330 3 2 4.028e+02 4.372e+02 320 3 1 4.243e+02 4.577e+02 310
58337 5 2 3 4.351e+02 4.469e+02 109 2 3 3.840e+02 4.140e+02 279 2 4 4.083e+02 4.317e+02 218 2 3 4.257e+02 4.563e+02 285 3 1 4.808e+02 4.852e+02 41
58338 8 0 1 5.441e+02 5.899e+02 426 0 4 3.111e+02 3.609e+02 462 0 4 6.045e+02 6.555e+02 474 0 1 4.589e+02 5.071e+02 448 0 1 5.024e+02 5.476e+02 420 0 4 5.650e+02 6.110e+02 426 0 1 5.839e+02 6.341e+02 466 0 3 5.829e+02 6.351e+02 484
58339 67 0 4 6.270e+02 6.330e+02 56 0 1 3.140e+02 3.160e+02 18 0 2 6.706e+02 6.734e+02 26 0 2 3.302e+02 3.418e+02 108 0 4 5.009e+02 5.071e+02 57 0 2 8.177e+01 8.623e+01 41 0 3 5.660e+02 5.680e+02 19 0 3 1.883e+02 1.897e+02 12 0 4 5.827e+02 5.933e+02 99 0 4 2.045e+02 2.155e+02 101 0 4 6.709e+02 6.731e+02 20 0 4 3.348e+02 3.372e+02 22 0 3 3.895e+02 4.085e+02 176 0 2 1.555e+02 1.805e+02 232 0 2 4.554e+02 4.686e+02 122 0 4 1.979e+02 2.221e+02 224 0 3 5.240e+02 5.260e+02 18 0 2 3.723e+02 3.837e+02 106 0 1 6.510e+02 6.510e+02 -0 0 1 1.734e+02 2.046e+02 290 0 4 4.594e+02 4.646e+02 48 0 4 3.632e+02 3.928e+02 276 0 1 5.576e+02 5.764e+02 174 0 3 6.376e+02 6.644e+02 248 0 1 4.800e+02 4.860e+02 56 0 1 5.156e+02 5.344e+02 175 0 4 6.540e+02 6.900e+02 335 0 3 4.738e+02 4.922e+02 170 0 2 4.933e+02 5.147e+02 199 0 4 4.868e+02 5.212e+02 320 1 3 5.646e+02 5.694e+02 45 1 3 6.084e+02 6.096e+02 11 1 4 5.451e+02 5.469e+02 17 1 2 6.284e+02 6.316e+02 30 1 4 4.962e+02 5.118e+02 146 1 4 5.777e+02 5.983e+02 190 1 4 6.300e+02 6.300e+02 0 1 3 4.672e+02 4.988e+02 294 1 2 5.334e+02 5.586e+02 234 1 1 6.088e+02 6.092e+02 4 1 2 5.707e+02 6.053e+02 320 2 1 2.724e+02 2.736e+02 10 2 3 1.770e+01 2.430e+01 61 2 4 5.035e+02 5.045e+02 9 2 2 1.238e+02 1.282e+02 40 2 4 1.664e+02 1.696e+02 30 2 2 4.989e+02 5.091e+02 95 2 3 2.244e+02 2.376e+02 123 2 3 5.107e+02 5.393e+02 266 2 2 4.090e+01 4.310e+01 20 2 4 5.780e+02 5.980e+02 186 2 4 1.222e+02 1.298e+02 70 2 1 1.837e+02 1.943e+02 99 2 4 4.087e+02 4.313e+02 210 2 2 2.435e+02 2.605e+02 158 2 3 5.540e+02 5.800e+02 242 2 3 2.656e+02 2.804e+02 138 2 1 5.898e+01 6.702e+01 75 2 3 8.725e+01 1.228e+02 330 2 2 1.526e+02 1.834e+02 286 2 4 2.455e+02 2.585e+02 121 2 1 9.305e+00 3.269e+01 217 2 4 1.583e+02 1.777e+02 180 2 4 1.922e+02 2.278e+02 330 2 3 1.760e+02 2.020e+02 241 3 4 2.963e+01 5.437e+01 230 3 3 8.228e+00 3.377e+01 237
58340 12 0 4 6.294e+02 6.306e+02 11 0 4 4.996e+02 5.084e+02 81 0 4 6.532e+02 6.908e+02 350 2 2 3.359e+02 3.361e+02 2 2 4 3.280e+02 3.440e+02 148 2 1 1.182e+01 3.018e+01 170 2 3 3.433e+02 3.707e+02 255 2 2 2.497e+01 5.903e+01 316 3 3 5.239e+02 5.261e+02 21 3 1 4.348e+02 4.472e+02 116 3 2 5.410e+02 5.510e+02 93 3 4 4.143e+02 4.257e+02 106
58341 9 0 1 5.624e+02 5.716e+02 86 0 3 3.975e+02 4.005e+02 28 2 3 1.050e+02 1.050e+02 -16 2 4 1.678e+02 1.682e+02 4 2 4 8.400e+01 8.400e+01 -2 2 3 1.446e+02 1.494e+02 44 2 4 2.851e+02 3.029e+02 166 2 3 1.351e+02 1.589e+02 220 2 3 8.599e+01 1.240e+02 353
58342 0
58343 14 0 3 5.947e+01 6.653e+01 66 0 1 4.788e+02 4.872e+02 78 0 4 8.321e+01 8.479e+01 15 0 1 6.039e+02 6.141e+02 94 0 3 4.791e+02 4.869e+02 72 0 3 5.999e+02 6.181e+02 169 0 2 6.577e+02 6.863e+02 266 0 4 4.967e+02 5.113e+02 136 0 4 6.203e+02 6.397e+02 180 0 2 4.451e+02 4.789e+02 315 0 2 6.159e+02 6.441e+02 262 0 4 6.102e+02 6.498e+02 368 1 1 3.139e+02 3.161e+02 20 2 4 2.007e+02 2.193e+02 172
58344 14 0 4 1.656e+02 1.704e+02 46 0 4 4.610e+02 4.630e+02 18 0 3 5.250e+02 5.250e+02 -6 0 1 9.272e+01 1.173e+02 228 0 2 6.678e+02 6.762e+02 78 0 4 1.545e+02 1.815e+02 250 0 4 6.647e+02 6.793e+02 136 0 2 1.115e+02 1.405e+02 269 0 1 6.450e+02 6.570e+02 111 0 4 1.937e+02 2.263e+02 302 1 3 1.839e+02 1.941e+02 94 1 4 2.010e+02 2.190e+02 168 1 1 1.808e+02 1.972e+02 153 1 2 1.966e+02 2.234e+02 249
58345 23 0 1 6.484e+02 6.536e+02 49 0 3 3.981e+02 3.999e+02 16 0 4 3.722e+02 3.838e+02 107 0 3 6.477e+02 6.543e+02 62 0 1 3.509e+02 3.631e+02 114 0 2 6.205e+02 6.395e+02 176 0 2 6.700e+02 6.740e+02 36 0 2 3.585e+02 3.975e+02 361 0 4 4.129e+02 4.271e+02 132 0 4 6.192e+02 6.408e+02 201 0 4 6.717e+02 6.723e+02 5 0 2 6.566e+02 6.874e+02 286 0 4 6.553e+02 6.887e+02 310 1 1 6.077e+02 6.103e+02 24 1 2 6.153e+02 6.447e+02 272 2 2 1.238e+02 1.282e+02 41 2 3 1.869e+02 1.911e+02 40 2 4 7.702e+01 9.098e+01 130 2 1 1.465e+02 1.475e+02 9 2 2 1.970e+02 2.230e+02 241 2 3 4.202e+01 8.398e+01 390 2 3 9.281e+01 1.172e+02 226 2 4 1.485e+02 1.875e+02 361
58346 31 0 1 6.084e+02 6.096e+02 10 0 3 6.510e+02 6.510e+02 -2 0 2 5.030e+02 5.050e+02 18 0 3 5.223e+02 5.277e+02 50 0 3 6.069e+02 6.111e+02 40 0 2 6.710e+02 6.730e+02 18 0 4 5.009e+02 5.071e+02 58 0 1 5.573e+02 5.767e+02 180 0 2 6.284e+02 6.316e+02 30 0 4 6.705e+02 6.735e+02 28 0 2 4.906e+02 5.174e+02 250 0 2 5.337e+02 5.583e+02 228 0 4 6.271e+02 6.329e+02 55 0 1 6.490e+02 6.530e+02 38 0 1 4.638e+02 5.022e+02 357 0 3 5.059e+02 5.441e+02 356 0 4 5.762e+02 5.998e+02 220 0 2 6.121e+02 6.479e+02 332 1 4 6.299e+02 6.301e+02 1 1 1 6.053e+02 6.127e+02 69 1 3 6.070e+02 6.110e+02 37 1 2 6.185e+02 6.415e+02 214 2 1 3.150e+02 3.150e+02 -4 2 4 1.244e+02 1.276e+02 30 2 3 3.141e+02 3.159e+02 16 2 2 3.238e+02 3.482e+02 226 2 3 1.342e+02 1.598e+02 238 2 2 2.876e+02 3.004e+02 119 2 3 1.287e+02 1.653e+02 340 2 3 2.588e+02 2.872e+02 263 2 4 2.801e+02 3.079e+02 258
58347 28 2 3 5.250e+02 5.250e+02 -6 2 4 6.716e+02 6.724e+02 8 2 1 3.935e+02 4.045e+02 101 2 1 5.223e+02 5.277e+02 50 2 4 5.865e+02 5.895e+02 27 2 3 3.957e+02 4.023e+02 62 2 3 5.552e+02 5.788e+02 219 2 2 5.802e+02 5.958e+02 145 2 2 4.038e+02 4.362e+02 300 2 2 4.871e+02 5.209e+02 313 2 1 5.542e+02 5.798e+02 237 2 2 6.159e+02 6.441e+02 262 2 4 4.051e+02 4.349e+02 277 2 4 4.843e+02 5.237e+02 366 2 4 5.682e+02 6.078e+02 367 3 1 3.989e+02 3.991e+02 2 3 2 4.594e+02 4.646e+02 48 3 1 4.830e+02 4.830e+02 -3 3 4 2.084e+02 2.116e+02 29 3 3 4.828e+02 4.832e+02 3 3 4 4.598e+02 4.642e+02 40 3 4 4.947e+02 5.133e+02 173 3 4 4.193e+02 4.207e+02 12 3 1 4.355e+02 4.465e+02 101 3 1 4.714e+02 4.946e+02 215 3 4 4.489e+02 4.751e+02 244 3 1 5.120e+02 5.380e+02 241 3 1 4.661e+02 4.999e+02 314
58348 0
58349 7 0 2 6.695e+02 6.745e+02 46 0 1 6.452e+02 6.568e+02 107 1 4 6.174e+02 6.426e+02 234 1 4 6.109e+02 6.491e+02 354 2 1 2.681e+02 2.779e+02 91 2 2 2.438e+02 2.602e+02 152 3 1 1.751e+02 2.029e+02 259
58352 9 0 2 6.137e+02 6.463e+02 302 1 2 5.864e+02 5.896e+02 30 1 1 5.512e+02 5.828e+02 294 1 3 5.941e+02 6.239e+02 277 1 2 5.727e+02 6.033e+02 284 1 1 5.931e+02 6.249e+02 296 1 4 5.739e+02 6.021e+02 261 2 4 3.750e+02 3.810e+02 56 3 1 5.405e+00 3.660e+01 290
58353 7 0 4 3.355e+02 3.365e+02 10 2 1 3.559e+02 3.581e+02 20 2 4 3.331e+02 3.389e+02 55 2 4 1.974e+02 2.226e+02 234 2 2 3.218e+02 3.502e+02 263 2 4 5.697e+02 6.063e+02 340 2 3 3.405e+02 3.735e+02 306
58354 0
58355 4 0 4 6.244e+02 6.356e+02 105 0 4 4.982e+02 5.098e+02 108 0 4 4.821e+02 5.259e+02 406 3 3 2.637e+02 2.823e+02 173
58356 0
