28473 13 0 4 6.295e+02 6.305e+02 10 0 1 6.483e+02 6.537e+02 50 0 1 5.233e+02 5.267e+02 32 0 2 6.224e+02 6.376e+02 141 0 2 6.706e+02 6.734e+02 26 0 2 5.408e+02 5.512e+02 96 0 2 6.556e+02 6.884e+02 305 0 3 5.157e+02 5.343e+02 173 0 4 6.538e+02 6.902e+02 339 2 3 1.021e+02 1.079e+02 53 2 1 1.343e+01 2.857e+01 140 2 2 1.107e+02 1.413e+02 285 2 4 1.073e+02 1.447e+02 348
28474 2 0 1 1.469e+02 1.471e+02 1 0 2 6.569e+02 6.871e+02 280
28475 48 0 2 5.431e+02 5.489e+02 54 0 1 6.070e+02 6.110e+02 37 0 1 1.001e+02 1.099e+02 90 0 1 6.483e+02 6.537e+02 50 0 1 5.661e+02 5.679e+02 17 0 3 6.075e+02 6.105e+02 27 0 3 6.446e+02 6.574e+02 119 0 3 5.656e+02 5.684e+02 26 0 4 5.685e+02 6.075e+02 362 0 2 6.603e+02 6.837e+02 217 0 4 4.396e+02 4.844e+02 416 0 1 5.082e+02 5.418e+02 311 0 4 6.626e+02 6.814e+02 174 0 3 5.085e+02 5.415e+02 306 1 3 1.879e+02 1.901e+02 20 1 2 5.747e+02 6.013e+02 247 2 3 1.653e+01 2.547e+01 83 2 4 6.180e+02 6.420e+02 222 2 2 1.228e+02 1.292e+02 59 2 4 4.503e+02 4.737e+02 217 2 4 2.089e+02 2.111e+02 21 2 3 5.934e+02 6.246e+02 289 2 1 2.579e+02 2.881e+02 280 2 3 4.580e+02 5.080e+02 465 2 4 3.224e+02 3.496e+02 252 2 2 3.753e+01 4.647e+01 83 2 4 1.169e+02 1.351e+02 170 2 3 1.761e+02 2.019e+02 240 2 2 1.967e+02 2.233e+02 247 2 4 2.793e+02 3.087e+02 274 2 4 3.381e+01 5.019e+01 152 2 4 7.222e+01 9.578e+01 219 2 2 1.512e+02 1.848e+02 311 2 4 2.010e+02 2.190e+02 166 2 1 5.140e+01 7.460e+01 216 2 3 9.286e+01 1.171e+02 226 2 3 1.226e+02 1.714e+02 453 2 4 2.299e+02 2.741e+02 410 2 1 1.272e+01 2.928e+01 154 2 4 1.117e+02 1.403e+02 266 2 4 1.472e+02 1.888e+02 387 2 3 2.112e+02 2.508e+02 367 2 3 4.954e+00 3.705e+01 298 2 2 6.154e+01 1.065e+02 417 2 4 1.839e+02 2.361e+02 486 2 3 4.547e+01 8.053e+01 326 2 1 3.473e+00 3.853e+01 326 2 2 1.747e+01 6.653e+01 456
28476 6 0 4 3.334e+02 3.386e+02 48 0 2 5.444e+02 5.476e+02 30 0 4 5.846e+02 5.914e+02 64 0 3 5.632e+02 5.708e+02 71 0 1 5.545e+02 5.795e+02 231 0 1 5.106e+02 5.394e+02 267
28477 18 0 2 6.720e+02 6.720e+02 -15 0 1 5.235e+02 5.265e+02 28 0 3 6.009e+02 6.171e+02 150 0 1 6.464e+02 6.556e+02 85 0 3 5.193e+02 5.307e+02 106 0 2 6.219e+02 6.381e+02 150 0 3 6.428e+02 6.592e+02 153 0 2 5.320e+02 5.600e+02 260 0 4 5.769e+02 5.991e+02 206 0 4 6.665e+02 6.775e+02 101 0 2 6.156e+02 6.444e+02 268 0 1 6.403e+02 6.617e+02 198 0 4 6.115e+02 6.485e+02 344 0 4 6.563e+02 6.877e+02 291 1 4 6.161e+02 6.439e+02 259 2 4 4.004e+01 4.396e+01 36 2 1 5.907e+01 6.693e+01 73 2 3 5.570e+01 7.030e+01 136
28478 1 2 3 1.684e+01 2.516e+01 77
28479 87 0 1 6.510e+02 6.510e+02 -19 0 3 2.282e+02 2.338e+02 51 0 1 3.986e+02 3.994e+02 7 0 2 2.911e+02 2.969e+02 55 0 4 5.040e+02 5.040e+02 -7 0 1 3.558e+02 3.582e+02 22 0 2 5.444e+02 5.476e+02 30 0 2 2.006e+02 2.194e+02 175 0 4 5.865e+02 5.895e+02 27 0 1 2.651e+02 2.809e+02 147 0 3 6.503e+02 6.517e+02 14 0 4 3.730e+02 3.830e+02 92 0 4 4.187e+02 4.213e+02 24 0 3 2.180e+02 2.440e+02 242 0 1 4.823e+02 4.837e+02 14 0 4 2.846e+02 3.034e+02 176 0 1 5.160e+02 5.340e+02 167 0 4 3.293e+02 3.427e+02 124 0 1 6.064e+02 6.116e+02 49 0 1 2.141e+02 2.479e+02 313 0 2 6.720e+02 6.720e+02 -3 0 2 3.701e+02 3.859e+02 147 0 3 3.874e+02 4.106e+02 216 0 4 2.347e+02 2.693e+02 322 0 3 4.804e+02 4.856e+02 49 0 3 5.160e+02 5.340e+02 168 0 3 6.057e+02 6.123e+02 60 0 4 6.715e+02 6.725e+02 9 0 4 4.079e+02 4.321e+02 226 0 2 5.026e+02 5.054e+02 26 0 1 5.593e+02 5.747e+02 143 0 2 6.238e+02 6.362e+02 116 0 4 6.547e+02 6.893e+02 321 0 2 4.922e+02 5.158e+02 220 0 3 5.522e+02 5.818e+02 275 0 4 6.275e+02 6.325e+02 47 0 4 4.894e+02 5.186e+02 271 0 3 5.081e+02 5.419e+02 315 0 3 5.951e+02 6.229e+02 258 0 3 4.664e+02 4.996e+02 309 0 2 5.286e+02 5.634e+02 323 0 4 6.199e+02 6.401e+02 188 0 4 6.126e+02 6.474e+02 323 1 3 5.245e+02 5.255e+02 9 1 4 3.330e+02 3.390e+02 56 1 4 5.880e+02 5.880e+02 -8 1 3 4.386e+02 4.434e+02 45 1 1 6.089e+02 6.091e+02 1 1 3 3.824e+02 4.156e+02 309 1 4 4.602e+02 4.638e+02 33 1 2 5.040e+02 5.040e+02 -14 1 4 3.607e+02 3.953e+02 322 1 2 5.460e+02 5.460e+02 -13 1 3 4.294e+02 4.526e+02 216 1 3 6.090e+02 6.090e+02 -4 1 4 4.017e+02 4.383e+02 340 1 3 4.758e+02 4.902e+02 133 1 4 5.460e+02 5.460e+02 -10 1 2 6.299e+02 6.301e+02 2 1 1 5.110e+02 5.390e+02 260 1 3 5.662e+02 5.678e+02 15 1 4 6.300e+02 6.300e+02 -6 1 2 5.799e+02 5.961e+02 150 2 3 5.250e+02 5.250e+02 0 2 4 2.934e+02 2.946e+02 10 2 4 6.273e+02 6.327e+02 50 2 3 5.822e+01 6.778e+01 89 2 3 6.509e+02 6.511e+02 2 2 4 1.211e+02 1.309e+02 90 2 4 4.578e+02 4.662e+02 77 2 4 2.386e+02 2.654e+02 249 2 2 5.460e+02 5.460e+02 -16 2 3 3.150e+02 3.150e+02 -0 2 2 6.242e+02 6.358e+02 107 2 1 5.001e+01 7.599e+01 241 2 1 4.805e+02 4.855e+02 47 2 2 7.563e+01 9.237e+01 156 2 1 5.670e+02 5.670e+02 -6 2 3 2.717e+02 2.743e+02 24 2 2 5.755e+02 6.005e+02 231 2 3 4.745e+02 4.915e+02 157 2 4 5.358e+02 5.562e+02 189 2 2 6.124e+02 6.476e+02 327 2 2 4.496e+02 4.744e+02 230 2 3 5.549e+02 5.791e+02 225 2 1 5.528e+02 5.812e+02 263 3 3 4.146e+00 3.785e+01 313
28480 6 0 3 1.465e+01 2.735e+01 118 0 2 6.679e+02 6.761e+02 76 0 4 6.639e+02 6.801e+02 150 0 3 5.718e+00 3.628e+01 284 0 3 -3.571e+00 4.557e+01 456 1 4 5.460e+02 5.460e+02 -18
28481 16 0 4 4.166e+01 4.234e+01 6 0 3 6.008e+02 6.172e+02 153 0 3 6.122e+01 6.478e+01 33 0 2 6.699e+02 6.741e+02 39 0 4 6.175e+02 6.425e+02 231 0 3 3.830e+02 4.150e+02 298 0 2 3.539e+02 4.021e+02 447 0 3 6.299e+02 6.721e+02 391 0 4 6.510e+02 6.930e+02 390 0 1 6.245e+02 6.775e+02 492 0 2 6.481e+02 6.959e+02 445 1 4 6.086e+02 6.514e+02 397 2 4 1.653e+02 1.707e+02 50 2 1 1.869e+02 1.911e+02 39 2 2 1.597e+02 1.763e+02 155 2 3 1.746e+02 2.034e+02 268
28482 0
28483 24 0 1 5.650e+02 5.690e+02 37 0 2 4.620e+02 4.620e+02 -24 0 3 5.545e+02 5.795e+02 231 2 2 3.337e+02 3.383e+02 43 2 3 5.247e+02 5.253e+02 6 2 1 2.052e+01 2.148e+01 9 2 2 4.998e+02 5.082e+02 77 2 3 1.445e+02 1.495e+02 46 2 1 5.164e+02 5.336e+02 160 2 3 3.062e+02 3.238e+02 164 2 4 6.159e+02 6.441e+02 262 2 4 3.239e+02 3.481e+02 225 2 4 4.977e+02 5.103e+02 117 2 3 1.667e+01 2.533e+01 80 2 3 5.073e+02 5.427e+02 328 2 4 1.239e+02 1.281e+02 39 2 2 5.728e+02 6.032e+02 282 2 4 1.659e+02 1.701e+02 39 2 4 4.493e+02 4.747e+02 236 2 1 3.007e+02 3.293e+02 265 2 4 5.737e+02 6.023e+02 266 2 3 1.815e+02 1.965e+02 139 2 1 1.371e+02 1.569e+02 185 2 2 1.524e+02 1.836e+02 290
28484 75 0 1 6.510e+02 6.510e+02 -6 0 1 3.978e+02 4.002e+02 22 0 1 4.826e+02 4.834e+02 8 0 1 5.250e+02 5.250e+02 -7 0 2 3.640e+02 3.920e+02 260 0 4 5.854e+02 5.906e+02 48 0 4 3.567e+02 3.993e+02 396 0 3 6.504e+02 6.516e+02 11 0 3 3.969e+02 4.011e+02 40 0 3 4.824e+02 4.836e+02 11 0 1 5.634e+02 5.706e+02 67 0 1 6.056e+02 6.124e+02 63 0 2 6.712e+02 6.728e+02 16 0 4 4.200e+02 4.200e+02 -2 0 4 5.009e+02 5.071e+02 57 0 3 5.647e+02 5.693e+02 43 0 4 6.230e+02 6.370e+02 130 0 4 6.720e+02 6.720e+02 -2 0 3 4.358e+02 4.462e+02 97 0 2 4.474e+02 4.766e+02 271 0 3 5.568e+02 5.772e+02 189 0 3 6.033e+02 6.147e+02 106 0 1 6.350e+02 6.670e+02 298 0 1 3.867e+02 4.113e+02 229 0 4 4.492e+02 4.748e+02 237 0 2 5.291e+02 5.629e+02 314 0 2 6.220e+02 6.380e+02 148 0 3 6.317e+02 6.703e+02 358 0 3 3.830e+02 4.150e+02 298 0 2 4.847e+02 5.233e+02 359 0 3 5.480e+02 5.860e+02 353 0 1 5.933e+02 6.247e+02 292 0 4 4.013e+02 4.387e+02 346 0 4 4.871e+02 5.209e+02 313 0 1 4.228e+02 4.592e+02 337 1 3 5.667e+02 5.673e+02 6 1 1 6.079e+02 6.101e+02 20 1 4 5.028e+02 5.052e+02 22 1 2 5.865e+02 5.895e+02 27 1 3 6.072e+02 6.108e+02 33 1 4 5.812e+02 5.948e+02 126 1 2 6.276e+02 6.324e+02 45 1 2 5.437e+02 5.483e+02 43 1 4 6.288e+02 6.312e+02 22 1 1 5.621e+02 5.719e+02 90 1 3 5.900e+02 6.280e+02 353 1 1 5.484e+02 5.856e+02 345 1 2 5.282e+02 5.638e+02 330 2 1 2.303e+02 2.317e+02 14 2 2 2.933e+02 2.947e+02 12 2 3 3.973e+02 4.007e+02 32 2 4 3.769e+02 3.791e+02 20 2 2 4.591e+02 4.649e+02 53 2 1 6.055e+01 6.545e+01 46 2 2 4.139e+02 4.261e+02 114 2 2 7.971e+01 8.829e+01 80 2 4 4.596e+02 4.644e+02 46 2 2 2.079e+02 2.121e+02 39 2 1 3.872e+02 4.108e+02 220 2 1 3.045e+02 3.255e+02 196 2 3 4.678e+02 4.982e+02 281 2 4 3.306e+02 3.414e+02 100 2 4 3.618e+01 4.782e+01 108 2 4 2.088e+02 2.112e+02 22 2 3 2.638e+02 2.822e+02 170 2 4 3.661e+02 3.899e+02 220 2 3 5.570e+01 7.030e+01 136 2 4 6.715e+01 1.009e+02 313 2 3 1.733e+02 2.047e+02 292 2 3 2.225e+02 2.395e+02 158 2 2 2.814e+02 3.066e+02 235 2 2 2.496e+01 5.904e+01 316 2 2 2.465e+02 2.575e+02 103 2 4 2.400e+02 2.640e+02 222 2 4 1.915e+02 2.285e+02 343
28485 15 0 1 5.598e+02 5.742e+02 133 0 2 6.670e+02 6.770e+02 93 0 4 4.200e+02 4.200e+02 0 0 2 6.243e+02 6.357e+02 106 0 4 6.602e+02 6.838e+02 220 0 4 6.226e+02 6.374e+02 137 0 4 5.831e+02 5.929e+02 91 2 1 1.468e+02 1.472e+02 4 2 4 2.100e+02 2.100e+02 0 2 4 3.932e+01 4.468e+01 50 2 3 1.399e+02 1.541e+02 132 2 3 2.237e+02 2.383e+02 136 2 1 1.317e+01 2.883e+01 146 2 4 1.175e+02 1.345e+02 158 2 2 1.098e+02 1.422e+02 301
28486 9 0 1 6.090e+02 6.090e+02 -9 0 2 6.711e+02 6.729e+02 17 0 3 6.090e+02 6.090e+02 -3 0 4 6.669e+02 6.771e+02 95 0 1 6.433e+02 6.587e+02 143 1 2 6.040e+02 6.560e+02 482 2 4 8.240e+01 8.560e+01 30 2 3 1.005e+02 1.095e+02 84 2 4 3.526e+02 4.034e+02 471
28487 15 0 4 4.160e+02 4.240e+02 74 0 1 3.064e+02 3.236e+02 160 0 4 5.016e+02 5.064e+02 44 0 4 2.807e+02 3.073e+02 246 0 1 6.028e+02 6.152e+02 116 0 2 3.163e+02 3.557e+02 366 0 3 6.483e+02 6.537e+02 50 0 3 3.845e+02 4.135e+02 270 0 2 6.528e+02 6.912e+02 356 0 1 3.800e+02 4.180e+02 353 0 4 6.541e+02 6.899e+02 333 2 3 3.551e+02 3.589e+02 36 2 4 3.235e+02 3.485e+02 232 2 1 3.470e+02 3.670e+02 186 2 2 3.619e+02 3.941e+02 300
28488 0
28489 13 0 4 6.283e+02 6.317e+02 32 0 4 4.990e+02 5.090e+02 93 0 2 2.425e+02 2.615e+02 176 0 3 5.611e+02 5.729e+02 110 0 3 2.626e+02 2.834e+02 193 0 2 4.487e+02 4.753e+02 246 0 4 2.338e+02 2.702e+02 338 0 1 5.576e+02 5.764e+02 174 0 1 2.545e+02 2.915e+02 343 0 2 6.560e+02 6.880e+02 298 0 2 5.297e+02 5.623e+02 303 0 4 6.542e+02 6.898e+02 330 3 2 3.270e+02 3.450e+02 167
28490 0
28491 6 0 3 4.378e+02 4.442e+02 60 0 4 4.071e+02 4.329e+02 240 0 1 4.318e+02 4.502e+02 170 1 3 1.747e+02 2.033e+02 266 3 2 3.861e+01 4.539e+01 63 3 1 4.857e+01 7.743e+01 268
28492 6 0 1 1.641e+02 2.139e+02 462 0 2 4.895e+02 5.185e+02 269 0 3 5.064e+02 5.436e+02 346 0 1 5.870e+02 6.310e+02 409 0 4 4.815e+02 5.265e+02 417 2 4 3.535e+02 4.025e+02 455
28493 0
28494 23 0 4 6.694e+02 6.746e+02 48 0 1 5.319e+01 7.281e+01 182 2 4 6.294e+02 6.306e+02 10 2 1 1.693e+01 2.507e+01 76 2 2 4.161e+02 4.239e+02 73 2 4 1.251e+02 1.269e+02 16 2 1 5.214e+02 5.286e+02 67 2 3 1.423e+02 1.517e+02 87 2 2 6.197e+02 6.403e+02 192 2 2 2.491e+02 2.549e+02 53 2 4 4.180e+02 4.220e+02 38 2 4 3.915e+01 4.485e+01 53 2 4 4.929e+02 5.151e+02 206 2 2 1.657e+02 1.703e+02 43 2 3 5.235e+02 5.265e+02 27 2 1 2.531e+00 3.947e+01 343 2 4 6.213e+02 6.387e+02 161 2 1 1.820e+02 1.960e+02 130 2 2 4.065e+02 4.335e+02 251 2 2 5.435e+02 5.485e+02 46 2 3 4.272e+02 4.548e+02 256 2 1 5.591e+02 5.749e+02 146 2 3 3.846e+02 4.134e+02 268
28495 0
28496 45 0 2 6.276e+02 6.324e+02 44 0 1 5.178e+02 5.322e+02 133 0 2 6.209e+02 6.391e+02 170 0 4 6.659e+02 6.781e+02 113 0 2 5.389e+02 5.531e+02 131 0 4 6.232e+02 6.368e+02 127 0 3 6.345e+02 6.675e+02 306 0 1 5.579e+02 5.761e+02 169 0 1 5.908e+02 6.272e+02 338 0 2 6.562e+02 6.878e+02 293 0 3 5.066e+02 5.434e+02 342 0 4 6.557e+02 6.883e+02 303 1 4 6.113e+02 6.487e+02 348 2 1 1.824e+01 2.376e+01 51 2 3 1.010e+02 1.090e+02 75 2 3 5.653e+02 5.687e+02 31 2 1 1.456e+02 1.484e+02 26 2 2 5.857e+02 5.903e+02 42 2 4 2.915e+02 2.965e+02 47 2 3 4.329e+02 4.491e+02 150 2 1 3.543e+02 3.597e+02 50 2 4 5.361e+02 5.559e+02 185 2 3 1.487e+01 2.713e+01 114 2 4 5.759e+02 6.001e+02 225 2 4 7.105e+01 9.695e+01 240 2 4 4.084e+02 4.316e+02 216 2 3 1.456e+02 1.484e+02 26 2 4 2.797e+02 3.083e+02 266 2 2 3.285e+02 3.435e+02 139 2 2 3.242e+01 5.158e+01 178 2 2 1.090e+02 1.430e+02 316 2 3 1.851e+02 1.929e+02 72 2 2 1.963e+02 2.237e+02 255 2 3 2.953e+02 3.347e+02 366 2 2 3.189e+02 3.531e+02 318 2 4 3.242e+01 5.158e+01 178 2 4 1.095e+02 1.424e+02 306 2 2 1.503e+02 1.857e+02 329 2 1 2.057e+02 2.563e+02 470 2 3 2.545e+02 2.915e+02 343 2 4 2.214e+01 6.186e+01 369 2 1 1.699e+02 2.081e+02 354 2 3 2.046e+02 2.574e+02 490 2 2 2.733e+02 3.147e+02 384 3 1 8.770e+01 1.223e+02 321
28497 4 0 4 6.599e+02 6.841e+02 225 2 3 1.018e+02 1.082e+02 59 2 4 1.647e+02 1.713e+02 61 3 3 1.429e+01 2.771e+01 125
28500 8 0 3 6.065e+02 6.115e+02 46 0 2 6.258e+02 6.342e+02 77 0 4 6.142e+02 6.458e+02 293 1 3 5.247e+02 5.253e+02 6 1 2 4.868e+02 5.212e+02 319 2 4 4.177e+02 4.223e+02 43 2 1 4.819e+00 3.718e+01 300 2 4 4.032e+02 4.368e+02 311
28502 8 0 3 1.874e+02 1.906e+02 29 0 4 3.677e+02 3.883e+02 191 0 3 3.866e+02 4.114e+02 230 0 2 1.663e+02 1.697e+02 31 0 2 6.588e+02 6.852e+02 246 0 4 1.954e+02 2.246e+02 271 2 3 2.298e+02 2.322e+02 23 2 4 2.050e+02 2.150e+02 92
28504 0
28506 3 2 2 4.110e+02 4.290e+02 166 2 1 4.745e+01 7.855e+01 289 2 3 3.968e+00 3.803e+01 316
28507 17 0 1 5.604e+02 5.736e+02 123 0 4 5.844e+02 5.916e+02 66 0 2 3.644e+02 3.916e+02 253 0 2 6.692e+02 6.748e+02 51 0 1 3.921e+02 4.059e+02 129 0 1 6.068e+02 6.112e+02 40 0 4 6.687e+02 6.753e+02 61 0 4 4.059e+02 4.341e+02 262 0 3 6.018e+02 6.162e+02 133 0 1 6.418e+02 6.602e+02 171 0 4 6.233e+02 6.367e+02 125 0 3 6.381e+02 6.639e+02 239 0 2 6.174e+02 6.426e+02 234 0 4 6.559e+02 6.881e+02 299 2 2 7.558e+01 9.242e+01 156 2 4 6.813e+01 9.987e+01 295 2 3 4.067e+01 8.533e+01 415
28508 8 0 4 5.867e+02 5.893e+02 25 0 2 5.011e+02 5.069e+02 54 0 1 6.088e+02 6.092e+02 4 1 2 6.294e+02 6.306e+02 11 1 4 6.242e+02 6.358e+02 107 2 4 1.664e+02 1.696e+02 30 2 3 1.887e+02 1.893e+02 6 2 2 2.084e+02 2.116e+02 30
28509 36 0 1 2.710e+02 2.750e+02 37 0 4 2.068e+02 2.132e+02 60 0 3 3.970e+02 4.010e+02 38 0 4 2.925e+02 2.955e+02 27 0 2 2.058e+02 2.142e+02 77 0 1 5.640e+02 5.700e+02 56 0 3 2.658e+02 2.802e+02 135 0 4 5.866e+02 5.894e+02 26 0 1 3.505e+02 3.635e+02 121 0 3 1.784e+02 1.996e+02 196 0 4 4.183e+02 4.217e+02 32 0 1 2.118e+02 2.502e+02 357 0 3 5.616e+02 5.724e+02 100 0 2 2.786e+02 3.094e+02 286 0 4 6.256e+02 6.344e+02 81 0 2 3.612e+02 3.948e+02 311 0 1 6.502e+02 6.518e+02 16 0 3 2.122e+02 2.498e+02 349 0 1 3.889e+02 4.091e+02 187 0 2 3.174e+02 3.546e+02 346 0 1 5.563e+02 5.777e+02 198 0 2 6.129e+02 6.471e+02 317 0 3 6.495e+02 6.525e+02 28 0 3 3.857e+02 4.123e+02 246 0 1 5.497e+02 5.843e+02 320 0 2 6.710e+02 6.730e+02 18 0 4 4.031e+02 4.369e+02 313 0 3 5.474e+02 5.866e+02 364 1 1 6.064e+02 6.116e+02 48 1 3 6.086e+02 6.094e+02 8 1 2 5.748e+02 6.012e+02 245 1 2 6.285e+02 6.315e+02 28 1 4 6.268e+02 6.332e+02 59 1 1 5.946e+02 6.234e+02 268 1 4 6.138e+02 6.462e+02 301 2 3 6.300e+01 6.300e+01 -20
28514 19 0 2 3.772e+02 3.788e+02 15 0 2 4.617e+02 4.623e+02 5 0 4 3.722e+02 3.838e+02 107 0 4 4.578e+02 4.662e+02 78 0 1 3.429e+02 3.711e+02 262 0 2 6.557e+02 6.883e+02 302 0 3 3.804e+02 4.176e+02 345 0 3 4.657e+02 5.003e+02 322 0 4 6.541e+02 6.899e+02 333 2 4 4.175e+01 4.225e+01 5 2 4 1.673e+02 1.687e+02 14 2 2 3.852e+01 4.548e+01 65 2 4 1.557e+02 1.803e+02 229 2 1 5.768e+01 6.832e+01 99 2 4 1.928e+02 2.272e+02 320 2 1 5.131e+01 7.469e+01 217 3 2 5.851e+02 5.909e+02 55 3 1 6.041e+02 6.139e+02 91 3 2 5.749e+02 6.011e+02 243
28516 4 0 1 6.090e+02 6.090e+02 -0 2 3 2.100e+01 2.100e+01 -20 2 1 2.625e+02 2.835e+02 196 2 2 6.630e+02 6.810e+02 167
28517 10 0 1 6.062e+02 6.118e+02 52 0 3 6.090e+02 6.090e+02 -18 0 2 6.665e+02 6.775e+02 102 0 3 5.532e+02 5.808e+02 256 0 4 5.830e+02 5.930e+02 92 1 4 5.877e+02 5.883e+02 6 1 2 6.266e+02 6.334e+02 64 1 2 5.416e+02 5.504e+02 82 1 2 6.151e+02 6.449e+02 277 1 1 5.525e+02 5.815e+02 269
28519 9 0 1 4.373e+02 4.447e+02 69 0 1 6.079e+02 6.101e+02 21 0 4 6.720e+02 6.720e+02 -9 0 4 6.275e+02 6.325e+02 46 1 3 5.930e+02 6.250e+02 297 2 4 7.101e+01 9.699e+01 241 2 3 2.583e+02 2.877e+02 274 2 1 6.300e+01 6.300e+01 -17 2 2 1.105e+02 1.415e+02 287
28520 0
28524 19 2 1 5.657e+02 5.683e+02 24 2 2 5.029e+02 5.051e+02 20 2 4 5.024e+02 5.056e+02 30 2 1 4.709e+02 4.951e+02 225 2 3 5.061e+02 5.439e+02 351 3 2 4.200e+02 4.200e+02 -8 3 1 3.946e+02 4.034e+02 81 3 4 4.188e+02 4.212e+02 22 3 1 4.806e+02 4.854e+02 45 3 2 3.695e+02 3.865e+02 158 3 3 4.733e+02 4.927e+02 180 3 2 4.617e+02 4.623e+02 6 3 4 5.324e+02 5.596e+02 253 3 3 3.883e+02 4.097e+02 199 3 3 5.171e+02 5.329e+02 147 3 4 4.618e+02 4.622e+02 3 3 1 4.674e+02 4.986e+02 290 3 1 4.315e+02 4.505e+02 176 3 3 4.230e+02 4.590e+02 334
28526 0
28527 0
28528 0
28529 0
28531 18 0 2 6.716e+02 6.724e+02 8 0 3 4.830e+02 4.830e+02 -2 0 1 5.224e+02 5.276e+02 48 0 1 6.075e+02 6.105e+02 27 0 4 6.663e+02 6.777e+02 106 0 2 5.368e+02 5.552e+02 170 0 3 6.046e+02 6.134e+02 82 0 4 6.538e+02 6.902e+02 339 0 3 5.164e+02 5.336e+02 159 0 4 6.168e+02 6.432e+02 245 0 1 6.312e+02 6.708e+02 367 0 2 5.299e+02 5.621e+02 300 0 4 5.774e+02 5.986e+02 197 0 2 6.547e+02 6.893e+02 322 0 1 5.503e+02 5.837e+02 310 0 1 5.985e+02 6.195e+02 196 0 3 5.080e+02 5.420e+02 316 0 2 6.141e+02 6.459e+02 296
