14037 11 0 1 4.965e+01 7.635e+01 248 2 3 1.461e+02 1.479e+02 17 2 1 5.249e+02 5.251e+02 1 2 2 4.963e+02 5.117e+02 142 2 2 1.573e+02 1.787e+02 200 2 3 2.200e+02 2.420e+02 205 2 4 4.954e+02 5.126e+02 159 2 1 1.308e+02 1.632e+02 301 2 3 5.051e+02 5.450e+02 370 2 4 4.849e+02 5.231e+02 355 2 4 4.459e+02 4.781e+02 300
14038 9 1 3 5.222e+02 5.278e+02 52 1 2 5.417e+02 5.503e+02 80 1 3 5.155e+02 5.345e+02 176 2 4 2.894e+02 2.986e+02 85 2 2 3.329e+02 3.391e+02 58 2 1 6.345e+02 6.675e+02 306 2 3 3.012e+02 3.288e+02 256 2 4 2.758e+02 3.122e+02 338 3 1 6.158e+01 6.442e+01 26
14039 1 1 2 4.498e+02 4.742e+02 226
14040 15 0 1 6.501e+02 6.519e+02 16 0 3 4.383e+02 4.437e+02 50 0 2 6.246e+02 6.354e+02 100 0 3 6.443e+02 6.577e+02 124 0 4 4.521e+02 4.719e+02 184 0 4 6.165e+02 6.435e+02 251 0 2 6.678e+02 6.762e+02 78 0 1 4.266e+02 4.554e+02 268 0 4 6.616e+02 6.824e+02 194 0 2 6.552e+02 6.888e+02 311 0 4 6.540e+02 6.900e+02 335 2 4 2.469e+02 2.571e+02 94 2 3 2.633e+02 2.827e+02 180 2 4 2.342e+02 2.698e+02 331 2 4 2.760e+02 3.120e+02 335
14041 10 1 1 5.557e+02 5.783e+02 210 2 4 2.885e+02 2.995e+02 102 2 4 4.199e+02 4.201e+02 1 2 1 1.214e+01 2.986e+01 165 2 1 1.420e+02 1.520e+02 92 2 1 4.361e+02 4.459e+02 90 2 3 3.046e+02 3.254e+02 193 2 2 4.451e+02 4.789e+02 313 2 3 1.564e+01 2.636e+01 100 2 3 4.370e+02 4.450e+02 75
14042 14 0 3 6.498e+02 6.522e+02 23 0 2 2.479e+01 5.921e+01 320 0 2 5.040e+02 5.040e+02 -24 0 1 4.773e+02 4.887e+02 106 0 3 4.579e+01 8.021e+01 320 0 4 6.141e+02 6.459e+02 295 0 2 6.557e+02 6.883e+02 303 0 4 6.583e+02 6.857e+02 255 1 4 6.266e+02 6.334e+02 63 1 2 6.214e+02 6.386e+02 159 1 2 6.150e+02 6.450e+02 279 2 1 1.810e+01 2.390e+01 54 2 2 3.008e+01 5.392e+01 221 3 2 3.663e+01 4.737e+01 100
14043 3 3 4 3.284e+02 3.436e+02 141 3 3 2.982e+02 3.318e+02 312 3 3 3.375e+02 3.765e+02 363
14044 0
14045 1 3 3 3.098e+02 3.202e+02 97
14046 10 0 2 6.714e+02 6.726e+02 10 0 4 6.698e+02 6.742e+02 41 0 1 6.368e+02 6.652e+02 264 0 3 6.342e+02 6.678e+02 311 1 1 3.556e+02 3.584e+02 26 1 3 3.462e+02 3.678e+02 201 1 4 6.122e+02 6.478e+02 330 2 3 6.657e+00 3.534e+01 266 2 1 -1.615e-01 4.216e+01 393 2 2 1.613e+01 6.787e+01 480
14047 20 0 1 6.090e+02 6.090e+02 -0 0 2 5.429e+02 5.491e+02 57 0 3 6.074e+02 6.106e+02 29 0 2 6.684e+02 6.756e+02 67 0 1 4.352e+02 4.468e+02 107 0 3 5.568e+02 5.772e+02 189 0 2 6.240e+02 6.360e+02 110 0 4 6.667e+02 6.773e+02 99 0 3 5.087e+02 5.413e+02 303 0 4 5.769e+02 5.991e+02 206 0 1 6.396e+02 6.624e+02 211 0 3 5.494e+02 5.846e+02 327 0 3 5.900e+02 6.280e+02 353 0 3 6.379e+02 6.641e+02 243 0 1 5.082e+02 5.418e+02 312 0 4 6.139e+02 6.461e+02 299 2 4 1.669e+02 1.691e+02 20 2 3 2.681e+02 2.779e+02 90 2 1 7.781e+00 3.422e+01 246 2 3 1.290e+02 1.650e+02 335
14048 5 0 2 6.678e+02 6.762e+02 79 0 1 6.437e+02 6.583e+02 136 0 4 2.748e+02 3.132e+02 357 0 3 6.319e+02 6.701e+02 356 2 4 4.569e+02 4.671e+02 95
14049 23 0 2 2.079e+02 2.121e+02 40 0 1 1.755e+02 2.025e+02 251 0 4 2.027e+02 2.173e+02 136 0 2 6.608e+02 6.832e+02 207 0 3 1.690e+02 2.090e+02 372 0 2 4.464e+02 4.776e+02 289 0 4 6.615e+02 6.825e+02 196 0 3 6.245e+02 6.775e+02 493 1 2 5.880e+02 5.880e+02 -7 1 1 6.040e+02 6.140e+02 92 1 4 5.869e+02 5.891e+02 21 1 2 6.285e+02 6.315e+02 28 1 2 5.383e+02 5.537e+02 144 1 4 6.206e+02 6.394e+02 175 1 1 5.532e+02 5.808e+02 257 1 3 6.009e+02 6.171e+02 151 1 3 5.473e+02 5.867e+02 366 1 2 6.172e+02 6.428e+02 237 2 3 1.890e+02 1.890e+02 -2 2 4 6.678e+02 6.762e+02 79 2 1 1.871e+02 1.909e+02 36 2 2 1.129e+02 1.391e+02 244 2 2 1.568e+01 6.832e+01 489
14050 25 0 4 6.291e+02 6.309e+02 16 0 4 6.715e+02 6.725e+02 10 0 3 5.217e+02 5.283e+02 62 0 1 6.083e+02 6.097e+02 12 0 1 6.509e+02 6.511e+02 2 0 2 6.441e+01 1.036e+02 364 0 2 5.436e+02 5.484e+02 44 0 2 6.267e+02 6.333e+02 61 0 3 6.481e+02 6.539e+02 55 0 2 4.908e+02 5.172e+02 245 0 1 5.126e+02 5.374e+02 230 0 1 5.939e+02 6.241e+02 280 0 2 6.715e+02 6.725e+02 10 0 4 4.846e+02 5.234e+02 360 0 3 5.141e+02 5.359e+02 202 0 2 6.137e+02 6.463e+02 303 0 4 6.568e+02 6.872e+02 282 0 3 5.899e+02 6.281e+02 355 1 2 6.240e+02 6.360e+02 110 1 4 6.147e+02 6.453e+02 284 1 2 6.128e+02 6.472e+02 319 2 1 1.635e+01 2.565e+01 86 2 4 7.724e+01 9.076e+01 126 2 3 9.295e+01 1.171e+02 224 2 2 7.141e+01 9.659e+01 234
14051 24 0 4 2.478e+02 2.562e+02 78 0 1 6.490e+02 6.530e+02 36 0 1 1.900e+01 2.300e+01 37 0 1 5.244e+02 5.256e+02 11 0 4 3.744e+01 4.656e+01 85 0 3 6.448e+02 6.572e+02 116 0 2 3.080e+01 5.320e+01 208 0 2 4.994e+02 5.086e+02 86 0 3 5.187e+02 5.313e+02 117 0 3 3.025e+00 3.897e+01 334 0 2 6.709e+02 6.731e+02 20 0 4 4.971e+02 5.109e+02 129 0 1 5.555e+02 5.785e+02 213 0 4 6.679e+02 6.761e+02 76 0 2 5.287e+02 5.633e+02 322 0 2 6.556e+02 6.884e+02 304 1 2 6.267e+02 6.333e+02 61 1 4 6.188e+02 6.412e+02 207 1 1 5.890e+02 6.290e+02 371 2 3 5.844e+01 6.756e+01 85 2 2 7.320e+01 9.480e+01 200 2 1 5.131e+01 7.469e+01 217 2 4 6.625e+01 1.018e+02 330 3 3 1.765e+01 2.435e+01 62
14052 4 0 1 5.250e+02 5.250e+02 -0 0 3 5.970e+02 6.210e+02 222 0 2 4.901e+02 5.179e+02 259 2 1 1.901e+00 4.010e+01 355
14053 0
14054 4 0 3 3.963e+02 4.017e+02 50 0 4 3.631e+02 3.929e+02 277 0 2 6.503e+02 6.937e+02 404 0 4 6.520e+02 6.920e+02 372
14055 8 0 3 5.561e+02 5.779e+02 202 0 4 6.569e+02 6.871e+02 280 0 1 5.538e+02 5.802e+02 246 0 4 5.717e+02 6.043e+02 302 0 1 6.303e+02 6.717e+02 384 0 1 5.863e+02 6.317e+02 422 2 3 1.214e+01 2.986e+01 165 2 1 5.358e+00 3.664e+01 290
14056 12 0 4 2.090e+02 2.110e+02 18 0 3 5.982e+02 6.198e+02 201 0 4 5.756e+02 6.004e+02 230 0 2 6.543e+02 6.897e+02 329 0 1 5.938e+02 6.242e+02 282 0 4 6.538e+02 6.902e+02 338 0 1 5.864e+02 6.316e+02 420 0 3 5.821e+02 6.359e+02 500 0 2 6.032e+02 6.568e+02 498 0 4 6.069e+02 6.531e+02 430 1 2 6.109e+02 6.491e+02 355 2 3 1.286e+02 1.654e+02 342
14057 8 0 4 6.295e+02 6.305e+02 10 0 4 5.027e+02 5.053e+02 25 0 3 6.060e+02 6.120e+02 56 0 2 6.288e+02 6.312e+02 22 0 4 5.709e+02 6.051e+02 317 1 1 3.451e+02 3.689e+02 221 1 2 6.123e+02 6.477e+02 329 2 1 1.401e+02 1.539e+02 128
14058 54 0 1 2.291e+02 2.329e+02 36 0 4 2.933e+02 2.947e+02 14 0 4 4.988e+02 5.092e+02 97 0 4 7.921e+01 8.879e+01 89 0 4 5.785e+02 5.975e+02 176 0 4 3.354e+01 5.046e+01 157 0 4 1.948e+02 2.252e+02 281 0 1 5.117e+02 5.383e+02 246 0 3 2.615e+02 2.845e+02 213 0 2 6.239e+02 6.361e+02 113 0 1 2.106e+02 2.514e+02 380 0 3 6.510e+02 6.510e+02 -3 0 2 2.766e+02 3.114e+02 324 0 2 5.284e+02 5.636e+02 326 0 1 2.547e+02 2.913e+02 340 0 2 6.036e+02 6.564e+02 490 0 2 6.626e+02 6.814e+02 175 0 3 5.032e+02 5.468e+02 406 0 4 6.631e+02 6.809e+02 166 0 1 6.250e+02 6.770e+02 483 1 1 5.133e+02 5.367e+02 217 1 2 5.371e+02 5.549e+02 165 1 3 5.532e+02 5.808e+02 256 1 4 5.669e+02 6.091e+02 391 2 3 3.557e+02 3.583e+02 25 2 1 6.490e+02 6.530e+02 38 2 4 4.067e+01 4.333e+01 25 2 4 5.849e+02 5.911e+02 58 2 2 8.007e+01 8.793e+01 73 2 3 6.056e+02 6.124e+02 63 2 2 1.618e+02 1.742e+02 116 2 4 6.600e+02 6.840e+02 223 2 3 2.720e+02 2.740e+02 18 2 1 3.798e+02 4.182e+02 356 2 4 3.355e+02 3.365e+02 10 2 2 6.256e+02 6.344e+02 81 2 3 6.118e+01 6.482e+01 34 2 4 1.655e+02 1.705e+02 47 2 2 2.034e+02 2.166e+02 123 2 2 3.697e+02 3.863e+02 155 2 1 1.864e+01 2.336e+01 44 2 4 1.093e+02 1.427e+02 310 2 3 1.795e+02 1.985e+02 177 2 4 1.961e+02 2.239e+02 258 2 1 3.416e+02 3.724e+02 286 2 2 3.937e+01 4.463e+01 49 2 3 1.380e+02 1.560e+02 167 2 3 2.182e+02 2.438e+02 238 2 3 1.096e+01 3.104e+01 186 2 2 1.542e+02 1.818e+02 256 2 4 2.788e+01 5.612e+01 262 2 1 4.471e+01 8.129e+01 340 2 1 5.896e+00 3.610e+01 280 2 3 3.830e+00 3.817e+01 319
14059 7 0 2 6.293e+02 6.307e+02 14 2 1 6.483e+02 6.537e+02 50 2 4 3.690e+01 4.710e+01 95 2 3 6.431e+02 6.589e+02 146 2 4 6.300e+02 6.300e+02 -20 3 4 6.665e+02 6.775e+02 103 3 2 6.640e+02 6.800e+02 149
14060 16 0 1 5.220e+02 5.280e+02 56 0 2 6.284e+02 6.316e+02 29 0 2 6.717e+02 6.723e+02 6 0 3 5.091e+02 5.409e+02 296 0 4 6.686e+02 6.754e+02 64 0 2 5.311e+02 5.609e+02 277 0 3 6.388e+02 6.632e+02 226 0 1 6.354e+02 6.666e+02 290 2 1 1.918e+01 2.282e+01 34 2 3 2.308e+02 2.312e+02 3 2 1 5.180e+01 7.420e+01 208 2 4 1.641e+02 1.719e+02 72 2 3 -4.917e+00 4.692e+01 481 2 4 1.500e+02 1.860e+02 335 2 2 2.160e+01 6.240e+01 379 2 3 1.730e+02 2.050e+02 298
14061 8 0 1 5.645e+02 5.695e+02 46 0 4 3.646e+02 3.914e+02 248 0 3 5.577e+02 5.763e+02 173 0 2 1.126e+02 1.394e+02 249 1 3 6.076e+02 6.104e+02 26 1 3 4.410e+02 4.410e+02 -13 1 4 4.491e+02 4.749e+02 239 2 4 5.816e+02 5.944e+02 118
14062 8 0 2 1.869e+02 2.331e+02 429 0 4 1.840e+02 2.360e+02 482 2 1 4.737e+02 4.923e+02 172 2 3 4.696e+02 4.964e+02 248 2 2 4.503e+02 4.737e+02 217 3 3 4.313e+02 4.507e+02 180 3 2 4.472e+02 4.768e+02 275 3 4 4.458e+02 4.782e+02 300
14063 5 0 4 6.670e+02 6.770e+02 92 0 1 6.404e+02 6.616e+02 197 0 3 6.438e+02 6.582e+02 134 0 2 6.656e+02 6.784e+02 120 0 3 6.376e+02 6.644e+02 249
14064 7 0 2 6.654e+02 6.786e+02 122 0 3 5.155e+02 5.345e+02 176 0 4 6.251e+02 6.349e+02 90 0 4 6.153e+02 6.447e+02 274 1 2 5.020e+02 5.060e+02 37 1 4 6.128e+02 6.472e+02 320 3 1 6.176e+01 6.424e+01 23
14067 7 1 4 6.299e+02 6.301e+02 2 1 2 5.853e+02 5.907e+02 50 1 3 5.997e+02 6.183e+02 173 2 3 6.300e+01 6.300e+01 -14 2 3 1.621e+01 2.579e+01 89 2 4 3.807e+01 4.593e+01 73 2 1 5.401e+00 3.660e+01 290
14068 0
14070 3 0 1 6.503e+02 6.517e+02 12 1 4 5.444e+02 5.476e+02 29 2 3 3.149e+02 3.151e+02 1
14071 3 2 3 2.030e+01 2.170e+01 13 2 4 3.264e+01 5.136e+01 174 2 2 2.347e+02 2.693e+02 322
14074 2 0 4 4.620e+02 4.620e+02 -11 3 1 4.716e+02 4.944e+02 212
14075 19 0 1 5.670e+02 5.670e+02 -7 0 2 6.293e+02 6.307e+02 14 0 2 5.021e+02 5.059e+02 35 0 3 5.211e+02 5.289e+02 73 0 4 5.780e+02 5.980e+02 186 0 4 5.022e+02 5.058e+02 33 0 2 5.449e+02 5.471e+02 20 0 3 5.969e+02 6.211e+02 224 0 1 5.172e+02 5.328e+02 145 0 4 6.197e+02 6.403e+02 192 0 3 6.375e+02 6.645e+02 250 0 3 5.501e+02 5.839e+02 315 0 1 5.930e+02 6.250e+02 296 0 1 5.088e+02 5.412e+02 301 0 1 5.492e+02 5.848e+02 331 2 4 6.279e+02 6.321e+02 40 2 4 5.803e+02 5.957e+02 144 2 3 5.594e+02 5.746e+02 140 2 3 5.991e+02 6.189e+02 185
14077 3 0 4 5.731e+02 6.029e+02 276 2 4 5.449e+02 5.471e+02 20 2 2 1.659e+02 1.701e+02 40
14078 0
14080 7 0 1 1.234e+02 1.706e+02 438 0 2 6.472e+02 6.968e+02 461 1 4 4.403e+02 4.837e+02 404 2 1 4.363e+02 4.457e+02 88 3 2 5.341e+02 5.579e+02 220 3 3 5.084e+02 5.416e+02 309 3 4 5.346e+02 5.574e+02 211
14081 0
14083 5 2 2 3.767e+01 4.633e+01 80 2 1 6.114e+01 6.486e+01 35 2 4 3.399e+01 5.001e+01 149 2 3 5.090e+01 7.510e+01 225 2 4 2.757e+01 5.643e+01 268
14087 11 0 4 6.256e+02 6.344e+02 82 0 1 6.441e+02 6.579e+02 128 0 2 5.392e+02 5.528e+02 126 0 3 6.425e+02 6.595e+02 158 0 3 5.566e+02 5.774e+02 193 0 2 6.670e+02 6.770e+02 92 0 1 5.503e+02 5.837e+02 310 0 4 6.600e+02 6.840e+02 222 2 2 8.178e+01 8.622e+01 41 2 4 8.083e+01 8.717e+01 59 2 3 5.090e+01 7.510e+01 225
14089 8 0 2 5.427e+02 5.493e+02 60 0 4 5.819e+02 5.941e+02 114 0 3 6.459e+02 6.561e+02 94 0 2 6.193e+02 6.407e+02 198 0 1 6.381e+02 6.639e+02 239 0 1 5.088e+02 5.412e+02 301 0 4 6.157e+02 6.443e+02 266 0 3 5.896e+02 6.284e+02 360
14090 0
14091 9 0 4 5.727e+02 6.033e+02 285 2 2 2.075e+02 2.125e+02 47 2 4 2.098e+02 2.102e+02 3 2 1 2.145e+02 2.475e+02 307 2 3 2.122e+02 2.498e+02 349 3 1 1.434e+02 1.506e+02 66 3 3 1.410e+02 1.530e+02 112 3 2 1.112e+02 1.408e+02 276 3 4 1.132e+02 1.388e+02 237
