15193 23 1 4 6.195e+02 6.405e+02 196 1 2 5.829e+02 5.931e+02 96 1 2 6.123e+02 6.477e+02 330 2 4 4.595e+02 4.645e+02 47 2 2 8.079e+01 8.721e+01 60 2 3 6.063e+02 6.117e+02 50 2 4 1.660e+02 1.700e+02 37 2 3 6.480e+02 6.540e+02 56 2 1 3.132e+02 3.168e+02 34 2 3 4.739e+02 4.921e+02 169 2 3 1.043e+02 1.057e+02 13 2 2 6.283e+02 6.317e+02 31 2 1 1.860e+02 1.920e+02 56 2 1 6.405e+02 6.615e+02 195 2 3 2.614e+02 2.846e+02 216 2 2 4.436e+02 4.804e+02 341 2 4 7.105e+01 9.695e+01 240 2 4 6.172e+02 6.428e+02 238 2 2 1.560e+02 1.800e+02 223 2 4 5.738e+02 6.022e+02 264 2 2 2.868e+02 3.012e+02 135 2 3 1.748e+02 2.032e+02 264 2 4 2.827e+02 3.053e+02 210
15195 16 0 1 5.615e+02 5.725e+02 102 0 1 4.397e+02 4.423e+02 24 0 4 4.581e+02 4.659e+02 73 0 3 5.642e+02 5.698e+02 51 0 1 6.386e+02 6.634e+02 230 0 3 4.396e+02 4.424e+02 26 0 2 4.488e+02 4.752e+02 246 0 4 5.702e+02 6.058e+02 330 1 4 6.261e+02 6.339e+02 73 1 1 5.619e+02 5.721e+02 95 1 2 6.225e+02 6.375e+02 139 2 3 1.788e+01 2.412e+01 58 2 2 4.164e+02 4.236e+02 67 2 1 5.611e+01 6.989e+01 128 2 2 4.062e+02 4.338e+02 256 2 3 4.266e+02 4.554e+02 268
15196 5 0 3 4.605e+02 5.055e+02 417 0 2 4.811e+02 5.269e+02 425 0 3 5.019e+02 5.481e+02 430 0 4 4.371e+02 4.869e+02 463 2 3 3.955e+01 8.645e+01 436
15198 2 2 3 5.122e+02 5.378e+02 238 3 2 8.400e+01 8.400e+01 -4
15199 43 0 1 6.461e+02 6.559e+02 90 0 4 5.839e+02 5.921e+02 76 0 2 6.654e+02 6.786e+02 123 0 1 5.500e+02 5.840e+02 316 0 4 6.687e+02 6.753e+02 61 0 1 4.668e+02 4.992e+02 300 0 3 6.389e+02 6.631e+02 224 0 4 6.551e+02 6.889e+02 313 0 1 6.333e+02 6.687e+02 328 1 4 6.293e+02 6.307e+02 13 1 4 5.855e+02 5.905e+02 47 1 3 6.040e+02 6.140e+02 93 1 1 4.341e+02 4.479e+02 128 1 1 5.217e+02 5.283e+02 60 1 2 5.810e+02 5.950e+02 130 1 2 6.298e+02 6.302e+02 4 1 2 5.373e+02 5.547e+02 162 1 1 6.033e+02 6.147e+02 106 1 3 5.503e+02 5.837e+02 310 1 4 5.310e+02 5.610e+02 278 2 2 3.345e+02 3.375e+02 28 2 3 3.976e+02 4.004e+02 26 2 3 6.198e+01 6.402e+01 19 2 4 1.623e+02 1.737e+02 106 2 1 5.218e+02 5.282e+02 60 2 4 2.081e+02 2.119e+02 35 2 4 5.839e+02 5.921e+02 76 2 4 2.935e+02 2.945e+02 9 2 2 4.952e+02 5.128e+02 163 2 4 3.744e+02 3.816e+02 66 2 4 4.940e+02 5.140e+02 186 2 4 3.955e+01 4.445e+01 46 2 3 4.652e+02 5.008e+02 331 2 4 7.881e+01 8.919e+01 96 2 1 2.303e+02 2.317e+02 12 2 1 3.139e+02 3.161e+02 20 2 1 3.509e+02 3.631e+02 114 2 3 2.278e+02 2.342e+02 59 2 3 3.123e+02 3.177e+02 50 2 4 3.184e+02 3.536e+02 326 2 2 2.387e+02 2.653e+02 247 2 2 2.794e+02 3.086e+02 270 2 4 2.378e+02 2.662e+02 263
15201 53 0 3 4.817e+02 4.843e+02 25 0 4 3.315e+02 3.405e+02 84 0 1 6.073e+02 6.107e+02 32 0 2 5.037e+02 5.043e+02 6 0 4 3.614e+01 4.786e+01 109 0 2 5.413e+02 5.507e+02 87 0 3 6.065e+02 6.115e+02 46 0 1 4.727e+02 4.933e+02 191 0 3 5.154e+02 5.346e+02 179 0 2 6.284e+02 6.316e+02 30 0 2 6.602e+02 6.838e+02 219 0 4 4.925e+02 5.155e+02 213 0 1 5.054e+02 5.446e+02 365 0 4 6.239e+02 6.361e+02 114 0 4 6.586e+02 6.854e+02 248 0 2 4.472e+02 4.768e+02 276 1 1 5.655e+02 5.685e+02 28 1 4 3.352e+02 3.368e+02 15 1 3 6.090e+02 6.090e+02 -9 1 4 4.620e+02 4.620e+02 -7 1 4 3.253e+02 3.467e+02 199 1 4 5.824e+02 5.936e+02 104 1 3 4.304e+02 4.516e+02 197 1 2 6.293e+02 6.307e+02 12 1 2 4.487e+02 4.753e+02 247 1 4 6.271e+02 6.329e+02 54 1 3 5.066e+02 5.434e+02 341 1 4 5.713e+02 6.047e+02 310 1 1 6.090e+02 6.090e+02 -3 1 4 6.119e+02 6.481e+02 336 2 3 3.136e+02 3.164e+02 26 2 2 3.343e+02 3.377e+02 32 2 3 3.955e+02 4.025e+02 66 2 3 2.021e+01 2.179e+01 15 2 4 5.880e+02 5.880e+02 -1 2 2 8.249e+01 8.551e+01 28 2 2 4.193e+02 4.207e+02 13 2 4 1.597e+02 1.763e+02 154 2 4 4.153e+02 4.247e+02 86 2 4 3.342e+02 3.378e+02 33 2 3 4.342e+02 4.478e+02 126 2 2 4.148e+01 4.252e+01 10 2 4 8.092e+01 8.708e+01 57 2 1 3.904e+02 4.076e+02 160 2 1 1.832e+02 1.948e+02 107 2 3 3.808e+02 4.172e+02 339 2 2 2.392e+02 2.648e+02 237 2 1 3.009e+02 3.291e+02 262 2 2 3.247e+02 3.473e+02 210 2 4 3.623e+01 4.777e+01 107 2 4 1.194e+02 1.326e+02 123 3 1 2.061e+01 2.139e+01 7 3 2 1.260e+02 1.260e+02 -4
15204 3 0 1 5.154e+02 5.346e+02 179 0 3 5.125e+02 5.375e+02 233 0 2 5.366e+02 5.554e+02 174
15206 35 0 1 1.675e+02 2.105e+02 400 0 4 1.861e+02 2.339e+02 443 0 1 5.401e+02 5.939e+02 500 0 4 5.615e+02 6.145e+02 491 1 3 5.236e+02 5.264e+02 26 1 4 5.375e+02 5.545e+02 157 1 2 4.982e+02 5.098e+02 107 1 1 5.455e+02 5.885e+02 399 2 2 4.183e+02 4.217e+02 31 2 4 2.099e+02 2.101e+02 2 2 3 3.117e+02 3.183e+02 60 2 3 4.359e+02 4.461e+02 95 2 2 3.331e+02 3.389e+02 53 2 2 6.667e+02 6.773e+02 98 2 4 4.027e+01 4.373e+01 32 2 4 4.112e+02 4.288e+02 163 2 4 8.271e+01 8.529e+01 24 2 2 4.526e+02 4.714e+02 176 2 1 1.796e+02 1.984e+02 174 2 4 6.120e+02 6.480e+02 335 2 4 2.826e+02 3.054e+02 211 2 4 6.533e+02 6.907e+02 347 2 1 5.350e+01 7.250e+01 176 2 1 4.311e+02 4.509e+02 184 2 2 7.491e+01 9.309e+01 169 2 3 6.336e+02 6.684e+02 324 2 2 1.554e+02 1.806e+02 234 2 3 3.826e+02 4.154e+02 306 2 2 2.968e+01 5.432e+01 229 2 4 4.009e+02 4.391e+02 356 2 3 8.886e+01 1.211e+02 300 2 3 1.691e+02 2.089e+02 370 2 3 4.754e+01 7.846e+01 287 3 3 1.392e+02 1.548e+02 146 3 4 4.029e+02 4.371e+02 317
15208 0
15209 11 2 2 4.200e+01 4.200e+01 -12 2 1 2.284e+02 2.336e+02 49 2 2 4.143e+02 4.257e+02 106 2 4 3.753e+01 4.647e+01 83 2 2 1.556e+02 1.804e+02 230 2 2 2.024e+02 2.176e+02 140 2 1 5.974e+01 6.626e+01 60 2 1 1.341e+02 1.599e+02 239 2 1 5.306e+01 7.294e+01 185 2 4 1.518e+02 1.842e+02 300 2 3 7.959e+00 3.404e+01 242
15210 2 0 2 6.720e+02 6.720e+02 -5 0 4 6.717e+02 6.723e+02 6
15211 12 0 4 3.309e+02 3.411e+02 96 0 3 6.502e+02 6.518e+02 15 0 2 6.149e+02 6.451e+02 280 0 4 6.597e+02 6.843e+02 228 0 3 3.824e+02 4.156e+02 308 0 1 5.130e+02 5.370e+02 223 0 2 6.546e+02 6.894e+02 323 0 2 4.866e+02 5.214e+02 324 2 3 6.046e+01 6.554e+01 47 2 1 5.140e+01 7.460e+01 216 2 2 7.083e+01 9.717e+01 245 2 4 2.223e+01 6.177e+01 367
15213 5 0 4 4.165e+02 4.235e+02 66 0 2 3.657e+02 3.903e+02 228 0 3 5.568e+02 5.772e+02 189 0 1 5.126e+02 5.374e+02 230 3 1 4.819e+02 4.841e+02 21
15216 4 2 1 6.266e+01 6.334e+01 6 2 4 4.161e+01 4.239e+01 7 2 3 5.090e+01 7.510e+01 225 2 2 2.703e+01 5.697e+01 278
15217 29 0 4 6.720e+02 6.720e+02 0 0 3 3.926e+02 4.054e+02 118 0 2 3.688e+02 3.872e+02 171 0 4 4.598e+02 4.642e+02 40 0 4 5.813e+02 5.947e+02 124 0 1 6.486e+02 6.534e+02 44 0 3 6.053e+02 6.127e+02 69 0 3 6.474e+02 6.546e+02 66 0 2 6.240e+02 6.360e+02 111 0 2 6.692e+02 6.748e+02 51 0 4 6.177e+02 6.423e+02 228 0 3 6.424e+02 6.596e+02 159 1 4 6.263e+02 6.337e+02 68 1 4 7.015e+01 9.785e+01 257 2 3 1.725e+01 2.475e+01 70 2 2 8.400e+01 8.400e+01 -24 2 3 1.430e+02 1.510e+02 74 2 3 3.095e+02 3.205e+02 103 2 2 3.252e+02 3.468e+02 201 2 1 1.510e+01 2.690e+01 110 2 2 1.210e+02 1.310e+02 93 2 2 1.656e+02 1.704e+02 44 2 1 3.058e+02 3.242e+02 171 2 2 2.308e+01 6.092e+01 351 2 4 7.204e+01 9.596e+01 222 2 1 1.826e+02 1.954e+02 118 2 4 1.082e+02 1.438e+02 330 2 3 1.335e+02 1.605e+02 251 2 1 1.721e+02 2.059e+02 315
15218 0
15219 13 0 3 5.615e+02 5.725e+02 102 0 2 5.339e+02 5.581e+02 225 2 1 2.720e+02 2.740e+02 19 2 2 4.616e+02 4.624e+02 7 2 3 2.283e+02 2.337e+02 50 2 4 4.166e+01 4.234e+01 6 2 4 4.586e+02 4.654e+02 63 2 4 1.210e+02 1.310e+02 93 2 3 4.719e+02 4.941e+02 206 2 4 2.031e+02 2.169e+02 128 2 1 2.543e+02 2.917e+02 347 2 2 2.361e+02 2.679e+02 295 2 1 2.143e+02 2.477e+02 310
15220 3 2 2 1.172e+02 1.348e+02 164 2 3 1.773e+02 2.007e+02 217 2 2 1.097e+02 1.423e+02 302
15221 71 0 1 3.971e+02 4.009e+02 36 0 3 6.471e+02 6.549e+02 73 0 2 3.779e+02 3.781e+02 1 0 4 4.200e+02 4.200e+02 0 0 4 3.617e+02 3.943e+02 303 0 2 5.348e+02 5.572e+02 209 0 4 5.786e+02 5.974e+02 175 0 1 6.459e+02 6.561e+02 96 0 1 3.882e+02 4.098e+02 200 0 1 5.959e+02 6.221e+02 244 0 2 6.610e+02 6.830e+02 205 0 3 3.935e+02 4.045e+02 101 0 1 5.028e+02 5.472e+02 413 0 4 6.173e+02 6.427e+02 236 0 4 6.639e+02 6.801e+02 150 0 3 5.924e+02 6.256e+02 309 0 3 6.364e+02 6.656e+02 270 0 2 6.118e+02 6.482e+02 338 0 1 5.843e+02 6.337e+02 459 0 2 6.047e+02 6.553e+02 470 1 2 6.268e+02 6.332e+02 60 1 4 3.321e+02 3.399e+02 73 1 4 3.239e+02 3.481e+02 226 1 4 4.990e+02 5.090e+02 92 1 4 5.811e+02 5.949e+02 128 1 4 6.249e+02 6.351e+02 94 1 4 5.408e+02 5.512e+02 96 1 2 6.184e+02 6.416e+02 216 1 4 4.871e+02 5.209e+02 314 1 1 5.590e+02 5.750e+02 148 1 2 5.792e+02 5.968e+02 164 1 3 5.508e+02 5.832e+02 300 2 3 2.100e+01 2.100e+01 -5 2 3 6.079e+02 6.101e+02 21 2 4 8.361e+01 8.439e+01 7 2 3 6.507e+02 6.513e+02 6 2 2 1.655e+02 1.705e+02 46 2 4 5.029e+02 5.051e+02 20 2 1 2.292e+02 2.328e+02 33 2 2 6.249e+02 6.351e+02 96 2 4 4.200e+01 4.200e+01 -2 2 2 6.716e+02 6.724e+02 7 2 4 1.260e+02 1.260e+02 -5 2 3 5.529e+02 5.811e+02 262 2 3 1.886e+02 1.894e+02 7 2 4 6.165e+02 6.435e+02 251 2 2 2.043e+02 2.157e+02 106 2 4 5.303e+02 5.617e+02 292 2 4 3.241e+02 3.479e+02 220 2 4 5.723e+02 6.037e+02 291 2 1 6.266e+01 6.334e+01 6 2 2 8.303e+01 8.497e+01 18 2 3 1.418e+02 1.522e+02 96 2 4 2.035e+02 2.165e+02 120 2 3 6.300e+01 6.300e+01 -14 2 2 1.176e+02 1.344e+02 156 2 1 1.823e+02 1.957e+02 125 2 4 1.943e+02 2.257e+02 292 2 2 3.129e+01 5.271e+01 199 2 4 6.939e+01 9.861e+01 271 2 1 1.353e+02 1.587e+02 217 2 3 2.124e+02 2.496e+02 346 2 3 5.521e+01 7.079e+01 145 2 4 1.103e+02 1.417e+02 291 2 1 1.736e+02 2.044e+02 286 2 2 1.925e+02 2.275e+02 325 2 1 6.838e+00 3.516e+01 263 2 3 1.734e+02 2.046e+02 290 2 4 2.573e+01 5.827e+01 302 2 1 4.736e+01 7.864e+01 290 3 1 2.240e+02 2.380e+02 130
15222 9 0 1 2.263e+02 2.357e+02 88 0 1 5.631e+02 5.709e+02 72 0 4 2.883e+02 2.997e+02 106 0 4 5.880e+02 5.880e+02 -3 0 3 2.197e+02 2.423e+02 210 0 1 6.459e+02 6.561e+02 95 0 3 5.556e+02 5.784e+02 211 1 2 6.300e+02 6.300e+02 -5 1 1 6.018e+02 6.162e+02 133
15224 15 2 4 2.932e+02 2.948e+02 16 2 1 3.492e+02 3.648e+02 145 2 3 3.865e+02 4.115e+02 232 2 3 2.584e+02 2.876e+02 271 2 2 3.703e+02 3.857e+02 142 2 3 3.009e+02 3.291e+02 262 2 4 3.681e+02 3.879e+02 185 2 3 3.436e+02 3.704e+02 249 3 3 4.825e+02 4.835e+02 10 3 2 5.431e+02 5.489e+02 53 3 4 4.521e+02 4.719e+02 185 3 1 5.213e+02 5.287e+02 69 3 4 5.409e+02 5.511e+02 95 3 1 5.514e+02 5.826e+02 290 3 3 5.531e+02 5.809e+02 258
15225 0
15228 15 0 3 3.990e+02 3.990e+02 -10 0 2 6.707e+02 6.733e+02 24 0 1 3.873e+02 4.107e+02 217 0 2 3.647e+02 3.913e+02 247 0 1 6.338e+02 6.682e+02 320 0 4 4.041e+02 4.359e+02 295 2 4 3.326e+02 3.394e+02 64 2 3 1.914e+01 2.286e+01 35 2 4 8.294e+01 8.506e+01 20 2 3 3.528e+02 3.612e+02 77 2 1 1.240e+01 2.960e+01 160 2 4 7.738e+01 9.062e+01 123 2 1 3.465e+02 3.675e+02 195 2 2 2.972e+01 5.428e+01 228 2 2 3.617e+02 3.943e+02 302
15229 1 1 2 6.122e+02 6.478e+02 330
15230 2 0 1 6.493e+02 6.527e+02 32 0 2 6.530e+02 6.910e+02 353
15231 4 0 3 5.222e+02 5.278e+02 52 0 2 4.965e+02 5.115e+02 140 0 1 4.668e+02 4.992e+02 300 2 3 1.159e+01 3.041e+01 175
15232 37 0 2 6.674e+02 6.766e+02 86 0 3 2.627e+02 2.833e+02 192 0 1 5.524e+02 5.816e+02 270 0 1 5.901e+02 6.279e+02 350 0 1 6.364e+02 6.656e+02 270 0 3 5.912e+02 6.268e+02 330 0 3 6.337e+02 6.683e+02 321 1 2 5.745e+02 6.015e+02 251 1 1 5.961e+02 6.219e+02 239 1 2 6.170e+02 6.430e+02 242 2 2 2.053e+02 2.147e+02 87 2 2 4.192e+02 4.208e+02 16 2 3 2.070e+01 2.130e+01 6 2 3 5.988e+02 6.192e+02 190 2 4 8.065e+01 8.735e+01 62 2 3 1.864e+02 1.916e+02 48 2 3 3.848e+02 4.132e+02 264 2 1 2.185e+02 2.435e+02 232 2 2 6.168e+02 6.432e+02 245 2 4 3.631e+02 3.929e+02 276 2 2 3.906e+01 4.494e+01 55 2 1 4.271e+02 4.549e+02 258 2 3 9.550e+01 1.145e+02 176 2 4 6.142e+02 6.458e+02 293 2 1 1.429e+02 1.511e+02 76 2 4 4.005e+02 4.395e+02 361 2 4 1.936e+02 2.264e+02 306 2 1 5.310e+01 7.290e+01 184 2 2 1.145e+02 1.375e+02 214 2 3 1.441e+02 1.499e+02 53 2 3 5.175e+01 7.425e+01 209 2 4 1.113e+02 1.407e+02 274 2 2 1.671e+02 1.689e+02 17 2 4 2.900e+01 5.500e+01 241 2 1 1.269e+02 1.671e+02 374 3 4 2.896e+01 5.504e+01 242 3 3 4.435e+01 8.165e+01 346
15233 6 2 4 6.221e+02 6.379e+02 146 2 3 5.938e+02 6.242e+02 282 3 3 5.974e+01 6.626e+01 60 3 4 3.695e+01 4.705e+01 94 3 1 5.157e+01 7.443e+01 212 3 2 6.957e+01 9.843e+01 268
15235 8 0 2 6.691e+02 6.749e+02 55 0 1 6.378e+02 6.642e+02 246 0 3 6.361e+02 6.659e+02 276 2 3 1.384e+01 2.816e+01 133 2 2 3.596e+01 4.804e+01 112 2 4 7.002e+01 9.798e+01 260 2 4 2.869e+01 5.531e+01 247 2 1 4.506e+00 3.749e+01 306
15236 0
15237 3 0 4 6.626e+02 6.814e+02 175 0 1 6.328e+02 6.692e+02 339 0 3 6.297e+02 6.723e+02 396
15238 26 0 4 6.263e+02 6.337e+02 69 0 2 6.699e+02 6.741e+02 40 0 1 6.002e+02 6.178e+02 163 0 4 6.720e+02 6.720e+02 -1 0 3 5.957e+02 6.223e+02 246 0 1 6.440e+02 6.580e+02 130 0 2 6.221e+02 6.379e+02 146 0 3 6.439e+02 6.581e+02 132 0 2 6.606e+02 6.834e+02 212 0 2 6.548e+02 6.892e+02 319 2 1 3.990e+02 3.990e+02 -14 2 2 3.740e+02 3.820e+02 74 2 4 6.175e+02 6.425e+02 233 2 2 3.865e+01 4.535e+01 62 2 3 9.375e+01 1.162e+02 209 2 4 1.638e+02 1.722e+02 77 2 2 2.062e+02 2.138e+02 71 2 4 3.687e+02 3.873e+02 172 2 4 3.708e+01 4.692e+01 91 2 2 1.206e+02 1.314e+02 100 2 3 1.822e+02 1.958e+02 126 2 2 1.948e+02 2.252e+02 282 2 3 3.415e+02 3.725e+02 288 2 1 5.198e+01 7.402e+01 205 2 4 1.193e+02 1.327e+02 124 2 3 4.099e+00 3.790e+01 314
15242 12 0 3 3.979e+02 4.001e+02 20 0 2 5.438e+02 5.482e+02 40 0 3 5.519e+02 5.821e+02 280 0 4 4.024e+02 4.376e+02 326 0 1 5.081e+02 5.419e+02 313 1 3 5.670e+02 5.670e+02 -6 1 4 5.725e+02 6.035e+02 288 1 3 5.923e+02 6.257e+02 310 2 2 3.636e+01 4.764e+01 105 2 4 3.067e+01 5.333e+01 210 2 3 9.305e+00 3.269e+01 217 2 1 3.968e+00 3.803e+01 316
15243 6 0 2 6.687e+02 6.753e+02 61 0 4 6.697e+02 6.743e+02 42 0 1 6.394e+02 6.626e+02 215 1 1 6.010e+01 6.590e+01 54 1 2 8.007e+01 8.793e+01 73 2 1 3.983e+02 3.997e+02 14
15244 12 0 2 6.186e+02 6.414e+02 211 0 4 6.651e+02 6.789e+02 129 0 4 6.144e+02 6.456e+02 290 0 1 6.382e+02 6.638e+02 238 0 3 6.411e+02 6.609e+02 183 0 2 6.575e+02 6.865e+02 270 1 3 1.729e+02 2.051e+02 299 1 1 1.648e+02 2.132e+02 449 1 4 1.831e+02 2.369e+02 500 2 4 1.109e+02 1.411e+02 280 2 1 6.258e+02 6.762e+02 467 2 3 8.500e+01 1.250e+02 371
15246 21 0 1 3.134e+02 3.166e+02 30 0 1 6.455e+02 6.565e+02 102 0 4 3.324e+02 3.396e+02 66 0 1 5.622e+02 5.718e+02 89 0 2 3.281e+02 3.439e+02 147 0 4 5.830e+02 5.930e+02 93 0 2 4.992e+02 5.088e+02 90 0 3 5.558e+02 5.782e+02 209 0 4 6.204e+02 6.396e+02 179 0 3 6.411e+02 6.609e+02 185 0 4 4.938e+02 5.142e+02 190 0 3 5.148e+02 5.352e+02 190 0 1 5.076e+02 5.424e+02 324 2 3 9.995e+01 1.101e+02 94 2 4 1.680e+02 1.680e+02 -14 2 2 7.796e+01 9.004e+01 112 2 3 1.834e+02 1.946e+02 105 2 3 4.853e+01 7.747e+01 269 2 4 1.097e+02 1.423e+02 303 2 3 7.959e+00 3.404e+01 242 2 3 8.895e+01 1.210e+02 298
15247 0
