9021 1 0 1 1.195e+01 3.005e+01 168
9023 4 0 2 6.707e+02 6.733e+02 24 0 3 6.332e+02 6.688e+02 330 2 1 2.800e+00 3.920e+01 338 2 4 4.092e+02 4.308e+02 200
9024 6 0 2 6.693e+02 6.747e+02 50 0 4 6.675e+02 6.765e+02 83 0 2 6.637e+02 6.803e+02 154 1 4 5.453e+02 5.467e+02 13 2 4 3.959e+01 4.441e+01 45 2 3 4.772e+00 3.723e+01 301
9027 0
9028 9 1 1 6.060e+02 6.120e+02 56 1 1 5.994e+02 6.186e+02 179 1 1 5.485e+02 5.855e+02 343 2 3 2.281e+02 2.339e+02 53 2 2 2.450e+02 2.590e+02 130 2 3 1.278e+02 1.662e+02 356 2 4 1.929e+02 2.271e+02 318 2 1 2.530e+02 2.930e+02 372 2 1 2.117e+02 2.503e+02 358
9030 31 2 4 1.625e+02 1.735e+02 102 2 4 4.609e+02 4.631e+02 20 2 1 3.125e+02 3.175e+02 46 2 1 4.394e+02 4.426e+02 30 2 4 3.299e+02 3.421e+02 114 2 2 4.597e+02 4.643e+02 42 2 2 1.577e+02 1.783e+02 191 2 3 6.004e+02 6.176e+02 159 2 3 3.114e+02 3.186e+02 67 2 3 4.377e+02 4.443e+02 61 2 2 3.197e+02 3.523e+02 303 2 1 4.649e+02 5.011e+02 336 2 1 1.354e+02 1.586e+02 215 2 2 4.014e+02 4.386e+02 346 2 3 3.381e+02 3.759e+02 350 2 3 4.653e+02 5.007e+02 329 2 3 1.305e+02 1.635e+02 306 2 4 4.040e+02 4.360e+02 296 3 3 5.249e+02 5.251e+02 2 3 2 3.335e+02 3.385e+02 46 3 1 3.955e+02 4.025e+02 65 3 4 5.001e+02 5.079e+02 72 3 1 4.402e+02 4.418e+02 16 3 3 3.941e+02 4.039e+02 91 3 3 4.392e+02 4.428e+02 33 3 3 3.881e+02 4.099e+02 202 3 2 4.170e+02 4.230e+02 56 3 2 3.621e+02 3.939e+02 296 3 4 4.105e+02 4.295e+02 176 3 4 3.623e+02 3.937e+02 291 3 2 4.461e+02 4.779e+02 295
9033 1 0 1 3.018e+02 3.282e+02 246
9035 15 0 4 4.598e+02 4.642e+02 41 0 3 2.286e+02 2.334e+02 46 0 2 2.062e+02 2.138e+02 70 0 4 6.163e+02 6.437e+02 255 0 4 2.381e+02 2.659e+02 258 0 4 4.815e+02 5.265e+02 417 0 1 1.216e+02 1.724e+02 472 0 1 4.589e+02 5.071e+02 448 2 3 1.465e+02 1.475e+02 10 2 4 1.146e+02 1.374e+02 211 2 2 1.629e+02 1.731e+02 94 2 1 9.625e-01 4.104e+01 372 2 1 1.720e+02 2.060e+02 316 2 4 2.030e+01 6.370e+01 403 2 1 1.299e+02 1.641e+02 318
9038 0
9039 5 0 3 7.781e+00 3.422e+01 246 0 4 2.452e+01 5.948e+01 325 3 2 2.037e+02 2.163e+02 117 3 4 2.066e+02 2.134e+02 64 3 3 2.177e+02 2.443e+02 247
9040 1 2 2 3.776e+02 3.784e+02 7
9042 9 0 1 5.250e+02 5.250e+02 -4 0 3 5.117e+02 5.383e+02 246 0 2 5.339e+02 5.581e+02 226 2 2 4.918e+02 5.162e+02 226 2 4 4.901e+02 5.179e+02 259 2 1 5.062e+02 5.438e+02 349 2 2 4.813e+02 5.267e+02 422 2 3 5.005e+02 5.495e+02 455 2 1 4.600e+02 5.060e+02 428
9044 7 0 3 6.437e+02 6.583e+02 136 2 3 1.505e+01 2.695e+01 110 2 1 1.518e+01 2.682e+01 108 2 2 2.021e+01 6.379e+01 405 2 4 2.173e+01 6.227e+01 376 3 4 3.668e+01 4.732e+01 99 3 3 -5.216e-01 4.252e+01 400
9046 14 0 3 6.503e+02 6.517e+02 13 0 2 6.699e+02 6.741e+02 39 0 2 6.153e+02 6.447e+02 273 0 4 6.698e+02 6.742e+02 41 0 4 6.131e+02 6.469e+02 315 0 1 6.436e+02 6.584e+02 137 0 1 6.372e+02 6.648e+02 257 0 3 6.405e+02 6.615e+02 196 0 1 6.310e+02 6.710e+02 370 0 3 6.324e+02 6.696e+02 346 2 4 1.664e+02 1.696e+02 30 2 4 3.344e+02 3.376e+02 30 2 3 5.221e+02 5.279e+02 54 2 4 4.947e+02 5.133e+02 173
9048 7 0 3 5.059e+02 5.441e+02 355 0 1 4.986e+02 5.514e+02 490 1 3 5.507e+02 5.833e+02 302 2 1 5.786e+01 6.814e+01 96 2 3 5.997e+01 6.603e+01 56 2 2 6.800e+01 1.000e+02 297 2 4 2.232e+01 6.168e+01 366
9049 5 0 1 6.067e+02 6.113e+02 42 0 3 6.017e+02 6.163e+02 136 0 4 6.188e+02 6.412e+02 208 0 2 6.132e+02 6.468e+02 311 1 2 6.218e+02 6.382e+02 151
9050 11 0 4 6.291e+02 6.309e+02 16 0 1 5.987e+02 6.193e+02 190 0 2 6.681e+02 6.759e+02 73 0 2 6.240e+02 6.360e+02 111 0 4 6.645e+02 6.795e+02 139 0 3 5.920e+02 6.260e+02 316 2 4 5.030e+02 5.050e+02 19 2 3 3.044e+02 3.256e+02 196 2 1 3.525e+02 3.615e+02 83 2 4 2.771e+02 3.109e+02 313 2 2 3.289e+02 3.431e+02 131
9052 8 0 4 4.596e+02 4.644e+02 46 0 2 5.425e+02 5.495e+02 66 0 3 4.312e+02 4.508e+02 181 0 2 4.501e+02 4.739e+02 220 2 2 3.339e+02 3.381e+02 39 2 1 3.974e+02 4.006e+02 30 2 3 3.023e+02 3.277e+02 236 2 4 3.293e+02 3.427e+02 124
9053 9 0 4 3.358e+02 3.362e+02 4 0 4 4.445e+02 4.795e+02 325 1 3 5.655e+02 5.685e+02 28 1 3 5.209e+02 5.291e+02 76 1 1 4.780e+02 4.880e+02 93 1 2 4.868e+02 5.212e+02 320 2 1 1.752e+01 2.448e+01 65 2 3 8.410e+00 3.359e+01 234 3 1 1.819e+01 2.381e+01 52
9054 0
9055 9 0 1 5.605e+02 5.735e+02 120 0 2 5.348e+02 5.572e+02 209 0 3 5.571e+02 5.769e+02 184 2 3 6.090e+02 6.090e+02 -10 2 4 1.260e+02 1.260e+02 -12 2 4 5.804e+02 5.956e+02 140 2 2 6.200e+02 6.400e+02 186 2 4 5.747e+02 6.013e+02 246 2 1 5.931e+02 6.249e+02 295
9056 13 0 1 6.491e+02 6.529e+02 36 0 4 6.629e+02 6.811e+02 170 0 3 6.414e+02 6.606e+02 178 0 3 5.068e+02 5.432e+02 339 0 2 6.590e+02 6.850e+02 242 2 4 2.456e+02 2.584e+02 118 2 1 6.109e+01 6.491e+01 36 2 2 1.249e+02 1.271e+02 20 2 4 3.021e+01 5.379e+01 219 2 4 1.200e+02 1.320e+02 112 2 3 2.572e+02 2.888e+02 294 2 2 2.519e+01 5.881e+01 312 2 3 8.554e+01 1.245e+02 361
9058 6 1 2 4.608e+02 4.632e+02 22 1 2 3.335e+02 3.385e+02 47 1 1 6.052e+02 6.128e+02 71 1 1 3.518e+02 3.622e+02 96 1 2 6.264e+02 6.336e+02 66 3 2 1.219e+02 1.301e+02 76
9062 0
9064 1 2 4 7.024e+01 9.776e+01 256
9065 3 1 3 5.650e+02 5.690e+02 37 2 1 3.956e+02 4.024e+02 64 2 4 1.918e+02 2.282e+02 338
9066 12 0 1 6.281e+02 6.739e+02 426 2 3 9.820e+01 1.118e+02 126 2 4 1.569e+02 1.791e+02 206 2 4 7.383e+01 9.417e+01 189 2 3 1.352e+02 1.588e+02 220 2 3 -3.399e-01 4.234e+01 396 2 2 1.511e+02 1.849e+02 315 2 2 1.882e+02 2.318e+02 406 2 2 2.331e+01 6.069e+01 347 2 4 1.851e+02 2.349e+02 463 2 3 2.093e+02 2.527e+02 403 2 2 2.286e+02 2.754e+02 435
9068 8 0 2 3.747e+02 3.813e+02 60 0 4 3.697e+02 3.863e+02 155 0 1 3.453e+02 3.687e+02 218 0 3 3.806e+02 4.174e+02 342 2 4 2.870e+02 3.010e+02 130 2 3 3.047e+02 3.253e+02 191 2 2 2.864e+02 3.016e+02 141 2 3 -4.469e+00 4.647e+01 473
9069 5 0 4 5.852e+02 5.908e+02 51 0 1 4.394e+02 4.426e+02 30 2 2 4.125e+01 4.275e+01 14 3 2 4.103e+01 4.297e+01 18 3 4 3.654e+01 4.746e+01 101
9070 4 1 4 6.232e+02 6.368e+02 127 1 4 5.807e+02 5.953e+02 136 1 3 5.948e+02 6.232e+02 264 2 4 1.222e+02 1.298e+02 70
