46088 8 1 2 4.189e+02 4.211e+02 21 1 3 4.259e+02 4.561e+02 281 1 2 4.445e+02 4.795e+02 325 2 3 2.021e+01 2.179e+01 15 2 1 5.889e+01 6.711e+01 76 2 3 5.750e+01 6.850e+01 102 2 2 2.465e+01 5.935e+01 322 2 4 2.743e+01 5.657e+01 270
46090 7 2 2 7.809e+01 8.991e+01 110 2 4 3.484e+01 4.916e+01 133 2 4 1.194e+02 1.326e+02 122 2 3 5.413e+01 7.187e+01 165 2 4 6.768e+01 1.003e+02 303 2 3 7.646e+00 3.435e+01 248 2 1 4.471e+01 8.129e+01 340
46091 20 0 2 5.039e+02 5.041e+02 2 0 3 5.230e+02 5.270e+02 37 0 1 6.307e+02 6.713e+02 377 0 4 4.876e+02 5.205e+02 306 0 4 5.685e+02 6.075e+02 362 0 3 6.313e+02 6.707e+02 366 0 4 4.382e+02 4.858e+02 441 1 2 5.680e+02 6.080e+02 371 1 4 4.374e+02 4.866e+02 457 2 4 3.354e+02 3.366e+02 10 2 4 1.239e+02 1.281e+02 40 2 3 1.403e+02 1.537e+02 125 2 2 3.261e+02 3.459e+02 184 2 1 5.355e+01 7.245e+01 176 2 2 7.639e+01 9.161e+01 141 2 3 3.010e+02 3.290e+02 260 2 3 5.445e+01 7.155e+01 159 2 4 7.347e+01 9.453e+01 196 2 2 1.019e+02 1.501e+02 447 2 4 1.044e+02 1.476e+02 401
46092 0
46095 1 2 4 6.603e+02 6.837e+02 216
46096 49 0 1 6.507e+02 6.513e+02 6 0 4 2.504e+02 2.536e+02 30 0 2 5.454e+02 5.466e+02 10 0 4 2.916e+02 2.964e+02 45 0 2 6.297e+02 6.303e+02 6 0 2 1.215e+02 1.305e+02 83 0 2 6.696e+02 6.744e+02 45 0 1 2.269e+02 2.351e+02 76 0 4 4.176e+02 4.224e+02 45 0 2 2.432e+02 2.608e+02 164 0 2 5.036e+02 5.044e+02 7 0 1 1.300e+02 1.640e+02 316 0 4 6.698e+02 6.742e+02 41 0 3 2.148e+02 2.472e+02 300 0 1 3.977e+02 4.003e+02 24 0 4 5.026e+02 5.054e+02 26 0 1 5.111e+02 5.389e+02 258 0 1 5.905e+02 6.275e+02 344 0 3 6.485e+02 6.535e+02 46 0 3 3.882e+02 4.098e+02 201 0 1 4.762e+02 4.898e+02 126 0 3 5.083e+02 5.417e+02 310 0 4 6.584e+02 6.856e+02 252 0 1 4.668e+02 4.992e+02 300 0 1 5.496e+02 5.844e+02 324 0 3 6.324e+02 6.696e+02 346 0 3 4.694e+02 4.966e+02 253 0 3 5.511e+02 5.829e+02 296 1 3 6.083e+02 6.097e+02 12 1 4 6.280e+02 6.320e+02 37 1 2 5.772e+02 5.988e+02 200 1 2 6.266e+02 6.334e+02 64 1 1 5.911e+02 6.269e+02 333 2 3 1.045e+02 1.055e+02 10 2 1 1.861e+02 1.919e+02 54 2 3 3.948e+02 4.032e+02 79 2 2 1.627e+02 1.733e+02 98 2 4 2.071e+02 2.129e+02 54 2 3 3.544e+02 3.596e+02 49 2 4 3.717e+01 4.683e+01 90 2 4 7.563e+01 9.237e+01 156 2 4 1.636e+02 1.724e+02 81 2 1 2.266e+02 2.354e+02 81 2 4 3.622e+02 3.938e+02 294 2 1 1.038e+01 3.162e+01 197 2 3 1.725e+02 2.055e+02 306 2 2 2.001e+02 2.199e+02 185 2 3 6.478e+00 3.552e+01 270 2 3 2.147e+02 2.473e+02 302
46097 3 2 4 1.125e+02 1.395e+02 250 2 4 1.874e+02 2.326e+02 419 3 3 3.974e+02 4.006e+02 30
46098 14 0 2 6.541e+02 6.899e+02 333 2 2 6.300e+02 6.300e+02 -1 2 1 2.700e+02 2.760e+02 56 2 3 1.023e+02 1.077e+02 50 2 4 1.669e+02 1.691e+02 20 2 3 5.573e+02 5.767e+02 180 2 2 2.444e+02 2.596e+02 140 2 4 5.315e+02 5.605e+02 270 2 2 1.223e+02 1.297e+02 69 2 2 5.698e+02 6.062e+02 338 2 4 2.488e+02 2.552e+02 59 2 2 6.122e+02 6.478e+02 330 2 4 7.087e+01 9.713e+01 244 2 3 2.558e+02 2.902e+02 320
46099 1 2 4 1.552e+02 1.808e+02 238
46100 1 3 1 1.036e+02 1.064e+02 26
46101 3 2 2 2.513e+02 2.527e+02 14 2 1 6.080e+02 6.100e+02 18 2 1 4.386e+02 4.434e+02 45
46102 14 0 4 3.360e+02 3.360e+02 -9 0 1 3.129e+02 3.171e+02 40 0 4 4.195e+02 4.205e+02 10 0 2 3.205e+02 3.515e+02 288 0 2 4.619e+02 4.621e+02 1 0 1 6.090e+02 6.090e+02 -18 0 2 6.662e+02 6.778e+02 108 0 1 3.856e+02 4.124e+02 248 0 2 4.518e+02 4.722e+02 190 0 4 6.622e+02 6.818e+02 181 1 4 5.404e+02 5.516e+02 104 1 2 6.146e+02 6.454e+02 286 1 4 6.136e+02 6.464e+02 305 2 3 1.024e+02 1.076e+02 48
46104 5 0 2 6.708e+02 6.732e+02 22 0 1 6.339e+02 6.681e+02 318 2 3 1.450e+02 1.490e+02 37 2 4 1.252e+02 1.268e+02 15 2 2 1.148e+02 1.372e+02 209
46105 12 0 4 4.189e+02 4.211e+02 20 0 3 4.350e+02 4.470e+02 112 0 2 6.550e+02 6.890e+02 316 1 1 5.983e+02 6.197e+02 198 2 1 2.017e+01 2.183e+01 16 2 3 2.100e+01 2.100e+01 -10 2 2 3.865e+01 4.535e+01 62 2 4 3.757e+01 4.643e+01 82 2 1 1.370e+01 2.830e+01 136 2 3 9.440e+00 3.256e+01 215 2 1 5.492e+00 3.651e+01 288 2 2 2.389e+01 6.011e+01 336
46107 6 0 4 5.829e+02 5.931e+02 95 2 3 1.461e+02 1.479e+02 16 2 2 1.258e+02 1.262e+02 3 2 1 1.389e+02 1.551e+02 150 2 4 1.234e+02 1.286e+02 48 2 3 9.376e+01 1.162e+02 209
46108 15 0 1 6.507e+02 6.513e+02 5 0 4 5.030e+02 5.050e+02 19 0 3 6.493e+02 6.527e+02 32 0 4 6.149e+02 6.451e+02 280 0 2 6.678e+02 6.762e+02 79 0 4 6.580e+02 6.860e+02 260 0 2 6.539e+02 6.901e+02 336 1 3 6.079e+02 6.101e+02 20 1 4 6.249e+02 6.351e+02 94 1 2 5.715e+02 6.045e+02 307 2 1 1.577e+01 2.623e+01 97 2 4 5.343e+02 5.577e+02 217 2 3 1.446e+01 2.754e+01 121 2 2 3.349e+01 5.051e+01 158 2 4 2.784e+01 5.616e+01 263
46109 44 0 1 5.661e+02 5.679e+02 16 0 4 3.883e+01 4.517e+01 59 0 4 5.855e+02 5.905e+02 47 0 1 6.476e+02 6.544e+02 63 0 3 4.718e+01 7.882e+01 294 0 4 5.007e+02 5.073e+02 62 0 3 5.641e+02 5.699e+02 54 0 2 6.287e+02 6.313e+02 24 0 3 6.423e+02 6.597e+02 161 0 2 5.390e+02 5.530e+02 130 0 1 5.959e+02 6.221e+02 243 0 2 6.657e+02 6.783e+02 116 0 1 5.515e+02 5.825e+02 288 0 3 5.906e+02 6.274e+02 342 0 4 6.646e+02 6.794e+02 137 0 2 5.313e+02 5.607e+02 273 0 4 5.644e+02 6.116e+02 439 0 2 6.522e+02 6.918e+02 368 0 1 6.319e+02 6.701e+02 354 1 3 6.076e+02 6.104e+02 26 1 4 6.297e+02 6.303e+02 6 1 2 5.760e+02 6.000e+02 222 1 2 6.241e+02 6.359e+02 109 1 4 6.175e+02 6.425e+02 231 1 2 6.144e+02 6.456e+02 289 2 1 2.709e+02 2.751e+02 40 2 4 3.937e+01 4.463e+01 49 2 4 5.383e+02 5.537e+02 142 2 2 1.210e+02 1.310e+02 92 2 3 1.866e+02 1.914e+02 46 2 3 2.706e+02 2.754e+02 46 2 3 6.114e+01 6.486e+01 35 2 2 7.689e+01 9.111e+01 132 2 1 1.435e+02 1.505e+02 66 2 2 1.946e+02 2.254e+02 286 2 4 2.806e+02 3.074e+02 250 2 1 1.868e+01 2.332e+01 43 2 4 8.204e+01 8.596e+01 36 2 4 1.626e+02 1.734e+02 100 2 1 5.297e+01 7.303e+01 186 2 4 1.135e+02 1.385e+02 233 2 1 1.784e+02 1.996e+02 197 2 1 3.995e+01 8.605e+01 428 2 3 8.927e+01 1.207e+02 292
46112 7 0 2 6.547e+02 6.893e+02 320 0 4 6.529e+02 6.911e+02 355 2 2 3.906e+01 4.494e+01 55 2 4 6.627e+02 6.813e+02 172 2 4 3.959e+01 4.441e+01 45 2 1 4.771e+01 7.829e+01 284 2 3 4.561e+01 8.039e+01 323
46115 0
46116 0
46117 6 0 2 6.647e+02 6.793e+02 135 0 4 6.647e+02 6.793e+02 135 2 3 3.987e+02 3.993e+02 5 2 1 3.935e+02 4.045e+02 103 2 4 3.656e+02 3.904e+02 230 2 2 4.062e+02 4.338e+02 256
46118 58 0 3 6.051e+02 6.129e+02 72 0 2 3.772e+02 3.788e+02 15 0 2 6.719e+02 6.721e+02 1 0 4 1.575e+02 1.785e+02 195 0 2 4.599e+02 4.641e+02 39 0 4 3.751e+02 3.809e+02 55 0 2 6.268e+02 6.332e+02 60 0 2 1.159e+02 1.361e+02 187 0 4 6.708e+02 6.732e+02 22 0 4 3.665e+02 3.895e+02 213 0 3 4.723e+02 4.937e+02 198 0 1 8.828e+01 1.217e+02 310 0 4 6.296e+02 6.304e+02 8 0 2 3.625e+02 3.935e+02 288 0 1 6.493e+02 6.527e+02 31 0 4 4.468e+02 4.772e+02 282 0 1 6.051e+02 6.129e+02 73 0 3 6.487e+02 6.533e+02 42 0 4 6.163e+02 6.437e+02 255 0 3 5.905e+02 6.275e+02 344 1 1 5.644e+02 5.696e+02 48 1 3 6.082e+02 6.098e+02 15 1 4 5.016e+02 5.064e+02 46 1 4 1.511e+02 1.849e+02 314 1 2 5.424e+02 5.496e+02 66 1 2 6.283e+02 6.317e+02 31 1 3 5.226e+02 5.274e+02 45 1 4 5.389e+02 5.531e+02 131 1 4 6.282e+02 6.318e+02 34 1 2 5.812e+02 5.948e+02 126 1 1 6.031e+02 6.149e+02 109 1 2 6.135e+02 6.465e+02 307 1 1 5.922e+02 6.258e+02 312 2 2 1.245e+02 1.275e+02 27 2 4 4.193e+02 4.207e+02 12 2 3 1.871e+02 1.909e+02 36 2 3 4.381e+02 4.439e+02 53 2 4 2.443e+02 2.597e+02 142 2 3 5.119e+02 5.381e+02 244 2 4 1.222e+02 1.298e+02 70 2 3 5.944e+02 6.236e+02 270 2 1 1.362e+02 1.578e+02 200 2 2 4.197e+02 4.203e+02 5 2 2 2.006e+02 2.194e+02 176 2 2 5.373e+02 5.547e+02 162 2 3 2.627e+02 2.833e+02 191 2 2 6.187e+02 6.413e+02 210 2 3 9.227e+01 1.177e+02 236 2 1 4.374e+02 4.446e+02 66 2 4 1.534e+02 1.826e+02 271 2 4 5.351e+02 5.569e+02 202 2 2 2.388e+02 2.652e+02 246 2 3 3.808e+02 4.172e+02 337 2 4 6.858e+01 9.942e+01 286 2 3 5.502e+02 5.838e+02 311 2 3 1.285e+02 1.655e+02 344 2 1 1.697e+02 2.083e+02 358 3 1 3.513e+02 3.627e+02 106
46119 1 0 4 6.281e+02 6.319e+02 36
46120 4 0 2 3.235e+02 3.485e+02 231 0 3 5.559e+02 5.781e+02 206 0 4 3.590e+02 3.970e+02 352 0 4 3.137e+02 3.583e+02 415
46121 0
46122 16 0 1 5.647e+02 5.693e+02 43 0 2 3.283e+02 3.437e+02 144 0 2 2.813e+02 3.067e+02 236 0 2 3.629e+02 3.931e+02 280 0 4 4.067e+02 4.333e+02 246 0 1 1.290e+02 1.650e+02 334 0 1 5.990e+02 6.190e+02 186 0 3 2.589e+02 2.871e+02 262 0 3 3.831e+02 4.149e+02 296 0 4 2.724e+02 3.156e+02 401 0 2 2.698e+02 3.182e+02 449 1 2 6.194e+02 6.406e+02 196 1 2 6.092e+02 6.508e+02 386 2 3 9.192e+01 1.181e+02 243 2 2 1.075e+02 1.445e+02 343 2 4 9.990e+01 1.521e+02 485
46123 14 0 1 6.497e+02 6.523e+02 25 0 4 5.836e+02 5.924e+02 82 0 2 6.641e+02 6.799e+02 147 0 4 6.525e+02 6.915e+02 362 2 3 1.040e+02 1.060e+02 19 2 2 1.646e+02 1.714e+02 63 2 1 6.489e+02 6.531e+02 40 2 3 1.431e+02 1.509e+02 73 2 3 5.657e+02 5.683e+02 25 2 2 1.123e+02 1.397e+02 255 2 2 5.854e+02 5.906e+02 48 2 4 5.382e+02 5.538e+02 145 2 4 7.087e+01 9.713e+01 244 2 1 6.033e+02 6.147e+02 106
46124 0
46125 16 0 2 2.520e+02 2.520e+02 -7 0 4 6.706e+02 6.734e+02 26 0 1 5.617e+02 5.723e+02 98 0 4 5.825e+02 5.935e+02 102 0 1 2.182e+02 2.438e+02 237 0 1 6.479e+02 6.541e+02 58 0 3 2.608e+02 2.852e+02 226 0 3 5.580e+02 5.760e+02 167 0 4 2.372e+02 2.668e+02 275 0 2 6.712e+02 6.728e+02 15 0 3 6.367e+02 6.653e+02 266 1 4 6.294e+02 6.306e+02 11 2 1 3.952e+02 4.028e+02 71 3 4 3.348e+02 3.372e+02 22 3 1 3.125e+02 3.175e+02 46 3 3 2.999e+02 3.301e+02 280
