41476 6 0 2 6.656e+02 6.784e+02 120 1 1 1.030e+02 1.070e+02 36 1 1 1.318e+02 1.622e+02 283 2 2 1.251e+02 1.269e+02 17 2 1 1.407e+02 1.533e+02 117 2 4 1.246e+02 1.274e+02 26
41477 14 0 4 3.761e+02 3.799e+02 35 0 3 3.971e+02 4.009e+02 35 0 2 5.391e+02 5.529e+02 128 0 1 5.514e+02 5.826e+02 290 0 2 3.643e+02 3.917e+02 254 0 2 6.644e+02 6.796e+02 140 0 4 4.083e+02 4.317e+02 217 0 3 5.558e+02 5.782e+02 208 0 1 3.822e+02 4.158e+02 311 0 4 4.019e+02 4.381e+02 336 2 3 9.856e+01 1.114e+02 120 2 3 2.756e+00 3.924e+01 339 2 2 1.153e+02 1.367e+02 199 2 4 1.115e+02 1.405e+02 269
41480 8 2 3 1.050e+02 1.050e+02 -8 2 4 2.499e+02 2.541e+02 40 2 4 2.940e+02 2.940e+02 -8 2 3 2.701e+02 2.759e+02 54 2 4 7.069e+01 9.731e+01 247 2 2 2.911e+02 2.969e+02 54 2 2 1.094e+02 1.426e+02 308 2 1 3.025e+02 3.275e+02 232
41481 4 2 1 5.231e+02 5.269e+02 36 2 4 4.935e+02 5.145e+02 196 2 3 5.210e+02 5.290e+02 74 2 2 4.846e+02 5.234e+02 360
41482 7 0 3 6.458e+02 6.562e+02 97 0 2 6.178e+02 6.422e+02 226 0 1 6.414e+02 6.606e+02 179 0 4 6.135e+02 6.465e+02 307 1 4 5.768e+02 5.992e+02 208 2 4 3.013e+01 5.387e+01 220 2 3 4.875e+01 7.725e+01 265
41483 53 0 1 6.503e+02 6.517e+02 13 0 4 5.880e+02 5.880e+02 -3 0 4 3.731e+02 3.829e+02 91 0 3 6.510e+02 6.510e+02 -18 0 1 3.875e+02 4.105e+02 214 0 1 5.516e+02 5.824e+02 286 0 3 5.920e+02 6.260e+02 316 0 2 6.673e+02 6.767e+02 87 0 3 5.532e+02 5.808e+02 256 0 2 6.116e+02 6.484e+02 342 0 4 6.676e+02 6.764e+02 82 0 4 6.123e+02 6.477e+02 329 0 1 6.390e+02 6.630e+02 223 0 3 6.396e+02 6.624e+02 212 0 4 6.571e+02 6.869e+02 276 1 3 5.217e+02 5.283e+02 62 1 2 5.874e+02 5.886e+02 11 1 4 5.768e+02 5.992e+02 208 1 3 5.951e+02 6.229e+02 259 1 2 6.179e+02 6.421e+02 224 2 1 6.300e+01 6.300e+01 -13 2 2 4.041e+02 4.359e+02 295 2 2 2.080e+02 2.120e+02 38 2 4 4.031e+02 4.369e+02 313 2 2 2.938e+02 2.942e+02 4 2 4 3.351e+02 3.369e+02 17 2 2 1.680e+02 1.680e+02 -24 2 4 2.875e+02 3.005e+02 121 2 3 3.537e+02 3.603e+02 60 2 1 5.521e+01 7.079e+01 145 2 2 1.153e+02 1.367e+02 198 2 3 1.406e+02 1.534e+02 118 2 3 2.309e+02 2.311e+02 1 2 1 3.048e+02 3.252e+02 190 2 2 3.768e+02 3.792e+02 21 2 2 3.331e+01 5.069e+01 161 2 4 1.568e+02 1.792e+02 208 2 2 2.442e+02 2.598e+02 145 2 3 2.598e+02 2.862e+02 245 2 1 3.501e+02 3.639e+02 129 2 4 3.407e+01 4.993e+01 147 2 1 1.795e+02 1.985e+02 177 2 4 2.438e+02 2.602e+02 152 2 2 2.773e+02 3.107e+02 310 2 3 3.461e+02 3.679e+02 202 2 3 4.861e+01 7.739e+01 267 2 3 1.734e+02 2.046e+02 290 2 1 2.183e+02 2.437e+02 236 2 2 3.248e+02 3.472e+02 209 2 3 5.805e+00 3.619e+01 282 2 1 1.305e+02 1.635e+02 307 2 3 2.181e+02 2.439e+02 239 2 4 1.951e+02 2.249e+02 276
41484 8 1 4 5.454e+02 5.466e+02 10 1 3 6.034e+02 6.146e+02 105 1 2 5.810e+02 5.950e+02 130 1 1 5.956e+02 6.224e+02 248 1 1 5.487e+02 5.853e+02 340 2 3 1.168e+01 3.032e+01 173 2 1 2.487e+00 3.951e+01 344 2 1 4.293e+02 4.527e+02 217
41485 13 0 4 7.603e+01 9.197e+01 148 0 4 5.767e+02 5.993e+02 210 0 3 6.385e+02 6.635e+02 231 0 2 6.062e+02 6.538e+02 442 0 1 6.328e+02 6.692e+02 337 0 3 5.408e+02 5.932e+02 487 0 4 6.456e+02 6.984e+02 490 2 3 8.232e+00 3.377e+01 237 2 1 4.274e+01 8.326e+01 376 2 2 6.289e+01 1.051e+02 392 2 3 4.552e+01 8.048e+01 325 2 4 5.934e+01 1.087e+02 458 2 1 1.097e+00 4.090e+01 370
41486 0
41487 14 0 3 6.080e+02 6.100e+02 19 0 2 6.715e+02 6.725e+02 9 0 3 4.352e+02 4.468e+02 108 0 4 2.787e+02 3.093e+02 284 0 4 6.210e+02 6.390e+02 166 0 4 6.720e+02 6.720e+02 -0 0 1 4.305e+02 4.515e+02 195 0 1 6.350e+02 6.670e+02 296 0 4 4.037e+02 4.363e+02 303 0 2 6.545e+02 6.895e+02 325 2 2 7.316e+01 9.484e+01 201 2 4 2.542e+01 5.858e+01 308 2 3 8.693e+01 1.231e+02 336 2 3 4.992e+01 7.608e+01 243
41495 4 0 4 6.083e+02 6.517e+02 403 0 2 6.047e+02 6.553e+02 470 3 3 5.029e+02 5.471e+02 410 3 4 4.776e+02 5.304e+02 490
41496 4 2 3 9.856e+01 1.114e+02 120 2 4 4.896e+02 5.184e+02 267 2 2 1.192e+02 1.328e+02 127 2 4 1.083e+02 1.437e+02 328
41497 2 1 3 5.808e+01 6.792e+01 91 1 1 4.659e+01 7.941e+01 305
41498 0
41501 6 0 3 5.200e+02 5.300e+02 93 0 3 4.363e+02 4.457e+02 88 0 4 4.567e+02 4.673e+02 99 0 2 5.440e+02 5.480e+02 37 0 3 4.765e+02 4.895e+02 121 0 2 5.017e+02 5.063e+02 42
41502 24 0 4 6.270e+02 6.330e+02 56 0 1 6.488e+02 6.532e+02 40 0 1 5.615e+02 5.725e+02 103 0 4 5.830e+02 5.930e+02 92 0 2 3.635e+02 3.925e+02 270 0 2 6.688e+02 6.752e+02 60 0 2 2.738e+02 3.142e+02 376 0 4 4.186e+02 4.214e+02 26 0 4 2.748e+02 3.132e+02 357 0 3 5.601e+02 5.739e+02 128 0 1 6.079e+02 6.101e+02 20 0 3 2.481e+02 2.979e+02 462 0 3 6.381e+02 6.639e+02 239 0 3 3.922e+02 4.058e+02 126 0 3 6.035e+02 6.145e+02 102 0 4 6.613e+02 6.827e+02 200 0 4 4.061e+02 4.339e+02 259 0 2 6.131e+02 6.469e+02 315 0 1 3.834e+02 4.146e+02 290 0 1 4.196e+02 4.624e+02 397 2 1 9.622e+00 3.238e+01 211 2 4 1.529e+02 1.831e+02 280 2 3 1.141e+00 4.086e+01 369 3 3 2.722e+02 2.738e+02 15
41503 1 2 2 1.680e+02 1.680e+02 -4
41504 0
41505 0
41506 12 0 3 2.279e+02 2.341e+02 58 0 2 1.996e+02 2.204e+02 193 0 1 2.197e+02 2.423e+02 210 0 4 2.340e+02 2.700e+02 335 2 4 6.271e+02 6.329e+02 53 2 4 3.323e+02 3.397e+02 69 2 1 6.475e+02 6.545e+02 66 2 3 5.952e+01 6.648e+01 65 2 2 6.192e+02 6.408e+02 201 2 1 5.131e+01 7.469e+01 217 2 3 6.340e+02 6.680e+02 316 2 2 7.159e+01 9.641e+01 230
41508 0
41509 14 0 2 6.710e+02 6.730e+02 18 0 4 6.544e+02 6.896e+02 327 3 4 3.775e+02 3.785e+02 10 3 4 4.194e+02 4.206e+02 10 3 3 2.728e+02 2.732e+02 3 3 1 3.137e+02 3.163e+02 24 3 3 3.987e+02 3.993e+02 6 3 1 4.383e+02 4.437e+02 50 3 2 3.325e+02 3.395e+02 65 3 3 3.437e+02 3.703e+02 246 3 3 4.254e+02 4.566e+02 289 3 3 2.545e+02 2.915e+02 344 3 4 3.253e+02 3.467e+02 199 3 3 2.971e+02 3.329e+02 333
41510 30 0 2 2.465e+02 2.575e+02 101 0 3 6.068e+02 6.112e+02 41 0 1 2.730e+02 2.730e+02 -21 0 3 6.502e+02 6.518e+02 15 0 4 3.762e+02 3.798e+02 33 0 2 6.280e+02 6.320e+02 36 0 4 2.916e+02 2.964e+02 46 0 2 6.707e+02 6.733e+02 24 0 4 6.266e+02 6.334e+02 63 0 4 6.716e+02 6.724e+02 8 0 1 6.011e+02 6.169e+02 147 0 1 6.486e+02 6.534e+02 44 0 2 6.105e+02 6.495e+02 361 0 3 6.331e+02 6.689e+02 333 0 4 6.099e+02 6.501e+02 373 0 2 6.530e+02 6.910e+02 353 0 4 6.575e+02 6.865e+02 270 1 3 9.690e+01 1.131e+02 150 1 2 1.097e+02 1.423e+02 303 1 4 1.109e+02 1.411e+02 281 2 3 1.028e+02 1.072e+02 40 2 2 2.505e+02 2.535e+02 27 2 4 2.849e+02 3.031e+02 169 2 4 7.123e+01 9.677e+01 237 2 3 2.178e+02 2.442e+02 246 2 4 6.583e+02 6.857e+02 255 2 1 2.613e+02 2.847e+02 218 2 2 1.118e+02 1.402e+02 264 2 4 2.370e+02 2.670e+02 278 2 4 2.778e+02 3.102e+02 300
41511 0
41512 12 0 2 2.508e+02 2.532e+02 23 0 3 6.481e+02 6.539e+02 55 0 4 2.820e+02 3.060e+02 222 0 4 4.987e+02 5.093e+02 99 0 1 2.105e+02 2.515e+02 381 0 2 6.533e+02 6.907e+02 347 1 1 1.843e+02 1.937e+02 87 2 4 2.509e+02 2.531e+02 20 2 1 3.143e+02 3.157e+02 12 2 3 2.710e+02 2.750e+02 37 2 2 2.938e+02 2.942e+02 4 2 4 3.345e+01 5.055e+01 159
41514 0
41518 49 0 2 3.770e+02 3.790e+02 18 0 1 3.932e+02 4.048e+02 107 0 4 3.729e+02 3.831e+02 96 0 1 5.992e+02 6.188e+02 181 0 3 3.940e+02 4.040e+02 93 0 1 3.484e+02 3.656e+02 160 0 3 5.998e+02 6.182e+02 170 0 4 3.562e+02 3.998e+02 406 0 4 5.746e+02 6.014e+02 250 1 4 6.294e+02 6.306e+02 11 1 1 4.744e+02 4.916e+02 160 1 2 4.496e+02 4.744e+02 230 1 4 5.825e+02 5.935e+02 101 1 3 5.995e+02 6.185e+02 176 1 1 5.536e+02 5.804e+02 248 1 4 6.088e+02 6.512e+02 394 1 4 5.691e+02 6.069e+02 351 2 3 1.963e+01 2.237e+01 26 2 2 4.191e+02 4.209e+02 17 2 3 1.039e+02 1.061e+02 20 2 1 1.467e+02 1.473e+02 6 2 4 4.178e+02 4.222e+02 41 2 4 2.096e+02 2.104e+02 8 2 3 5.982e+02 6.198e+02 201 2 1 6.091e+01 6.509e+01 39 2 3 3.813e+02 4.167e+02 329 2 2 1.239e+02 1.281e+02 39 2 2 6.200e+02 6.400e+02 186 2 2 1.669e+02 1.691e+02 21 2 3 6.336e+02 6.684e+02 324 2 1 2.310e+02 2.310e+02 -2 2 4 5.747e+02 6.013e+02 246 2 2 2.867e+02 3.013e+02 136 2 3 5.961e+01 6.639e+01 63 2 4 7.195e+01 9.605e+01 224 2 3 1.377e+02 1.563e+02 172 2 2 2.507e+02 2.533e+02 24 2 1 1.837e+01 2.363e+01 49 2 2 1.095e+02 1.424e+02 306 2 1 1.327e+02 1.613e+02 265 2 3 2.262e+02 2.358e+02 90 2 2 3.874e+01 4.526e+01 60 2 4 1.074e+02 1.446e+02 345 2 2 1.982e+02 2.218e+02 219 2 4 3.381e+01 5.019e+01 152 2 2 2.842e+01 5.558e+01 252 3 2 4.063e+01 4.337e+01 26 3 4 4.146e+02 4.254e+02 100 3 1 5.203e+02 5.297e+02 87
41519 5 2 4 4.613e+02 4.627e+02 14 2 4 3.727e+02 3.833e+02 98 2 2 4.484e+02 4.756e+02 252 2 3 4.646e+02 5.014e+02 341 3 2 2.463e+02 2.577e+02 106
