9623 0
9624 28 0 1 4.190e+02 4.630e+02 408 1 3 2.627e+02 2.833e+02 191 1 2 2.845e+02 3.035e+02 176 2 1 2.722e+02 2.738e+02 15 2 3 1.756e+01 2.444e+01 64 2 3 3.980e+02 4.000e+02 18 2 2 8.016e+01 8.784e+01 71 2 3 6.019e+02 6.161e+02 132 2 1 2.289e+02 2.331e+02 39 2 1 9.982e+00 3.202e+01 205 2 2 7.442e+01 9.358e+01 178 2 2 4.086e+02 4.314e+02 211 2 3 2.271e+02 2.349e+02 72 2 2 6.280e+02 6.320e+02 36 2 4 3.647e+02 3.913e+02 247 2 1 6.321e+02 6.699e+02 351 2 2 3.013e+01 5.387e+01 220 2 1 3.833e+02 4.147e+02 291 2 4 7.132e+01 9.668e+01 236 2 4 6.250e+02 6.350e+02 92 2 4 2.001e+02 2.199e+02 183 2 3 5.929e+02 6.251e+02 300 2 3 5.153e+01 7.447e+01 213 2 1 2.166e+02 2.454e+02 267 2 3 5.583e+00 3.642e+01 286 2 1 4.381e+01 8.219e+01 356 3 1 1.756e+01 2.444e+01 64 3 1 5.718e+01 6.882e+01 108
9626 1 0 1 3.761e+02 4.219e+02 426
9627 3 1 4 6.269e+02 6.331e+02 58 1 4 6.083e+02 6.517e+02 404 3 1 6.019e+02 6.161e+02 132
9628 26 0 3 5.668e+02 5.672e+02 3 0 2 6.715e+02 6.725e+02 9 0 3 4.325e+02 4.495e+02 157 0 1 5.651e+02 5.689e+02 36 0 4 5.798e+02 5.962e+02 151 0 4 6.697e+02 6.743e+02 42 0 4 4.434e+02 4.806e+02 346 0 2 5.378e+02 5.542e+02 152 0 4 6.588e+02 6.852e+02 245 0 4 4.018e+02 4.382e+02 339 0 2 5.302e+02 5.618e+02 293 0 1 6.350e+02 6.670e+02 298 0 1 4.250e+02 4.570e+02 298 1 2 5.450e+02 5.470e+02 19 1 1 5.632e+02 5.708e+02 71 1 3 5.994e+02 6.186e+02 178 1 3 5.611e+02 5.729e+02 109 1 4 6.240e+02 6.360e+02 112 1 4 5.857e+02 5.903e+02 42 1 2 6.149e+02 6.451e+02 280 1 4 5.383e+02 5.537e+02 144 1 4 6.123e+02 6.477e+02 329 1 4 5.736e+02 6.024e+02 268 1 2 5.705e+02 6.055e+02 326 2 3 2.100e+01 2.100e+01 -0 2 1 2.309e+02 2.311e+02 1
9629 0
9630 3 2 4 4.187e+02 4.213e+02 25 2 3 4.400e+02 4.420e+02 19 2 4 4.099e+02 4.301e+02 188
9632 15 0 2 6.273e+02 6.327e+02 50 0 4 6.673e+02 6.767e+02 88 0 1 6.457e+02 6.563e+02 98 0 3 6.427e+02 6.593e+02 155 0 2 6.584e+02 6.856e+02 252 1 2 6.263e+02 6.337e+02 70 1 4 6.181e+02 6.419e+02 221 1 1 5.935e+02 6.245e+02 287 2 4 4.200e+01 4.200e+01 -4 2 3 1.115e+01 3.085e+01 183 2 2 3.596e+01 4.804e+01 112 2 1 1.119e+01 3.081e+01 182 2 1 4.790e+01 7.810e+01 280 2 3 4.700e+01 7.900e+01 297 2 1 2.800e+00 3.920e+01 338
9634 1 0 4 5.880e+02 5.880e+02 -5
9635 2 2 3 1.886e+01 2.314e+01 40 2 3 2.191e+02 2.429e+02 221
9636 12 0 1 2.730e+02 2.730e+02 -3 0 2 3.282e+02 3.438e+02 146 0 1 3.071e+02 3.229e+02 147 0 4 6.702e+02 6.738e+02 34 0 4 2.359e+02 2.681e+02 299 0 1 6.490e+02 6.530e+02 38 0 2 6.623e+02 6.817e+02 180 1 2 3.312e+02 3.408e+02 89 1 3 3.041e+02 3.259e+02 203 1 4 3.274e+02 3.446e+02 160 1 4 2.806e+02 3.074e+02 248 1 1 2.990e+02 3.310e+02 296
9638 3 1 4 5.742e+02 6.018e+02 256 2 1 2.162e+02 2.458e+02 275 2 4 5.308e+02 5.612e+02 282
9640 27 0 1 3.145e+02 3.155e+02 9 0 4 3.270e+02 3.450e+02 167 0 2 2.764e+02 3.116e+02 326 2 2 5.444e+02 5.476e+02 30 2 1 2.306e+02 2.314e+02 7 2 4 5.024e+02 5.056e+02 30 2 1 2.719e+02 2.741e+02 21 2 3 5.222e+02 5.278e+02 51 2 1 6.226e+01 6.374e+01 14 2 2 8.400e+01 8.400e+01 -4 2 1 1.460e+02 1.480e+02 18 2 4 2.517e+02 2.523e+02 6 2 3 5.790e+01 6.810e+01 95 2 3 9.990e+01 1.101e+02 95 2 2 2.070e+02 2.130e+02 56 2 3 2.608e+02 2.852e+02 226 2 3 1.945e+01 2.255e+01 29 2 2 1.193e+02 1.327e+02 124 2 3 1.728e+02 2.052e+02 301 2 4 2.081e+02 2.119e+02 36 2 4 3.287e+01 5.113e+01 170 2 4 1.100e+02 1.420e+02 297 2 2 2.395e+02 2.645e+02 231 2 3 4.965e+01 7.635e+01 248 2 4 1.974e+02 2.226e+02 235 2 2 2.308e+01 6.092e+01 351 2 3 2.186e+02 2.434e+02 230
9641 2 0 4 3.746e+02 3.814e+02 63 0 2 3.704e+02 3.856e+02 141
9642 12 0 4 4.948e+02 5.132e+02 171 0 3 4.669e+02 4.991e+02 299 1 3 5.645e+02 5.695e+02 47 2 3 3.478e+02 3.662e+02 170 2 2 3.654e+02 3.906e+02 234 3 2 4.200e+02 4.200e+02 -1 3 3 3.963e+02 4.017e+02 50 3 4 4.113e+02 4.287e+02 161 3 3 3.505e+02 3.635e+02 121 3 4 3.649e+02 3.911e+02 244 3 4 4.011e+02 4.389e+02 351 3 1 3.813e+02 4.167e+02 330
9645 6 0 3 6.054e+02 6.126e+02 67 0 2 6.690e+02 6.750e+02 56 0 4 5.758e+02 6.002e+02 227 0 1 6.390e+02 6.630e+02 222 0 2 6.611e+02 6.829e+02 203 0 4 6.589e+02 6.851e+02 244
9648 5 0 1 5.605e+02 5.735e+02 120 0 4 5.812e+02 5.948e+02 127 0 4 1.501e+02 1.859e+02 333 0 3 5.526e+02 5.814e+02 267 0 1 6.260e+02 6.760e+02 464
9649 0
9654 0
9655 10 0 1 5.592e+02 5.748e+02 145 0 3 6.494e+02 6.526e+02 30 0 2 6.700e+02 6.740e+02 38 0 2 6.110e+02 6.490e+02 352 0 4 6.720e+02 6.720e+02 -0 0 1 6.443e+02 6.577e+02 124 0 3 6.351e+02 6.669e+02 296 0 4 6.524e+02 6.916e+02 364 2 1 1.446e+01 2.754e+01 121 2 3 1.110e+01 3.090e+01 184
9656 5 0 1 5.162e+02 5.338e+02 164 0 2 4.896e+02 5.184e+02 267 0 3 5.218e+02 5.282e+02 59 0 4 4.841e+02 5.239e+02 370 1 2 6.172e+02 6.428e+02 237
9658 4 0 4 6.210e+02 6.390e+02 168 0 1 6.014e+02 6.166e+02 141 0 3 5.987e+02 6.193e+02 190 0 2 6.186e+02 6.414e+02 212
9659 32 0 3 6.070e+02 6.110e+02 37 0 4 6.706e+02 6.734e+02 26 0 1 5.218e+02 5.282e+02 60 0 4 3.646e+02 3.914e+02 249 0 4 6.258e+02 6.342e+02 79 0 2 3.225e+02 3.495e+02 251 0 1 6.442e+02 6.578e+02 126 0 3 5.207e+02 5.293e+02 80 0 1 3.408e+02 3.732e+02 300 0 2 6.237e+02 6.363e+02 117 0 3 6.485e+02 6.535e+02 46 0 2 5.426e+02 5.494e+02 63 0 1 5.961e+02 6.219e+02 239 0 2 6.620e+02 6.820e+02 186 0 2 5.258e+02 5.662e+02 376 0 3 5.921e+02 6.259e+02 314 0 3 6.363e+02 6.657e+02 272 0 2 6.109e+02 6.491e+02 354 0 4 6.562e+02 6.878e+02 293 0 4 5.680e+02 6.080e+02 371 1 2 6.112e+02 6.488e+02 350 2 4 6.275e+02 6.325e+02 47 2 1 1.671e+01 2.529e+01 80 2 3 2.274e+02 2.346e+02 67 2 3 1.559e+01 2.641e+01 100 2 4 1.974e+02 2.226e+02 234 2 1 2.218e+02 2.402e+02 171 2 2 1.667e+01 6.733e+01 470 2 2 5.710e+01 1.109e+02 500 2 2 2.348e+02 2.692e+02 319 2 4 1.852e+02 2.348e+02 460 2 3 2.042e+02 2.578e+02 497
9660 15 0 4 5.777e+02 5.983e+02 192 0 2 5.269e+02 5.651e+02 355 0 3 5.972e+02 6.208e+02 219 1 3 4.399e+02 4.421e+02 21 2 3 6.300e+01 6.300e+01 -4 2 3 1.043e+02 1.057e+02 13 2 1 5.617e+02 5.723e+02 98 2 3 1.990e+01 2.210e+01 20 2 3 5.192e+02 5.308e+02 108 2 4 3.942e+01 4.458e+01 48 2 4 4.884e+02 5.196e+02 290 2 3 8.949e+01 1.205e+02 288 2 2 5.412e+02 5.508e+02 90 2 1 5.512e+02 5.828e+02 294 3 2 1.244e+02 1.276e+02 30
9661 2 2 3 3.001e+02 3.299e+02 277 2 4 3.232e+02 3.488e+02 237
9663 5 2 1 2.246e+02 2.374e+02 119 2 3 3.559e+02 3.581e+02 20 2 3 2.242e+02 2.378e+02 127 2 2 1.978e+02 2.222e+02 226 2 4 2.011e+02 2.189e+02 165
9664 6 1 2 5.879e+02 5.881e+02 1 2 3 1.801e+01 2.399e+01 56 2 3 5.705e+01 6.895e+01 110 2 1 1.366e+01 2.834e+01 136 2 4 3.026e+01 5.374e+01 218 2 2 2.389e+01 6.011e+01 336
9665 14 0 2 5.420e+02 5.500e+02 75 0 1 4.312e+02 4.508e+02 181 0 4 4.509e+02 4.731e+02 206 0 3 5.569e+02 5.771e+02 188 0 1 5.960e+02 6.220e+02 240 0 3 6.377e+02 6.643e+02 247 0 3 4.281e+02 4.539e+02 240 0 2 5.328e+02 5.592e+02 245 0 1 6.349e+02 6.671e+02 300 0 2 4.366e+02 4.874e+02 471 0 1 5.483e+02 5.857e+02 348 0 4 6.454e+02 6.986e+02 495 2 2 3.098e+01 5.302e+01 205 2 4 1.150e+02 1.370e+02 205
9667 0
9671 4 0 2 6.534e+02 6.906e+02 345 0 4 6.527e+02 6.913e+02 359 2 4 2.449e+02 2.591e+02 131 2 3 2.690e+02 2.770e+02 74
9673 0
