55903 22 0 2 6.293e+02 6.307e+02 13 0 2 6.717e+02 6.723e+02 6 0 2 4.584e+02 4.656e+02 67 0 3 5.663e+02 5.677e+02 13 0 4 6.260e+02 6.340e+02 75 0 4 6.714e+02 6.726e+02 11 0 1 6.049e+02 6.131e+02 76 0 1 6.384e+02 6.636e+02 235 0 1 4.651e+02 5.009e+02 333 0 3 6.070e+02 6.110e+02 38 0 3 6.427e+02 6.593e+02 155 0 4 5.798e+02 5.962e+02 151 0 3 6.324e+02 6.696e+02 345 0 2 6.183e+02 6.417e+02 216 0 2 6.100e+02 6.500e+02 371 2 3 2.034e+01 2.166e+01 12 2 3 3.514e+02 3.626e+02 104 2 4 4.058e+01 4.342e+01 26 2 2 3.733e+02 3.827e+02 88 2 1 1.074e+01 3.126e+01 190 2 4 3.181e+02 3.539e+02 333 2 2 2.600e+01 5.800e+01 297
55904 0
55905 0
55906 0
55907 6 2 3 2.012e+01 2.188e+01 16 2 3 1.004e+02 1.096e+02 86 2 3 6.100e+01 6.500e+01 37 2 3 5.583e+00 3.642e+01 286 2 4 1.135e+02 1.385e+02 231 2 3 8.536e+01 1.246e+02 365
55908 2 0 1 6.245e+02 6.775e+02 491 0 3 6.271e+02 6.749e+02 443
55909 3 0 2 6.555e+02 6.885e+02 306 2 4 1.623e+02 1.737e+02 106 2 3 1.373e+02 1.567e+02 180
55910 0
55911 10 0 1 3.843e+02 4.137e+02 274 1 1 6.066e+02 6.114e+02 44 1 3 6.046e+02 6.134e+02 82 1 2 6.173e+02 6.427e+02 236 2 1 1.865e+02 1.915e+02 46 2 4 2.925e+02 2.955e+02 28 2 2 2.889e+02 2.991e+02 95 2 1 3.032e+02 3.268e+02 219 2 4 2.681e+01 5.719e+01 282 2 3 2.978e+02 3.322e+02 320
55912 4 0 1 4.818e+02 4.842e+02 23 0 2 4.998e+02 5.082e+02 77 0 3 5.095e+02 5.405e+02 287 3 1 5.566e+01 7.034e+01 136
55913 3 0 1 6.495e+02 6.525e+02 27 0 3 6.500e+02 6.520e+02 18 0 4 6.538e+02 6.902e+02 338
55914 5 2 3 3.821e+02 4.159e+02 315 3 3 4.828e+02 4.832e+02 4 3 4 4.512e+02 4.728e+02 200 3 3 5.150e+02 5.350e+02 186 3 2 6.481e+01 1.032e+02 356
55915 3 0 2 6.547e+02 6.893e+02 322 0 4 6.527e+02 6.913e+02 358 2 1 1.927e+01 2.273e+01 32
55916 10 3 2 4.185e+02 4.215e+02 28 3 4 2.916e+02 2.964e+02 45 3 3 3.938e+02 4.042e+02 97 3 3 3.090e+02 3.210e+02 112 3 1 4.652e+02 5.008e+02 331 3 2 4.514e+02 4.726e+02 196 3 1 3.062e+02 3.238e+02 164 3 4 4.025e+02 4.375e+02 326 3 2 3.215e+02 3.505e+02 269 3 4 3.235e+02 3.485e+02 232
55917 7 1 3 2.310e+02 2.310e+02 -3 1 3 3.145e+02 3.155e+02 9 1 2 3.266e+02 3.454e+02 174 1 1 2.960e+02 3.340e+02 353 3 1 6.493e+02 6.527e+02 31 3 3 6.421e+02 6.599e+02 165 3 2 6.139e+02 6.461e+02 300
55918 0
55919 0
55920 0
55921 20 0 4 5.853e+02 5.907e+02 50 0 3 2.310e+02 2.310e+02 -4 0 2 6.708e+02 6.732e+02 23 0 4 2.915e+02 2.965e+02 46 0 3 4.336e+02 4.484e+02 138 0 4 4.528e+02 4.712e+02 170 0 1 5.522e+02 5.818e+02 275 0 4 6.687e+02 6.753e+02 61 0 2 6.631e+02 6.809e+02 166 0 1 6.351e+02 6.669e+02 296 0 3 6.375e+02 6.645e+02 251 0 4 6.573e+02 6.867e+02 274 1 1 5.186e+02 5.314e+02 118 1 1 5.068e+02 5.432e+02 339 2 3 1.022e+02 1.078e+02 52 2 2 1.226e+02 1.294e+02 64 2 4 1.162e+02 1.358e+02 182 2 1 1.385e+02 1.555e+02 157 2 3 8.810e+01 1.219e+02 314 2 4 6.553e+01 1.025e+02 343
55922 12 0 2 5.460e+02 5.460e+02 -24 0 1 5.656e+02 5.684e+02 26 0 2 4.989e+02 5.091e+02 94 0 3 5.168e+02 5.332e+02 153 0 4 4.101e+02 4.299e+02 185 0 4 4.944e+02 5.136e+02 179 0 1 5.068e+02 5.432e+02 338 0 1 4.650e+02 5.010e+02 335 2 3 1.439e+02 1.501e+02 57 2 1 1.390e+02 1.550e+02 149 2 2 1.124e+02 1.396e+02 253 2 4 1.156e+02 1.364e+02 193
55923 9 0 2 6.681e+02 6.759e+02 72 0 4 6.683e+02 6.757e+02 69 2 1 2.053e+01 2.147e+01 9 2 4 3.964e+01 4.436e+01 44 2 1 6.243e+01 6.357e+01 10 2 3 5.997e+01 6.603e+01 56 2 2 3.331e+01 5.069e+01 161 2 3 4.597e+00 3.740e+01 305 3 4 6.486e+02 6.954e+02 434
55924 1 0 4 5.032e+02 5.048e+02 15
55925 13 0 2 8.357e+01 8.443e+01 8 0 3 9.407e+01 1.159e+02 203 0 1 5.198e+02 5.302e+02 96 0 1 5.207e+01 7.393e+01 203 0 2 6.655e+02 6.785e+02 120 0 4 6.854e+01 9.946e+01 287 0 2 5.379e+02 5.541e+02 150 0 4 6.607e+02 6.833e+02 210 0 3 5.083e+02 5.417e+02 310 2 2 4.195e+02 4.205e+02 10 2 1 3.845e+02 4.135e+02 270 2 4 4.071e+02 4.329e+02 239 2 3 3.808e+02 4.172e+02 337
55926 5 0 4 2.917e+02 2.963e+02 43 0 2 1.555e+02 1.805e+02 231 0 4 5.830e+02 5.930e+02 92 0 4 2.811e+02 3.069e+02 239 0 3 5.921e+02 6.259e+02 314
55927 13 0 1 6.266e+01 6.334e+01 6 0 4 6.720e+02 6.720e+02 -6 0 2 4.991e+02 5.089e+02 91 0 1 6.438e+02 6.582e+02 135 0 4 4.983e+02 5.097e+02 106 0 3 5.111e+02 5.389e+02 258 0 2 6.663e+02 6.777e+02 106 0 3 4.648e+02 5.012e+02 337 0 3 6.394e+02 6.626e+02 216 1 3 7.814e+01 1.319e+02 499 1 2 6.526e+01 1.027e+02 348 1 1 3.829e+01 8.771e+01 459 2 3 1.770e+01 2.430e+01 61
55928 1 3 4 3.199e+02 3.521e+02 300
55929 12 0 1 5.567e+02 5.773e+02 190 0 4 5.808e+02 5.952e+02 134 0 3 5.942e+02 6.238e+02 275 1 3 6.075e+02 6.105e+02 28 1 4 6.207e+02 6.393e+02 173 2 4 6.300e+02 6.300e+02 -15 2 3 9.753e+01 1.125e+02 139 2 3 6.472e+02 6.548e+02 70 2 2 7.284e+01 9.516e+01 207 2 1 6.398e+02 6.622e+02 207 2 4 7.639e+01 9.161e+01 141 2 2 6.569e+02 6.871e+02 280
