48177 3 0 4 6.707e+02 6.733e+02 25 2 4 1.669e+02 1.691e+02 20 2 4 1.904e+02 2.296e+02 364
48178 12 0 4 6.720e+02 6.720e+02 -4 0 1 6.454e+02 6.566e+02 104 0 2 6.678e+02 6.762e+02 77 1 2 6.164e+02 6.436e+02 252 2 3 2.100e+01 2.100e+01 -12 2 2 4.018e+01 4.382e+01 34 2 4 1.128e+02 1.392e+02 246 2 1 5.521e+01 7.079e+01 145 2 1 1.662e+01 2.538e+01 81 2 4 2.770e+01 5.630e+01 266 2 3 4.790e+01 7.810e+01 280 3 1 9.935e+00 3.207e+01 206
48179 0
48180 7 2 1 6.136e+01 6.464e+01 30 2 4 5.379e+02 5.541e+02 151 2 2 8.074e+01 8.726e+01 60 2 4 2.872e+02 3.008e+02 126 2 2 3.843e+01 4.557e+01 66 2 4 3.798e+01 4.602e+01 75 2 3 5.409e+01 7.191e+01 166
48181 5 0 1 6.510e+02 6.510e+02 -18 0 3 5.051e+02 5.449e+02 370 2 4 6.283e+02 6.317e+02 31 2 1 1.648e+01 2.552e+01 84 2 3 1.877e+01 2.323e+01 41
48182 0
48184 29 0 1 6.071e+02 6.109e+02 35 0 2 6.704e+02 6.736e+02 29 0 4 6.286e+02 6.314e+02 26 0 4 2.362e+02 2.678e+02 294 0 4 6.695e+02 6.745e+02 46 0 3 6.019e+02 6.161e+02 132 0 1 6.506e+02 6.514e+02 7 0 2 6.173e+02 6.427e+02 236 0 3 6.475e+02 6.545e+02 65 0 4 5.695e+02 6.065e+02 343 0 3 6.403e+02 6.617e+02 198 0 1 5.902e+02 6.278e+02 350 0 1 6.327e+02 6.693e+02 340 2 2 4.200e+01 4.200e+01 -3 2 4 3.770e+02 3.790e+02 19 2 4 1.253e+02 1.267e+02 12 2 2 2.063e+02 2.137e+02 69 2 4 3.394e+01 5.006e+01 150 2 4 7.837e+01 8.963e+01 105 2 3 1.834e+02 1.946e+02 104 2 1 2.300e+02 2.320e+02 19 2 3 5.876e+01 6.724e+01 79 2 2 1.189e+02 1.331e+02 131 2 1 1.377e+02 1.563e+02 172 2 4 1.916e+02 2.284e+02 341 2 3 4.534e+01 8.066e+01 328 2 4 1.508e+02 1.852e+02 320 2 3 6.212e+00 3.579e+01 275 2 2 2.264e+01 6.136e+01 360
48185 6 0 3 6.510e+02 6.510e+02 -9 0 3 5.599e+02 5.741e+02 131 0 4 5.769e+02 5.991e+02 206 2 4 2.933e+02 2.947e+02 13 2 3 3.084e+02 3.216e+02 122 3 4 4.076e+01 4.324e+01 23
48188 1 1 2 6.210e+02 6.390e+02 168
48190 0
48192 0
48194 1 1 1 6.048e+02 6.132e+02 77
48195 2 0 3 4.410e+02 4.410e+02 -11 1 1 2.224e+02 2.396e+02 160
48199 1 1 4 4.056e+02 4.344e+02 267
48202 1 0 1 3.097e+02 3.203e+02 99
48204 0
48205 15 0 1 5.632e+02 5.708e+02 70 0 1 6.492e+02 6.528e+02 33 0 1 4.406e+02 4.414e+02 7 0 2 5.387e+02 5.533e+02 136 0 3 6.479e+02 6.541e+02 58 0 3 4.339e+02 4.481e+02 132 0 2 6.551e+02 6.889e+02 315 0 4 4.058e+02 4.342e+02 264 0 3 5.067e+02 5.433e+02 340 0 4 6.562e+02 6.878e+02 294 2 1 2.237e+02 2.383e+02 135 2 3 1.447e+01 2.753e+01 121 2 3 2.276e+02 2.344e+02 64 2 4 2.010e+02 2.190e+02 166 2 2 2.342e+02 2.698e+02 330
48206 10 1 3 5.643e+02 5.697e+02 50 1 2 5.686e+02 6.074e+02 360 2 4 2.509e+02 2.531e+02 21 2 1 2.719e+02 2.741e+02 20 2 2 2.386e+02 2.654e+02 250 2 3 2.587e+02 2.873e+02 265 2 1 1.297e+02 1.643e+02 322 3 1 1.604e+01 2.596e+01 92 3 1 5.893e+01 6.707e+01 76 3 1 5.179e+00 3.682e+01 294
48207 10 1 4 6.256e+02 6.344e+02 82 1 2 5.353e+02 5.567e+02 198 1 4 5.374e+02 5.546e+02 159 2 3 1.459e+02 1.481e+02 21 2 3 6.090e+02 6.090e+02 -3 2 1 1.853e+02 1.927e+02 70 2 4 5.775e+02 5.985e+02 196 2 3 1.866e+02 1.914e+02 46 2 2 1.512e+02 1.848e+02 312 2 4 1.499e+02 1.861e+02 336
48208 37 0 4 5.858e+02 5.902e+02 41 0 1 5.556e+02 5.784e+02 211 0 2 6.249e+02 6.351e+02 96 0 3 6.381e+02 6.639e+02 240 0 3 5.491e+02 5.849e+02 333 0 4 6.215e+02 6.385e+02 158 0 1 6.320e+02 6.700e+02 352 1 4 5.696e+02 6.064e+02 341 2 4 1.648e+02 1.712e+02 59 2 4 6.278e+02 6.322e+02 41 2 3 3.543e+02 3.597e+02 50 2 3 6.500e+02 6.520e+02 18 2 1 1.837e+01 2.363e+01 49 2 3 3.897e+02 4.083e+02 172 2 2 1.187e+02 1.333e+02 136 2 2 6.662e+02 6.778e+02 107 2 1 1.842e+02 1.938e+02 89 2 2 4.088e+02 4.312e+02 209 2 2 1.997e+02 2.203e+02 190 2 2 4.906e+02 5.174e+02 249 2 4 3.751e+02 3.809e+02 55 2 1 5.129e+02 5.371e+02 225 2 3 3.924e+00 3.808e+01 317 2 4 4.061e+02 4.339e+02 258 2 4 1.210e+02 1.310e+02 93 2 4 4.922e+02 5.158e+02 219 2 3 1.873e+02 1.907e+02 31 2 1 3.875e+02 4.105e+02 213 2 1 2.111e+02 2.509e+02 370 2 3 4.661e+02 4.999e+02 314 2 4 3.312e+02 3.408e+02 90 2 3 8.465e+01 1.254e+02 378 2 1 1.416e+02 1.524e+02 100 2 4 3.171e+02 3.549e+02 351 2 2 1.596e+02 1.764e+02 156 2 4 1.568e+02 1.792e+02 207 2 3 1.733e+02 2.047e+02 292
48209 0
48210 2 0 1 3.990e+02 3.990e+02 -4 0 3 4.400e+02 4.420e+02 18
48211 12 0 1 6.483e+02 6.537e+02 50 0 3 6.459e+02 6.561e+02 96 0 2 6.553e+02 6.887e+02 310 0 4 6.582e+02 6.858e+02 256 2 3 1.900e+01 2.300e+01 37 2 4 5.867e+02 5.893e+02 24 2 1 9.309e+00 3.269e+01 217 2 3 1.841e+02 1.939e+02 90 2 2 1.990e+02 2.210e+02 204 2 1 4.974e+01 7.626e+01 246 2 1 1.756e+02 2.024e+02 250 2 4 1.927e+02 2.273e+02 322
48212 2 1 1 6.074e+02 6.106e+02 30 1 1 5.985e+02 6.195e+02 196
48213 9 0 2 5.409e+02 5.511e+02 94 0 3 6.495e+02 6.525e+02 28 0 1 5.522e+02 5.818e+02 276 0 3 5.999e+02 6.181e+02 170 0 1 6.423e+02 6.597e+02 162 0 3 5.515e+02 5.825e+02 288 0 2 6.190e+02 6.410e+02 204 0 4 6.127e+02 6.473e+02 320 0 4 5.746e+02 6.014e+02 248
48215 5 0 4 6.672e+02 6.768e+02 89 0 2 6.661e+02 6.779e+02 109 0 1 6.342e+02 6.678e+02 312 1 3 6.080e+02 6.100e+02 19 2 4 1.549e+02 1.811e+02 243
48216 1 2 3 3.713e+01 8.887e+01 480
