27541 1 2 4 2.368e+02 2.672e+02 282
27542 0
27543 4 0 4 6.235e+02 6.365e+02 120 0 1 5.993e+02 6.187e+02 180 0 3 5.962e+02 6.218e+02 237 2 1 1.891e+01 2.309e+01 39
27545 47 0 1 5.655e+02 5.685e+02 28 0 4 5.863e+02 5.897e+02 32 0 2 6.703e+02 6.737e+02 31 0 2 3.271e+02 3.449e+02 166 0 4 4.171e+02 4.229e+02 54 0 4 3.170e+02 3.550e+02 353 0 2 4.584e+02 4.656e+02 67 0 3 5.596e+02 5.744e+02 138 0 1 6.063e+02 6.117e+02 50 0 4 6.687e+02 6.753e+02 60 0 1 3.943e+02 4.037e+02 87 0 4 4.598e+02 4.642e+02 41 0 1 5.535e+02 5.805e+02 251 0 2 6.289e+02 6.311e+02 20 0 1 6.477e+02 6.543e+02 60 0 3 3.845e+02 4.135e+02 269 0 1 4.750e+02 4.910e+02 149 0 3 5.538e+02 5.802e+02 246 0 4 6.298e+02 6.302e+02 4 0 3 6.481e+02 6.539e+02 53 0 2 4.462e+02 4.778e+02 294 0 3 6.033e+02 6.147e+02 106 0 2 6.555e+02 6.885e+02 306 0 3 4.636e+02 5.024e+02 360 0 1 5.940e+02 6.240e+02 278 0 1 6.310e+02 6.710e+02 371 0 3 5.907e+02 6.273e+02 340 0 3 6.321e+02 6.699e+02 350 0 2 6.109e+02 6.491e+02 355 1 2 6.281e+02 6.319e+02 36 1 4 6.272e+02 6.328e+02 51 1 1 6.063e+02 6.117e+02 50 1 3 5.904e+02 6.276e+02 345 2 3 6.091e+01 6.509e+01 39 2 4 4.546e+02 4.694e+02 138 2 2 1.226e+02 1.294e+02 63 2 3 4.687e+02 4.973e+02 265 2 3 1.870e+02 1.910e+02 37 2 3 1.021e+02 1.079e+02 54 2 2 1.654e+02 1.706e+02 48 2 4 2.833e+01 5.567e+01 254 2 2 7.204e+01 9.596e+01 222 2 2 1.485e+02 1.875e+02 361 2 1 4.700e+01 7.900e+01 297 2 2 1.128e+02 1.392e+02 245 2 4 6.840e+01 9.960e+01 290 3 1 3.116e+02 3.184e+02 64
27547 15 0 1 5.628e+02 5.712e+02 79 0 4 5.815e+02 5.945e+02 120 0 3 5.578e+02 5.762e+02 170 0 2 6.232e+02 6.368e+02 126 0 3 6.407e+02 6.613e+02 190 0 4 6.212e+02 6.388e+02 164 0 2 6.609e+02 6.831e+02 206 0 1 5.980e+02 6.200e+02 205 0 1 5.908e+02 6.272e+02 338 2 3 2.100e+01 2.100e+01 -10 2 2 2.901e+02 2.979e+02 72 2 4 1.254e+02 1.266e+02 10 2 3 2.640e+02 2.820e+02 167 2 4 2.833e+02 3.047e+02 199 2 1 2.561e+02 2.899e+02 314
27550 1 0 3 6.370e+02 6.650e+02 260
27552 0
27553 0
27554 10 0 1 1.454e+02 1.486e+02 30 0 3 4.823e+02 4.837e+02 13 0 2 6.666e+02 6.774e+02 100 0 2 5.005e+02 5.075e+02 66 0 4 6.646e+02 6.794e+02 138 0 3 4.734e+02 4.926e+02 178 0 2 6.555e+02 6.885e+02 307 2 4 4.179e+01 4.221e+01 4 2 4 8.370e+01 8.430e+01 6 2 1 2.100e+01 2.100e+01 -13
27555 95 0 4 6.300e+02 6.300e+02 -1 0 4 3.335e+02 3.385e+02 46 0 1 4.823e+02 4.837e+02 12 0 1 3.532e+02 3.608e+02 70 0 2 5.423e+02 5.497e+02 68 0 2 2.879e+02 3.001e+02 114 0 4 5.866e+02 5.894e+02 26 0 3 6.478e+02 6.542e+02 60 0 1 2.957e+02 3.343e+02 358 0 4 4.185e+02 4.215e+02 28 0 4 4.975e+02 5.105e+02 121 0 1 5.635e+02 5.705e+02 65 0 1 6.077e+02 6.103e+02 24 0 4 6.664e+02 6.776e+02 105 0 3 4.388e+02 4.432e+02 40 0 2 4.547e+02 4.693e+02 136 0 3 5.613e+02 5.727e+02 106 0 3 6.066e+02 6.114e+02 44 0 1 6.442e+02 6.578e+02 126 0 1 3.907e+02 4.073e+02 154 0 3 4.740e+02 4.920e+02 167 0 1 5.207e+02 5.293e+02 80 0 2 6.296e+02 6.304e+02 7 0 2 6.600e+02 6.840e+02 222 0 3 3.806e+02 4.174e+02 342 0 2 4.917e+02 5.163e+02 228 0 3 5.151e+02 5.349e+02 183 0 4 5.782e+02 5.978e+02 181 0 2 6.543e+02 6.897e+02 329 0 1 3.807e+02 4.173e+02 340 0 2 5.318e+02 5.602e+02 263 0 1 5.979e+02 6.201e+02 206 0 3 5.484e+02 5.856e+02 345 0 3 5.983e+02 6.197e+02 200 1 3 4.817e+02 4.843e+02 24 1 2 5.449e+02 5.471e+02 20 1 3 6.086e+02 6.094e+02 7 1 4 4.019e+02 4.381e+02 336 1 4 5.010e+02 5.070e+02 56 1 3 5.668e+02 5.672e+02 3 1 3 4.226e+02 4.594e+02 342 1 2 6.283e+02 6.317e+02 32 1 4 4.422e+02 4.818e+02 367 1 1 5.223e+02 5.277e+02 50 1 4 5.873e+02 5.887e+02 13 1 4 6.274e+02 6.326e+02 48 1 3 4.634e+02 5.026e+02 365 1 2 5.688e+02 6.072e+02 357 1 1 6.059e+02 6.121e+02 58 2 2 4.045e+01 4.355e+01 29 2 2 1.665e+02 1.695e+02 28 2 4 2.925e+02 2.955e+02 28 2 4 4.176e+02 4.224e+02 45 2 4 3.741e+02 3.819e+02 73 2 3 5.628e+02 5.712e+02 78 2 4 4.112e+01 4.288e+01 16 2 4 6.223e+02 6.377e+02 144 2 2 8.227e+01 8.573e+01 32 2 1 3.989e+02 3.991e+02 1 2 4 1.663e+02 1.697e+02 31 2 4 5.340e+02 5.580e+02 222 2 4 2.086e+02 2.114e+02 26 2 3 6.344e+02 6.676e+02 309 2 1 3.095e+02 3.205e+02 101 2 3 3.946e+02 4.034e+02 81 2 1 6.243e+01 6.357e+01 10 2 2 6.589e+02 6.851e+02 243 2 4 8.025e+01 8.775e+01 70 2 3 4.305e+02 4.515e+02 195 2 1 1.887e+02 1.893e+02 6 2 4 6.548e+02 6.892e+02 320 2 3 2.229e+02 2.391e+02 151 2 2 4.085e+02 4.315e+02 213 2 3 3.043e+02 3.257e+02 198 2 1 3.825e+02 4.155e+02 306 2 4 3.592e+02 3.968e+02 350 2 4 3.067e+01 5.333e+01 210 2 3 9.645e+01 1.136e+02 159 2 3 1.422e+02 1.518e+02 89 2 1 2.137e+02 2.483e+02 320 2 3 2.641e+02 2.819e+02 165 2 2 3.154e+02 3.566e+02 383 2 3 5.050e+01 7.550e+01 232 2 4 1.075e+02 1.445e+02 344 2 3 1.793e+02 1.987e+02 180 2 2 2.356e+02 2.684e+02 304 2 3 7.559e+00 3.444e+01 250 2 2 1.501e+02 1.859e+02 333 2 4 2.326e+02 2.714e+02 360 2 2 2.770e+01 5.630e+01 266 2 1 4.642e+01 7.958e+01 308 3 4 4.130e+01 4.270e+01 13 3 4 3.355e+02 3.365e+02 9 3 4 2.801e+02 3.079e+02 258 3 3 3.371e+02 3.769e+02 370
27556 7 1 3 3.974e+02 4.006e+02 30 1 3 4.275e+02 4.545e+02 251 2 2 5.018e+02 5.062e+02 41 2 3 4.664e+01 7.936e+01 304 2 3 4.146e+00 3.785e+01 313 2 4 1.860e+02 2.340e+02 446 2 1 -3.752e+00 4.575e+01 460
27557 13 0 1 5.658e+02 5.682e+02 22 0 3 6.068e+02 6.112e+02 41 0 4 6.718e+02 6.722e+02 5 0 3 5.665e+02 5.675e+02 9 0 2 6.188e+02 6.412e+02 207 0 3 6.481e+02 6.539e+02 55 0 2 5.433e+02 5.487e+02 50 0 3 5.907e+02 6.273e+02 340 0 2 6.697e+02 6.743e+02 43 0 1 6.339e+02 6.681e+02 318 2 3 1.981e+01 2.219e+01 22 2 4 3.879e+01 4.521e+01 60 2 3 4.942e+01 7.658e+01 252
27558 8 2 1 5.656e+02 5.684e+02 26 2 3 3.986e+02 3.994e+02 8 2 3 7.737e+00 3.426e+01 246 2 2 5.452e+02 5.468e+02 15 2 1 5.593e+02 5.747e+02 143 2 4 3.612e+02 3.948e+02 312 2 3 5.166e+02 5.334e+02 156 2 4 5.271e+02 5.649e+02 351
27560 13 0 2 6.224e+02 6.376e+02 140 0 2 6.696e+02 6.744e+02 44 0 4 6.210e+02 6.390e+02 166 0 1 3.481e+02 3.659e+02 165 0 4 6.672e+02 6.768e+02 90 0 1 5.978e+02 6.202e+02 208 0 3 6.424e+02 6.596e+02 160 0 4 6.581e+02 6.859e+02 258 2 1 3.912e+02 4.068e+02 145 2 2 3.666e+02 3.894e+02 212 2 4 3.665e+02 3.895e+02 213 2 3 3.412e+02 3.728e+02 294 2 2 3.587e+02 3.973e+02 358
27561 51 0 1 5.663e+02 5.677e+02 13 0 2 3.349e+02 3.371e+02 20 0 2 6.285e+02 6.315e+02 28 0 4 1.673e+02 1.687e+02 13 0 1 6.510e+02 6.510e+02 0 0 1 3.063e+02 3.237e+02 162 0 4 5.037e+02 5.043e+02 6 0 4 3.351e+02 3.369e+02 17 0 3 5.659e+02 5.681e+02 20 0 1 1.388e+02 1.552e+02 153 0 4 6.275e+02 6.325e+02 47 0 1 2.987e+02 3.313e+02 303 0 3 6.503e+02 6.517e+02 14 0 2 1.601e+02 1.759e+02 147 0 1 4.392e+02 4.428e+02 34 0 4 4.613e+02 4.627e+02 14 0 1 5.220e+02 5.280e+02 56 0 4 5.863e+02 5.897e+02 31 0 2 6.707e+02 6.733e+02 24 0 3 4.248e+02 4.572e+02 301 0 2 5.010e+02 5.070e+02 56 0 3 5.233e+02 5.267e+02 31 0 1 6.087e+02 6.093e+02 6 0 4 6.712e+02 6.728e+02 15 0 2 4.539e+02 4.701e+02 150 0 2 5.454e+02 5.466e+02 11 0 3 6.070e+02 6.110e+02 37 0 1 4.689e+02 4.971e+02 261 0 2 5.338e+02 5.582e+02 227 0 3 5.968e+02 6.212e+02 227 0 3 4.701e+02 4.959e+02 240 0 3 5.513e+02 5.827e+02 291 0 3 4.631e+02 5.029e+02 369 0 1 5.067e+02 5.433e+02 340 1 4 6.300e+02 6.300e+02 0 1 2 5.872e+02 5.888e+02 16 1 1 6.079e+02 6.101e+02 20 1 2 5.440e+02 5.480e+02 36 1 3 6.079e+02 6.101e+02 20 1 1 5.637e+02 5.703e+02 61 1 2 6.291e+02 6.309e+02 17 1 3 5.654e+02 5.686e+02 30 1 4 5.795e+02 5.965e+02 157 1 1 5.472e+02 5.868e+02 367 2 3 3.523e+02 3.617e+02 87 2 3 6.491e+02 6.529e+02 36 2 4 2.008e+02 2.192e+02 170 2 4 6.212e+02 6.388e+02 163 2 2 6.667e+02 6.773e+02 98 2 2 1.997e+02 2.203e+02 190 2 3 2.119e+02 2.501e+02 355
27562 5 0 4 6.674e+02 6.766e+02 85 0 1 6.442e+02 6.578e+02 127 0 4 1.938e+02 2.262e+02 300 0 2 6.610e+02 6.830e+02 204 0 3 6.328e+02 6.692e+02 337
27564 2 2 2 8.254e+01 8.546e+01 27 2 2 1.636e+02 1.724e+02 82
27565 5 2 4 1.665e+02 1.695e+02 27 2 4 3.328e+02 3.392e+02 59 2 3 1.812e+02 1.968e+02 145 2 1 1.761e+02 2.019e+02 239 2 2 1.941e+02 2.259e+02 295
27567 4 2 2 2.457e+02 2.583e+02 117 2 4 2.473e+02 2.567e+02 86 2 2 2.342e+02 2.698e+02 331 2 3 2.592e+02 2.868e+02 256
27569 0
27570 1 0 4 6.558e+02 6.882e+02 300
27571 8 0 2 6.720e+02 6.720e+02 -19 0 1 6.058e+02 6.122e+02 59 2 3 1.083e+01 3.117e+01 189 2 4 2.005e+02 2.195e+02 177 2 3 1.745e+02 2.035e+02 269 2 3 2.151e+02 2.469e+02 295 2 4 1.503e+02 1.857e+02 329 2 2 2.341e+02 2.699e+02 333
27574 0
27576 17 0 2 6.249e+02 6.351e+02 96 0 2 6.703e+02 6.737e+02 31 0 4 6.241e+02 6.359e+02 109 0 1 6.455e+02 6.565e+02 101 0 4 6.604e+02 6.836e+02 216 0 1 6.355e+02 6.665e+02 287 0 3 6.355e+02 6.665e+02 288 0 2 6.587e+02 6.853e+02 247 2 1 2.294e+02 2.326e+02 29 2 4 4.085e+01 4.315e+01 21 2 4 2.054e+02 2.146e+02 86 2 1 1.927e+01 2.273e+01 32 2 2 1.981e+02 2.219e+02 220 2 2 3.439e+01 4.961e+01 141 2 1 5.382e+01 7.218e+01 170 2 3 1.173e+01 3.027e+01 172 2 3 4.686e+01 7.914e+01 300
27577 60 0 2 4.607e+02 4.633e+02 24 0 2 5.433e+02 5.487e+02 50 0 4 3.946e+01 4.454e+01 47 0 1 6.071e+02 6.109e+02 35 0 2 3.666e+02 3.894e+02 212 0 3 6.503e+02 6.517e+02 12 0 3 7.781e+00 3.422e+01 246 0 3 3.940e+02 4.040e+02 93 0 4 3.585e+02 3.975e+02 361 0 1 4.820e+02 4.840e+02 18 0 1 5.629e+02 5.711e+02 76 0 3 6.069e+02 6.111e+02 39 0 4 6.686e+02 6.754e+02 64 0 1 3.876e+02 4.104e+02 211 0 3 4.787e+02 4.873e+02 80 0 3 5.649e+02 5.691e+02 40 0 2 6.292e+02 6.308e+02 16 0 1 6.494e+02 6.526e+02 29 0 1 4.225e+02 4.595e+02 343 0 2 4.999e+02 5.081e+02 76 0 3 5.151e+02 5.349e+02 183 0 4 6.270e+02 6.330e+02 56 0 2 6.650e+02 6.790e+02 130 0 4 5.024e+02 5.056e+02 29 0 1 5.578e+02 5.762e+02 171 0 4 5.826e+02 5.934e+02 100 0 4 4.914e+02 5.166e+02 234 0 3 5.531e+02 5.809e+02 259 0 1 5.895e+02 6.285e+02 361 0 4 4.488e+02 4.752e+02 245 0 1 5.123e+02 5.377e+02 236 0 4 5.666e+02 6.094e+02 397 0 3 4.643e+02 5.017e+02 347 0 3 5.090e+02 5.410e+02 298 0 2 4.844e+02 5.236e+02 364 0 2 5.273e+02 5.647e+02 348 1 4 5.439e+02 5.481e+02 39 1 3 3.150e+02 3.150e+02 -10 1 3 6.087e+02 6.093e+02 6 1 1 5.246e+02 5.254e+02 7 1 1 5.640e+02 5.700e+02 56 1 2 6.297e+02 6.303e+02 6 1 3 5.140e+02 5.360e+02 205 1 2 5.875e+02 5.885e+02 10 1 4 6.296e+02 6.304e+02 8 1 4 5.802e+02 5.958e+02 146 1 1 6.054e+02 6.126e+02 67 1 3 5.616e+02 5.724e+02 100 1 2 5.287e+02 5.633e+02 322 1 3 5.489e+02 5.851e+02 336 1 2 5.684e+02 6.076e+02 365 2 3 6.279e+01 6.321e+01 4 2 2 5.017e+02 5.063e+02 42 2 3 1.459e+02 1.481e+02 20 2 4 5.857e+02 5.903e+02 42 2 4 3.784e+01 4.616e+01 77 2 3 4.683e+02 4.977e+02 274 2 4 1.170e+02 1.350e+02 167 2 2 5.798e+02 5.962e+02 153 2 2 1.555e+02 1.805e+02 231
27578 13 0 1 5.653e+02 5.687e+02 31 0 3 4.323e+02 4.497e+02 162 0 4 5.805e+02 5.955e+02 140 0 2 6.628e+02 6.812e+02 170 0 3 5.565e+02 5.775e+02 195 0 1 6.311e+02 6.709e+02 369 0 4 4.041e+02 4.359e+02 296 2 3 1.026e+02 1.074e+02 44 2 3 3.088e+02 3.212e+02 115 2 2 1.599e+02 1.761e+02 150 2 4 3.234e+02 3.486e+02 234 2 2 1.166e+02 1.354e+02 174 2 4 1.062e+02 1.458e+02 368
27580 0
27581 56 0 2 6.263e+02 6.337e+02 69 0 3 6.485e+02 6.535e+02 46 0 2 6.199e+02 6.401e+02 188 0 2 6.569e+02 6.871e+02 280 1 1 6.090e+02 6.090e+02 -8 1 3 4.301e+02 4.519e+02 202 1 2 5.860e+02 5.900e+02 36 1 2 6.297e+02 6.303e+02 6 1 4 5.830e+02 5.930e+02 92 1 4 6.275e+02 6.325e+02 46 1 3 5.588e+02 5.752e+02 153 1 3 6.032e+02 6.148e+02 108 1 2 6.192e+02 6.408e+02 200 2 2 3.360e+02 3.360e+02 -10 2 2 3.937e+01 4.463e+01 49 2 4 2.514e+02 2.526e+02 11 2 3 6.088e+02 6.092e+02 3 2 3 2.711e+02 2.749e+02 36 2 3 6.509e+02 6.511e+02 2 2 4 3.360e+02 3.360e+02 -24 2 4 3.839e+01 4.561e+01 67 2 4 5.003e+02 5.077e+02 68 2 2 1.249e+02 1.271e+02 20 2 3 5.250e+02 5.250e+02 -20 2 1 1.398e+02 1.542e+02 134 2 2 6.279e+02 6.321e+02 39 2 4 2.367e+02 2.673e+02 284 2 2 6.638e+02 6.802e+02 153 2 2 2.918e+02 2.962e+02 40 2 1 3.550e+02 3.590e+02 36 2 2 4.906e+02 5.174e+02 250 2 1 6.300e+01 6.300e+01 -3 2 2 5.445e+02 5.475e+02 28 2 4 1.181e+02 1.339e+02 147 2 4 5.788e+02 5.972e+02 170 2 1 3.149e+02 3.151e+02 2 2 1 6.376e+02 6.644e+02 250 2 3 5.696e+01 6.904e+01 112 2 3 5.669e+02 5.671e+02 1 2 2 8.016e+01 8.784e+01 71 2 4 6.204e+02 6.396e+02 178 2 2 2.828e+02 3.052e+02 209 2 4 5.343e+02 5.577e+02 218 2 1 4.830e+01 7.770e+01 273 2 3 5.495e+02 5.845e+02 326 2 4 6.903e+01 9.897e+01 278 2 4 2.873e+02 3.007e+02 125 2 3 6.795e+00 3.521e+01 264 2 3 9.079e+01 1.192e+02 264 2 3 3.009e+02 3.291e+02 262 2 4 2.766e+01 5.634e+01 266 2 1 2.602e+02 2.858e+02 237 2 3 2.546e+02 2.914e+02 342 3 4 8.400e+01 8.400e+01 -10 3 4 4.200e+01 4.200e+01 -20 3 4 2.784e+01 5.616e+01 263
27582 0
27583 10 0 4 6.623e+02 6.817e+02 180 0 1 5.129e+02 5.371e+02 225 0 2 6.623e+02 6.817e+02 180 0 3 5.096e+02 5.404e+02 286 2 4 3.340e+02 3.380e+02 37 2 3 1.676e+01 2.524e+01 79 2 3 3.528e+02 3.612e+02 78 2 1 1.734e+01 2.466e+01 68 2 2 2.178e+01 6.222e+01 376 2 2 1.077e+02 1.443e+02 340
27584 11 0 2 6.606e+02 6.834e+02 212 0 4 4.848e+02 5.232e+02 356 1 2 6.135e+02 6.465e+02 307 2 3 3.549e+02 3.591e+02 39 2 4 7.482e+01 9.318e+01 170 2 4 3.308e+02 3.412e+02 97 2 3 5.279e+01 7.321e+01 190 2 3 9.470e+01 1.153e+02 191 2 2 6.943e+01 9.857e+01 270 2 4 1.693e+01 6.707e+01 466 2 2 6.176e+01 1.062e+02 413
27585 12 0 1 3.458e+02 3.682e+02 207 0 2 3.676e+02 3.884e+02 194 0 4 3.674e+02 3.886e+02 197 1 4 1.237e+02 1.283e+02 43 1 1 3.091e+02 3.209e+02 110 1 3 3.075e+02 3.225e+02 139 1 2 3.253e+02 3.467e+02 199 1 4 3.238e+02 3.482e+02 227 2 4 4.134e+01 4.266e+01 12 2 4 3.430e+01 4.970e+01 143 2 1 8.498e+00 3.350e+01 232 2 3 1.110e+01 3.090e+01 184
27586 19 0 2 2.503e+02 2.537e+02 31 0 1 4.803e+02 4.857e+02 50 0 3 2.700e+02 2.760e+02 56 0 1 5.209e+02 5.291e+02 76 0 3 4.771e+02 4.889e+02 110 0 4 2.340e+02 2.700e+02 334 0 2 4.893e+02 5.187e+02 274 0 1 2.139e+02 2.481e+02 317 0 4 4.919e+02 5.161e+02 226 1 3 5.663e+02 5.677e+02 13 1 1 5.245e+02 5.255e+02 9 1 4 5.880e+02 5.880e+02 -9 1 4 5.397e+02 5.523e+02 117 1 3 5.081e+02 5.419e+02 313 1 1 5.614e+02 5.726e+02 105 1 1 5.930e+02 6.250e+02 296 1 4 5.776e+02 5.984e+02 193 1 2 5.386e+02 5.534e+02 138 1 3 5.536e+02 5.804e+02 249
27588 17 0 1 4.814e+02 4.846e+02 29 0 3 4.766e+02 4.894e+02 118 0 4 4.931e+02 5.149e+02 203 0 2 4.451e+02 4.789e+02 314 0 2 4.876e+02 5.204e+02 304 1 2 6.292e+02 6.308e+02 16 1 3 5.234e+02 5.266e+02 30 1 2 6.205e+02 6.395e+02 176 1 3 4.755e+02 4.905e+02 140 1 4 6.148e+02 6.452e+02 283 1 4 4.895e+02 5.185e+02 269 1 4 5.706e+02 6.054e+02 324 1 3 5.081e+02 5.419e+02 314 2 4 8.366e+01 8.434e+01 6 2 3 2.703e+02 2.757e+02 50 2 3 9.559e+01 1.144e+02 175 2 2 1.206e+02 1.314e+02 100
27589 6 1 3 6.086e+02 6.094e+02 7 1 2 6.240e+02 6.360e+02 110 1 3 5.934e+02 6.246e+02 289 2 1 1.855e+01 2.345e+01 46 2 3 1.873e+02 1.907e+02 32 2 4 2.020e+02 2.180e+02 148
27594 7 2 2 3.325e+02 3.395e+02 66 2 2 2.836e+02 3.044e+02 193 2 2 6.634e+02 6.806e+02 160 2 3 3.462e+02 3.678e+02 201 2 3 3.885e+02 4.095e+02 195 2 2 3.710e+02 3.850e+02 130 2 4 3.706e+02 3.854e+02 138
27596 0
27597 10 0 2 5.430e+02 5.490e+02 56 2 4 7.845e+01 8.955e+01 103 2 4 5.020e+02 5.060e+02 36 2 3 2.220e+02 2.400e+02 167 2 4 3.645e+02 3.915e+02 251 3 1 6.068e+01 6.532e+01 43 3 1 1.449e+02 1.491e+02 40 3 2 1.662e+02 1.698e+02 33 3 1 1.460e+01 2.740e+01 119 3 1 1.038e+02 1.062e+02 23
27598 62 0 4 3.356e+02 3.364e+02 8 0 1 3.101e+02 3.199e+02 90 0 3 5.231e+02 5.269e+02 35 0 2 1.221e+02 1.299e+02 72 0 3 5.604e+02 5.736e+02 122 0 2 6.613e+02 6.827e+02 199 0 1 9.268e+01 1.173e+02 229 0 2 4.935e+02 5.145e+02 195 0 2 2.804e+02 3.076e+02 252 0 2 5.378e+02 5.542e+02 152 0 2 5.840e+01 1.096e+02 476 0 4 6.616e+02 6.824e+02 194 0 1 5.103e+02 5.397e+02 272 0 4 2.785e+02 3.095e+02 287 0 1 5.476e+02 5.864e+02 360 1 2 4.200e+02 4.200e+02 -5 1 1 5.652e+02 5.688e+02 34 1 2 4.593e+02 4.647e+02 50 1 4 4.998e+02 5.082e+02 78 1 3 5.648e+02 5.692e+02 41 1 2 6.239e+02 6.361e+02 113 1 3 4.795e+02 4.865e+02 66 1 2 5.828e+02 5.932e+02 97 1 3 5.964e+02 6.216e+02 235 1 4 5.861e+02 5.899e+02 36 1 4 6.135e+02 6.465e+02 306 1 2 5.352e+02 5.568e+02 201 1 3 5.482e+02 5.858e+02 349 2 1 5.642e+02 5.698e+02 52 2 4 2.929e+02 2.951e+02 20 2 4 6.281e+02 6.319e+02 36 2 1 1.927e+01 2.273e+01 32 2 4 5.359e+02 5.561e+02 187 2 2 1.253e+02 1.267e+02 12 2 3 6.424e+02 6.596e+02 160 2 2 1.655e+02 1.705e+02 47 2 4 4.911e+02 5.170e+02 240 2 3 3.124e+02 3.176e+02 48 2 2 5.339e+02 5.581e+02 224 2 2 3.222e+02 3.498e+02 256 2 4 6.622e+02 6.818e+02 182 2 3 1.680e+01 2.520e+01 78 2 3 5.493e+02 5.847e+02 329 2 1 1.779e+02 2.001e+02 206 2 1 6.375e+02 6.645e+02 251 2 2 2.909e+02 2.971e+02 58 2 2 6.551e+02 6.889e+02 313 2 4 3.223e+02 3.497e+02 254 2 2 3.892e+01 4.508e+01 57 2 2 1.087e+02 1.433e+02 321 2 3 1.330e+02 1.610e+02 260 2 1 3.081e+02 3.219e+02 128 2 3 3.373e+02 3.767e+02 366 2 4 2.918e+01 5.482e+01 238 2 4 1.530e+02 1.830e+02 279 2 3 2.615e+02 2.845e+02 214 2 2 2.775e+02 3.105e+02 307 2 3 2.963e+02 3.337e+02 347 2 1 2.552e+02 2.908e+02 331 3 4 1.239e+02 1.281e+02 40 3 4 1.084e+02 1.436e+02 327 3 3 6.838e+00 3.516e+01 263
