48873 2 1 4 6.300e+02 6.300e+02 -22 2 3 4.304e+02 4.516e+02 197
48877 7 0 4 3.340e+02 3.380e+02 36 0 4 6.697e+02 6.743e+02 42 0 3 6.051e+02 6.129e+02 73 0 3 6.493e+02 6.527e+02 32 1 1 6.086e+02 6.094e+02 7 1 1 5.888e+02 6.292e+02 376 3 2 6.564e+02 6.876e+02 289
48878 0
48879 1 1 2 6.286e+02 6.314e+02 26
48881 8 0 1 5.670e+02 5.670e+02 -6 0 4 5.839e+02 5.921e+02 76 0 3 5.575e+02 5.765e+02 176 2 3 2.730e+02 2.730e+02 -11 2 4 2.369e+02 2.671e+02 280 2 1 2.666e+02 2.794e+02 118 2 2 2.776e+02 3.104e+02 306 2 2 6.665e+01 1.013e+02 322
48883 9 0 4 6.714e+02 6.726e+02 11 2 3 2.287e+02 2.333e+02 43 2 4 6.702e+02 6.738e+02 33 2 3 5.236e+02 5.264e+02 26 2 4 3.479e+01 4.921e+01 134 2 1 5.750e+01 6.850e+01 102 2 2 6.488e+02 6.952e+02 430 2 3 5.319e+01 7.281e+01 182 2 2 3.008e+01 5.392e+01 221
48884 9 0 3 4.372e+02 4.448e+02 71 0 4 4.512e+02 4.728e+02 200 0 1 6.351e+02 6.669e+02 295 2 2 3.322e+02 3.398e+02 70 2 2 2.907e+02 2.973e+02 62 2 4 2.929e+02 2.951e+02 20 2 1 3.474e+02 3.666e+02 178 2 1 2.977e+02 3.323e+02 322 2 3 2.969e+02 3.331e+02 336
48885 2 3 2 4.506e+02 4.734e+02 212 3 1 4.712e+02 4.948e+02 219
48888 0
48889 10 0 1 6.090e+02 6.090e+02 -19 0 3 6.072e+02 6.108e+02 34 0 1 6.488e+02 6.532e+02 41 0 2 6.248e+02 6.352e+02 96 0 3 6.472e+02 6.548e+02 70 0 4 6.297e+02 6.303e+02 6 0 4 6.612e+02 6.828e+02 201 0 3 5.952e+02 6.228e+02 257 0 2 6.586e+02 6.854e+02 249 2 3 1.033e+02 1.067e+02 31
48890 6 0 1 5.186e+02 5.314e+02 119 0 2 5.365e+02 5.555e+02 176 2 4 2.468e+02 2.572e+02 97 2 3 6.167e+01 6.433e+01 25 2 4 8.016e+01 8.784e+01 71 2 1 4.794e+01 7.806e+01 280
48895 13 0 3 4.772e+02 4.888e+02 108 0 2 1.633e+02 1.727e+02 88 0 1 5.248e+02 5.252e+02 3 0 4 2.055e+02 2.145e+02 84 0 4 1.529e+02 1.831e+02 280 0 1 4.286e+02 4.534e+02 230 0 1 2.083e+00 3.992e+01 351 0 3 1.737e+02 2.043e+02 284 1 1 4.819e+02 4.841e+02 20 1 4 6.283e+02 6.317e+02 32 1 3 5.970e+02 6.210e+02 222 2 1 2.234e+02 2.386e+02 140 2 3 1.356e+02 1.584e+02 212
48896 0
48898 12 0 1 5.654e+02 5.686e+02 30 0 4 6.250e+02 6.350e+02 92 0 3 5.602e+02 5.738e+02 126 2 3 4.828e+02 4.832e+02 3 2 3 3.559e+02 3.581e+02 20 2 3 4.394e+02 4.426e+02 29 2 4 3.325e+02 3.395e+02 66 2 4 6.651e+02 6.789e+02 129 2 4 1.156e+02 1.364e+02 193 2 3 3.972e+02 4.008e+02 33 2 2 6.579e+02 6.861e+02 262 3 4 2.452e+01 5.948e+01 325
48899 10 0 4 6.589e+02 6.851e+02 243 0 1 6.340e+02 6.680e+02 316 0 3 6.322e+02 6.698e+02 349 0 2 6.556e+02 6.884e+02 305 2 1 6.466e+02 6.554e+02 82 2 2 6.206e+02 6.394e+02 174 2 3 5.937e+02 6.243e+02 284 2 4 6.097e+02 6.503e+02 377 2 4 2.688e+02 3.192e+02 468 3 1 1.809e+02 1.971e+02 151
48900 0
48902 31 0 2 6.250e+02 6.350e+02 93 0 1 6.428e+02 6.592e+02 153 0 4 6.189e+02 6.411e+02 206 0 3 6.420e+02 6.600e+02 168 1 2 5.460e+02 5.460e+02 -13 1 4 6.260e+02 6.340e+02 74 1 2 6.210e+02 6.390e+02 168 1 4 4.532e+02 4.708e+02 163 1 3 5.926e+02 6.254e+02 304 2 3 3.117e+02 3.183e+02 62 2 1 3.971e+02 4.009e+02 36 2 4 3.772e+02 3.788e+02 16 2 3 6.068e+01 6.532e+01 43 2 3 3.885e+02 4.095e+02 196 2 3 1.426e+02 1.514e+02 81 2 3 5.141e+02 5.359e+02 202 2 2 2.417e+02 2.623e+02 191 2 4 5.260e+02 5.660e+02 370 2 1 3.529e+02 3.611e+02 76 2 4 1.189e+02 1.331e+02 131 2 1 1.363e+02 1.577e+02 199 2 4 2.409e+02 2.631e+02 206 2 3 2.578e+02 2.882e+02 283 2 2 3.286e+02 3.434e+02 138 2 1 4.983e+01 7.617e+01 245 2 2 1.500e+02 1.860e+02 335 2 4 1.929e+02 2.271e+02 317 2 4 2.788e+02 3.092e+02 282 2 1 3.440e+02 3.700e+02 241 2 2 2.367e+01 6.033e+01 340 2 2 3.614e+02 3.946e+02 309
48903 2 0 1 6.462e+02 6.558e+02 89 0 2 6.091e+02 6.509e+02 388
48905 16 0 3 6.064e+02 6.116e+02 48 0 2 6.709e+02 6.731e+02 21 0 3 4.389e+02 4.431e+02 40 0 2 6.285e+02 6.315e+02 27 0 4 6.710e+02 6.730e+02 19 0 4 4.145e+02 4.255e+02 103 0 4 4.945e+02 5.135e+02 176 0 4 5.765e+02 5.995e+02 214 0 1 6.350e+02 6.670e+02 296 0 3 3.870e+02 4.110e+02 222 0 4 4.504e+02 4.736e+02 216 0 2 6.113e+02 6.487e+02 347 0 3 6.411e+02 6.609e+02 183 0 3 6.332e+02 6.688e+02 331 1 2 6.185e+02 6.415e+02 214 1 4 6.122e+02 6.478e+02 330
48906 0
48907 4 0 2 6.225e+02 6.375e+02 139 0 3 6.453e+02 6.567e+02 106 0 4 6.223e+02 6.377e+02 143 3 1 2.075e+01 2.125e+01 5
48908 2 2 4 1.677e+02 1.683e+02 6 2 4 1.252e+02 1.268e+02 16
48909 0
48910 0
48911 7 0 2 5.035e+02 5.045e+02 9 0 1 5.200e+02 5.300e+02 93 0 4 6.591e+02 6.849e+02 239 0 3 5.554e+02 5.786e+02 216 0 1 5.078e+02 5.422e+02 319 0 2 5.274e+02 5.646e+02 346 0 1 5.486e+02 5.854e+02 341
48912 0
48913 23 0 4 5.862e+02 5.898e+02 34 0 1 6.419e+02 6.601e+02 170 0 3 6.021e+02 6.159e+02 129 0 4 5.753e+02 6.007e+02 236 0 2 6.135e+02 6.465e+02 306 1 2 6.186e+02 6.414e+02 212 1 4 6.144e+02 6.456e+02 289 2 2 8.348e+01 8.452e+01 10 2 3 6.243e+01 6.357e+01 10 2 4 8.353e+01 8.447e+01 9 2 1 1.222e+01 2.978e+01 163 2 2 1.226e+02 1.294e+02 64 2 4 3.551e+01 4.849e+01 120 2 3 9.676e+01 1.132e+02 153 2 3 4.012e+00 3.799e+01 316 2 2 6.984e+01 9.816e+01 263 2 2 2.277e+01 6.123e+01 357 2 4 6.656e+01 1.014e+02 324 3 2 4.143e+01 4.257e+01 10 3 2 8.400e+01 8.400e+01 -4 3 3 1.446e+02 1.494e+02 46 3 2 1.161e+02 1.359e+02 184 3 2 1.105e+02 1.415e+02 287
48914 10 0 3 6.028e+02 6.152e+02 115 0 1 5.975e+02 6.205e+02 213 0 4 6.720e+02 6.720e+02 -15 0 3 5.525e+02 5.815e+02 269 0 4 5.750e+02 6.010e+02 240 0 4 6.576e+02 6.864e+02 267 0 1 5.115e+02 5.385e+02 250 0 1 6.334e+02 6.686e+02 326 0 2 6.577e+02 6.863e+02 265 3 2 2.940e+02 2.940e+02 -7
48915 2 1 2 6.300e+02 6.300e+02 -4 3 1 6.041e+02 6.139e+02 90
48916 10 0 1 2.491e+02 2.969e+02 444 0 2 2.687e+02 3.193e+02 470 2 3 4.825e+02 4.835e+02 10 2 3 2.259e+02 2.361e+02 95 2 4 4.563e+02 4.677e+02 106 2 2 2.456e+02 2.584e+02 120 2 1 4.748e+02 4.912e+02 152 2 4 1.920e+02 2.280e+02 334 2 2 4.920e+02 5.160e+02 223 3 3 6.473e+02 6.547e+02 70
48917 26 0 2 6.269e+02 6.331e+02 57 0 2 6.710e+02 6.730e+02 18 0 2 2.452e+02 2.588e+02 127 0 4 5.849e+02 5.911e+02 58 0 3 2.644e+02 2.816e+02 160 0 4 6.716e+02 6.724e+02 7 0 4 2.341e+02 2.699e+02 332 0 1 6.494e+02 6.526e+02 30 0 1 2.547e+02 2.913e+02 340 0 3 4.569e+02 5.091e+02 484 0 3 6.450e+02 6.570e+02 111 0 1 4.186e+02 4.634e+02 416 0 3 6.363e+02 6.657e+02 272 0 3 6.309e+02 6.711e+02 374 1 2 6.280e+02 6.320e+02 36 1 1 6.064e+02 6.116e+02 48 1 4 6.215e+02 6.385e+02 157 2 4 1.243e+02 1.277e+02 31 2 1 3.119e+02 3.181e+02 58 2 4 4.518e+02 4.722e+02 189 2 3 4.270e+02 4.550e+02 260 2 4 1.064e+02 1.456e+02 364 2 4 1.506e+02 1.854e+02 324 2 4 4.010e+02 4.390e+02 352 2 1 2.959e+02 3.341e+02 356 3 3 3.690e+01 8.910e+01 485
48918 18 0 4 6.691e+02 6.749e+02 53 0 4 4.180e+02 4.220e+02 38 0 3 4.823e+02 4.837e+02 12 0 2 6.697e+02 6.743e+02 42 0 2 5.031e+02 5.049e+02 16 0 2 5.428e+02 5.492e+02 59 0 2 6.577e+02 6.863e+02 266 0 1 5.145e+02 5.355e+02 195 0 2 5.353e+02 5.567e+02 199 0 3 5.502e+02 5.838e+02 312 2 2 4.608e+02 4.632e+02 21 2 2 1.630e+02 1.730e+02 93 2 4 4.495e+02 4.745e+02 231 2 3 4.294e+02 4.526e+02 216 2 1 1.725e+01 2.475e+01 70 2 3 1.514e+01 2.686e+01 109 2 2 4.200e+01 4.200e+01 -5 3 3 6.497e+02 6.523e+02 25
48919 7 0 2 6.292e+02 6.308e+02 16 0 1 6.425e+02 6.595e+02 158 0 1 5.904e+02 6.276e+02 345 0 4 6.451e+02 6.989e+02 499 2 1 3.550e+02 3.590e+02 38 2 4 3.928e+01 4.472e+01 50 2 4 1.936e+02 2.264e+02 306
48920 0
48921 0
48922 75 0 2 4.134e+01 4.266e+01 12 0 4 5.875e+02 5.885e+02 9 0 1 3.133e+02 3.167e+02 31 0 2 6.714e+02 6.726e+02 10 0 1 3.559e+02 3.581e+02 20 0 1 3.957e+02 4.023e+02 62 0 4 2.012e+02 2.188e+02 164 0 3 5.661e+02 5.679e+02 17 0 4 3.765e+02 3.795e+02 28 0 1 6.076e+02 6.104e+02 26 0 1 2.966e+02 3.334e+02 341 0 4 6.720e+02 6.720e+02 0 0 2 3.318e+02 3.402e+02 79 0 3 3.932e+02 4.048e+02 108 0 4 2.959e+01 5.441e+01 230 0 2 4.943e+02 5.137e+02 180 0 2 1.939e+02 2.261e+02 300 0 1 5.234e+02 5.266e+02 30 0 4 3.646e+02 3.914e+02 248 0 3 6.088e+02 6.092e+02 4 0 3 4.754e+01 7.846e+01 287 0 1 6.485e+02 6.535e+02 46 0 2 3.647e+02 3.913e+02 246 0 4 4.105e+02 4.295e+02 176 0 4 4.868e+02 5.212e+02 319 0 3 5.201e+02 5.299e+02 91 0 2 6.284e+02 6.316e+02 29 0 3 6.467e+02 6.553e+02 80 0 1 5.549e+02 5.791e+02 226 0 4 6.299e+02 6.301e+02 1 0 1 5.127e+02 5.373e+02 229 0 2 5.317e+02 5.603e+02 265 0 1 5.496e+02 5.844e+02 324 1 1 6.090e+02 6.090e+02 -11 1 4 5.038e+02 5.042e+02 4 1 2 5.847e+02 5.913e+02 62 1 3 4.267e+02 4.553e+02 266 1 3 6.090e+02 6.090e+02 -5 1 3 4.814e+02 4.846e+02 30 1 1 5.586e+02 5.754e+02 156 1 2 6.300e+02 6.300e+02 -10 1 4 4.935e+02 5.145e+02 195 1 3 5.616e+02 5.724e+02 100 1 4 6.300e+02 6.300e+02 -4 1 4 5.320e+02 5.600e+02 260 1 2 5.699e+02 6.061e+02 336 1 4 5.688e+02 6.072e+02 356 2 3 2.308e+02 2.312e+02 3 2 4 3.765e+02 3.795e+02 27 2 1 4.410e+02 4.410e+02 -1 2 2 8.348e+01 8.452e+01 10 2 1 4.808e+02 4.852e+02 40 2 3 1.438e+02 1.502e+02 60 2 4 5.446e+02 5.474e+02 26 2 4 2.082e+02 2.118e+02 34 2 3 3.971e+02 4.009e+02 36 2 3 3.080e+02 3.220e+02 130 2 4 4.939e+02 5.141e+02 187 2 4 3.331e+02 3.389e+02 55 2 4 6.608e+02 6.832e+02 208 2 4 3.874e+01 4.526e+01 60 2 2 4.192e+02 4.208e+02 15 2 3 1.019e+02 1.081e+02 57 2 4 4.539e+02 4.701e+02 150 2 2 1.644e+02 1.716e+02 67 2 4 4.035e+02 4.365e+02 306 2 1 2.198e+02 2.422e+02 207 2 3 4.239e+02 4.581e+02 318 2 3 4.992e+01 7.608e+01 243 2 2 7.092e+01 9.708e+01 243 2 1 1.848e+02 1.932e+02 78 2 2 2.392e+02 2.648e+02 238 2 4 7.693e+01 9.107e+01 131 2 4 1.119e+02 1.401e+02 261 2 4 6.481e+01 1.032e+02 356
48923 24 0 1 2.729e+02 2.731e+02 2 0 2 2.908e+02 2.972e+02 60 0 2 6.283e+02 6.317e+02 31 0 2 5.396e+02 5.524e+02 120 0 4 2.879e+02 3.001e+02 113 0 1 5.956e+02 6.224e+02 250 0 1 6.355e+02 6.665e+02 288 0 3 6.331e+02 6.689e+02 333 1 3 6.065e+02 6.115e+02 47 1 1 6.010e+02 6.170e+02 149 1 2 5.788e+02 5.972e+02 171 1 1 5.943e+02 6.237e+02 273 1 4 6.137e+02 6.463e+02 302 2 1 1.861e+02 1.919e+02 54 2 3 3.150e+02 3.150e+02 -5 2 1 3.548e+02 3.592e+02 41 2 3 1.887e+02 1.893e+02 5 2 2 2.050e+02 2.150e+02 92 2 4 2.876e+02 3.004e+02 118 2 2 3.338e+02 3.382e+02 40 2 2 2.851e+01 5.549e+01 250 2 4 1.584e+02 1.776e+02 179 2 4 1.922e+02 2.278e+02 331 3 4 7.060e+01 9.740e+01 249
48924 0
