20758 2 1 1 5.506e+02 5.834e+02 305 1 2 5.726e+02 6.034e+02 286
20759 3 0 2 5.423e+02 5.497e+02 69 0 4 5.841e+02 5.919e+02 73 2 3 1.900e+01 2.300e+01 37
20763 29 2 4 1.643e+02 1.717e+02 69 2 3 3.980e+02 4.000e+02 19 2 2 2.937e+02 2.943e+02 6 2 2 4.182e+02 4.218e+02 34 2 1 3.553e+02 3.587e+02 32 2 2 5.001e+02 5.079e+02 73 2 3 6.261e+01 6.339e+01 7 2 1 3.952e+02 4.028e+02 71 2 4 2.425e+02 2.615e+02 176 2 3 4.735e+02 4.925e+02 177 2 1 3.134e+02 3.166e+02 29 2 2 4.932e+02 5.148e+02 200 2 4 3.765e+02 3.795e+02 27 2 4 4.452e+02 4.788e+02 311 2 2 3.614e+01 4.786e+01 109 2 2 1.169e+02 1.351e+02 169 2 1 1.331e+02 1.609e+02 258 2 3 2.700e+02 2.760e+02 56 2 4 3.300e+02 3.420e+02 111 2 2 2.609e+01 5.791e+01 296 2 3 1.314e+02 1.626e+02 289 2 3 3.516e+02 3.624e+02 100 2 4 2.784e+01 5.616e+01 263 2 2 3.240e+02 3.480e+02 223 2 1 3.372e+02 3.768e+02 368 2 4 3.152e+02 3.568e+02 386 3 2 4.159e+02 4.241e+02 76 3 1 3.847e+02 4.133e+02 266 3 3 4.268e+02 4.552e+02 263
20766 16 0 4 3.719e+02 3.841e+02 114 0 1 4.374e+02 4.446e+02 66 0 1 3.497e+02 3.643e+02 136 0 3 4.405e+02 4.415e+02 10 0 2 3.166e+02 3.554e+02 360 0 3 4.232e+02 4.588e+02 330 1 3 5.668e+02 5.672e+02 3 1 1 5.580e+02 5.760e+02 166 1 2 4.896e+02 5.184e+02 267 1 4 5.757e+02 6.003e+02 228 1 2 6.145e+02 6.455e+02 287 1 4 6.103e+02 6.497e+02 366 2 2 1.590e+02 1.770e+02 168 3 2 6.691e+02 6.749e+02 55 3 4 3.349e+01 5.051e+01 158 3 3 4.884e+01 7.716e+01 263
20767 23 0 1 5.633e+02 5.707e+02 69 0 3 6.083e+02 6.097e+02 14 0 1 6.442e+02 6.578e+02 126 0 4 5.833e+02 5.927e+02 88 0 2 6.695e+02 6.745e+02 47 0 1 5.998e+02 6.182e+02 170 0 4 6.611e+02 6.829e+02 202 0 3 6.417e+02 6.603e+02 173 0 2 6.583e+02 6.857e+02 255 0 1 6.334e+02 6.686e+02 326 0 3 6.321e+02 6.699e+02 350 2 1 1.874e+02 1.906e+02 29 2 1 1.971e+01 2.229e+01 24 2 3 1.011e+02 1.089e+02 73 2 3 1.460e+02 1.480e+02 18 2 3 1.222e+01 2.978e+01 163 2 2 1.212e+02 1.308e+02 89 2 1 1.344e+02 1.596e+02 235 2 3 2.861e-01 4.171e+01 385 2 4 1.212e+02 1.308e+02 90 2 2 1.596e+02 1.764e+02 156 2 4 7.697e+01 9.103e+01 130 2 4 1.125e+02 1.395e+02 251
20769 0
20770 5 0 3 5.593e+02 5.747e+02 142 2 2 8.400e+01 8.400e+01 -5 2 3 5.324e+01 7.276e+01 181 2 4 7.150e+01 9.650e+01 232 2 4 3.223e+02 3.497e+02 254
20771 8 0 4 6.499e+02 6.941e+02 410 2 1 3.104e+02 3.196e+02 85 2 1 -3.076e+00 4.508e+01 447 2 3 -4.335e+00 4.633e+01 470 3 2 4.112e+02 4.288e+02 163 3 4 4.083e+02 4.317e+02 218 3 1 4.297e+02 4.523e+02 210 3 3 4.314e+02 4.506e+02 178
20772 7 1 3 6.054e+02 6.126e+02 67 1 4 6.177e+02 6.423e+02 229 2 3 3.136e+02 3.164e+02 26 2 4 3.332e+02 3.388e+02 52 2 1 3.541e+02 3.599e+02 54 2 4 7.325e+01 9.475e+01 200 2 2 3.279e+02 3.441e+02 150
20774 0
20775 5 0 4 5.011e+02 5.069e+02 54 0 2 2.066e+02 2.134e+02 63 0 1 2.297e+02 2.323e+02 25 0 3 2.207e+02 2.413e+02 190 0 4 1.936e+02 2.264e+02 305
20778 21 0 2 2.086e+02 2.114e+02 26 0 2 6.297e+02 6.303e+02 6 0 4 2.059e+02 2.141e+02 76 0 3 1.712e+02 2.068e+02 330 0 4 6.273e+02 6.327e+02 50 0 2 1.970e+02 2.230e+02 242 0 2 6.171e+02 6.429e+02 240 0 3 6.455e+02 6.565e+02 103 0 4 6.135e+02 6.465e+02 307 0 2 6.692e+02 6.748e+02 52 0 4 6.709e+02 6.731e+02 20 0 1 6.418e+02 6.602e+02 170 0 3 6.324e+02 6.696e+02 345 1 2 6.234e+02 6.366e+02 123 1 4 5.838e+02 5.922e+02 77 1 1 5.896e+02 6.284e+02 360 2 4 1.230e+02 1.290e+02 56 2 1 5.627e+00 3.637e+01 286 2 3 9.865e+01 1.114e+02 118 2 3 1.348e+02 1.592e+02 227 2 3 4.594e+00 3.741e+01 305
20779 2 0 4 5.002e+02 5.078e+02 71 2 4 4.898e+02 5.182e+02 264
20780 0
20783 9 0 3 6.077e+02 6.103e+02 25 0 1 6.048e+02 6.132e+02 79 0 2 6.104e+02 6.496e+02 364 0 4 6.158e+02 6.442e+02 263 1 2 1.638e+02 1.722e+02 78 1 2 6.119e+02 6.481e+02 336 2 1 5.036e+01 7.564e+01 235 2 3 5.094e+02 5.406e+02 290 2 4 4.799e+02 5.281e+02 448
20784 12 0 2 6.204e+02 6.396e+02 178 0 1 6.507e+02 6.513e+02 6 0 4 6.192e+02 6.408e+02 201 0 3 6.499e+02 6.521e+02 20 0 1 6.419e+02 6.601e+02 169 0 3 6.421e+02 6.599e+02 165 1 2 5.453e+02 5.467e+02 14 1 4 6.206e+02 6.394e+02 174 2 3 5.670e+02 5.670e+02 -11 2 4 5.416e+02 5.504e+02 82 2 1 5.589e+02 5.751e+02 150 2 2 5.786e+02 5.974e+02 174
20785 1 0 3 5.821e+02 6.359e+02 500
20787 0
20788 81 0 1 4.830e+02 4.830e+02 -4 0 2 2.520e+02 2.520e+02 -8 0 3 6.080e+02 6.100e+02 18 0 1 2.682e+02 2.778e+02 89 0 2 6.720e+02 6.720e+02 -2 0 2 3.780e+02 3.780e+02 -4 0 1 4.396e+02 4.424e+02 26 0 1 1.720e+01 2.480e+01 70 0 3 4.830e+02 4.830e+02 -12 0 4 3.738e+02 3.822e+02 77 0 3 5.670e+02 5.670e+02 -1 0 2 3.385e+01 5.015e+01 151 0 2 6.300e+02 6.300e+02 -6 0 3 2.197e+02 2.423e+02 210 0 4 6.720e+02 6.720e+02 -4 0 1 6.482e+00 3.552e+01 270 0 1 3.860e+02 4.120e+02 241 0 2 2.479e+01 5.921e+01 320 0 2 5.040e+02 5.040e+02 -10 0 1 5.235e+02 5.265e+02 28 0 4 6.300e+02 6.300e+02 -4 0 1 6.493e+02 6.527e+02 32 0 3 3.801e+02 4.179e+02 351 0 4 4.998e+02 5.082e+02 77 0 3 5.250e+02 5.250e+02 -1 0 1 6.057e+02 6.123e+02 60 0 3 6.510e+02 6.510e+02 -11 0 4 4.617e+02 4.623e+02 6 0 1 5.632e+02 5.708e+02 71 0 4 5.801e+02 5.959e+02 147 0 2 4.544e+02 4.696e+02 141 0 3 5.587e+02 5.753e+02 155 0 4 6.133e+02 6.467e+02 310 0 1 4.703e+02 4.957e+02 236 0 3 5.114e+02 5.386e+02 253 0 1 5.915e+02 6.265e+02 326 0 4 4.456e+02 4.784e+02 306 0 2 5.332e+02 5.588e+02 238 0 3 5.904e+02 6.276e+02 346 0 1 5.057e+02 5.443e+02 359 0 1 5.477e+02 5.863e+02 358 1 2 5.040e+02 5.040e+02 -2 1 3 3.990e+02 3.990e+02 -4 1 1 5.670e+02 5.670e+02 -10 1 2 3.771e+02 3.789e+02 17 1 4 4.123e+02 4.277e+02 144 1 1 2.579e+02 2.881e+02 280 1 2 5.880e+02 5.880e+02 0 1 4 6.291e+02 6.309e+02 16 1 4 5.003e+02 5.077e+02 70 1 4 5.866e+02 5.894e+02 26 1 1 6.077e+02 6.103e+02 25 1 1 5.212e+02 5.288e+02 71 1 4 5.460e+02 5.460e+02 -7 1 3 6.090e+02 6.090e+02 -6 1 3 5.188e+02 5.312e+02 116 1 2 5.332e+02 5.588e+02 237 1 2 4.855e+02 5.225e+02 344 1 4 5.716e+02 6.044e+02 304 1 3 5.491e+02 5.849e+02 333 2 3 1.868e+01 2.332e+01 43 2 1 6.498e+02 6.522e+02 23 2 2 8.400e+01 8.400e+01 -0 2 4 5.392e+02 5.528e+02 126 2 1 1.160e+01 3.040e+01 175 2 4 5.855e+02 5.905e+02 46 2 2 1.237e+02 1.283e+02 43 2 1 3.923e+02 4.057e+02 125 2 2 3.439e+01 4.961e+01 141 2 1 5.565e+02 5.775e+02 195 2 4 1.194e+02 1.326e+02 122 2 1 6.050e+02 6.130e+02 74 2 1 1.310e+02 1.630e+02 296 2 1 6.321e+02 6.699e+02 350 2 2 3.614e+02 3.946e+02 309 2 3 3.902e+02 4.078e+02 164 2 4 2.483e+01 5.917e+01 319 2 4 4.462e+02 4.778e+02 294 2 3 8.882e+01 1.212e+02 300 2 3 5.511e+02 5.829e+02 296 2 2 5.312e+02 5.608e+02 275
20790 0
20793 7 0 4 5.880e+02 5.880e+02 -5 0 4 1.577e+02 1.783e+02 192 0 1 5.545e+02 5.795e+02 231 0 3 5.491e+02 5.849e+02 332 2 4 2.073e+02 2.127e+02 50 2 4 1.949e+02 2.251e+02 280 3 3 1.963e+01 2.237e+01 26
20794 22 0 2 5.400e+02 5.520e+02 110 0 2 6.232e+02 6.368e+02 126 0 2 6.642e+02 6.798e+02 146 0 4 3.654e+02 3.906e+02 235 0 3 3.876e+02 4.104e+02 211 0 4 4.497e+02 4.743e+02 229 0 3 5.555e+02 5.785e+02 214 0 4 6.245e+02 6.355e+02 102 0 4 6.656e+02 6.784e+02 118 0 1 5.492e+02 5.848e+02 330 0 1 5.958e+02 6.222e+02 246 0 1 6.397e+02 6.623e+02 210 0 3 5.939e+02 6.241e+02 280 0 3 6.380e+02 6.640e+02 242 0 2 6.551e+02 6.889e+02 314 2 3 1.936e+01 2.264e+01 30 2 1 1.644e+01 2.556e+01 85 2 4 2.014e+02 2.186e+02 160 2 2 2.622e+01 5.778e+01 293 2 3 2.104e+02 2.516e+02 383 2 3 1.705e+02 2.075e+02 344 3 1 1.743e+02 2.037e+02 272
20795 4 3 2 3.343e+02 3.377e+02 31 3 1 3.062e+02 3.238e+02 163 3 1 3.427e+02 3.713e+02 266 3 3 3.388e+02 3.752e+02 339
20797 1 2 4 4.953e+02 5.127e+02 161
20801 24 0 2 5.441e+02 5.479e+02 35 0 1 3.547e+02 3.593e+02 43 0 1 6.067e+02 6.113e+02 42 0 4 3.310e+02 3.410e+02 93 0 4 6.694e+02 6.746e+02 49 0 3 3.903e+02 4.077e+02 162 0 2 3.728e+02 3.832e+02 97 0 2 4.553e+02 4.687e+02 124 0 4 3.656e+02 3.904e+02 230 0 1 5.232e+02 5.268e+02 33 0 3 6.004e+02 6.176e+02 159 0 4 3.543e+02 4.017e+02 440 0 2 6.652e+02 6.788e+02 126 0 1 4.804e+02 4.856e+02 49 0 3 5.220e+02 5.280e+02 56 0 2 6.153e+02 6.447e+02 273 0 1 6.427e+02 6.593e+02 155 0 2 4.938e+02 5.142e+02 189 0 3 5.600e+02 5.740e+02 130 0 2 6.563e+02 6.877e+02 291 0 1 5.095e+02 5.405e+02 287 2 2 1.252e+02 1.268e+02 16 2 3 8.972e+01 1.203e+02 284 2 1 1.284e+02 1.656e+02 345
20803 6 0 1 6.450e+02 6.570e+02 110 0 1 5.521e+02 5.819e+02 276 0 4 5.781e+02 5.979e+02 183 0 3 6.424e+02 6.596e+02 160 0 3 5.908e+02 6.272e+02 338 0 2 6.591e+02 6.849e+02 239
20805 6 0 4 5.012e+02 5.068e+02 51 0 3 4.294e+02 4.526e+02 216 0 2 4.531e+02 4.709e+02 165 0 4 4.562e+02 4.678e+02 108 1 1 5.929e+02 6.251e+02 299 2 4 2.010e+02 2.190e+02 166
20806 20 0 1 6.510e+02 6.510e+02 -14 0 4 5.863e+02 5.897e+02 32 0 4 2.096e+02 2.104e+02 7 0 3 6.481e+02 6.539e+02 55 0 3 1.816e+02 1.964e+02 138 0 2 6.218e+02 6.382e+02 153 0 2 6.677e+02 6.763e+02 80 0 4 6.166e+02 6.434e+02 250 0 4 6.680e+02 6.760e+02 75 0 1 6.425e+02 6.595e+02 158 0 4 6.614e+02 6.826e+02 196 0 2 6.564e+02 6.876e+02 289 1 4 6.291e+02 6.309e+02 16 1 4 6.196e+02 6.404e+02 193 2 2 5.015e+02 5.065e+02 47 2 3 8.366e+00 3.363e+01 235 2 4 5.032e+02 5.048e+02 15 2 1 5.116e+02 5.384e+02 250 2 3 5.074e+02 5.426e+02 326 2 1 4.994e+02 5.506e+02 475
20807 0
20808 10 0 2 4.578e+02 4.662e+02 79 0 4 4.501e+02 4.739e+02 221 0 1 4.678e+02 4.982e+02 282 2 3 2.310e+02 2.310e+02 -8 2 1 3.570e+02 3.570e+02 -19 2 3 5.732e+01 6.868e+01 106 2 2 8.038e+01 8.762e+01 67 2 4 2.057e+02 2.143e+02 80 2 4 3.288e+02 3.432e+02 133 2 3 2.146e+02 2.474e+02 306
20810 18 0 3 5.645e+02 5.695e+02 46 0 2 6.689e+02 6.751e+02 57 0 3 4.304e+02 4.516e+02 197 0 2 5.422e+02 5.498e+02 71 0 4 5.791e+02 5.969e+02 165 0 4 6.677e+02 6.763e+02 80 0 4 4.051e+02 4.349e+02 276 0 1 5.624e+02 5.716e+02 86 0 1 3.836e+02 4.144e+02 286 0 1 5.108e+02 5.392e+02 264 1 2 5.879e+02 5.881e+02 2 1 4 5.880e+02 5.880e+02 -4 1 3 5.487e+02 5.853e+02 340 2 4 8.397e+01 8.403e+01 0 2 2 7.792e+01 9.008e+01 113 2 1 9.575e+00 3.243e+01 212 2 3 8.792e+01 1.221e+02 317 2 3 7.959e+00 3.404e+01 242
