37620 8 0 3 5.987e+02 6.193e+02 192 2 1 2.100e+01 2.100e+01 -2 2 2 5.458e+02 5.462e+02 3 2 2 3.681e+01 4.719e+01 96 2 3 1.348e+01 2.852e+01 140 2 1 5.627e+00 3.637e+01 286 2 2 2.685e+01 5.715e+01 281 3 3 1.889e+02 1.891e+02 1
37622 8 0 2 4.609e+02 4.631e+02 20 0 4 4.604e+02 4.636e+02 30 0 1 4.693e+02 4.967e+02 255 0 3 4.665e+02 4.995e+02 306 1 1 6.079e+02 6.101e+02 20 1 3 6.065e+02 6.115e+02 46 1 2 6.167e+02 6.433e+02 246 2 1 2.231e+02 2.389e+02 146
37623 43 0 4 2.820e+01 5.580e+01 256 0 1 5.901e+02 6.279e+02 350 1 1 6.075e+02 6.105e+02 28 1 4 5.775e+02 5.985e+02 196 1 2 6.223e+02 6.377e+02 142 1 4 3.590e+02 3.970e+02 353 1 2 5.731e+02 6.029e+02 276 1 3 5.997e+02 6.183e+02 173 2 2 3.355e+02 3.365e+02 10 2 1 3.988e+02 3.992e+02 4 2 2 3.901e+01 4.499e+01 56 2 4 1.236e+02 1.284e+02 44 2 4 4.149e+02 4.251e+02 94 2 2 1.657e+02 1.703e+02 43 2 4 6.570e+02 6.870e+02 278 2 4 2.080e+02 2.120e+02 38 2 1 3.844e+02 4.136e+02 271 2 4 2.877e+02 3.003e+02 117 2 3 3.547e+02 3.593e+02 42 2 1 5.710e+01 6.890e+01 110 2 2 8.254e+01 8.546e+01 27 2 3 1.837e+02 1.943e+02 98 2 1 2.289e+02 2.331e+02 39 2 3 3.032e+02 3.268e+02 220 2 2 3.732e+02 3.828e+02 89 2 3 5.243e+01 7.357e+01 196 2 3 1.031e+02 1.069e+02 36 2 4 1.570e+02 1.790e+02 204 2 2 2.011e+02 2.189e+02 165 2 4 2.761e+02 3.119e+02 333 2 4 3.723e+02 3.837e+02 106 2 3 1.281e+01 2.919e+01 152 2 3 9.277e+01 1.172e+02 227 2 1 1.776e+02 2.004e+02 212 2 4 1.918e+02 2.282e+02 337 2 4 3.227e+02 3.493e+02 246 2 2 2.515e+01 5.885e+01 313 2 2 1.129e+02 1.391e+02 244 2 3 1.305e+02 1.635e+02 307 2 1 2.148e+02 2.472e+02 300 2 2 3.618e+02 3.942e+02 300 2 4 7.024e+01 9.776e+01 256 3 1 6.208e+01 6.392e+01 17
37624 4 0 1 3.507e+02 3.633e+02 117 0 4 3.623e+02 3.937e+02 291 0 2 3.228e+02 3.492e+02 246 2 4 4.930e+02 5.150e+02 204
37625 6 1 2 6.123e+02 6.477e+02 329 2 4 1.235e+02 1.285e+02 47 2 1 1.428e+02 1.512e+02 78 2 3 1.387e+02 1.553e+02 154 2 2 1.100e+02 1.420e+02 298 3 1 2.964e+02 3.336e+02 346
37626 0
37627 15 0 1 5.988e+02 6.192e+02 189 0 3 6.024e+02 6.156e+02 122 2 4 2.100e+02 2.100e+02 -4 2 3 6.253e+01 6.347e+01 9 2 3 1.439e+02 1.501e+02 57 2 3 2.291e+02 2.329e+02 36 2 4 3.874e+01 4.526e+01 60 2 2 1.631e+02 1.729e+02 91 2 4 2.476e+02 2.564e+02 81 2 1 6.525e+00 3.547e+01 269 2 4 1.593e+02 1.767e+02 161 2 3 2.227e+02 2.393e+02 154 2 3 1.168e+01 3.032e+01 173 3 4 3.238e+02 3.482e+02 226 3 3 3.871e+02 4.109e+02 221
37628 13 0 4 4.620e+02 4.620e+02 -1 0 1 4.819e+02 4.841e+02 21 0 3 5.586e+02 5.754e+02 156 0 4 6.649e+02 6.791e+02 132 0 3 4.798e+02 4.862e+02 59 0 2 5.397e+02 5.523e+02 117 0 4 4.942e+02 5.138e+02 181 0 1 5.550e+02 5.790e+02 223 0 2 4.438e+02 4.802e+02 339 0 2 4.872e+02 5.208e+02 311 2 4 1.576e+02 1.784e+02 194 3 1 5.732e+01 6.868e+01 106 3 1 5.009e+01 7.591e+01 240
37629 49 0 2 6.262e+02 6.338e+02 71 0 2 6.717e+02 6.723e+02 6 0 2 5.040e+02 5.040e+02 -0 0 1 5.250e+02 5.250e+02 -1 0 4 6.236e+02 6.364e+02 119 0 4 6.709e+02 6.731e+02 20 0 4 4.918e+02 5.162e+02 227 0 3 5.206e+02 5.294e+02 82 0 1 6.043e+02 6.137e+02 86 0 1 6.452e+02 6.568e+02 108 0 1 4.714e+02 4.946e+02 215 0 2 5.306e+02 5.614e+02 286 0 3 5.994e+02 6.186e+02 179 0 3 6.488e+02 6.532e+02 41 0 4 5.763e+02 5.997e+02 218 0 3 6.367e+02 6.653e+02 266 0 2 6.583e+02 6.857e+02 254 0 4 6.551e+02 6.889e+02 314 1 2 6.300e+02 6.300e+02 -5 1 2 5.859e+02 5.901e+02 40 1 1 6.084e+02 6.096e+02 10 1 4 5.784e+02 5.976e+02 178 1 3 6.018e+02 6.162e+02 134 1 1 5.554e+02 5.786e+02 216 1 4 6.239e+02 6.361e+02 114 1 4 5.712e+02 6.048e+02 311 1 2 5.282e+02 5.638e+02 330 2 4 2.511e+02 2.529e+02 16 2 1 3.969e+02 4.011e+02 40 2 1 2.711e+02 2.749e+02 36 2 4 4.620e+02 4.620e+02 -0 2 1 1.886e+01 2.314e+01 40 2 4 5.876e+02 5.884e+02 8 2 2 1.251e+02 1.269e+02 17 2 1 1.423e+02 1.517e+02 87 2 3 3.939e+02 4.041e+02 96 2 3 2.730e+02 2.730e+02 -14 2 4 5.774e+02 5.986e+02 196 2 3 2.100e+01 2.100e+01 -6 2 4 4.065e+02 4.335e+02 251 2 4 8.249e+01 8.551e+01 28 2 4 1.530e+02 1.830e+02 279 2 4 1.959e+02 2.241e+02 262 2 4 2.577e+01 5.823e+01 301 2 4 1.218e+02 1.302e+02 77 2 2 2.778e+02 3.102e+02 301 2 2 2.362e+01 6.038e+01 341 2 4 6.620e+01 1.018e+02 330 3 1 1.182e+01 3.018e+01 170
37636 13 0 1 5.202e+02 5.298e+02 89 1 3 5.659e+02 5.681e+02 21 1 4 5.864e+02 5.896e+02 29 1 3 5.054e+02 5.446e+02 364 2 4 2.507e+02 2.533e+02 25 2 3 1.653e+01 2.547e+01 83 2 4 5.870e+02 5.890e+02 19 2 3 2.649e+02 2.811e+02 150 2 2 2.981e+01 5.419e+01 226 2 2 2.910e+02 2.970e+02 56 2 2 2.814e+02 3.066e+02 235 2 1 3.002e+02 3.298e+02 275 3 1 3.944e+02 4.036e+02 85
37638 0
37640 49 0 3 6.079e+02 6.101e+02 20 0 1 6.508e+02 6.512e+02 4 0 1 2.254e+02 2.366e+02 105 0 4 5.039e+02 5.041e+02 1 0 2 6.298e+02 6.302e+02 3 0 3 6.495e+02 6.525e+02 28 0 4 4.112e+02 4.288e+02 164 0 2 5.003e+02 5.077e+02 69 0 3 5.162e+02 5.338e+02 164 0 4 6.269e+02 6.331e+02 58 0 2 6.665e+02 6.775e+02 102 0 3 4.662e+02 4.998e+02 311 0 1 6.058e+02 6.122e+02 60 0 4 6.679e+02 6.761e+02 76 0 4 4.878e+02 5.202e+02 300 0 1 5.945e+02 6.235e+02 269 0 1 6.416e+02 6.604e+02 175 1 4 6.296e+02 6.304e+02 8 1 1 5.624e+02 5.716e+02 85 1 2 6.245e+02 6.355e+02 102 1 3 5.584e+02 5.756e+02 160 1 3 6.010e+02 6.170e+02 149 1 2 5.704e+02 6.056e+02 326 1 1 5.924e+02 6.256e+02 309 2 1 1.885e+02 1.895e+02 9 2 1 1.819e+01 2.381e+01 52 2 4 1.245e+02 1.275e+02 27 2 3 5.227e+02 5.273e+02 42 2 4 2.076e+02 2.124e+02 45 2 4 4.197e+02 4.203e+02 5 2 2 2.930e+02 2.950e+02 18 2 4 4.987e+02 5.093e+02 99 2 3 8.676e+00 3.332e+01 229 2 4 5.445e+02 5.475e+02 27 2 4 8.254e+01 8.546e+01 27 2 3 4.674e+02 4.986e+02 290 2 1 1.372e+02 1.568e+02 181 2 2 2.505e+02 2.535e+02 28 2 1 2.667e+02 2.793e+02 117 2 3 9.963e+01 1.104e+02 100 2 3 1.372e+02 1.568e+02 182 2 2 2.025e+02 2.175e+02 140 2 3 2.670e+02 2.790e+02 111 2 1 3.413e+02 3.727e+02 291 2 2 1.246e+02 1.274e+02 26 2 2 1.608e+02 1.752e+02 133 2 3 2.176e+02 2.444e+02 249 2 4 2.823e+02 3.057e+02 217 3 1 1.439e+02 1.501e+02 58
37641 2 0 4 2.886e+02 2.994e+02 100 1 1 1.047e+02 1.053e+02 6
37642 17 0 1 5.174e+02 5.326e+02 141 0 2 4.926e+02 5.154e+02 212 0 3 5.172e+02 5.328e+02 145 0 2 5.308e+02 5.612e+02 283 1 2 4.962e+02 5.118e+02 145 1 4 4.953e+02 5.127e+02 161 1 1 5.089e+02 5.411e+02 299 1 3 5.100e+02 5.400e+02 278 2 4 3.707e+02 3.853e+02 135 2 1 3.929e+02 4.051e+02 114 2 1 6.657e+00 3.534e+01 266 2 3 3.939e+02 4.041e+02 95 2 1 2.556e+02 2.904e+02 323 2 2 3.601e+02 3.959e+02 333 3 1 1.963e+01 2.237e+01 26 3 1 6.104e+01 6.496e+01 36 3 1 5.175e+01 7.425e+01 209
37644 1 3 4 3.953e+02 4.447e+02 460
37645 3 0 1 1.004e+02 1.096e+02 86 0 3 9.030e+01 1.197e+02 273 2 3 1.640e+01 2.560e+01 86
37646 31 0 1 5.596e+02 5.744e+02 138 0 4 6.298e+02 6.302e+02 5 0 2 2.876e+02 3.004e+02 119 0 2 6.717e+02 6.723e+02 6 0 1 4.371e+02 4.449e+02 72 0 4 2.831e+02 3.049e+02 203 0 2 4.968e+02 5.112e+02 134 0 4 5.859e+02 5.901e+02 39 0 4 6.710e+02 6.730e+02 18 0 4 4.945e+02 5.135e+02 176 0 1 5.120e+02 5.380e+02 242 0 3 6.079e+02 6.101e+02 20 0 2 6.615e+02 6.825e+02 195 0 2 4.557e+02 4.683e+02 116 0 2 6.268e+02 6.332e+02 60 0 1 6.373e+02 6.647e+02 255 0 3 4.693e+02 4.967e+02 255 0 1 6.004e+02 6.176e+02 160 0 4 4.852e+02 5.228e+02 350 0 4 6.189e+02 6.411e+02 206 0 1 5.939e+02 6.241e+02 280 0 3 5.895e+02 6.285e+02 361 0 4 5.621e+02 6.139e+02 480 1 3 3.990e+02 3.990e+02 -9 1 2 3.778e+02 3.782e+02 5 1 4 4.133e+02 4.267e+02 124 1 3 5.978e+02 6.202e+02 207 1 2 6.101e+02 6.499e+02 369 2 2 1.649e+02 1.711e+02 57 2 4 1.563e+02 1.797e+02 218 2 3 1.278e+02 1.662e+02 357
37648 3 0 4 6.101e+02 6.499e+02 370 0 4 4.845e+02 5.235e+02 361 0 3 5.492e+02 5.848e+02 331
37649 56 0 1 1.883e+02 1.897e+02 12 0 4 3.331e+02 3.389e+02 53 0 1 5.670e+02 5.670e+02 -6 0 1 1.824e+02 1.956e+02 122 0 3 6.090e+02 6.090e+02 -14 0 1 3.126e+02 3.174e+02 44 0 4 6.720e+02 6.720e+02 -15 0 4 3.747e+02 3.813e+02 62 0 2 3.294e+02 3.426e+02 122 0 2 4.605e+02 4.635e+02 28 0 4 3.219e+02 3.501e+02 261 0 2 5.460e+02 5.460e+02 -1 0 1 3.415e+02 3.725e+02 288 0 2 6.300e+02 6.300e+02 -11 0 1 6.507e+02 6.513e+02 5 0 4 4.620e+02 4.620e+02 -4 0 1 5.212e+02 5.288e+02 70 0 4 6.296e+02 6.304e+02 7 0 3 6.510e+02 6.510e+02 -4 0 3 4.235e+02 4.585e+02 326 0 2 5.019e+02 5.061e+02 40 0 3 5.179e+02 5.321e+02 131 0 4 5.880e+02 5.880e+02 -10 0 2 6.720e+02 6.720e+02 -16 0 4 4.538e+02 4.702e+02 151 0 3 5.556e+02 5.784e+02 211 0 1 6.016e+02 6.164e+02 137 0 1 4.726e+02 4.934e+02 194 0 1 5.088e+02 5.412e+02 300 0 4 5.693e+02 6.067e+02 346 0 1 5.941e+02 6.239e+02 276 1 4 5.860e+02 5.900e+02 37 1 3 6.082e+02 6.098e+02 15 1 4 5.460e+02 5.460e+02 -14 1 2 6.293e+02 6.307e+02 12 1 2 5.781e+02 5.979e+02 185 1 4 6.287e+02 6.313e+02 25 1 4 5.282e+02 5.638e+02 330 1 1 5.985e+02 6.195e+02 195 1 1 5.491e+02 5.849e+02 333 1 3 5.953e+02 6.227e+02 254 2 4 8.339e+01 8.461e+01 11 2 4 4.198e+02 4.202e+02 4 2 3 1.030e+02 1.070e+02 36 2 4 4.989e+02 5.091e+02 96 2 2 1.235e+02 1.285e+02 46 2 1 5.205e+02 5.295e+02 84 2 3 4.406e+02 4.414e+02 7 2 3 9.371e+01 1.163e+02 210 2 2 4.559e+02 4.681e+02 114 2 2 7.092e+01 9.708e+01 243 2 3 5.206e+02 5.294e+02 81 2 2 4.910e+02 5.170e+02 241 2 2 5.261e+02 5.659e+02 370 3 4 3.292e+02 3.428e+02 127 3 2 4.906e+02 5.174e+02 248
37650 0
37651 1 0 2 4.603e+02 4.637e+02 31
37652 1 2 4 7.240e+01 9.560e+01 216
37653 7 1 1 5.195e+02 5.305e+02 103 2 2 6.580e+02 6.860e+02 260 2 4 1.118e+02 1.402e+02 265 2 3 6.354e+02 6.666e+02 290 2 4 6.553e+02 6.887e+02 310 3 3 1.020e+01 3.180e+01 200 3 2 6.593e+01 1.021e+02 336
37654 6 2 3 4.403e+02 4.417e+02 13 2 2 7.720e+01 9.080e+01 126 2 4 4.175e+02 4.225e+02 46 2 2 4.593e+02 4.647e+02 50 2 3 9.160e+01 1.184e+02 249 2 4 6.907e+01 9.893e+01 277
37656 35 0 3 3.873e+02 4.107e+02 216 0 2 4.988e+02 5.092e+02 97 0 2 6.123e+02 6.477e+02 329 0 2 3.557e+02 4.003e+02 414 0 1 6.274e+02 6.746e+02 438 0 1 3.741e+02 4.239e+02 463 0 4 6.100e+02 6.500e+02 372 0 3 6.293e+02 6.727e+02 402 0 4 3.954e+02 4.446e+02 457 2 4 1.651e+02 1.709e+02 53 2 1 2.290e+02 2.330e+02 37 2 4 4.590e+02 4.650e+02 56 2 3 3.107e+02 3.193e+02 80 2 3 5.182e+02 5.318e+02 127 2 3 3.552e+02 3.588e+02 33 2 3 4.704e+02 4.956e+02 235 2 4 1.242e+02 1.278e+02 34 2 2 5.365e+02 5.555e+02 177 2 1 1.428e+02 1.512e+02 79 2 1 4.716e+02 4.944e+02 212 2 4 2.050e+02 2.150e+02 92 2 1 5.147e+02 5.353e+02 190 2 4 3.301e+02 3.419e+02 109 2 2 4.857e+02 5.223e+02 340 2 3 1.368e+02 1.572e+02 189 2 2 1.945e+02 2.255e+02 288 2 4 4.871e+02 5.209e+02 313 2 4 2.797e+02 3.083e+02 266 2 1 3.511e+02 3.629e+02 110 2 2 1.108e+02 1.412e+02 283 2 3 2.168e+02 2.452e+02 264 2 2 3.256e+02 3.464e+02 193 2 4 1.905e+02 2.295e+02 363 3 1 6.031e+02 6.149e+02 110 3 3 6.059e+02 6.121e+02 57
37658 9 0 4 6.297e+02 6.303e+02 6 0 4 3.339e+02 3.381e+02 40 0 1 3.961e+02 4.019e+02 53 0 2 6.253e+02 6.347e+02 87 0 3 3.984e+02 3.996e+02 10 0 1 5.960e+02 6.220e+02 242 0 4 4.050e+02 4.350e+02 279 0 3 5.906e+02 6.274e+02 342 1 2 6.103e+02 6.497e+02 366
37660 10 0 2 4.054e+01 4.346e+01 27 0 1 6.261e+01 6.339e+01 7 0 2 7.984e+01 8.816e+01 77 0 3 4.817e+01 7.783e+01 276 1 4 2.078e+02 2.122e+02 41 1 3 9.146e+01 1.185e+02 251 1 4 4.987e+02 5.093e+02 98 1 4 6.174e+02 6.426e+02 235 2 4 5.873e+02 5.887e+02 14 2 3 4.141e+02 4.679e+02 500
37667 5 0 4 5.880e+02 5.880e+02 -4 0 3 5.597e+02 5.743e+02 136 2 2 1.260e+02 1.260e+02 -6 2 1 1.420e+02 1.520e+02 93 2 3 1.393e+02 1.547e+02 144
37669 0
37670 60 0 3 1.890e+02 1.890e+02 0 0 2 6.300e+02 6.300e+02 -7 0 1 3.570e+02 3.570e+02 -20 0 1 6.510e+02 6.510e+02 -15 0 2 1.667e+02 1.693e+02 25 0 1 3.990e+02 3.990e+02 -6 0 1 2.197e+02 2.423e+02 210 0 2 4.620e+02 4.620e+02 -20 0 1 3.029e+02 3.271e+02 225 0 3 5.669e+02 5.671e+02 2 0 4 3.750e+02 3.810e+02 56 0 4 6.300e+02 6.300e+02 -24 0 2 1.114e+02 1.406e+02 271 0 4 1.626e+02 1.734e+02 100 0 3 4.336e+02 4.484e+02 138 0 3 2.244e+02 2.376e+02 123 0 4 4.620e+02 4.620e+02 -10 0 2 2.781e+02 3.099e+02 296 0 3 5.250e+02 5.250e+02 -14 0 4 3.314e+02 3.406e+02 85 0 1 1.366e+02 1.574e+02 194 0 2 6.720e+02 6.720e+02 -22 0 2 2.413e+02 2.627e+02 198 0 3 3.937e+02 4.043e+02 98 0 2 3.659e+02 3.901e+02 225 0 2 5.026e+02 5.054e+02 26 0 3 6.089e+02 6.091e+02 2 0 4 6.714e+02 6.726e+02 11 0 4 4.060e+02 4.340e+02 260 0 4 5.025e+02 5.055e+02 27 0 4 6.211e+02 6.389e+02 165 0 3 6.363e+02 6.657e+02 273 0 1 3.823e+02 4.157e+02 310 0 1 4.662e+02 4.998e+02 311 0 4 5.780e+02 5.980e+02 186 0 3 4.653e+02 5.007e+02 328 0 1 5.948e+02 6.232e+02 263 0 2 6.136e+02 6.464e+02 304 1 1 5.250e+02 5.250e+02 -11 1 2 3.276e+02 3.444e+02 156 1 1 6.088e+02 6.092e+02 4 1 2 5.451e+02 5.469e+02 17 1 2 6.300e+02 6.300e+02 -0 1 3 5.670e+02 5.670e+02 -5 1 2 5.822e+02 5.938e+02 107 1 1 5.590e+02 5.750e+02 149 1 4 5.730e+02 6.030e+02 279 2 1 3.557e+02 3.583e+02 25 2 2 3.641e+01 4.759e+01 104 2 2 1.214e+02 1.306e+02 86 2 1 1.431e+02 1.509e+02 73 2 3 3.468e+02 3.672e+02 189 2 4 1.248e+02 1.272e+02 22 2 3 1.306e+02 1.634e+02 306 2 2 3.254e+02 3.466e+02 196 3 3 2.053e+01 2.147e+01 9 3 4 2.528e+01 5.872e+01 310 3 3 3.204e+00 3.880e+01 330 3 3 4.695e+01 7.905e+01 298 3 4 6.706e+01 1.009e+02 315
37672 64 0 1 2.723e+02 2.737e+02 12 0 4 6.283e+02 6.317e+02 32 0 4 2.885e+02 2.995e+02 103 0 2 6.720e+02 6.720e+02 -14 0 1 3.568e+02 3.572e+02 4 0 4 5.015e+02 5.065e+02 46 0 3 2.662e+02 2.798e+02 127 0 4 3.711e+02 3.849e+02 128 0 4 6.720e+02 6.720e+02 -20 0 2 2.794e+02 3.086e+02 271 0 1 4.355e+02 4.465e+02 103 0 2 3.627e+02 3.933e+02 285 0 2 4.583e+02 4.657e+02 68 0 1 5.670e+02 5.670e+02 -19 0 4 5.786e+02 5.974e+02 174 0 1 6.502e+02 6.518e+02 15 0 3 4.371e+02 4.449e+02 72 0 3 4.814e+02 4.846e+02 30 0 2 5.414e+02 5.506e+02 86 0 3 5.923e+02 6.257e+02 310 0 3 6.463e+02 6.557e+02 86 0 2 5.006e+02 5.074e+02 63 0 3 5.591e+02 5.749e+02 147 0 4 6.652e+02 6.788e+02 127 0 2 4.491e+02 4.749e+02 240 0 1 5.132e+02 5.368e+02 219 0 3 6.378e+02 6.642e+02 245 0 4 4.512e+02 4.728e+02 200 0 3 5.149e+02 5.351e+02 187 0 2 5.294e+02 5.626e+02 308 1 4 6.300e+02 6.300e+02 -13 1 3 5.246e+02 5.254e+02 7 1 2 5.880e+02 5.880e+02 -10 1 1 6.087e+02 6.093e+02 6 1 4 5.402e+02 5.518e+02 108 1 3 6.079e+02 6.101e+02 20 1 4 5.320e+02 5.600e+02 260 1 2 6.300e+02 6.300e+02 -2 1 1 5.513e+02 5.827e+02 292 1 3 5.518e+02 5.822e+02 282 1 2 5.251e+02 5.669e+02 389 2 4 4.602e+02 4.638e+02 34 2 4 8.348e+01 8.452e+01 10 2 1 5.236e+02 5.264e+02 26 2 3 2.309e+02 2.311e+02 1 2 3 4.799e+02 4.861e+02 57 2 1 2.627e+02 2.833e+02 190 2 1 5.654e+02 5.686e+02 30 2 3 5.705e+01 6.895e+01 110 2 2 5.033e+02 5.047e+02 13 2 2 8.083e+01 8.717e+01 59 2 1 5.544e+02 5.796e+02 235 2 2 2.513e+02 2.527e+02 13 2 4 6.564e+02 6.876e+02 289 2 4 2.811e+01 5.589e+01 258 2 4 4.016e+02 4.384e+02 341 2 3 9.698e+01 1.130e+02 149 2 4 4.467e+02 4.773e+02 284 2 4 2.507e+02 2.533e+02 25 2 1 5.141e+02 5.359e+02 202 2 3 4.754e+01 7.846e+01 287 2 2 7.078e+01 9.722e+01 246 2 4 2.056e+02 2.144e+02 82 3 4 1.986e+02 2.214e+02 212
37673 0
