14093 7 0 4 6.610e+02 6.830e+02 204 2 4 8.038e+01 8.762e+01 67 2 4 4.040e+01 4.360e+01 30 2 3 1.008e+02 1.092e+02 79 2 2 3.556e+01 4.844e+01 120 2 1 5.095e+01 7.505e+01 224 2 3 4.830e+01 7.770e+01 273
14094 31 0 3 5.859e+02 6.321e+02 429 0 4 5.616e+02 6.144e+02 490 1 3 5.608e+02 5.732e+02 116 1 4 6.245e+02 6.355e+02 101 1 4 6.169e+02 6.431e+02 244 2 3 4.728e+02 4.932e+02 189 2 3 2.292e+02 2.328e+02 33 2 1 5.163e+02 5.337e+02 161 2 3 3.138e+02 3.162e+02 22 2 4 4.871e+02 5.209e+02 313 2 2 3.701e+02 3.859e+02 146 2 4 5.315e+02 5.605e+02 270 2 3 6.073e+01 6.527e+01 42 2 4 4.458e+02 4.782e+02 301 2 4 8.400e+01 8.400e+01 -3 2 3 1.763e+02 2.017e+02 236 2 4 2.520e+02 2.520e+02 -7 2 1 2.730e+02 2.730e+02 -6 2 1 1.738e+01 2.462e+01 67 2 3 1.002e+02 1.098e+02 89 2 2 2.443e+02 2.597e+02 144 2 3 2.589e+02 2.871e+02 262 2 3 1.734e+01 2.466e+01 68 2 2 1.172e+02 1.348e+02 164 2 4 1.966e+02 2.234e+02 250 2 2 2.767e+02 3.113e+02 320 2 2 3.129e+01 5.271e+01 199 2 3 8.918e+01 1.208e+02 294 2 4 2.360e+02 2.680e+02 296 2 1 4.893e+01 7.707e+01 261 2 4 1.121e+02 1.399e+02 259
14095 0
14097 1 1 2 1.644e+02 1.716e+02 66
14098 0
14100 57 0 4 6.287e+02 6.313e+02 24 0 4 8.339e+01 8.461e+01 11 0 1 6.500e+02 6.520e+02 19 0 1 5.660e+02 5.680e+02 18 0 3 6.050e+02 6.130e+02 75 0 3 6.464e+02 6.556e+02 85 0 2 6.288e+02 6.312e+02 22 0 2 6.697e+02 6.743e+02 43 0 1 6.004e+02 6.176e+02 160 0 4 6.586e+02 6.854e+02 249 0 4 6.139e+02 6.461e+02 299 0 4 5.698e+02 6.062e+02 337 0 1 5.895e+02 6.285e+02 361 1 4 5.861e+02 5.899e+02 35 1 1 6.066e+02 6.114e+02 45 1 4 4.578e+02 4.662e+02 77 1 3 4.291e+02 4.529e+02 221 1 4 5.034e+02 5.046e+02 10 1 4 5.448e+02 5.472e+02 23 1 3 4.203e+02 4.617e+02 384 1 2 6.298e+02 6.302e+02 4 1 3 5.191e+02 5.309e+02 109 1 3 5.632e+02 5.708e+02 70 1 4 6.273e+02 6.327e+02 50 1 3 4.712e+02 4.948e+02 220 1 2 5.295e+02 5.625e+02 306 1 3 5.979e+02 6.201e+02 206 1 3 5.138e+02 5.362e+02 207 1 4 6.127e+02 6.473e+02 322 1 3 5.068e+02 5.432e+02 339 2 4 3.349e+02 3.371e+02 20 2 4 5.455e+02 5.465e+02 9 2 2 3.742e+02 3.818e+02 70 2 2 6.274e+02 6.326e+02 49 2 4 3.883e+01 4.517e+01 59 2 4 1.252e+02 1.268e+02 16 2 1 3.964e+02 4.016e+02 49 2 4 2.814e+02 3.066e+02 234 2 2 5.015e+02 5.065e+02 46 2 4 3.712e+02 3.848e+02 126 2 3 5.598e+02 5.742e+02 134 2 4 7.006e+01 9.794e+01 259 2 4 6.176e+02 6.424e+02 230 2 3 3.061e+02 3.239e+02 165 2 1 6.382e+02 6.638e+02 237 2 3 3.480e+02 3.660e+02 168 2 3 4.725e+02 4.935e+02 196 2 3 4.713e+01 7.887e+01 295 2 1 5.187e+02 5.313e+02 116 2 4 3.200e+02 3.520e+02 296 2 1 3.387e+02 3.753e+02 340 2 1 3.820e+02 4.160e+02 316 2 2 3.626e+02 3.934e+02 286 2 4 4.422e+02 4.818e+02 368 2 4 5.692e+02 6.068e+02 350 3 3 1.976e+01 2.224e+01 23 3 2 2.434e+01 5.966e+01 328
14101 5 0 1 5.636e+02 5.704e+02 63 0 4 6.244e+02 6.356e+02 104 0 1 6.476e+02 6.544e+02 64 0 4 5.781e+02 5.979e+02 185 0 2 6.204e+02 6.396e+02 178
14102 4 0 1 6.429e+02 6.591e+02 151 0 1 1.639e+02 2.141e+02 466 0 2 1.831e+02 2.369e+02 500 0 4 5.618e+02 6.142e+02 487
14107 0
14108 15 0 2 6.704e+02 6.736e+02 30 0 2 6.170e+02 6.430e+02 241 0 4 6.682e+02 6.758e+02 70 0 4 6.175e+02 6.425e+02 232 0 1 6.491e+02 6.529e+02 36 0 2 6.118e+02 6.482e+02 339 0 3 6.434e+02 6.586e+02 141 2 4 5.437e+02 5.483e+02 42 2 4 2.508e+02 2.532e+02 22 2 2 2.878e+02 3.002e+02 115 2 3 5.654e+02 5.686e+02 30 2 3 1.831e+02 1.949e+02 109 2 1 2.602e+02 2.858e+02 238 2 4 1.545e+02 1.815e+02 250 2 3 2.631e+02 2.829e+02 185
14110 1 0 1 5.670e+02 5.670e+02 -3
14111 7 1 2 5.033e+02 5.047e+02 14 1 2 4.877e+02 5.203e+02 303 2 4 1.238e+02 1.282e+02 40 2 3 1.368e+02 1.572e+02 189 2 1 1.374e+02 1.566e+02 179 2 2 1.064e+02 1.456e+02 365 2 2 1.485e+02 1.875e+02 362
14112 0
14113 1 2 3 6.163e+01 6.437e+01 26
14115 0
14116 35 0 2 3.346e+02 3.374e+02 26 0 1 5.623e+02 5.717e+02 87 0 4 3.283e+02 3.437e+02 144 0 1 6.083e+02 6.097e+02 13 0 4 3.093e+01 5.307e+01 206 0 2 6.699e+02 6.741e+02 40 0 1 2.980e+02 3.320e+02 316 0 2 5.037e+02 5.043e+02 6 0 2 5.395e+02 5.525e+02 120 0 4 5.795e+02 5.965e+02 158 0 4 6.706e+02 6.734e+02 26 0 4 4.976e+02 5.104e+02 118 0 3 5.576e+02 5.764e+02 175 0 2 6.179e+02 6.421e+02 224 0 1 6.338e+02 6.682e+02 319 0 1 4.646e+02 5.014e+02 341 0 1 5.134e+02 5.366e+02 216 0 3 6.326e+02 6.694e+02 341 0 3 5.088e+02 5.412e+02 301 1 2 5.880e+02 5.880e+02 -5 1 1 5.476e+02 5.864e+02 360 1 3 5.932e+02 6.248e+02 294 1 2 6.129e+02 6.471e+02 317 1 4 6.146e+02 6.454e+02 286 2 3 1.033e+02 1.067e+02 32 2 4 4.022e+01 4.378e+01 33 2 1 6.185e+01 6.415e+01 21 2 2 1.208e+02 1.312e+02 97 2 3 6.015e+01 6.585e+01 53 2 2 6.521e+01 1.028e+02 349 2 1 1.283e+02 1.657e+02 347 2 3 9.214e+00 3.279e+01 219 2 4 6.742e+01 1.006e+02 308 2 2 3.048e+01 5.352e+01 214 3 1 1.882e+01 2.318e+01 40
14117 6 0 3 6.416e+02 6.604e+02 175 0 2 6.155e+02 6.445e+02 269 0 2 6.618e+02 6.822e+02 190 0 4 6.639e+02 6.801e+02 150 0 2 6.561e+02 6.879e+02 295 0 4 6.549e+02 6.891e+02 318
14119 6 0 2 6.542e+02 6.898e+02 331 2 1 1.878e+02 1.902e+02 23 2 3 1.883e+02 1.897e+02 14 2 2 1.912e+02 2.288e+02 349 3 3 1.410e+02 1.530e+02 111 3 4 1.538e+02 1.822e+02 264
14124 20 0 2 6.283e+02 6.317e+02 31 0 4 2.454e+02 2.586e+02 123 0 3 5.628e+02 5.712e+02 78 0 4 6.271e+02 6.329e+02 55 0 2 6.624e+02 6.816e+02 179 0 1 5.231e+02 5.269e+02 36 0 1 5.928e+02 6.252e+02 300 0 4 6.606e+02 6.834e+02 211 0 3 5.174e+02 5.326e+02 140 0 3 6.315e+02 6.705e+02 362 0 1 5.599e+02 5.741e+02 131 0 2 5.313e+02 5.607e+02 273 1 3 5.994e+02 6.186e+02 178 1 2 6.131e+02 6.469e+02 313 1 3 1.235e+02 1.704e+02 436 1 4 6.162e+02 6.438e+02 256 2 1 1.851e+01 2.349e+01 46 2 4 4.085e+01 4.315e+01 21 2 3 1.101e+01 3.099e+01 186 2 3 1.292e+02 1.648e+02 330
14125 81 0 4 2.494e+02 2.546e+02 49 0 4 6.295e+02 6.305e+02 9 0 2 3.762e+02 3.798e+02 34 0 3 4.391e+02 4.429e+02 36 0 3 6.145e+01 6.455e+01 29 0 4 5.020e+02 5.060e+02 36 0 4 8.370e+01 8.430e+01 6 0 2 5.449e+02 5.471e+02 20 0 2 2.939e+02 2.941e+02 1 0 4 5.866e+02 5.894e+02 26 0 2 3.330e+02 3.390e+02 56 0 2 6.707e+02 6.733e+02 25 0 2 4.000e+01 4.400e+01 37 0 3 3.943e+02 4.037e+02 87 0 4 1.534e+02 1.826e+02 271 0 1 4.821e+02 4.839e+02 16 0 4 2.897e+02 2.983e+02 80 0 1 5.607e+02 5.733e+02 117 0 4 3.693e+02 3.867e+02 161 0 1 6.069e+02 6.111e+02 40 0 2 2.901e+01 5.499e+01 241 0 4 6.710e+02 6.730e+02 19 0 1 1.751e+02 2.029e+02 258 0 4 4.178e+02 4.222e+02 41 0 1 2.595e+02 2.865e+02 251 0 3 4.771e+02 4.889e+02 109 0 4 3.222e+02 3.498e+02 256 0 3 5.562e+02 5.778e+02 200 0 1 2.957e+02 3.343e+02 359 0 3 6.078e+02 6.102e+02 23 0 1 6.434e+02 6.586e+02 141 0 1 3.909e+02 4.071e+02 150 0 2 4.963e+02 5.117e+02 144 0 2 5.311e+02 5.609e+02 277 0 2 6.238e+02 6.362e+02 115 0 3 6.446e+02 6.574e+02 120 0 4 4.067e+02 4.333e+02 247 0 3 4.676e+02 4.984e+02 286 0 1 5.520e+02 5.820e+02 279 0 4 5.768e+02 5.992e+02 209 0 1 3.807e+02 4.173e+02 340 0 2 4.843e+02 5.237e+02 366 0 1 5.113e+02 5.387e+02 254 0 4 6.179e+02 6.421e+02 224 0 3 3.807e+02 4.173e+02 340 1 4 4.601e+02 4.639e+02 35 1 4 5.040e+02 5.040e+02 -5 1 2 5.876e+02 5.884e+02 8 1 1 6.079e+02 6.101e+02 20 1 3 5.217e+02 5.283e+02 62 1 4 5.860e+02 5.900e+02 38 1 3 6.079e+02 6.101e+02 20 1 4 4.890e+02 5.190e+02 279 1 2 5.431e+02 5.489e+02 54 1 2 6.287e+02 6.313e+02 24 1 1 5.054e+02 5.446e+02 364 1 1 5.645e+02 5.695e+02 46 1 4 6.275e+02 6.325e+02 46 1 3 5.627e+02 5.713e+02 80 1 3 5.898e+02 6.282e+02 357 1 4 5.354e+02 5.566e+02 196 1 3 5.517e+02 5.823e+02 284 1 4 5.715e+02 6.045e+02 306 2 2 3.919e+01 4.481e+01 52 2 1 3.551e+02 3.589e+02 36 2 4 3.856e+01 4.544e+01 64 2 4 7.397e+01 9.403e+01 186 2 3 1.880e+02 1.900e+02 19 2 4 2.369e+02 2.671e+02 280 2 3 3.493e+02 3.647e+02 144 2 1 5.642e+01 6.958e+01 122 2 3 9.874e+01 1.113e+02 116 2 1 1.429e+02 1.511e+02 76 2 2 3.647e+02 3.913e+02 247 2 4 3.008e+01 5.392e+01 221 2 2 1.147e+02 1.373e+02 210 2 3 1.432e+02 1.508e+02 70 2 4 3.596e+02 3.964e+02 341 2 3 6.704e+00 3.530e+01 266 2 4 1.091e+02 1.429e+02 315 2 2 1.546e+02 1.814e+02 250
14126 8 0 1 3.960e+02 4.020e+02 56 0 2 8.236e+01 8.564e+01 30 0 1 5.884e+01 6.716e+01 77 0 4 7.500e+01 9.300e+01 167 0 3 8.689e+01 1.231e+02 336 1 1 5.938e+02 6.242e+02 281 2 3 3.562e+02 3.578e+02 16 3 2 1.245e+02 1.275e+02 28
14127 7 0 4 6.103e+02 6.497e+02 366 0 3 6.316e+02 6.704e+02 360 2 2 4.135e+01 4.265e+01 12 2 2 1.165e+02 1.355e+02 177 2 3 1.375e+02 1.565e+02 177 2 3 2.151e+02 2.469e+02 295 2 3 2.098e+02 2.522e+02 394
14128 38 0 1 5.206e+02 5.294e+02 82 0 4 5.868e+02 5.892e+02 22 0 2 5.362e+02 5.558e+02 181 0 3 5.096e+02 5.404e+02 286 1 4 5.460e+02 5.460e+02 -6 1 4 6.197e+02 6.403e+02 192 1 4 5.284e+02 5.636e+02 327 1 2 6.135e+02 6.465e+02 306 2 2 3.816e+01 4.584e+01 71 2 3 3.981e+02 3.999e+02 17 2 3 2.251e+02 2.369e+02 109 2 1 4.793e+02 4.867e+02 69 2 2 2.940e+02 2.940e+02 -4 2 4 5.865e+02 5.895e+02 27 2 1 3.551e+02 3.589e+02 36 2 3 6.082e+01 6.518e+01 40 2 4 4.191e+02 4.209e+02 16 2 4 1.225e+02 1.295e+02 65 2 2 4.587e+02 4.653e+02 61 2 4 2.929e+02 2.951e+02 21 2 3 3.564e+02 3.576e+02 10 2 3 4.324e+02 4.496e+02 159 2 3 2.712e+00 3.929e+01 340 2 4 4.439e+02 4.801e+02 336 2 2 1.962e+02 2.238e+02 256 2 4 4.022e+02 4.378e+02 330 2 1 3.148e+02 3.152e+02 5 2 1 4.233e+02 4.587e+02 328 2 2 3.767e+02 3.793e+02 24 2 4 1.939e+02 2.261e+02 300 2 3 2.646e+02 2.814e+02 156 2 4 3.270e+02 3.450e+02 166 2 4 2.323e+02 2.717e+02 366 2 1 3.464e+02 3.676e+02 197 2 2 3.641e+02 3.919e+02 259 3 2 3.987e+01 4.413e+01 40 3 3 5.692e+01 6.908e+01 113 3 3 4.879e+01 7.721e+01 264
14130 5 2 3 6.289e+01 6.311e+01 2 2 1 6.042e+01 6.558e+01 48 2 4 2.654e+01 5.746e+01 287 2 2 6.719e+01 1.008e+02 312 2 1 4.889e+01 7.711e+01 262
14131 17 0 1 4.765e+02 4.895e+02 121 0 2 4.981e+02 5.099e+02 109 0 3 5.111e+02 5.389e+02 259 0 1 6.490e+02 6.530e+02 37 0 4 4.921e+02 5.159e+02 220 0 2 6.125e+02 6.475e+02 325 0 4 6.177e+02 6.423e+02 229 1 2 6.260e+02 6.340e+02 74 1 2 6.079e+02 6.521e+02 410 2 3 3.098e+02 3.202e+02 97 2 2 7.397e+01 9.403e+01 186 2 1 1.815e+02 1.965e+02 140 2 4 2.007e+02 2.193e+02 173 2 2 3.249e+02 3.471e+02 206 2 4 7.935e+01 8.865e+01 86 2 4 2.782e+02 3.098e+02 294 2 3 9.129e+01 1.187e+02 255
14133 47 0 4 1.626e+02 1.734e+02 100 0 1 5.240e+02 5.260e+02 18 0 2 2.917e+02 2.963e+02 43 0 1 3.554e+02 3.586e+02 30 0 3 5.378e+01 7.222e+01 171 0 3 1.860e+02 1.920e+02 56 0 3 2.201e+02 2.419e+02 202 0 4 3.612e+02 3.948e+02 311 0 2 2.941e+01 5.459e+01 234 0 2 3.215e+02 3.505e+02 270 0 4 3.098e+01 5.302e+01 205 0 1 5.454e+01 7.146e+01 157 1 3 1.023e+02 1.077e+02 50 1 2 6.249e+02 6.351e+02 96 1 1 1.451e+02 1.489e+02 35 1 2 5.871e+02 5.889e+02 17 1 2 6.939e+01 9.861e+01 271 1 1 9.707e+01 1.129e+02 147 1 4 6.258e+02 6.342e+02 77 1 1 5.556e+02 5.784e+02 212 1 3 5.972e+02 6.208e+02 220 1 4 5.726e+02 6.034e+02 286 1 4 6.156e+02 6.444e+02 267 1 2 6.163e+02 6.437e+02 255 2 4 4.609e+02 4.631e+02 20 2 1 3.122e+02 3.178e+02 52 2 2 6.297e+02 6.303e+02 5 2 4 3.748e+02 3.812e+02 60 2 3 6.194e+01 6.406e+01 20 2 2 4.591e+02 4.649e+02 54 2 2 7.801e+01 8.999e+01 111 2 4 6.174e+02 6.426e+02 234 2 1 2.255e+02 2.365e+02 102 2 2 2.899e+02 2.981e+02 76 2 3 4.314e+02 4.506e+02 178 2 3 3.504e+02 3.636e+02 122 2 4 4.478e+02 4.762e+02 264 2 1 1.828e+01 2.372e+01 50 2 3 5.930e+02 6.250e+02 296 2 4 7.271e+01 9.529e+01 210 2 3 2.604e+02 2.856e+02 234 2 3 9.978e+00 3.202e+01 205 2 4 2.793e+02 3.087e+02 274 2 4 2.766e+01 5.634e+01 266 2 3 4.601e+01 7.999e+01 316 3 1 1.895e+01 2.305e+01 38 3 4 3.084e+01 5.316e+01 207
14134 6 0 4 2.452e+02 2.588e+02 126 1 1 2.213e+02 2.407e+02 180 1 2 2.385e+02 2.655e+02 251 2 4 2.456e+02 2.584e+02 120 2 3 5.647e+02 5.693e+02 42 2 4 5.796e+02 5.964e+02 156
14136 0
14137 17 0 1 4.830e+02 4.830e+02 -16 0 2 5.460e+02 5.460e+02 -15 0 2 6.266e+02 6.334e+02 64 0 2 6.720e+02 6.720e+02 -18 0 4 5.038e+02 5.042e+02 4 0 1 5.597e+02 5.743e+02 135 0 4 6.278e+02 6.322e+02 41 0 1 6.506e+02 6.514e+02 7 0 3 4.681e+02 4.979e+02 276 0 3 5.536e+02 5.804e+02 249 0 4 5.867e+02 5.893e+02 24 0 3 6.477e+02 6.543e+02 60 0 1 5.492e+02 5.848e+02 330 0 1 5.920e+02 6.260e+02 316 0 2 6.547e+02 6.893e+02 322 0 3 5.934e+02 6.246e+02 289 0 1 6.342e+02 6.678e+02 312
14139 0
14140 10 0 4 1.963e+02 2.237e+02 255 0 3 1.686e+02 2.094e+02 380 0 3 5.903e+02 6.277e+02 348 0 2 1.930e+02 2.270e+02 316 0 4 6.530e+02 6.910e+02 353 0 3 2.128e+02 2.492e+02 339 0 1 5.843e+02 6.337e+02 460 2 1 2.083e+00 3.992e+01 351 2 1 -5.725e+00 4.772e+01 496 2 3 -4.557e+00 4.656e+01 475
14142 12 0 4 6.704e+02 6.736e+02 30 0 3 1.872e+02 1.908e+02 33 0 1 1.446e+02 1.494e+02 44 0 4 2.000e+02 2.200e+02 186 0 3 6.349e+02 6.671e+02 299 0 1 1.792e+02 1.988e+02 181 0 2 1.519e+02 1.841e+02 300 2 4 2.927e+02 2.953e+02 24 2 3 5.992e+01 6.608e+01 57 2 4 3.363e+01 5.037e+01 156 2 1 5.131e+01 7.469e+01 217 2 2 6.854e+01 9.946e+01 287
14143 4 0 4 6.275e+02 6.325e+02 46 0 3 6.029e+02 6.151e+02 113 1 2 6.254e+02 6.346e+02 86 1 4 4.990e+02 5.090e+02 92
14144 2 0 3 6.006e+02 6.174e+02 156 1 3 6.089e+02 6.091e+02 1
14145 22 0 1 4.829e+02 4.831e+02 1 0 4 2.910e+02 2.970e+02 56 0 2 6.688e+02 6.752e+02 60 0 1 4.761e+02 4.899e+02 128 0 3 5.608e+02 5.732e+02 116 0 4 6.709e+02 6.731e+02 20 0 2 4.928e+02 5.152e+02 209 0 2 5.337e+02 5.583e+02 229 0 1 6.351e+02 6.669e+02 295 0 4 4.934e+02 5.146e+02 196 0 1 5.563e+02 5.777e+02 198 0 3 6.332e+02 6.688e+02 331 0 2 4.871e+02 5.209e+02 315 0 3 5.066e+02 5.434e+02 342 2 3 9.928e+01 1.107e+02 106 2 4 2.399e+02 2.641e+02 224 2 3 2.652e+02 2.808e+02 145 2 4 3.632e+01 4.768e+01 106 2 1 5.539e+01 7.061e+01 141 2 4 1.104e+02 1.416e+02 290 2 3 5.158e+01 7.442e+01 212 2 2 3.053e+01 5.347e+01 213
14146 3 0 2 6.719e+02 6.721e+02 1 2 4 1.208e+02 1.312e+02 97 2 3 1.007e+02 1.093e+02 80
