24329 23 0 1 3.966e+02 4.014e+02 44 0 4 4.572e+02 4.668e+02 89 0 4 5.860e+02 5.900e+02 37 0 2 6.692e+02 6.748e+02 51 0 3 4.339e+02 4.481e+02 132 0 1 5.554e+02 5.786e+02 216 0 4 6.610e+02 6.830e+02 204 0 3 5.500e+02 5.840e+02 316 1 2 6.284e+02 6.316e+02 30 1 1 5.948e+02 6.232e+02 264 1 4 6.126e+02 6.474e+02 324 2 2 3.352e+02 3.368e+02 15 2 4 8.245e+01 8.555e+01 29 2 4 5.870e+02 5.890e+02 18 2 4 3.255e+02 3.465e+02 196 2 1 4.342e+02 4.478e+02 126 2 2 7.558e+01 9.242e+01 156 2 4 4.143e+02 4.257e+02 106 2 3 3.011e+02 3.289e+02 258 2 3 8.949e+01 1.205e+02 288 2 3 4.263e+02 4.557e+02 274 2 1 3.417e+02 3.723e+02 285 2 2 4.021e+02 4.379e+02 332
24330 0
24331 10 0 1 2.283e+02 2.337e+02 50 0 2 2.051e+02 2.149e+02 91 0 4 4.476e+02 4.764e+02 268 0 2 2.824e+02 3.056e+02 216 0 4 2.816e+02 3.064e+02 230 0 1 2.583e+02 2.877e+02 273 2 3 6.207e+01 6.393e+01 17 2 4 7.836e+01 8.964e+01 105 2 3 5.014e+01 7.586e+01 239 2 3 2.756e+00 3.924e+01 339
24332 11 0 1 2.229e+02 2.391e+02 151 0 3 2.266e+02 2.354e+02 81 0 2 1.943e+02 2.257e+02 291 1 4 8.074e+01 8.726e+01 60 2 3 1.433e+02 1.507e+02 69 2 4 2.083e+02 2.117e+02 31 2 4 3.708e+01 4.692e+01 91 2 4 1.225e+02 1.295e+02 65 2 2 1.628e+02 1.732e+02 96 2 3 5.382e+01 7.218e+01 170 2 4 1.111e+02 1.409e+02 276
24336 14 0 4 4.602e+02 4.638e+02 33 0 4 2.925e+02 2.955e+02 28 0 1 5.610e+02 5.730e+02 111 0 1 5.602e+01 6.998e+01 130 0 3 4.337e+02 4.483e+02 136 0 2 2.941e+01 5.459e+01 234 0 2 4.532e+02 4.708e+02 164 0 3 5.613e+02 5.727e+02 106 0 4 4.529e+02 4.711e+02 169 0 2 5.385e+02 5.535e+02 140 0 4 4.019e+02 4.381e+02 336 0 1 5.065e+02 5.435e+02 344 0 1 4.238e+02 4.582e+02 319 2 1 1.451e+01 2.749e+01 120
24337 32 0 2 3.360e+02 3.360e+02 -10 0 4 4.551e+02 4.689e+02 128 0 4 3.330e+02 3.390e+02 56 0 1 3.026e+02 3.274e+02 230 0 3 6.409e+02 6.611e+02 187 0 2 5.242e+02 5.678e+02 405 1 2 6.221e+02 6.379e+02 147 1 3 5.941e+02 6.239e+02 276 1 4 6.162e+02 6.438e+02 257 1 1 5.876e+02 6.304e+02 398 2 1 1.887e+01 2.313e+01 40 2 3 4.754e+02 4.906e+02 140 2 4 2.902e+02 2.978e+02 71 2 4 6.222e+02 6.378e+02 146 2 3 2.100e+01 2.100e+01 -2 2 2 4.971e+02 5.109e+02 129 2 4 7.617e+01 9.183e+01 146 2 4 5.791e+02 5.969e+02 165 2 3 2.609e+02 2.851e+02 225 2 3 6.415e+02 6.605e+02 177 2 3 9.699e+01 1.130e+02 149 2 2 4.518e+02 4.722e+02 189 2 2 1.064e+02 1.456e+02 364 2 3 5.995e+02 6.185e+02 176 2 2 6.637e+02 6.803e+02 155 2 3 4.189e+02 4.631e+02 411 2 4 4.508e+02 4.732e+02 208 2 4 6.606e+02 6.834e+02 211 2 1 4.154e+02 4.666e+02 476 2 1 4.640e+02 5.020e+02 352 2 1 6.309e+02 6.711e+02 374 2 2 4.409e+02 4.831e+02 392
24338 10 0 1 5.136e+02 5.364e+02 212 0 2 6.578e+02 6.862e+02 265 0 3 5.113e+02 5.387e+02 255 0 4 6.558e+02 6.882e+02 300 0 1 6.326e+02 6.694e+02 342 0 2 6.479e+02 6.961e+02 447 1 2 6.284e+02 6.316e+02 29 1 2 6.191e+02 6.409e+02 202 1 4 6.124e+02 6.476e+02 326 2 4 2.578e+01 5.822e+01 301
24339 8 0 3 5.930e+02 6.250e+02 298 1 2 4.604e+02 4.636e+02 30 1 4 5.007e+02 5.073e+02 62 1 1 4.711e+02 4.949e+02 220 1 4 5.270e+02 5.650e+02 353 1 3 4.736e+02 4.924e+02 176 1 2 4.911e+02 5.170e+02 240 2 4 4.440e+02 4.800e+02 334
24341 0
24343 0
24344 14 0 4 6.289e+02 6.311e+02 21 0 2 6.244e+02 6.356e+02 104 0 1 5.984e+02 6.196e+02 196 1 4 6.250e+02 6.350e+02 93 1 3 6.039e+02 6.141e+02 95 1 4 6.113e+02 6.487e+02 347 2 1 1.412e+02 1.528e+02 108 2 4 3.257e+02 3.463e+02 192 2 3 7.872e+00 3.413e+01 244 2 4 1.135e+02 1.385e+02 232 2 3 1.429e+02 1.511e+02 76 2 3 3.434e+02 3.706e+02 252 2 2 1.119e+02 1.401e+02 261 2 4 1.084e+02 1.436e+02 326
24345 10 0 2 5.420e+02 5.500e+02 74 0 2 4.987e+02 5.093e+02 99 1 2 2.940e+02 2.940e+02 -14 1 1 2.701e+02 2.759e+02 55 1 1 3.127e+02 3.173e+02 43 1 3 3.150e+02 3.150e+02 -0 2 1 2.248e+02 2.372e+02 116 2 2 2.444e+02 2.596e+02 141 2 1 2.191e+02 2.429e+02 220 3 1 5.364e+01 7.236e+01 174
24347 9 0 2 6.718e+02 6.722e+02 3 0 2 6.547e+02 6.893e+02 321 1 2 6.297e+02 6.303e+02 6 2 2 3.774e+02 3.786e+02 10 2 1 3.961e+02 4.019e+02 55 2 3 3.483e+02 3.657e+02 161 2 2 3.688e+02 3.872e+02 170 2 4 3.656e+02 3.904e+02 230 2 4 3.184e+02 3.536e+02 326
24348 2 0 3 6.080e+02 6.100e+02 19 0 4 6.183e+02 6.417e+02 217
24349 3 0 4 5.846e+02 5.914e+02 64 1 4 2.061e+02 2.139e+02 73 1 4 5.701e+02 6.059e+02 333
24350 7 0 4 3.336e+02 3.384e+02 44 0 4 1.643e+02 1.717e+02 69 0 2 2.900e+02 2.980e+02 74 0 3 1.879e+02 1.901e+02 21 0 4 1.568e+02 1.792e+02 209 2 3 2.700e+02 2.760e+02 56 2 3 2.169e+02 2.451e+02 261
24358 5 0 1 5.655e+02 5.685e+02 28 0 3 5.654e+02 5.686e+02 30 0 1 5.504e+02 5.836e+02 308 0 4 5.776e+02 5.984e+02 193 0 2 5.267e+02 5.653e+02 359
24361 7 0 2 6.286e+02 6.314e+02 26 0 4 6.270e+02 6.330e+02 56 0 1 5.930e+02 6.250e+02 298 0 3 6.317e+02 6.703e+02 359 2 4 3.760e+02 3.800e+02 37 2 4 3.271e+02 3.449e+02 165 2 4 3.597e+02 3.963e+02 340
24362 2 0 1 3.851e+02 4.129e+02 258 0 4 4.042e+02 4.358e+02 293
24363 6 0 4 6.201e+02 6.399e+02 183 0 2 6.616e+02 6.824e+02 194 1 2 6.174e+02 6.426e+02 235 1 4 6.153e+02 6.447e+02 274 2 1 1.464e+02 1.476e+02 10 2 3 1.470e+02 1.470e+02 -24
24364 5 2 3 5.245e+02 5.255e+02 9 2 2 1.169e+02 1.351e+02 170 2 2 5.274e+02 5.646e+02 345 2 4 1.162e+02 1.358e+02 181 3 1 3.502e+02 3.638e+02 126
24365 2 0 4 5.035e+02 5.045e+02 9 0 3 4.666e+02 4.994e+02 305
