47497 0
47498 0
47500 1 2 3 1.931e+01 2.269e+01 31
47501 20 0 2 5.450e+02 5.470e+02 18 0 4 5.875e+02 5.885e+02 10 0 2 5.365e+02 5.555e+02 176 0 2 6.589e+02 6.851e+02 244 0 2 6.119e+02 6.481e+02 336 0 4 6.587e+02 6.853e+02 247 0 4 3.994e+02 4.406e+02 383 0 4 6.105e+02 6.495e+02 363 0 1 6.397e+02 6.623e+02 210 0 1 4.196e+02 4.624e+02 398 0 3 6.365e+02 6.655e+02 270 0 1 6.253e+02 6.767e+02 478 0 3 6.268e+02 6.752e+02 450 1 2 6.136e+02 6.464e+02 304 2 3 3.467e+02 3.673e+02 192 2 3 4.372e+00 3.763e+01 309 2 2 3.242e+02 3.478e+02 220 2 1 1.319e+00 4.068e+01 366 2 4 3.237e+02 3.483e+02 228 2 2 2.021e+01 6.379e+01 405
47502 0
47503 1 1 3 3.964e+01 8.636e+01 434
47504 57 0 1 6.510e+02 6.510e+02 -18 0 3 2.717e+02 2.743e+02 24 0 1 4.830e+02 4.830e+02 -6 0 1 5.633e+02 5.707e+02 69 0 2 2.378e+02 2.662e+02 263 0 1 6.065e+02 6.115e+02 47 0 1 2.671e+02 2.789e+02 110 0 3 6.510e+02 6.510e+02 -7 0 4 1.946e+02 2.254e+02 286 0 4 4.200e+02 4.200e+02 -2 0 2 3.616e+02 3.944e+02 304 0 3 4.810e+02 4.850e+02 37 0 3 5.599e+02 5.741e+02 132 0 3 6.090e+02 6.090e+02 -15 0 2 6.704e+02 6.736e+02 30 0 1 4.410e+02 4.410e+02 -17 0 4 5.011e+02 5.069e+02 55 0 2 6.298e+02 6.302e+02 5 0 4 6.597e+02 6.843e+02 228 0 3 4.394e+02 4.426e+02 30 0 4 4.566e+02 4.674e+02 100 0 4 6.300e+02 6.300e+02 -7 0 3 3.813e+02 4.167e+02 328 0 2 4.934e+02 5.146e+02 196 0 4 5.800e+02 5.960e+02 148 0 2 4.469e+02 4.771e+02 280 0 3 6.007e+02 6.173e+02 154 0 4 4.863e+02 5.217e+02 329 0 2 6.205e+02 6.395e+02 176 0 4 6.192e+02 6.408e+02 200 0 1 5.939e+02 6.241e+02 280 1 3 4.828e+02 4.832e+02 4 1 2 4.119e+02 4.281e+02 150 1 3 5.670e+02 5.670e+02 -7 1 3 6.084e+02 6.096e+02 10 1 4 5.880e+02 5.880e+02 -4 1 2 6.278e+02 6.322e+02 41 1 4 6.300e+02 6.300e+02 -13 1 1 6.051e+02 6.129e+02 73 2 2 4.200e+01 4.200e+01 -5 2 3 6.235e+01 6.365e+01 12 2 4 6.703e+02 6.737e+02 32 2 2 1.260e+02 1.260e+02 -4 2 3 5.184e+02 5.316e+02 123 2 1 1.698e+01 2.502e+01 75 2 4 5.386e+02 5.534e+02 138 2 3 9.533e+01 1.147e+02 180 2 3 2.039e+01 2.161e+01 11 2 2 5.351e+02 5.569e+02 202 2 4 1.085e+02 1.435e+02 326 2 2 3.470e+01 4.930e+01 136 2 4 6.620e+01 1.018e+02 330 2 4 3.605e+01 4.795e+01 110 2 1 5.939e+01 6.661e+01 67 2 1 1.110e+01 3.090e+01 184 2 2 2.654e+01 5.746e+01 287 2 4 2.775e+01 5.625e+01 265
47505 0
47506 3 0 4 5.758e+02 6.002e+02 227 0 1 6.007e+02 6.173e+02 155 0 3 6.009e+02 6.171e+02 150
47507 33 0 4 6.604e+02 6.836e+02 216 0 4 3.208e+02 3.512e+02 282 0 3 3.866e+02 4.114e+02 230 0 3 1.766e+02 2.014e+02 230 1 2 6.296e+02 6.304e+02 8 2 3 1.464e+02 1.476e+02 10 2 3 6.083e+02 6.097e+02 12 2 3 2.276e+02 2.344e+02 64 2 4 6.294e+02 6.306e+02 10 2 2 3.740e+02 3.820e+02 75 2 1 1.873e+01 2.327e+01 42 2 4 5.793e+02 5.967e+02 161 2 2 8.025e+01 8.775e+01 70 2 1 3.813e+02 4.167e+02 329 2 4 1.658e+02 1.702e+02 40 2 2 6.184e+02 6.416e+02 216 2 4 2.436e+02 2.604e+02 156 2 1 5.922e+02 6.258e+02 311 2 2 3.328e+02 3.392e+02 59 2 3 1.792e+01 2.408e+01 57 2 4 1.115e+02 1.405e+02 269 2 1 1.878e+02 1.902e+02 23 2 3 3.499e+02 3.641e+02 131 2 3 5.400e+01 7.200e+01 167 2 4 6.791e+01 1.001e+02 299 2 3 1.801e+02 1.979e+02 166 2 4 3.174e+02 3.546e+02 345 2 2 2.331e+01 6.069e+01 347 2 2 6.437e+01 1.036e+02 365 2 1 1.387e+02 1.553e+02 155 2 3 -5.095e+00 4.710e+01 485 2 3 1.308e+02 1.632e+02 301 2 2 1.559e+02 1.801e+02 225
47508 2 0 3 4.149e+02 4.671e+02 485 0 4 5.622e+02 6.138e+02 479
47509 28 0 4 6.713e+02 6.727e+02 12 0 3 5.641e+02 5.699e+02 53 0 4 7.432e+01 9.368e+01 180 0 4 5.866e+02 5.894e+02 26 0 1 6.479e+02 6.541e+02 58 0 1 5.610e+02 5.730e+02 112 0 1 6.083e+02 6.097e+02 12 0 3 6.484e+02 6.536e+02 48 0 2 4.468e+02 4.772e+02 283 0 2 5.317e+02 5.603e+02 265 0 3 6.043e+02 6.137e+02 87 0 2 6.688e+02 6.752e+02 60 0 1 5.515e+02 5.825e+02 288 0 2 6.140e+02 6.460e+02 298 0 1 6.362e+02 6.658e+02 275 0 3 6.341e+02 6.679e+02 315 1 2 5.649e+02 6.111e+02 429 2 1 1.971e+01 2.229e+01 24 2 3 1.967e+01 2.233e+01 25 2 2 1.235e+02 1.285e+02 46 2 4 5.837e+02 5.923e+02 80 2 2 3.811e+01 4.589e+01 72 2 1 1.330e+02 1.610e+02 260 2 4 4.157e+01 4.243e+01 8 2 1 6.082e+01 6.518e+01 40 2 3 6.091e+01 6.509e+01 39 2 1 5.126e+01 7.474e+01 218 2 1 5.358e+00 3.664e+01 290
47512 5 0 2 6.702e+02 6.738e+02 33 1 4 6.297e+02 6.303e+02 6 1 4 6.133e+02 6.467e+02 310 2 2 1.252e+02 1.268e+02 16 2 3 1.888e+02 1.892e+02 4
47514 5 2 2 5.456e+02 5.464e+02 7 2 4 5.444e+02 5.476e+02 30 2 3 5.059e+02 5.441e+02 356 3 1 6.481e+02 6.539e+02 55 3 2 5.453e+02 5.467e+02 12
47515 6 0 3 4.389e+02 4.431e+02 40 0 4 4.616e+02 4.624e+02 7 0 4 4.513e+02 4.727e+02 198 2 4 1.235e+02 1.284e+02 46 2 2 1.152e+02 1.368e+02 200 2 3 8.658e+01 1.234e+02 342
47516 52 0 2 2.471e+02 2.569e+02 90 0 1 2.654e+02 2.806e+02 141 0 4 7.464e+01 9.336e+01 174 0 4 2.388e+02 2.652e+02 245 0 3 2.663e+02 2.797e+02 125 0 1 2.571e+02 2.889e+02 295 0 1 5.144e+02 5.356e+02 197 0 3 5.140e+02 5.360e+02 204 0 3 6.501e+02 6.519e+02 17 0 1 6.444e+02 6.576e+02 122 0 4 6.555e+02 6.885e+02 306 0 1 6.059e+02 6.121e+02 57 0 4 5.834e+02 5.926e+02 86 0 3 5.945e+02 6.235e+02 269 1 4 6.290e+02 6.310e+02 18 1 3 4.409e+02 4.411e+02 2 1 1 6.047e+02 6.133e+02 80 1 1 5.498e+02 5.842e+02 320 1 2 6.256e+02 6.344e+02 81 1 4 5.698e+02 6.062e+02 337 1 3 5.955e+02 6.225e+02 250 1 2 6.127e+02 6.473e+02 322 2 3 4.830e+02 4.830e+02 -12 2 3 1.045e+02 1.055e+02 10 2 4 4.184e+02 4.216e+02 29 2 4 2.520e+02 2.520e+02 0 2 2 5.027e+02 5.053e+02 25 2 2 2.938e+02 2.942e+02 5 2 1 4.342e+02 4.478e+02 127 2 4 4.571e+02 4.669e+02 90 2 2 1.235e+02 1.284e+02 46 2 3 4.292e+02 4.528e+02 219 2 3 1.860e+02 1.920e+02 56 2 3 4.760e+02 4.900e+02 130 2 2 2.081e+02 2.119e+02 36 2 2 4.040e+02 4.360e+02 298 2 1 2.717e+02 2.743e+02 25 2 4 4.948e+02 5.132e+02 170 2 3 5.871e+01 6.729e+01 80 2 4 1.258e+02 1.262e+02 4 2 3 1.403e+02 1.537e+02 125 2 4 2.059e+02 2.141e+02 76 2 3 2.638e+02 2.822e+02 170 2 3 1.640e+01 2.560e+01 86 2 4 8.178e+01 8.622e+01 41 2 4 1.635e+02 1.725e+02 83 2 1 2.192e+02 2.428e+02 220 2 4 2.758e+02 3.122e+02 338 2 1 1.222e+01 2.978e+01 163 2 2 7.774e+01 9.026e+01 116 2 1 1.790e+02 1.990e+02 186 2 2 2.360e+02 2.680e+02 296
47518 22 0 1 6.461e+02 6.559e+02 90 0 4 5.719e+02 6.041e+02 299 0 1 5.977e+02 6.203e+02 210 1 1 6.071e+02 6.109e+02 35 2 2 4.135e+01 4.265e+01 12 2 1 6.071e+02 6.109e+02 35 2 2 8.330e+01 8.470e+01 13 2 2 1.162e+02 1.358e+02 181 2 4 3.080e+01 5.320e+01 208 2 4 7.697e+01 9.103e+01 130 2 3 5.943e+00 3.606e+01 280 2 3 9.555e+01 1.145e+02 176 2 4 1.142e+02 1.378e+02 219 2 2 6.984e+01 9.816e+01 263 3 1 3.984e+02 3.996e+02 10 3 3 4.785e+02 4.875e+02 83 3 4 5.459e+02 5.461e+02 1 3 2 4.591e+02 4.649e+02 54 3 3 5.549e+02 5.791e+02 225 3 4 4.906e+02 5.174e+02 249 3 4 5.278e+02 5.642e+02 338 3 3 5.494e+02 5.846e+02 326
47520 6 0 1 6.418e+02 6.602e+02 171 0 1 5.143e+02 5.357e+02 198 0 3 6.404e+02 6.616e+02 197 0 3 5.107e+02 5.393e+02 266 0 4 6.499e+02 6.941e+02 410 0 2 5.204e+02 5.716e+02 475
47522 0
47523 10 0 1 5.648e+02 5.692e+02 40 0 1 6.500e+02 6.520e+02 19 0 3 5.633e+02 5.707e+02 69 0 3 6.469e+02 6.551e+02 76 0 4 5.786e+02 5.974e+02 174 0 4 6.620e+02 6.820e+02 186 0 2 6.580e+02 6.860e+02 260 2 2 1.218e+02 1.302e+02 78 2 3 1.346e+02 1.594e+02 230 2 4 1.240e+02 1.280e+02 38
47524 5 0 3 6.060e+02 6.120e+02 56 0 1 6.020e+02 6.160e+02 130 0 4 5.693e+02 6.067e+02 348 0 2 6.557e+02 6.883e+02 303 2 3 4.372e+02 4.448e+02 71
47527 23 2 4 5.430e+02 5.490e+02 56 2 3 4.380e+02 4.440e+02 56 2 2 5.382e+02 5.538e+02 145 2 2 5.876e+02 5.884e+02 7 2 1 3.430e+02 3.710e+02 260 2 1 4.353e+02 4.467e+02 106 2 1 5.584e+02 5.756e+02 160 2 3 6.011e+02 6.169e+02 146 2 2 4.035e+02 4.365e+02 307 2 2 5.282e+02 5.638e+02 330 2 4 5.723e+02 6.037e+02 292 2 3 5.514e+02 5.826e+02 290 3 4 4.572e+02 4.668e+02 89 3 1 4.816e+02 4.844e+02 26 3 3 3.518e+02 3.622e+02 96 3 3 4.811e+02 4.849e+02 35 3 2 4.567e+02 4.673e+02 98 3 4 3.655e+02 3.905e+02 232 3 2 4.977e+02 5.103e+02 116 3 4 4.487e+02 4.753e+02 246 3 4 4.976e+02 5.104e+02 119 3 2 4.428e+02 4.812e+02 356 3 1 4.679e+02 4.981e+02 280
47528 6 0 3 4.398e+02 4.422e+02 23 0 4 4.167e+02 4.233e+02 61 0 4 4.517e+02 4.723e+02 190 2 2 8.218e+01 8.582e+01 34 2 3 5.095e+01 7.505e+01 224 2 4 7.240e+01 9.560e+01 216
47531 18 0 2 6.713e+02 6.727e+02 12 0 4 6.697e+02 6.743e+02 43 0 2 6.557e+02 6.883e+02 303 0 4 6.550e+02 6.890e+02 316 1 1 5.938e+02 6.242e+02 282 2 4 2.085e+02 2.115e+02 27 2 3 6.127e+01 6.473e+01 32 2 2 4.129e+02 4.271e+02 132 2 2 8.043e+01 8.757e+01 66 2 1 5.243e+02 5.257e+02 14 2 3 2.254e+02 2.366e+02 104 2 2 4.979e+02 5.101e+02 114 2 4 3.686e+01 4.714e+01 96 2 4 4.910e+02 5.170e+02 241 2 2 7.307e+01 9.493e+01 203 2 3 4.675e+02 4.985e+02 287 2 3 1.303e+02 1.637e+02 310 2 4 2.382e+02 2.658e+02 256
47532 71 0 3 4.827e+02 4.833e+02 6 0 2 3.766e+02 3.794e+02 26 0 1 5.651e+02 5.689e+02 36 0 2 2.908e+02 2.972e+02 60 0 2 6.279e+02 6.321e+02 40 0 1 3.491e+02 3.649e+02 147 0 2 6.709e+02 6.731e+02 21 0 4 2.897e+02 2.983e+02 80 0 4 4.987e+02 5.093e+02 99 0 2 3.239e+02 3.481e+02 226 0 3 5.624e+02 5.716e+02 86 0 3 3.116e+00 3.888e+01 332 0 4 5.852e+02 5.908e+02 51 0 1 2.591e+02 2.869e+02 259 0 4 6.699e+02 6.741e+02 40 0 4 2.811e+02 3.069e+02 240 0 3 3.894e+02 4.086e+02 179 0 1 4.811e+02 4.849e+02 35 0 1 5.221e+02 5.279e+02 55 0 1 6.015e+02 6.165e+02 140 0 1 6.496e+02 6.524e+02 26 0 2 4.490e+02 4.750e+02 242 0 3 5.229e+02 5.271e+02 40 0 3 5.981e+02 6.199e+02 203 0 3 6.503e+02 6.517e+02 12 0 4 3.997e+02 4.403e+02 376 0 2 4.904e+02 5.176e+02 253 0 2 5.421e+02 5.499e+02 73 0 4 6.239e+02 6.361e+02 114 0 1 5.552e+02 5.788e+02 219 0 4 5.723e+02 6.037e+02 291 0 3 5.106e+02 5.394e+02 268 0 2 6.115e+02 6.485e+02 344 0 2 5.285e+02 5.635e+02 326 0 1 5.893e+02 6.287e+02 366 0 3 5.515e+02 5.825e+02 287 0 3 5.891e+02 6.289e+02 370 1 1 5.668e+02 5.672e+02 5 1 2 6.295e+02 6.305e+02 9 1 1 5.227e+02 5.273e+02 43 1 3 5.664e+02 5.676e+02 10 1 4 6.295e+02 6.305e+02 10 1 2 5.880e+02 5.880e+02 -0 1 1 6.044e+02 6.136e+02 86 1 4 5.830e+02 5.930e+02 93 1 3 6.078e+02 6.102e+02 23 1 4 5.754e+02 6.006e+02 235 1 3 5.962e+02 6.218e+02 237 1 2 5.353e+02 5.567e+02 200 2 4 6.298e+02 6.302e+02 5 2 4 3.337e+02 3.383e+02 43 2 4 5.038e+02 5.042e+02 5 2 3 6.199e+01 6.401e+01 19 2 2 1.651e+02 1.709e+02 54 2 3 5.186e+02 5.314e+02 118 2 4 3.637e+01 4.763e+01 105 2 2 5.311e+02 5.609e+02 277 2 2 7.514e+01 9.286e+01 165 2 3 1.841e+02 1.939e+02 90 2 1 5.093e+02 5.407e+02 292 2 1 3.457e+02 3.683e+02 210 2 2 3.120e+01 5.280e+01 200 2 4 1.577e+02 1.783e+02 192 2 3 3.458e+02 3.682e+02 207 2 4 2.851e+01 5.549e+01 250 2 1 1.732e+02 2.048e+02 293 2 1 5.144e+01 7.456e+01 215 3 4 2.929e+02 2.951e+02 21 3 4 2.044e+02 2.156e+02 104 3 3 2.174e+02 2.446e+02 253 3 4 1.945e+02 2.255e+02 288
47533 0
47535 13 0 3 6.510e+02 6.510e+02 -20 0 1 5.551e+02 5.789e+02 220 0 4 6.694e+02 6.746e+02 48 0 3 6.423e+02 6.597e+02 162 0 3 5.490e+02 5.850e+02 335 0 2 6.603e+02 6.837e+02 217 0 4 6.591e+02 6.849e+02 240 0 4 5.861e+02 5.899e+02 35 0 2 6.188e+02 6.412e+02 208 0 4 6.166e+02 6.434e+02 250 2 2 4.018e+01 4.382e+01 34 2 4 3.955e+01 4.445e+01 46 2 3 8.723e+00 3.328e+01 228
47536 14 1 2 5.854e+02 5.906e+02 48 1 4 5.790e+02 5.970e+02 167 1 3 5.985e+02 6.195e+02 196 1 1 5.935e+02 6.245e+02 288 2 3 9.950e+01 1.105e+02 102 2 4 2.905e+02 2.975e+02 66 2 3 3.549e+02 3.591e+02 39 2 4 7.684e+01 9.116e+01 133 2 1 3.128e+02 3.172e+02 41 2 2 3.235e+02 3.485e+02 232 2 3 3.073e+02 3.227e+02 143 2 4 3.199e+02 3.521e+02 299 2 2 1.073e+02 1.447e+02 348 2 2 2.735e+02 3.145e+02 380
47541 3 0 1 6.226e+01 6.374e+01 14 0 1 5.595e+02 5.745e+02 140 0 2 5.324e+02 5.596e+02 252
47542 0
47543 5 0 1 4.410e+02 4.410e+02 -8 0 4 4.593e+02 4.647e+02 50 0 3 4.333e+02 4.487e+02 143 0 2 4.458e+02 4.782e+02 301 0 3 5.895e+02 6.285e+02 363
47544 20 0 1 5.663e+02 5.677e+02 13 0 4 5.833e+02 5.927e+02 88 0 4 4.175e+02 4.225e+02 46 1 3 5.624e+02 5.716e+02 86 1 3 6.043e+02 6.137e+02 88 1 4 5.394e+02 5.526e+02 122 1 3 5.938e+02 6.242e+02 282 2 4 8.178e+01 8.622e+01 41 2 4 5.434e+02 5.486e+02 48 2 3 6.050e+02 6.130e+02 74 2 1 6.154e+01 6.446e+01 27 2 2 2.075e+02 2.125e+02 46 2 3 6.068e+01 6.532e+01 43 2 3 8.963e+01 1.204e+02 286 2 3 1.742e+02 2.038e+02 275 2 4 1.979e+02 2.221e+02 224 2 2 2.797e+02 3.083e+02 266 2 2 2.510e+01 5.890e+01 314 2 4 2.865e+01 5.535e+01 248 3 2 2.874e+02 3.006e+02 123
47545 4 0 4 3.355e+02 3.365e+02 10 0 4 3.277e+02 3.443e+02 155 0 3 4.306e+02 4.514e+02 194 0 4 4.442e+02 4.798e+02 330
47546 7 0 1 5.551e+02 5.789e+02 220 0 4 5.858e+02 5.902e+02 40 0 4 2.770e+02 3.110e+02 316 0 3 5.919e+02 6.261e+02 318 1 2 6.270e+02 6.330e+02 56 1 4 6.212e+02 6.388e+02 164 2 4 1.079e+02 1.441e+02 336
47547 42 0 4 3.261e+02 3.459e+02 184 0 2 4.613e+02 4.627e+02 12 0 2 5.430e+02 5.490e+02 56 0 1 4.378e+02 4.442e+02 60 0 4 4.604e+02 4.636e+02 30 0 3 4.330e+02 4.490e+02 149 0 1 5.081e+02 5.419e+02 313 0 3 6.490e+02 6.530e+02 37 0 1 4.268e+02 4.552e+02 263 0 3 5.080e+02 5.420e+02 316 0 2 6.693e+02 6.747e+02 50 0 2 6.284e+02 6.316e+02 30 0 4 6.720e+02 6.720e+02 -8 0 4 6.288e+02 6.312e+02 23 0 1 6.478e+02 6.542e+02 60 0 2 6.187e+02 6.413e+02 210 0 1 6.399e+02 6.621e+02 206 0 3 6.341e+02 6.679e+02 314 0 2 6.550e+02 6.890e+02 316 1 1 5.652e+02 5.688e+02 34 1 3 6.076e+02 6.104e+02 26 1 4 5.808e+02 5.952e+02 133 1 4 6.273e+02 6.327e+02 50 1 4 4.918e+02 5.162e+02 226 1 3 5.518e+02 5.822e+02 281 1 1 6.017e+02 6.163e+02 135 1 2 6.210e+02 6.390e+02 167 2 3 3.089e+02 3.211e+02 113 2 2 3.339e+02 3.381e+02 40 2 3 5.848e+01 6.752e+01 84 2 3 1.045e+02 1.055e+02 10 2 3 1.445e+02 1.495e+02 47 2 4 2.904e+02 2.976e+02 67 2 3 3.464e+02 3.676e+02 196 2 1 1.819e+01 2.381e+01 52 2 2 1.259e+02 1.261e+02 1 2 2 1.557e+02 1.803e+02 228 2 3 2.990e+02 3.310e+02 298 2 4 3.206e+02 3.514e+02 286 2 4 2.793e+01 5.607e+01 261 2 2 8.370e+01 8.430e+01 6 2 4 1.493e+02 1.867e+02 347
47549 4 1 2 6.109e+02 6.491e+02 355 2 4 2.493e+02 2.547e+02 50 2 4 2.910e+02 2.970e+02 56 3 1 4.355e+02 4.465e+02 103
47550 3 1 3 6.090e+02 6.090e+02 -11 1 4 6.186e+02 6.414e+02 211 1 2 5.730e+02 6.030e+02 279
47552 0
47553 13 0 2 3.762e+02 3.798e+02 33 0 4 5.869e+02 5.891e+02 20 0 1 3.415e+02 3.725e+02 288 0 4 3.638e+02 3.922e+02 263 2 2 2.517e+02 2.523e+02 6 2 4 2.056e+02 2.144e+02 82 2 1 2.691e+02 2.769e+02 73 2 1 1.791e+02 1.989e+02 184 2 3 2.309e+02 2.311e+02 1 2 1 2.575e+02 2.885e+02 288 2 2 2.374e+02 2.666e+02 271 2 1 2.955e+02 3.345e+02 363 2 4 1.933e+02 2.267e+02 310
47554 11 0 2 6.646e+02 6.794e+02 138 2 3 4.803e+02 4.857e+02 50 2 4 8.271e+01 8.529e+01 24 2 3 9.941e+01 1.106e+02 104 2 2 4.921e+02 5.159e+02 220 2 2 8.096e+01 8.704e+01 56 2 2 1.152e+02 1.368e+02 201 2 4 4.457e+02 4.783e+02 302 2 1 4.696e+02 4.964e+02 249 2 4 1.119e+02 1.401e+02 261 3 2 3.906e+01 4.494e+01 55
