48608 28 0 1 6.081e+02 6.099e+02 17 0 2 6.686e+02 6.754e+02 64 0 1 6.013e+02 6.167e+02 143 0 4 6.674e+02 6.766e+02 86 0 3 5.975e+02 6.205e+02 214 0 1 6.411e+02 6.609e+02 183 0 2 6.165e+02 6.435e+02 251 0 3 6.433e+02 6.587e+02 144 0 1 5.950e+02 6.230e+02 260 0 1 6.333e+02 6.687e+02 329 1 3 5.565e+02 5.775e+02 196 2 3 4.822e+02 4.838e+02 15 2 4 1.659e+02 1.701e+02 39 2 4 2.483e+02 2.557e+02 70 2 3 3.906e+02 4.074e+02 156 2 3 6.118e+01 6.482e+01 34 2 4 4.550e+02 4.690e+02 130 2 2 1.233e+02 1.287e+02 50 2 2 4.950e+02 5.130e+02 166 2 3 2.685e+02 2.775e+02 83 2 4 4.080e+02 4.320e+02 223 2 2 3.671e+02 3.889e+02 203 2 1 3.808e+02 4.172e+02 339 2 4 7.410e+01 9.390e+01 184 2 2 1.575e+02 1.785e+02 195 2 2 2.873e+02 3.007e+02 124 2 4 3.658e+02 3.902e+02 227 2 3 9.232e+01 1.177e+02 236
48611 15 0 1 5.606e+02 5.734e+02 118 0 4 5.868e+02 5.892e+02 23 0 1 6.491e+02 6.529e+02 36 0 2 6.720e+02 6.720e+02 -24 0 3 5.570e+02 5.770e+02 186 0 4 6.062e+02 6.538e+02 441 0 3 6.397e+02 6.623e+02 210 0 1 5.852e+02 6.328e+02 442 0 2 6.601e+02 6.839e+02 220 0 4 6.655e+02 6.785e+02 121 0 2 6.512e+02 6.928e+02 387 1 2 6.177e+02 6.423e+02 229 1 4 6.142e+02 6.458e+02 293 2 4 3.274e+02 3.446e+02 160 2 3 2.988e+02 3.312e+02 301
48612 14 2 2 6.671e+02 6.769e+02 90 2 4 6.598e+02 6.842e+02 226 3 3 6.080e+02 6.100e+02 18 3 1 5.243e+02 5.257e+02 14 3 4 3.205e+02 3.515e+02 287 3 2 5.865e+02 5.895e+02 28 3 3 3.453e+02 3.687e+02 217 3 2 6.277e+02 6.323e+02 42 3 2 6.635e+02 6.805e+02 158 3 4 5.854e+02 5.906e+02 48 3 1 6.395e+02 6.625e+02 213 3 4 5.396e+02 5.524e+02 118 3 1 5.535e+02 5.805e+02 251 3 4 5.612e+02 6.148e+02 498
48613 7 0 2 6.295e+02 6.305e+02 10 0 3 2.709e+02 2.751e+02 39 0 1 6.067e+02 6.113e+02 43 0 4 6.249e+02 6.351e+02 96 0 1 5.911e+02 6.269e+02 332 0 3 6.334e+02 6.686e+02 327 2 1 7.242e+00 3.476e+01 256
48614 0
48618 3 0 4 5.709e+02 6.051e+02 317 2 3 2.100e+01 2.100e+01 -14 2 4 1.851e+01 6.549e+01 436
48620 0
48622 14 0 3 6.482e+02 6.538e+02 51 0 2 6.171e+02 6.429e+02 240 0 1 6.422e+02 6.598e+02 163 0 4 6.137e+02 6.463e+02 303 2 4 3.345e+02 3.375e+02 28 2 1 3.564e+02 3.576e+02 10 2 3 3.862e+02 4.118e+02 237 2 3 1.249e+01 2.951e+01 158 2 3 3.491e+02 3.649e+02 146 2 2 3.233e+01 5.167e+01 180 2 4 3.748e+02 3.812e+02 59 2 4 2.748e+01 5.652e+01 270 2 2 3.196e+02 3.524e+02 305 2 1 6.838e+00 3.516e+01 263
48623 6 0 2 6.226e+02 6.374e+02 138 0 1 6.379e+02 6.641e+02 243 0 4 5.745e+02 6.015e+02 251 0 3 6.382e+02 6.638e+02 238 0 3 5.984e+02 6.196e+02 197 0 1 5.903e+02 6.277e+02 348
48624 10 2 2 6.673e+02 6.767e+02 86 2 4 1.251e+02 1.269e+02 17 2 4 6.704e+02 6.736e+02 30 2 4 6.530e+02 6.910e+02 352 3 2 1.671e+02 1.689e+02 16 3 1 3.122e+02 3.178e+02 51 3 4 2.897e+02 2.983e+02 80 3 3 1.722e+02 2.058e+02 312 3 3 3.068e+02 3.232e+02 153 3 2 2.761e+02 3.119e+02 332
48625 6 0 1 4.830e+02 4.830e+02 -12 0 1 6.389e+02 6.631e+02 224 0 2 5.011e+02 5.069e+02 55 2 3 5.857e+01 6.743e+01 82 2 2 7.913e+01 8.887e+01 90 2 4 7.944e+01 8.856e+01 85
48626 0
48628 6 2 2 5.027e+02 5.053e+02 25 2 2 4.547e+02 4.693e+02 135 2 3 4.285e+02 4.535e+02 232 2 4 2.749e+02 3.131e+02 354 2 4 4.434e+02 4.806e+02 345 2 4 4.001e+02 4.399e+02 370
48629 12 0 2 2.032e+02 2.168e+02 126 0 3 1.791e+02 1.989e+02 185 0 1 1.748e+02 2.032e+02 263 2 2 4.143e+01 4.257e+01 10 2 1 9.878e+01 1.112e+02 116 2 4 2.407e+02 2.633e+02 210 2 3 2.730e+02 2.730e+02 -7 2 2 2.833e+01 5.567e+01 254 2 2 2.840e+02 3.040e+02 186 2 1 4.861e+01 7.739e+01 267 2 1 2.547e+02 2.913e+02 340 2 3 6.613e+00 3.539e+01 267
48630 4 0 2 6.278e+02 6.322e+02 41 0 4 6.298e+02 6.302e+02 3 0 1 5.942e+02 6.238e+02 275 1 2 2.392e+02 2.648e+02 237
48631 19 2 2 4.194e+02 4.206e+02 10 2 3 6.481e+02 6.539e+02 53 2 4 4.140e+02 4.260e+02 112 2 4 6.610e+02 6.830e+02 205 2 1 2.964e+02 3.336e+02 346 2 1 3.896e+02 4.084e+02 174 2 3 3.904e+02 4.076e+02 159 2 3 4.240e+02 4.580e+02 316 3 1 3.559e+02 3.581e+02 20 3 2 3.755e+02 3.805e+02 47 3 1 4.384e+02 4.436e+02 48 3 4 3.705e+02 3.855e+02 139 3 3 4.342e+02 4.478e+02 126 3 1 3.941e+02 4.039e+02 90 3 4 4.128e+02 4.272e+02 133 3 1 3.452e+02 3.688e+02 220 3 2 4.068e+02 4.332e+02 246 3 3 3.489e+02 3.651e+02 150 3 2 3.633e+02 3.927e+02 273
48632 0
48635 19 0 1 5.616e+02 5.724e+02 100 0 1 6.457e+02 6.563e+02 99 0 4 5.821e+02 5.939e+02 110 0 3 6.419e+02 6.601e+02 169 0 3 5.574e+02 5.766e+02 178 0 2 6.165e+02 6.435e+02 250 0 2 6.581e+02 6.859e+02 258 0 1 5.055e+02 5.445e+02 361 0 4 6.198e+02 6.402e+02 190 1 1 6.088e+02 6.092e+02 4 1 1 5.188e+02 5.312e+02 115 1 4 4.479e+02 4.761e+02 262 1 4 5.871e+02 5.889e+02 17 1 4 4.076e+02 4.324e+02 230 1 3 6.009e+02 6.171e+02 150 1 3 5.202e+02 5.298e+02 89 1 2 5.322e+02 5.598e+02 257 1 4 5.305e+02 5.615e+02 288 1 2 5.734e+02 6.026e+02 270
48636 0
48637 15 0 3 6.053e+02 6.127e+02 69 0 4 6.681e+02 6.759e+02 72 0 1 5.988e+02 6.192e+02 189 0 1 6.449e+02 6.571e+02 114 0 4 5.685e+02 6.075e+02 361 0 3 6.401e+02 6.619e+02 203 0 2 6.618e+02 6.822e+02 189 2 2 6.264e+02 6.336e+02 66 2 3 6.030e+02 6.150e+02 112 2 4 3.784e+01 4.616e+01 77 2 1 6.358e+02 6.662e+02 282 2 1 5.579e+01 7.021e+01 134 2 4 5.732e+02 6.028e+02 276 2 3 4.987e+01 7.613e+01 244 2 2 3.129e+01 5.271e+01 199
48639 31 0 2 6.677e+02 6.763e+02 80 0 1 6.068e+02 6.112e+02 40 0 4 6.668e+02 6.772e+02 97 0 3 6.084e+02 6.096e+02 11 0 1 4.599e+02 5.061e+02 429 0 2 6.292e+02 6.308e+02 15 1 3 5.658e+02 5.682e+02 22 1 4 5.861e+02 5.899e+02 36 1 4 2.876e+02 3.004e+02 119 1 2 5.321e+02 5.599e+02 258 1 1 5.515e+02 5.825e+02 287 1 4 5.654e+02 6.106e+02 420 2 4 4.134e+01 4.266e+01 12 2 2 8.222e+01 8.578e+01 33 2 3 1.402e+02 1.538e+02 126 2 1 2.304e+02 2.316e+02 11 2 2 3.582e+01 4.818e+01 115 2 4 7.832e+01 8.968e+01 106 2 4 1.621e+02 1.739e+02 110 2 2 2.458e+02 2.582e+02 116 2 1 5.570e+01 7.030e+01 136 2 3 9.156e+01 1.184e+02 250 2 4 1.984e+02 2.216e+02 215 2 3 5.068e+01 7.532e+01 229 2 2 2.878e+01 5.522e+01 246 2 4 2.936e+01 5.464e+01 235 2 2 1.792e+01 6.608e+01 447 3 4 4.130e+01 4.270e+01 13 3 3 6.230e+01 6.370e+01 13 3 3 8.850e+01 1.215e+02 306 3 3 5.116e+02 5.384e+02 248
48641 55 0 3 3.968e+02 4.012e+02 40 0 4 4.609e+02 4.631e+02 21 0 3 5.228e+02 5.272e+02 40 0 4 3.681e+02 3.879e+02 183 0 2 6.689e+02 6.751e+02 57 0 4 4.168e+02 4.232e+02 59 0 4 3.207e+02 3.513e+02 285 0 2 5.004e+02 5.076e+02 66 0 1 5.636e+02 5.704e+02 64 0 4 5.808e+02 5.952e+02 135 0 1 6.459e+02 6.561e+02 96 0 1 3.971e+02 4.009e+02 36 0 4 5.039e+02 5.041e+02 1 0 1 5.217e+02 5.283e+02 62 0 3 5.982e+02 6.198e+02 201 0 3 6.474e+02 6.546e+02 66 0 1 4.302e+02 4.518e+02 201 0 2 4.609e+02 4.631e+02 20 0 2 5.414e+02 5.506e+02 86 0 4 6.199e+02 6.401e+02 188 0 4 6.670e+02 6.770e+02 92 0 3 4.228e+02 4.592e+02 337 0 1 4.775e+02 4.885e+02 101 0 3 5.594e+02 5.746e+02 141 0 1 5.948e+02 6.232e+02 264 0 3 4.753e+02 4.907e+02 144 0 3 5.086e+02 5.414e+02 305 0 2 6.118e+02 6.482e+02 338 0 2 4.931e+02 5.149e+02 202 0 1 5.490e+02 5.850e+02 334 0 4 4.470e+02 4.770e+02 278 0 3 5.470e+02 5.870e+02 370 0 1 4.686e+02 4.974e+02 267 1 3 4.820e+02 4.840e+02 19 1 1 5.660e+02 5.680e+02 19 1 3 6.087e+02 6.093e+02 6 1 3 5.668e+02 5.672e+02 5 1 2 6.300e+02 6.300e+02 -3 1 2 5.871e+02 5.889e+02 16 1 4 6.288e+02 6.312e+02 22 1 4 5.869e+02 5.891e+02 20 1 1 5.995e+02 6.185e+02 176 1 1 5.476e+02 5.864e+02 360 1 3 5.481e+02 5.859e+02 350 2 4 5.452e+02 5.468e+02 15 2 3 1.429e+01 2.771e+01 125 2 4 4.191e+02 4.209e+02 17 2 4 2.091e+02 2.109e+02 16 2 3 5.621e+02 5.719e+02 90 2 4 7.482e+01 9.318e+01 170 2 3 4.403e+02 4.417e+02 12 2 3 4.102e+00 3.790e+01 314 2 1 5.536e+02 5.804e+02 248 2 2 5.748e+02 6.012e+02 245 2 2 4.430e+02 4.810e+02 353
48643 22 2 3 3.551e+02 3.589e+02 36 2 2 2.854e+02 3.026e+02 159 2 1 3.499e+02 3.641e+02 132 2 4 2.866e+02 3.014e+02 137 2 4 3.238e+02 3.482e+02 227 2 1 3.054e+02 3.246e+02 178 2 2 3.606e+02 3.954e+02 323 2 3 3.031e+02 3.269e+02 221 3 1 2.719e+02 2.741e+02 21 3 1 1.900e+01 2.300e+01 37 3 3 2.706e+02 2.754e+02 45 3 2 3.964e+01 4.436e+01 44 3 1 9.703e+01 1.130e+02 148 3 3 8.588e+00 3.341e+01 230 3 2 2.440e+02 2.600e+02 148 3 4 3.565e+01 4.835e+01 118 3 4 2.429e+02 2.611e+02 170 3 1 4.610e+01 7.990e+01 314 3 1 2.175e+02 2.445e+02 251 3 3 2.191e+02 2.429e+02 220 3 4 2.349e+02 2.691e+02 317 3 2 2.342e+02 2.698e+02 330
48647 2 2 1 3.480e+02 3.660e+02 167 2 4 4.073e+02 4.327e+02 236
48648 1 3 3 4.670e+02 4.990e+02 297
48650 7 1 3 5.670e+02 5.670e+02 -24 1 1 5.505e+02 5.835e+02 306 1 4 5.731e+02 6.029e+02 276 2 4 1.652e+02 1.708e+02 51 3 4 4.200e+01 4.200e+01 -0 3 1 1.564e+01 2.636e+01 100 3 1 4.732e+00 3.727e+01 302
48651 15 0 1 6.500e+02 6.520e+02 19 0 2 4.597e+02 4.643e+02 43 0 3 6.458e+02 6.562e+02 97 0 4 4.582e+02 4.658e+02 70 0 2 6.570e+02 6.870e+02 278 0 1 4.640e+02 5.020e+02 353 0 4 6.590e+02 6.850e+02 242 2 4 1.652e+02 1.708e+02 51 2 4 4.018e+01 4.382e+01 34 2 4 4.169e+02 4.231e+02 57 2 3 1.382e+02 1.558e+02 163 2 3 4.256e+02 4.564e+02 286 2 1 2.222e+02 2.398e+02 164 2 4 2.645e+01 5.755e+01 289 2 1 4.583e+01 8.017e+01 319
48652 0
48653 52 0 1 6.487e+02 6.533e+02 42 0 1 3.568e+02 3.572e+02 3 0 3 4.399e+02 4.421e+02 21 0 4 3.720e+02 3.840e+02 111 0 2 5.456e+02 5.464e+02 7 0 4 5.863e+02 5.897e+02 32 0 2 3.626e+02 3.934e+02 286 0 3 6.495e+02 6.525e+02 27 0 1 3.989e+02 3.991e+02 2 0 2 5.010e+02 5.070e+02 56 0 1 5.622e+02 5.718e+02 90 0 1 6.052e+02 6.128e+02 70 0 2 6.719e+02 6.721e+02 1 0 4 4.129e+02 4.271e+02 131 0 4 4.972e+02 5.108e+02 126 0 3 5.641e+02 5.699e+02 55 0 3 6.083e+02 6.097e+02 12 0 4 6.714e+02 6.726e+02 11 0 3 3.909e+02 4.071e+02 151 0 2 4.926e+02 5.154e+02 211 0 1 5.143e+02 5.357e+02 200 0 2 6.272e+02 6.328e+02 51 0 4 4.051e+02 4.349e+02 277 0 4 4.879e+02 5.201e+02 299 0 3 5.190e+02 5.310e+02 110 0 4 6.267e+02 6.333e+02 60 0 1 4.632e+02 5.028e+02 367 0 3 5.107e+02 5.393e+02 266 0 1 5.982e+02 6.198e+02 201 0 3 5.932e+02 6.248e+02 294 0 2 6.174e+02 6.426e+02 234 0 4 6.130e+02 6.470e+02 316 1 4 5.866e+02 5.894e+02 26 1 1 5.189e+02 5.311e+02 113 1 2 1.985e+02 2.215e+02 214 1 3 5.556e+02 5.784e+02 212 1 4 6.300e+02 6.300e+02 -4 1 2 5.760e+02 6.000e+02 223 1 3 6.069e+02 6.111e+02 40 1 2 6.275e+02 6.325e+02 46 1 1 5.978e+02 6.202e+02 207 2 2 2.469e+02 2.571e+02 96 2 1 6.172e+01 6.428e+01 24 2 4 2.437e+02 2.603e+02 155 2 3 2.641e+02 2.819e+02 166 2 3 1.047e+01 3.153e+01 196 2 1 2.500e+02 2.960e+02 428 2 2 3.740e+01 4.660e+01 86 2 4 1.032e+02 1.488e+02 423 2 1 4.911e+01 7.689e+01 258 2 2 2.542e+01 5.858e+01 308 2 4 2.147e+01 6.253e+01 381
48654 5 0 4 2.511e+02 2.529e+02 17 1 4 5.846e+02 5.914e+02 63 1 4 5.724e+02 6.036e+02 289 2 2 2.095e+02 2.105e+02 9 2 1 1.775e+02 2.005e+02 213
48660 9 1 1 5.637e+02 5.703e+02 61 1 4 6.271e+02 6.329e+02 54 1 2 5.766e+02 5.994e+02 211 1 3 5.930e+02 6.250e+02 296 1 1 5.535e+02 5.805e+02 250 1 4 5.680e+02 6.080e+02 372 2 1 1.586e+01 2.614e+01 96 2 3 1.873e+01 2.327e+01 42 2 2 2.348e+01 6.052e+01 344
48661 0
48662 1 0 3 6.083e+02 6.097e+02 13
48663 0
48664 11 0 3 6.510e+02 6.510e+02 -3 0 3 4.404e+02 4.416e+02 11 0 2 4.582e+02 4.658e+02 70 0 3 5.659e+02 5.681e+02 20 0 1 6.063e+02 6.117e+02 50 0 1 5.588e+02 5.752e+02 153 0 2 6.216e+02 6.384e+02 156 0 4 6.556e+02 6.884e+02 305 0 1 5.522e+02 5.818e+02 276 0 1 5.898e+02 6.282e+02 356 0 2 5.271e+02 5.649e+02 350
