6915 4 2 1 4.792e+02 4.868e+02 70 2 4 2.317e+02 2.723e+02 376 2 2 2.765e+02 3.115e+02 325 3 1 1.954e+01 2.246e+01 27
6916 4 1 1 6.025e+02 6.155e+02 120 1 2 5.776e+02 5.984e+02 194 1 3 5.974e+02 6.206e+02 215 1 4 5.783e+02 5.977e+02 180
6917 7 0 2 1.632e+02 1.728e+02 89 2 3 6.194e+01 6.406e+01 20 2 4 2.067e+02 2.133e+02 60 2 4 1.571e+02 1.789e+02 202 2 1 2.298e+02 2.322e+02 22 2 3 2.211e+02 2.409e+02 184 2 2 1.919e+02 2.281e+02 336
6918 16 0 1 6.505e+02 6.515e+02 9 0 4 6.300e+02 6.300e+02 -1 0 3 6.507e+02 6.513e+02 5 0 3 6.044e+02 6.136e+02 86 0 2 6.264e+02 6.336e+02 67 0 4 6.718e+02 6.722e+02 3 0 1 6.018e+02 6.162e+02 134 0 2 6.639e+02 6.801e+02 150 0 4 6.620e+02 6.820e+02 186 2 1 1.922e+01 2.278e+01 33 2 2 8.182e+01 8.618e+01 40 2 3 1.518e+01 2.682e+01 108 2 4 7.702e+01 9.098e+01 130 2 3 5.117e+01 7.483e+01 220 2 1 4.664e+01 7.936e+01 304 2 2 1.783e+01 6.617e+01 449
6919 1 2 2 1.259e+02 1.261e+02 1
6920 0
6921 2 0 2 6.648e+02 6.792e+02 135 2 1 2.043e+01 2.157e+01 10
6922 6 1 2 5.018e+02 5.062e+02 41 1 1 5.640e+02 5.700e+02 56 1 3 6.056e+02 6.124e+02 64 1 3 5.632e+02 5.708e+02 70 1 2 5.710e+02 6.050e+02 316 1 4 5.730e+02 6.030e+02 279
6925 2 0 4 6.292e+02 6.308e+02 15 3 4 6.649e+02 6.791e+02 132
6926 8 0 2 6.300e+02 6.300e+02 -20 0 1 6.027e+02 6.153e+02 116 0 3 6.051e+02 6.129e+02 72 0 2 6.643e+02 6.797e+02 144 0 4 5.730e+02 6.030e+02 279 0 4 6.613e+02 6.827e+02 199 0 1 5.915e+02 6.265e+02 326 2 4 1.664e+02 1.696e+02 30
6927 39 0 2 1.675e+02 1.685e+02 10 0 2 5.031e+02 5.049e+02 17 0 3 1.826e+02 1.954e+02 120 0 3 5.665e+02 5.675e+02 10 0 4 1.559e+02 1.801e+02 224 0 3 6.505e+02 6.515e+02 10 0 4 4.936e+02 5.144e+02 194 0 1 5.243e+02 5.257e+02 13 0 4 5.862e+02 5.898e+02 34 0 2 6.696e+02 6.744e+02 44 0 3 5.195e+02 5.305e+02 103 0 1 6.007e+02 6.173e+02 155 0 1 6.413e+02 6.607e+02 180 0 3 6.016e+02 6.164e+02 137 0 4 6.605e+02 6.835e+02 213 0 4 6.218e+02 6.382e+02 152 0 4 5.793e+02 5.967e+02 161 0 1 5.950e+02 6.230e+02 260 1 4 5.868e+02 5.892e+02 22 1 3 5.640e+02 5.700e+02 56 2 2 3.327e+02 3.393e+02 60 2 1 6.048e+02 6.132e+02 79 2 3 3.095e+02 3.205e+02 101 2 4 6.675e+02 6.765e+02 83 2 4 3.746e+02 3.814e+02 64 2 3 6.061e+02 6.119e+02 53 2 1 6.300e+01 6.300e+01 -23 2 2 5.839e+02 5.921e+02 76 2 3 1.822e+02 1.958e+02 127 2 2 5.708e+02 6.052e+02 320 2 3 3.490e+02 3.650e+02 149 2 3 1.873e+01 2.327e+01 42 2 2 7.042e+01 9.758e+01 252 2 4 1.524e+02 1.836e+02 289 2 4 3.183e+02 3.537e+02 328 2 3 5.840e+01 6.760e+01 86 2 3 1.309e+02 1.631e+02 299 2 2 3.125e+01 5.275e+01 200 2 3 4.292e+01 8.308e+01 373
6928 7 0 4 5.033e+02 5.047e+02 12 0 2 6.556e+02 6.884e+02 304 0 4 6.530e+02 6.910e+02 353 1 2 6.277e+02 6.323e+02 42 2 3 2.079e+01 2.121e+01 4 2 1 6.064e+01 6.536e+01 44 2 2 3.076e+01 5.324e+01 209
6929 1 1 1 9.093e+01 1.191e+02 261
6930 24 0 2 1.259e+02 1.261e+02 2 0 1 6.494e+02 6.526e+02 30 0 2 6.216e+02 6.384e+02 156 0 3 9.793e+01 1.121e+02 131 0 2 6.666e+02 6.774e+02 100 0 2 4.952e+02 5.128e+02 163 0 1 5.198e+02 5.302e+02 96 0 4 6.147e+02 6.453e+02 284 0 4 6.668e+02 6.772e+02 96 0 4 4.879e+02 5.201e+02 299 0 2 6.560e+02 6.880e+02 297 0 4 6.536e+02 6.904e+02 342 1 1 6.040e+02 6.140e+02 93 1 2 6.183e+02 6.417e+02 217 2 3 2.039e+01 2.161e+01 11 2 2 1.666e+02 1.694e+02 26 2 1 1.729e+01 2.471e+01 69 2 4 1.222e+02 1.298e+02 70 2 4 1.547e+02 1.813e+02 246 2 4 3.443e+01 4.957e+01 140 2 1 1.768e+02 2.012e+02 226 2 1 5.401e+00 3.660e+01 290 2 2 2.254e+01 6.146e+01 361 3 1 1.345e+02 1.595e+02 233
6931 21 0 1 6.090e+02 6.090e+02 -18 0 1 6.497e+02 6.523e+02 24 0 4 4.989e+02 5.091e+02 96 0 2 4.941e+02 5.139e+02 183 0 4 6.198e+02 6.402e+02 190 0 2 6.547e+02 6.893e+02 320 0 4 6.535e+02 6.905e+02 343 0 3 5.436e+02 5.904e+02 434 0 4 5.619e+02 6.141e+02 486 0 1 6.311e+02 6.709e+02 369 0 3 6.300e+02 6.720e+02 390 1 4 6.150e+02 6.450e+02 279 2 2 4.085e+01 4.315e+01 21 2 3 5.204e+02 5.296e+02 85 2 4 8.173e+01 8.627e+01 42 2 4 3.256e+02 3.464e+02 194 2 3 1.178e+01 3.022e+01 171 2 3 9.174e+01 1.183e+02 246 2 3 2.531e+00 3.947e+01 343 2 2 7.020e+01 9.780e+01 256 2 4 1.882e+02 2.318e+02 406
6932 72 0 4 5.880e+02 5.880e+02 -14 0 2 3.748e+02 3.812e+02 60 0 2 6.712e+02 6.728e+02 16 0 4 3.657e+02 3.903e+02 228 0 1 3.977e+02 4.003e+02 25 0 4 4.588e+02 4.652e+02 59 0 2 3.244e+02 3.476e+02 215 0 3 5.183e+02 5.317e+02 125 0 1 3.464e+02 3.676e+02 196 0 3 6.088e+02 6.092e+02 3 0 3 6.435e+02 6.585e+02 139 0 2 3.592e+02 3.968e+02 350 0 3 3.949e+02 4.031e+02 76 0 2 5.430e+02 5.490e+02 56 0 2 6.271e+02 6.329e+02 55 0 1 6.384e+02 6.636e+02 234 0 1 3.805e+02 4.175e+02 344 0 3 5.582e+02 5.758e+02 164 0 4 6.300e+02 6.300e+02 -3 0 2 6.543e+02 6.897e+02 328 0 1 5.172e+02 5.328e+02 146 0 1 6.035e+02 6.145e+02 101 0 2 5.339e+02 5.581e+02 226 0 3 5.925e+02 6.255e+02 306 0 1 5.541e+02 5.799e+02 240 1 3 6.090e+02 6.090e+02 -16 1 3 4.388e+02 4.432e+02 41 1 2 6.300e+02 6.300e+02 -10 1 4 5.804e+02 5.956e+02 141 1 3 4.255e+02 4.565e+02 287 1 4 6.268e+02 6.332e+02 60 1 2 5.745e+02 6.015e+02 250 1 1 5.998e+02 6.182e+02 171 1 1 5.916e+02 6.264e+02 324 2 3 6.089e+02 6.091e+02 2 2 4 2.513e+02 2.527e+02 12 2 1 3.964e+02 4.016e+02 48 2 1 2.722e+02 2.738e+02 16 2 2 6.288e+02 6.312e+02 23 2 2 3.780e+02 3.780e+02 -1 2 1 6.410e+02 6.610e+02 186 2 3 6.122e+01 6.478e+01 33 2 2 4.190e+02 4.210e+02 19 2 2 8.186e+01 8.614e+01 40 2 4 5.866e+02 5.894e+02 26 2 2 1.674e+02 1.686e+02 11 2 3 6.420e+02 6.600e+02 166 2 3 3.516e+02 3.624e+02 100 2 3 3.857e+02 4.123e+02 247 2 1 1.954e+01 2.246e+01 27 2 4 6.122e+02 6.478e+02 331 2 4 7.343e+01 9.457e+01 196 2 3 6.345e+02 6.675e+02 307 2 4 1.666e+02 1.694e+02 26 2 4 4.067e+02 4.333e+02 246 2 4 3.233e+02 3.487e+02 236 2 1 4.278e+02 4.542e+02 246 2 3 2.100e+01 2.100e+01 -15 2 3 9.223e+01 1.178e+02 237 2 1 1.830e+02 1.950e+02 111 2 2 1.917e+02 2.283e+02 340 2 2 3.636e+02 3.924e+02 268 2 4 4.103e+01 4.297e+01 18 2 4 1.095e+02 1.424e+02 306 2 3 1.836e+02 1.944e+02 100 2 1 5.692e+01 6.908e+01 113 2 2 6.598e+01 1.020e+02 335 2 3 1.379e+02 1.561e+02 169 2 3 5.265e+01 7.335e+01 192 2 2 1.567e+02 1.793e+02 210 2 2 3.349e+01 5.051e+01 158 2 1 1.340e+02 1.600e+02 242
6933 5 0 2 5.444e+02 5.476e+02 29 0 2 6.667e+02 6.773e+02 99 0 3 5.630e+02 5.710e+02 75 0 4 6.556e+02 6.884e+02 304 1 4 2.756e+02 3.124e+02 342
6934 7 0 4 4.530e+02 4.710e+02 166 0 2 4.451e+02 4.789e+02 313 1 2 5.838e+02 5.922e+02 77 1 4 5.857e+02 5.903e+02 43 1 1 5.573e+02 5.767e+02 180 1 3 5.548e+02 5.792e+02 227 2 1 3.419e+02 3.721e+02 280
6935 83 0 2 6.287e+02 6.313e+02 24 0 1 1.860e+02 1.920e+02 56 0 1 6.509e+02 6.511e+02 2 0 2 2.097e+02 2.103e+02 6 0 3 3.976e+02 4.004e+02 26 0 3 2.706e+02 2.754e+02 46 0 2 5.026e+02 5.054e+02 26 0 1 3.507e+02 3.633e+02 116 0 3 5.656e+02 5.684e+02 26 0 3 2.171e+02 2.449e+02 258 0 4 6.293e+02 6.307e+02 12 0 1 2.651e+02 2.809e+02 146 0 3 6.495e+02 6.525e+02 27 0 4 3.719e+02 3.841e+02 113 0 1 3.875e+02 4.105e+02 213 0 2 2.365e+02 2.675e+02 288 0 4 4.583e+02 4.657e+02 69 0 4 2.788e+02 3.092e+02 283 0 1 5.215e+02 5.285e+02 65 0 4 3.263e+02 3.457e+02 180 0 4 5.817e+02 5.943e+02 117 0 4 1.952e+02 2.248e+02 275 0 2 6.709e+02 6.731e+02 21 0 2 3.633e+02 3.927e+02 272 0 4 4.043e+02 4.357e+02 291 0 1 4.801e+02 4.859e+02 55 0 3 5.217e+02 5.283e+02 62 0 1 6.040e+02 6.140e+02 92 0 4 6.709e+02 6.731e+02 21 0 1 4.254e+02 4.566e+02 290 0 3 4.788e+02 4.872e+02 79 0 2 5.392e+02 5.528e+02 126 0 3 6.047e+02 6.133e+02 80 0 3 4.265e+02 4.555e+02 269 0 4 4.984e+02 5.096e+02 104 0 1 5.643e+02 5.697e+02 50 0 4 5.735e+02 6.025e+02 269 0 2 4.558e+02 4.682e+02 115 0 2 5.329e+02 5.591e+02 243 0 4 4.848e+02 5.232e+02 356 0 3 5.101e+02 5.399e+02 276 1 4 6.297e+02 6.303e+02 6 1 2 5.022e+02 5.058e+02 33 1 1 5.656e+02 5.684e+02 26 1 2 4.452e+02 4.788e+02 311 1 1 6.080e+02 6.100e+02 18 1 1 5.215e+02 5.285e+02 66 1 2 5.799e+02 5.961e+02 150 1 3 6.072e+02 6.108e+02 33 1 3 5.162e+02 5.338e+02 164 1 4 5.842e+02 5.918e+02 70 1 2 6.295e+02 6.305e+02 10 1 2 5.392e+02 5.528e+02 126 1 3 5.561e+02 5.779e+02 203 1 4 5.276e+02 5.644e+02 341 1 1 5.472e+02 5.868e+02 368 1 2 5.687e+02 6.073e+02 358 2 3 1.788e+01 2.412e+01 58 2 1 1.849e+02 1.931e+02 76 2 4 5.860e+02 5.900e+02 38 2 2 2.087e+02 2.113e+02 24 2 4 4.138e+02 4.262e+02 115 2 3 5.701e+01 6.899e+01 111 2 2 6.294e+02 6.306e+02 11 2 2 1.227e+02 1.293e+02 60 2 3 6.398e+02 6.622e+02 208 2 1 1.412e+02 1.528e+02 107 2 3 6.003e+02 6.177e+02 162 2 4 2.050e+02 2.150e+02 92 2 4 6.190e+02 6.410e+02 205 2 3 2.990e+02 3.310e+02 298 2 3 3.457e+02 3.683e+02 210 2 4 3.367e+01 5.033e+01 155 2 2 7.864e+01 8.936e+01 100 2 3 1.755e+02 2.025e+02 250 2 2 1.964e+02 2.236e+02 253 2 4 3.204e+02 3.516e+02 290 2 3 1.770e+00 4.023e+01 357 2 4 1.144e+02 1.376e+02 216 2 1 2.140e+02 2.480e+02 316 2 1 2.396e+00 3.960e+01 346 2 2 6.948e+01 9.852e+01 270 2 3 8.882e+01 1.212e+02 300
6936 6 0 2 6.629e+02 6.811e+02 170 0 4 6.601e+02 6.839e+02 221 1 1 6.090e+02 6.090e+02 -1 1 1 5.969e+02 6.211e+02 225 2 3 1.038e+02 1.062e+02 23 2 2 1.128e+02 1.392e+02 246
6937 3 0 2 4.515e+02 4.725e+02 195 0 4 4.502e+02 4.738e+02 219 0 3 4.650e+02 5.010e+02 334
6938 6 0 3 5.619e+02 5.721e+02 96 0 2 5.347e+02 5.573e+02 210 0 1 5.577e+02 5.763e+02 173 1 3 5.670e+02 5.670e+02 -14 1 4 5.879e+02 5.881e+02 1 2 1 1.653e+01 2.547e+01 83
6939 16 0 1 5.584e+02 5.756e+02 159 0 1 6.081e+02 6.099e+02 17 0 4 2.839e+02 3.041e+02 188 0 2 5.021e+02 5.059e+02 35 0 2 6.271e+02 6.329e+02 53 0 1 4.692e+02 4.968e+02 257 0 3 5.113e+02 5.387e+02 254 0 4 6.266e+02 6.334e+02 63 0 3 6.328e+02 6.692e+02 339 0 4 4.896e+02 5.184e+02 267 0 3 6.003e+02 6.177e+02 162 0 4 4.468e+02 4.772e+02 283 0 2 6.153e+02 6.447e+02 272 2 3 1.005e+02 1.095e+02 84 2 4 7.128e+01 9.672e+01 236 2 2 6.396e+01 1.040e+02 372
6940 14 0 3 5.223e+02 5.277e+02 50 0 3 6.034e+02 6.146e+02 105 0 2 6.697e+02 6.743e+02 43 0 2 5.027e+02 5.053e+02 25 0 4 6.670e+02 6.770e+02 92 0 4 5.719e+02 6.041e+02 299 0 3 6.325e+02 6.695e+02 343 2 1 2.070e+01 2.130e+01 6 2 3 1.707e+01 2.493e+01 73 2 2 3.659e+01 4.741e+01 100 2 4 3.367e+01 5.033e+01 155 2 3 5.014e+01 7.586e+01 239 2 2 2.806e+01 5.594e+01 259 2 4 2.349e+01 6.051e+01 344
6941 2 2 1 6.074e+02 6.106e+02 30 2 3 6.028e+02 6.152e+02 116
6942 49 0 2 1.664e+02 1.696e+02 30 0 4 2.062e+02 2.138e+02 70 0 2 6.284e+02 6.316e+02 30 0 3 2.709e+02 2.751e+02 39 0 2 2.466e+02 2.574e+02 100 0 4 2.787e+02 3.093e+02 285 0 1 4.768e+02 4.892e+02 116 0 3 1.726e+02 2.054e+02 304 0 1 2.218e+02 2.402e+02 170 0 4 6.289e+02 6.311e+02 20 0 2 3.520e+02 4.040e+02 483 0 1 6.488e+02 6.532e+02 41 0 1 1.332e+02 1.608e+02 256 0 1 3.872e+02 4.108e+02 220 0 4 1.881e+02 2.319e+02 406 0 2 5.012e+02 5.068e+02 51 0 4 1.499e+02 1.861e+02 336 0 3 5.161e+02 5.339e+02 165 0 1 6.082e+02 6.098e+02 16 0 3 6.500e+02 6.520e+02 19 0 3 3.903e+02 4.077e+02 161 0 4 4.845e+02 5.235e+02 361 0 1 5.105e+02 5.395e+02 269 0 4 6.166e+02 6.434e+02 250 0 2 6.683e+02 6.757e+02 68 0 4 3.983e+02 4.417e+02 404 0 4 4.474e+02 4.766e+02 271 0 1 5.922e+02 6.258e+02 312 0 4 6.663e+02 6.777e+02 106 0 3 5.913e+02 6.267e+02 328 0 1 6.377e+02 6.643e+02 246 1 3 4.808e+02 4.852e+02 40 1 4 4.872e+02 5.208e+02 312 2 3 1.026e+02 1.074e+02 44 2 3 1.884e+02 1.896e+02 11 2 1 3.540e+02 3.600e+02 56 2 1 1.783e+01 2.417e+01 59 2 3 2.239e+02 2.381e+02 131 2 3 3.541e+02 3.599e+02 54 2 2 3.268e+01 5.132e+01 173 2 2 1.941e+02 2.259e+02 296 2 2 3.607e+02 3.953e+02 321 2 4 2.869e+01 5.531e+01 247 2 4 3.602e+02 3.958e+02 330 2 3 7.195e+00 3.480e+01 256 2 3 -3.752e+00 4.575e+01 460 2 1 3.896e+01 8.704e+01 446 3 3 3.124e+02 3.176e+02 49 3 3 1.710e+02 2.070e+02 334
6943 10 1 1 2.281e+02 2.339e+02 54 2 4 4.984e+02 5.096e+02 105 2 1 4.796e+02 4.864e+02 64 2 2 4.939e+02 5.141e+02 187 2 3 4.698e+02 4.962e+02 245 3 3 4.383e+02 4.437e+02 50 3 3 3.871e+02 4.109e+02 221 3 3 4.259e+02 4.561e+02 280 3 4 4.417e+02 4.823e+02 376 3 4 4.014e+02 4.386e+02 346
6944 6 2 1 1.890e+02 1.890e+02 0 2 3 1.874e+02 1.906e+02 30 2 4 1.491e+02 1.869e+02 351 3 1 1.426e+02 1.514e+02 81 3 3 1.449e+02 1.491e+02 39 3 4 1.501e+02 1.859e+02 333
6945 10 0 3 5.669e+02 5.671e+02 1 0 1 6.478e+02 6.542e+02 60 0 2 6.106e+02 6.494e+02 360 0 3 6.500e+02 6.520e+02 19 0 2 6.701e+02 6.739e+02 36 0 4 6.692e+02 6.748e+02 51 0 1 6.330e+02 6.690e+02 335 2 2 7.832e+01 8.968e+01 106 2 3 1.855e+01 2.345e+01 46 2 3 5.777e+01 6.823e+01 97
6946 1 3 4 6.717e+02 6.723e+02 6
6948 69 0 4 2.502e+02 2.538e+02 33 0 1 4.410e+02 4.410e+02 -0 0 4 3.778e+02 3.782e+02 3 0 4 5.035e+02 5.045e+02 10 0 2 2.100e+02 2.100e+02 -10 0 3 5.655e+02 5.685e+02 28 0 3 2.233e+02 2.387e+02 143 0 1 6.074e+02 6.106e+02 30 0 1 3.952e+02 4.028e+02 70 0 4 4.596e+02 4.644e+02 46 0 3 5.240e+02 5.260e+02 19 0 3 6.063e+02 6.117e+02 50 0 2 6.646e+02 6.794e+02 137 0 3 3.921e+02 4.059e+02 129 0 2 5.001e+02 5.079e+02 72 0 1 5.657e+02 5.683e+02 24 0 4 5.808e+02 5.952e+02 134 0 4 6.594e+02 6.846e+02 234 0 4 4.099e+02 4.301e+02 188 0 1 4.697e+02 4.963e+02 247 0 3 5.148e+02 5.352e+02 190 0 4 6.160e+02 6.440e+02 260 0 3 4.233e+02 4.587e+02 329 0 2 4.494e+02 4.746e+02 234 0 2 5.376e+02 5.544e+02 156 0 3 4.648e+02 5.012e+02 337 0 3 5.058e+02 5.442e+02 356 1 4 5.424e+02 5.496e+02 67 1 1 6.090e+02 6.090e+02 -7 1 1 5.235e+02 5.265e+02 27 1 1 5.634e+02 5.706e+02 66 1 3 6.079e+02 6.101e+02 20 1 2 5.822e+02 5.938e+02 107 1 2 6.300e+02 6.300e+02 -0 1 4 6.297e+02 6.303e+02 6 1 1 5.964e+02 6.216e+02 234 2 4 4.608e+02 4.632e+02 22 2 3 2.277e+02 2.343e+02 62 2 2 2.931e+02 2.949e+02 17 2 4 4.189e+02 4.211e+02 20 2 3 5.844e+01 6.756e+01 85 2 3 4.383e+02 4.437e+02 50 2 2 8.204e+01 8.596e+01 36 2 3 3.905e+02 4.075e+02 157 2 1 1.429e+02 1.511e+02 76 2 4 2.053e+02 2.147e+02 88 2 2 4.152e+02 4.248e+02 90 2 3 3.120e+02 3.180e+02 56 2 4 4.022e+02 4.378e+02 331 2 2 3.220e+02 3.500e+02 260 2 3 1.797e+01 2.403e+01 56 2 1 3.792e+02 4.188e+02 367 2 4 7.670e+01 9.130e+01 136 2 2 2.386e+02 2.654e+02 250 2 3 2.693e+02 2.767e+02 69 2 2 3.654e+01 4.746e+01 101 2 4 2.423e+02 2.617e+02 180 2 4 2.886e+02 2.994e+02 100 2 1 5.530e+01 7.070e+01 143 2 1 2.156e+02 2.464e+02 286 2 1 3.069e+02 3.231e+02 150 2 4 2.595e+01 5.805e+01 298 2 4 2.323e+02 2.717e+02 366 2 4 2.749e+02 3.131e+02 354 2 3 4.314e+01 8.286e+01 369 2 1 2.996e+02 3.304e+02 286 3 2 4.200e+01 4.200e+01 -1 3 3 1.972e+01 2.228e+01 24 3 4 3.631e+02 3.929e+02 276
6949 9 1 2 2.794e+02 3.086e+02 270 3 3 2.679e+02 2.781e+02 95 3 2 2.497e+02 2.543e+02 42 3 4 2.806e+02 3.074e+02 250 3 1 2.676e+02 2.784e+02 100 3 2 2.741e+02 3.139e+02 370 3 3 2.606e+02 2.854e+02 230 3 4 2.394e+02 2.646e+02 234 3 1 2.141e+02 2.479e+02 315
6951 32 0 3 2.025e+01 2.175e+01 14 0 1 1.455e+02 1.485e+02 28 0 1 5.636e+02 5.704e+02 64 0 2 1.674e+02 1.686e+02 10 0 4 5.856e+02 5.904e+02 44 0 4 3.318e+01 5.082e+01 164 0 3 5.658e+02 5.682e+02 21 0 3 1.878e+02 1.902e+02 22 0 2 4.960e+02 5.120e+02 148 0 4 1.968e+02 2.232e+02 245 0 3 5.173e+02 5.327e+02 143 0 3 1.272e+00 4.073e+01 366 0 4 4.895e+02 5.185e+02 269 0 1 5.561e+02 5.779e+02 202 0 1 5.120e+02 5.380e+02 240 1 2 6.300e+02 6.300e+02 -9 1 4 6.203e+02 6.397e+02 180 1 2 3.997e+02 4.403e+02 376 2 3 2.088e+01 2.112e+01 2 2 2 4.134e+01 4.266e+01 12 2 4 8.361e+01 8.439e+01 7 2 2 2.038e+02 2.162e+02 115 2 4 4.505e+02 4.735e+02 213 2 1 6.300e+01 6.300e+01 -0 2 3 4.683e+02 4.977e+02 273 2 3 9.528e+01 1.147e+02 180 2 3 1.807e+02 1.973e+02 155 2 4 1.941e+02 2.259e+02 295 2 1 4.664e+01 7.936e+01 304 2 2 7.280e+01 9.520e+01 208 2 4 1.561e+02 1.799e+02 220 2 1 1.725e+02 2.055e+02 307
6954 3 0 3 6.052e+02 6.128e+02 70 0 2 5.003e+02 5.077e+02 69 0 4 5.031e+02 5.049e+02 16
6955 13 0 4 2.915e+02 2.965e+02 46 0 2 6.653e+02 6.787e+02 124 0 4 6.637e+02 6.803e+02 154 0 3 4.158e+02 4.662e+02 468 2 3 1.446e+02 1.494e+02 46 2 4 2.006e+02 2.194e+02 176 2 4 1.130e+02 1.390e+02 241 2 1 1.348e+02 1.592e+02 226 2 1 2.480e+02 2.980e+02 465 2 3 -4.695e+00 4.669e+01 477 2 2 1.527e+02 1.833e+02 285 2 3 1.688e+02 2.092e+02 375 2 3 3.699e+01 8.901e+01 483
