42820 22 0 4 6.720e+02 6.720e+02 -0 0 3 4.356e+02 4.464e+02 100 0 4 5.024e+02 5.056e+02 29 0 1 5.632e+02 5.708e+02 70 0 1 6.030e+02 6.150e+02 110 0 1 6.474e+02 6.546e+02 66 0 1 4.348e+02 4.472e+02 116 0 4 4.460e+02 4.780e+02 298 0 1 5.125e+02 5.375e+02 233 0 3 6.026e+02 6.154e+02 118 0 3 6.488e+02 6.532e+02 41 0 4 4.047e+02 4.353e+02 284 0 2 5.313e+02 5.607e+02 274 0 4 5.762e+02 5.998e+02 220 0 2 6.693e+02 6.747e+02 50 0 2 6.162e+02 6.438e+02 256 0 3 6.363e+02 6.657e+02 273 1 1 5.939e+02 6.241e+02 280 2 1 1.676e+01 2.524e+01 79 2 3 7.915e+00 3.408e+01 243 2 4 2.356e+02 2.684e+02 305 2 4 2.845e+02 3.035e+02 176
42821 15 1 4 6.275e+02 6.325e+02 46 1 4 6.126e+02 6.474e+02 323 1 4 5.720e+02 6.040e+02 298 2 2 3.775e+02 3.785e+02 10 2 4 3.758e+02 3.802e+02 41 2 1 3.456e+02 3.684e+02 211 2 1 3.807e+02 4.173e+02 340 2 3 3.396e+02 3.744e+02 323 2 1 1.218e+02 1.722e+02 467 3 1 2.725e+02 2.735e+02 10 3 3 2.703e+02 2.757e+02 50 3 2 4.077e+02 4.323e+02 229 3 4 5.771e+02 5.989e+02 203 3 4 2.367e+02 2.673e+02 285 3 2 2.334e+02 2.706e+02 346
42822 57 0 1 6.495e+02 6.525e+02 27 0 4 3.336e+02 3.384e+02 44 0 3 3.952e+02 4.028e+02 70 0 2 2.073e+02 2.127e+02 50 0 3 5.660e+02 5.680e+02 19 0 1 3.108e+02 3.192e+02 77 0 4 5.839e+02 5.921e+02 76 0 2 2.487e+02 2.553e+02 60 0 3 6.499e+02 6.521e+02 21 0 1 2.565e+02 2.895e+02 306 0 1 4.359e+02 4.461e+02 94 0 1 3.497e+02 3.643e+02 136 0 2 4.532e+02 4.708e+02 163 0 4 2.465e+02 2.575e+02 102 0 1 5.239e+02 5.261e+02 20 0 3 2.578e+02 2.882e+02 282 0 1 6.056e+02 6.124e+02 64 0 2 3.669e+02 3.891e+02 206 0 2 6.716e+02 6.724e+02 8 0 4 2.044e+02 2.156e+02 104 0 1 3.851e+02 4.129e+02 259 0 2 2.750e+02 3.130e+02 352 0 4 4.535e+02 4.705e+02 157 0 2 3.210e+02 3.510e+02 278 0 3 5.229e+02 5.271e+02 40 0 1 2.186e+02 2.434e+02 230 0 3 6.071e+02 6.109e+02 36 0 4 3.592e+02 3.968e+02 349 0 4 6.694e+02 6.746e+02 48 0 4 2.370e+02 2.670e+02 279 0 1 4.667e+02 4.993e+02 302 0 2 5.415e+02 5.505e+02 83 0 2 6.225e+02 6.375e+02 140 0 3 4.638e+02 5.022e+02 356 0 1 5.632e+02 5.708e+02 70 0 4 6.207e+02 6.393e+02 173 0 2 4.859e+02 5.221e+02 336 0 3 5.103e+02 5.397e+02 274 0 1 5.956e+02 6.224e+02 249 0 4 4.849e+02 5.231e+02 355 1 4 5.857e+02 5.903e+02 43 1 2 6.295e+02 6.305e+02 10 1 4 5.386e+02 5.534e+02 138 1 4 6.281e+02 6.319e+02 36 1 1 6.035e+02 6.145e+02 103 1 2 5.707e+02 6.053e+02 321 1 3 6.038e+02 6.142e+02 97 1 1 5.942e+02 6.238e+02 275 2 1 3.131e+02 3.169e+02 36 2 3 5.204e+02 5.296e+02 85 2 3 3.114e+02 3.186e+02 66 2 2 3.225e+02 3.495e+02 250 2 2 2.845e+02 3.035e+02 177 2 4 2.822e+02 3.058e+02 219 2 3 2.953e+02 3.347e+02 366 3 1 1.442e+01 2.758e+01 122 3 1 5.804e+01 6.796e+01 92
42823 0
42824 14 0 3 5.177e+02 5.323e+02 135 0 4 5.819e+02 5.941e+02 113 0 3 6.459e+02 6.561e+02 94 0 1 5.630e+02 5.710e+02 74 0 2 6.193e+02 6.407e+02 199 0 1 6.441e+02 6.579e+02 129 0 3 5.563e+02 5.777e+02 198 0 4 6.171e+02 6.429e+02 239 0 2 6.568e+02 6.872e+02 282 0 4 6.545e+02 6.895e+02 325 1 4 6.163e+02 6.437e+02 255 2 4 1.679e+02 1.681e+02 1 2 1 1.528e+01 2.672e+01 106 2 3 1.056e+01 3.144e+01 194
42826 5 0 4 6.206e+02 6.394e+02 175 0 4 7.670e+01 9.130e+01 136 0 1 6.254e+02 6.766e+02 475 0 3 5.431e+02 5.909e+02 445 0 2 5.208e+02 5.712e+02 469
42827 21 0 2 6.293e+02 6.307e+02 12 0 4 6.718e+02 6.722e+02 4 0 2 5.453e+02 5.467e+02 13 0 4 6.271e+02 6.329e+02 54 0 1 6.501e+02 6.519e+02 17 0 1 5.965e+02 6.215e+02 231 0 3 6.477e+02 6.543e+02 61 0 3 5.087e+02 5.413e+02 303 0 3 5.945e+02 6.235e+02 270 0 2 6.680e+02 6.760e+02 75 0 4 6.553e+02 6.887e+02 310 0 1 6.352e+02 6.668e+02 293 0 2 6.551e+02 6.889e+02 315 1 1 6.064e+02 6.116e+02 48 1 2 6.234e+02 6.366e+02 122 1 4 6.188e+02 6.412e+02 208 2 1 1.559e+01 2.641e+01 100 2 3 1.501e+01 2.699e+01 111 2 2 3.022e+01 5.378e+01 219 2 4 2.914e+01 5.486e+01 239 3 3 2.800e+00 3.920e+01 338
42828 0
42829 14 0 1 5.231e+02 5.269e+02 36 0 4 6.300e+02 6.300e+02 -10 0 3 2.139e+02 2.481e+02 317 0 2 6.693e+02 6.747e+02 50 0 4 2.397e+02 2.643e+02 229 0 2 5.435e+02 5.485e+02 46 0 3 2.570e+02 2.890e+02 296 0 4 5.768e+02 5.992e+02 209 0 4 6.709e+02 6.731e+02 21 0 4 6.622e+02 6.818e+02 181 0 3 5.403e+02 5.937e+02 496 0 1 5.823e+02 6.357e+02 496 1 4 6.160e+02 6.440e+02 260 2 2 1.547e+02 1.813e+02 246
42833 13 0 3 5.661e+02 5.679e+02 16 0 2 6.711e+02 6.729e+02 17 0 2 4.939e+02 5.141e+02 188 0 1 5.193e+02 5.307e+02 106 0 2 4.863e+02 5.217e+02 328 0 3 5.244e+02 5.256e+02 11 0 4 4.902e+02 5.178e+02 256 0 1 5.116e+02 5.384e+02 249 1 2 6.296e+02 6.304e+02 7 1 4 6.259e+02 6.341e+02 76 1 1 5.956e+02 6.224e+02 248 2 2 4.020e+02 4.380e+02 335 3 3 1.949e+01 2.251e+01 28
42834 6 0 1 4.757e+02 4.903e+02 136 0 3 4.684e+02 4.976e+02 271 0 4 4.876e+02 5.204e+02 305 0 2 4.796e+02 5.284e+02 454 1 4 6.269e+02 6.331e+02 57 1 1 5.941e+02 6.239e+02 277
42835 1 1 4 2.034e+02 2.166e+02 123
42836 4 2 2 4.587e+02 4.653e+02 62 2 3 4.282e+02 4.538e+02 237 2 4 4.498e+02 4.742e+02 226 3 1 3.150e+02 3.150e+02 -2
42838 12 0 2 6.287e+02 6.313e+02 24 0 3 6.504e+02 6.516e+02 11 0 2 6.704e+02 6.736e+02 29 0 2 6.104e+02 6.496e+02 365 0 4 6.714e+02 6.726e+02 11 0 1 6.494e+02 6.526e+02 29 0 1 6.358e+02 6.662e+02 282 0 3 6.316e+02 6.704e+02 360 2 3 1.447e+02 1.493e+02 42 2 4 1.138e+02 1.382e+02 227 2 1 1.408e+02 1.532e+02 116 2 2 1.500e+02 1.860e+02 334
42841 0
42842 35 0 4 3.345e+02 3.375e+02 28 0 1 4.828e+02 4.832e+02 4 0 3 4.787e+02 4.873e+02 80 0 2 2.413e+02 2.627e+02 199 0 2 6.152e+02 6.448e+02 276 0 3 2.660e+02 2.800e+02 130 0 3 6.476e+02 6.544e+02 64 0 4 2.345e+02 2.695e+02 326 0 4 4.921e+02 5.159e+02 221 0 2 6.529e+02 6.911e+02 356 0 2 4.859e+02 5.221e+02 336 1 1 5.584e+02 5.756e+02 160 1 2 5.338e+02 5.582e+02 226 2 3 1.045e+02 1.055e+02 9 2 3 4.801e+02 4.859e+02 54 2 4 2.505e+02 2.535e+02 28 2 1 2.680e+02 2.780e+02 92 2 3 6.154e+01 6.446e+01 27 2 3 4.282e+02 4.538e+02 238 2 3 1.455e+02 1.485e+02 28 2 2 4.937e+02 5.143e+02 191 2 2 2.400e+02 2.640e+02 222 2 3 5.155e+02 5.345e+02 176 2 2 7.240e+01 9.560e+01 216 2 1 1.321e+02 1.619e+02 277 2 3 2.629e+02 2.831e+02 188 2 4 2.766e+01 5.634e+01 266 2 4 6.984e+01 9.816e+01 263 2 2 1.573e+02 1.787e+02 200 2 1 5.023e+01 7.577e+01 237 2 2 1.099e+02 1.421e+02 300 2 4 1.105e+02 1.415e+02 288 3 1 2.030e+01 2.170e+01 13 3 1 6.140e+01 6.460e+01 30 3 1 -1.191e+00 4.319e+01 412
42843 1 2 3 2.088e+01 2.112e+01 2
42844 9 0 2 2.895e+02 2.985e+02 83 0 4 3.262e+02 3.458e+02 182 0 4 6.184e+02 6.416e+02 215 0 1 6.479e+02 6.541e+02 57 0 4 6.614e+02 6.826e+02 197 0 2 6.544e+02 6.896e+02 326 2 3 9.986e+01 1.101e+02 96 2 1 1.868e+01 2.332e+01 43 3 1 6.054e+02 6.126e+02 67
42845 15 0 4 2.520e+02 2.520e+02 -23 0 4 4.606e+02 4.634e+02 26 0 4 3.733e+02 3.827e+02 88 0 4 4.170e+02 4.230e+02 56 0 3 2.600e+02 2.860e+02 242 0 2 4.593e+02 4.647e+02 50 0 1 6.026e+02 6.154e+02 118 0 3 6.022e+02 6.158e+02 127 0 1 4.222e+02 4.598e+02 349 0 4 4.436e+02 4.804e+02 342 0 2 6.191e+02 6.409e+02 202 0 3 4.224e+02 4.596e+02 346 0 4 6.164e+02 6.436e+02 252 1 3 6.001e+02 6.179e+02 166 1 4 6.215e+02 6.385e+02 158
42846 3 0 1 4.627e+02 5.033e+02 377 2 3 3.695e+01 8.905e+01 484 2 1 3.632e+01 8.968e+01 496
42847 6 0 4 4.177e+02 4.223e+02 43 0 3 5.508e+02 5.832e+02 301 2 3 5.660e+01 6.940e+01 119 2 2 7.746e+01 9.054e+01 121 2 4 6.813e+01 9.987e+01 295 2 1 4.431e+01 8.169e+01 347
42848 8 0 1 5.666e+02 5.674e+02 7 0 4 6.700e+02 6.740e+02 38 0 3 5.651e+02 5.689e+02 35 0 4 5.763e+02 5.997e+02 217 2 3 3.970e+02 4.010e+02 37 2 2 4.176e+02 4.224e+02 44 2 4 3.624e+02 3.936e+02 290 2 1 4.384e+02 4.436e+02 49
42849 23 0 3 4.394e+02 4.426e+02 29 0 4 5.852e+02 5.908e+02 51 0 4 4.491e+02 4.749e+02 240 0 1 5.539e+02 5.801e+02 244 0 1 5.970e+02 6.210e+02 223 0 3 5.502e+02 5.838e+02 312 0 3 6.005e+02 6.175e+02 158 0 2 6.178e+02 6.422e+02 227 0 4 6.167e+02 6.433e+02 246 0 4 5.727e+02 6.033e+02 284 1 1 6.077e+02 6.103e+02 25 1 3 6.071e+02 6.109e+02 36 1 2 6.130e+02 6.470e+02 316 1 4 6.105e+02 6.495e+02 363 2 3 1.851e+01 2.349e+01 46 2 3 1.030e+02 1.070e+02 38 2 1 1.468e+02 1.472e+02 3 2 1 1.680e+01 2.520e+01 78 2 1 5.718e+00 3.628e+01 284 2 2 1.147e+02 1.373e+02 210 2 4 6.943e+01 9.857e+01 270 2 3 8.994e+01 1.201e+02 280 2 4 1.069e+02 1.451e+02 354
42853 0
42854 0
42855 1 0 4 6.663e+02 6.777e+02 106
42856 10 0 1 6.306e+02 6.714e+02 379 2 1 4.449e+01 8.151e+01 344 2 3 3.834e+01 8.766e+01 458 3 2 4.971e+02 5.109e+02 129 3 1 1.881e+02 1.899e+02 16 3 3 1.879e+02 1.901e+02 20 3 3 5.154e+02 5.346e+02 178 3 4 4.932e+02 5.148e+02 200 3 4 1.940e+02 2.260e+02 296 3 1 2.168e+02 2.452e+02 264
42858 1 1 3 4.682e+02 4.978e+02 275
42859 14 0 4 5.844e+02 5.916e+02 67 0 4 6.720e+02 6.720e+02 -7 0 4 5.787e+02 5.973e+02 173 0 1 6.510e+02 6.510e+02 -0 0 1 5.935e+02 6.245e+02 288 0 3 6.473e+02 6.547e+02 69 0 3 5.968e+02 6.212e+02 226 0 4 6.628e+02 6.812e+02 171 0 2 6.598e+02 6.842e+02 226 2 2 2.100e+02 2.100e+02 -17 2 3 1.397e+01 2.803e+01 130 2 3 1.812e+02 1.968e+02 145 2 4 1.992e+02 2.208e+02 200 2 1 2.161e+02 2.459e+02 277
42860 2 0 4 6.720e+02 6.720e+02 -5 0 2 6.720e+02 6.720e+02 0
42861 12 0 4 6.720e+02 6.720e+02 -12 0 4 1.528e+02 1.832e+02 283 0 4 4.959e+02 5.121e+02 150 0 2 6.588e+02 6.852e+02 246 0 4 4.550e+02 4.690e+02 130 0 3 1.645e+02 2.135e+02 455 0 4 6.634e+02 6.806e+02 159 0 3 6.319e+02 6.701e+02 354 2 1 8.185e+00 3.382e+01 238 2 3 9.918e+01 1.108e+02 108 2 4 5.317e+02 5.603e+02 266 2 3 5.718e+00 3.628e+01 284
42863 12 0 2 3.276e+02 3.444e+02 156 0 4 6.677e+02 6.763e+02 80 0 2 6.666e+02 6.774e+02 100 0 4 3.246e+02 3.474e+02 211 0 4 6.564e+02 6.876e+02 290 1 2 2.940e+02 2.940e+02 -18 1 4 2.890e+02 2.990e+02 92 2 1 2.100e+01 2.100e+01 -3 2 3 1.747e+01 2.453e+01 66 2 3 8.588e+00 3.341e+01 230 3 3 5.217e+02 5.283e+02 61 3 2 4.892e+02 5.188e+02 276
42864 0
42866 2 1 2 1.158e+02 1.362e+02 190 2 4 2.940e+02 2.940e+02 -23
42868 10 0 2 5.452e+02 5.468e+02 16 0 2 6.678e+02 6.762e+02 78 0 2 5.400e+02 5.520e+02 112 0 4 6.694e+02 6.746e+02 48 0 3 5.558e+02 5.782e+02 207 0 1 6.449e+02 6.571e+02 113 0 4 5.672e+02 6.088e+02 387 0 2 6.560e+02 6.880e+02 297 0 3 6.310e+02 6.710e+02 370 2 3 1.864e+01 2.336e+01 44
42869 27 0 4 6.285e+02 6.315e+02 27 0 1 6.506e+02 6.514e+02 8 0 3 4.364e+02 4.456e+02 85 0 2 5.003e+02 5.077e+02 68 0 1 6.003e+02 6.177e+02 162 0 3 6.503e+02 6.517e+02 13 0 4 4.558e+02 4.682e+02 116 0 3 5.576e+02 5.764e+02 174 0 3 5.994e+02 6.186e+02 178 0 1 3.827e+02 4.153e+02 303 0 4 4.981e+02 5.099e+02 110 0 2 5.315e+02 5.605e+02 270 0 2 6.252e+02 6.348e+02 89 0 3 6.293e+02 6.727e+02 404 0 1 4.712e+02 4.948e+02 220 0 1 5.517e+02 5.823e+02 285 0 4 6.222e+02 6.378e+02 145 0 2 4.912e+02 5.168e+02 238 0 3 5.075e+02 5.425e+02 325 0 1 5.875e+02 6.305e+02 399 0 4 4.884e+02 5.196e+02 290 0 3 4.631e+02 5.029e+02 370 2 1 3.954e+02 4.026e+02 67 2 3 2.100e+01 2.100e+01 -6 2 2 4.152e+02 4.248e+02 90 2 4 4.084e+02 4.316e+02 215 2 4 6.095e+02 6.505e+02 380
42870 1 3 2 4.170e+01 4.230e+01 6
42872 2 0 4 4.999e+02 5.081e+02 76 0 3 5.057e+02 5.443e+02 358
