56480 13 0 1 6.480e+02 6.540e+02 56 2 1 2.062e+01 2.138e+01 7 2 1 3.959e+02 4.021e+02 57 2 3 1.462e+02 1.478e+02 16 2 4 3.739e+02 3.821e+02 76 2 3 1.492e+01 2.708e+01 113 2 3 3.850e+02 4.130e+02 260 2 1 1.361e+02 1.579e+02 202 2 2 3.653e+02 3.907e+02 236 2 4 2.735e+01 5.665e+01 272 2 4 1.119e+02 1.401e+02 261 2 2 1.539e+02 1.821e+02 262 2 2 2.609e+01 5.791e+01 296
56481 4 0 2 6.674e+02 6.766e+02 86 0 1 6.397e+02 6.623e+02 210 2 1 1.861e+02 1.919e+02 55 2 4 2.846e+02 3.034e+02 176
56482 19 0 1 5.559e+02 5.781e+02 206 0 3 4.296e+02 4.524e+02 211 0 2 4.540e+02 4.700e+02 148 0 3 5.607e+02 5.733e+02 117 0 4 5.761e+02 5.999e+02 221 0 2 6.599e+02 6.841e+02 224 0 1 4.280e+02 4.540e+02 242 0 4 6.583e+02 6.857e+02 255 2 4 3.347e+02 3.373e+02 25 2 2 2.438e+02 2.602e+02 153 2 4 6.691e+02 6.749e+02 55 2 4 2.920e+02 2.960e+02 36 2 4 3.751e+02 3.809e+02 55 2 1 9.761e+01 1.124e+02 137 2 4 2.796e+02 3.084e+02 267 2 4 3.608e+02 3.952e+02 320 2 2 1.067e+02 1.453e+02 358 2 2 5.880e+01 1.092e+02 468 2 4 6.086e+01 1.071e+02 430
56483 0
56484 0
56485 24 0 2 6.263e+02 6.337e+02 69 0 1 6.475e+02 6.545e+02 65 0 4 6.250e+02 6.350e+02 93 0 3 6.501e+02 6.519e+02 17 0 3 5.905e+02 6.275e+02 343 0 2 6.634e+02 6.806e+02 160 0 4 6.112e+02 6.488e+02 350 0 4 6.658e+02 6.782e+02 115 0 2 6.562e+02 6.878e+02 294 2 1 1.463e+02 1.477e+02 12 2 2 3.834e+01 4.566e+01 68 2 2 1.227e+02 1.293e+02 60 2 4 3.740e+01 4.660e+01 86 2 3 9.393e+01 1.161e+02 206 2 2 1.516e+02 1.844e+02 306 2 1 5.804e+01 6.796e+01 92 2 4 1.113e+02 1.407e+02 273 2 3 5.059e+01 7.541e+01 230 2 3 8.438e+01 1.256e+02 383 2 1 3.968e+00 3.803e+01 316 2 2 1.058e+02 1.462e+02 376 2 3 7.242e+00 3.476e+01 256 2 4 6.145e+01 1.066e+02 419 3 3 1.029e+01 3.171e+01 199
56486 16 0 1 3.558e+02 3.582e+02 22 0 2 3.181e+02 3.539e+02 332 1 4 5.880e+02 5.880e+02 -1 1 4 6.291e+02 6.309e+02 16 1 1 5.186e+02 5.314e+02 120 1 3 5.580e+02 5.760e+02 166 1 2 6.203e+02 6.397e+02 180 1 3 5.517e+02 5.823e+02 284 2 1 1.608e+01 2.592e+01 91 2 4 5.003e+02 5.077e+02 68 2 3 1.752e+01 2.448e+01 65 2 3 4.779e+02 4.881e+02 96 2 2 1.568e+02 1.792e+02 209 2 3 5.938e+02 6.242e+02 283 2 4 3.634e+02 3.926e+02 271 2 2 2.371e+01 6.029e+01 340
56487 0
56488 1 3 1 1.428e+02 1.512e+02 77
56489 7 0 4 6.061e+02 6.539e+02 445 0 1 2.474e+02 2.986e+02 476 0 2 2.695e+02 3.185e+02 456 0 1 5.852e+02 6.328e+02 442 0 3 6.280e+02 6.740e+02 428 0 3 5.840e+02 6.340e+02 465 0 2 6.035e+02 6.565e+02 493
56490 4 0 3 1.881e+02 1.899e+02 17 0 3 6.500e+02 6.520e+02 18 0 2 6.579e+02 6.861e+02 262 0 4 6.578e+02 6.862e+02 264
56491 0
56492 0
56493 0
56494 0
56495 4 2 3 2.577e+02 2.883e+02 284 3 1 2.675e+02 2.785e+02 102 3 3 2.603e+02 2.857e+02 236 3 4 2.814e+02 3.066e+02 235
56496 2 0 2 6.619e+02 6.821e+02 188 0 4 6.588e+02 6.852e+02 245
56497 3 2 3 1.459e+02 1.481e+02 20 2 2 1.615e+02 1.745e+02 120 2 4 1.127e+02 1.393e+02 246
56498 53 0 2 1.630e+02 1.730e+02 92 0 4 3.677e+01 4.723e+01 97 0 3 5.659e+02 5.681e+02 20 0 4 2.370e+02 2.670e+02 278 0 1 6.040e+02 6.140e+02 93 0 1 1.770e+01 2.430e+01 61 0 2 6.716e+02 6.724e+02 8 0 3 1.213e+01 2.987e+01 165 0 1 5.226e+02 5.274e+02 44 0 3 6.079e+02 6.101e+02 20 0 2 2.447e+01 5.953e+01 326 0 4 6.698e+02 6.742e+02 40 0 3 5.076e+02 5.424e+02 324 0 2 6.225e+02 6.375e+02 139 0 3 6.392e+02 6.628e+02 220 0 1 5.495e+02 5.845e+02 326 0 4 6.227e+02 6.373e+02 136 0 4 6.630e+02 6.810e+02 168 0 3 5.978e+02 6.202e+02 208 0 1 6.364e+02 6.656e+02 271 0 2 6.528e+02 6.912e+02 357 0 4 6.550e+02 6.890e+02 316 1 3 6.085e+02 6.095e+02 9 1 2 5.830e+02 5.930e+02 92 1 2 6.288e+02 6.312e+02 22 1 4 5.839e+02 5.921e+02 76 1 4 6.296e+02 6.304e+02 7 1 4 5.261e+02 5.659e+02 369 1 1 5.926e+02 6.254e+02 304 1 1 5.524e+02 5.816e+02 271 1 3 5.942e+02 6.238e+02 275 2 2 4.071e+01 4.329e+01 24 2 3 1.040e+02 1.060e+02 19 2 4 1.678e+02 1.682e+02 4 2 1 3.972e+02 4.008e+02 34 2 2 3.739e+02 3.821e+02 76 2 3 5.621e+02 5.719e+02 91 2 1 2.066e+01 2.134e+01 6 2 1 5.559e+02 5.781e+02 206 2 4 1.227e+02 1.293e+02 62 2 2 5.777e+02 5.983e+02 192 2 3 1.843e+02 1.937e+02 87 2 4 6.113e+02 6.487e+02 347 2 3 3.465e+02 3.675e+02 196 2 3 1.536e+01 2.664e+01 105 2 2 1.640e+02 1.720e+02 75 2 4 3.633e+02 3.927e+02 273 2 4 2.550e+01 5.850e+01 306 2 1 1.820e+02 1.960e+02 130 2 2 1.909e+02 2.291e+02 356 2 1 3.651e+00 3.835e+01 322 2 3 1.300e+02 1.640e+02 316 2 4 1.919e+02 2.281e+02 336
56499 10 0 1 4.722e+02 4.938e+02 201 0 3 4.771e+02 4.889e+02 110 0 2 4.506e+02 4.734e+02 211 0 4 4.442e+02 4.798e+02 330 1 2 5.450e+02 5.470e+02 19 1 3 5.621e+02 5.719e+02 90 1 1 5.121e+02 5.379e+02 239 1 4 5.685e+02 6.075e+02 363 1 4 5.266e+02 5.654e+02 360 2 4 1.609e+02 1.751e+02 131
56500 16 0 1 6.052e+02 6.128e+02 70 0 4 6.674e+02 6.766e+02 85 0 3 6.077e+02 6.103e+02 25 0 2 6.608e+02 6.832e+02 208 0 2 6.103e+02 6.497e+02 366 0 1 6.356e+02 6.664e+02 286 0 4 6.125e+02 6.475e+02 325 0 3 6.350e+02 6.670e+02 296 0 4 6.553e+02 6.887e+02 310 1 2 6.157e+02 6.443e+02 266 1 4 6.151e+02 6.449e+02 277 2 4 3.298e+02 3.422e+02 116 2 3 3.504e+02 3.636e+02 123 2 2 3.575e+02 3.985e+02 380 3 2 3.780e+01 4.620e+01 78 3 1 5.028e+01 7.572e+01 236
56501 25 2 3 4.378e+02 4.442e+02 59 2 2 3.723e+02 3.837e+02 106 2 2 4.170e+02 4.230e+02 56 2 1 2.583e+02 2.877e+02 272 2 4 3.727e+02 3.833e+02 98 2 4 4.174e+02 4.226e+02 48 2 2 4.471e+02 4.769e+02 276 2 1 4.325e+02 4.495e+02 158 2 4 4.428e+02 4.812e+02 357 2 1 3.891e+02 4.089e+02 185 2 1 4.242e+02 4.578e+02 311 2 3 4.235e+02 4.585e+02 325 2 3 3.835e+02 4.145e+02 288 3 1 2.698e+02 2.762e+02 59 3 1 3.986e+02 3.994e+02 8 3 4 4.139e+02 4.261e+02 114 3 3 3.128e+02 3.172e+02 41 3 3 3.570e+02 3.570e+02 -3 3 4 4.512e+02 4.728e+02 200 3 3 2.681e+02 2.779e+02 90 3 4 3.277e+02 3.443e+02 154 3 4 3.725e+02 3.835e+02 101 3 3 2.552e+02 2.908e+02 331 3 1 3.014e+02 3.286e+02 253 3 3 2.959e+02 3.341e+02 356
56502 0
56503 3 1 4 3.358e+02 3.362e+02 3 1 1 3.411e+02 3.729e+02 296 2 4 1.260e+02 1.260e+02 -2
56504 52 0 2 3.351e+02 3.369e+02 17 0 3 4.820e+02 4.840e+02 19 0 2 5.433e+02 5.487e+02 50 0 4 4.165e+02 4.235e+02 66 0 1 3.068e+02 3.232e+02 151 0 2 5.031e+02 5.049e+02 17 0 4 3.218e+02 3.502e+02 263 0 1 5.625e+02 5.715e+02 83 0 1 3.425e+02 3.715e+02 269 0 1 3.954e+02 4.026e+02 66 0 4 5.024e+02 5.056e+02 30 0 3 5.645e+02 5.695e+02 46 0 4 4.105e+02 4.295e+02 177 0 1 4.632e+02 5.028e+02 368 0 1 5.153e+02 5.347e+02 180 0 1 4.283e+02 4.537e+02 236 0 3 4.649e+02 5.011e+02 336 0 3 5.189e+02 5.311e+02 114 0 3 4.261e+02 4.559e+02 277 0 1 3.816e+02 4.164e+02 323 1 3 6.090e+02 6.090e+02 -7 1 4 5.864e+02 5.896e+02 29 1 2 6.281e+02 6.319e+02 35 1 1 5.624e+02 5.716e+02 85 1 1 6.066e+02 6.114e+02 45 1 2 5.696e+02 6.064e+02 341 1 4 6.208e+02 6.392e+02 171 1 4 5.712e+02 6.048e+02 311 1 1 5.918e+02 6.262e+02 319 2 4 2.099e+02 2.101e+02 2 2 1 3.981e+02 3.999e+02 16 2 2 3.777e+02 3.783e+02 6 2 4 5.037e+02 5.043e+02 6 2 4 4.081e+01 4.319e+01 22 2 3 2.300e+02 2.320e+02 18 2 3 3.985e+02 3.995e+02 10 2 3 3.078e+02 3.222e+02 133 2 2 3.338e+02 3.382e+02 41 2 2 4.173e+02 4.227e+02 50 2 3 5.216e+01 7.384e+01 201 2 2 2.409e+02 2.631e+02 206 2 1 4.316e+02 4.504e+02 176 2 1 2.977e+02 3.323e+02 320 2 4 3.712e+02 3.848e+02 126 2 1 1.312e+01 2.888e+01 146 2 3 3.445e+02 3.695e+02 232 2 4 3.590e+02 3.970e+02 352 2 4 3.165e+02 3.555e+02 362 3 4 3.761e+02 3.799e+02 36 3 2 7.657e+01 9.143e+01 138 3 4 3.250e+01 5.150e+01 176 3 4 2.506e+01 5.894e+01 315
56505 6 0 1 6.468e+02 6.552e+02 78 0 3 6.430e+02 6.590e+02 148 0 2 6.577e+02 6.863e+02 266 0 4 6.604e+02 6.836e+02 216 2 4 4.612e+02 4.628e+02 16 2 3 4.634e+02 5.026e+02 364
56506 2 2 1 5.857e+01 6.743e+01 82 2 1 2.199e+02 2.421e+02 206
56507 16 0 4 1.650e+02 1.710e+02 56 0 2 2.490e+02 2.550e+02 56 0 3 2.703e+02 2.757e+02 50 0 4 3.360e+02 3.360e+02 -9 0 4 6.720e+02 6.720e+02 -4 0 3 3.938e+02 4.042e+02 96 0 1 5.633e+02 5.707e+02 68 0 1 6.510e+02 6.510e+02 -14 0 3 4.327e+02 4.493e+02 154 0 4 5.703e+02 6.057e+02 330 0 3 6.480e+02 6.540e+02 56 0 2 6.652e+02 6.788e+02 126 1 2 6.216e+02 6.384e+02 156 2 3 6.300e+01 6.300e+01 -10 2 4 3.489e+01 4.911e+01 132 2 2 7.029e+01 9.771e+01 255
56508 9 3 2 5.031e+02 5.049e+02 16 3 3 3.978e+02 4.002e+02 21 3 4 4.129e+02 4.271e+02 132 3 4 5.035e+02 5.045e+02 10 3 1 5.200e+02 5.300e+02 92 3 2 4.941e+02 5.139e+02 185 3 1 5.125e+02 5.375e+02 232 3 3 5.103e+02 5.397e+02 273 3 3 4.657e+02 5.003e+02 320
56509 6 0 2 6.640e+02 6.800e+02 148 0 3 6.381e+02 6.639e+02 240 0 4 6.515e+02 6.925e+02 381 2 1 3.022e+00 3.898e+01 334 2 3 -1.238e+00 4.324e+01 413 3 3 8.456e+01 1.254e+02 380
56510 5 2 4 4.200e+01 4.200e+01 -7 2 4 4.559e+02 4.681e+02 113 2 3 4.755e+02 4.905e+02 139 2 2 4.547e+02 4.693e+02 136 2 1 4.652e+02 5.008e+02 330
