56511 13 0 2 6.236e+02 6.364e+02 118 0 2 6.684e+02 6.756e+02 66 0 4 6.220e+02 6.380e+02 149 0 4 6.710e+02 6.730e+02 19 0 1 6.391e+02 6.629e+02 220 0 3 6.371e+02 6.649e+02 258 1 2 6.283e+02 6.317e+02 32 2 3 1.029e+02 1.071e+02 39 2 2 2.520e+02 2.520e+02 -0 2 3 2.213e+02 2.407e+02 180 2 3 2.649e+02 2.811e+02 150 2 4 7.262e+01 9.538e+01 211 2 4 1.931e+02 2.269e+02 314
56512 4 2 4 3.315e+02 3.405e+02 83 2 1 3.536e+02 3.604e+02 64 2 2 3.201e+02 3.519e+02 295 2 3 3.433e+02 3.707e+02 255
56513 3 0 3 5.216e+02 5.284e+02 64 0 2 4.938e+02 5.142e+02 190 0 1 5.094e+02 5.406e+02 290
56514 0
56515 6 0 2 6.704e+02 6.736e+02 30 0 4 6.646e+02 6.794e+02 138 0 1 6.390e+02 6.630e+02 222 2 1 5.961e+01 6.639e+01 63 2 4 3.574e+01 4.826e+01 116 2 2 2.757e+01 5.643e+01 268
56516 18 0 2 6.294e+02 6.306e+02 10 0 3 6.492e+02 6.528e+02 33 0 3 4.373e+02 4.447e+02 70 0 4 6.270e+02 6.330e+02 56 0 1 6.493e+02 6.527e+02 32 0 1 4.329e+02 4.491e+02 150 0 1 6.048e+02 6.132e+02 79 0 2 6.618e+02 6.822e+02 189 0 4 4.037e+02 4.363e+02 303 0 2 6.199e+02 6.401e+02 187 0 3 6.341e+02 6.679e+02 314 0 3 5.949e+02 6.231e+02 261 0 2 6.534e+02 6.906e+02 346 0 4 6.554e+02 6.886e+02 308 2 3 5.244e+02 5.256e+02 10 2 4 4.968e+02 5.112e+02 133 2 2 5.345e+02 5.575e+02 213 2 1 5.098e+02 5.402e+02 282
56517 16 2 2 5.840e+02 5.920e+02 75 2 1 5.477e+02 5.863e+02 358 2 4 5.810e+02 5.950e+02 130 2 3 5.518e+02 5.822e+02 282 3 1 5.238e+02 5.262e+02 23 3 2 5.410e+02 5.510e+02 93 3 4 2.363e+02 2.677e+02 292 3 2 4.491e+02 4.749e+02 240 3 3 4.815e+02 4.845e+02 27 3 1 5.614e+02 5.726e+02 105 3 1 5.154e+02 5.346e+02 179 3 4 5.327e+02 5.593e+02 246 3 3 5.200e+02 5.300e+02 92 3 4 4.911e+02 5.170e+02 240 3 1 4.633e+02 5.027e+02 366 3 2 4.871e+02 5.209e+02 315
56518 0
56519 17 0 3 4.821e+02 4.839e+02 16 0 1 5.660e+02 5.680e+02 19 0 1 6.494e+02 6.526e+02 29 0 3 5.658e+02 5.682e+02 23 0 3 6.460e+02 6.560e+02 93 0 2 5.012e+02 5.068e+02 51 0 3 5.144e+02 5.356e+02 197 0 2 6.569e+02 6.871e+02 280 0 4 4.951e+02 5.129e+02 165 0 1 5.112e+02 5.388e+02 257 0 4 6.618e+02 6.822e+02 189 0 3 4.736e+02 4.924e+02 176 0 2 5.278e+02 5.642e+02 337 0 4 6.538e+02 6.902e+02 339 1 2 5.447e+02 5.473e+02 25 1 3 5.147e+02 5.353e+02 191 2 1 3.699e+00 3.830e+01 321
56520 42 0 2 6.286e+02 6.314e+02 26 0 3 1.013e+02 1.087e+02 68 0 1 6.507e+02 6.513e+02 6 0 1 5.568e+02 5.772e+02 190 0 4 6.299e+02 6.301e+02 1 0 3 6.496e+02 6.524e+02 26 0 4 5.832e+02 5.928e+02 90 0 2 6.692e+02 6.748e+02 52 0 3 5.504e+02 5.836e+02 309 0 1 6.045e+02 6.135e+02 84 0 4 6.700e+02 6.740e+02 38 0 3 6.050e+02 6.130e+02 75 1 2 5.040e+02 5.040e+02 -3 1 2 6.300e+02 6.300e+02 -3 1 2 5.878e+02 5.882e+02 4 1 1 6.044e+02 6.136e+02 85 1 4 5.862e+02 5.898e+02 34 1 3 6.078e+02 6.102e+02 23 1 4 5.692e+02 6.068e+02 350 1 4 6.270e+02 6.330e+02 56 2 4 2.509e+02 2.531e+02 20 2 1 2.707e+02 2.753e+02 42 2 1 5.639e+02 5.701e+02 57 2 2 4.139e+01 4.261e+01 11 2 3 5.590e+02 5.750e+02 148 2 3 2.719e+02 2.741e+02 21 2 2 5.804e+02 5.956e+02 140 2 4 4.112e+01 4.288e+01 16 2 4 4.931e+02 5.149e+02 202 2 4 1.180e+02 1.340e+02 148 2 4 5.733e+02 6.027e+02 273 2 2 2.410e+02 2.630e+02 205 2 4 2.940e+02 2.940e+02 -2 2 3 5.696e+01 6.904e+01 112 2 1 3.131e+02 3.169e+02 36 2 3 1.353e+01 2.847e+01 139 2 3 3.037e+02 3.263e+02 210 2 1 5.185e+01 7.415e+01 207 2 1 2.606e+02 2.854e+02 230 2 3 5.108e+01 7.492e+01 221 2 2 2.790e+02 3.090e+02 278 3 2 4.112e+01 4.288e+01 16
56521 6 0 1 6.461e+02 6.559e+02 90 0 2 6.679e+02 6.761e+02 76 0 4 6.579e+02 6.861e+02 261 2 2 4.986e+02 5.094e+02 100 2 4 4.988e+02 5.092e+02 97 2 3 5.058e+02 5.442e+02 357
56522 1 2 4 1.549e+02 1.811e+02 243
56523 1 0 4 6.575e+02 6.865e+02 269
56524 4 2 3 4.806e+02 4.854e+02 44 2 2 4.980e+02 5.100e+02 112 2 4 4.508e+02 4.732e+02 207 2 2 5.269e+02 5.651e+02 356
56525 0
56526 7 0 4 5.031e+02 5.049e+02 17 0 4 6.188e+02 6.412e+02 209 0 2 6.671e+02 6.769e+02 90 0 3 4.270e+02 4.550e+02 260 0 2 4.954e+02 5.126e+02 160 0 3 6.360e+02 6.660e+02 279 0 3 4.673e+02 4.987e+02 291
56529 9 0 4 6.682e+02 6.758e+02 70 2 2 8.267e+01 8.533e+01 25 2 3 5.620e+01 6.980e+01 126 2 3 1.032e+02 1.068e+02 33 2 1 1.442e+02 1.498e+02 52 2 2 3.687e+02 3.873e+02 172 2 4 1.123e+02 1.397e+02 255 2 1 1.286e+02 1.654e+02 342 2 4 6.962e+01 9.838e+01 267
56530 5 2 2 4.200e+01 4.200e+01 -7 2 4 1.657e+02 1.703e+02 42 2 2 2.096e+02 2.104e+02 8 2 3 1.822e+02 1.958e+02 127 2 2 1.921e+02 2.279e+02 333
56531 40 0 2 3.300e+02 3.420e+02 111 0 1 6.024e+02 6.156e+02 122 0 4 3.255e+02 3.465e+02 196 0 1 3.432e+02 3.708e+02 257 1 1 4.399e+02 4.421e+02 20 2 2 4.067e+01 4.333e+01 25 2 4 6.286e+02 6.314e+02 26 2 4 2.500e+02 2.540e+02 36 2 2 6.705e+02 6.735e+02 28 2 4 2.932e+02 2.948e+02 15 2 2 5.023e+02 5.057e+02 32 2 2 3.348e+02 3.372e+02 23 2 3 5.645e+02 5.695e+02 46 2 1 1.976e+01 2.224e+01 23 2 1 6.471e+02 6.549e+02 72 2 2 2.083e+02 2.117e+02 31 2 2 4.048e+02 4.352e+02 283 2 1 3.114e+02 3.186e+02 66 2 2 4.550e+02 4.690e+02 130 2 3 1.343e+01 2.857e+01 140 2 1 5.219e+02 5.281e+02 57 2 3 1.753e+02 2.027e+02 255 2 2 6.136e+02 6.464e+02 305 2 4 1.938e+02 2.262e+02 300 2 3 6.490e+02 6.530e+02 36 2 2 2.881e+02 2.999e+02 110 2 3 4.253e+02 4.567e+02 292 2 4 3.556e+01 4.844e+01 120 2 4 4.568e+02 4.672e+02 97 2 1 2.207e+02 2.413e+02 190 2 3 5.226e+02 5.274e+02 45 2 3 3.022e+02 3.278e+02 237 2 3 4.669e+02 4.991e+02 299 2 1 5.727e+01 6.873e+01 106 2 3 5.071e+02 5.429e+02 333 2 2 2.817e+02 3.063e+02 228 2 2 4.867e+02 5.213e+02 321 2 4 2.340e+01 6.060e+01 346 2 4 2.759e+02 3.121e+02 336 2 3 2.531e+02 2.929e+02 369
56532 13 0 1 5.193e+02 5.307e+02 106 0 3 6.499e+02 6.521e+02 20 0 3 5.232e+02 5.268e+02 33 0 2 6.149e+02 6.451e+02 280 0 2 6.687e+02 6.753e+02 62 0 2 4.856e+02 5.224e+02 342 0 2 5.329e+02 5.591e+02 244 0 4 6.614e+02 6.826e+02 197 0 2 5.235e+02 5.685e+02 418 0 3 5.401e+02 5.939e+02 499 1 1 1.284e+02 1.656e+02 345 2 4 2.477e+02 2.563e+02 80 2 3 2.107e+02 2.513e+02 376
56533 1 3 4 5.432e+02 5.488e+02 51
56534 16 0 1 5.670e+02 5.670e+02 -4 0 3 4.823e+02 4.837e+02 14 0 1 5.615e+02 5.725e+02 103 0 4 6.212e+02 6.388e+02 163 0 1 4.760e+02 4.900e+02 130 0 3 5.636e+02 5.704e+02 64 0 4 5.781e+02 5.979e+02 185 0 2 4.467e+02 4.773e+02 284 0 1 6.024e+02 6.156e+02 122 0 4 4.858e+02 5.222e+02 339 0 3 6.014e+02 6.166e+02 140 0 2 6.193e+02 6.407e+02 200 2 1 1.406e+02 1.534e+02 119 2 4 1.135e+02 1.385e+02 232 2 3 1.447e+02 1.493e+02 43 2 2 1.491e+02 1.869e+02 351
56535 42 0 3 3.983e+02 3.997e+02 14 0 3 4.797e+02 4.863e+02 62 0 1 6.078e+02 6.102e+02 22 0 2 6.720e+02 6.720e+02 -0 0 2 1.135e+02 1.385e+02 233 0 1 4.779e+02 4.881e+02 96 0 2 3.634e+02 3.926e+02 270 0 1 5.248e+02 5.252e+02 4 0 2 6.282e+02 6.318e+02 34 0 4 6.715e+02 6.725e+02 10 0 3 5.235e+02 5.265e+02 27 0 4 6.287e+02 6.313e+02 25 0 1 6.497e+02 6.523e+02 24 0 4 4.037e+02 4.363e+02 303 0 2 4.872e+02 5.208e+02 312 0 2 5.411e+02 5.509e+02 91 0 3 6.051e+02 6.129e+02 72 0 3 6.497e+02 6.523e+02 25 0 3 4.220e+02 4.600e+02 352 0 3 5.549e+02 5.791e+02 224 0 1 5.914e+02 6.266e+02 326 0 3 5.148e+02 5.352e+02 190 0 3 5.907e+02 6.273e+02 340 0 1 5.497e+02 5.843e+02 320 1 4 6.282e+02 6.318e+02 33 1 1 5.624e+02 5.716e+02 85 1 1 6.069e+02 6.111e+02 39 1 2 5.787e+02 5.973e+02 172 1 3 6.008e+02 6.172e+02 151 1 2 6.275e+02 6.325e+02 46 2 4 1.670e+02 1.690e+02 18 2 4 2.497e+02 2.543e+02 43 2 3 3.957e+02 4.023e+02 62 2 3 1.034e+02 1.066e+02 30 2 3 3.104e+02 3.196e+02 85 2 4 6.161e+02 6.439e+02 258 2 4 7.195e+01 9.605e+01 224 2 4 2.810e+02 3.070e+02 241 2 2 6.791e+01 1.001e+02 299 2 4 4.024e+02 4.376e+02 326 3 1 2.721e+02 2.739e+02 17 3 1 5.871e+01 6.729e+01 80
56536 4 0 4 3.314e+02 3.406e+02 86 0 3 6.048e+02 6.132e+02 78 0 4 6.246e+02 6.354e+02 100 2 4 8.187e+01 8.613e+01 40
56537 6 0 4 6.720e+02 6.720e+02 -2 0 1 6.494e+02 6.526e+02 30 0 3 6.460e+02 6.560e+02 92 0 2 6.695e+02 6.745e+02 47 2 4 7.190e+01 9.610e+01 225 2 2 1.559e+02 1.801e+02 224
56538 8 0 4 2.451e+02 2.589e+02 128 0 3 2.714e+02 2.746e+02 30 0 1 2.223e+02 2.397e+02 161 1 3 5.663e+02 5.677e+02 14 1 1 5.984e+02 6.196e+02 196 1 2 5.829e+02 5.931e+02 96 1 4 5.383e+02 5.537e+02 144 1 1 5.555e+02 5.785e+02 213
56539 11 0 4 5.880e+02 5.880e+02 -9 0 4 5.014e+02 5.066e+02 49 0 4 5.810e+02 5.950e+02 130 0 2 6.636e+02 6.804e+02 156 0 2 4.969e+02 5.111e+02 132 0 4 6.626e+02 6.814e+02 175 0 1 4.689e+02 4.971e+02 262 0 3 4.681e+02 4.979e+02 276 1 4 6.269e+02 6.331e+02 58 2 3 1.431e+02 1.509e+02 72 2 4 1.148e+02 1.372e+02 209
56540 5 2 2 1.218e+02 1.302e+02 79 2 4 1.191e+02 1.329e+02 128 2 3 9.062e+01 1.194e+02 267 3 1 1.976e+01 2.224e+01 23 3 3 2.017e+01 2.183e+01 16
56541 6 2 4 2.928e+02 2.952e+02 23 2 4 3.257e+02 3.463e+02 191 3 1 3.934e+02 4.046e+02 105 3 4 4.093e+02 4.307e+02 199 3 3 3.906e+02 4.074e+02 156 3 2 4.078e+02 4.322e+02 226
56542 5 1 2 6.194e+02 6.406e+02 196 3 1 4.393e+02 4.427e+02 31 3 2 4.544e+02 4.696e+02 140 3 4 4.544e+02 4.696e+02 141 3 3 4.294e+02 4.526e+02 216
56543 0
56544 3 0 3 4.312e+02 4.508e+02 182 0 4 4.049e+02 4.351e+02 280 0 1 4.215e+02 4.605e+02 362
56545 3 0 4 2.064e+02 2.136e+02 66 0 4 2.349e+02 2.691e+02 318 0 4 6.625e+02 6.815e+02 176
56546 18 0 2 3.748e+02 3.812e+02 60 0 2 3.694e+02 3.866e+02 160 0 1 3.464e+02 3.676e+02 196 0 3 5.661e+02 5.679e+02 17 0 2 2.301e+02 2.739e+02 407 0 1 6.471e+02 6.549e+02 73 0 2 2.710e+02 3.170e+02 428 0 4 4.162e+02 4.238e+02 70 0 4 2.275e+02 2.765e+02 455 0 1 5.589e+02 5.751e+02 150 0 4 2.720e+02 3.160e+02 409 0 3 6.451e+02 6.569e+02 110 0 1 3.301e+02 3.839e+02 499 0 2 6.479e+02 6.961e+02 448 1 3 1.648e+02 2.132e+02 450 1 1 2.496e+02 2.964e+02 434 1 2 1.869e+02 2.331e+02 429 2 4 2.061e+02 2.139e+02 72
56547 4 0 4 6.105e+02 6.495e+02 361 1 3 5.414e+02 5.926e+02 476 2 4 3.771e+02 3.789e+02 17 2 4 4.164e+02 4.236e+02 66
56548 13 0 2 4.593e+02 4.647e+02 50 0 1 5.236e+02 5.264e+02 26 0 3 4.799e+02 4.861e+02 57 0 2 5.349e+02 5.571e+02 206 0 4 4.998e+02 5.082e+02 79 0 3 5.091e+02 5.409e+02 296 2 1 2.100e+01 2.100e+01 -22 2 4 5.020e+02 5.060e+02 38 2 1 2.615e+02 2.845e+02 213 2 4 4.940e+02 5.140e+02 186 2 4 4.170e+01 4.230e+01 6 2 3 1.500e+01 2.700e+01 111 2 2 3.084e+01 5.316e+01 207
