12254 11 0 2 4.611e+02 4.629e+02 17 0 2 6.244e+02 6.356e+02 104 0 2 6.695e+02 6.745e+02 46 0 3 4.791e+02 4.869e+02 72 0 4 4.574e+02 4.666e+02 86 1 2 6.280e+02 6.320e+02 37 1 4 1.246e+02 1.274e+02 26 1 3 6.005e+02 6.175e+02 157 1 4 6.211e+02 6.389e+02 166 1 2 5.717e+02 6.043e+02 303 2 3 2.935e+00 3.907e+01 336
12256 0
12258 2 1 4 5.845e+02 5.915e+02 65 2 3 2.714e+02 2.746e+02 29
12263 6 0 1 5.248e+02 5.252e+02 5 0 3 5.183e+02 5.317e+02 125 0 2 4.912e+02 5.168e+02 238 0 2 6.525e+02 6.915e+02 362 0 4 4.867e+02 5.213e+02 321 2 3 3.468e+02 3.672e+02 189
12265 3 0 2 4.602e+02 4.638e+02 33 2 4 4.862e+02 5.218e+02 330 2 3 5.042e+02 5.458e+02 386
12266 0
12267 0
12270 13 0 2 5.417e+02 5.503e+02 80 0 4 6.677e+02 6.763e+02 80 0 1 6.471e+02 6.549e+02 73 0 1 5.470e+02 5.870e+02 372 0 2 6.109e+02 6.491e+02 356 0 3 6.452e+02 6.568e+02 107 0 4 3.996e+02 4.404e+02 379 0 2 6.597e+02 6.843e+02 229 0 3 4.195e+02 4.625e+02 400 0 4 6.602e+02 6.838e+02 220 0 1 3.744e+02 4.236e+02 456 2 3 1.453e+02 1.487e+02 31 2 1 -7.404e-02 4.207e+01 391
12276 0
12277 0
12280 9 0 1 5.642e+02 5.698e+02 51 0 4 6.286e+02 6.314e+02 26 0 1 5.563e+02 5.777e+02 199 0 3 5.997e+02 6.183e+02 173 0 3 6.419e+02 6.601e+02 169 0 1 5.891e+02 6.289e+02 370 0 2 6.652e+02 6.788e+02 126 0 2 6.104e+02 6.496e+02 365 0 4 6.596e+02 6.844e+02 230
12282 29 0 3 4.807e+02 4.853e+02 43 0 3 2.722e+02 2.738e+02 15 0 3 5.247e+02 5.253e+02 5 0 4 3.748e+02 3.812e+02 60 0 1 6.087e+02 6.093e+02 6 0 1 3.149e+02 3.151e+02 2 0 3 4.371e+02 4.449e+02 73 0 1 3.466e+02 3.674e+02 193 0 2 4.980e+02 5.100e+02 111 0 4 2.858e+02 3.022e+02 153 0 1 5.646e+02 5.694e+02 44 0 2 3.681e+02 3.879e+02 184 0 4 6.256e+02 6.344e+02 82 0 2 3.221e+02 3.499e+02 258 0 4 4.980e+02 5.100e+02 112 0 4 3.594e+02 3.966e+02 346 0 3 5.663e+02 5.677e+02 13 0 2 3.167e+02 3.553e+02 359 0 2 6.200e+02 6.400e+02 186 0 3 4.216e+02 4.604e+02 360 0 4 4.550e+02 4.690e+02 130 0 1 4.769e+02 4.891e+02 114 0 4 4.890e+02 5.190e+02 279 0 2 4.495e+02 4.745e+02 233 2 1 6.118e+01 6.482e+01 34 2 2 3.659e+01 4.741e+01 100 2 4 3.228e+01 5.172e+01 180 2 3 5.754e+01 6.846e+01 101 3 1 4.322e+02 4.498e+02 164
12283 20 0 3 6.510e+02 6.510e+02 -13 0 2 6.719e+02 6.721e+02 1 0 4 6.123e+02 6.477e+02 328 0 1 6.477e+02 6.543e+02 60 0 4 6.632e+02 6.808e+02 163 0 2 6.565e+02 6.875e+02 288 2 3 2.100e+01 2.100e+01 -19 2 2 5.040e+02 5.040e+02 -16 2 2 2.100e+02 2.100e+02 -20 2 4 5.852e+02 5.908e+02 51 2 4 4.072e+01 4.328e+01 24 2 3 4.365e+02 4.455e+02 84 2 1 9.891e+00 3.211e+01 206 2 3 4.808e+02 4.852e+02 41 2 1 6.078e+02 6.102e+02 22 2 4 4.110e+02 4.290e+02 166 2 4 4.543e+02 4.697e+02 144 2 3 6.033e+02 6.147e+02 106 2 3 3.840e+02 4.140e+02 278 2 2 5.716e+02 6.044e+02 304
12285 10 0 2 6.289e+02 6.311e+02 20 0 1 3.933e+02 4.047e+02 106 0 4 6.284e+02 6.316e+02 30 0 2 6.638e+02 6.802e+02 151 0 3 3.948e+02 4.032e+02 79 0 1 5.897e+02 6.283e+02 358 0 4 6.626e+02 6.814e+02 175 0 4 4.090e+02 4.310e+02 205 0 1 6.392e+02 6.628e+02 220 0 3 6.386e+02 6.634e+02 230
12286 1 1 4 2.838e+02 3.042e+02 190
12287 4 2 2 3.973e+01 4.427e+01 42 2 4 2.067e+02 2.133e+02 62 2 1 5.126e+01 7.474e+01 218 2 3 1.703e+02 2.077e+02 348
12289 0
12290 16 0 3 5.200e+02 5.300e+02 93 0 1 5.131e+02 5.369e+02 220 0 2 6.585e+02 6.855e+02 250 0 2 5.237e+02 5.683e+02 415 0 4 6.525e+02 6.915e+02 363 1 1 5.663e+02 5.677e+02 14 1 4 6.271e+02 6.329e+02 55 1 2 5.010e+02 5.070e+02 56 1 4 5.842e+02 5.918e+02 70 1 2 4.913e+02 5.167e+02 236 1 2 4.411e+02 4.829e+02 388 1 2 5.790e+02 5.970e+02 168 1 2 4.856e+02 5.224e+02 342 1 3 5.543e+02 5.797e+02 236 2 4 6.277e+02 6.323e+02 42 2 3 6.498e+02 6.522e+02 22
12292 2 0 4 6.567e+02 6.873e+02 284 2 4 1.519e+02 1.841e+02 299
12294 27 0 2 6.663e+02 6.777e+02 106 0 4 6.637e+02 6.803e+02 154 1 4 6.116e+02 6.484e+02 342 2 2 4.598e+02 4.642e+02 40 2 3 9.887e+01 1.111e+02 114 2 1 5.236e+02 5.264e+02 26 2 2 2.092e+02 2.108e+02 16 2 2 6.224e+02 6.376e+02 140 2 1 1.770e+01 2.430e+01 61 2 3 1.866e+02 1.914e+02 44 2 1 4.790e+02 4.870e+02 75 2 4 2.009e+02 2.191e+02 169 2 4 6.254e+02 6.346e+02 85 2 3 1.276e+01 2.924e+01 153 2 3 6.390e+02 6.630e+02 222 2 4 1.095e+02 1.424e+02 306 2 3 4.294e+02 4.526e+02 216 2 3 1.723e+02 2.057e+02 310 2 4 4.976e+02 5.104e+02 118 2 1 2.128e+02 2.492e+02 339 2 3 5.069e+02 5.431e+02 336 2 4 1.484e+02 1.876e+02 364 2 1 4.219e+02 4.601e+02 354 2 1 1.702e+02 2.078e+02 349 2 2 4.919e+02 5.161e+02 225 2 4 4.452e+02 4.788e+02 312 3 1 1.990e+01 2.210e+01 20
12295 3 0 3 5.243e+02 5.257e+02 14 0 3 5.092e+02 5.408e+02 293 0 3 5.474e+02 5.866e+02 364
12297 0
12298 16 0 4 6.720e+02 6.720e+02 -1 0 1 6.007e+02 6.173e+02 155 0 2 6.673e+02 6.767e+02 87 0 4 5.745e+02 6.015e+02 251 0 2 6.542e+02 6.898e+02 330 1 4 5.880e+02 5.880e+02 -2 2 3 5.250e+02 5.250e+02 0 2 4 3.259e+02 3.461e+02 188 2 4 5.398e+02 5.522e+02 115 2 3 1.590e+01 2.610e+01 95 2 2 3.462e+01 4.938e+01 137 2 3 5.511e+02 5.829e+02 295 2 3 2.944e+02 3.356e+02 382 2 3 3.383e+02 3.757e+02 348 2 4 2.874e+01 5.526e+01 246 2 1 4.732e+00 3.727e+01 302
12302 0
12303 15 2 3 5.086e+01 7.514e+01 226 2 3 9.007e+01 1.199e+02 277 2 2 2.482e+02 2.558e+02 71 2 4 2.813e+02 3.067e+02 236 2 1 3.531e+02 3.609e+02 72 2 1 1.052e+01 3.148e+01 195 2 4 2.397e+02 2.643e+02 228 2 1 2.981e+02 3.319e+02 315 2 2 3.248e+02 3.472e+02 208 2 3 2.575e+00 3.943e+01 342 2 3 2.200e+02 2.420e+02 204 2 3 2.950e+02 3.350e+02 372 2 3 3.413e+02 3.727e+02 292 2 2 2.254e+01 6.146e+01 361 2 3 2.543e+02 2.917e+02 347
