40560 20 0 1 5.891e+02 6.289e+02 370 0 3 5.849e+02 6.331e+02 447 0 2 6.039e+02 6.561e+02 485 0 4 6.080e+02 6.520e+02 408 1 1 5.523e+02 5.817e+02 273 1 4 6.197e+02 6.403e+02 191 1 3 5.541e+02 5.799e+02 239 1 4 5.752e+02 6.008e+02 238 1 4 6.043e+02 6.557e+02 477 1 4 5.646e+02 6.114e+02 435 1 2 5.212e+02 5.708e+02 461 2 1 2.636e+02 2.824e+02 176 2 4 1.172e+02 1.348e+02 164 2 4 2.387e+02 2.653e+02 247 2 2 1.162e+02 1.358e+02 182 2 2 2.352e+02 2.688e+02 312 2 3 8.200e+01 1.280e+02 427 2 1 1.223e+02 1.717e+02 458 2 3 2.463e+02 2.997e+02 496 2 3 1.205e+02 1.735e+02 493
40561 12 0 2 5.429e+02 5.491e+02 58 0 3 5.601e+02 5.739e+02 128 0 1 5.499e+02 5.841e+02 318 0 4 3.111e+02 3.609e+02 462 1 4 6.277e+02 6.323e+02 42 1 2 4.520e+02 4.720e+02 186 1 3 5.934e+02 6.246e+02 290 2 4 3.250e+01 5.150e+01 176 2 4 7.033e+01 9.767e+01 254 2 3 5.252e+01 7.348e+01 195 2 3 8.446e+01 1.255e+02 381 2 3 4.076e+01 8.524e+01 413
40562 1 2 1 4.731e+01 7.869e+01 291
40563 33 0 1 6.506e+02 6.514e+02 8 0 1 3.972e+02 4.008e+02 34 0 2 4.600e+02 4.640e+02 36 0 3 5.225e+02 5.275e+02 47 0 3 6.506e+02 6.514e+02 8 0 4 4.149e+02 4.251e+02 95 0 4 4.544e+02 4.696e+02 141 0 1 5.182e+02 5.318e+02 126 0 2 6.673e+02 6.767e+02 87 0 3 3.898e+02 4.082e+02 171 0 2 5.373e+02 5.547e+02 162 0 1 5.894e+02 6.286e+02 364 0 4 6.709e+02 6.731e+02 20 0 1 4.208e+02 4.612e+02 375 0 2 4.849e+02 5.231e+02 356 0 1 5.557e+02 5.783e+02 210 0 4 6.593e+02 6.847e+02 236 0 3 5.532e+02 5.808e+02 256 0 3 6.350e+02 6.670e+02 296 0 4 6.527e+02 6.913e+02 359 2 3 1.043e+02 1.057e+02 13 2 1 1.887e+02 1.893e+02 6 2 3 2.307e+02 2.313e+02 6 2 2 1.257e+02 1.263e+02 6 2 3 1.874e+02 1.906e+02 30 2 4 2.053e+02 2.147e+02 86 2 1 8.319e+00 3.368e+01 236 2 3 9.577e+01 1.142e+02 171 2 4 1.548e+02 1.812e+02 246 2 4 1.064e+02 1.456e+02 365 2 3 1.695e+02 2.085e+02 361 2 2 1.910e+02 2.290e+02 353 2 1 1.268e+02 1.672e+02 375
40564 5 0 3 2.488e+02 2.972e+02 450 0 2 2.703e+02 3.177e+02 440 1 2 5.858e+02 5.902e+02 40 1 4 6.156e+02 6.444e+02 267 1 2 1.892e+02 2.308e+02 386
40565 26 0 3 6.003e+02 6.177e+02 162 0 2 6.228e+02 6.372e+02 133 0 4 6.254e+02 6.346e+02 86 0 1 5.965e+02 6.215e+02 233 1 4 6.201e+02 6.399e+02 183 2 1 6.490e+02 6.530e+02 36 2 3 1.466e+02 1.474e+02 8 2 1 3.973e+02 4.007e+02 31 2 3 3.567e+02 3.573e+02 5 2 2 6.246e+02 6.354e+02 100 2 1 1.433e+02 1.507e+02 69 2 4 4.184e+02 4.216e+02 30 2 2 3.769e+02 3.791e+02 20 2 4 6.265e+02 6.335e+02 65 2 4 1.107e+02 1.413e+02 284 2 1 4.397e+02 4.423e+02 24 2 2 1.567e+02 1.793e+02 210 2 3 5.943e+02 6.237e+02 272 2 2 2.772e+02 3.108e+02 311 2 2 4.086e+02 4.314e+02 212 2 4 3.295e+02 3.425e+02 121 2 4 6.144e+02 6.456e+02 289 2 4 6.674e+01 1.013e+02 320 2 3 4.269e+02 4.551e+02 262 2 1 1.286e+02 1.654e+02 341 2 3 3.379e+02 3.761e+02 356
40566 1 0 3 3.843e+02 4.137e+02 274
40567 4 0 3 2.299e+02 2.321e+02 20 0 2 6.720e+02 6.720e+02 -16 0 4 6.713e+02 6.727e+02 14 0 1 6.328e+02 6.692e+02 339
40568 20 0 1 4.410e+02 4.410e+02 -2 0 2 4.606e+02 4.634e+02 26 0 1 6.501e+02 6.519e+02 16 0 4 1.432e+02 1.928e+02 461 0 3 4.336e+02 4.484e+02 137 0 4 4.605e+02 4.635e+02 27 0 2 6.136e+02 6.464e+02 305 0 3 6.467e+02 6.553e+02 80 0 4 6.672e+02 6.768e+02 90 0 4 6.044e+02 6.556e+02 476 0 1 6.388e+02 6.632e+02 227 0 2 6.581e+02 6.859e+02 259 0 3 6.249e+02 6.771e+02 485 1 4 6.195e+02 6.405e+02 195 2 1 2.100e+01 2.100e+01 -21 2 3 1.900e+01 2.300e+01 37 2 4 4.004e+01 4.396e+01 36 2 1 5.669e+01 6.931e+01 117 2 3 5.180e+01 7.420e+01 208 3 1 5.023e+02 5.477e+02 422
40569 8 0 3 6.504e+02 6.516e+02 10 0 3 5.614e+02 5.726e+02 104 0 4 6.133e+02 6.467e+02 310 0 2 6.670e+02 6.770e+02 92 0 4 6.683e+02 6.757e+02 68 0 1 6.385e+02 6.635e+02 231 0 3 6.411e+02 6.609e+02 183 0 3 6.321e+02 6.699e+02 350
40570 5 0 2 6.534e+02 6.906e+02 346 0 4 6.532e+02 6.908e+02 350 3 3 3.456e+02 3.684e+02 212 3 2 4.029e+02 4.371e+02 317 3 3 3.332e+02 3.808e+02 441
40571 4 2 3 5.714e+01 6.886e+01 109 2 4 3.156e+01 5.244e+01 194 2 2 2.425e+01 5.975e+01 330 2 4 2.129e+01 6.271e+01 385
40572 0
40573 0
40574 13 0 1 2.560e+02 2.900e+02 316 0 2 2.316e+02 2.724e+02 379 1 1 2.639e+02 2.821e+02 170 1 2 3.239e+02 3.481e+02 226 3 1 6.464e+02 6.556e+02 85 3 1 5.633e+02 5.707e+02 70 3 3 6.485e+02 6.535e+02 46 3 1 6.061e+02 6.119e+02 54 3 4 6.581e+02 6.859e+02 259 3 4 5.702e+02 6.058e+02 331 3 3 6.046e+02 6.134e+02 82 3 2 6.216e+02 6.384e+02 156 3 3 5.907e+02 6.273e+02 340
40575 20 0 3 4.825e+02 4.835e+02 10 0 1 5.657e+02 5.683e+02 25 0 1 6.090e+02 6.090e+02 -19 0 2 6.683e+02 6.757e+02 69 0 2 5.040e+02 5.040e+02 -12 0 1 5.233e+02 5.267e+02 31 0 2 6.286e+02 6.314e+02 26 0 4 4.132e+02 4.268e+02 127 0 1 4.774e+02 4.886e+02 104 0 1 5.085e+02 5.415e+02 307 0 4 6.294e+02 6.306e+02 10 0 2 6.553e+02 6.887e+02 310 0 3 4.299e+02 4.521e+02 206 0 2 4.945e+02 5.135e+02 176 0 3 5.975e+02 6.205e+02 213 0 1 4.236e+02 4.584e+02 323 0 4 4.921e+02 5.159e+02 220 0 2 4.885e+02 5.195e+02 288 2 4 1.173e+02 1.347e+02 161 2 1 2.191e+02 2.429e+02 220
40576 68 0 1 6.066e+02 6.114e+02 44 0 2 6.694e+02 6.746e+02 48 0 1 4.355e+02 4.465e+02 103 0 2 5.023e+02 5.057e+02 32 0 3 5.619e+02 5.721e+02 94 0 3 6.083e+02 6.097e+02 12 0 4 6.694e+02 6.746e+02 49 0 3 4.333e+02 4.487e+02 142 0 2 4.605e+02 4.635e+02 27 0 1 5.579e+02 5.761e+02 170 0 2 6.249e+02 6.351e+02 95 0 1 6.492e+02 6.528e+02 34 0 1 3.903e+02 4.077e+02 162 0 3 4.709e+02 4.951e+02 225 0 4 6.270e+02 6.330e+02 56 0 3 6.480e+02 6.540e+02 56 0 4 4.106e+02 4.294e+02 174 0 4 4.933e+02 5.147e+02 198 0 4 5.844e+02 5.916e+02 67 0 4 6.591e+02 6.849e+02 239 0 3 5.920e+02 6.260e+02 316 0 1 6.340e+02 6.680e+02 316 0 4 6.133e+02 6.467e+02 310 1 1 5.641e+02 5.699e+02 55 1 4 4.564e+02 4.676e+02 105 1 2 6.292e+02 6.308e+02 15 1 3 5.222e+02 5.278e+02 51 1 3 5.631e+02 5.709e+02 72 1 4 6.290e+02 6.310e+02 19 1 2 4.959e+02 5.121e+02 151 1 2 5.860e+02 5.900e+02 38 1 1 6.077e+02 6.103e+02 24 1 1 4.665e+02 4.995e+02 307 1 4 5.834e+02 5.926e+02 86 1 3 6.062e+02 6.118e+02 52 1 2 5.369e+02 5.551e+02 169 1 3 5.930e+02 6.250e+02 298 1 4 5.728e+02 6.032e+02 283 1 4 5.317e+02 5.603e+02 266 2 4 2.488e+02 2.552e+02 59 2 4 2.929e+02 2.951e+02 20 2 3 6.234e+01 6.366e+01 12 2 4 5.434e+02 5.486e+02 48 2 2 8.088e+01 8.712e+01 58 2 4 4.499e+02 4.741e+02 224 2 2 2.091e+02 2.109e+02 16 2 3 3.128e+02 3.172e+02 40 2 3 4.225e+02 4.595e+02 343 2 3 1.734e+01 2.466e+01 68 2 1 4.731e+02 4.929e+02 183 2 3 1.018e+02 1.082e+02 60 2 2 4.464e+02 4.776e+02 290 2 4 2.007e+02 2.193e+02 172 2 3 4.631e+02 5.029e+02 370 2 3 2.705e+02 2.755e+02 47 2 2 3.331e+01 5.069e+01 161 2 2 1.155e+02 1.365e+02 195 2 3 1.720e+02 2.060e+02 316 2 1 2.159e+02 2.461e+02 280 2 2 2.923e+02 2.957e+02 32 2 4 3.390e+01 5.010e+01 150 2 4 7.195e+01 9.605e+01 224 2 1 2.800e+00 3.920e+01 338 2 4 2.272e+01 6.128e+01 358 2 1 4.233e+01 8.367e+01 384 3 1 1.842e+01 2.358e+01 48 3 1 6.243e+01 6.357e+01 10 3 1 4.574e+01 8.026e+01 320
40577 30 0 3 1.890e+02 1.890e+02 -0 0 2 1.635e+02 1.725e+02 83 0 1 6.510e+02 6.510e+02 -4 0 4 2.043e+02 2.157e+02 106 0 3 5.670e+02 5.670e+02 -4 0 1 1.319e+02 1.621e+02 280 0 1 6.065e+02 6.115e+02 46 0 4 6.709e+02 6.731e+02 20 0 2 5.357e+02 5.563e+02 190 0 3 6.079e+02 6.101e+02 20 0 3 6.408e+02 6.612e+02 190 0 1 5.569e+02 5.771e+02 188 0 2 6.277e+02 6.323e+02 43 0 1 6.366e+02 6.654e+02 268 0 4 6.234e+02 6.366e+02 123 0 3 6.329e+02 6.691e+02 336 0 4 5.824e+02 5.936e+02 104 0 2 6.583e+02 6.857e+02 255 0 1 5.987e+02 6.193e+02 190 0 1 5.923e+02 6.257e+02 310 0 4 6.119e+02 6.481e+02 336 2 2 4.200e+01 4.200e+01 -4 2 1 6.136e+01 6.464e+01 30 2 2 2.089e+02 2.111e+02 20 2 4 3.731e+01 4.669e+01 87 2 4 2.027e+02 2.173e+02 136 2 3 5.557e+01 7.043e+01 138 2 3 1.728e+02 2.052e+02 301 2 1 2.181e+02 2.439e+02 240 2 3 5.001e+00 3.700e+01 297
40578 25 0 4 6.716e+02 6.724e+02 7 0 1 6.497e+02 6.523e+02 25 0 3 6.497e+02 6.523e+02 25 0 2 6.696e+02 6.744e+02 45 0 4 6.627e+02 6.813e+02 173 0 3 6.419e+02 6.601e+02 170 0 2 6.593e+02 6.847e+02 236 0 1 6.306e+02 6.714e+02 379 0 3 6.317e+02 6.703e+02 359 0 4 6.534e+02 6.906e+02 345 1 3 3.874e+02 4.106e+02 215 1 1 1.797e+01 2.403e+01 56 2 1 3.130e+02 3.170e+02 38 2 1 5.650e+02 5.690e+02 38 2 4 3.291e+02 3.429e+02 128 2 2 5.880e+02 5.880e+02 -14 2 3 1.083e+01 3.117e+01 189 2 4 5.001e+02 5.079e+02 73 2 2 2.841e+02 3.039e+02 184 2 3 6.068e+02 6.112e+02 41 2 2 3.574e+01 4.826e+01 116 2 4 5.809e+02 5.951e+02 132 2 4 2.874e+01 5.526e+01 246 2 1 4.415e+00 3.758e+01 308 3 2 4.912e+02 5.168e+02 237
40579 2 0 2 6.526e+02 6.914e+02 360 0 4 6.525e+02 6.915e+02 363
40581 1 0 1 4.300e+02 4.520e+02 205
40583 4 3 1 3.900e+02 4.080e+02 168 3 2 4.094e+02 4.306e+02 197 3 3 3.914e+02 4.066e+02 140 3 4 4.062e+02 4.338e+02 256
40585 7 0 1 3.126e+02 3.174e+02 46 0 4 3.329e+02 3.391e+02 57 0 3 6.014e+02 6.166e+02 140 0 2 3.233e+02 3.487e+02 236 0 4 5.761e+02 5.999e+02 220 0 1 5.927e+02 6.253e+02 303 2 4 7.406e+01 9.394e+01 185
40587 15 0 1 3.122e+02 3.178e+02 51 0 4 3.279e+02 3.441e+02 150 0 1 5.556e+02 5.784e+02 211 0 2 6.654e+02 6.786e+02 122 0 3 5.090e+02 5.410e+02 296 0 2 3.173e+02 3.547e+02 347 0 3 5.889e+02 6.291e+02 374 0 4 6.662e+02 6.778e+02 108 0 2 5.318e+02 5.602e+02 265 0 2 6.569e+02 6.871e+02 281 2 4 4.130e+01 4.270e+01 13 2 1 5.992e+01 6.608e+01 57 2 1 1.400e+02 1.540e+02 130 2 3 1.954e+01 2.246e+01 27 2 1 4.732e+00 3.727e+01 302
40588 3 2 3 1.106e+01 3.094e+01 185 2 3 2.673e+02 2.787e+02 106 2 4 2.341e+02 2.699e+02 333
40589 1 0 3 5.594e+02 5.746e+02 140
40590 2 2 3 2.214e+00 3.979e+01 349 3 1 5.754e+01 6.846e+01 101
40591 2 0 1 6.374e+02 6.646e+02 252 0 3 6.364e+02 6.656e+02 271
40592 0
40593 32 0 3 9.869e+01 1.113e+02 117 0 4 5.037e+02 5.043e+02 6 0 2 6.251e+02 6.349e+02 90 0 2 6.571e+01 1.023e+02 340 0 1 4.801e+02 4.859e+02 53 0 3 6.010e+02 6.170e+02 149 0 1 8.707e+01 1.229e+02 333 0 2 4.905e+02 5.175e+02 250 0 4 6.173e+02 6.427e+02 236 0 3 4.660e+02 5.000e+02 316 0 1 5.934e+02 6.246e+02 289 0 1 6.347e+02 6.673e+02 302 1 3 1.406e+02 1.534e+02 119 1 3 5.217e+02 5.283e+02 61 1 2 8.375e+01 8.425e+01 5 1 2 1.129e+02 1.391e+02 243 1 4 5.398e+02 5.522e+02 115 1 4 5.738e+02 6.022e+02 264 1 4 1.119e+02 1.401e+02 261 1 4 5.258e+02 5.662e+02 375 1 1 8.454e+00 3.355e+01 233 1 1 1.353e+02 1.587e+02 216 1 4 3.600e+01 4.800e+01 111 1 3 6.075e+00 3.593e+01 277 1 4 7.442e+01 9.358e+01 178 1 3 4.673e+01 7.927e+01 302 2 2 8.393e+01 8.407e+01 1 2 3 3.563e+02 3.577e+02 14 2 4 8.400e+01 8.400e+01 -10 2 2 1.205e+02 1.315e+02 102 2 1 1.312e+02 1.628e+02 293 2 3 8.850e+01 1.215e+02 306
40596 9 0 3 4.683e+02 4.977e+02 273 0 4 4.864e+02 5.216e+02 326 1 3 2.549e+02 2.911e+02 336 2 2 3.360e+02 3.360e+02 -16 2 4 3.267e+02 3.453e+02 173 2 3 3.037e+02 3.263e+02 210 2 1 3.464e+02 3.676e+02 197 2 1 3.968e+00 3.803e+01 316 2 3 -3.399e-01 4.234e+01 396
40598 24 0 4 2.055e+02 2.145e+02 83 0 3 6.501e+02 6.519e+02 16 0 3 5.898e+01 6.702e+01 75 0 1 5.551e+02 5.789e+02 220 0 4 7.132e+01 9.668e+01 236 0 3 6.074e+02 6.106e+02 30 0 2 1.645e+02 1.715e+02 66 0 2 6.675e+02 6.765e+02 83 0 3 1.786e+02 1.994e+02 194 0 3 5.511e+02 5.829e+02 296 0 2 6.277e+02 6.323e+02 42 0 4 6.657e+02 6.783e+02 117 0 2 6.103e+02 6.497e+02 366 0 4 6.585e+02 6.855e+02 250 0 3 6.333e+02 6.687e+02 330 1 4 6.232e+02 6.368e+02 126 1 1 5.903e+02 6.277e+02 347 2 1 3.549e+02 3.591e+02 40 2 3 6.266e+01 6.334e+01 6 2 4 8.249e+01 8.551e+01 28 2 3 3.449e+02 3.691e+02 225 2 4 1.207e+02 1.313e+02 99 2 2 3.204e+02 3.516e+02 290 2 4 7.190e+01 9.610e+01 225
40599 4 0 4 3.755e+02 3.805e+02 47 0 3 3.909e+02 4.071e+02 151 0 3 4.818e+02 4.842e+02 22 0 2 4.972e+02 5.108e+02 127
40600 18 0 4 3.348e+02 3.372e+02 23 0 1 6.089e+02 6.091e+02 1 0 1 3.094e+02 3.206e+02 104 0 2 6.232e+02 6.368e+02 126 0 2 3.250e+02 3.470e+02 204 0 4 6.283e+02 6.317e+02 31 0 4 3.239e+02 3.481e+02 225 0 3 5.929e+02 6.251e+02 299 1 2 3.735e+02 3.825e+02 84 2 3 3.548e+02 3.592e+02 41 2 4 5.020e+02 5.060e+02 36 2 2 2.081e+02 2.119e+02 35 2 4 3.330e+02 3.390e+02 56 2 3 1.755e+02 2.025e+02 250 2 1 3.830e+02 4.150e+02 297 2 1 2.235e+02 2.385e+02 140 2 2 3.692e+02 3.868e+02 164 2 4 1.971e+02 2.229e+02 240
40601 0
40602 2 0 4 4.156e+02 4.244e+02 81 0 3 3.944e+02 4.036e+02 85
40603 25 0 3 3.974e+02 4.006e+02 30 0 1 4.821e+02 4.839e+02 17 0 2 3.660e+02 3.900e+02 222 0 4 4.980e+02 5.100e+02 112 0 2 6.617e+02 6.823e+02 191 0 1 3.831e+02 4.149e+02 295 0 2 4.965e+02 5.115e+02 139 0 4 6.596e+02 6.844e+02 230 0 4 4.047e+02 4.353e+02 285 1 2 3.672e+01 4.728e+01 98 1 2 2.178e+01 6.222e+01 376 2 3 2.290e+02 2.330e+02 37 2 1 6.248e+01 6.352e+01 10 2 4 8.348e+01 8.452e+01 10 2 1 2.243e+02 2.377e+02 124 2 1 1.927e+01 2.273e+01 32 2 3 1.009e+02 1.091e+02 76 2 4 1.949e+02 2.251e+02 280 2 3 1.963e+01 2.237e+01 26 2 2 1.108e+02 1.412e+02 283 2 4 3.457e+01 4.943e+01 138 2 4 1.089e+02 1.431e+02 318 2 3 5.310e+01 7.290e+01 184 2 3 1.231e+01 2.969e+01 161 2 2 2.757e+01 5.643e+01 268
40605 0
40606 5 0 1 6.435e+02 6.585e+02 140 0 4 6.135e+02 6.465e+02 306 0 2 6.611e+02 6.829e+02 202 0 4 6.593e+02 6.847e+02 236 0 2 6.529e+02 6.911e+02 356
40608 0
40609 0
40610 12 2 1 1.429e+02 1.511e+02 76 2 3 1.047e+01 3.153e+01 196 2 2 1.238e+02 1.282e+02 40 2 2 1.652e+02 1.708e+02 52 2 1 8.814e+00 3.319e+01 226 2 2 7.406e+01 9.394e+01 185 2 2 1.491e+02 1.869e+02 351 2 2 2.699e+01 5.701e+01 279 2 2 6.818e+01 9.982e+01 294 2 2 1.061e+02 1.459e+02 369 3 1 3.988e+02 3.992e+02 4 3 1 3.558e+02 3.582e+02 22
40612 3 0 2 4.959e+02 5.121e+02 150 0 1 4.674e+02 4.986e+02 289 2 3 4.534e+01 8.066e+01 328
40613 13 0 3 6.027e+02 6.153e+02 116 0 2 6.687e+02 6.753e+02 62 0 4 5.758e+02 6.002e+02 227 0 4 6.648e+02 6.792e+02 133 0 1 5.974e+02 6.206e+02 215 0 1 6.411e+02 6.609e+02 185 0 3 5.960e+02 6.220e+02 240 2 1 1.927e+01 2.273e+01 32 2 4 8.011e+01 8.789e+01 72 2 3 1.393e+01 2.807e+01 131 2 3 9.707e+01 1.129e+02 147 2 2 1.073e+02 1.447e+02 347 2 2 6.382e+01 1.042e+02 375
40616 8 0 1 5.663e+02 5.677e+02 14 0 3 5.627e+02 5.713e+02 80 1 4 2.520e+02 2.520e+02 -14 1 4 2.940e+02 2.940e+02 -14 2 4 6.712e+02 6.728e+02 16 2 4 3.680e+02 3.880e+02 186 2 2 6.614e+02 6.826e+02 196 3 1 5.637e+02 5.703e+02 61
