42304 5 0 3 4.370e+02 4.450e+02 75 0 2 6.636e+02 6.804e+02 156 0 4 6.629e+02 6.811e+02 169 1 2 6.105e+02 6.495e+02 361 3 4 1.069e+02 1.451e+02 355
42305 8 0 1 6.090e+02 6.090e+02 -15 0 4 4.135e+02 4.265e+02 121 0 3 6.053e+02 6.127e+02 68 1 3 5.184e+02 5.316e+02 122 1 3 6.064e+02 6.116e+02 49 1 2 4.979e+02 5.101e+02 113 1 4 5.315e+02 5.605e+02 270 1 4 4.942e+02 5.138e+02 182
42307 2 0 2 6.663e+02 6.777e+02 106 0 4 6.701e+02 6.739e+02 36
42310 6 1 2 6.286e+02 6.314e+02 26 1 4 6.200e+02 6.400e+02 186 1 1 5.884e+02 6.296e+02 383 2 3 9.681e+01 1.132e+02 152 2 2 1.173e+02 1.347e+02 162 2 4 1.115e+02 1.405e+02 270
42312 2 2 4 1.215e+02 1.305e+02 84 2 1 3.608e+00 3.839e+01 323
42313 8 0 3 6.070e+02 6.110e+02 38 0 3 6.499e+02 6.521e+02 20 0 3 5.905e+02 6.275e+02 343 1 2 2.686e+02 3.194e+02 472 2 4 8.231e+01 8.569e+01 31 2 3 9.627e+01 1.137e+02 162 2 2 6.787e+01 1.001e+02 300 3 1 1.032e+02 1.068e+02 34
42315 3 2 3 2.100e+01 2.100e+01 -4 2 2 3.112e+01 5.288e+01 202 2 1 4.641e+00 3.736e+01 304
42316 0
42318 4 0 1 6.055e+02 6.125e+02 66 0 3 6.078e+02 6.102e+02 22 0 4 6.136e+02 6.464e+02 305 2 4 4.613e+02 4.627e+02 13
42320 24 0 2 6.276e+02 6.324e+02 45 0 3 6.499e+02 6.521e+02 20 0 4 4.584e+02 4.656e+02 67 0 3 5.666e+02 5.674e+02 8 0 4 6.273e+02 6.327e+02 50 0 2 6.704e+02 6.736e+02 30 0 1 4.261e+02 4.559e+02 276 0 4 5.785e+02 5.975e+02 176 0 4 6.690e+02 6.750e+02 56 0 2 4.422e+02 4.818e+02 368 0 1 5.992e+02 6.188e+02 182 0 1 6.455e+02 6.565e+02 103 0 4 6.131e+02 6.469e+02 313 0 1 6.350e+02 6.670e+02 297 0 4 6.557e+02 6.883e+02 303 1 4 5.876e+02 5.884e+02 7 2 4 3.759e+02 3.801e+02 40 2 3 3.917e+02 4.063e+02 136 2 2 4.123e+02 4.277e+02 143 2 4 1.165e+02 1.354e+02 176 2 4 4.488e+02 4.752e+02 245 2 3 1.312e+02 1.628e+02 294 2 1 3.890e+02 4.090e+02 186 2 4 1.968e+02 2.232e+02 246
42323 29 0 2 6.268e+02 6.332e+02 60 0 2 6.708e+02 6.732e+02 21 0 2 5.423e+02 5.497e+02 69 0 4 5.872e+02 5.888e+02 15 0 4 6.713e+02 6.727e+02 13 0 1 5.479e+02 5.861e+02 355 0 4 6.181e+02 6.419e+02 220 0 1 6.411e+02 6.609e+02 183 0 3 5.498e+02 5.842e+02 320 0 2 6.098e+02 6.502e+02 376 0 3 6.415e+02 6.605e+02 176 0 4 6.546e+02 6.894e+02 323 0 1 6.333e+02 6.687e+02 328 0 2 6.532e+02 6.908e+02 350 1 2 6.227e+02 6.373e+02 136 2 2 4.161e+01 4.239e+01 7 2 2 4.194e+02 4.206e+02 10 2 4 2.425e+02 2.615e+02 176 2 1 5.577e+02 5.763e+02 173 2 1 2.653e+02 2.807e+02 143 2 4 4.142e+02 4.258e+02 108 2 3 1.222e+01 2.978e+01 163 2 4 4.989e+02 5.091e+02 95 2 2 2.400e+02 2.640e+02 222 2 3 4.283e+02 4.537e+02 236 2 3 2.629e+02 2.831e+02 188 2 1 4.662e+02 4.998e+02 312 2 3 8.599e+01 1.240e+02 353 2 2 5.299e+02 5.621e+02 300
42324 2 2 2 6.244e+02 6.356e+02 104 2 2 6.136e+02 6.464e+02 305
42325 8 0 1 6.489e+02 6.531e+02 39 0 3 6.486e+02 6.534e+02 44 0 2 6.169e+02 6.431e+02 243 0 2 6.637e+02 6.803e+02 154 0 4 6.143e+02 6.457e+02 291 0 4 6.559e+02 6.881e+02 300 0 2 6.531e+02 6.909e+02 351 2 1 1.186e+01 3.014e+01 170
42326 0
42327 5 0 2 6.269e+02 6.331e+02 57 0 4 6.267e+02 6.333e+02 61 0 3 6.408e+02 6.612e+02 189 0 1 5.471e+02 5.869e+02 369 1 4 3.708e+02 3.852e+02 133
42328 4 2 4 6.288e+02 6.312e+02 22 2 3 6.498e+02 6.522e+02 22 2 1 6.491e+02 6.529e+02 35 2 2 6.576e+02 6.864e+02 267
42329 2 2 1 1.985e+01 2.215e+01 21 2 3 8.185e+00 3.382e+01 238
42330 7 2 4 2.486e+02 2.554e+02 63 2 3 1.976e+01 2.224e+01 23 2 2 2.465e+02 2.575e+02 102 2 1 7.690e+00 3.431e+01 247 2 1 2.594e+02 2.866e+02 252 2 2 2.757e+01 5.643e+01 268 2 3 2.574e+02 2.886e+02 289
42332 9 0 1 6.475e+02 6.545e+02 66 0 3 5.664e+02 5.676e+02 11 0 3 6.503e+02 6.517e+02 12 0 2 5.440e+02 5.480e+02 38 0 2 6.698e+02 6.742e+02 40 0 1 5.606e+02 5.734e+02 119 0 4 6.638e+02 6.802e+02 153 0 1 6.420e+02 6.600e+02 168 0 2 6.523e+02 6.917e+02 366
42334 15 0 1 6.481e+02 6.539e+02 55 0 3 6.466e+02 6.554e+02 81 0 2 6.554e+02 6.886e+02 309 0 4 6.567e+02 6.873e+02 285 1 4 6.137e+02 6.463e+02 303 2 2 8.254e+01 8.546e+01 27 2 4 8.195e+01 8.605e+01 38 2 1 4.426e+01 8.174e+01 348 2 2 1.067e+02 1.453e+02 359 2 3 4.529e+01 8.071e+01 329 2 3 8.510e+01 1.249e+02 370 2 4 9.923e+01 1.528e+02 497 3 2 3.569e+01 4.831e+01 117 3 4 3.708e+01 4.692e+01 91 3 3 4.920e+01 7.680e+01 256
42336 20 0 1 6.501e+02 6.519e+02 16 0 1 5.635e+02 5.705e+02 66 0 1 1.096e+01 3.104e+01 186 0 1 6.064e+02 6.116e+02 49 0 3 6.474e+02 6.546e+02 66 0 4 2.443e+01 5.957e+01 326 0 3 5.586e+02 5.754e+02 156 0 3 6.042e+02 6.138e+02 90 0 2 6.702e+02 6.738e+02 33 0 2 6.238e+02 6.362e+02 115 0 4 6.692e+02 6.748e+02 51 0 4 6.217e+02 6.383e+02 155 0 4 5.760e+02 6.000e+02 223 0 4 5.692e+02 6.068e+02 350 1 4 5.422e+02 5.498e+02 70 1 1 5.954e+02 6.226e+02 253 2 4 2.512e+02 2.528e+02 16 2 2 2.897e+02 2.983e+02 80 2 1 3.127e+02 3.173e+02 42 2 3 2.669e+02 2.791e+02 114
42337 27 2 3 1.994e+01 2.206e+01 20 2 4 1.606e+02 1.754e+02 137 2 2 3.986e+01 4.414e+01 40 2 3 5.572e+02 5.768e+02 182 2 2 1.604e+02 1.756e+02 140 2 2 5.816e+02 5.944e+02 118 2 4 4.166e+01 4.234e+01 6 2 1 5.501e+02 5.839e+02 314 2 2 6.795e+01 1.000e+02 298 2 4 5.750e+02 6.010e+02 242 2 1 1.775e+02 2.005e+02 214 2 1 6.171e+01 6.429e+01 24 2 4 7.020e+01 9.780e+01 256 2 3 1.775e+02 2.005e+02 214 2 3 5.889e+01 6.711e+01 76 2 1 9.531e+00 3.247e+01 213 2 3 4.099e+00 3.790e+01 314 3 1 1.470e+02 1.470e+02 -4 3 1 1.883e+02 1.897e+02 12 3 3 1.454e+02 1.486e+02 29 3 3 1.848e+02 1.932e+02 79 3 2 1.227e+02 1.293e+02 60 3 4 1.602e+02 1.758e+02 145 3 4 1.255e+02 1.265e+02 10 3 2 1.549e+02 1.811e+02 244 3 1 9.025e+01 1.197e+02 274 3 3 8.743e+01 1.226e+02 326
42338 10 0 3 5.633e+02 5.707e+02 69 0 4 5.828e+02 5.932e+02 97 0 2 5.335e+02 5.585e+02 233 0 4 6.227e+02 6.373e+02 136 0 1 5.051e+02 5.449e+02 370 0 4 5.689e+02 6.071e+02 354 1 1 4.348e+02 4.472e+02 115 1 2 4.456e+02 4.784e+02 304 2 2 6.616e+02 6.824e+02 193 2 4 6.609e+02 6.831e+02 206
42340 25 0 2 4.602e+02 4.638e+02 33 0 2 6.702e+02 6.738e+02 34 0 4 4.525e+02 4.715e+02 176 0 2 6.158e+02 6.442e+02 263 0 4 6.655e+02 6.785e+02 121 0 3 4.679e+02 4.981e+02 281 0 1 6.434e+02 6.586e+02 140 0 3 6.464e+02 6.556e+02 86 2 2 2.479e+02 2.561e+02 76 2 3 6.010e+01 6.590e+01 54 2 2 1.247e+02 1.273e+02 24 2 4 2.036e+02 2.164e+02 118 2 1 2.633e+02 2.827e+02 180 2 4 3.999e+02 4.401e+02 373 2 1 5.463e+01 7.137e+01 156 2 2 8.294e+01 8.506e+01 20 2 1 1.347e+02 1.593e+02 229 2 3 2.251e+02 2.369e+02 110 2 4 2.362e+01 6.038e+01 341 2 4 8.168e+01 8.632e+01 43 2 1 4.529e+01 8.071e+01 329 2 3 9.568e+01 1.143e+02 173 2 2 6.962e+01 9.838e+01 267 2 4 6.751e+01 1.005e+02 306 2 3 8.891e+01 1.211e+02 299
42341 0
42342 8 0 3 4.796e+02 4.864e+02 64 0 2 6.227e+02 6.373e+02 136 0 3 6.478e+02 6.542e+02 59 0 4 4.481e+02 4.759e+02 258 0 1 6.423e+02 6.597e+02 161 1 2 6.293e+02 6.307e+02 14 2 2 1.200e+02 1.320e+02 112 2 1 1.383e+02 1.557e+02 162
42343 0
42344 24 0 2 6.295e+02 6.305e+02 10 0 4 6.290e+02 6.310e+02 18 0 4 5.831e+02 5.929e+02 91 0 4 6.546e+02 6.894e+02 324 0 4 4.040e+02 4.360e+02 298 0 4 4.436e+02 4.804e+02 342 0 4 5.746e+02 6.014e+02 248 0 2 6.519e+02 6.921e+02 374 0 3 3.771e+02 4.209e+02 407 0 1 5.933e+02 6.247e+02 292 0 3 5.851e+02 6.329e+02 443 1 4 5.877e+02 5.883e+02 6 1 3 5.512e+02 5.828e+02 294 1 3 5.940e+02 6.240e+02 279 2 1 5.670e+02 5.670e+02 -2 2 2 5.447e+02 5.473e+02 24 2 1 9.844e+00 3.216e+01 207 2 4 6.251e+02 6.349e+02 90 2 4 2.015e+02 2.185e+02 157 2 3 5.184e+02 5.316e+02 123 2 3 3.295e+00 3.871e+01 329 2 4 4.872e+02 5.208e+02 311 2 3 1.708e+02 2.072e+02 337 2 3 5.922e+02 6.258e+02 312
42345 15 0 4 2.937e+02 2.943e+02 6 0 4 3.768e+02 3.792e+02 22 0 2 3.713e+02 3.847e+02 124 0 3 6.450e+02 6.570e+02 112 0 1 3.471e+02 3.669e+02 184 0 2 6.180e+02 6.420e+02 223 0 1 6.412e+02 6.608e+02 182 0 4 6.138e+02 6.462e+02 300 1 2 5.829e+02 5.931e+02 96 2 3 1.453e+02 1.487e+02 31 2 3 2.278e+02 2.342e+02 60 2 2 1.580e+02 1.780e+02 186 2 4 2.360e+02 2.680e+02 298 2 4 1.114e+02 1.406e+02 270 2 1 1.303e+02 1.637e+02 310
42346 50 0 1 3.120e+02 3.180e+02 56 0 4 6.655e+02 6.785e+02 120 0 1 2.966e+02 3.334e+02 341 0 1 6.441e+02 6.579e+02 128 0 3 6.384e+02 6.636e+02 234 0 2 6.620e+02 6.820e+02 186 1 2 5.436e+02 5.484e+02 45 1 3 6.081e+02 6.099e+02 17 1 4 4.993e+02 5.087e+02 88 1 2 5.836e+02 5.924e+02 81 1 1 5.959e+02 6.221e+02 244 1 2 5.737e+02 6.023e+02 266 1 2 6.211e+02 6.389e+02 165 1 4 5.698e+02 6.062e+02 337 1 4 6.170e+02 6.430e+02 242 1 4 6.114e+02 6.486e+02 346 2 4 6.287e+02 6.313e+02 25 2 4 2.513e+02 2.527e+02 12 2 3 1.900e+01 2.300e+01 37 2 3 6.493e+02 6.527e+02 31 2 4 8.317e+01 8.483e+01 16 2 4 4.543e+02 4.697e+02 142 2 3 1.463e+02 1.477e+02 13 2 4 5.365e+02 5.555e+02 177 2 4 2.068e+02 2.132e+02 59 2 2 6.603e+02 6.837e+02 218 2 3 2.689e+02 2.771e+02 76 2 1 6.345e+02 6.675e+02 306 2 4 4.022e+01 4.378e+01 33 2 2 7.576e+01 9.224e+01 153 2 4 1.677e+02 1.683e+02 5 2 1 2.310e+02 2.310e+02 0 2 3 3.112e+02 3.188e+02 70 2 3 5.786e+01 6.814e+01 96 2 3 9.699e+01 1.130e+02 149 2 1 1.435e+02 1.505e+02 66 2 3 2.233e+02 2.387e+02 144 2 1 2.698e+02 2.762e+02 59 2 3 6.300e+00 3.570e+01 273 2 4 1.154e+02 1.366e+02 197 2 2 1.545e+02 1.815e+02 250 2 2 2.407e+02 2.633e+02 210 2 2 2.835e+02 3.045e+02 195 2 2 6.975e+01 9.825e+01 265 2 4 1.556e+02 1.804e+02 230 2 2 1.922e+02 2.278e+02 331 2 4 2.849e+02 3.031e+02 170 2 4 6.517e+01 1.028e+02 350 2 1 2.954e+02 3.346e+02 365 2 1 2.532e+02 2.928e+02 368
42347 4 0 2 6.645e+02 6.795e+02 139 0 4 6.663e+02 6.777e+02 106 1 3 5.826e+01 6.774e+01 88 1 4 2.438e+01 5.962e+01 327
42348 5 0 4 5.880e+02 5.880e+02 0 0 1 5.602e+02 5.738e+02 126 0 4 6.268e+02 6.332e+02 59 0 3 5.556e+02 5.784e+02 212 1 2 6.143e+02 6.457e+02 291
42351 13 0 1 6.038e+02 6.142e+02 96 0 1 4.370e+02 4.450e+02 75 0 4 4.502e+02 4.738e+02 220 0 3 6.022e+02 6.158e+02 126 0 1 6.323e+02 6.697e+02 348 0 3 4.346e+02 4.474e+02 119 0 2 6.276e+02 6.324e+02 45 0 3 6.326e+02 6.694e+02 342 0 4 6.262e+02 6.338e+02 71 0 2 6.163e+02 6.437e+02 254 0 4 6.173e+02 6.427e+02 236 2 1 8.363e+00 3.364e+01 235 2 3 5.314e+00 3.669e+01 291
42353 19 0 3 6.088e+02 6.092e+02 4 0 3 5.670e+02 5.670e+02 -0 0 1 6.510e+02 6.510e+02 -24 0 2 5.399e+02 5.521e+02 114 0 1 6.050e+02 6.130e+02 74 0 3 6.476e+02 6.544e+02 64 0 4 6.127e+02 6.473e+02 321 0 2 6.705e+02 6.735e+02 27 0 1 6.449e+02 6.571e+02 114 0 3 6.412e+02 6.608e+02 181 0 4 6.630e+02 6.810e+02 167 0 2 6.566e+02 6.874e+02 286 0 4 6.537e+02 6.903e+02 340 1 2 6.286e+02 6.314e+02 26 2 3 1.788e+01 2.412e+01 58 2 2 1.260e+02 1.260e+02 -9 2 4 1.177e+02 1.343e+02 155 2 3 9.097e+01 1.190e+02 260 3 1 5.593e+02 5.747e+02 143
42354 0
42355 9 0 2 6.258e+02 6.342e+02 77 0 4 6.674e+02 6.766e+02 85 0 1 3.947e+02 4.033e+02 80 0 4 6.200e+02 6.400e+02 186 0 3 6.425e+02 6.595e+02 158 0 1 5.989e+02 6.191e+02 188 1 4 5.880e+02 5.880e+02 0 1 4 6.231e+02 6.369e+02 129 1 4 5.378e+02 5.542e+02 151
42356 28 0 1 5.650e+02 5.690e+02 38 0 4 4.610e+02 4.630e+02 18 0 3 5.186e+02 5.314e+02 118 0 4 5.875e+02 5.885e+02 10 0 2 2.408e+02 2.632e+02 209 0 1 6.416e+02 6.604e+02 175 0 3 2.597e+02 2.863e+02 247 0 1 4.350e+02 4.470e+02 111 0 2 4.534e+02 4.706e+02 159 0 1 5.162e+02 5.338e+02 163 0 2 6.262e+02 6.338e+02 70 0 3 6.426e+02 6.594e+02 156 0 3 4.270e+02 4.550e+02 260 0 3 5.548e+02 5.792e+02 227 0 4 6.255e+02 6.345e+02 84 0 4 6.548e+02 6.892e+02 320 0 2 4.800e+02 5.280e+02 446 0 2 5.293e+02 5.627e+02 310 0 2 6.191e+02 6.409e+02 203 0 2 6.534e+02 6.906e+02 346 0 4 5.730e+02 6.030e+02 279 0 1 5.893e+02 6.287e+02 366 0 3 5.859e+02 6.321e+02 430 2 2 3.816e+01 4.584e+01 71 2 3 9.578e+00 3.242e+01 212 2 4 2.914e+01 5.486e+01 239 2 1 3.338e+00 3.866e+01 328 2 1 4.534e+01 8.066e+01 328
