56395 5 2 3 3.550e+02 3.590e+02 36 2 4 3.257e+02 3.463e+02 192 2 2 3.660e+02 3.900e+02 223 2 1 3.807e+02 4.173e+02 340 2 1 3.379e+02 3.761e+02 354
56396 0
56397 25 0 1 6.499e+02 6.521e+02 20 0 1 4.830e+02 4.830e+02 -1 0 4 3.755e+02 3.805e+02 47 0 3 6.489e+02 6.531e+02 40 0 3 4.759e+02 4.901e+02 132 0 2 6.701e+02 6.739e+02 35 0 4 4.949e+02 5.131e+02 170 0 4 6.717e+02 6.723e+02 6 0 2 4.874e+02 5.206e+02 309 0 3 6.420e+02 6.600e+02 168 0 1 6.343e+02 6.677e+02 310 0 3 6.311e+02 6.709e+02 370 1 4 4.518e+02 4.722e+02 189 2 2 3.327e+02 3.393e+02 62 2 3 1.703e+01 2.497e+01 74 2 2 2.087e+02 2.113e+02 25 2 4 2.898e+02 2.982e+02 78 2 1 1.088e+01 3.112e+01 188 2 4 2.014e+02 2.186e+02 159 2 3 3.079e+02 3.221e+02 132 2 2 3.200e+02 3.520e+02 296 2 2 2.977e+01 5.423e+01 227 2 1 2.126e+02 2.494e+02 342 2 4 2.784e+02 3.096e+02 290 2 4 2.470e+01 5.930e+01 321
56398 10 1 2 6.270e+02 6.330e+02 56 1 1 6.036e+02 6.144e+02 100 2 3 2.277e+02 2.343e+02 60 2 4 3.358e+01 5.042e+01 156 2 2 2.036e+02 2.164e+02 120 2 3 1.168e+01 3.032e+01 173 2 4 2.006e+02 2.194e+02 176 2 1 2.208e+02 2.412e+02 189 2 2 2.399e+02 2.641e+02 226 2 1 2.126e+02 2.494e+02 342
56399 0
56400 7 2 3 2.309e+02 2.311e+02 1 2 1 2.295e+02 2.325e+02 27 2 2 2.339e+02 2.701e+02 336 3 2 1.599e+02 1.761e+02 150 3 4 1.612e+02 1.748e+02 127 3 1 1.795e+02 1.985e+02 177 3 3 1.768e+02 2.012e+02 227
56401 0
56402 10 0 1 6.456e+02 6.564e+02 100 0 3 5.987e+02 6.193e+02 190 0 1 6.329e+02 6.691e+02 336 0 4 5.721e+02 6.039e+02 296 0 2 6.583e+02 6.857e+02 255 0 1 5.938e+02 6.242e+02 282 0 4 6.551e+02 6.889e+02 314 2 3 6.065e+02 6.115e+02 47 2 4 5.778e+02 5.982e+02 190 3 4 5.833e+02 5.927e+02 87
56403 18 0 1 4.358e+02 4.462e+02 97 0 3 4.393e+02 4.427e+02 32 0 4 4.473e+02 4.767e+02 274 1 4 6.179e+02 6.421e+02 226 1 2 6.141e+02 6.459e+02 295 2 3 2.292e+02 2.328e+02 33 2 4 3.338e+02 3.382e+02 41 2 3 1.963e+01 2.237e+01 26 2 2 2.421e+02 2.619e+02 184 2 3 2.654e+02 2.806e+02 140 2 3 3.525e+02 3.615e+02 83 2 2 3.695e+01 4.705e+01 94 2 4 2.409e+02 2.631e+02 206 2 2 2.901e+02 2.979e+02 73 2 1 2.352e+00 3.965e+01 346 2 1 2.133e+02 2.487e+02 329 2 1 3.014e+02 3.286e+02 252 2 4 1.929e+02 2.271e+02 317
56404 0
56405 2 2 1 2.305e+02 2.315e+02 10 2 3 5.840e+01 6.760e+01 86
56406 5 0 4 6.268e+02 6.332e+02 59 1 3 5.659e+02 5.681e+02 20 1 1 5.650e+02 5.690e+02 36 1 2 5.276e+02 5.644e+02 341 1 4 5.264e+02 5.656e+02 364
56407 72 0 1 5.650e+02 5.690e+02 37 0 1 6.490e+02 6.530e+02 38 0 1 5.204e+02 5.296e+02 86 0 2 6.245e+02 6.355e+02 103 0 3 6.485e+02 6.535e+02 46 0 4 4.164e+02 4.236e+02 66 0 1 3.403e+02 3.737e+02 310 0 2 5.411e+02 5.509e+02 91 0 2 3.586e+02 3.974e+02 360 0 4 6.251e+02 6.349e+02 90 0 3 6.367e+02 6.653e+02 265 0 1 3.904e+02 4.076e+02 159 0 3 5.566e+02 5.774e+02 194 0 1 5.989e+02 6.191e+02 187 0 4 6.605e+02 6.835e+02 213 0 3 3.902e+02 4.078e+02 164 0 3 5.128e+02 5.372e+02 226 0 2 6.547e+02 6.893e+02 321 0 2 5.346e+02 5.574e+02 212 0 1 5.515e+02 5.825e+02 287 0 3 5.473e+02 5.867e+02 366 0 1 5.062e+02 5.438e+02 349 1 4 6.295e+02 6.305e+02 9 1 3 5.250e+02 5.250e+02 0 1 2 5.877e+02 5.883e+02 6 1 1 6.085e+02 6.095e+02 10 1 3 4.698e+02 4.962e+02 246 1 1 5.627e+02 5.713e+02 80 1 3 6.070e+02 6.110e+02 37 1 2 4.907e+02 5.173e+02 246 1 3 5.637e+02 5.703e+02 61 1 2 6.254e+02 6.346e+02 86 1 4 4.909e+02 5.171e+02 243 1 2 5.800e+02 5.960e+02 149 1 1 5.090e+02 5.410e+02 298 1 4 5.309e+02 5.611e+02 280 2 4 3.340e+02 3.380e+02 36 2 3 3.952e+02 4.028e+02 70 2 3 6.171e+01 6.429e+01 24 2 2 4.146e+02 4.254e+02 100 2 4 8.213e+01 8.587e+01 35 2 2 1.656e+02 1.704e+02 44 2 2 4.066e+02 4.334e+02 250 2 2 2.911e+02 2.969e+02 55 2 4 4.480e+02 4.760e+02 260 2 3 3.522e+02 3.618e+02 89 2 1 4.254e+02 4.566e+02 289 2 3 2.003e+01 2.197e+01 18 2 3 9.873e+01 1.113e+02 116 2 4 1.672e+02 1.688e+02 15 2 4 2.902e+02 2.978e+02 70 2 4 3.735e+02 3.825e+02 84 2 2 4.098e+01 4.302e+01 19 2 2 1.253e+02 1.267e+02 12 2 1 1.833e+02 1.947e+02 106 2 3 2.959e+02 3.341e+02 356 2 2 3.240e+02 3.480e+02 222 2 4 3.520e+01 4.880e+01 126 2 2 7.401e+01 9.399e+01 186 2 3 1.280e+02 1.660e+02 352 2 1 4.677e+01 7.923e+01 301 2 4 1.144e+02 1.376e+02 215 2 4 1.505e+02 1.855e+02 325 2 3 1.703e+02 2.077e+02 347 3 4 8.298e+01 8.502e+01 19 3 1 4.384e+02 4.436e+02 49 3 4 7.006e+01 9.794e+01 259 3 4 1.238e+02 1.282e+02 41 3 3 4.402e+02 4.418e+02 16 3 4 1.505e+02 1.855e+02 326 3 4 4.019e+02 4.381e+02 336 3 4 1.078e+02 1.442e+02 339
56408 5 0 2 6.674e+02 6.766e+02 86 0 4 6.656e+02 6.784e+02 120 0 1 6.278e+02 6.742e+02 430 2 4 4.524e+02 4.716e+02 178 2 3 4.597e+02 5.063e+02 432
56409 7 0 4 6.293e+02 6.307e+02 12 0 2 6.275e+02 6.325e+02 46 0 4 1.567e+02 1.793e+02 210 0 1 5.908e+02 6.272e+02 337 0 3 5.895e+02 6.285e+02 361 1 4 4.584e+02 4.656e+02 66 2 1 1.838e+02 1.942e+02 97
56410 26 2 4 2.486e+02 2.554e+02 63 2 3 6.300e+01 6.300e+01 -11 2 1 1.870e+02 1.910e+02 37 2 4 4.115e+02 4.285e+02 158 2 3 2.701e+02 2.759e+02 53 2 2 3.497e+01 4.903e+01 130 2 3 1.417e+02 1.523e+02 99 2 3 6.973e+00 3.503e+01 260 3 3 1.050e+02 1.050e+02 0 3 1 6.037e+01 6.563e+01 49 3 4 2.518e+02 2.522e+02 3 3 2 1.211e+02 1.309e+02 90 3 2 8.254e+01 8.546e+01 27 3 2 1.666e+02 1.694e+02 26 3 2 2.925e+02 2.955e+02 27 3 4 7.554e+01 9.246e+01 157 3 1 3.929e+02 4.051e+02 114 3 4 1.199e+02 1.321e+02 113 3 4 1.604e+02 1.756e+02 141 3 3 2.603e+02 2.857e+02 236 3 4 2.908e+02 2.972e+02 59 3 1 3.438e+02 3.702e+02 246 3 1 8.886e+01 1.211e+02 300 3 4 2.754e+02 3.126e+02 346 3 3 1.317e+02 1.623e+02 285 3 3 8.599e+01 1.240e+02 353
56411 10 0 4 2.447e+02 2.593e+02 136 0 1 5.632e+02 5.708e+02 70 0 4 3.749e+02 3.811e+02 57 0 3 5.644e+02 5.696e+02 48 0 2 5.273e+02 5.647e+02 347 0 4 5.682e+02 6.078e+02 367 2 2 8.294e+01 8.506e+01 20 2 4 8.132e+01 8.668e+01 50 2 1 4.417e+01 8.183e+01 350 2 3 4.525e+01 8.075e+01 330
56412 7 0 3 6.481e+02 6.539e+02 53 0 1 6.490e+02 6.530e+02 36 0 4 6.114e+02 6.486e+02 346 1 2 6.153e+02 6.447e+02 274 2 4 4.606e+02 4.634e+02 26 2 2 2.849e+02 3.031e+02 169 2 1 2.039e+00 3.996e+01 352
56413 51 0 3 4.821e+02 4.839e+02 16 0 1 3.139e+02 3.161e+02 20 0 3 6.081e+02 6.099e+02 17 0 2 3.309e+02 3.411e+02 94 0 1 6.506e+02 6.514e+02 8 0 4 8.159e+01 8.641e+01 45 0 1 4.807e+02 4.853e+02 43 0 4 3.354e+02 3.366e+02 10 0 3 5.646e+02 5.694e+02 45 0 4 2.523e+01 5.877e+01 311 0 4 5.856e+02 5.904e+02 45 0 3 6.488e+02 6.532e+02 41 0 1 5.585e+02 5.755e+02 158 0 1 6.035e+02 6.145e+02 102 0 2 6.577e+02 6.863e+02 265 0 2 4.863e+02 5.217e+02 329 0 1 5.154e+02 5.346e+02 178 0 2 6.208e+02 6.392e+02 170 0 4 6.568e+02 6.872e+02 282 0 4 4.452e+02 4.788e+02 311 0 2 5.358e+02 5.562e+02 189 0 4 6.246e+02 6.354e+02 100 0 3 5.516e+02 5.824e+02 286 0 4 5.760e+02 6.000e+02 223 0 1 5.898e+02 6.282e+02 356 1 2 6.297e+02 6.303e+02 6 1 2 5.432e+02 5.488e+02 52 1 1 6.035e+02 6.145e+02 102 1 3 5.630e+02 5.710e+02 75 1 3 6.067e+02 6.113e+02 42 1 1 5.125e+02 5.375e+02 231 1 2 5.338e+02 5.582e+02 226 1 4 6.262e+02 6.338e+02 71 1 2 5.725e+02 6.035e+02 287 1 4 6.131e+02 6.469e+02 314 1 4 5.722e+02 6.038e+02 294 1 3 5.926e+02 6.254e+02 305 1 2 6.105e+02 6.495e+02 362 2 1 1.954e+01 2.246e+01 27 2 3 1.469e+02 1.471e+02 1 2 4 5.409e+02 5.511e+02 95 2 3 1.909e+01 2.291e+01 36 2 4 1.676e+02 1.684e+02 8 2 4 4.500e+02 4.740e+02 223 2 1 6.050e+01 6.550e+01 46 2 1 1.855e+02 1.925e+02 66 2 2 3.331e+01 5.069e+01 161 2 2 1.591e+02 1.769e+02 166 2 4 3.093e+01 5.307e+01 206 3 2 3.533e+01 4.867e+01 124 3 3 4.426e+01 8.174e+01 348
56414 1 1 3 3.873e+02 4.107e+02 217
56415 0
56416 16 0 1 6.484e+02 6.536e+02 49 0 3 6.478e+02 6.542e+02 59 0 2 6.562e+02 6.878e+02 294 0 4 6.536e+02 6.904e+02 341 2 2 1.660e+02 1.700e+02 37 2 2 2.479e+02 2.561e+02 76 2 4 5.030e+02 5.050e+02 19 2 3 1.401e+02 1.539e+02 128 2 1 5.212e+02 5.288e+02 71 2 3 2.653e+02 2.807e+02 143 2 3 5.140e+02 5.360e+02 204 2 4 1.571e+02 1.789e+02 203 2 2 4.853e+02 5.227e+02 348 2 1 2.161e+02 2.459e+02 277 2 1 5.070e+02 5.430e+02 335 2 4 2.350e+02 2.690e+02 316
56417 0
56418 1 1 4 4.031e+01 4.369e+01 31
56419 16 0 2 6.258e+02 6.342e+02 78 0 4 6.274e+02 6.326e+02 49 0 1 5.943e+02 6.237e+02 274 0 3 5.927e+02 6.253e+02 302 1 2 6.207e+02 6.393e+02 173 1 4 6.222e+02 6.378e+02 146 1 1 5.990e+02 6.190e+02 186 1 3 5.976e+02 6.204e+02 212 2 3 5.974e+01 6.626e+01 60 2 1 5.885e+01 6.715e+01 77 2 2 6.867e+01 9.933e+01 285 2 4 6.692e+01 1.011e+02 317 3 2 3.538e+01 4.862e+01 123 3 1 7.155e+00 3.485e+01 257 3 4 3.412e+01 4.988e+01 146 3 3 8.636e+00 3.336e+01 230
56420 14 0 2 3.780e+02 3.780e+02 -5 0 2 2.078e+02 2.122e+02 40 0 4 3.696e+02 3.864e+02 156 0 3 3.919e+02 4.061e+02 131 0 4 1.970e+02 2.230e+02 241 0 2 2.869e+02 3.011e+02 131 0 2 4.938e+02 5.142e+02 189 0 3 1.757e+02 2.023e+02 246 0 1 2.188e+02 2.432e+02 226 1 1 5.884e+01 6.716e+01 77 1 3 6.270e+01 6.330e+01 6 1 2 6.531e+01 1.027e+02 347 2 3 3.959e+02 4.021e+02 57 2 4 3.699e+02 3.861e+02 150
56421 0
56423 11 0 2 6.287e+02 6.313e+02 25 0 4 6.279e+02 6.321e+02 39 0 1 5.958e+02 6.222e+02 246 0 1 6.346e+02 6.674e+02 304 0 3 6.334e+02 6.686e+02 326 2 4 2.486e+02 2.554e+02 64 2 3 2.728e+02 2.732e+02 4 2 4 3.425e+01 4.975e+01 144 2 1 5.889e+01 6.711e+01 76 2 3 5.449e+01 7.151e+01 158 2 2 2.887e+01 5.513e+01 244
56424 0
56425 0
