53563 4 2 3 1.820e+02 1.960e+02 130 2 2 2.008e+02 2.192e+02 170 2 1 1.730e+02 2.050e+02 296 2 4 1.936e+02 2.264e+02 305
53564 4 0 3 5.249e+02 5.251e+02 1 0 2 5.027e+02 5.053e+02 24 0 4 3.224e+02 3.496e+02 253 0 1 4.730e+02 4.930e+02 186
53565 25 0 1 5.631e+02 5.709e+02 73 0 4 6.697e+02 6.743e+02 42 0 3 5.648e+02 5.692e+02 41 0 2 6.284e+02 6.316e+02 30 0 2 6.702e+02 6.738e+02 33 0 4 4.951e+02 5.129e+02 166 0 2 5.418e+02 5.502e+02 79 0 4 6.262e+02 6.338e+02 71 0 1 5.578e+02 5.762e+02 171 0 3 6.051e+02 6.129e+02 72 0 4 5.773e+02 5.987e+02 199 0 1 5.938e+02 6.242e+02 283 1 4 6.293e+02 6.307e+02 12 1 1 6.038e+02 6.142e+02 97 1 2 6.221e+02 6.379e+02 147 1 3 5.983e+02 6.197e+02 199 2 2 4.004e+01 4.396e+01 36 2 2 1.260e+02 1.260e+02 -22 2 3 1.446e+01 2.754e+01 121 2 4 1.258e+02 1.262e+02 3 2 3 1.857e+02 1.923e+02 61 2 4 2.775e+01 5.625e+01 265 2 3 1.327e+02 1.613e+02 266 2 4 1.956e+02 2.244e+02 267 2 1 5.805e+00 3.619e+01 282
53566 6 0 2 6.176e+02 6.424e+02 230 0 1 6.337e+02 6.683e+02 322 0 4 6.157e+02 6.443e+02 266 0 2 6.472e+02 6.968e+02 460 0 4 6.451e+02 6.989e+02 500 2 3 6.212e+00 3.579e+01 275
53567 6 2 1 2.303e+02 2.317e+02 12 2 1 1.249e+01 2.951e+01 158 2 1 5.401e+00 3.660e+01 290 2 2 1.506e+02 1.854e+02 324 2 1 2.119e+02 2.501e+02 355 2 3 5.762e+00 3.624e+01 283
53568 20 0 1 6.477e+02 6.543e+02 61 0 3 6.485e+02 6.535e+02 47 0 1 5.908e+02 6.272e+02 337 0 2 6.547e+02 6.893e+02 321 0 4 6.100e+02 6.500e+02 370 0 4 6.559e+02 6.881e+02 300 0 1 6.326e+02 6.694e+02 342 0 4 6.040e+02 6.560e+02 482 0 3 6.304e+02 6.716e+02 382 1 2 6.157e+02 6.443e+02 266 1 4 6.142e+02 6.458e+02 294 1 2 6.039e+02 6.561e+02 485 2 2 1.185e+02 1.335e+02 139 2 1 1.349e+02 1.591e+02 225 2 4 1.192e+02 1.328e+02 126 2 3 1.338e+02 1.602e+02 246 3 2 7.594e+01 9.206e+01 150 3 1 9.456e+01 1.154e+02 194 3 4 7.769e+01 9.031e+01 117 3 3 9.281e+01 1.172e+02 226
53569 1 0 1 6.090e+02 6.090e+02 -24
53570 4 0 4 4.620e+02 4.620e+02 -23 0 3 5.250e+02 5.250e+02 -6 0 4 5.880e+02 5.880e+02 -15 0 1 4.827e+02 4.833e+02 6
53571 11 0 4 3.304e+01 5.096e+01 166 1 4 1.260e+02 1.260e+02 -18 1 4 8.124e+01 8.676e+01 51 1 1 9.708e+01 1.129e+02 147 1 3 9.039e+01 1.196e+02 271 2 4 3.315e+02 3.405e+02 83 2 4 4.172e+02 4.228e+02 51 2 3 4.377e+02 4.443e+02 62 2 1 4.345e+02 4.475e+02 120 2 2 4.414e+02 4.826e+02 382 2 2 3.998e+02 4.402e+02 376
53572 0
53573 0
53574 0
53575 0
53576 2 2 4 1.605e+02 1.755e+02 139 2 3 1.711e+02 2.069e+02 332
53580 8 0 4 6.295e+02 6.305e+02 10 0 4 6.707e+02 6.733e+02 24 0 3 6.443e+02 6.577e+02 125 0 3 5.964e+02 6.216e+02 235 0 2 6.612e+02 6.828e+02 200 2 4 3.977e+01 4.423e+01 41 3 1 2.100e+01 2.100e+01 -10 3 3 1.554e+01 2.646e+01 101
53582 3 3 3 4.830e+02 4.830e+02 -5 3 3 5.191e+02 5.309e+02 110 3 4 5.377e+02 5.543e+02 154
53583 3 0 4 5.875e+02 5.885e+02 9 0 1 5.544e+02 5.796e+02 234 0 3 5.495e+02 5.845e+02 326
53584 6 1 4 3.337e+02 3.383e+02 42 1 1 3.524e+02 3.616e+02 86 1 4 2.404e+02 2.636e+02 216 1 3 3.049e+02 3.251e+02 187 1 2 3.181e+02 3.539e+02 332 1 3 3.456e+02 3.684e+02 211
53585 45 0 1 5.184e+02 5.316e+02 123 0 4 5.874e+02 5.886e+02 10 0 3 6.084e+02 6.096e+02 11 2 2 2.509e+02 2.531e+02 20 2 4 6.717e+02 6.723e+02 6 2 1 3.148e+02 3.152e+02 4 2 2 3.329e+02 3.391e+02 57 2 1 3.886e+02 4.094e+02 193 2 2 6.639e+02 6.801e+02 150 2 3 9.999e+01 1.100e+02 93 2 4 2.487e+02 2.553e+02 62 2 1 2.705e+02 2.755e+02 46 2 2 3.705e+02 3.855e+02 139 2 2 7.706e+01 9.094e+01 129 2 1 2.259e+02 2.361e+02 94 2 3 2.693e+02 2.767e+02 69 2 1 3.441e+02 3.699e+02 239 2 4 1.070e+02 1.450e+02 353 2 3 2.290e+02 2.330e+02 38 2 2 2.922e+02 2.958e+02 34 2 2 3.637e+02 3.923e+02 266 2 4 4.200e+01 4.200e+01 -12 2 3 2.126e+02 2.494e+02 342 2 4 2.914e+02 2.966e+02 49 2 1 1.447e+01 2.753e+01 121 2 3 3.100e+02 3.200e+02 92 2 3 2.523e+02 2.937e+02 385 3 3 1.885e+02 1.895e+02 9 3 1 2.716e+02 2.744e+02 26 3 3 3.147e+02 3.153e+02 6 3 1 3.551e+02 3.589e+02 35 3 4 2.093e+02 2.107e+02 13 3 1 2.278e+02 2.342e+02 60 3 2 3.347e+02 3.373e+02 24 3 1 3.472e+02 3.668e+02 182 3 1 1.875e+02 1.905e+02 28 3 3 2.231e+02 2.389e+02 146 3 4 2.936e+02 2.944e+02 7 3 2 2.064e+02 2.136e+02 66 3 2 2.406e+02 2.634e+02 211 3 2 1.515e+02 1.845e+02 307 3 4 2.423e+02 2.617e+02 180 3 4 1.537e+02 1.823e+02 266 3 3 2.539e+02 2.921e+02 355 3 3 2.151e+02 2.469e+02 295
53586 0
53587 43 0 1 2.723e+02 2.737e+02 12 0 1 6.503e+02 6.517e+02 13 0 4 2.915e+02 2.965e+02 47 0 2 5.426e+02 5.494e+02 64 0 3 2.648e+02 2.812e+02 151 0 2 2.804e+02 3.076e+02 252 0 4 4.126e+02 4.274e+02 137 0 4 2.811e+02 3.069e+02 239 0 4 4.523e+02 4.717e+02 180 0 1 5.656e+02 5.684e+02 26 0 3 2.583e+02 2.877e+02 272 0 4 5.856e+02 5.904e+02 44 0 2 6.720e+02 6.720e+02 -3 0 1 4.402e+02 4.418e+02 15 0 2 4.452e+02 4.788e+02 312 0 3 5.626e+02 5.714e+02 81 0 2 6.265e+02 6.335e+02 66 0 4 6.713e+02 6.727e+02 12 0 3 4.336e+02 4.484e+02 138 0 1 5.213e+02 5.287e+02 68 0 4 6.191e+02 6.409e+02 203 0 3 6.423e+02 6.597e+02 161 0 3 5.193e+02 5.307e+02 106 0 2 6.113e+02 6.487e+02 347 0 1 6.339e+02 6.681e+02 317 0 2 5.329e+02 5.591e+02 243 0 1 5.555e+02 5.785e+02 213 0 3 5.512e+02 5.828e+02 294 0 1 5.057e+02 5.443e+02 358 1 1 3.936e+02 4.044e+02 100 1 2 6.300e+02 6.300e+02 -9 1 4 5.820e+02 5.940e+02 112 1 3 3.856e+02 4.124e+02 250 1 4 6.297e+02 6.303e+02 6 1 4 4.934e+02 5.146e+02 196 1 2 5.422e+02 5.498e+02 70 1 1 5.921e+02 6.259e+02 315 1 3 5.545e+02 5.795e+02 233 2 1 1.595e+01 2.605e+01 94 2 3 2.212e+02 2.408e+02 181 2 4 2.382e+02 2.658e+02 256 2 3 2.590e+02 2.870e+02 260 2 4 1.925e+02 2.275e+02 325
53588 0
53589 3 0 2 5.429e+02 5.491e+02 58 0 2 5.270e+02 5.650e+02 353 2 3 3.144e+02 3.156e+02 10
53590 0
53591 15 0 1 6.018e+02 6.162e+02 133 0 2 6.614e+02 6.826e+02 196 0 4 6.577e+02 6.863e+02 265 0 4 4.822e+02 5.258e+02 405 0 2 5.232e+02 5.688e+02 424 0 4 6.065e+02 6.535e+02 436 0 2 6.455e+02 6.985e+02 493 0 1 4.158e+02 4.662e+02 468 0 4 4.389e+02 4.851e+02 430 0 1 4.587e+02 5.073e+02 451 0 3 4.617e+02 5.043e+02 396 1 2 6.043e+02 6.557e+02 477 2 2 4.174e+02 4.226e+02 48 2 4 3.721e+02 3.839e+02 110 2 3 3.916e+02 4.064e+02 138
53592 5 0 4 3.780e+02 3.780e+02 -8 0 3 2.140e+02 2.480e+02 316 0 3 5.670e+02 5.670e+02 -4 0 4 2.307e+02 2.733e+02 396 0 2 6.715e+02 6.725e+02 10
