5834 42 0 1 5.670e+02 5.670e+02 -13 0 4 4.620e+02 4.620e+02 -18 0 2 6.240e+02 6.360e+02 110 0 4 3.227e+02 3.493e+02 246 0 3 5.591e+02 5.749e+02 147 0 4 6.216e+02 6.384e+02 156 0 4 6.720e+02 6.720e+02 -9 0 4 4.549e+02 4.691e+02 132 0 4 5.833e+02 5.927e+02 87 0 1 6.413e+02 6.607e+02 180 0 3 4.657e+02 5.003e+02 321 0 1 6.024e+02 6.156e+02 123 0 3 6.429e+02 6.591e+02 150 0 3 5.988e+02 6.192e+02 189 0 2 6.634e+02 6.806e+02 160 0 1 5.943e+02 6.237e+02 272 0 2 6.580e+02 6.860e+02 260 0 4 6.564e+02 6.876e+02 290 1 2 5.880e+02 5.880e+02 -13 1 3 6.090e+02 6.090e+02 -14 1 2 6.263e+02 6.337e+02 70 1 2 5.748e+02 6.012e+02 246 1 4 6.195e+02 6.405e+02 195 1 4 5.710e+02 6.050e+02 316 1 2 6.147e+02 6.453e+02 285 2 2 1.669e+02 1.691e+02 20 2 3 3.150e+02 3.150e+02 -7 2 2 3.297e+02 3.423e+02 116 2 3 9.941e+01 1.106e+02 104 2 4 6.554e+02 6.886e+02 308 2 3 1.446e+02 1.494e+02 46 2 3 2.210e+02 2.410e+02 186 2 4 3.304e+01 5.096e+01 166 2 2 1.205e+02 1.315e+02 103 2 4 1.618e+02 1.742e+02 115 2 2 2.442e+02 2.598e+02 145 2 4 2.815e+02 3.065e+02 231 2 4 1.100e+02 1.420e+02 296 2 1 1.810e+02 1.970e+02 148 2 4 1.991e+02 2.209e+02 202 2 1 1.394e+02 1.546e+02 140 2 3 1.325e+02 1.615e+02 270
5835 0
5836 12 0 3 1.027e+02 1.073e+02 43 0 1 3.958e+02 4.022e+02 59 0 3 2.717e+02 2.743e+02 24 0 4 5.024e+02 5.056e+02 30 0 3 9.470e+01 1.153e+02 191 0 4 4.187e+02 4.213e+02 24 0 2 2.420e+02 2.620e+02 186 0 3 4.789e+02 4.871e+02 76 0 4 2.883e+02 2.997e+02 106 0 1 4.394e+02 4.426e+02 29 0 2 4.581e+02 4.659e+02 72 2 3 1.047e+01 3.153e+01 196
5837 46 0 1 2.288e+02 2.332e+02 40 0 4 2.504e+02 2.536e+02 30 0 4 5.780e+02 5.980e+02 186 0 2 6.656e+02 6.784e+02 119 0 3 2.224e+02 2.396e+02 160 0 4 6.628e+02 6.812e+02 170 0 1 6.281e+02 6.739e+02 425 0 3 6.273e+02 6.747e+02 440 1 4 5.879e+02 5.881e+02 1 1 1 6.073e+02 6.107e+02 32 1 4 5.352e+02 5.568e+02 201 1 4 6.292e+02 6.308e+02 16 1 2 6.226e+02 6.374e+02 138 1 3 5.947e+02 6.233e+02 265 1 4 6.113e+02 6.487e+02 348 1 1 5.877e+02 6.303e+02 395 2 3 1.999e+01 2.201e+01 19 2 1 4.810e+02 4.850e+02 37 2 4 2.501e+02 2.539e+02 35 2 3 6.069e+02 6.111e+02 39 2 4 2.939e+02 2.941e+02 2 2 4 4.161e+02 4.239e+02 73 2 1 1.985e+01 2.215e+01 21 2 4 5.025e+02 5.055e+02 28 2 2 8.182e+01 8.618e+01 40 2 3 5.223e+02 5.277e+02 50 2 3 1.453e+02 1.487e+02 32 2 4 5.810e+02 5.950e+02 130 2 2 2.085e+02 2.115e+02 27 2 3 4.407e+02 4.413e+02 6 2 3 2.707e+02 2.753e+02 42 2 2 4.585e+02 4.655e+02 66 2 3 5.126e+01 7.474e+01 218 2 4 4.601e+02 4.639e+02 35 2 3 9.389e+01 1.161e+02 206 2 3 4.735e+02 4.925e+02 177 2 3 1.741e+02 2.039e+02 276 2 2 4.441e+02 4.799e+02 333 2 4 2.045e+02 2.155e+02 101 2 2 2.187e+01 6.213e+01 374 2 4 1.169e+02 1.351e+02 169 2 1 1.315e+02 1.625e+02 287 2 1 2.205e+02 2.415e+02 195 2 4 7.038e+01 9.762e+01 253 2 2 1.549e+02 1.811e+02 244 3 3 6.421e+02 6.599e+02 165
5838 19 0 2 5.445e+02 5.475e+02 27 0 2 6.703e+02 6.737e+02 31 0 1 6.011e+02 6.169e+02 147 0 1 6.485e+02 6.535e+02 46 0 1 5.133e+02 5.367e+02 218 0 3 6.016e+02 6.164e+02 137 0 2 6.641e+02 6.799e+02 146 0 4 4.050e+02 4.350e+02 278 0 2 6.157e+02 6.443e+02 265 0 4 6.638e+02 6.802e+02 153 0 4 6.178e+02 6.422e+02 227 0 1 6.391e+02 6.629e+02 220 1 1 2.998e+02 3.302e+02 281 1 3 2.998e+02 3.302e+02 282 2 1 2.681e+02 2.779e+02 91 2 1 5.947e+01 6.653e+01 66 2 1 4.996e+01 7.604e+01 242 2 4 1.067e+02 1.453e+02 358 2 2 6.562e+01 1.024e+02 341
5839 42 0 1 6.477e+02 6.543e+02 60 0 4 4.615e+02 4.625e+02 10 0 3 6.486e+02 6.534e+02 44 0 1 4.363e+02 4.457e+02 88 0 2 4.521e+02 4.719e+02 184 0 2 1.059e+02 1.461e+02 374 0 3 5.159e+02 5.341e+02 170 0 1 1.226e+02 1.714e+02 453 0 2 6.166e+02 6.434e+02 248 0 2 6.720e+02 6.720e+02 -0 0 3 4.258e+02 4.562e+02 282 0 1 5.086e+02 5.414e+02 304 0 4 6.130e+02 6.470e+02 316 0 4 6.704e+02 6.736e+02 30 0 4 4.035e+02 4.365e+02 306 0 2 5.309e+02 5.611e+02 280 0 1 6.317e+02 6.703e+02 359 0 3 5.433e+02 5.907e+02 440 0 2 6.537e+02 6.903e+02 340 0 4 6.542e+02 6.898e+02 330 1 2 4.194e+02 4.206e+02 11 1 2 5.018e+02 5.062e+02 40 1 3 3.885e+02 4.095e+02 195 1 3 5.670e+02 5.670e+02 0 1 2 4.579e+02 4.661e+02 76 1 4 5.833e+02 5.927e+02 87 1 2 5.418e+02 5.502e+02 79 1 2 5.300e+02 5.620e+02 298 2 1 2.012e+01 2.188e+01 16 2 3 1.453e+02 1.487e+02 32 2 2 3.937e+01 4.463e+01 49 2 2 1.247e+02 1.273e+02 25 2 2 2.424e+02 2.616e+02 179 2 3 2.680e+02 2.780e+02 92 2 1 5.786e+01 6.814e+01 96 2 4 1.212e+02 1.308e+02 90 2 2 1.500e+02 1.860e+02 335 2 4 2.377e+02 2.663e+02 266 2 3 1.119e+01 3.081e+01 182 2 3 8.703e+01 1.230e+02 334 2 4 3.506e+01 4.894e+01 129 2 4 2.313e+01 6.087e+01 350
5840 6 1 1 5.657e+02 5.683e+02 24 2 3 5.234e+02 5.266e+02 30 2 2 5.340e+02 5.580e+02 223 2 4 4.932e+02 5.148e+02 201 2 1 5.559e+02 5.781e+02 206 2 1 5.078e+02 5.422e+02 319
5841 6 2 3 2.100e+01 2.100e+01 -5 2 3 2.692e+02 2.768e+02 70 2 2 2.848e+02 3.032e+02 170 2 4 3.645e+02 3.915e+02 250 2 4 2.330e+02 2.710e+02 353 2 1 2.566e+02 2.894e+02 306
5844 8 0 1 1.848e+02 1.932e+02 78 0 4 6.290e+02 6.310e+02 18 0 2 2.052e+02 2.148e+02 89 0 2 6.166e+02 6.434e+02 248 0 1 5.512e+02 5.828e+02 294 0 4 2.016e+02 2.184e+02 156 0 3 6.381e+02 6.639e+02 239 0 3 5.465e+02 5.875e+02 381
5846 2 0 2 6.154e+02 6.446e+02 271 0 4 6.147e+02 6.453e+02 284
5847 8 0 2 4.593e+02 4.647e+02 50 0 4 6.639e+02 6.801e+02 150 0 4 4.618e+02 4.622e+02 4 0 3 6.417e+02 6.603e+02 173 0 3 4.291e+02 4.529e+02 220 0 1 4.751e+02 4.909e+02 146 2 2 1.680e+02 1.680e+02 0 2 4 5.880e+02 5.880e+02 -5
5848 5 0 4 6.300e+02 6.300e+02 -16 0 1 6.064e+02 6.116e+02 49 0 3 5.940e+02 6.240e+02 278 3 1 4.718e+02 4.942e+02 208 3 2 4.842e+02 5.238e+02 368
5850 5 0 2 6.057e+02 6.543e+02 451 2 3 1.437e+02 1.503e+02 61 2 2 1.566e+02 1.794e+02 212 2 4 1.516e+02 1.844e+02 305 2 3 5.839e+02 6.341e+02 466
5853 12 1 1 3.959e+02 4.021e+02 58 1 2 2.801e+02 3.079e+02 258 2 4 8.375e+01 8.425e+01 5 2 4 2.082e+02 2.118e+02 34 2 1 4.707e+02 4.953e+02 228 2 2 3.747e+02 3.813e+02 60 2 3 1.028e+02 1.072e+02 40 2 1 5.484e+02 5.856e+02 346 2 4 3.759e+02 3.801e+02 40 2 3 4.579e+01 8.021e+01 320 2 2 6.881e+01 9.919e+01 282 2 2 3.627e+02 3.933e+02 284
5854 0
5856 4 2 1 6.199e+01 6.401e+01 19 2 4 4.604e+02 4.636e+02 29 2 2 4.580e+02 4.660e+02 75 2 3 4.656e+02 5.004e+02 323
5857 0
5859 20 0 1 1.954e+01 2.246e+01 27 0 2 3.762e+01 4.638e+01 81 1 3 9.026e+01 1.197e+02 274 2 1 4.827e+02 4.833e+02 6 2 4 1.652e+02 1.708e+02 52 2 3 4.806e+02 4.854e+02 44 2 4 4.496e+02 4.744e+02 230 3 2 3.780e+02 3.780e+02 -19 3 1 5.231e+02 5.269e+02 35 3 1 4.410e+02 4.410e+02 -4 3 2 6.160e+02 6.440e+02 260 3 4 3.698e+02 3.862e+02 153 3 1 4.728e+02 4.932e+02 189 3 3 4.383e+02 4.437e+02 50 3 1 3.880e+02 4.100e+02 204 3 4 4.584e+02 4.656e+02 67 3 3 3.855e+02 4.125e+02 250 3 4 4.451e+02 4.789e+02 314 3 1 3.427e+02 3.713e+02 265 3 3 4.243e+02 4.577e+02 310
5860 34 0 3 5.235e+02 5.265e+02 27 0 3 6.008e+02 6.172e+02 152 0 2 2.799e+02 3.081e+02 262 0 4 5.776e+02 5.984e+02 194 0 1 4.276e+02 4.544e+02 249 0 1 5.998e+02 6.182e+02 170 1 2 6.229e+02 6.371e+02 131 1 3 5.992e+02 6.188e+02 182 1 4 5.738e+02 6.022e+02 265 2 3 3.975e+02 4.005e+02 28 2 3 2.237e+02 2.383e+02 136 2 4 5.035e+02 5.045e+02 9 2 2 2.878e+02 3.002e+02 116 2 3 5.245e+02 5.255e+02 10 2 4 3.732e+02 3.828e+02 89 2 2 6.687e+02 6.753e+02 60 2 2 7.675e+01 9.125e+01 135 2 4 4.154e+02 4.246e+02 85 2 3 1.816e+02 1.964e+02 138 2 2 5.402e+02 5.518e+02 108 2 1 2.191e+02 2.429e+02 221 2 1 4.389e+02 4.431e+02 40 2 4 2.879e+02 3.001e+02 114 2 1 5.571e+02 5.769e+02 183 2 1 4.714e+01 7.886e+01 295 2 3 3.886e+02 4.094e+02 193 2 4 7.845e+01 8.955e+01 103 2 2 4.056e+02 4.344e+02 268 2 4 1.546e+02 1.814e+02 248 2 3 4.277e+02 4.543e+02 246 2 2 2.412e+02 2.628e+02 201 2 3 3.063e+02 3.237e+02 161 2 3 5.068e+01 7.532e+01 229 2 4 2.369e+02 2.671e+02 280
5862 21 0 3 5.670e+02 5.670e+02 -24 0 3 6.090e+02 6.090e+02 -11 0 1 3.862e+02 4.118e+02 238 0 1 5.578e+02 5.762e+02 171 0 1 6.048e+02 6.132e+02 79 0 3 4.267e+02 4.553e+02 266 0 3 5.546e+02 5.794e+02 230 1 4 1.178e+02 1.342e+02 153 2 1 6.203e+01 6.397e+01 18 2 3 4.823e+02 4.837e+02 14 2 1 3.101e+02 3.199e+02 91 2 2 4.949e+02 5.131e+02 170 2 3 6.300e+01 6.300e+01 -8 2 2 7.693e+01 9.107e+01 131 2 4 4.458e+02 4.782e+02 301 2 4 3.336e+01 5.064e+01 160 2 1 4.666e+02 4.994e+02 306 2 2 2.438e+01 5.962e+01 327 3 2 5.865e+02 5.895e+02 27 3 3 5.518e+02 5.822e+02 282 3 2 5.304e+02 5.616e+02 290
5865 0
5866 4 0 4 6.654e+02 6.786e+02 123 0 1 6.439e+02 6.581e+02 131 0 3 6.392e+02 6.628e+02 220 0 2 6.628e+02 6.812e+02 170
5867 22 0 4 4.161e+01 4.239e+01 7 0 1 3.984e+02 3.996e+02 10 0 2 2.494e+02 2.546e+02 48 0 2 6.223e+02 6.377e+02 143 0 3 1.079e+01 3.121e+01 190 0 1 6.411e+02 6.609e+02 183 0 4 2.479e+02 2.561e+02 76 0 4 6.228e+02 6.372e+02 133 0 3 2.174e+02 2.446e+02 252 0 3 6.391e+02 6.629e+02 221 0 2 6.642e+02 6.798e+02 145 0 1 2.145e+02 2.475e+02 307 0 4 6.627e+02 6.813e+02 173 0 2 2.336e+02 2.704e+02 342 1 3 6.088e+02 6.092e+02 3 2 3 4.808e+02 4.852e+02 40 2 3 1.810e+02 1.970e+02 148 2 4 1.608e+02 1.752e+02 134 2 3 1.693e+02 2.087e+02 366 3 3 3.150e+02 3.150e+02 -5 3 1 1.882e+01 2.318e+01 40 3 3 1.814e+00 4.019e+01 356
5868 0
5869 41 0 2 6.277e+02 6.323e+02 43 0 4 4.585e+02 4.655e+02 66 0 3 2.259e+02 2.361e+02 95 0 4 6.267e+02 6.333e+02 61 0 1 4.348e+02 4.472e+02 115 0 2 4.511e+02 4.729e+02 203 0 4 6.112e+02 6.488e+02 349 0 3 6.357e+02 6.663e+02 284 0 3 4.338e+02 4.482e+02 134 0 3 3.876e+02 4.104e+02 212 0 1 4.285e+02 4.535e+02 232 1 4 6.299e+02 6.301e+02 1 1 1 4.822e+02 4.838e+02 15 1 4 5.453e+02 5.467e+02 14 1 2 6.232e+02 6.368e+02 126 1 3 5.155e+02 5.345e+02 177 1 1 5.993e+02 6.187e+02 180 1 1 5.133e+02 5.367e+02 217 1 2 5.288e+02 5.632e+02 320 1 3 5.928e+02 6.252e+02 301 2 1 1.882e+02 1.898e+02 15 2 2 8.357e+01 8.443e+01 8 2 4 4.613e+02 4.627e+02 13 2 2 1.653e+02 1.707e+02 50 2 2 4.543e+02 4.697e+02 142 2 4 2.098e+02 2.102e+02 3 2 2 1.192e+02 1.328e+02 126 2 4 4.071e+02 4.329e+02 240 2 4 1.672e+02 1.688e+02 16 2 1 2.289e+02 2.331e+02 39 2 3 2.608e+02 2.852e+02 226 2 3 5.041e+01 7.559e+01 234 2 4 1.169e+02 1.351e+02 169 2 2 1.546e+02 1.814e+02 249 2 3 2.210e+02 2.410e+02 186 2 1 2.262e+00 3.974e+01 348 2 2 1.129e+02 1.391e+02 243 2 3 1.761e+02 2.019e+02 240 2 2 1.927e+02 2.273e+02 321 2 4 6.961e+01 9.839e+01 267 2 3 8.752e+01 1.225e+02 325
5871 0
5874 0
5876 22 0 4 5.870e+02 5.890e+02 18 0 1 6.483e+02 6.537e+02 50 0 4 4.148e+02 4.252e+02 96 0 3 2.533e+02 2.927e+02 366 0 1 5.533e+02 5.807e+02 254 0 2 6.297e+02 6.303e+02 6 0 2 6.593e+02 6.847e+02 236 0 3 5.551e+02 5.789e+02 220 0 4 6.271e+02 6.329e+02 55 0 1 6.324e+02 6.696e+02 345 0 4 6.170e+02 6.430e+02 242 0 3 6.348e+02 6.672e+02 301 0 1 5.906e+02 6.274e+02 341 0 4 6.563e+02 6.877e+02 291 0 4 6.065e+02 6.535e+02 436 2 4 3.915e+01 4.485e+01 53 2 3 5.222e+02 5.278e+02 52 2 1 5.395e+01 7.205e+01 168 2 4 4.950e+02 5.130e+02 166 2 3 4.893e+01 7.707e+01 261 2 2 5.301e+02 5.619e+02 296 3 1 1.451e+02 1.489e+02 35
5877 23 0 1 6.090e+02 6.090e+02 -1 0 4 3.746e+02 3.814e+02 64 0 4 3.785e+01 4.615e+01 77 0 3 6.052e+02 6.128e+02 71 0 2 6.227e+02 6.373e+02 136 0 4 6.197e+02 6.403e+02 191 0 4 5.827e+02 5.933e+02 99 0 1 5.978e+02 6.202e+02 209 2 1 1.880e+02 1.900e+02 18 2 1 3.143e+02 3.157e+02 12 2 1 1.671e+01 2.529e+01 80 2 3 9.631e+01 1.137e+02 161 2 4 1.577e+02 1.783e+02 190 2 4 2.871e+02 3.009e+02 128 2 3 1.819e+01 2.381e+01 52 2 4 1.112e+02 1.408e+02 275 2 2 1.540e+02 1.820e+02 260 2 4 1.952e+02 2.248e+02 276 2 3 2.573e+02 2.887e+02 292 2 3 7.602e+00 3.440e+01 249 2 1 1.704e+02 2.076e+02 345 2 4 2.412e+01 5.988e+01 332 2 3 1.713e+02 2.067e+02 329
5878 6 1 2 6.281e+02 6.319e+02 36 1 4 6.300e+02 6.300e+02 0 1 1 5.961e+02 6.219e+02 239 2 4 3.771e+02 3.789e+02 16 2 4 5.799e+02 5.961e+02 150 2 3 5.520e+02 5.820e+02 278
5879 6 0 3 6.090e+02 6.090e+02 -2 0 2 6.283e+02 6.317e+02 32 0 4 6.246e+02 6.354e+02 100 0 2 6.232e+02 6.368e+02 127 1 4 2.939e+02 2.941e+02 2 2 3 1.429e+01 2.771e+01 125
5882 13 0 3 5.217e+02 5.283e+02 60 0 3 6.039e+02 6.141e+02 95 0 4 6.683e+02 6.757e+02 68 0 1 6.029e+02 6.151e+02 113 0 1 5.132e+02 5.368e+02 219 0 4 5.739e+02 6.021e+02 262 0 2 4.856e+02 5.224e+02 341 1 2 5.847e+02 5.913e+02 62 1 1 5.553e+02 5.787e+02 217 1 1 5.909e+02 6.271e+02 336 2 2 1.651e+02 1.709e+02 54 2 4 1.524e+02 1.836e+02 290 3 3 5.988e+01 6.612e+01 58
5883 45 0 3 6.073e+02 6.107e+02 31 0 2 6.720e+02 6.720e+02 -7 0 1 5.610e+02 5.730e+02 111 0 4 6.699e+02 6.741e+02 40 0 4 3.187e+02 3.533e+02 321 0 3 5.614e+02 5.726e+02 104 0 2 6.547e+02 6.893e+02 321 0 4 4.373e+02 4.867e+02 460 0 4 6.520e+02 6.920e+02 372 0 1 6.261e+02 6.759e+02 463 1 3 5.580e+02 5.760e+02 167 1 4 5.829e+02 5.931e+02 94 1 4 6.173e+02 6.427e+02 236 1 2 5.726e+02 6.034e+02 286 1 2 6.070e+02 6.530e+02 426 1 4 5.705e+02 6.055e+02 325 1 4 6.045e+02 6.555e+02 474 2 1 4.823e+02 4.837e+02 13 2 3 9.959e+01 1.104e+02 100 2 4 5.867e+02 5.893e+02 24 2 2 2.895e+02 2.985e+02 83 2 4 6.707e+02 6.733e+02 25 2 4 4.130e+01 4.270e+01 13 2 1 4.399e+02 4.421e+02 20 2 4 1.208e+02 1.312e+02 96 2 3 4.757e+02 4.903e+02 136 2 1 1.412e+02 1.528e+02 107 2 2 5.765e+02 5.995e+02 213 2 1 3.133e+02 3.167e+02 32 2 4 4.563e+02 4.677e+02 106 2 1 6.104e+01 6.496e+01 36 2 3 6.006e+02 6.174e+02 156 2 4 7.706e+01 9.094e+01 129 2 2 4.441e+02 4.799e+02 333 2 3 1.362e+02 1.578e+02 200 2 2 1.948e+02 2.252e+02 283 2 4 2.797e+02 3.083e+02 266 2 2 2.892e+01 5.508e+01 243 2 2 1.129e+02 1.391e+02 244 2 4 1.573e+02 1.787e+02 199 2 3 2.592e+02 2.868e+02 257 2 3 4.983e+01 7.617e+01 245 2 2 7.168e+01 9.632e+01 229 2 3 1.303e+02 1.637e+02 310 2 2 1.517e+02 1.843e+02 303
5884 1 2 4 3.712e+02 3.848e+02 126
5886 8 0 4 5.866e+02 5.894e+02 26 2 3 2.282e+02 2.338e+02 51 2 3 3.114e+02 3.186e+02 66 2 2 3.283e+02 3.437e+02 144 2 4 1.977e+02 2.223e+02 228 2 4 2.779e+02 3.101e+02 299 2 1 4.628e+01 7.972e+01 310 2 1 2.953e+02 3.347e+02 366
