30650 0
30652 4 1 1 1.034e+02 1.066e+02 30 1 2 8.096e+01 8.704e+01 56 1 3 1.305e+02 1.635e+02 307 1 3 2.466e+02 2.994e+02 490
30653 3 1 1 2.730e+02 2.730e+02 -7 1 2 3.775e+02 3.785e+02 9 1 2 2.378e+02 2.662e+02 264
30654 6 0 4 6.205e+02 6.395e+02 177 0 3 5.842e+02 6.338e+02 461 2 3 1.101e+01 3.099e+01 186 2 2 7.145e+01 9.655e+01 233 2 4 5.857e+01 1.094e+02 472 2 1 3.686e+01 8.914e+01 486
30655 8 0 2 5.405e+02 5.515e+02 102 0 1 6.087e+02 6.093e+02 5 0 3 5.478e+02 5.862e+02 356 1 4 6.264e+02 6.336e+02 66 2 2 4.018e+01 4.382e+01 34 2 3 1.030e+02 1.070e+02 37 2 2 8.065e+01 8.735e+01 62 2 3 2.171e+00 3.983e+01 350
30656 8 0 4 5.821e+02 5.939e+02 109 0 2 6.686e+02 6.754e+02 63 0 1 5.926e+02 6.254e+02 305 0 3 5.913e+02 6.267e+02 328 2 2 8.370e+01 8.430e+01 6 2 4 3.879e+01 4.521e+01 60 2 4 7.311e+01 9.489e+01 202 2 3 4.826e+01 7.774e+01 274
30658 0
30659 0
30665 13 0 3 6.066e+02 6.114e+02 45 0 4 7.733e+01 9.067e+01 124 0 4 6.210e+02 6.390e+02 168 1 1 2.730e+02 2.730e+02 -12 1 4 1.202e+02 1.318e+02 108 1 3 1.803e+02 1.977e+02 162 2 2 3.139e+01 5.261e+01 197 2 3 2.667e+02 2.793e+02 117 2 1 5.543e+01 7.057e+01 140 2 2 2.819e+02 3.061e+02 225 2 3 4.637e+01 7.963e+01 309 2 1 2.596e+02 2.864e+02 249 2 4 2.766e+02 3.114e+02 324
30668 74 0 4 5.038e+02 5.042e+02 3 0 1 3.074e+02 3.226e+02 141 0 1 5.647e+02 5.693e+02 42 0 2 3.335e+02 3.385e+02 47 0 2 6.268e+02 6.332e+02 60 0 4 3.250e+02 3.470e+02 204 0 3 6.481e+02 6.539e+02 55 0 2 2.755e+02 3.125e+02 343 0 1 4.819e+02 4.841e+02 21 0 1 3.515e+02 3.625e+02 101 0 1 5.190e+02 5.310e+02 111 0 4 3.618e+02 3.942e+02 300 0 4 6.259e+02 6.341e+02 76 0 2 3.228e+02 3.492e+02 246 0 4 6.668e+02 6.772e+02 96 0 2 4.998e+02 5.082e+02 77 0 1 3.432e+02 3.708e+02 257 0 3 5.213e+02 5.287e+02 70 0 4 5.832e+02 5.928e+02 89 0 1 6.435e+02 6.585e+02 139 0 3 4.651e+02 5.009e+02 333 0 3 5.558e+02 5.782e+02 208 0 1 5.983e+02 6.197e+02 199 0 3 6.402e+02 6.618e+02 200 0 2 4.870e+02 5.210e+02 316 0 1 5.498e+02 5.842e+02 320 0 3 5.947e+02 6.233e+02 266 0 2 6.669e+02 6.771e+02 95 0 1 5.895e+02 6.285e+02 361 0 1 6.347e+02 6.673e+02 302 1 1 6.088e+02 6.092e+02 4 1 2 4.596e+02 4.644e+02 45 1 4 3.656e+02 3.904e+02 230 1 1 4.771e+02 4.889e+02 109 1 2 6.285e+02 6.315e+02 27 1 1 4.673e+02 4.987e+02 291 1 2 5.744e+02 6.016e+02 252 1 4 6.296e+02 6.304e+02 7 1 3 5.480e+02 5.860e+02 353 1 3 5.972e+02 6.208e+02 219 2 4 2.922e+02 2.958e+02 34 2 2 3.754e+02 3.806e+02 48 2 3 3.923e+02 4.057e+02 125 2 3 1.914e+01 2.286e+01 35 2 3 5.238e+02 5.262e+02 22 2 2 1.255e+02 1.265e+02 9 2 2 4.070e+02 4.330e+02 242 2 3 1.857e+02 1.923e+02 62 2 4 4.920e+02 5.160e+02 223 2 4 2.038e+02 2.162e+02 115 2 2 5.365e+02 5.555e+02 176 2 1 3.131e+02 3.169e+02 35 2 1 3.824e+02 4.156e+02 309 2 4 3.766e+02 3.794e+02 26 2 1 5.076e+02 5.424e+02 324 2 4 1.254e+02 1.266e+02 11 2 1 1.443e+02 1.497e+02 50 2 4 2.379e+02 2.661e+02 262 2 3 2.700e+02 2.760e+02 56 2 2 3.310e+02 3.410e+02 92 2 4 7.545e+01 9.255e+01 159 2 3 1.720e+02 2.060e+02 316 2 2 2.914e+02 2.966e+02 48 2 4 3.324e+02 3.396e+02 66 2 3 9.762e+01 1.124e+02 137 2 3 3.061e+02 3.239e+02 166 2 1 3.409e+02 3.731e+02 300 2 2 6.365e+01 1.044e+02 378 2 1 3.012e+02 3.288e+02 256 2 3 3.394e+02 3.746e+02 327 2 4 6.454e+01 1.035e+02 361 2 2 2.745e+02 3.135e+02 362 2 4 3.633e+02 3.927e+02 273 2 4 3.160e+02 3.560e+02 372
30669 4 2 2 3.778e+02 3.782e+02 4 2 4 3.699e+02 3.861e+02 150 2 1 3.388e+02 3.752e+02 338 2 3 3.391e+02 3.749e+02 333
30670 0
30673 13 0 1 5.606e+02 5.734e+02 119 0 2 5.350e+02 5.570e+02 205 0 3 5.501e+02 5.839e+02 314 1 4 6.292e+02 6.308e+02 15 2 3 6.158e+01 6.442e+01 26 2 3 1.875e+02 1.905e+02 27 2 4 1.650e+02 1.710e+02 56 2 4 3.138e+01 5.262e+01 197 2 2 7.221e+01 9.579e+01 219 2 4 1.936e+02 2.264e+02 305 2 1 4.781e+01 7.819e+01 282 2 1 3.382e+00 3.862e+01 327 2 2 2.344e+01 6.056e+01 345
30674 4 1 2 4.376e+02 4.864e+02 453 2 3 6.046e+01 6.554e+01 47 2 2 5.801e+02 5.959e+02 146 2 4 6.665e+01 1.013e+02 322
30675 21 0 3 2.293e+02 2.327e+02 32 0 4 6.714e+02 6.726e+02 11 0 4 4.554e+02 4.686e+02 123 0 1 5.604e+02 5.736e+02 123 0 4 2.354e+02 2.686e+02 308 0 1 6.476e+02 6.544e+02 64 0 1 4.283e+02 4.537e+02 236 0 4 5.775e+02 5.985e+02 196 0 2 6.694e+02 6.746e+02 49 0 3 4.346e+02 4.474e+02 119 0 2 4.426e+02 4.814e+02 360 0 1 6.382e+02 6.638e+02 238 1 4 5.867e+02 5.893e+02 25 1 2 6.247e+02 6.353e+02 99 1 2 5.751e+02 6.009e+02 239 1 4 6.196e+02 6.404e+02 193 1 3 5.547e+02 5.793e+02 228 1 3 5.999e+02 6.181e+02 170 2 1 2.239e+02 2.381e+02 132 2 2 2.460e+02 2.580e+02 112 2 3 2.178e+02 2.442e+02 246
30676 11 0 2 2.482e+02 2.558e+02 70 0 4 6.707e+02 6.733e+02 25 0 1 2.687e+02 2.773e+02 80 0 4 2.441e+02 2.599e+02 146 0 1 6.480e+02 6.540e+02 56 0 4 4.096e+02 4.304e+02 194 0 3 6.469e+02 6.551e+02 76 0 2 6.675e+02 6.765e+02 83 0 3 6.393e+02 6.627e+02 217 0 2 6.570e+02 6.870e+02 278 0 4 6.570e+02 6.870e+02 278
30677 3 0 4 4.108e+02 4.292e+02 170 1 2 5.014e+02 5.066e+02 48 2 3 2.007e+01 2.193e+01 17
30678 6 0 2 2.437e+02 2.603e+02 154 0 4 2.430e+02 2.610e+02 168 0 3 2.595e+02 2.865e+02 251 2 3 1.461e+02 1.479e+02 16 2 3 4.813e+02 4.847e+02 32 2 3 5.911e+01 6.689e+01 72
30679 0
30680 28 0 3 5.250e+02 5.250e+02 -15 0 1 5.223e+02 5.277e+02 50 0 2 4.872e+02 5.208e+02 311 1 4 6.289e+02 6.311e+02 21 1 1 6.015e+02 6.165e+02 139 1 2 6.246e+02 6.354e+02 100 1 3 5.958e+02 6.222e+02 246 2 2 4.200e+01 4.200e+01 -10 2 4 4.620e+02 4.620e+02 -15 2 2 1.680e+02 1.680e+02 -7 2 4 2.504e+02 2.536e+02 30 2 3 4.762e+02 4.898e+02 127 2 1 1.824e+01 2.376e+01 51 2 4 6.639e+02 6.801e+02 150 2 2 1.247e+02 1.273e+02 25 2 2 4.947e+02 5.133e+02 172 2 3 1.841e+02 1.939e+02 90 2 2 4.509e+02 4.731e+02 206 2 2 2.100e+02 2.100e+02 -11 2 4 4.882e+02 5.198e+02 293 2 3 2.017e+01 2.183e+01 16 2 3 9.842e+01 1.116e+02 122 2 1 1.388e+02 1.552e+02 153 2 1 2.183e+02 2.437e+02 236 2 1 5.683e+01 6.917e+01 115 2 4 1.126e+02 1.394e+02 249 2 4 1.514e+02 1.846e+02 309 2 3 9.443e+00 3.256e+01 215
30681 0
30682 0
30684 5 2 4 1.238e+02 1.282e+02 40 3 1 3.566e+02 3.574e+02 7 3 4 3.761e+02 3.799e+02 35 3 3 3.453e+02 3.687e+02 217 3 2 3.641e+02 3.919e+02 259
30685 6 0 2 6.533e+02 6.907e+02 347 1 2 6.213e+02 6.387e+02 162 1 3 5.969e+02 6.211e+02 224 1 4 6.115e+02 6.485e+02 344 2 1 5.198e+01 7.402e+01 205 2 2 5.721e+02 6.039e+02 296
30688 5 0 3 5.086e+02 5.414e+02 305 0 2 6.129e+02 6.471e+02 318 0 1 4.985e+02 5.515e+02 491 0 4 6.085e+02 6.515e+02 400 0 2 6.459e+02 6.981e+02 484
30689 13 0 1 6.492e+02 6.528e+02 33 0 3 6.471e+02 6.549e+02 72 0 4 6.125e+02 6.475e+02 325 0 4 6.657e+02 6.783e+02 116 0 3 6.409e+02 6.611e+02 187 0 2 6.638e+02 6.802e+02 153 2 1 2.100e+01 2.100e+01 -24 2 3 1.047e+02 1.053e+02 6 2 3 1.339e+01 2.861e+01 141 2 4 7.796e+01 9.004e+01 112 2 4 5.715e+02 6.045e+02 306 2 2 1.137e+02 1.383e+02 229 2 4 6.782e+01 1.002e+02 300
30690 47 0 3 6.080e+02 6.100e+02 19 0 2 6.291e+02 6.309e+02 17 0 4 6.289e+02 6.311e+02 20 0 3 5.005e+02 5.495e+02 456 0 4 5.792e+02 5.968e+02 164 0 1 5.897e+02 6.283e+02 359 1 1 5.657e+02 5.683e+02 25 1 4 6.284e+02 6.316e+02 30 1 3 5.234e+02 5.266e+02 30 1 2 6.261e+02 6.339e+02 72 1 2 4.894e+02 5.186e+02 271 1 2 5.775e+02 5.985e+02 196 1 1 6.006e+02 6.174e+02 156 1 4 5.738e+02 6.022e+02 263 1 3 5.988e+02 6.192e+02 190 1 4 5.330e+02 5.590e+02 241 1 2 6.128e+02 6.472e+02 319 1 3 5.904e+02 6.276e+02 346 2 3 6.140e+01 6.460e+01 30 2 4 1.252e+02 1.268e+02 16 2 2 2.092e+02 2.108e+02 15 2 2 4.133e+02 4.267e+02 124 2 1 1.990e+01 2.210e+01 20 2 2 5.428e+02 5.492e+02 59 2 4 8.307e+01 8.493e+01 17 2 4 5.292e+02 5.628e+02 311 2 1 1.384e+02 1.556e+02 160 2 4 5.812e+02 5.948e+02 127 2 4 1.988e+02 2.212e+02 208 2 3 5.548e+02 5.792e+02 227 2 3 1.913e+01 2.287e+01 35 2 3 5.918e+02 6.262e+02 320 2 3 1.027e+02 1.073e+02 42 2 3 1.336e+02 1.604e+02 248 2 1 2.167e+02 2.453e+02 266 2 3 5.220e+01 7.380e+01 200 2 2 7.549e+01 9.251e+01 158 2 3 1.384e+01 2.816e+01 133 2 3 9.088e+01 1.191e+02 262 2 4 2.909e+01 5.491e+01 240 2 2 1.126e+02 1.394e+02 248 2 1 5.050e+01 7.550e+01 232 3 3 1.855e+01 2.345e+01 46 3 3 1.026e+02 1.074e+02 45 3 3 6.194e+01 6.406e+01 20 3 4 1.243e+02 1.277e+02 32 3 3 1.305e+02 1.635e+02 306
30692 1 0 2 5.226e+02 5.694e+02 434
