53820 3 2 4 6.227e+02 6.373e+02 135 2 3 6.482e+02 6.538e+02 52 2 2 6.622e+02 6.818e+02 182
53821 0
53822 0
53823 1 0 4 6.519e+02 6.921e+02 373
53824 34 0 1 5.206e+02 5.294e+02 82 0 1 6.057e+02 6.123e+02 61 0 3 5.189e+02 5.311e+02 114 0 1 5.613e+02 5.727e+02 106 0 1 5.534e+02 5.806e+02 252 0 2 5.262e+02 5.658e+02 368 1 1 5.904e+02 6.276e+02 346 2 1 1.880e+02 1.900e+02 18 2 4 6.295e+02 6.305e+02 10 2 2 3.335e+02 3.385e+02 47 2 2 4.193e+02 4.207e+02 14 2 4 1.255e+02 1.265e+02 9 2 2 5.871e+02 5.889e+02 17 2 3 1.881e+02 1.899e+02 17 2 2 6.715e+02 6.725e+02 10 2 1 3.537e+02 3.603e+02 60 2 3 4.702e+02 4.958e+02 237 2 2 1.198e+02 1.322e+02 116 2 3 5.607e+02 5.733e+02 116 2 2 1.668e+02 1.692e+02 23 2 1 6.039e+02 6.141e+02 94 2 3 2.641e+02 2.819e+02 165 2 3 6.428e+02 6.592e+02 153 2 4 3.285e+02 3.435e+02 139 2 4 5.278e+02 5.642e+02 338 2 4 2.838e+01 5.562e+01 253 2 3 9.524e+01 1.148e+02 181 2 4 1.669e+02 1.691e+02 20 2 3 2.968e+02 3.332e+02 338 2 4 1.087e+02 1.433e+02 321 2 3 1.391e+02 1.549e+02 146 2 3 1.776e+02 2.004e+02 212 2 3 1.283e+02 1.657e+02 347 2 4 1.497e+02 1.863e+02 340
53825 3 0 2 6.690e+02 6.750e+02 56 0 4 6.681e+02 6.759e+02 73 0 1 6.302e+02 6.718e+02 386
53826 25 0 2 6.703e+02 6.737e+02 32 0 1 5.235e+02 5.265e+02 27 0 1 6.477e+02 6.543e+02 61 0 3 5.210e+02 5.290e+02 75 0 2 5.283e+02 5.637e+02 328 1 2 5.877e+02 5.883e+02 6 1 3 6.046e+02 6.134e+02 81 1 4 5.814e+02 5.946e+02 123 1 1 5.970e+02 6.210e+02 223 1 2 5.755e+02 6.005e+02 233 1 3 5.926e+02 6.254e+02 305 1 4 5.700e+02 6.060e+02 335 1 1 5.471e+02 5.869e+02 369 2 1 3.147e+02 3.153e+02 5 2 4 3.331e+02 3.389e+02 54 2 3 6.086e+01 6.514e+01 40 2 2 8.218e+01 8.582e+01 34 2 4 2.465e+02 2.575e+02 102 2 4 2.876e+02 3.004e+02 118 2 4 3.390e+01 5.010e+01 150 2 4 6.463e+02 6.977e+02 478 2 2 2.841e+02 3.039e+02 183 2 2 3.633e+02 3.927e+02 273 2 2 1.091e+02 1.429e+02 315 2 3 2.963e+02 3.337e+02 348
53827 7 0 4 2.338e+02 2.702e+02 337 0 4 2.255e+02 2.785e+02 492 0 4 5.741e+02 6.019e+02 259 0 2 3.523e+02 4.037e+02 477 2 1 4.819e+02 4.841e+02 20 2 4 6.646e+02 6.794e+02 138 3 4 2.410e+02 2.630e+02 204
53828 19 0 3 3.990e+02 3.990e+02 -0 0 1 5.670e+02 5.670e+02 -24 0 4 5.880e+02 5.880e+02 -5 0 2 6.704e+02 6.736e+02 30 0 4 4.200e+02 4.200e+02 0 0 1 5.566e+02 5.774e+02 194 0 1 6.503e+02 6.517e+02 13 0 3 6.486e+02 6.534e+02 45 0 2 6.624e+02 6.816e+02 178 0 4 6.666e+02 6.774e+02 100 0 3 6.342e+02 6.678e+02 311 2 2 2.520e+02 2.520e+02 -1 2 3 5.970e+01 6.630e+01 61 2 2 8.353e+01 8.447e+01 9 2 4 2.470e+02 2.570e+02 92 2 2 3.224e+01 5.176e+01 181 2 3 2.144e+02 2.476e+02 308 2 1 2.570e+02 2.890e+02 298 2 4 6.571e+01 1.023e+02 340
53829 12 0 1 6.479e+02 6.541e+02 58 0 3 6.470e+02 6.550e+02 74 0 1 6.391e+02 6.629e+02 220 0 2 6.553e+02 6.887e+02 310 0 4 6.558e+02 6.882e+02 301 1 4 6.153e+02 6.447e+02 273 2 3 1.005e+02 1.095e+02 83 2 2 6.755e+01 1.005e+02 306 2 4 6.953e+01 9.847e+01 269 3 1 6.131e+01 6.469e+01 31 3 3 6.226e+01 6.374e+01 14 3 4 2.259e+01 6.141e+01 360
53830 39 0 4 3.355e+02 3.365e+02 10 0 4 6.720e+02 6.720e+02 -12 0 1 3.129e+02 3.171e+02 39 0 3 5.667e+02 5.673e+02 6 0 2 3.314e+02 3.406e+02 86 0 3 6.084e+02 6.096e+02 10 0 1 3.036e+02 3.264e+02 212 0 1 6.502e+02 6.518e+02 15 0 2 6.230e+02 6.370e+02 130 0 4 3.582e+02 3.978e+02 367 0 3 6.510e+02 6.510e+02 -2 0 3 1.684e+02 2.096e+02 382 0 3 5.096e+02 5.404e+02 286 0 4 1.882e+02 2.318e+02 406 0 4 6.267e+02 6.333e+02 61 0 2 6.717e+02 6.723e+02 6 0 1 1.270e+02 1.670e+02 372 0 4 5.780e+02 5.980e+02 186 0 2 6.601e+02 6.839e+02 221 0 3 5.990e+02 6.190e+02 186 0 3 6.337e+02 6.683e+02 321 0 4 6.045e+02 6.555e+02 474 0 1 6.307e+02 6.713e+02 377 2 3 3.984e+02 3.996e+02 10 2 2 3.772e+02 3.788e+02 16 2 3 3.928e+02 4.052e+02 116 2 2 1.215e+02 1.305e+02 83 2 3 1.890e+02 1.890e+02 -8 2 4 3.201e+01 5.199e+01 186 2 4 4.063e+02 4.337e+02 254 2 3 9.254e+01 1.175e+02 231 2 1 1.796e+02 1.984e+02 175 2 2 1.964e+02 2.236e+02 252 2 1 4.139e+01 8.461e+01 401 2 4 1.152e+02 1.368e+02 201 2 4 1.541e+02 1.819e+02 259 2 2 2.218e+01 6.182e+01 368 2 4 1.577e+01 6.823e+01 487 2 3 3.722e+01 8.878e+01 479
53831 18 0 2 3.780e+02 3.780e+02 -12 0 2 6.263e+02 6.337e+02 70 0 4 3.680e+02 3.880e+02 186 0 2 6.705e+02 6.735e+02 27 0 3 3.856e+02 4.124e+02 248 0 1 3.438e+02 3.702e+02 245 0 2 5.322e+02 5.598e+02 257 0 2 6.618e+02 6.822e+02 189 0 4 6.613e+02 6.827e+02 198 1 2 6.134e+02 6.466e+02 308 1 4 6.116e+02 6.484e+02 341 2 3 3.094e+02 3.206e+02 105 2 1 5.961e+01 6.639e+01 63 2 2 2.856e+02 3.024e+02 156 2 3 6.239e+01 6.361e+01 11 2 2 6.809e+01 9.991e+01 296 2 4 2.836e+02 3.044e+02 194 2 4 3.242e+01 5.158e+01 178
53832 14 0 2 6.558e+02 6.882e+02 300 1 2 6.300e+02 6.300e+02 0 1 2 5.880e+02 5.880e+02 -1 1 4 6.228e+02 6.372e+02 135 1 2 5.751e+02 6.009e+02 240 1 3 5.934e+02 6.246e+02 290 1 1 5.909e+02 6.271e+02 336 2 2 2.520e+02 2.520e+02 -5 2 3 2.664e+02 2.796e+02 122 2 2 1.970e+02 2.230e+02 242 2 3 1.712e+02 2.068e+02 331 2 4 2.020e+02 2.180e+02 148 3 1 1.406e+02 1.534e+02 120 3 3 5.497e+02 5.843e+02 320
53833 0
53834 10 2 3 3.554e+02 3.586e+02 29 2 1 3.510e+02 3.630e+02 111 2 2 3.628e+02 3.932e+02 283 3 3 4.402e+02 4.418e+02 15 3 1 4.753e+02 4.907e+02 144 3 2 4.505e+02 4.735e+02 213 3 3 4.747e+02 4.913e+02 155 3 4 4.521e+02 4.719e+02 184 3 2 4.110e+02 4.290e+02 166 3 1 4.217e+02 4.603e+02 359
53835 0
53836 3 0 2 6.719e+02 6.721e+02 1 0 4 6.711e+02 6.729e+02 17 0 1 6.329e+02 6.691e+02 336
53837 83 0 1 5.664e+02 5.676e+02 10 0 4 3.332e+02 3.388e+02 51 0 3 6.087e+02 6.093e+02 6 0 1 1.848e+02 1.932e+02 77 0 1 6.500e+02 6.520e+02 18 0 2 2.052e+02 2.148e+02 90 0 3 4.404e+02 4.416e+02 10 0 1 3.111e+02 3.189e+02 72 0 2 5.026e+02 5.054e+02 26 0 1 3.491e+02 3.649e+02 147 0 3 5.646e+02 5.694e+02 44 0 4 1.999e+02 2.201e+02 188 0 2 6.300e+02 6.300e+02 -1 0 4 3.735e+02 3.825e+02 84 0 3 6.503e+02 6.517e+02 13 0 3 2.140e+02 2.480e+02 316 0 1 3.985e+02 3.995e+02 9 0 2 3.270e+02 3.450e+02 166 0 4 5.017e+02 5.063e+02 43 0 2 3.150e+02 3.570e+02 390 0 1 5.223e+02 5.277e+02 50 0 2 3.585e+02 3.975e+02 363 0 4 6.296e+02 6.304e+02 8 0 2 6.712e+02 6.728e+02 16 0 3 3.963e+02 4.017e+02 50 0 4 4.601e+02 4.639e+02 36 0 3 5.214e+02 5.286e+02 67 0 4 5.864e+02 5.896e+02 29 0 4 6.686e+02 6.754e+02 63 0 4 4.183e+02 4.217e+02 31 0 1 4.814e+02 4.846e+02 30 0 2 5.453e+02 5.467e+02 14 0 1 6.057e+02 6.123e+02 60 0 3 3.816e+02 4.164e+02 323 0 3 4.792e+02 4.868e+02 70 0 2 5.357e+02 5.563e+02 190 0 4 4.919e+02 5.161e+02 225 0 1 5.094e+02 5.406e+02 290 0 2 4.495e+02 4.745e+02 231 0 3 5.086e+02 5.415e+02 306 0 1 4.720e+02 4.940e+02 205 0 2 4.848e+02 5.232e+02 356 1 4 6.293e+02 6.307e+02 14 1 4 5.872e+02 5.888e+02 15 1 3 1.396e+02 1.544e+02 137 1 1 6.078e+02 6.102e+02 23 1 2 1.568e+02 1.792e+02 207 1 1 5.614e+02 5.726e+02 104 1 3 6.087e+02 6.093e+02 6 1 2 5.851e+02 5.909e+02 55 1 2 6.296e+02 6.304e+02 7 1 1 5.557e+02 5.783e+02 210 1 1 5.965e+02 6.215e+02 231 1 3 5.543e+02 5.797e+02 236 1 4 5.709e+02 6.051e+02 318 1 1 5.484e+02 5.856e+02 345 2 4 3.777e+02 3.783e+02 6 2 3 4.407e+02 4.413e+02 6 2 3 1.788e+01 2.412e+01 58 2 4 6.712e+02 6.728e+02 15 2 3 1.443e+02 1.497e+02 50 2 3 3.968e+02 4.012e+02 40 2 3 3.529e+02 3.611e+02 76 2 4 1.183e+02 1.337e+02 144 2 4 4.075e+02 4.325e+02 232 2 2 1.628e+02 1.732e+02 97 2 2 4.058e+02 4.342e+02 264 2 3 2.217e+02 2.403e+02 173 2 1 3.469e+02 3.671e+02 188 2 3 4.875e+01 7.725e+01 265 2 2 6.907e+01 9.893e+01 277 2 4 1.548e+02 1.812e+02 245 2 4 2.359e+02 2.681e+02 299 2 2 3.682e+02 3.878e+02 182 2 1 8.498e+00 3.350e+01 232 2 4 6.948e+01 9.852e+01 270 2 3 2.141e+02 2.479e+02 315 2 4 3.207e+02 3.513e+02 284 2 2 2.748e+01 5.652e+01 270 2 4 1.084e+02 1.436e+02 326 3 4 1.259e+02 1.261e+02 1 3 1 1.972e+01 2.228e+01 24 3 3 1.314e+02 1.626e+02 290
53838 0
53839 7 3 1 3.534e+02 3.606e+02 66 3 2 2.897e+02 2.983e+02 80 3 2 3.752e+02 3.808e+02 51 3 1 2.621e+02 2.839e+02 203 3 3 3.811e+02 4.169e+02 332 3 2 4.039e+02 4.361e+02 300 3 2 3.593e+02 3.967e+02 348
53840 4 0 1 5.591e+02 5.749e+02 147 0 4 5.880e+02 5.880e+02 -3 0 2 6.609e+02 6.831e+02 206 0 3 5.557e+02 5.783e+02 210
53841 3 0 2 8.321e+01 8.479e+01 15 0 4 6.718e+02 6.722e+02 4 2 4 8.281e+01 8.519e+01 22
53842 15 0 1 6.449e+02 6.571e+02 114 0 2 6.168e+02 6.432e+02 245 2 3 1.464e+02 1.476e+02 11 2 3 5.238e+02 5.262e+02 21 2 2 6.298e+02 6.302e+02 4 2 3 2.662e+02 2.798e+02 127 2 4 5.033e+02 5.047e+02 12 2 4 1.112e+02 1.408e+02 275 2 4 6.270e+02 6.330e+02 56 2 1 1.326e+02 1.614e+02 267 2 2 5.295e+02 5.625e+02 307 2 2 1.561e+02 1.799e+02 221 2 1 5.951e+02 6.229e+02 259 2 1 5.524e+02 5.816e+02 270 2 3 6.331e+02 6.689e+02 332
53843 4 1 3 6.074e+02 6.106e+02 30 1 4 6.122e+02 6.478e+02 330 1 2 5.664e+02 6.096e+02 401 2 3 6.065e+02 6.115e+02 46
53844 10 0 1 4.232e+02 4.588e+02 330 1 3 6.090e+02 6.090e+02 -0 1 4 6.141e+02 6.459e+02 296 1 2 5.717e+02 6.043e+02 302 2 2 4.180e+02 4.220e+02 38 2 3 4.397e+02 4.423e+02 25 2 4 4.501e+02 4.739e+02 221 3 2 8.074e+01 8.726e+01 60 3 4 7.285e+01 9.515e+01 207 3 3 4.619e+01 7.981e+01 312
53845 16 0 4 5.856e+02 5.904e+02 45 0 1 5.492e+02 5.848e+02 330 0 4 1.976e+02 2.224e+02 230 0 3 5.903e+02 6.277e+02 348 0 2 6.577e+02 6.863e+02 265 1 2 6.261e+02 6.339e+02 73 1 4 6.213e+02 6.387e+02 162 1 1 5.923e+02 6.257e+02 310 1 4 6.151e+02 6.449e+02 276 2 1 5.974e+01 6.626e+01 60 2 1 2.100e+01 2.100e+01 -1 2 4 7.020e+01 9.780e+01 256 2 3 1.523e+01 2.677e+01 107 2 2 3.847e+01 4.553e+01 66 2 3 5.395e+01 7.205e+01 168 2 3 4.863e+00 3.714e+01 300
53846 0
