56688 4 3 2 4.118e+02 4.282e+02 153 3 2 3.677e+02 3.883e+02 192 3 4 4.117e+02 4.283e+02 154 3 3 4.296e+02 4.524e+02 212
56689 2 2 4 3.775e+02 3.785e+02 9 2 2 5.398e+02 5.522e+02 116
56690 18 0 1 5.656e+02 5.684e+02 26 0 2 6.270e+02 6.330e+02 56 0 3 5.643e+02 5.697e+02 50 0 4 6.283e+02 6.317e+02 31 0 2 6.685e+02 6.755e+02 66 0 4 4.955e+02 5.125e+02 158 0 2 5.338e+02 5.582e+02 226 0 3 5.914e+02 6.266e+02 326 0 4 6.630e+02 6.810e+02 168 0 1 4.641e+02 5.019e+02 351 0 3 5.072e+02 5.428e+02 330 0 4 5.690e+02 6.070e+02 353 0 3 6.332e+02 6.688e+02 330 2 1 1.450e+02 1.490e+02 36 2 4 4.599e+02 4.641e+02 40 2 4 4.932e+02 5.148e+02 200 2 4 1.208e+02 1.312e+02 97 2 3 1.408e+02 1.532e+02 116
56691 3 0 1 6.494e+02 6.526e+02 30 0 4 6.684e+02 6.756e+02 67 0 3 6.433e+02 6.587e+02 142
56692 7 0 2 5.002e+02 5.078e+02 70 0 4 4.489e+02 4.751e+02 243 1 2 3.747e+02 3.813e+02 60 1 2 4.470e+02 4.770e+02 278 2 4 8.361e+01 8.439e+01 7 2 2 7.845e+01 8.955e+01 103 2 3 9.721e+01 1.128e+02 145
56693 2 0 3 5.242e+02 5.258e+02 15 0 4 2.867e+02 3.013e+02 136
56694 27 0 1 6.508e+02 6.512e+02 4 0 3 6.498e+02 6.522e+02 21 0 1 6.409e+02 6.611e+02 187 0 3 6.399e+02 6.621e+02 206 0 2 6.617e+02 6.823e+02 191 0 4 6.621e+02 6.819e+02 183 1 4 5.370e+02 5.550e+02 167 2 4 2.518e+02 2.522e+02 4 2 3 1.021e+02 1.079e+02 55 2 4 6.270e+02 6.330e+02 56 2 3 2.275e+02 2.345e+02 65 2 2 6.682e+02 6.758e+02 70 2 1 2.684e+02 2.776e+02 85 2 4 4.189e+02 4.211e+02 20 2 4 3.811e+01 4.589e+01 72 2 1 6.477e+02 6.543e+02 60 2 3 5.355e+01 7.245e+01 176 2 3 4.318e+02 4.502e+02 170 2 2 6.634e+01 1.017e+02 328 2 2 4.456e+02 4.784e+02 304 2 2 2.346e+02 2.694e+02 323 2 3 6.454e+02 6.566e+02 104 2 3 2.609e+02 2.851e+02 224 2 2 6.515e+02 6.925e+02 380 2 3 8.319e+00 3.368e+01 236 2 4 7.029e+01 9.771e+01 255 2 2 1.080e+02 1.440e+02 334
56695 2 0 4 6.267e+02 6.333e+02 62 2 4 3.620e+02 3.940e+02 297
56696 3 2 3 3.114e+02 3.186e+02 66 2 2 3.334e+02 3.386e+02 48 2 4 2.868e+02 3.012e+02 134
56697 10 0 4 2.910e+02 2.970e+02 56 0 2 6.676e+02 6.764e+02 81 0 4 6.703e+02 6.737e+02 32 0 4 2.754e+02 3.126e+02 346 0 2 6.530e+02 6.910e+02 353 0 4 6.535e+02 6.905e+02 344 1 2 6.280e+02 6.320e+02 38 1 2 6.109e+02 6.491e+02 355 2 4 5.392e+02 5.528e+02 126 2 3 5.056e+02 5.444e+02 360
56698 1 2 2 2.450e+02 2.590e+02 130
56699 0
56700 43 0 3 6.040e+02 6.140e+02 92 0 4 6.701e+02 6.739e+02 36 0 1 3.957e+02 4.023e+02 62 0 3 5.279e+01 7.321e+01 190 0 2 5.017e+02 5.063e+02 43 0 4 7.087e+01 9.713e+01 244 0 3 5.644e+02 5.696e+02 48 0 3 8.334e+01 1.267e+02 402 0 2 6.239e+02 6.361e+02 114 0 1 6.488e+02 6.532e+02 41 0 3 3.926e+02 4.054e+02 118 0 4 5.015e+02 5.065e+02 47 0 1 5.196e+02 5.304e+02 100 0 4 6.272e+02 6.328e+02 51 0 3 6.444e+02 6.576e+02 122 0 3 4.257e+02 4.563e+02 285 0 1 4.769e+02 4.891e+02 114 0 3 5.172e+02 5.328e+02 145 0 4 5.847e+02 5.913e+02 61 0 2 6.677e+02 6.763e+02 80 0 4 4.040e+02 4.360e+02 297 0 3 4.665e+02 4.995e+02 306 0 2 5.405e+02 5.515e+02 101 0 1 5.982e+02 6.198e+02 200 0 2 6.539e+02 6.901e+02 336 0 1 5.597e+02 5.743e+02 135 0 2 6.131e+02 6.469e+02 314 1 4 6.297e+02 6.303e+02 6 1 2 6.259e+02 6.341e+02 76 1 4 6.148e+02 6.452e+02 283 1 4 5.721e+02 6.039e+02 295 2 3 1.028e+02 1.072e+02 41 2 3 3.570e+02 3.570e+02 -16 2 1 6.882e+00 3.512e+01 262 2 4 1.180e+02 1.340e+02 148 2 1 1.357e+02 1.583e+02 210 2 3 1.231e+01 2.969e+01 161 2 4 7.406e+01 9.394e+01 185 2 3 1.381e+02 1.559e+02 165 2 4 2.739e+01 5.661e+01 271 2 3 9.232e+01 1.177e+02 236 2 4 1.512e+02 1.848e+02 312 2 2 1.129e+02 1.391e+02 244
56701 1 1 1 6.005e+02 6.175e+02 157
56702 0
56703 41 0 1 5.660e+02 5.680e+02 18 0 1 6.459e+02 6.561e+02 95 0 2 4.590e+02 4.650e+02 56 0 3 5.626e+02 5.714e+02 82 0 3 6.476e+02 6.544e+02 64 0 4 4.507e+02 4.733e+02 210 0 3 5.116e+02 5.384e+02 249 0 4 5.741e+02 6.019e+02 259 0 2 6.658e+02 6.782e+02 116 0 3 4.700e+02 4.960e+02 241 0 2 5.265e+02 5.655e+02 363 0 2 6.145e+02 6.455e+02 287 0 4 6.549e+02 6.891e+02 317 0 1 4.206e+02 4.614e+02 379 0 4 6.126e+02 6.474e+02 324 2 1 1.945e+01 2.255e+01 29 2 2 8.384e+01 8.416e+01 3 2 1 1.466e+02 1.474e+02 7 2 2 2.475e+02 2.565e+02 83 2 2 2.940e+02 2.940e+02 -1 2 1 3.567e+02 3.573e+02 6 2 4 8.155e+01 8.645e+01 46 2 3 1.438e+02 1.502e+02 59 2 4 2.047e+02 2.153e+02 98 2 4 2.923e+02 2.957e+02 31 2 3 4.700e+01 7.900e+01 297 2 4 1.117e+02 1.403e+02 266 2 3 1.864e+02 1.916e+02 49 2 1 2.241e+02 2.379e+02 129 2 1 3.093e+02 3.207e+02 106 2 3 8.689e+01 1.231e+02 336 2 2 1.564e+02 1.796e+02 216 2 3 2.233e+02 2.387e+02 142 2 1 2.640e+02 2.820e+02 168 2 2 1.089e+02 1.431e+02 317 2 4 1.587e+02 1.773e+02 173 2 4 2.395e+02 2.645e+02 231 2 1 3.024e+02 3.276e+02 234 2 1 1.749e+02 2.031e+02 262 2 2 1.943e+02 2.257e+02 291 2 3 2.154e+02 2.466e+02 290
56704 0
56705 21 0 2 2.922e+02 2.958e+02 33 0 1 6.090e+02 6.090e+02 -0 0 2 5.398e+02 5.522e+02 116 0 1 2.710e+02 2.750e+02 36 0 3 6.075e+02 6.105e+02 27 0 4 2.834e+02 3.046e+02 196 0 3 5.579e+02 5.761e+02 169 0 3 5.987e+02 6.193e+02 190 0 1 5.488e+02 5.852e+02 339 0 4 6.223e+02 6.377e+02 142 0 1 5.909e+02 6.271e+02 336 0 4 5.652e+02 6.108e+02 423 2 3 6.262e+01 6.338e+01 7 2 3 2.057e+01 2.143e+01 8 2 4 7.482e+01 9.318e+01 170 2 2 4.058e+01 4.342e+01 26 2 2 6.975e+01 9.825e+01 265 2 4 3.623e+01 4.777e+01 107 2 1 1.554e+01 2.646e+01 101 2 1 2.396e+00 3.960e+01 346 2 4 2.376e+01 6.024e+01 339
56706 2 2 4 8.375e+01 8.425e+01 5 2 4 7.069e+01 9.731e+01 247
56707 0
56708 2 0 4 6.695e+02 6.745e+02 47 0 2 6.653e+02 6.787e+02 125
56709 9 0 3 5.668e+02 5.672e+02 4 0 2 6.255e+02 6.345e+02 84 0 3 6.464e+02 6.556e+02 86 0 1 5.230e+02 5.270e+02 37 0 4 6.236e+02 6.364e+02 119 0 1 6.414e+02 6.606e+02 179 0 3 6.375e+02 6.645e+02 251 0 4 6.532e+02 6.908e+02 350 1 2 6.251e+02 6.349e+02 91
56710 9 0 1 5.621e+02 5.719e+02 90 0 2 6.674e+02 6.766e+02 85 0 3 4.674e+02 4.986e+02 290 0 3 5.585e+02 5.755e+02 158 0 4 6.681e+02 6.759e+02 73 0 1 6.390e+02 6.630e+02 223 2 1 2.100e+01 2.100e+01 -8 2 3 1.101e+01 3.099e+01 186 2 3 5.445e+00 3.655e+01 289
56711 0
56712 7 0 2 4.611e+02 4.629e+02 17 0 4 5.878e+02 5.882e+02 5 0 3 4.410e+02 4.410e+02 -14 0 3 6.079e+02 6.101e+02 20 0 1 6.035e+02 6.145e+02 101 2 2 3.601e+01 4.799e+01 111 2 4 3.637e+01 4.763e+01 105
56713 15 0 2 6.708e+02 6.732e+02 21 0 4 6.694e+02 6.746e+02 49 1 3 5.234e+02 5.266e+02 29 1 3 6.087e+02 6.093e+02 5 2 1 5.840e+01 6.760e+01 86 2 3 5.602e+02 5.738e+02 126 2 4 2.824e+02 3.056e+02 215 2 2 5.860e+02 5.900e+02 37 2 3 6.266e+01 6.334e+01 6 2 4 5.278e+02 5.642e+02 339 2 2 6.898e+01 9.902e+01 279 2 4 5.797e+02 5.963e+02 155 2 4 2.622e+01 5.778e+01 293 2 1 5.906e+02 6.274e+02 342 2 3 8.536e+01 1.246e+02 365
56714 5 0 4 1.631e+02 1.729e+02 91 0 2 1.571e+02 1.789e+02 203 2 2 2.906e+02 2.974e+02 63 2 3 2.608e+02 2.852e+02 227 2 4 2.818e+02 3.062e+02 227
56715 8 0 2 6.697e+02 6.743e+02 43 0 1 6.434e+02 6.586e+02 140 0 3 6.398e+02 6.622e+02 208 1 2 5.803e+02 5.957e+02 143 2 4 4.200e+01 4.200e+01 -11 2 2 3.946e+01 4.454e+01 47 2 1 5.687e+01 6.913e+01 114 2 3 5.297e+01 7.303e+01 186
56716 1 2 4 2.360e+02 2.680e+02 297
56717 0
56718 10 0 3 6.067e+02 6.113e+02 42 0 4 1.549e+02 1.811e+02 243 0 1 5.938e+02 6.242e+02 283 2 4 3.758e+02 3.802e+02 41 2 4 7.809e+01 8.991e+01 110 2 3 3.388e+02 3.752e+02 339 3 1 5.629e+02 5.711e+02 76 3 1 5.565e+02 5.775e+02 195 3 4 3.657e+02 3.903e+02 228 3 2 4.057e+02 4.343e+02 266
56719 5 2 4 6.275e+02 6.325e+02 47 2 1 6.453e+02 6.567e+02 106 2 2 6.200e+02 6.400e+02 186 2 4 6.168e+02 6.432e+02 246 2 3 6.359e+02 6.661e+02 280
56720 15 0 2 6.257e+02 6.343e+02 80 0 4 6.245e+02 6.355e+02 103 0 1 6.351e+02 6.669e+02 295 0 3 6.359e+02 6.661e+02 280 1 2 6.286e+02 6.314e+02 26 1 4 6.300e+02 6.300e+02 -2 1 3 5.903e+02 6.277e+02 347 1 1 5.885e+02 6.295e+02 381 2 4 7.545e+01 9.255e+01 159 2 1 5.059e+01 7.541e+01 230 2 2 7.630e+01 9.170e+01 143 2 3 5.207e+01 7.393e+01 203 3 2 4.200e+01 4.200e+01 -2 3 4 4.117e+01 4.283e+01 16 3 1 4.395e+01 8.205e+01 354
