26046 4 2 2 1.235e+02 1.285e+02 47 2 4 1.228e+02 1.292e+02 60 2 1 1.388e+02 1.552e+02 153 2 3 1.335e+02 1.605e+02 251
26047 5 1 3 5.242e+02 5.258e+02 15 1 4 5.453e+02 5.467e+02 14 1 2 4.949e+02 5.131e+02 170 2 4 2.457e+02 2.583e+02 117 2 3 2.143e+02 2.477e+02 310
26048 1 1 1 3.419e+02 3.721e+02 280
26050 61 0 1 3.146e+02 3.154e+02 7 0 1 5.667e+02 5.673e+02 6 0 3 6.087e+02 6.093e+02 6 0 1 2.686e+02 2.774e+02 81 0 1 6.509e+02 6.511e+02 1 0 2 2.836e+02 3.044e+02 194 0 2 4.595e+02 4.645e+02 47 0 2 3.656e+02 3.904e+02 230 0 3 5.642e+02 5.698e+02 51 0 4 3.228e+01 5.172e+01 180 0 1 6.087e+02 6.093e+02 6 0 4 2.837e+02 3.043e+02 191 0 3 6.491e+02 6.529e+02 35 0 4 3.622e+02 3.938e+02 294 0 4 4.175e+02 4.225e+02 46 0 2 3.159e+02 3.561e+02 373 0 4 4.617e+02 4.623e+02 6 0 4 3.182e+02 3.538e+02 331 0 1 5.247e+02 5.253e+02 6 0 2 6.254e+02 6.346e+02 86 0 2 6.691e+02 6.749e+02 53 0 1 4.354e+02 4.466e+02 104 0 4 4.973e+02 5.107e+02 125 0 3 5.208e+02 5.292e+02 79 0 4 6.223e+02 6.377e+02 143 0 4 6.696e+02 6.744e+02 44 0 3 4.300e+02 4.520e+02 204 0 2 4.915e+02 5.165e+02 232 0 2 5.455e+02 5.465e+02 9 1 4 6.293e+02 6.307e+02 14 1 2 4.616e+02 4.624e+02 7 1 3 4.808e+02 4.852e+02 41 1 1 4.370e+02 4.450e+02 74 1 4 5.877e+02 5.883e+02 6 1 3 3.431e+02 3.709e+02 259 1 1 6.080e+02 6.100e+02 19 1 4 5.017e+02 5.063e+02 43 1 4 5.440e+02 5.480e+02 38 1 3 6.085e+02 6.095e+02 9 1 3 5.125e+02 5.375e+02 232 1 1 5.637e+02 5.703e+02 60 1 2 6.298e+02 6.302e+02 3 1 2 4.849e+02 5.231e+02 356 1 3 5.660e+02 5.680e+02 18 1 2 5.378e+02 5.542e+02 153 1 4 5.344e+02 5.576e+02 216 1 2 5.760e+02 6.000e+02 222 2 4 2.515e+02 2.525e+02 10 2 1 4.403e+02 4.417e+02 13 2 3 2.653e+02 2.807e+02 142 2 4 3.183e+02 3.537e+02 328 2 3 3.821e+02 4.159e+02 313 2 3 8.137e+00 3.386e+01 239 2 2 1.927e+02 2.273e+02 322 2 2 4.063e+02 4.337e+02 254 2 1 2.601e+02 2.859e+02 239 2 1 3.799e+02 4.181e+02 354 2 2 2.757e+02 3.123e+02 340 3 3 6.207e+01 6.393e+01 17 3 4 3.021e+01 5.379e+01 219 3 2 2.295e+01 6.105e+01 354
26053 11 0 4 4.986e+02 5.094e+02 100 2 2 3.654e+01 4.746e+01 101 2 2 5.809e+02 5.951e+02 131 2 1 1.285e+01 2.915e+01 151 2 4 5.865e+02 5.895e+02 27 2 1 6.011e+02 6.169e+02 147 2 3 5.909e+02 6.271e+02 336 3 2 4.594e+02 4.646e+02 48 3 4 4.146e+02 4.254e+02 100 3 1 3.018e+02 3.282e+02 245 3 3 4.220e+02 4.600e+02 352
26054 18 0 3 6.491e+02 6.529e+02 36 0 1 5.650e+02 5.690e+02 38 0 4 5.807e+02 5.953e+02 136 0 2 6.715e+02 6.725e+02 10 0 3 5.575e+02 5.765e+02 176 0 4 6.683e+02 6.757e+02 69 0 1 6.337e+02 6.683e+02 320 0 2 6.537e+02 6.903e+02 340 1 3 6.059e+02 6.121e+02 57 2 4 4.540e+02 4.700e+02 149 2 4 8.299e+01 8.501e+01 19 2 4 7.123e+01 9.677e+01 237 2 1 4.778e+02 4.882e+02 97 2 1 1.949e+00 4.005e+01 354 2 3 4.224e+02 4.596e+02 345 2 2 4.540e+02 4.700e+02 148 2 3 -1.777e+00 4.378e+01 423 2 3 4.626e+02 5.034e+02 380
26055 6 1 3 3.494e+02 3.646e+02 141 2 4 1.663e+02 1.697e+02 31 2 1 4.406e+02 4.414e+02 7 2 1 1.840e+02 1.940e+02 93 2 2 4.093e+02 4.307e+02 198 2 3 1.733e+02 2.047e+02 292
26056 0
26057 5 0 4 6.146e+02 6.454e+02 286 0 2 6.122e+02 6.478e+02 330 0 3 5.435e+02 5.905e+02 437 0 4 5.654e+02 6.106e+02 420 0 1 5.835e+02 6.345e+02 473
26058 9 0 4 4.615e+02 4.625e+02 9 0 1 6.356e+02 6.664e+02 286 0 3 6.343e+02 6.677e+02 310 2 2 3.224e+01 5.176e+01 181 2 4 3.618e+01 4.782e+01 108 2 4 6.692e+01 1.011e+02 317 2 3 4.641e+00 3.736e+01 304 2 2 6.078e+01 1.072e+02 431 2 3 4.363e+01 8.237e+01 360
26059 9 0 2 1.247e+02 1.273e+02 25 0 2 6.680e+02 6.760e+02 75 0 1 1.039e+02 1.061e+02 20 0 4 6.673e+02 6.767e+02 88 0 1 6.373e+02 6.647e+02 254 0 3 6.357e+02 6.663e+02 285 2 2 5.030e+02 5.050e+02 18 2 4 4.916e+02 5.164e+02 230 2 3 4.687e+02 4.973e+02 266
26063 7 0 2 1.241e+02 1.279e+02 36 0 1 9.182e+01 1.182e+02 245 0 4 1.493e+02 1.867e+02 347 0 4 5.654e+02 6.106e+02 420 0 4 6.454e+02 6.986e+02 495 2 3 4.550e+00 3.745e+01 306 2 2 1.671e+01 6.729e+01 470
26065 15 0 1 4.810e+02 4.850e+02 38 0 3 6.074e+02 6.106e+02 29 0 4 6.708e+02 6.732e+02 23 0 3 4.783e+02 4.877e+02 88 0 2 6.250e+02 6.350e+02 93 0 1 6.441e+02 6.579e+02 129 0 4 4.453e+02 4.787e+02 310 0 4 6.289e+02 6.311e+02 21 0 3 6.362e+02 6.658e+02 276 0 2 4.427e+02 4.813e+02 359 0 4 5.843e+02 5.917e+02 69 0 4 5.722e+02 6.038e+02 293 0 1 5.952e+02 6.228e+02 256 0 3 5.901e+02 6.279e+02 350 2 1 9.305e+00 3.269e+01 217
26067 6 0 3 4.391e+02 4.429e+02 36 0 2 4.518e+02 4.722e+02 189 0 4 4.037e+02 4.363e+02 302 0 1 4.277e+02 4.543e+02 247 2 4 6.192e+02 6.408e+02 201 2 3 5.377e+01 7.223e+01 171
26070 0
26071 5 0 4 1.954e+02 2.246e+02 270 0 2 1.831e+02 2.369e+02 499 1 3 2.310e+02 2.310e+02 -21 1 1 1.427e+02 1.513e+02 80 1 3 2.155e+02 2.465e+02 287
26072 0
26074 8 0 3 2.286e+02 2.334e+02 46 0 1 2.230e+02 2.390e+02 148 0 2 2.380e+02 2.660e+02 260 0 4 2.351e+02 2.689e+02 314 2 2 3.946e+01 4.454e+01 47 2 1 5.579e+01 7.021e+01 134 2 3 7.512e+00 3.449e+01 250 2 4 2.865e+01 5.535e+01 248
26076 0
26077 3 0 1 6.455e+02 6.565e+02 103 0 2 6.660e+02 6.780e+02 112 0 4 6.660e+02 6.780e+02 110
26078 11 0 2 5.398e+02 5.522e+02 116 0 2 6.598e+02 6.842e+02 226 0 4 6.571e+02 6.869e+02 277 2 3 3.086e+02 3.214e+02 118 2 4 6.250e+02 6.350e+02 92 2 2 1.645e+02 1.715e+02 65 2 1 3.018e+02 3.282e+02 246 2 3 6.461e+02 6.559e+02 90 2 2 1.994e+02 2.206e+02 196 2 2 6.599e+02 6.841e+02 225 2 4 2.777e+02 3.103e+02 302
26079 16 0 4 6.676e+02 6.764e+02 82 0 4 5.002e+02 5.078e+02 71 0 3 5.206e+02 5.294e+02 82 0 4 6.300e+02 6.300e+02 -7 0 4 4.528e+02 4.712e+02 171 0 2 5.412e+02 5.508e+02 89 0 2 6.272e+02 6.328e+02 51 0 1 5.627e+02 5.713e+02 80 0 1 5.196e+02 5.304e+02 100 2 1 6.300e+01 6.300e+01 -23 2 2 4.200e+01 4.200e+01 -7 2 3 6.149e+01 6.451e+01 28 2 4 3.013e+01 5.387e+01 220 2 1 6.478e+00 3.552e+01 270 2 3 9.800e+00 3.220e+01 208 2 3 1.767e+00 4.023e+01 357
26080 6 1 4 6.122e+02 6.478e+02 331 2 2 8.115e+01 8.685e+01 53 2 3 9.937e+01 1.106e+02 105 2 3 4.794e+01 7.806e+01 280 2 2 1.169e+02 1.351e+02 169 2 4 1.075e+02 1.445e+02 343
26082 8 0 2 5.435e+02 5.485e+02 46 0 4 5.839e+02 5.921e+02 76 0 1 5.478e+02 5.862e+02 356 0 3 5.910e+02 6.270e+02 335 0 3 5.528e+02 5.812e+02 264 0 1 5.059e+02 5.441e+02 355 2 2 7.495e+01 9.305e+01 168 2 2 6.876e+01 9.924e+01 283
26084 4 0 3 6.077e+02 6.103e+02 24 0 1 5.981e+02 6.199e+02 203 0 2 6.178e+02 6.422e+02 227 2 4 2.060e+02 2.140e+02 75
26085 17 0 4 5.038e+02 5.042e+02 3 0 2 5.426e+02 5.494e+02 63 0 1 6.510e+02 6.510e+02 -8 0 3 5.552e+02 5.788e+02 220 0 4 6.716e+02 6.724e+02 8 0 1 5.492e+02 5.848e+02 331 0 2 6.595e+02 6.845e+02 233 0 4 6.575e+02 6.865e+02 270 2 2 4.072e+01 4.328e+01 24 2 4 5.440e+02 5.480e+02 37 2 3 3.570e+02 3.570e+02 -4 2 1 1.348e+01 2.852e+01 140 2 2 1.240e+02 1.280e+02 37 2 4 3.677e+01 4.723e+01 97 2 3 1.007e+02 1.093e+02 80 2 3 1.065e+01 3.135e+01 192 2 4 1.142e+02 1.378e+02 219
26087 13 1 4 1.248e+02 1.272e+02 22 2 1 5.481e+02 5.859e+02 350 3 4 4.620e+02 4.620e+02 0 3 4 5.426e+02 5.494e+02 63 3 2 4.577e+02 4.663e+02 80 3 4 5.037e+02 5.043e+02 6 3 2 4.150e+02 4.250e+02 92 3 3 5.242e+02 5.258e+02 16 3 3 4.322e+02 4.498e+02 163 3 3 5.145e+02 5.355e+02 196 3 1 4.277e+02 4.543e+02 247 3 3 4.221e+02 4.599e+02 350 3 4 4.430e+02 4.810e+02 353
26088 9 0 4 6.283e+02 6.317e+02 31 0 4 2.889e+02 2.991e+02 94 0 1 6.022e+02 6.158e+02 127 0 4 5.007e+02 5.073e+02 62 0 3 5.096e+02 5.404e+02 286 0 3 5.972e+02 6.208e+02 220 0 4 4.891e+02 5.189e+02 276 0 2 6.232e+02 6.368e+02 126 0 1 4.680e+02 4.980e+02 279
26089 7 0 2 6.657e+02 6.783e+02 117 0 4 6.674e+02 6.766e+02 85 1 2 5.858e+02 5.902e+02 40 2 4 3.919e+01 4.481e+01 52 2 1 5.588e+01 7.012e+01 132 2 2 3.520e+01 4.880e+01 126 2 3 4.381e+01 8.219e+01 356
26090 3 1 4 5.820e+02 5.940e+02 110 2 3 3.145e+02 3.155e+02 10 2 4 2.854e+02 3.026e+02 160
26091 0
26094 0
26096 1 3 4 3.924e+01 4.476e+01 51
26098 30 0 4 5.027e+02 5.053e+02 25 0 3 5.248e+02 5.252e+02 3 0 2 6.263e+02 6.337e+02 69 0 3 6.505e+02 6.515e+02 9 0 3 5.185e+02 5.315e+02 120 0 4 6.222e+02 6.378e+02 146 0 2 6.716e+02 6.724e+02 8 0 2 6.126e+02 6.474e+02 323 0 4 6.710e+02 6.730e+02 18 0 1 6.461e+02 6.559e+02 91 0 1 6.331e+02 6.689e+02 332 0 3 6.366e+02 6.654e+02 267 1 3 2.712e+02 2.748e+02 33 1 2 6.299e+02 6.301e+02 1 1 3 2.641e+02 2.819e+02 166 1 4 6.226e+02 6.374e+02 137 1 4 1.979e+02 2.221e+02 225 1 2 5.721e+02 6.039e+02 295 1 2 2.358e+02 2.682e+02 301 1 3 6.037e+02 6.143e+02 99 1 1 5.914e+02 6.266e+02 326 2 1 3.121e+02 3.179e+02 55 2 3 3.529e+02 3.611e+02 76 2 4 3.986e+01 4.414e+01 40 2 4 1.254e+02 1.266e+02 11 2 2 2.890e+02 2.990e+02 93 2 4 3.258e+02 3.462e+02 190 2 3 2.592e+02 2.868e+02 257 2 4 2.380e+01 6.020e+01 338 2 4 2.772e+02 3.108e+02 312
26099 12 0 2 6.262e+02 6.338e+02 70 0 1 6.425e+02 6.595e+02 157 0 4 6.255e+02 6.345e+02 84 0 4 6.601e+02 6.839e+02 220 0 1 5.464e+02 5.876e+02 382 0 4 5.810e+02 5.950e+02 130 0 3 6.396e+02 6.624e+02 212 0 3 5.902e+02 6.278e+02 349 0 2 6.574e+02 6.866e+02 270 0 3 6.290e+02 6.730e+02 408 1 1 2.938e+02 3.362e+02 394 2 4 2.317e+01 6.083e+01 350
26101 2 2 4 2.078e+02 2.122e+02 41 2 3 2.280e+02 2.340e+02 56
26103 56 0 4 6.288e+02 6.312e+02 23 0 2 6.720e+02 6.720e+02 -15 0 1 4.768e+02 4.892e+02 115 0 2 4.933e+02 5.147e+02 198 0 4 6.154e+02 6.446e+02 271 0 2 6.559e+02 6.881e+02 299 0 4 4.981e+02 5.099e+02 109 0 3 5.851e+02 6.329e+02 445 0 4 6.526e+02 6.914e+02 360 0 4 4.439e+02 4.801e+02 336 0 2 6.072e+02 6.528e+02 423 0 1 6.280e+02 6.740e+02 427 0 1 5.823e+02 6.357e+02 496 2 3 2.043e+01 2.157e+01 10 2 2 4.194e+02 4.206e+02 10 2 3 9.990e+01 1.101e+02 95 2 4 5.397e+02 5.523e+02 116 2 1 3.513e+02 3.627e+02 106 2 4 5.869e+02 5.891e+02 21 2 4 3.964e+01 4.436e+01 44 2 2 1.186e+02 1.334e+02 137 2 3 4.377e+02 4.443e+02 62 2 4 2.370e+02 2.670e+02 279 2 3 5.639e+02 5.701e+02 58 2 3 3.524e+02 3.616e+02 86 2 1 6.047e+02 6.133e+02 80 2 1 6.059e+01 6.541e+01 45 2 1 6.427e+02 6.593e+02 155 2 4 6.553e+01 1.025e+02 343 2 3 3.916e+02 4.064e+02 137 2 4 3.286e+02 3.434e+02 137 2 2 4.879e+02 5.201e+02 299 2 3 5.938e+01 6.662e+01 67 2 3 5.080e+02 5.420e+02 316 2 3 1.670e+02 2.110e+02 409 2 3 6.055e+02 6.125e+02 65 2 2 1.885e+02 2.315e+02 399 2 4 6.596e+02 6.844e+02 230 2 4 3.611e+02 3.949e+02 315 2 4 4.090e+02 4.310e+02 205 2 2 3.524e+01 4.876e+01 126 2 2 4.481e+02 4.759e+02 258 2 2 5.829e+02 5.931e+02 95 2 1 6.312e+02 6.708e+02 367 2 4 2.865e+01 5.535e+01 248 2 1 4.316e+02 4.504e+02 175 2 3 5.229e+01 7.371e+01 199 2 4 4.453e+02 4.787e+02 310 2 1 7.377e+00 3.462e+01 253 2 2 6.152e+02 6.448e+02 276 2 2 2.479e+01 5.921e+01 320 2 3 4.664e+02 4.996e+02 309 2 4 1.756e+01 6.644e+01 454 2 1 5.939e+02 6.241e+02 280 2 4 6.117e+02 6.483e+02 340 3 1 1.994e+01 2.206e+01 20
26104 2 0 4 4.494e+02 4.746e+02 234 0 4 4.059e+02 4.341e+02 262
