40172 2 1 4 3.955e+01 4.445e+01 46 1 4 2.165e+01 6.235e+01 378
40174 4 0 1 6.030e+02 6.150e+02 111 0 3 5.548e+02 5.792e+02 226 1 3 6.018e+02 6.162e+02 134 2 4 1.674e+02 1.686e+02 11
40177 14 0 2 1.238e+02 1.282e+02 41 0 1 5.629e+02 5.711e+02 76 0 1 4.406e+02 4.414e+02 8 0 4 5.802e+02 5.958e+02 145 0 3 5.605e+02 5.735e+02 120 0 1 6.492e+02 6.528e+02 34 0 3 6.459e+02 6.561e+02 96 2 2 2.519e+02 2.521e+02 2 2 4 2.442e+02 2.598e+02 146 2 1 2.605e+02 2.855e+02 231 2 3 2.219e+02 2.401e+02 169 2 3 6.131e+01 6.469e+01 31 2 1 1.954e+01 2.246e+01 27 2 3 2.100e+01 2.100e+01 -10
40181 13 0 4 3.674e+02 3.886e+02 196 0 3 6.470e+02 6.550e+02 74 0 1 1.119e+01 3.081e+01 182 0 4 5.756e+02 6.004e+02 230 0 3 6.078e+00 3.592e+01 277 0 1 6.420e+02 6.600e+02 168 0 4 2.165e+01 6.235e+01 378 0 1 5.937e+02 6.243e+02 285 0 4 6.622e+02 6.818e+02 182 0 2 1.590e+01 6.810e+01 485 0 3 5.975e+02 6.205e+02 214 0 2 6.163e+02 6.437e+02 254 0 4 6.123e+02 6.477e+02 330
40182 2 2 1 1.418e+02 1.522e+02 96 2 3 1.398e+02 1.542e+02 134
40183 1 2 4 2.018e+02 2.182e+02 152
40185 2 0 3 5.188e+02 5.312e+02 115 1 2 6.105e+02 6.495e+02 363
40186 13 0 2 6.204e+02 6.396e+02 179 0 4 6.215e+02 6.385e+02 157 0 2 6.632e+02 6.808e+02 163 0 4 6.159e+02 6.441e+02 261 0 4 6.617e+02 6.823e+02 192 2 2 2.511e+02 2.529e+02 17 2 3 9.396e+00 3.260e+01 216 2 4 2.485e+02 2.555e+02 65 2 1 9.891e+00 3.211e+01 206 2 4 2.426e+02 2.614e+02 174 2 2 1.878e+01 6.522e+01 431 2 3 2.130e+02 2.490e+02 335 2 4 1.824e+01 6.576e+01 441
40187 0
40188 4 0 1 6.475e+02 6.545e+02 65 0 3 6.465e+02 6.555e+02 83 0 2 6.557e+02 6.883e+02 303 0 4 6.576e+02 6.864e+02 267
40191 17 0 2 3.765e+02 3.795e+02 28 0 4 3.635e+02 3.925e+02 270 0 3 3.858e+02 4.122e+02 245 0 2 3.233e+02 3.487e+02 236 0 1 3.427e+02 3.713e+02 266 2 2 3.977e+01 4.423e+01 41 2 1 1.815e+01 2.385e+01 53 2 4 2.816e+02 3.064e+02 230 2 1 6.420e+02 6.600e+02 168 2 3 1.707e+01 2.493e+01 73 2 4 7.226e+01 9.574e+01 218 2 2 6.542e+02 6.898e+02 331 2 3 2.592e+02 2.868e+02 256 2 3 4.987e+01 7.613e+01 244 2 1 8.454e+00 3.355e+01 233 2 2 2.743e+01 5.657e+01 270 2 4 2.452e+01 5.948e+01 325
40192 4 0 1 5.659e+02 5.681e+02 21 0 1 5.605e+02 5.735e+02 121 1 3 2.213e+02 2.407e+02 180 1 4 1.958e+02 2.242e+02 264
40193 22 0 4 2.506e+02 2.534e+02 26 0 3 6.510e+02 6.510e+02 -14 0 3 2.166e+02 2.454e+02 267 0 2 6.682e+02 6.758e+02 71 0 1 6.048e+02 6.132e+02 78 0 1 6.480e+02 6.540e+02 56 0 3 6.090e+02 6.090e+02 -9 0 4 6.652e+02 6.788e+02 126 0 4 6.258e+02 6.342e+02 77 0 2 6.573e+02 6.867e+02 273 0 3 5.944e+02 6.236e+02 270 0 4 5.733e+02 6.027e+02 272 0 1 5.895e+02 6.285e+02 361 1 1 6.084e+02 6.096e+02 10 1 1 5.486e+02 5.854e+02 341 2 3 2.088e+01 2.112e+01 2 2 4 2.477e+02 2.563e+02 80 2 2 3.959e+01 4.441e+01 45 2 3 3.927e+02 4.053e+02 117 2 1 1.949e+01 2.251e+01 28 2 1 5.211e+01 7.389e+01 202 2 3 7.825e+00 3.418e+01 245
40194 2 2 2 1.166e+02 1.354e+02 175 2 4 1.183e+02 1.337e+02 143
40195 5 0 3 5.670e+02 5.670e+02 -4 0 4 5.874e+02 5.886e+02 11 0 4 5.781e+02 5.979e+02 184 0 1 5.944e+02 6.236e+02 270 0 3 5.993e+02 6.187e+02 180
40196 18 0 3 6.090e+02 6.090e+02 -10 0 2 2.936e+02 2.944e+02 7 0 1 6.039e+02 6.141e+02 94 0 4 2.940e+02 2.940e+02 -13 0 3 5.534e+02 5.806e+02 252 0 4 3.716e+02 3.844e+02 119 0 4 5.722e+02 6.038e+02 293 0 4 2.843e+02 3.037e+02 180 0 1 2.579e+02 2.881e+02 280 2 4 7.805e+01 8.995e+01 110 2 1 5.404e+01 7.196e+01 166 2 3 9.573e+01 1.143e+02 172 2 3 5.404e+01 7.196e+01 166 2 2 6.989e+01 9.811e+01 262 2 1 1.222e+01 2.978e+01 163 2 3 9.127e+00 3.287e+01 220 2 4 2.443e+01 5.957e+01 326 2 2 1.671e+01 6.729e+01 470
40197 0
40198 86 0 1 1.871e+02 1.909e+02 36 0 1 5.634e+02 5.706e+02 66 0 2 2.482e+02 2.558e+02 70 0 1 6.494e+02 6.526e+02 30 0 4 3.753e+02 3.807e+02 50 0 4 4.192e+02 4.208e+02 16 0 3 1.882e+02 1.898e+02 15 0 4 5.020e+02 5.060e+02 36 0 4 2.097e+02 2.103e+02 6 0 3 5.655e+02 5.685e+02 27 0 4 2.866e+02 3.014e+02 137 0 1 6.071e+02 6.109e+02 36 0 4 3.204e+02 3.516e+02 290 0 3 6.466e+02 6.554e+02 81 0 2 1.633e+02 1.727e+02 88 0 1 4.403e+02 4.417e+02 13 0 2 1.994e+02 2.206e+02 196 0 2 4.577e+02 4.663e+02 80 0 3 2.643e+02 2.817e+02 161 0 1 5.242e+02 5.258e+02 16 0 4 3.629e+02 3.931e+02 280 0 3 6.060e+02 6.120e+02 56 0 4 1.475e+02 1.885e+02 381 0 2 6.679e+02 6.761e+02 76 0 2 2.758e+02 3.122e+02 337 0 3 4.368e+02 4.452e+02 79 0 4 4.615e+02 4.625e+02 10 0 3 5.234e+02 5.266e+02 30 0 4 6.175e+02 6.425e+02 231 0 4 6.652e+02 6.788e+02 126 0 3 4.237e+02 4.583e+02 322 0 3 4.733e+02 4.927e+02 180 0 2 5.433e+02 5.487e+02 50 0 4 5.783e+02 5.977e+02 180 0 1 3.800e+02 4.180e+02 353 0 2 4.930e+02 5.150e+02 205 0 1 5.096e+02 5.404e+02 286 0 2 6.166e+02 6.434e+02 248 0 3 3.812e+02 4.168e+02 331 0 4 4.915e+02 5.165e+02 232 0 2 5.264e+02 5.656e+02 365 0 3 4.669e+02 4.991e+02 300 1 3 5.655e+02 5.685e+02 28 1 2 6.297e+02 6.303e+02 6 1 1 2.672e+02 2.788e+02 108 1 4 5.878e+02 5.882e+02 3 1 2 2.395e+02 2.645e+02 231 1 4 6.300e+02 6.300e+02 -5 1 2 5.454e+02 5.466e+02 10 1 1 6.077e+02 6.103e+02 25 1 4 4.897e+02 5.183e+02 266 1 4 5.436e+02 5.484e+02 45 1 3 6.070e+02 6.110e+02 38 1 1 5.639e+02 5.701e+02 57 1 2 5.816e+02 5.944e+02 120 1 3 5.547e+02 5.793e+02 229 2 4 3.341e+02 3.379e+02 35 2 2 4.193e+02 4.207e+02 14 2 2 3.906e+01 4.494e+01 55 2 4 5.022e+02 5.058e+02 34 2 2 1.255e+02 1.265e+02 10 2 1 5.243e+02 5.257e+02 14 2 2 2.071e+02 2.129e+02 54 2 1 4.329e+02 4.491e+02 150 2 1 2.674e+02 2.786e+02 105 2 4 4.563e+02 4.677e+02 106 2 3 1.034e+01 3.166e+01 198 2 3 5.571e+02 5.769e+02 183 2 3 1.022e+02 1.078e+02 52 2 2 5.825e+02 5.935e+02 102 2 4 2.051e+02 2.149e+02 91 2 3 3.917e+02 4.063e+02 135 2 1 3.448e+02 3.692e+02 227 2 3 5.182e+02 5.318e+02 127 2 1 4.713e+01 7.887e+01 295 2 4 5.734e+02 6.026e+02 271 2 4 6.943e+01 9.857e+01 270 2 2 5.276e+02 5.644e+02 342 2 3 1.716e+02 2.064e+02 323 2 4 2.439e+02 2.601e+02 150 2 3 3.480e+02 3.660e+02 167 2 4 2.546e+01 5.854e+01 307 2 2 2.426e+02 2.614e+02 175 2 4 3.657e+02 3.903e+02 228 2 2 3.589e+02 3.971e+02 354 3 4 5.361e+02 5.559e+02 185
40199 3 1 4 6.235e+02 6.365e+02 120 3 2 1.246e+02 1.274e+02 26 3 4 1.171e+02 1.349e+02 165
40200 1 0 3 5.250e+02 5.250e+02 -3
40201 4 0 3 4.830e+02 4.830e+02 0 2 4 3.344e+02 3.376e+02 29 2 4 2.884e+02 2.996e+02 105 2 4 2.776e+02 3.104e+02 305
40202 3 0 4 6.216e+02 6.384e+02 156 0 4 4.983e+02 5.097e+02 106 0 3 4.646e+02 5.014e+02 342
40203 4 0 2 2.940e+02 2.940e+02 -2 0 4 2.923e+02 2.957e+02 32 0 1 2.611e+02 2.849e+02 221 3 4 4.434e+02 4.806e+02 346
40204 14 0 2 6.252e+02 6.348e+02 90 0 4 6.701e+02 6.739e+02 36 0 1 5.998e+02 6.182e+02 170 0 4 6.117e+02 6.483e+02 340 0 3 2.553e+02 2.907e+02 329 0 3 6.355e+02 6.665e+02 288 0 4 2.774e+02 3.106e+02 309 1 4 5.306e+02 5.614e+02 286 1 2 9.918e+01 1.528e+02 498 1 2 6.162e+02 6.438e+02 257 1 4 6.338e+01 1.046e+02 383 1 3 5.074e+02 5.426e+02 326 1 3 5.511e+02 5.829e+02 296 1 4 6.161e+02 6.439e+02 259
40206 9 0 2 5.429e+02 5.491e+02 57 0 4 6.660e+02 6.780e+02 110 0 1 5.108e+02 5.392e+02 263 0 3 5.067e+02 5.433e+02 340 2 2 3.798e+01 4.602e+01 75 2 4 3.659e+01 4.741e+01 100 2 1 5.840e+01 6.760e+01 86 2 1 4.910e+00 3.709e+01 299 2 3 4.641e+00 3.736e+01 304
40207 40 0 3 1.848e+02 1.932e+02 77 0 1 6.065e+02 6.115e+02 46 0 1 6.394e+02 6.626e+02 216 0 1 1.786e+02 1.994e+02 194 0 4 4.170e+02 4.230e+02 56 0 2 1.556e+02 1.804e+02 230 0 2 6.235e+02 6.365e+02 121 0 2 6.608e+02 6.832e+02 207 0 4 1.485e+02 1.875e+02 363 0 1 4.361e+02 4.459e+02 90 0 4 6.235e+02 6.365e+02 120 0 4 6.596e+02 6.844e+02 230 0 1 5.937e+02 6.243e+02 284 0 3 5.965e+02 6.215e+02 233 0 3 5.907e+02 6.273e+02 340 1 2 6.297e+02 6.303e+02 6 1 4 5.839e+02 5.921e+02 76 1 1 6.032e+02 6.148e+02 107 1 3 5.606e+02 5.734e+02 119 1 4 6.218e+02 6.382e+02 152 1 2 6.153e+02 6.447e+02 272 1 3 5.907e+02 6.273e+02 340 2 4 3.319e+02 3.401e+02 76 2 3 1.904e+01 2.296e+01 36 2 1 2.289e+02 2.331e+02 40 2 3 2.699e+02 2.761e+02 58 2 4 6.632e+02 6.808e+02 164 2 1 3.537e+02 3.603e+02 62 2 1 1.590e+01 2.610e+01 95 2 2 2.032e+02 2.168e+02 127 2 3 3.528e+02 3.612e+02 79 2 2 2.833e+01 5.567e+01 254 2 3 1.754e+02 2.026e+02 252 2 4 2.398e+02 2.642e+02 227 2 2 3.206e+02 3.514e+02 286 2 4 1.483e+02 1.877e+02 366 2 4 1.918e+02 2.282e+02 338 3 3 2.075e+01 2.125e+01 5 3 2 1.211e+02 1.309e+02 90 3 3 9.800e+00 3.220e+01 208
40208 7 0 2 6.291e+02 6.309e+02 16 0 2 1.738e+01 6.662e+01 457 1 3 2.886e+02 3.414e+02 490 1 2 3.512e+02 4.048e+02 498 1 3 2.463e+02 2.997e+02 496 2 3 2.100e+01 2.100e+01 -14 2 1 1.195e+01 3.005e+01 168
40209 8 0 2 3.780e+02 3.780e+02 -14 0 3 5.223e+02 5.277e+02 50 0 2 6.234e+02 6.366e+02 123 0 2 5.369e+02 5.551e+02 169 0 4 6.258e+02 6.342e+02 79 0 1 6.354e+02 6.666e+02 290 0 2 5.270e+02 5.650e+02 353 0 3 6.361e+02 6.659e+02 277
40210 3 0 4 4.938e+02 5.142e+02 189 1 4 2.872e+02 3.008e+02 126 1 3 2.605e+02 2.855e+02 232
40211 10 0 3 5.235e+02 5.265e+02 28 0 2 5.392e+02 5.528e+02 126 0 4 2.315e+02 2.725e+02 380 0 3 5.501e+02 5.839e+02 313 0 3 6.361e+02 6.659e+02 276 0 4 1.876e+02 2.324e+02 416 0 3 5.114e+02 5.386e+02 253 0 1 5.441e+02 5.899e+02 426 2 3 9.349e+01 1.165e+02 214 2 4 1.190e+02 1.330e+02 130
40212 68 0 2 5.458e+02 5.462e+02 5 0 1 3.569e+02 3.571e+02 2 0 4 5.855e+02 5.905e+02 46 0 3 3.890e+02 4.090e+02 186 0 4 3.718e+02 3.842e+02 115 0 1 5.618e+02 5.722e+02 97 0 2 3.706e+02 3.854e+02 138 0 1 6.015e+02 6.165e+02 139 0 1 3.849e+02 4.131e+02 262 0 4 3.647e+02 3.913e+02 247 0 3 5.589e+02 5.751e+02 150 0 2 3.619e+02 3.941e+02 299 0 3 6.003e+02 6.177e+02 161 0 1 5.111e+02 5.389e+02 258 0 4 6.200e+02 6.400e+02 186 0 1 5.488e+02 5.852e+02 337 0 1 5.916e+02 6.264e+02 323 1 1 5.632e+02 5.708e+02 70 1 3 3.559e+02 3.581e+02 20 1 1 6.083e+02 6.097e+02 13 1 1 3.490e+02 3.650e+02 149 1 3 5.668e+02 5.672e+02 5 1 4 3.173e+02 3.547e+02 347 1 3 6.074e+02 6.106e+02 29 1 2 3.636e+02 3.924e+02 267 1 1 5.155e+02 5.345e+02 176 1 2 5.833e+02 5.927e+02 87 1 2 6.300e+02 6.300e+02 -4 1 2 4.866e+02 5.214e+02 323 1 4 5.879e+02 5.881e+02 2 1 4 6.278e+02 6.322e+02 41 1 4 5.719e+02 6.041e+02 299 2 3 4.830e+02 4.830e+02 -1 2 1 6.194e+01 6.406e+01 20 2 1 3.971e+02 4.009e+02 36 2 3 1.884e+02 1.896e+02 10 2 1 4.749e+02 4.911e+02 151 2 2 2.912e+02 2.968e+02 52 2 3 5.197e+02 5.303e+02 99 2 2 3.677e+02 3.883e+02 191 2 1 1.496e+01 2.704e+01 112 2 4 4.468e+02 4.772e+02 283 2 1 1.803e+02 1.977e+02 162 2 3 5.112e+02 5.388e+02 256 2 4 2.837e+02 3.043e+02 190 2 4 3.660e+02 3.900e+02 223 2 3 1.931e+01 2.269e+01 31 2 2 4.886e+02 5.194e+02 286 2 3 1.358e+02 1.582e+02 208 2 3 5.488e+02 5.852e+02 339 2 3 2.584e+02 2.876e+02 271 2 3 3.388e+02 3.752e+02 339 2 2 2.412e+01 5.988e+01 332 2 4 1.502e+02 1.858e+02 330 2 1 2.544e+02 2.916e+02 346 2 1 1.734e+02 2.046e+02 289 3 2 2.098e+02 2.102e+02 4 3 1 1.352e+02 1.588e+02 220 3 1 1.842e+02 1.938e+02 90 3 2 7.962e+01 8.838e+01 81 3 3 1.389e+02 1.551e+02 150 3 3 1.852e+02 1.928e+02 71 3 2 1.575e+02 1.785e+02 195 3 1 6.435e+00 3.557e+01 270 3 4 1.571e+02 1.789e+02 203 3 4 7.424e+01 9.376e+01 181 3 3 5.113e+01 7.487e+01 220 3 1 4.503e+01 8.097e+01 334
40213 12 0 1 6.491e+02 6.529e+02 35 0 3 4.404e+02 4.416e+02 10 0 2 4.620e+02 4.620e+02 -0 0 4 6.626e+02 6.814e+02 174 0 1 4.285e+02 4.535e+02 232 0 4 4.603e+02 4.637e+02 32 0 3 4.733e+02 4.927e+02 180 2 2 3.618e+01 4.782e+01 108 2 1 1.474e+01 2.726e+01 116 2 1 4.870e+01 7.730e+01 266 2 1 4.193e+00 3.781e+01 312 2 3 4.328e+00 3.767e+01 310
40214 5 0 1 6.083e+02 6.097e+02 13 0 3 6.074e+02 6.106e+02 30 0 4 6.139e+02 6.461e+02 300 0 3 5.918e+02 6.262e+02 319 2 4 3.572e+02 3.988e+02 386
40215 16 0 2 6.708e+02 6.732e+02 23 0 4 6.687e+02 6.753e+02 60 1 4 6.220e+02 6.380e+02 148 1 2 2.086e+02 2.114e+02 26 1 4 4.971e+02 5.109e+02 129 1 2 6.175e+02 6.425e+02 232 2 2 3.924e+01 4.476e+01 51 2 1 5.246e+02 5.254e+02 8 2 4 3.726e+01 4.674e+01 88 2 1 3.608e+00 3.839e+01 323 2 4 5.020e+02 5.060e+02 37 2 3 8.050e+00 3.395e+01 240 2 2 4.956e+02 5.124e+02 156 2 3 5.090e+02 5.410e+02 298 3 1 1.806e+01 2.394e+01 55 3 3 1.357e+01 2.843e+01 138
40216 0
40217 10 0 4 3.720e+02 3.840e+02 111 0 2 6.272e+02 6.328e+02 52 0 4 6.286e+02 6.314e+02 26 0 2 6.716e+02 6.724e+02 8 0 4 6.659e+02 6.781e+02 114 0 1 6.363e+02 6.657e+02 274 2 2 5.398e+02 5.522e+02 116 2 4 5.397e+02 5.523e+02 117 2 1 5.595e+02 5.745e+02 140 2 3 5.054e+02 5.446e+02 364
