39979 10 0 2 3.319e+02 3.401e+02 76 0 1 6.469e+02 6.551e+02 76 0 1 3.041e+02 3.259e+02 202 0 2 6.665e+02 6.775e+02 101 0 4 3.292e+02 3.428e+02 126 0 4 6.582e+02 6.858e+02 256 2 2 3.892e+01 4.508e+01 57 2 4 3.756e+02 3.804e+02 46 2 3 8.949e+00 3.305e+01 224 2 3 3.394e+02 3.746e+02 327
39981 1 1 2 3.223e+02 3.497e+02 255
39982 0
39984 7 0 4 5.007e+02 5.073e+02 62 0 4 4.106e+02 4.294e+02 174 0 1 6.356e+02 6.664e+02 286 0 1 3.903e+02 4.077e+02 161 0 4 6.482e+02 6.958e+02 442 0 3 3.799e+02 4.181e+02 354 1 4 6.186e+02 6.414e+02 211
39986 24 0 3 6.083e+02 6.097e+02 14 0 3 5.659e+02 5.681e+02 20 0 2 6.298e+02 6.302e+02 4 0 3 6.420e+02 6.600e+02 167 0 4 6.261e+02 6.339e+02 73 0 4 6.643e+02 6.797e+02 143 0 4 6.194e+02 6.406e+02 197 0 1 6.383e+02 6.637e+02 236 0 4 5.695e+02 6.065e+02 344 0 2 6.544e+02 6.896e+02 326 1 4 6.279e+02 6.321e+02 40 1 4 5.830e+02 5.930e+02 92 1 4 6.107e+02 6.493e+02 359 2 4 3.320e+02 3.400e+02 75 2 4 5.831e+02 5.929e+02 91 2 4 1.256e+02 1.264e+02 7 2 3 3.535e+02 3.605e+02 65 2 3 5.274e+01 7.326e+01 190 2 2 8.070e+01 8.730e+01 61 2 1 3.430e+02 3.710e+02 260 2 2 1.154e+02 1.366e+02 197 2 2 3.636e+02 3.924e+02 268 2 4 1.160e+02 1.360e+02 186 3 4 1.641e+02 1.719e+02 73
39987 6 0 1 4.830e+02 4.830e+02 -5 0 1 5.636e+02 5.704e+02 63 0 4 6.285e+02 6.315e+02 28 0 3 5.650e+02 5.690e+02 37 0 3 6.433e+02 6.587e+02 142 0 2 4.883e+02 5.197e+02 292
39988 4 0 1 5.960e+02 6.220e+02 241 0 3 5.945e+02 6.235e+02 269 0 4 6.097e+02 6.503e+02 376 0 2 6.070e+02 6.530e+02 426
39989 12 0 3 4.757e+02 4.903e+02 136 0 1 5.607e+02 5.733e+02 117 0 3 5.571e+02 5.769e+02 183 0 4 5.814e+02 5.946e+02 122 0 4 4.429e+02 4.811e+02 354 2 3 1.033e+02 1.067e+02 32 2 2 2.934e+02 2.946e+02 11 2 3 3.551e+02 3.589e+02 35 2 3 6.221e+01 6.379e+01 15 2 2 1.249e+02 1.271e+02 20 2 1 5.364e+01 7.236e+01 174 2 4 6.777e+01 1.002e+02 301
39990 1 0 4 6.562e+01 1.024e+02 341
39991 0
39993 0
39996 41 0 2 6.284e+02 6.316e+02 29 0 2 6.134e+02 6.466e+02 309 0 2 6.542e+02 6.898e+02 330 1 2 4.849e+02 5.231e+02 354 2 4 5.846e+02 5.914e+02 63 2 3 1.792e+01 2.408e+01 57 2 2 8.384e+01 8.416e+01 3 2 4 4.150e+02 4.250e+02 93 2 1 1.443e+02 1.497e+02 50 2 4 4.963e+02 5.117e+02 144 2 4 2.520e+02 2.520e+02 -10 2 1 6.023e+02 6.157e+02 124 2 3 2.703e+02 2.757e+02 50 2 3 5.862e+01 6.738e+01 81 2 3 4.372e+02 4.448e+02 71 2 3 9.465e+01 1.153e+02 192 2 2 4.458e+02 4.782e+02 300 2 3 1.799e+02 1.981e+02 169 2 3 5.979e+02 6.201e+02 206 2 4 2.053e+02 2.147e+02 87 2 4 2.909e+02 2.971e+02 57 2 1 3.929e+02 4.051e+02 113 2 2 3.190e+02 3.530e+02 316 2 3 4.591e+02 5.069e+02 443 2 1 1.617e+01 2.583e+01 90 2 1 5.902e+02 6.278e+02 350 2 4 6.692e+01 1.011e+02 317 2 1 4.293e+02 4.527e+02 218 2 2 2.455e+02 2.585e+02 121 2 1 2.661e+02 2.799e+02 128 2 3 8.228e+00 3.377e+01 237 2 2 2.025e+02 2.175e+02 139 2 4 2.760e+02 3.120e+02 334 2 4 2.770e+01 5.630e+01 266 2 1 2.238e+02 2.382e+02 134 2 3 4.758e+01 7.842e+01 286 2 4 2.353e+02 2.687e+02 310 2 4 1.949e+02 2.251e+02 280 3 2 3.573e+01 4.827e+01 116 3 1 1.038e+01 3.162e+01 197 3 2 1.949e+01 6.451e+01 418
39999 1 0 2 2.075e+02 2.125e+02 47
40000 21 0 2 5.447e+02 5.473e+02 25 0 4 3.292e+02 3.428e+02 126 0 1 6.437e+02 6.583e+02 136 0 1 3.071e+02 3.229e+02 147 0 1 5.186e+02 5.314e+02 119 0 2 3.252e+02 3.468e+02 200 0 3 6.470e+02 6.550e+02 74 0 4 6.569e+02 6.871e+02 280 0 3 5.518e+02 5.822e+02 282 1 3 6.074e+02 6.106e+02 30 1 3 5.992e+02 6.188e+02 181 2 1 2.310e+02 2.310e+02 -17 2 1 2.727e+02 2.733e+02 5 2 4 5.880e+02 5.880e+02 -14 2 4 2.070e+02 2.130e+02 56 2 2 1.997e+02 2.203e+02 190 2 3 6.018e+02 6.162e+02 134 2 1 6.000e+02 6.180e+02 168 2 3 2.189e+02 2.431e+02 226 2 2 1.932e+02 2.268e+02 311 2 2 6.121e+02 6.479e+02 332
40003 0
40004 0
40007 5 0 4 2.083e+02 2.117e+02 31 1 3 6.079e+02 6.101e+02 20 1 2 6.252e+02 6.348e+02 89 1 2 6.132e+02 6.468e+02 311 1 2 5.658e+02 6.102e+02 413
40008 1 0 3 5.556e+02 5.784e+02 212
40010 55 0 3 4.830e+02 4.830e+02 -3 0 2 6.300e+02 6.300e+02 -19 0 2 3.774e+02 3.786e+02 10 0 2 4.620e+02 4.620e+02 -17 0 1 5.239e+02 5.261e+02 21 0 4 2.780e+02 3.100e+02 297 0 4 6.299e+02 6.301e+02 2 0 4 3.626e+02 3.934e+02 286 0 1 4.320e+02 4.500e+02 167 0 4 4.925e+02 5.155e+02 213 0 1 5.495e+02 5.845e+02 326 0 1 6.071e+02 6.109e+02 35 0 1 6.336e+02 6.684e+02 324 0 1 3.834e+02 4.146e+02 289 0 1 5.934e+02 6.246e+02 290 0 3 6.328e+02 6.692e+02 339 0 3 5.959e+02 6.221e+02 244 1 4 6.288e+02 6.312e+02 22 1 4 1.614e+02 1.746e+02 122 1 2 5.880e+02 5.880e+02 -6 1 1 1.828e+02 1.952e+02 115 1 3 6.021e+02 6.159e+02 128 1 4 5.761e+02 5.999e+02 220 1 3 1.785e+02 1.995e+02 195 1 2 6.235e+02 6.365e+02 121 1 2 1.567e+02 1.793e+02 210 2 3 1.050e+02 1.050e+02 -24 2 4 1.680e+02 1.680e+02 -11 2 2 5.040e+02 5.040e+02 -7 2 1 6.131e+01 6.469e+01 31 2 2 6.299e+02 6.301e+02 1 2 4 8.254e+01 8.546e+01 27 2 1 1.890e+02 1.890e+02 -4 2 3 4.700e+02 4.960e+02 242 2 3 6.221e+01 6.379e+01 15 2 1 5.198e+02 5.302e+02 97 2 2 1.223e+02 1.297e+02 68 2 4 5.836e+02 5.924e+02 82 2 3 1.890e+02 1.890e+02 0 2 4 4.916e+02 5.164e+02 230 2 2 3.619e+02 3.941e+02 300 2 1 2.100e+01 2.100e+01 -24 2 2 7.478e+01 9.322e+01 171 2 2 1.640e+02 1.720e+02 74 2 3 8.901e+00 3.310e+01 225 2 4 7.509e+01 9.291e+01 166 2 2 1.568e+02 1.792e+02 208 2 2 3.224e+01 5.176e+01 181 2 3 9.286e+01 1.171e+02 226 2 1 1.328e+02 1.612e+02 264 2 4 3.286e+01 5.114e+01 170 2 4 1.072e+02 1.448e+02 350 2 3 1.328e+02 1.612e+02 264 2 4 1.509e+02 1.851e+02 318 3 1 1.774e+01 2.426e+01 60
40011 0
40013 11 0 1 5.618e+02 5.722e+02 97 0 4 5.855e+02 5.905e+02 46 1 4 6.291e+02 6.309e+02 17 1 4 5.843e+02 5.917e+02 68 1 2 6.204e+02 6.396e+02 178 2 1 1.884e+02 1.896e+02 11 2 2 3.358e+01 5.042e+01 156 2 2 5.030e+02 5.050e+02 19 2 4 3.789e+01 4.611e+01 76 2 1 5.723e+01 6.877e+01 107 2 1 1.274e+02 1.666e+02 364
40014 17 0 4 6.300e+02 6.300e+02 -18 0 2 6.720e+02 6.720e+02 -24 0 3 2.242e+02 2.378e+02 126 0 1 5.647e+02 5.693e+02 42 0 1 5.382e+01 7.218e+01 170 0 2 2.461e+02 2.579e+02 110 0 2 6.159e+02 6.441e+02 261 0 2 6.719e+01 1.008e+02 312 0 3 6.510e+02 6.510e+02 -14 0 4 2.276e+02 2.764e+02 454 0 4 6.708e+02 6.732e+02 21 0 4 6.626e+02 6.814e+02 175 2 3 1.030e+02 1.070e+02 36 2 1 1.505e+01 2.695e+01 110 2 2 1.239e+02 1.281e+02 39 2 3 8.363e+00 3.364e+01 235 2 4 7.298e+01 9.502e+01 205
40015 0
40020 4 0 3 5.160e+02 5.340e+02 167 0 2 4.881e+02 5.199e+02 295 0 1 5.088e+02 5.412e+02 300 0 4 1.878e+01 6.522e+01 431
40021 17 0 4 6.239e+02 6.361e+02 114 0 1 5.974e+02 6.206e+02 216 0 3 5.961e+02 6.219e+02 239 1 4 6.206e+02 6.394e+02 174 1 1 6.013e+02 6.167e+02 144 1 3 5.994e+02 6.186e+02 178 1 2 6.182e+02 6.418e+02 220 2 4 1.180e+02 1.340e+02 148 2 3 5.140e+01 7.460e+01 216 2 2 7.684e+01 9.116e+01 133 2 4 7.558e+01 9.242e+01 156 2 3 9.290e+01 1.171e+02 225 2 2 1.152e+02 1.368e+02 200 3 2 4.170e+01 4.230e+01 6 3 3 1.801e+01 2.399e+01 56 3 4 4.009e+01 4.391e+01 36 3 3 2.080e+00 3.992e+01 351
40022 0
40023 64 0 4 2.902e+02 2.978e+02 71 0 1 5.654e+02 5.686e+02 30 0 4 3.741e+02 3.819e+02 73 0 3 6.065e+02 6.115e+02 47 0 1 2.714e+02 2.746e+02 30 0 2 6.698e+02 6.742e+02 41 0 1 3.530e+02 3.610e+02 75 0 1 4.369e+02 4.451e+02 76 0 3 2.569e+02 2.891e+02 299 0 2 5.367e+02 5.553e+02 172 0 2 3.646e+02 3.914e+02 249 0 2 6.274e+02 6.326e+02 49 0 4 2.789e+02 3.091e+02 280 0 4 6.708e+02 6.732e+02 23 0 4 3.191e+02 3.529e+02 314 0 3 4.382e+02 4.438e+02 51 0 4 4.465e+02 4.775e+02 287 0 1 5.153e+02 5.347e+02 180 0 4 6.237e+02 6.363e+02 117 0 1 6.500e+02 6.520e+02 19 0 3 5.125e+02 5.375e+02 231 0 4 6.160e+02 6.440e+02 260 0 3 6.476e+02 6.544e+02 63 0 1 5.920e+02 6.260e+02 316 0 3 6.334e+02 6.686e+02 327 0 2 6.150e+02 6.450e+02 279 1 2 6.286e+02 6.314e+02 26 1 4 6.288e+02 6.312e+02 22 1 1 6.010e+02 6.170e+02 149 1 3 5.923e+02 6.257e+02 310 1 1 5.911e+02 6.269e+02 333 2 3 2.296e+02 2.324e+02 26 2 4 4.191e+02 4.209e+02 17 2 1 2.688e+02 2.772e+02 78 2 3 5.634e+02 5.706e+02 67 2 2 3.750e+02 3.810e+02 56 2 2 5.864e+02 5.896e+02 30 2 3 6.172e+01 6.428e+01 24 2 4 6.691e+02 6.749e+02 53 2 4 2.515e+02 2.525e+02 9 2 1 4.368e+02 4.452e+02 78 2 3 2.703e+02 2.757e+02 50 2 2 5.428e+02 5.492e+02 59 2 4 3.333e+02 3.387e+02 50 2 3 4.353e+02 4.467e+02 106 2 2 4.009e+01 4.391e+01 36 2 2 4.420e+02 4.820e+02 371 2 3 9.344e+01 1.166e+02 215 2 4 5.363e+02 5.557e+02 180 2 4 2.096e+02 2.104e+02 8 2 2 4.002e+02 4.398e+02 367 2 2 2.903e+02 2.977e+02 69 2 1 5.584e+02 5.756e+02 159 2 3 3.510e+02 3.630e+02 112 2 3 5.090e+02 5.410e+02 297 2 4 3.645e+01 4.755e+01 103 2 2 2.019e+02 2.181e+02 150 2 2 2.767e+02 3.113e+02 320 2 4 3.640e+02 3.920e+02 260 2 3 4.525e+01 8.075e+01 330 2 3 2.146e+02 2.474e+02 306 2 4 3.184e+02 3.536e+02 327 2 1 4.193e+00 3.781e+01 312 2 4 1.929e+02 2.271e+02 318
40024 7 0 4 5.724e+02 6.036e+02 289 0 1 5.405e+02 5.935e+02 493 3 2 5.020e+02 5.060e+02 37 3 4 6.687e+02 6.753e+02 60 3 1 4.659e+02 5.001e+02 318 3 4 5.748e+02 6.012e+02 245 3 4 6.549e+02 6.891e+02 318
40026 15 0 2 6.693e+02 6.747e+02 50 0 4 6.562e+02 6.878e+02 294 0 3 3.807e+02 4.173e+02 340 0 1 6.351e+02 6.669e+02 295 1 1 1.813e+02 1.967e+02 143 1 2 1.550e+02 1.810e+02 241 1 4 1.560e+02 1.800e+02 223 2 3 1.440e+02 1.500e+02 56 2 1 5.240e+02 5.260e+02 18 2 4 5.853e+02 5.907e+02 50 2 4 5.024e+02 5.056e+02 30 2 3 5.170e+02 5.330e+02 149 2 1 5.958e+02 6.222e+02 245 2 2 5.755e+02 6.005e+02 232 2 2 4.844e+02 5.236e+02 365
40027 24 0 1 6.500e+02 6.520e+02 18 0 1 4.821e+02 4.839e+02 17 0 1 6.085e+02 6.095e+02 9 0 3 6.510e+02 6.510e+02 -24 0 4 4.193e+02 4.207e+02 14 0 4 4.984e+02 5.096e+02 104 0 3 6.084e+02 6.096e+02 11 0 2 6.690e+02 6.750e+02 56 0 1 3.935e+02 4.045e+02 101 0 3 4.752e+02 4.908e+02 146 0 4 6.273e+02 6.327e+02 50 0 4 6.609e+02 6.831e+02 206 0 3 3.841e+02 4.139e+02 276 0 4 4.464e+02 4.776e+02 290 0 2 6.189e+02 6.411e+02 206 0 4 6.552e+02 6.888e+02 311 0 1 4.674e+02 4.986e+02 290 0 4 6.151e+02 6.449e+02 277 0 2 6.138e+02 6.462e+02 300 1 2 6.180e+02 6.420e+02 222 1 3 3.435e+02 3.705e+02 251 1 4 6.145e+02 6.455e+02 287 3 1 1.958e+01 2.242e+01 26 3 1 8.141e+00 3.386e+01 239
40029 13 0 1 2.720e+02 2.740e+02 18 1 4 5.879e+02 5.881e+02 1 1 3 6.089e+02 6.091e+02 1 1 3 5.620e+02 5.720e+02 92 1 1 6.001e+02 6.179e+02 165 1 4 5.363e+02 5.557e+02 180 1 4 6.214e+02 6.386e+02 159 1 1 5.555e+02 5.785e+02 214 1 2 6.123e+02 6.477e+02 330 1 3 5.528e+02 5.812e+02 265 1 2 5.337e+02 5.583e+02 229 1 2 5.698e+02 6.062e+02 337 2 3 2.093e+01 2.107e+01 1
40030 13 0 2 6.300e+02 6.300e+02 -13 0 2 5.405e+02 5.515e+02 103 0 1 5.129e+02 5.371e+02 225 0 2 6.603e+02 6.837e+02 216 0 3 5.069e+02 5.431e+02 336 2 4 4.200e+01 4.200e+01 -11 2 3 1.412e+02 1.528e+02 107 2 3 5.996e+01 6.604e+01 56 2 4 1.167e+02 1.353e+02 172 2 1 5.373e+01 7.227e+01 172 2 2 7.284e+01 9.516e+01 207 2 3 1.312e+01 2.888e+01 146 2 2 1.071e+02 1.449e+02 350
40031 2 0 4 6.613e+02 6.827e+02 199 1 4 5.708e+02 6.052e+02 320
40033 4 0 2 6.520e+02 6.920e+02 370 1 2 6.277e+02 6.323e+02 43 1 2 6.185e+02 6.415e+02 214 2 1 4.506e+00 3.749e+01 306
