60592 0
60593 3 0 3 5.049e+02 5.451e+02 374 2 3 3.125e+02 3.175e+02 47 2 4 2.924e+02 2.956e+02 30
60594 0
60595 3 1 4 2.923e+02 2.957e+02 32 1 2 2.824e+02 3.056e+02 216 1 3 2.914e+02 3.386e+02 439
60596 0
60597 10 0 1 6.084e+02 6.096e+02 11 0 4 3.737e+02 3.823e+02 80 0 3 6.500e+02 6.520e+02 18 0 3 6.085e+02 6.095e+02 10 0 1 6.418e+02 6.602e+02 170 0 2 6.287e+02 6.313e+02 25 0 4 6.651e+02 6.789e+02 129 0 4 6.262e+02 6.338e+02 71 0 4 6.171e+02 6.429e+02 239 0 2 6.144e+02 6.456e+02 290
60598 0
60599 1 2 4 6.647e+02 6.793e+02 136
60600 0
60601 21 0 4 6.295e+02 6.305e+02 9 0 2 6.260e+02 6.340e+02 74 0 2 6.715e+02 6.725e+02 10 0 4 6.704e+02 6.736e+02 29 0 1 5.939e+02 6.241e+02 280 0 1 6.364e+02 6.656e+02 270 0 3 5.909e+02 6.271e+02 336 2 2 4.183e+02 4.217e+02 32 2 2 3.340e+02 3.380e+02 36 2 3 3.909e+02 4.071e+02 150 2 1 1.492e+01 2.708e+01 113 2 4 2.900e+02 2.980e+02 75 2 3 3.490e+02 3.650e+02 149 2 1 4.274e+02 4.546e+02 252 2 3 1.788e+01 2.412e+01 58 2 4 3.998e+02 4.402e+02 375 2 3 3.071e+02 3.229e+02 146 2 4 3.586e+02 3.974e+02 360 2 2 2.362e+01 6.038e+01 341 2 2 3.163e+02 3.557e+02 366 2 4 3.156e+02 3.564e+02 380
60602 19 0 2 6.088e+02 6.512e+02 393 2 2 5.038e+02 5.042e+02 3 2 3 2.730e+02 2.730e+02 -5 2 1 1.415e+01 2.785e+01 127 2 4 5.019e+02 5.061e+02 40 2 4 2.341e+02 2.699e+02 333 2 1 2.665e+02 2.795e+02 120 2 3 5.073e+02 5.427e+02 328 2 2 3.179e+01 5.221e+01 190 2 4 2.774e+02 3.106e+02 308 2 3 2.576e+02 2.884e+02 286 3 1 4.825e+02 4.835e+02 10 3 2 4.597e+02 4.643e+02 42 3 3 4.830e+02 4.830e+02 -2 3 2 4.987e+02 5.093e+02 98 3 1 4.222e+02 4.598e+02 350 3 2 5.315e+02 5.605e+02 270 3 1 5.128e+02 5.372e+02 226 3 4 4.854e+02 5.226e+02 346
60603 1 2 3 6.304e+02 6.716e+02 382
60604 0
60605 0
60606 0
60607 8 1 3 1.862e+02 1.918e+02 52 2 2 5.040e+02 5.040e+02 -7 2 1 5.624e+02 5.716e+02 86 2 1 5.562e+02 5.778e+02 200 3 1 3.978e+02 4.002e+02 23 3 2 4.613e+02 4.627e+02 13 3 2 4.177e+02 4.223e+02 43 3 1 2.999e+02 3.301e+02 280
60610 5 0 1 3.562e+02 3.578e+02 15 0 1 5.987e+02 6.193e+02 191 0 4 3.760e+02 3.800e+02 38 0 3 5.978e+02 6.202e+02 209 0 2 6.168e+02 6.432e+02 246
60611 8 2 2 2.094e+02 2.106e+02 11 2 4 2.076e+02 2.124e+02 46 2 3 5.059e+01 7.541e+01 230 2 3 1.772e+02 2.008e+02 219 2 4 2.445e+02 2.595e+02 140 2 3 2.174e+02 2.446e+02 252 2 2 2.415e+02 2.625e+02 195 3 1 2.235e+02 2.385e+02 139
60612 9 0 4 5.866e+02 5.894e+02 26 0 2 6.287e+02 6.313e+02 25 0 4 6.288e+02 6.312e+02 22 0 2 4.861e+02 5.219e+02 333 0 3 5.505e+02 5.835e+02 307 0 1 5.923e+02 6.257e+02 310 0 3 5.922e+02 6.258e+02 312 1 2 6.203e+02 6.397e+02 180 1 4 6.169e+02 6.431e+02 244
60613 13 0 4 2.908e+02 2.972e+02 59 0 2 6.282e+02 6.318e+02 34 0 1 6.489e+02 6.531e+02 40 0 1 2.705e+02 2.755e+02 47 0 2 6.188e+02 6.412e+02 209 0 3 2.583e+02 2.877e+02 272 0 3 6.480e+02 6.540e+02 56 0 2 6.541e+02 6.899e+02 333 0 2 2.813e+02 3.067e+02 236 2 2 3.326e+02 3.394e+02 64 2 4 4.985e+02 5.095e+02 101 2 1 3.003e+02 3.297e+02 273 2 3 2.957e+02 3.343e+02 359
60614 6 2 4 6.297e+02 6.303e+02 6 2 1 6.034e+02 6.146e+02 104 2 1 6.353e+02 6.667e+02 292 2 2 6.186e+02 6.414e+02 211 2 3 6.376e+02 6.644e+02 249 3 1 4.239e+02 4.581e+02 318
60615 3 2 2 6.559e+02 6.881e+02 299 3 2 6.582e+02 6.858e+02 256 3 4 6.526e+02 6.914e+02 360
60616 0
60617 20 0 1 6.090e+02 6.090e+02 -10 0 2 6.682e+02 6.758e+02 71 0 3 6.029e+02 6.151e+02 114 0 1 3.504e+02 3.636e+02 123 0 4 6.720e+02 6.720e+02 -3 0 4 3.615e+02 3.945e+02 306 0 2 6.144e+02 6.456e+02 290 0 3 6.427e+02 6.593e+02 155 0 2 3.205e+02 3.515e+02 287 0 2 6.597e+02 6.843e+02 228 0 4 6.581e+02 6.859e+02 259 2 1 6.104e+01 6.496e+01 36 2 2 7.706e+01 9.094e+01 129 2 3 6.203e+01 6.397e+01 18 2 1 1.653e+01 2.547e+01 83 2 3 1.895e+01 2.305e+01 38 2 2 3.565e+01 4.835e+01 118 2 2 2.568e+01 5.832e+01 303 2 4 2.425e+01 5.975e+01 330 3 1 1.638e+02 2.142e+02 468
60618 30 0 1 5.606e+02 5.734e+02 119 0 1 6.494e+02 6.526e+02 29 0 2 4.569e+02 4.671e+02 95 0 3 5.996e+02 6.184e+02 174 0 4 6.647e+02 6.793e+02 136 0 3 4.320e+02 4.500e+02 166 0 2 6.222e+02 6.378e+02 145 0 2 6.589e+02 6.851e+02 244 1 3 6.084e+02 6.096e+02 10 1 4 6.284e+02 6.316e+02 30 1 2 6.221e+02 6.379e+02 147 1 2 5.698e+02 6.062e+02 339 1 1 5.978e+02 6.202e+02 207 2 3 1.046e+02 1.054e+02 7 2 1 5.656e+02 5.684e+02 26 2 2 3.339e+02 3.381e+02 40 2 2 8.236e+01 8.564e+01 30 2 2 5.368e+02 5.552e+02 170 2 1 3.473e+02 3.667e+02 180 2 3 5.534e+01 7.066e+01 142 2 4 5.360e+02 5.560e+02 186 2 1 9.990e+01 1.101e+02 95 2 3 5.065e+02 5.435e+02 344 2 3 2.996e+02 3.304e+02 286 2 4 3.240e+02 3.480e+02 223 2 4 2.290e+01 6.110e+01 355 2 4 7.100e+01 9.700e+01 241 2 2 1.126e+02 1.394e+02 249 3 3 1.702e+01 2.498e+01 74 3 1 8.319e+00 3.368e+01 236
60619 2 2 4 4.013e+01 4.387e+01 35 3 1 1.393e+02 1.547e+02 143
60620 6 0 3 6.507e+02 6.513e+02 6 0 3 5.629e+02 5.711e+02 76 0 4 6.707e+02 6.733e+02 24 0 1 5.580e+02 5.760e+02 167 0 2 6.694e+02 6.746e+02 49 0 2 5.323e+02 5.597e+02 254
60621 13 0 2 5.435e+02 5.485e+02 47 0 2 6.233e+02 6.367e+02 124 0 1 5.151e+02 5.349e+02 185 0 4 6.194e+02 6.406e+02 197 0 3 6.402e+02 6.618e+02 200 0 3 5.540e+02 5.800e+02 242 2 3 2.730e+02 2.730e+02 -3 2 4 3.784e+01 4.616e+01 77 2 2 2.907e+02 2.973e+02 61 2 3 6.198e+01 6.402e+01 19 2 2 7.248e+01 9.552e+01 214 2 3 3.121e+02 3.179e+02 54 2 2 2.771e+02 3.109e+02 315
60622 0
60623 21 0 2 6.258e+02 6.342e+02 79 0 2 3.764e+02 3.796e+02 30 0 4 6.270e+02 6.330e+02 56 0 2 3.689e+02 3.871e+02 170 0 3 3.840e+02 4.140e+02 279 0 1 4.857e+01 7.743e+01 268 0 1 6.310e+02 6.710e+02 372 0 4 6.760e+01 1.004e+02 305 0 1 3.400e+02 3.740e+02 316 0 3 6.312e+02 6.708e+02 367 1 2 6.281e+02 6.319e+02 35 1 4 6.227e+02 6.373e+02 136 1 1 5.953e+02 6.227e+02 254 2 4 8.400e+01 8.400e+01 -1 2 1 1.931e+01 2.269e+01 31 2 2 3.511e+01 4.889e+01 128 2 3 9.304e+01 1.170e+02 222 2 4 1.549e+02 1.811e+02 244 2 3 5.647e+01 6.953e+01 121 2 2 6.885e+01 9.915e+01 281 3 2 6.702e+02 6.738e+02 34
60624 2 0 4 5.880e+02 5.880e+02 -22 0 3 5.589e+02 5.751e+02 150
60625 1 2 2 3.861e+01 4.539e+01 63
