53921 0
53922 11 0 1 5.233e+02 5.267e+02 32 0 2 6.258e+02 6.342e+02 79 0 2 6.709e+02 6.731e+02 20 0 3 5.171e+02 5.329e+02 147 0 4 6.184e+02 6.416e+02 216 0 4 6.702e+02 6.738e+02 33 0 2 5.302e+02 5.618e+02 293 0 1 6.441e+02 6.579e+02 129 0 3 6.440e+02 6.580e+02 130 0 2 6.595e+02 6.845e+02 231 0 1 6.343e+02 6.677e+02 310
53923 0
53924 0
53925 0
53926 69 0 3 4.804e+02 4.856e+02 49 0 1 3.112e+02 3.188e+02 71 0 2 5.439e+02 5.481e+02 39 0 4 3.237e+02 3.483e+02 229 0 1 6.499e+02 6.521e+02 20 0 2 5.022e+02 5.058e+02 34 0 3 5.616e+02 5.724e+02 100 0 2 2.748e+02 3.132e+02 357 0 2 6.296e+02 6.304e+02 7 0 3 6.495e+02 6.525e+02 28 0 4 4.995e+02 5.085e+02 83 0 3 5.182e+02 5.318e+02 127 0 4 6.289e+02 6.311e+02 21 0 2 6.693e+02 6.747e+02 50 0 1 4.777e+02 4.883e+02 98 0 1 5.601e+02 5.739e+02 129 0 4 5.822e+02 5.938e+02 108 0 4 6.629e+02 6.811e+02 170 0 2 4.922e+02 5.158e+02 220 0 1 5.160e+02 5.340e+02 166 0 3 6.022e+02 6.158e+02 126 0 1 6.421e+02 6.599e+02 165 0 4 4.874e+02 5.206e+02 309 0 3 5.108e+02 5.392e+02 263 0 1 5.971e+02 6.209e+02 221 0 2 4.425e+02 4.815e+02 362 0 1 5.491e+02 5.849e+02 333 0 3 5.893e+02 6.287e+02 366 1 3 6.087e+02 6.093e+02 6 1 2 3.773e+02 3.787e+02 14 1 3 5.243e+02 5.257e+02 12 1 2 5.844e+02 5.916e+02 66 1 2 6.288e+02 6.312e+02 23 1 2 4.950e+02 5.130e+02 166 1 4 5.880e+02 5.880e+02 -0 1 4 6.298e+02 6.302e+02 3 1 4 4.983e+02 5.097e+02 106 1 2 5.439e+02 5.481e+02 39 1 1 6.068e+02 6.112e+02 40 1 1 5.108e+02 5.392e+02 264 1 4 5.445e+02 5.475e+02 28 1 4 4.839e+02 5.241e+02 373 1 1 5.615e+02 5.725e+02 103 1 3 5.615e+02 5.725e+02 103 1 1 5.500e+02 5.840e+02 316 2 4 6.280e+02 6.320e+02 37 2 3 6.194e+01 6.406e+01 20 2 4 4.602e+02 4.638e+02 34 2 2 8.088e+01 8.712e+01 58 2 4 2.068e+02 2.132e+02 60 2 2 4.096e+02 4.304e+02 193 2 4 3.524e+01 4.876e+01 126 2 1 5.130e+02 5.370e+02 222 2 3 1.037e+02 1.063e+02 25 2 4 6.155e+02 6.445e+02 270 2 1 1.383e+02 1.557e+02 161 2 4 4.105e+02 4.295e+02 177 2 3 2.255e+02 2.365e+02 102 2 4 4.854e+02 5.226e+02 346 2 3 3.461e+02 3.679e+02 203 2 3 3.841e+02 4.139e+02 277 2 1 1.178e+01 3.022e+01 171 2 2 1.175e+02 1.345e+02 157 2 3 1.290e+02 1.650e+02 334 2 4 3.662e+02 3.898e+02 220 2 3 8.545e+00 3.346e+01 231 2 4 7.558e+01 9.242e+01 156 2 4 6.522e+01 1.028e+02 349 3 4 2.479e+02 2.561e+02 76
53927 0
53928 0
53929 7 0 4 6.551e+02 6.889e+02 314 0 2 6.561e+02 6.879e+02 295 2 4 2.515e+02 2.525e+02 9 2 3 3.148e+02 3.152e+02 3 2 1 3.077e+02 3.223e+02 136 2 4 2.835e+02 3.045e+02 196 2 2 3.214e+02 3.506e+02 270
53930 26 0 1 6.488e+02 6.532e+02 41 0 3 5.220e+02 5.280e+02 56 0 4 5.868e+02 5.892e+02 23 0 3 6.501e+02 6.519e+02 16 0 1 5.188e+02 5.312e+02 116 0 1 6.064e+02 6.116e+02 49 0 2 6.709e+02 6.731e+02 21 0 1 5.562e+02 5.778e+02 201 0 3 6.030e+02 6.150e+02 112 0 4 6.706e+02 6.734e+02 26 0 2 4.821e+02 5.259e+02 406 0 3 5.531e+02 5.809e+02 259 0 2 6.223e+02 6.377e+02 143 0 1 6.362e+02 6.658e+02 275 0 4 6.196e+02 6.404e+02 193 0 3 6.324e+02 6.696e+02 346 1 2 6.233e+02 6.367e+02 124 1 4 6.179e+02 6.421e+02 224 2 3 3.981e+02 3.999e+02 17 2 2 4.114e+02 4.286e+02 160 2 2 4.565e+02 4.675e+02 101 2 3 4.336e+02 4.484e+02 138 2 4 3.620e+02 3.940e+02 297 2 1 3.824e+02 4.156e+02 308 2 4 4.428e+02 4.812e+02 357 2 1 4.226e+02 4.594e+02 341
53931 0
53932 4 0 3 5.654e+02 5.686e+02 30 0 4 5.811e+02 5.949e+02 128 0 1 5.596e+02 5.744e+02 138 2 3 7.841e+01 1.316e+02 494
53933 8 0 4 6.300e+02 6.300e+02 -9 0 2 4.614e+02 4.626e+02 10 0 2 6.240e+02 6.360e+02 110 0 3 4.793e+02 4.867e+02 69 0 4 4.950e+02 5.130e+02 168 0 2 4.479e+02 4.761e+02 262 0 1 4.666e+02 4.994e+02 305 0 2 4.412e+02 4.828e+02 387
53934 1 0 4 6.706e+02 6.734e+02 26
53937 3 0 1 6.399e+02 6.621e+02 206 0 3 6.394e+02 6.626e+02 215 1 4 5.652e+02 6.108e+02 423
53938 5 0 4 6.683e+02 6.757e+02 69 0 3 1.764e+02 2.016e+02 235 1 1 6.035e+02 6.145e+02 101 1 3 1.003e+01 3.197e+01 204 1 3 4.336e+01 8.264e+01 365
53939 3 0 2 5.018e+02 5.062e+02 41 0 3 5.202e+02 5.298e+02 90 0 4 4.852e+02 5.228e+02 350
53940 5 2 2 7.598e+01 9.202e+01 149 2 3 5.059e+01 7.541e+01 230 2 4 7.163e+01 9.637e+01 230 3 4 3.357e+02 3.363e+02 6 3 3 4.322e+02 4.498e+02 163
53941 17 0 4 6.282e+02 6.318e+02 33 0 3 5.247e+02 5.253e+02 6 0 1 6.042e+02 6.138e+02 90 0 2 6.697e+02 6.743e+02 43 0 2 6.289e+02 6.311e+02 21 0 4 6.709e+02 6.731e+02 20 0 3 5.063e+02 5.437e+02 348 0 3 6.011e+02 6.169e+02 146 0 3 6.463e+02 6.557e+02 87 0 1 5.941e+02 6.239e+02 277 0 1 6.338e+02 6.682e+02 320 0 3 5.902e+02 6.278e+02 349 0 2 6.556e+02 6.884e+02 304 0 4 6.530e+02 6.910e+02 353 2 3 9.865e+01 1.114e+02 118 2 4 7.365e+01 9.435e+01 192 2 2 6.522e+01 1.028e+02 349
53942 14 0 2 3.335e+02 3.385e+02 47 0 1 3.058e+02 3.242e+02 171 0 4 3.267e+02 3.453e+02 172 2 4 4.067e+01 4.333e+01 25 2 4 2.036e+02 2.164e+02 119 2 3 6.001e+01 6.599e+01 56 2 3 8.572e+01 1.243e+02 358 2 4 1.479e+02 1.881e+02 373 2 3 2.581e+02 2.879e+02 276 2 3 7.959e+00 3.404e+01 242 3 3 5.628e+02 5.712e+02 79 3 1 5.594e+02 5.746e+02 140 3 2 5.325e+02 5.595e+02 251 3 4 5.325e+02 5.595e+02 250
53943 56 0 1 5.670e+02 5.670e+02 -19 0 4 3.322e+02 3.398e+02 71 0 4 1.680e+02 1.680e+02 -9 0 3 4.410e+02 4.410e+02 -11 0 1 3.068e+02 3.232e+02 153 0 2 4.614e+02 4.626e+02 10 0 2 3.282e+02 3.438e+02 146 0 3 5.668e+02 5.672e+02 5 0 4 5.878e+02 5.882e+02 4 0 1 4.378e+02 4.442e+02 59 0 4 5.017e+02 5.063e+02 43 0 3 5.209e+02 5.291e+02 76 0 1 6.090e+02 6.090e+02 -1 0 1 6.501e+02 6.519e+02 17 0 4 4.518e+02 4.722e+02 190 0 1 5.611e+02 5.729e+02 110 0 3 6.070e+02 6.110e+02 38 0 3 6.510e+02 6.510e+02 -13 0 3 4.736e+02 4.924e+02 174 0 1 5.154e+02 5.346e+02 179 0 2 6.281e+02 6.319e+02 36 0 4 6.645e+02 6.795e+02 139 0 2 4.941e+02 5.139e+02 185 0 3 5.523e+02 5.817e+02 273 0 4 6.222e+02 6.378e+02 146 0 3 6.359e+02 6.661e+02 280 0 4 4.440e+02 4.800e+02 334 0 2 5.320e+02 5.600e+02 260 0 1 4.678e+02 4.982e+02 282 0 2 4.874e+02 5.206e+02 308 1 4 5.040e+02 5.040e+02 -24 1 4 4.600e+02 4.640e+02 38 1 4 4.491e+02 4.749e+02 240 1 1 6.088e+02 6.092e+02 5 1 4 5.880e+02 5.880e+02 -22 1 3 5.644e+02 5.696e+02 48 1 2 5.337e+02 5.583e+02 228 2 1 2.100e+01 2.100e+01 -17 2 4 2.520e+02 2.520e+02 -4 2 3 2.730e+02 2.730e+02 -21 2 4 4.973e+02 5.107e+02 125 2 3 5.206e+02 5.294e+02 81 2 3 1.949e+01 2.251e+01 28 2 3 9.883e+01 1.112e+02 115 2 3 1.890e+02 1.890e+02 0 2 2 2.031e+02 2.169e+02 129 2 2 3.705e+02 3.855e+02 140 2 2 4.200e+01 4.200e+01 -15 2 4 1.561e+02 1.799e+02 220 2 1 2.208e+02 2.412e+02 189 2 4 3.254e+02 3.466e+02 196 2 3 8.949e+00 3.305e+01 224 2 4 1.093e+02 1.427e+02 310 2 4 2.362e+02 2.678e+02 294 3 2 3.960e+01 4.440e+01 45 3 3 8.792e+01 1.221e+02 317
53944 7 0 1 4.410e+02 4.410e+02 -8 0 2 4.556e+02 4.684e+02 120 0 4 4.517e+02 4.723e+02 192 0 4 3.626e+02 3.934e+02 286 0 3 4.674e+02 4.986e+02 290 1 2 6.249e+02 6.351e+02 94 2 1 1.828e+01 2.372e+01 50
53945 21 0 2 5.037e+02 5.043e+02 6 0 1 6.510e+02 6.510e+02 -12 0 4 5.002e+02 5.078e+02 70 0 2 6.132e+02 6.468e+02 311 0 2 6.681e+02 6.759e+02 72 0 3 6.422e+02 6.598e+02 164 0 2 6.561e+02 6.879e+02 296 1 3 5.619e+02 5.721e+02 96 1 2 5.823e+02 5.937e+02 106 2 1 6.046e+02 6.134e+02 81 2 2 3.697e+02 3.863e+02 155 2 1 2.100e+01 2.100e+01 -3 2 2 5.825e+02 5.935e+02 101 2 4 3.803e+01 4.597e+01 74 2 1 5.980e+02 6.200e+02 204 2 1 5.885e+01 6.715e+01 77 2 3 5.831e+01 6.769e+01 87 2 3 1.424e+01 2.776e+01 126 2 2 3.529e+01 4.871e+01 125 2 4 3.156e+01 5.244e+01 194 2 3 4.579e+01 8.021e+01 320
53946 5 0 2 6.568e+02 6.872e+02 283 0 4 6.605e+02 6.835e+02 213 0 1 6.351e+02 6.669e+02 296 0 3 6.334e+02 6.686e+02 326 0 4 6.525e+02 6.915e+02 362
53947 0
53948 22 0 1 4.775e+02 4.885e+02 103 0 4 2.848e+02 3.032e+02 170 0 1 5.233e+02 5.267e+02 32 0 3 4.775e+02 4.885e+02 103 0 3 5.132e+02 5.368e+02 220 0 2 4.988e+02 5.092e+02 97 0 2 5.301e+02 5.619e+02 295 0 4 4.963e+02 5.117e+02 143 0 2 4.393e+02 4.847e+02 422 2 4 3.757e+02 3.803e+02 42 2 4 8.200e+01 8.600e+01 37 2 4 6.249e+02 6.351e+02 95 2 2 7.702e+01 9.098e+01 130 2 3 6.480e+02 6.540e+02 56 2 2 3.645e+02 3.915e+02 250 2 3 3.858e+02 4.122e+02 246 2 3 8.693e+01 1.231e+02 336 2 4 4.979e+02 5.101e+02 113 2 3 5.179e+02 5.321e+02 132 2 2 6.590e+02 6.850e+02 241 2 4 4.486e+02 4.754e+02 250 2 1 6.329e+02 6.691e+02 336
53949 34 0 3 9.882e+01 1.112e+02 115 0 1 5.222e+02 5.278e+02 52 0 1 1.843e+02 1.937e+02 86 0 4 2.075e+02 2.125e+02 47 0 3 1.844e+02 1.936e+02 86 0 2 5.402e+02 5.518e+02 107 0 1 2.265e+02 2.355e+02 84 0 1 6.002e+02 6.178e+02 163 0 3 2.641e+02 2.819e+02 165 0 4 6.687e+02 6.753e+02 62 0 2 1.492e+02 1.868e+02 349 0 3 5.578e+02 5.762e+02 171 0 3 2.271e+02 2.349e+02 72 0 2 6.637e+02 6.803e+02 155 0 3 2.562e+02 2.898e+02 311 0 2 5.354e+02 5.566e+02 196 0 2 1.903e+02 2.297e+02 366 0 3 6.376e+02 6.644e+02 248 0 1 5.560e+02 5.780e+02 205 1 4 5.863e+02 5.897e+02 31 1 2 5.842e+02 5.918e+02 71 1 1 5.512e+02 5.828e+02 294 1 3 5.498e+02 5.842e+02 320 2 2 8.400e+01 8.400e+01 -15 2 3 2.717e+02 2.743e+02 25 2 3 6.300e+01 6.300e+01 -21 2 1 1.808e+02 1.972e+02 152 2 1 3.121e+02 3.179e+02 53 2 4 2.335e+02 2.705e+02 343 2 2 2.848e+02 3.032e+02 170 2 1 1.752e+01 2.448e+01 65 2 1 2.966e+02 3.334e+02 342 2 2 3.690e+01 4.710e+01 95 2 4 3.484e+01 4.916e+01 133
53950 23 0 2 6.227e+02 6.373e+02 135 0 1 6.416e+02 6.604e+02 174 0 1 5.589e+02 5.751e+02 150 0 4 6.234e+02 6.366e+02 122 0 3 6.402e+02 6.618e+02 201 0 1 5.979e+02 6.201e+02 206 0 3 5.982e+02 6.198e+02 201 1 4 1.643e+02 1.717e+02 68 1 2 6.288e+02 6.312e+02 22 1 1 6.039e+02 6.141e+02 96 1 2 5.739e+02 6.021e+02 262 1 3 6.035e+02 6.145e+02 101 1 4 5.714e+02 6.046e+02 308 1 4 6.209e+02 6.391e+02 170 2 3 2.302e+02 2.318e+02 16 2 1 3.960e+02 4.020e+02 56 2 2 2.515e+02 2.525e+02 10 2 3 2.640e+02 2.820e+02 166 2 1 1.142e+01 3.058e+01 178 2 4 2.028e+02 2.172e+02 133 2 1 2.636e+02 2.824e+02 176 2 2 2.523e+01 5.877e+01 311 2 4 2.795e+02 3.085e+02 270
53951 11 0 2 3.335e+02 3.385e+02 47 0 1 6.445e+02 6.575e+02 121 0 2 5.031e+02 5.049e+02 16 0 4 3.184e+02 3.536e+02 326 0 4 4.982e+02 5.098e+02 108 0 1 2.970e+02 3.330e+02 334 0 3 5.072e+02 5.428e+02 330 0 2 6.542e+02 6.898e+02 330 0 1 4.645e+02 5.015e+02 344 2 4 2.335e+01 6.065e+01 346 2 4 6.463e+01 1.034e+02 360
53952 62 0 4 6.258e+02 6.342e+02 79 0 4 3.300e+02 3.420e+02 111 0 1 6.455e+02 6.565e+02 103 0 1 3.042e+02 3.258e+02 200 0 2 4.999e+02 5.081e+02 76 0 4 3.245e+02 3.475e+02 214 0 3 5.990e+02 6.190e+02 186 0 2 2.781e+02 3.099e+02 295 0 2 6.660e+02 6.780e+02 111 0 2 4.581e+02 4.659e+02 73 0 2 6.214e+02 6.386e+02 160 0 1 6.375e+02 6.645e+02 251 0 1 4.803e+02 4.857e+02 50 0 2 5.270e+02 5.650e+02 353 0 1 5.978e+02 6.202e+02 207 0 4 6.590e+02 6.850e+02 242 0 4 4.487e+02 4.753e+02 246 0 3 4.704e+02 4.956e+02 235 0 1 4.630e+02 5.030e+02 372 1 4 3.334e+02 3.386e+02 48 1 3 2.280e+02 2.340e+02 56 1 3 5.604e+02 5.736e+02 122 1 3 6.058e+02 6.122e+02 59 1 4 5.771e+02 5.989e+02 203 1 1 5.475e+02 5.865e+02 363 1 1 5.917e+02 6.263e+02 322 1 3 5.893e+02 6.287e+02 366 1 2 6.110e+02 6.490e+02 352 2 4 3.778e+02 3.782e+02 4 2 4 4.620e+02 4.620e+02 -6 2 3 6.181e+01 6.419e+01 22 2 1 5.211e+02 5.289e+02 72 2 2 8.258e+01 8.542e+01 26 2 4 5.875e+02 5.885e+02 9 2 4 3.347e+02 3.373e+02 24 2 3 4.824e+02 4.836e+02 11 2 3 1.649e+01 2.551e+01 84 2 4 5.433e+02 5.487e+02 50 2 3 1.017e+02 1.083e+02 61 2 1 6.020e+02 6.160e+02 130 2 4 4.107e+01 4.293e+01 17 2 4 4.056e+02 4.344e+02 268 2 4 1.152e+02 1.368e+02 201 2 2 4.999e+02 5.081e+02 76 2 1 6.006e+01 6.594e+01 55 2 1 5.638e+02 5.702e+02 59 2 4 7.154e+01 9.646e+01 231 2 3 6.006e+02 6.174e+02 156 2 3 4.924e+01 7.676e+01 256 2 3 4.228e+02 4.592e+02 337 2 2 1.073e+02 1.447e+02 348 2 3 5.576e+02 5.764e+02 175 2 4 1.057e+02 1.463e+02 376 2 2 6.126e+02 6.474e+02 324 2 3 3.800e+02 4.180e+02 353 2 1 5.057e+02 5.443e+02 358 2 4 6.157e+02 6.443e+02 265 2 2 4.042e+02 4.358e+02 293 2 2 5.293e+02 5.627e+02 310 3 3 1.451e+02 1.489e+02 35 3 2 1.183e+02 1.337e+02 144 3 2 1.962e+02 2.238e+02 257
53953 4 0 4 6.711e+02 6.729e+02 17 0 2 6.643e+02 6.797e+02 143 0 2 6.590e+02 6.850e+02 240 0 4 6.538e+02 6.902e+02 339
53954 5 0 3 5.603e+02 5.737e+02 125 0 4 6.651e+02 6.789e+02 128 0 2 5.337e+02 5.583e+02 228 0 1 5.431e+02 5.909e+02 443 0 4 6.066e+02 6.534e+02 435
53955 10 0 4 4.516e+02 4.724e+02 194 0 3 4.775e+02 4.885e+02 102 0 2 6.533e+02 6.907e+02 347 1 3 6.074e+02 6.106e+02 30 1 4 6.110e+02 6.490e+02 352 2 3 5.925e+01 6.675e+01 70 2 1 7.151e+00 3.485e+01 257 2 2 7.486e+01 9.314e+01 170 2 1 4.790e+01 7.810e+01 280 2 4 2.241e+01 6.159e+01 364
53956 50 0 2 6.654e+02 6.786e+02 123 0 4 6.681e+02 6.759e+02 73 0 1 1.299e+02 1.641e+02 318 0 1 6.381e+02 6.639e+02 240 0 3 6.360e+02 6.660e+02 278 1 1 4.384e+02 4.436e+02 48 2 1 5.657e+02 5.683e+02 24 2 3 3.975e+02 4.005e+02 28 2 1 2.264e+02 2.356e+02 86 2 1 4.769e+02 4.891e+02 114 2 3 3.507e+02 3.633e+02 116 2 2 5.453e+02 5.467e+02 14 2 1 3.040e+02 3.260e+02 205 2 2 4.192e+02 4.208e+02 16 2 2 3.278e+02 3.442e+02 153 2 2 5.020e+02 5.060e+02 36 2 3 3.025e+02 3.275e+02 231 2 3 5.641e+02 5.699e+02 54 2 4 3.288e+02 3.432e+02 133 2 2 5.775e+02 5.985e+02 196 2 4 3.222e+02 3.498e+02 256 2 4 4.149e+02 4.251e+02 96 2 4 4.987e+02 5.093e+02 99 2 4 5.340e+02 5.580e+02 222 2 4 5.738e+02 6.022e+02 264 2 1 4.378e+02 4.442e+02 60 2 2 4.459e+02 4.781e+02 299 2 1 5.544e+02 5.796e+02 235 2 3 4.381e+02 4.439e+02 55 2 4 4.436e+02 4.804e+02 341 2 2 5.297e+02 5.623e+02 302 2 1 3.843e+02 4.137e+02 273 2 3 4.662e+02 4.998e+02 311 2 3 3.843e+02 4.137e+02 272 2 4 4.029e+02 4.371e+02 318 3 4 3.780e+02 3.780e+02 -0 3 2 2.938e+02 2.942e+02 3 3 3 3.990e+02 3.990e+02 0 3 2 4.599e+02 4.641e+02 40 3 4 2.924e+02 2.956e+02 29 3 1 3.552e+02 3.588e+02 34 3 2 4.076e+02 4.324e+02 230 3 3 3.070e+02 3.230e+02 148 3 3 3.552e+02 3.588e+02 33 3 4 4.033e+02 4.367e+02 310 3 4 3.174e+02 3.546e+02 346 3 2 3.771e+02 3.789e+02 17 3 2 3.181e+02 3.539e+02 333 3 1 3.946e+02 4.034e+02 82 3 2 3.638e+02 3.922e+02 263
53957 3 2 3 2.061e+01 2.139e+01 7 2 1 1.204e+01 2.996e+01 166 2 2 2.622e+01 5.778e+01 293
53958 4 0 4 2.436e+02 2.604e+02 156 2 4 3.888e+01 4.512e+01 58 2 4 4.927e+02 5.153e+02 210 2 3 1.106e+01 3.094e+01 185
53959 0
