42152 11 0 4 6.150e+02 6.450e+02 278 0 1 6.341e+02 6.679e+02 313 0 1 3.817e+02 4.163e+02 322 0 3 5.060e+02 5.440e+02 353 0 3 6.313e+02 6.707e+02 366 0 2 5.294e+02 5.626e+02 309 0 4 3.963e+02 4.437e+02 440 0 4 6.459e+02 6.981e+02 485 1 4 5.343e+02 5.577e+02 217 1 2 6.070e+02 6.530e+02 426 3 3 6.374e+02 6.646e+02 252
42154 9 0 4 3.724e+02 3.836e+02 104 0 1 6.473e+02 6.547e+02 68 0 3 6.440e+02 6.580e+02 130 0 2 3.225e+02 3.495e+02 250 0 4 6.595e+02 6.845e+02 233 0 3 6.368e+02 6.652e+02 264 0 2 6.573e+02 6.867e+02 272 2 3 1.631e+01 2.569e+01 87 2 2 2.636e+01 5.764e+01 290
42155 10 0 4 7.074e+01 9.726e+01 246 0 1 5.484e+02 5.856e+02 345 0 4 2.712e+01 5.688e+01 276 0 4 6.153e+02 6.447e+02 274 0 2 5.256e+02 5.664e+02 380 0 3 5.887e+02 6.293e+02 376 0 3 5.439e+02 5.901e+02 429 1 4 6.161e+02 6.439e+02 259 2 3 3.295e+00 3.871e+01 329 2 1 1.363e+00 4.064e+01 365
42158 3 0 1 5.181e+02 5.319e+02 128 0 3 5.110e+02 5.390e+02 260 0 2 5.353e+02 5.567e+02 198
42159 0
42161 17 0 2 6.289e+02 6.311e+02 21 0 3 5.645e+02 5.695e+02 46 0 4 6.707e+02 6.733e+02 24 0 2 5.412e+02 5.508e+02 89 0 1 6.028e+02 6.152e+02 116 0 3 6.471e+02 6.549e+02 73 0 1 5.511e+02 5.829e+02 296 0 2 6.210e+02 6.390e+02 168 0 3 5.917e+02 6.263e+02 320 2 3 1.024e+02 1.076e+02 49 2 2 1.203e+02 1.317e+02 106 2 3 1.373e+02 1.567e+02 180 2 4 3.170e+01 5.230e+01 191 2 4 7.339e+01 9.461e+01 197 2 4 1.586e+02 1.774e+02 176 2 1 1.282e+02 1.658e+02 350 2 2 1.498e+02 1.862e+02 339
42162 0
42164 9 0 1 6.406e+02 6.614e+02 194 0 2 6.211e+02 6.389e+02 165 0 3 6.415e+02 6.605e+02 176 0 4 6.178e+02 6.422e+02 226 1 4 6.291e+02 6.309e+02 17 2 3 1.218e+01 2.982e+01 164 2 2 3.551e+01 4.849e+01 120 2 1 6.791e+00 3.521e+01 264 2 4 2.950e+01 5.450e+01 232
42165 23 0 1 3.080e+02 3.220e+02 130 0 4 3.277e+02 3.443e+02 154 0 3 5.963e+02 6.217e+02 236 0 1 3.462e+02 3.678e+02 200 0 4 6.176e+02 6.424e+02 230 0 2 3.674e+02 3.886e+02 197 0 2 6.514e+02 6.926e+02 383 0 4 3.614e+02 3.946e+02 309 0 3 3.775e+02 4.205e+02 400 0 3 5.850e+02 6.330e+02 446 0 2 3.134e+02 3.586e+02 420 0 4 6.489e+02 6.951e+02 429 1 3 5.926e+02 6.254e+02 305 1 2 6.074e+02 6.526e+02 420 2 2 3.502e+01 4.898e+01 130 2 4 3.273e+01 5.127e+01 172 2 3 8.588e+00 3.341e+01 230 2 1 4.745e+01 7.855e+01 289 2 3 4.220e+01 8.380e+01 386 2 1 3.248e+00 3.875e+01 330 2 3 -4.335e+00 4.633e+01 470 2 2 2.196e+01 6.204e+01 372 2 1 -5.546e+00 4.755e+01 493
42166 22 0 4 6.284e+02 6.316e+02 29 0 4 6.697e+02 6.743e+02 42 0 2 6.183e+02 6.417e+02 217 0 3 6.465e+02 6.555e+02 84 0 4 6.144e+02 6.456e+02 289 0 2 6.676e+02 6.764e+02 82 0 1 6.413e+02 6.607e+02 180 1 4 6.110e+02 6.490e+02 352 2 1 2.307e+02 2.313e+02 6 2 3 3.137e+02 3.163e+02 25 2 2 3.333e+02 3.387e+02 50 2 4 1.224e+02 1.296e+02 66 2 1 1.418e+02 1.522e+02 96 2 4 2.517e+02 2.523e+02 5 2 1 2.717e+02 2.743e+02 24 2 4 3.208e+02 3.512e+02 283 2 3 1.344e+02 1.596e+02 234 2 4 2.039e+02 2.161e+02 114 2 3 2.607e+02 2.853e+02 228 2 2 1.982e+02 2.218e+02 220 2 3 2.131e+02 2.489e+02 332 2 2 2.356e+02 2.684e+02 304
42169 0
42171 9 0 4 3.729e+02 3.831e+02 96 0 3 5.626e+02 5.714e+02 82 0 1 3.483e+02 3.657e+02 161 0 1 5.558e+02 5.782e+02 207 0 4 5.726e+02 6.034e+02 286 0 3 5.571e+02 5.769e+02 184 0 2 5.303e+02 5.617e+02 291 2 1 1.779e+01 2.421e+01 60 2 3 9.396e+00 3.260e+01 216
42172 1 0 4 5.015e+02 5.065e+02 46
42173 4 2 4 2.070e+02 2.130e+02 56 2 4 1.509e+02 1.851e+02 317 2 4 1.980e+02 2.220e+02 223 2 4 1.915e+02 2.285e+02 344
42174 0
42175 0
42177 2 0 4 5.811e+02 5.949e+02 128 0 3 5.558e+02 5.782e+02 207
42178 0
42180 1 2 4 5.709e+01 1.109e+02 500
42182 8 0 2 6.289e+02 6.311e+02 21 0 3 6.041e+02 6.139e+02 90 0 1 5.487e+02 5.853e+02 340 0 2 6.213e+02 6.387e+02 161 0 3 6.368e+02 6.652e+02 263 0 4 6.226e+02 6.374e+02 137 0 4 5.683e+02 6.077e+02 366 0 1 5.888e+02 6.292e+02 376
42184 19 0 4 6.690e+02 6.750e+02 56 0 1 6.490e+02 6.530e+02 38 0 2 6.681e+02 6.759e+02 73 1 2 6.143e+02 6.457e+02 292 2 2 3.775e+02 3.785e+02 9 2 4 3.340e+02 3.380e+02 37 2 1 3.871e+02 4.109e+02 221 2 1 3.546e+02 3.594e+02 45 2 4 3.659e+02 3.901e+02 224 2 2 3.248e+02 3.472e+02 209 2 3 3.448e+02 3.692e+02 227 3 4 8.119e+01 8.681e+01 52 3 3 1.028e+02 1.072e+02 40 3 4 2.730e+01 5.670e+01 273 3 1 9.084e+01 1.192e+02 263 3 1 9.083e+00 3.292e+01 221 3 2 2.708e+01 5.692e+01 277 3 3 2.665e+00 3.933e+01 340 3 3 4.498e+01 8.102e+01 335
42185 11 0 2 2.418e+02 2.622e+02 190 0 3 2.646e+02 2.814e+02 156 0 4 2.378e+02 2.662e+02 263 0 1 2.587e+02 2.873e+02 266 1 1 2.723e+02 2.737e+02 13 1 3 2.669e+02 2.791e+02 114 1 4 2.877e+02 3.003e+02 116 1 4 2.426e+02 2.614e+02 176 1 2 2.828e+02 3.052e+02 208 1 2 2.350e+02 2.690e+02 316 1 1 2.124e+02 2.496e+02 345
42187 4 0 4 1.669e+02 1.691e+02 20 0 2 2.937e+02 2.943e+02 6 0 1 2.608e+02 2.852e+02 226 0 4 2.803e+02 3.077e+02 254
42188 4 2 2 4.185e+02 4.215e+02 27 2 1 4.316e+02 4.504e+02 174 2 3 3.849e+02 4.131e+02 262 2 4 4.062e+02 4.338e+02 257
42190 3 0 2 6.545e+02 6.895e+02 326 0 3 6.242e+02 6.778e+02 497 1 1 2.100e+01 2.100e+01 -24
42193 25 0 1 9.578e+01 1.142e+02 171 0 4 4.484e+02 4.756e+02 252 0 3 4.713e+02 4.947e+02 218 0 3 5.107e+02 5.393e+02 266 0 2 1.022e+02 1.498e+02 442 0 1 4.990e+02 5.510e+02 482 0 1 8.106e+01 1.289e+02 445 1 3 6.057e+02 6.123e+02 60 2 3 1.459e+02 1.481e+02 20 2 4 2.090e+02 2.110e+02 19 2 1 4.371e+02 4.449e+02 72 2 1 2.670e+02 2.790e+02 112 2 2 4.583e+02 4.657e+02 69 2 4 7.715e+01 9.085e+01 127 2 2 4.009e+02 4.391e+02 356 2 1 1.740e+02 2.040e+02 278 2 4 4.938e+02 5.142e+02 190 2 4 2.465e+02 2.575e+02 103 2 1 3.011e+02 3.289e+02 259 2 4 3.291e+01 5.109e+01 169 2 3 2.222e+02 2.398e+02 164 2 3 8.498e+00 3.350e+01 232 2 4 1.081e+02 1.439e+02 332 2 2 2.447e+02 2.593e+02 136 3 4 4.572e+02 4.668e+02 89
42196 10 0 2 6.706e+02 6.734e+02 26 0 1 6.466e+02 6.554e+02 81 0 3 6.450e+02 6.570e+02 111 0 2 6.618e+02 6.822e+02 190 0 2 6.548e+02 6.892e+02 319 0 4 6.585e+02 6.855e+02 250 2 2 3.721e+01 4.679e+01 89 2 4 8.370e+01 8.430e+01 6 2 1 5.821e+01 6.779e+01 89 2 2 7.733e+01 9.067e+01 124
42197 1 0 1 3.756e+02 4.224e+02 434
42198 3 0 1 4.666e+02 4.994e+02 306 2 3 1.022e+02 1.078e+02 52 2 4 7.989e+01 8.811e+01 76
42200 61 0 1 5.641e+02 5.699e+02 53 0 2 2.063e+02 2.137e+02 68 0 4 6.700e+02 6.740e+02 36 0 1 4.408e+02 4.412e+02 5 0 4 2.029e+02 2.171e+02 132 0 2 5.028e+02 5.052e+02 22 0 2 1.077e+02 1.443e+02 340 0 3 5.618e+02 5.722e+02 96 0 1 6.083e+02 6.097e+02 13 0 1 6.477e+02 6.543e+02 61 0 4 4.151e+02 4.249e+02 91 0 4 5.006e+02 5.074e+02 64 0 1 5.241e+02 5.259e+02 17 0 2 6.267e+02 6.333e+02 61 0 3 6.470e+02 6.550e+02 75 0 3 4.221e+02 4.599e+02 351 0 4 4.549e+02 4.691e+02 132 0 3 5.212e+02 5.288e+02 70 0 4 6.285e+02 6.315e+02 28 0 2 6.675e+02 6.765e+02 83 0 1 3.811e+02 4.169e+02 333 0 1 4.762e+02 4.898e+02 127 0 2 5.427e+02 5.493e+02 62 0 3 6.048e+02 6.132e+02 78 0 2 6.573e+02 6.867e+02 273 0 2 4.494e+02 4.746e+02 235 0 3 5.106e+02 5.394e+02 268 0 4 6.169e+02 6.431e+02 244 0 4 6.575e+02 6.865e+02 269 0 3 4.652e+02 5.008e+02 331 0 2 5.301e+02 5.619e+02 295 0 4 5.755e+02 6.005e+02 232 0 1 5.527e+02 5.813e+02 266 0 1 5.934e+02 6.246e+02 290 0 3 5.500e+02 5.840e+02 316 0 3 5.916e+02 6.264e+02 323 1 2 3.327e+02 3.393e+02 62 1 3 6.081e+02 6.099e+02 16 1 2 6.287e+02 6.313e+02 24 1 2 3.177e+02 3.543e+02 340 1 4 6.280e+02 6.320e+02 37 1 2 5.726e+02 6.034e+02 286 1 1 6.053e+02 6.127e+02 69 1 4 5.674e+02 6.086e+02 383 1 2 6.131e+02 6.469e+02 314 1 4 6.041e+02 6.559e+02 481 2 1 2.017e+01 2.183e+01 16 2 4 4.583e+02 4.657e+02 70 2 3 1.035e+02 1.065e+02 28 2 3 4.795e+02 4.865e+02 66 2 3 3.525e+02 3.615e+02 83 2 3 1.290e+01 2.910e+01 150 2 3 4.672e+02 4.988e+02 294 2 4 7.199e+01 9.601e+01 223 2 4 3.609e+02 3.951e+02 318 2 2 1.097e+02 1.423e+02 302 2 4 2.260e+02 2.780e+02 483 2 4 3.525e+02 4.035e+02 474 2 3 3.310e+02 3.830e+02 482 3 4 6.669e+02 6.771e+02 95 3 3 6.467e+02 6.553e+02 80
42201 4 2 2 3.358e+02 3.362e+02 5 2 3 3.055e+02 3.245e+02 177 2 1 3.463e+02 3.677e+02 198 2 4 3.227e+02 3.493e+02 246
42202 2 0 2 6.284e+02 6.316e+02 30 0 4 6.246e+02 6.354e+02 100
42203 0
42204 10 1 2 6.279e+02 6.321e+02 40 1 4 5.760e+02 6.000e+02 222 1 3 5.986e+02 6.194e+02 194 2 4 5.455e+02 5.465e+02 10 2 4 2.896e+02 2.984e+02 81 2 3 5.639e+02 5.701e+02 57 2 4 5.797e+02 5.963e+02 154 2 4 2.359e+02 2.681e+02 300 2 4 2.773e+02 3.107e+02 310 2 4 1.076e+02 1.444e+02 342
42205 1 0 1 6.413e+02 6.607e+02 180
