47614 9 0 1 6.510e+02 6.510e+02 -1 0 1 6.030e+02 6.150e+02 112 0 3 6.479e+02 6.541e+02 57 0 3 5.981e+02 6.199e+02 203 0 4 6.573e+02 6.867e+02 273 0 2 6.180e+02 6.420e+02 222 0 2 6.537e+02 6.903e+02 340 0 4 6.218e+02 6.382e+02 151 0 4 6.128e+02 6.472e+02 319
47615 27 0 1 6.510e+02 6.510e+02 -5 0 1 1.828e+01 2.372e+01 50 0 1 1.030e+02 1.070e+02 36 0 3 6.505e+02 6.515e+02 9 0 4 6.127e+02 6.473e+02 320 0 2 6.854e+01 9.946e+01 287 0 1 5.945e+02 6.235e+02 270 0 4 6.551e+02 6.889e+02 315 0 3 5.914e+02 6.266e+02 327 0 2 6.054e+02 6.546e+02 456 2 2 4.191e+02 4.209e+02 16 2 3 1.470e+02 1.470e+02 -12 2 2 2.504e+02 2.536e+02 29 2 4 4.200e+02 4.200e+02 -4 2 4 1.235e+02 1.285e+02 47 2 4 5.369e+02 5.551e+02 170 2 1 1.442e+02 1.498e+02 52 2 1 4.307e+02 4.513e+02 191 2 4 2.497e+02 2.543e+02 42 2 2 5.293e+02 5.627e+02 310 2 1 6.704e+00 3.530e+01 266 2 3 4.243e+02 4.577e+02 310 2 2 1.141e+02 1.379e+02 221 2 3 2.223e+02 2.397e+02 161 2 2 1.482e+02 1.878e+02 368 2 4 2.401e+02 2.639e+02 221 2 1 2.169e+02 2.451e+02 261
47616 25 0 1 6.083e+02 6.097e+02 14 0 2 6.266e+02 6.334e+02 64 0 1 6.476e+02 6.544e+02 64 0 4 6.250e+02 6.350e+02 93 0 3 6.478e+02 6.542e+02 60 0 2 6.211e+02 6.389e+02 166 0 4 6.607e+02 6.833e+02 210 0 1 5.965e+02 6.215e+02 233 0 1 6.336e+02 6.684e+02 324 2 3 6.176e+01 6.424e+01 23 2 2 1.665e+02 1.695e+02 28 2 2 6.700e+02 6.740e+02 37 2 2 2.070e+02 2.130e+02 56 2 3 6.420e+02 6.600e+02 168 2 1 1.846e+01 2.354e+01 47 2 4 1.198e+02 1.322e+02 115 2 4 6.541e+02 6.899e+02 333 2 3 1.318e+02 1.622e+02 283 2 4 2.071e+02 2.129e+02 54 2 4 3.421e+01 4.979e+01 145 2 3 8.743e+01 1.226e+02 326 2 3 4.954e+00 3.705e+01 298 2 2 1.135e+02 1.385e+02 233 2 2 2.631e+01 5.769e+01 291 2 1 5.050e+01 7.550e+01 232
47617 14 0 1 6.393e+02 6.627e+02 217 0 3 4.630e+02 5.030e+02 372 0 2 6.545e+02 6.895e+02 326 0 2 4.396e+02 4.844e+02 416 0 4 4.357e+02 4.883e+02 488 0 1 4.608e+02 5.052e+02 412 1 2 6.293e+02 6.307e+02 14 1 4 6.256e+02 6.344e+02 82 1 3 5.912e+02 6.268e+02 331 2 2 2.937e+01 5.463e+01 235 2 4 2.618e+01 5.782e+01 294 2 1 3.332e-01 4.167e+01 384 2 3 2.531e+00 3.947e+01 343 2 2 1.828e+01 6.572e+01 440
47618 0
47619 5 2 4 4.184e+01 4.216e+01 3 2 4 4.175e+02 4.225e+02 46 2 4 1.630e+02 1.730e+02 93 2 1 1.330e+01 2.870e+01 143 2 3 1.011e+01 3.189e+01 202
47620 2 3 1 1.836e+02 1.944e+02 100 3 4 4.031e+02 4.369e+02 314
47621 12 0 2 5.458e+02 5.462e+02 3 0 3 5.194e+02 5.306e+02 105 0 2 3.135e+02 3.585e+02 417 0 3 5.040e+02 5.460e+02 390 0 2 5.263e+02 5.657e+02 366 0 1 5.445e+02 5.895e+02 417 1 1 6.053e+02 6.127e+02 68 1 3 6.061e+02 6.119e+02 54 1 2 5.703e+02 6.057e+02 328 1 2 6.275e+02 6.325e+02 47 1 4 5.718e+02 6.042e+02 301 2 1 5.079e+02 5.421e+02 318
47622 12 0 4 2.467e+02 2.573e+02 99 0 2 5.443e+02 5.477e+02 32 0 4 1.896e+02 2.304e+02 379 0 1 3.956e+02 4.024e+02 64 0 4 4.117e+02 4.283e+02 155 0 3 5.536e+02 5.804e+02 250 0 4 6.550e+02 6.890e+02 316 0 3 4.208e+02 4.612e+02 376 0 1 5.111e+02 5.389e+02 259 0 3 3.788e+02 4.192e+02 376 2 4 5.447e+02 5.473e+02 25 2 3 5.513e+02 5.827e+02 291
47623 8 0 1 6.484e+02 6.536e+02 48 0 2 6.542e+02 6.898e+02 330 2 3 1.449e+02 1.491e+02 40 2 2 1.583e+02 1.777e+02 180 2 4 1.959e+02 2.241e+02 261 2 4 1.113e+02 1.407e+02 273 2 1 1.292e+02 1.648e+02 331 3 4 4.071e+01 4.329e+01 24
47624 32 0 1 6.483e+02 6.537e+02 50 0 2 5.418e+02 5.502e+02 77 0 4 5.851e+02 5.909e+02 53 0 4 2.350e+02 2.690e+02 316 0 3 6.488e+02 6.532e+02 40 0 1 3.948e+02 4.032e+02 77 0 4 5.004e+02 5.076e+02 67 0 1 5.584e+02 5.756e+02 160 0 2 6.282e+02 6.318e+02 34 0 3 6.404e+02 6.616e+02 196 0 3 5.541e+02 5.799e+02 240 0 4 6.214e+02 6.386e+02 159 0 2 6.612e+02 6.828e+02 200 0 3 5.950e+02 6.230e+02 260 0 4 6.623e+02 6.817e+02 180 0 4 5.629e+02 6.131e+02 466 0 1 6.386e+02 6.634e+02 230 0 4 6.530e+02 6.910e+02 352 0 3 6.280e+02 6.740e+02 428 1 3 6.008e+02 6.172e+02 152 1 4 6.158e+02 6.442e+02 263 1 2 6.156e+02 6.444e+02 268 2 1 2.277e+02 2.343e+02 61 2 3 1.847e+02 1.933e+02 80 2 2 5.855e+02 5.905e+02 46 2 2 2.479e+02 2.561e+02 76 2 3 2.206e+02 2.414e+02 193 2 3 5.585e+02 5.755e+02 158 2 4 5.710e+02 6.050e+02 316 2 4 2.369e+02 2.671e+02 281 2 1 5.900e+02 6.280e+02 352 2 2 2.004e+02 2.196e+02 178
47625 2 0 1 1.450e+02 1.490e+02 36 1 3 2.475e+02 2.985e+02 473
47626 0
47627 17 0 3 6.078e+02 6.102e+02 21 0 4 4.562e+02 4.678e+02 108 0 3 6.006e+02 6.174e+02 156 0 3 4.719e+02 4.941e+02 206 0 4 6.112e+02 6.488e+02 350 0 2 4.452e+02 4.788e+02 311 0 1 4.683e+02 4.977e+02 273 1 4 5.875e+02 5.885e+02 10 1 3 5.567e+02 5.773e+02 191 1 2 3.644e+02 3.916e+02 252 1 4 5.695e+02 6.065e+02 343 1 2 5.708e+02 6.052e+02 320 3 1 1.886e+01 2.314e+01 40 3 2 4.437e+02 4.803e+02 340 3 1 4.637e+02 5.023e+02 359 3 4 4.374e+02 4.866e+02 457 3 3 5.450e+02 5.890e+02 408
47628 17 0 1 6.487e+02 6.533e+02 43 0 3 5.270e+01 7.330e+01 191 0 3 6.502e+02 6.518e+02 16 0 3 4.308e+02 4.512e+02 190 0 1 4.834e+01 7.766e+01 272 0 3 6.428e+02 6.592e+02 152 0 2 2.488e+01 5.912e+01 318 0 2 6.555e+02 6.885e+02 306 0 4 6.548e+02 6.892e+02 320 0 3 4.121e+01 8.479e+01 405 1 3 1.804e+02 1.976e+02 160 1 2 3.707e+02 3.853e+02 135 1 1 3.511e+02 3.629e+02 110 2 3 1.007e+01 3.193e+01 203 2 4 1.592e+02 1.768e+02 163 2 4 2.858e+02 3.022e+02 153 2 1 -1.508e+00 4.351e+01 418
47629 2 0 1 2.669e+02 2.791e+02 113 0 2 2.762e+01 5.638e+01 267
47630 4 0 2 5.300e+02 5.620e+02 296 0 4 6.532e+02 6.908e+02 350 0 2 3.566e+02 3.994e+02 398 0 3 3.779e+02 4.201e+02 391
47631 25 0 1 5.668e+02 5.672e+02 5 0 1 6.075e+02 6.105e+02 27 0 2 6.704e+02 6.736e+02 30 0 3 4.407e+02 4.413e+02 6 0 2 4.578e+02 4.662e+02 79 0 3 5.668e+02 5.672e+02 3 0 4 6.276e+02 6.324e+02 44 0 4 6.703e+02 6.737e+02 31 0 4 4.472e+02 4.768e+02 276 0 2 5.295e+02 5.625e+02 306 0 3 6.018e+02 6.162e+02 133 0 3 6.472e+02 6.548e+02 70 0 1 3.804e+02 4.176e+02 346 0 1 4.651e+02 5.009e+02 332 0 2 6.181e+02 6.419e+02 220 0 2 6.625e+02 6.815e+02 176 0 1 5.989e+02 6.191e+02 188 0 1 6.404e+02 6.616e+02 197 0 3 5.939e+02 6.241e+02 280 0 4 6.595e+02 6.845e+02 233 0 4 6.135e+02 6.465e+02 307 0 1 6.341e+02 6.679e+02 314 2 2 5.031e+02 5.049e+02 16 2 3 4.716e+02 4.944e+02 211 2 4 4.865e+02 5.215e+02 326
47632 23 0 4 3.770e+02 3.790e+02 18 0 3 5.200e+02 5.300e+02 92 0 3 5.934e+01 6.666e+01 68 0 1 2.296e+02 2.324e+02 26 0 2 5.422e+02 5.498e+02 71 0 2 2.921e+02 2.959e+02 35 0 4 3.239e+02 3.481e+02 226 0 1 5.301e+01 7.299e+01 186 0 2 2.515e+01 5.885e+01 313 0 4 6.320e+01 1.048e+02 386 0 4 2.214e+01 6.186e+01 369 1 4 6.293e+02 6.307e+02 12 1 2 6.283e+02 6.317e+02 31 1 1 1.209e+02 1.731e+02 486 1 3 3.663e+01 8.937e+01 490 2 1 1.922e+01 2.278e+01 33 2 3 1.218e+01 2.982e+01 164 2 2 1.230e+02 1.290e+02 56 2 3 4.561e+01 8.039e+01 323 2 4 1.219e+02 1.301e+02 76 2 1 1.355e+02 1.585e+02 214 2 4 7.396e+01 9.404e+01 186 2 3 1.293e+02 1.647e+02 328
47633 15 0 2 6.245e+02 6.355e+02 101 0 4 6.224e+02 6.376e+02 140 0 3 6.362e+02 6.658e+02 275 0 2 6.581e+02 6.859e+02 259 0 1 6.345e+02 6.675e+02 306 1 4 5.418e+02 5.502e+02 79 2 1 1.846e+01 2.354e+01 47 2 1 1.807e+02 1.973e+02 154 2 4 2.460e+02 2.580e+02 111 2 3 1.827e+02 1.953e+02 116 2 3 2.596e+02 2.864e+02 250 2 3 6.882e+00 3.512e+01 262 2 2 1.548e+02 1.812e+02 245 2 2 2.742e+02 3.138e+02 367 2 4 1.508e+02 1.852e+02 319
47634 14 0 2 6.300e+02 6.300e+02 -21 0 3 5.182e+02 5.318e+02 127 0 2 6.221e+02 6.379e+02 146 0 3 6.434e+02 6.586e+02 141 0 2 4.984e+02 5.096e+02 104 0 1 5.160e+02 5.340e+02 168 0 4 6.204e+02 6.396e+02 178 0 1 6.411e+02 6.609e+02 185 0 4 4.941e+02 5.139e+02 185 0 2 6.560e+02 6.880e+02 298 1 1 5.957e+02 6.223e+02 246 1 2 6.173e+02 6.427e+02 236 2 1 2.100e+01 2.100e+01 -7 2 3 2.100e+01 2.100e+01 -10
47635 12 0 2 6.251e+02 6.349e+02 90 0 3 6.500e+02 6.520e+02 18 0 4 6.221e+02 6.379e+02 146 0 1 6.343e+02 6.677e+02 310 0 3 6.377e+02 6.643e+02 246 0 2 6.585e+02 6.855e+02 250 0 4 6.556e+02 6.884e+02 304 2 2 5.874e+02 5.886e+02 11 2 3 5.587e+02 5.753e+02 155 2 4 5.257e+02 5.663e+02 376 3 2 1.547e+02 1.813e+02 247 3 1 1.726e+02 2.054e+02 304
47636 6 0 1 5.609e+02 5.731e+02 114 0 4 5.864e+02 5.896e+02 29 0 3 5.512e+02 5.828e+02 293 2 4 8.133e+01 8.667e+01 50 2 2 7.329e+01 9.471e+01 199 2 3 9.169e+01 1.183e+02 247
47637 40 0 4 4.615e+02 4.625e+02 9 0 2 3.741e+02 3.819e+02 72 0 1 6.088e+02 6.092e+02 3 0 3 6.504e+02 6.516e+02 11 0 4 3.771e+02 3.789e+02 17 0 2 5.024e+02 5.056e+02 29 0 1 3.422e+02 3.718e+02 276 0 3 5.163e+02 5.337e+02 161 0 3 6.079e+02 6.101e+02 20 0 4 6.692e+02 6.748e+02 51 0 1 4.316e+02 4.504e+02 174 0 2 4.595e+02 4.645e+02 47 0 2 5.392e+02 5.528e+02 126 0 2 6.249e+02 6.351e+02 94 0 1 6.494e+02 6.526e+02 30 0 3 4.252e+02 4.568e+02 293 0 1 5.602e+02 5.738e+02 126 0 4 5.818e+02 5.942e+02 115 0 2 6.668e+02 6.772e+02 96 0 2 5.269e+02 5.651e+02 356 0 4 6.217e+02 6.383e+02 155 0 1 6.377e+02 6.643e+02 246 0 2 6.132e+02 6.468e+02 311 0 3 6.385e+02 6.635e+02 233 0 4 6.523e+02 6.917e+02 366 1 2 6.282e+02 6.318e+02 33 1 4 6.242e+02 6.358e+02 108 1 1 5.954e+02 6.226e+02 253 1 4 6.170e+02 6.430e+02 242 2 4 2.509e+02 2.531e+02 20 2 3 3.149e+02 3.151e+02 2 2 2 3.955e+01 4.445e+01 46 2 2 3.243e+02 3.477e+02 218 2 3 9.531e+00 3.247e+01 213 2 4 4.092e+02 4.308e+02 200 2 4 2.831e+02 3.049e+02 203 2 4 3.035e+01 5.365e+01 216 2 1 2.999e+02 3.301e+02 280 2 1 4.592e+01 8.008e+01 317 3 1 1.821e+02 1.959e+02 128
47638 1 0 4 6.547e+02 6.893e+02 322
47639 8 0 1 4.830e+02 4.830e+02 -5 0 4 5.040e+02 5.040e+02 -1 0 1 9.681e+01 1.132e+02 152 0 3 4.722e+02 4.938e+02 200 0 2 4.874e+02 5.206e+02 308 2 4 3.685e+02 3.875e+02 176 3 1 1.949e+01 2.251e+01 28 3 3 1.182e+01 3.018e+01 170
47640 12 0 4 4.518e+02 4.722e+02 189 0 4 4.858e+02 5.222e+02 337 2 3 1.023e+02 1.077e+02 50 2 3 4.402e+02 4.418e+02 15 2 2 1.221e+02 1.299e+02 73 2 2 1.631e+02 1.729e+02 90 2 3 4.310e+02 4.510e+02 186 2 4 6.943e+01 9.857e+01 270 2 4 4.506e+02 4.734e+02 212 2 4 1.581e+02 1.779e+02 185 2 1 1.376e+02 1.564e+02 174 2 3 1.341e+02 1.599e+02 239
47641 25 0 2 6.277e+02 6.323e+02 42 0 4 6.286e+02 6.314e+02 26 0 3 6.482e+02 6.538e+02 52 0 4 4.959e+02 5.121e+02 150 0 1 5.558e+02 5.782e+02 209 0 4 5.816e+02 5.944e+02 119 0 2 6.691e+02 6.749e+02 55 0 2 4.933e+02 5.147e+02 199 0 1 5.945e+02 6.235e+02 270 0 4 6.702e+02 6.738e+02 34 0 3 5.955e+02 6.225e+02 251 0 1 6.450e+02 6.570e+02 111 0 2 6.122e+02 6.478e+02 331 0 3 6.325e+02 6.695e+02 344 0 4 6.126e+02 6.474e+02 323 0 2 6.033e+02 6.567e+02 496 1 1 5.978e+02 6.202e+02 208 2 3 6.113e+01 6.487e+01 35 2 4 2.833e+01 5.567e+01 254 2 2 6.616e+01 1.018e+02 331 2 1 5.301e+01 7.299e+01 186 2 3 8.415e+01 1.258e+02 387 2 3 3.473e+00 3.853e+01 326 2 2 5.750e+01 1.105e+02 492 2 4 6.023e+01 1.078e+02 441
47642 0
47643 42 0 2 6.706e+02 6.734e+02 26 0 4 6.685e+02 6.755e+02 66 0 1 6.501e+02 6.519e+02 16 0 3 6.488e+02 6.532e+02 40 0 4 6.570e+02 6.870e+02 279 2 4 2.932e+02 2.948e+02 15 2 1 5.670e+02 5.670e+02 -17 2 4 4.200e+01 4.200e+01 -15 2 3 6.090e+02 6.090e+02 -23 2 4 1.260e+02 1.260e+02 -12 2 2 4.153e+02 4.247e+02 87 2 1 1.427e+02 1.513e+02 80 2 4 4.607e+02 4.633e+02 24 2 4 2.400e+02 2.640e+02 223 2 3 5.670e+02 5.670e+02 -0 2 3 2.713e+02 2.747e+02 31 2 2 6.282e+02 6.318e+02 33 2 2 3.301e+02 3.419e+02 109 2 1 6.434e+02 6.586e+02 141 2 1 1.998e+01 2.202e+01 19 2 4 4.185e+02 4.215e+02 28 2 4 8.400e+01 8.400e+01 -3 2 4 5.363e+02 5.557e+02 180 2 2 1.621e+02 1.739e+02 110 2 4 5.829e+02 5.931e+02 94 2 3 2.184e+02 2.436e+02 234 2 3 3.868e+02 4.112e+02 227 2 3 3.096e+02 3.204e+02 100 2 2 5.714e+02 6.046e+02 309 2 1 3.408e+02 3.732e+02 301 2 3 2.100e+01 2.100e+01 -13 2 3 9.739e+01 1.126e+02 141 2 4 1.645e+02 1.715e+02 66 2 3 2.636e+02 2.824e+02 174 2 3 7.286e+00 3.471e+01 255 2 2 1.218e+02 1.302e+02 79 2 1 1.805e+02 1.975e+02 157 2 3 2.565e+02 2.895e+02 307 2 4 6.589e+01 1.021e+02 336 2 3 1.325e+02 1.615e+02 269 2 3 8.707e+01 1.229e+02 333 2 3 1.719e+02 2.061e+02 318
47644 5 0 1 5.591e+02 5.749e+02 146 0 4 5.820e+02 5.940e+02 111 0 4 6.602e+02 6.838e+02 219 0 3 5.545e+02 5.795e+02 231 3 1 1.007e+01 3.193e+01 203
47645 1 0 2 6.525e+02 6.915e+02 362
47646 0
47647 1 3 2 1.638e+02 1.722e+02 79
47648 8 0 4 6.300e+02 6.300e+02 -23 0 4 2.436e+02 2.604e+02 156 0 2 6.274e+02 6.326e+02 49 0 4 6.710e+02 6.730e+02 19 0 1 5.930e+02 6.250e+02 296 0 3 5.921e+02 6.259e+02 314 2 3 6.300e+01 6.300e+01 -4 2 4 3.116e+01 5.284e+01 201
47649 0
47650 0
47651 15 0 1 6.488e+02 6.532e+02 40 0 2 5.040e+02 5.040e+02 -3 0 2 5.446e+02 5.474e+02 26 0 3 6.510e+02 6.510e+02 -6 0 3 5.187e+02 5.313e+02 117 0 4 6.124e+02 6.476e+02 326 0 2 6.126e+02 6.474e+02 324 2 3 4.356e+02 4.464e+02 100 2 2 7.998e+01 8.802e+01 75 2 4 4.577e+02 4.663e+02 80 2 4 1.607e+02 1.753e+02 136 2 4 3.690e+02 3.870e+02 168 2 3 5.503e+01 7.097e+01 148 2 4 7.020e+01 9.780e+01 256 2 1 4.399e+01 8.201e+01 353
47652 26 0 1 6.087e+02 6.093e+02 5 0 1 6.487e+02 6.533e+02 42 0 3 3.948e+02 4.032e+02 79 0 4 1.566e+02 1.794e+02 212 0 3 6.090e+02 6.090e+02 -19 0 2 3.600e+02 3.960e+02 334 0 3 6.510e+02 6.510e+02 -7 0 2 6.280e+02 6.320e+02 37 0 4 3.647e+02 3.913e+02 247 0 3 6.367e+02 6.653e+02 265 0 4 6.265e+02 6.335e+02 66 0 2 6.609e+02 6.831e+02 206 0 4 5.869e+02 5.891e+02 20 0 4 6.615e+02 6.825e+02 195 0 3 5.965e+02 6.215e+02 233 0 1 6.344e+02 6.676e+02 309 0 4 6.138e+02 6.462e+02 301 0 4 6.535e+02 6.905e+02 343 0 4 5.702e+02 6.058e+02 330 1 2 6.155e+02 6.445e+02 269 2 3 6.300e+01 6.300e+01 -18 2 1 6.203e+01 6.397e+01 18 2 1 7.959e+00 3.404e+01 242 2 3 7.555e+00 3.444e+01 250 2 2 2.456e+01 5.944e+01 324 2 4 2.479e+01 5.921e+01 320
47655 16 0 3 6.149e+01 6.451e+01 28 0 4 7.850e+01 8.950e+01 102 0 1 5.177e+02 5.323e+02 136 0 2 5.392e+02 5.528e+02 126 0 3 4.484e+01 8.116e+01 337 0 2 6.560e+02 6.880e+02 296 0 2 4.379e+02 4.861e+02 448 0 3 5.069e+02 5.431e+02 336 0 4 6.552e+02 6.888e+02 311 0 3 4.588e+02 5.072e+02 449 2 2 3.308e+02 3.412e+02 97 2 4 3.978e+01 4.422e+01 41 2 1 3.529e+02 3.611e+02 76 2 3 2.967e+02 3.333e+02 340 2 4 3.229e+02 3.491e+02 244 2 2 3.611e+02 3.949e+02 314
47656 5 1 4 6.299e+02 6.301e+02 2 1 1 5.915e+02 6.265e+02 326 2 3 6.024e+02 6.156e+02 123 2 4 6.171e+02 6.429e+02 239 2 3 5.954e+02 6.226e+02 252
47659 0
47660 8 0 3 6.080e+02 6.100e+02 19 0 2 6.266e+02 6.334e+02 64 0 1 6.059e+02 6.121e+02 58 1 1 5.619e+02 5.721e+02 95 1 3 5.600e+02 5.740e+02 130 1 2 5.809e+02 5.951e+02 132 1 4 5.715e+02 6.045e+02 306 2 3 4.695e+01 7.905e+01 298
47661 5 0 3 5.505e+02 5.835e+02 306 0 4 4.784e+02 5.296e+02 475 1 2 2.470e+02 2.570e+02 92 2 2 1.680e+02 1.680e+02 -11 2 4 8.299e+01 8.501e+01 19
47662 17 0 1 6.475e+02 6.545e+02 66 0 2 5.418e+02 5.502e+02 78 0 1 6.047e+02 6.133e+02 80 0 2 6.704e+02 6.736e+02 29 0 3 6.082e+02 6.098e+02 16 0 4 6.684e+02 6.756e+02 66 0 4 6.237e+02 6.363e+02 116 0 3 6.443e+02 6.577e+02 124 0 4 6.110e+02 6.490e+02 352 1 4 4.620e+02 4.620e+02 -1 2 3 5.974e+01 6.626e+01 60 2 2 7.145e+01 9.655e+01 233 2 1 5.243e+01 7.357e+01 196 2 2 6.423e+01 1.038e+02 367 2 3 4.794e+01 7.806e+01 280 2 4 2.739e+01 5.661e+01 271 3 2 3.829e+01 4.571e+01 69
47663 0
47665 21 0 1 6.503e+02 6.517e+02 12 0 3 6.038e+02 6.142e+02 97 0 3 6.481e+02 6.539e+02 54 0 1 5.999e+02 6.181e+02 169 0 2 6.720e+02 6.720e+02 -0 0 4 6.167e+02 6.433e+02 246 0 4 6.720e+02 6.720e+02 -9 0 4 5.727e+02 6.033e+02 285 0 4 6.586e+02 6.854e+02 249 0 3 5.930e+02 6.250e+02 298 0 1 6.334e+02 6.686e+02 326 0 3 5.846e+02 6.334e+02 454 0 3 6.333e+02 6.687e+02 329 0 2 6.578e+02 6.862e+02 264 1 4 1.918e+01 6.482e+01 424 1 3 -7.909e-01 4.279e+01 405 2 1 2.100e+01 2.100e+01 -14 2 2 3.430e+01 4.970e+01 143 2 3 4.951e+01 7.649e+01 250 2 4 2.793e+02 3.087e+02 273 2 3 4.012e+00 3.799e+01 316
