60728 0
60729 4 0 2 1.937e+02 2.263e+02 303 1 2 2.010e+02 2.190e+02 166 1 3 2.180e+02 2.440e+02 242 1 4 1.833e+02 2.367e+02 496
60730 0
60731 0
60732 0
60733 9 0 3 6.041e+02 6.139e+02 91 0 1 6.455e+02 6.565e+02 103 0 1 5.974e+02 6.206e+02 215 0 3 6.421e+02 6.599e+02 165 0 4 5.689e+02 6.071e+02 354 0 4 6.620e+02 6.820e+02 186 2 2 8.164e+01 8.636e+01 44 2 4 8.195e+01 8.605e+01 38 2 3 1.024e+02 1.076e+02 49
60734 26 0 3 5.660e+02 5.680e+02 18 0 4 6.263e+02 6.337e+02 68 0 2 6.675e+02 6.765e+02 83 0 4 4.176e+02 4.224e+02 46 0 1 5.563e+02 5.777e+02 199 0 2 6.168e+02 6.432e+02 246 0 4 6.688e+02 6.752e+02 59 0 1 3.866e+02 4.114e+02 230 0 2 5.302e+02 5.618e+02 293 0 4 6.133e+02 6.467e+02 310 0 1 6.426e+02 6.594e+02 156 0 3 6.449e+02 6.571e+02 114 0 1 6.335e+02 6.685e+02 326 0 3 6.329e+02 6.691e+02 336 2 1 1.981e+01 2.219e+01 22 2 2 4.145e+02 4.255e+02 102 2 3 1.307e+01 2.893e+01 147 2 2 4.994e+02 5.086e+02 86 2 4 4.124e+02 4.276e+02 141 2 4 4.972e+02 5.108e+02 126 2 3 5.066e+02 5.434e+02 342 2 3 4.298e+02 4.522e+02 207 2 1 4.661e+02 4.999e+02 314 3 2 2.936e+02 2.944e+02 8 3 1 2.566e+02 2.894e+02 305 3 1 2.956e+02 3.344e+02 360
60735 0
60736 0
60737 8 0 2 6.688e+02 6.752e+02 59 0 4 6.706e+02 6.734e+02 26 0 2 6.580e+02 6.860e+02 260 0 1 6.357e+02 6.663e+02 284 0 3 6.354e+02 6.666e+02 290 2 4 8.159e+01 8.641e+01 45 2 3 9.340e+01 1.166e+02 216 2 4 7.056e+01 9.744e+01 250
60738 10 2 3 1.514e+01 2.686e+01 109 2 2 7.886e+01 8.914e+01 96 2 3 3.052e+02 3.248e+02 181 2 2 4.121e+01 4.279e+01 15 2 4 2.839e+02 3.041e+02 187 2 4 3.717e+01 4.683e+01 90 2 2 2.771e+02 3.109e+02 314 2 1 5.319e+01 7.281e+01 182 2 3 5.360e+01 7.240e+01 175 2 4 2.218e+01 6.182e+01 368
60739 3 0 3 5.633e+02 5.707e+02 69 0 3 5.544e+02 5.796e+02 234 0 3 5.457e+02 5.883e+02 396
60740 5 1 2 5.313e+02 5.607e+02 272 2 3 5.220e+02 5.280e+02 56 2 1 6.616e+00 3.538e+01 267 2 4 4.909e+02 5.171e+02 244 2 2 5.405e+02 5.515e+02 103
60741 6 0 4 5.825e+02 5.935e+02 103 2 3 3.546e+02 3.594e+02 46 2 4 3.235e+02 3.485e+02 233 2 2 3.592e+02 3.968e+02 350 3 3 6.198e+01 6.402e+01 19 3 3 4.695e+01 7.905e+01 298
60742 0
60743 0
60744 11 0 4 6.687e+02 6.753e+02 60 0 2 6.611e+02 6.829e+02 202 0 2 6.548e+02 6.892e+02 319 2 2 3.870e+01 4.530e+01 61 2 2 5.435e+02 5.485e+02 47 2 4 3.542e+01 4.858e+01 122 2 4 5.754e+02 6.006e+02 235 2 1 5.539e+01 7.061e+01 141 2 3 4.834e+01 7.766e+01 272 2 1 5.132e+00 3.687e+01 295 2 3 1.811e+00 4.019e+01 356
60745 7 0 4 5.846e+02 5.914e+02 63 0 4 6.720e+02 6.720e+02 -20 0 1 5.545e+02 5.795e+02 231 0 2 6.667e+02 6.773e+02 99 0 3 5.513e+02 5.827e+02 292 0 1 6.375e+02 6.645e+02 251 0 3 6.353e+02 6.667e+02 291
60746 14 0 2 6.234e+02 6.366e+02 122 0 1 6.371e+02 6.649e+02 258 0 4 6.217e+02 6.383e+02 154 0 3 6.387e+02 6.633e+02 228 1 2 6.276e+02 6.324e+02 45 1 4 6.258e+02 6.342e+02 78 2 2 8.227e+01 8.573e+01 32 2 4 8.119e+01 8.681e+01 52 2 3 4.619e+01 7.981e+01 312 2 1 4.444e+01 8.156e+01 345 3 4 3.582e+01 4.818e+01 115 3 2 3.430e+01 4.970e+01 143 3 1 5.193e+01 7.407e+01 206 3 3 5.081e+01 7.519e+01 226
60747 8 0 4 6.720e+02 6.720e+02 -15 0 3 6.503e+02 6.517e+02 14 0 2 6.691e+02 6.749e+02 53 0 3 6.376e+02 6.644e+02 248 2 4 8.132e+01 8.668e+01 50 2 2 1.201e+02 1.319e+02 109 2 1 5.319e+01 7.281e+01 182 2 2 7.774e+01 9.026e+01 116
60748 3 0 4 6.675e+02 6.765e+02 84 0 3 5.540e+02 5.800e+02 241 0 4 5.791e+02 5.969e+02 166
60749 2 1 4 6.288e+02 6.312e+02 23 2 4 4.596e+02 4.644e+02 46
60750 4 2 4 3.650e+01 4.750e+01 102 2 1 5.754e+01 6.846e+01 101 2 2 3.129e+01 5.271e+01 199 2 3 5.099e+01 7.501e+01 223
60751 9 0 3 5.602e+02 5.738e+02 126 0 1 5.508e+02 5.832e+02 301 0 4 5.635e+02 6.125e+02 455 0 2 5.222e+02 5.698e+02 441 2 4 5.847e+02 5.913e+02 61 2 4 3.533e+01 4.867e+01 124 2 3 6.072e+02 6.108e+02 33 2 1 5.956e+02 6.224e+02 250 2 2 6.189e+02 6.411e+02 206
60752 4 0 3 5.206e+02 5.294e+02 81 2 4 6.285e+02 6.315e+02 27 2 3 1.240e+01 2.960e+01 160 3 4 5.426e+02 5.494e+02 64
