31743 11 0 2 6.525e+02 6.915e+02 362 0 4 6.471e+02 6.969e+02 463 2 2 5.447e+02 5.473e+02 25 2 1 6.109e+01 6.491e+01 36 2 1 5.351e+01 7.249e+01 176 2 2 1.197e+02 1.323e+02 117 2 3 5.101e+02 5.399e+02 276 2 4 2.375e+02 2.665e+02 269 2 1 5.533e+02 5.807e+02 254 2 1 4.449e+01 8.151e+01 344 2 4 1.173e+02 1.347e+02 161
31744 7 0 3 5.566e+02 5.774e+02 193 0 1 5.572e+02 5.768e+02 182 0 2 5.298e+02 5.622e+02 300 2 3 1.891e+01 2.309e+01 39 2 4 4.085e+01 4.315e+01 21 2 3 5.637e+02 5.703e+02 62 2 2 5.812e+02 5.948e+02 127
31745 5 0 2 6.227e+02 6.373e+02 135 0 4 6.267e+02 6.333e+02 60 0 1 6.376e+02 6.644e+02 248 0 3 6.334e+02 6.686e+02 327 2 1 1.532e+01 2.668e+01 106
31747 37 0 1 5.619e+02 5.721e+02 95 0 1 5.982e+02 6.198e+02 200 2 2 3.915e+01 4.485e+01 53 2 2 4.175e+02 4.225e+02 47 2 2 8.110e+01 8.690e+01 54 2 4 4.585e+02 4.655e+02 66 2 4 1.658e+02 1.702e+02 40 2 3 2.269e+02 2.351e+02 76 2 4 2.919e+02 2.961e+02 40 2 3 4.270e+02 4.550e+02 260 2 3 3.517e+02 3.623e+02 98 2 4 4.429e+02 4.811e+02 354 2 4 4.117e+01 4.283e+01 16 2 2 4.046e+02 4.354e+02 286 2 2 1.248e+02 1.272e+02 23 2 1 1.826e+02 1.954e+02 118 2 2 2.510e+02 2.530e+02 18 2 3 3.070e+02 3.230e+02 149 2 2 3.684e+02 3.876e+02 178 2 1 6.199e+01 6.401e+01 19 2 4 7.231e+01 9.569e+01 217 2 2 1.568e+02 1.792e+02 209 2 4 2.387e+02 2.653e+02 247 2 1 2.640e+02 2.820e+02 166 2 4 3.190e+02 3.530e+02 316 2 3 5.660e+01 6.940e+01 119 2 3 9.295e+01 1.171e+02 224 2 3 1.764e+02 2.016e+02 235 2 4 1.952e+02 2.248e+02 275 2 1 3.038e+02 3.262e+02 209 2 1 3.416e+02 3.724e+02 286 2 4 1.127e+02 1.393e+02 246 2 1 1.336e+02 1.604e+02 248 2 1 2.561e+02 2.899e+02 315 2 2 3.158e+02 3.562e+02 375 2 2 2.780e+02 3.100e+02 296 3 2 2.488e+01 5.912e+01 318
31748 6 0 4 2.869e+02 3.011e+02 131 0 1 5.440e+02 5.900e+02 426 0 4 5.677e+02 6.083e+02 377 1 3 6.089e+02 6.091e+02 2 1 4 5.822e+02 5.938e+02 108 1 1 6.012e+02 6.168e+02 145
31751 28 1 2 5.005e+02 5.075e+02 66 1 4 6.129e+02 6.471e+02 318 2 3 1.864e+01 2.336e+01 44 2 3 4.816e+02 4.844e+02 26 2 2 4.166e+01 4.234e+01 6 2 4 5.453e+02 5.467e+02 13 2 4 2.802e+02 3.078e+02 257 2 2 5.868e+02 5.892e+02 22 2 4 3.173e+02 3.547e+02 347 2 4 4.189e+02 4.211e+02 20 2 4 3.704e+01 4.696e+01 92 2 2 4.508e+02 4.732e+02 208 2 1 6.118e+01 6.482e+01 34 2 3 5.584e+02 5.756e+02 160 2 1 1.577e+01 2.623e+01 97 2 4 6.622e+02 6.818e+02 181 2 2 3.349e+01 5.051e+01 158 2 3 4.381e+02 4.439e+02 53 2 4 5.746e+02 6.014e+02 249 2 1 4.722e+01 7.878e+01 293 2 2 6.544e+02 6.896e+02 326 2 3 5.274e+01 7.326e+01 190 2 1 4.284e+02 4.536e+02 234 2 2 2.528e+01 5.872e+01 310 3 2 3.779e+02 3.781e+02 1 3 2 3.694e+02 3.866e+02 160 3 3 3.840e+02 4.140e+02 278 3 1 3.440e+02 3.700e+02 241
31752 21 0 2 5.020e+02 5.060e+02 38 0 4 5.024e+02 5.056e+02 30 0 3 4.656e+02 5.004e+02 324 0 1 5.062e+02 5.438e+02 349 2 3 2.100e+01 2.100e+01 -24 2 4 8.249e+01 8.551e+01 28 2 3 3.877e+02 4.103e+02 210 2 4 3.701e+02 3.859e+02 146 2 2 1.233e+02 1.287e+02 50 2 3 3.790e+02 4.190e+02 371 2 3 1.825e+02 1.955e+02 120 2 4 6.102e+02 6.498e+02 368 2 2 1.995e+02 2.205e+02 195 2 3 4.221e+02 4.599e+02 350 2 4 1.235e+02 1.284e+02 46 2 4 1.573e+02 1.787e+02 199 2 4 1.984e+02 2.216e+02 216 2 3 3.371e+02 3.769e+02 370 2 1 1.775e+02 2.005e+02 213 2 4 3.591e+02 3.969e+02 351 2 3 1.302e+02 1.638e+02 312
31753 0
31754 8 0 4 6.707e+02 6.733e+02 24 0 1 5.551e+02 5.789e+02 220 0 3 6.002e+02 6.178e+02 163 0 1 6.485e+02 6.535e+02 46 0 1 5.135e+02 5.365e+02 214 0 4 6.201e+02 6.399e+02 183 0 2 6.538e+02 6.902e+02 338 0 1 6.314e+02 6.706e+02 364
31755 5 3 4 4.172e+02 4.228e+02 52 3 1 3.101e+02 3.199e+02 91 3 3 3.888e+02 4.092e+02 189 3 2 4.010e+02 4.390e+02 353 3 2 3.581e+02 3.979e+02 370
31757 0
31758 5 0 4 6.093e+02 6.507e+02 384 0 1 5.058e+02 5.442e+02 357 0 1 5.896e+02 6.284e+02 360 0 2 6.099e+02 6.501e+02 374 2 4 1.866e+02 2.334e+02 436
31760 13 0 1 6.072e+02 6.108e+02 33 0 1 6.459e+02 6.561e+02 96 0 2 6.277e+02 6.323e+02 43 0 3 6.475e+02 6.545e+02 65 0 4 6.228e+02 6.372e+02 134 0 2 6.642e+02 6.798e+02 146 0 4 6.122e+02 6.478e+02 331 0 4 6.614e+02 6.826e+02 196 0 1 6.344e+02 6.676e+02 309 2 3 1.037e+02 1.063e+02 25 2 2 7.944e+01 8.856e+01 85 2 4 7.957e+01 8.843e+01 82 2 3 4.323e+01 8.277e+01 367
31761 0
31763 0
31764 0
31765 0
31766 4 2 3 1.870e+02 1.910e+02 37 2 1 1.764e+02 2.016e+02 235 2 4 1.485e+02 1.875e+02 362 2 2 1.916e+02 2.284e+02 342
31767 4 0 4 6.686e+02 6.754e+02 63 0 1 6.418e+02 6.602e+02 170 0 3 6.365e+02 6.655e+02 270 1 4 5.820e+02 5.940e+02 111
31769 17 0 1 5.197e+02 5.303e+02 98 0 4 2.824e+02 3.056e+02 216 0 2 4.881e+02 5.199e+02 296 1 3 5.238e+02 5.262e+02 22 1 2 5.880e+02 5.880e+02 -10 1 2 6.257e+02 6.343e+02 80 1 4 4.490e+02 4.750e+02 241 1 3 4.793e+02 4.867e+02 69 1 4 5.880e+02 5.880e+02 -15 1 4 6.300e+02 6.300e+02 -14 1 3 4.668e+02 4.992e+02 301 1 4 5.460e+02 5.460e+02 -1 1 3 5.913e+02 6.267e+02 329 1 1 5.584e+02 5.756e+02 160 1 3 5.500e+02 5.840e+02 316 2 3 1.890e+02 1.890e+02 -19 2 1 3.570e+02 3.570e+02 -2
31770 8 1 3 5.190e+02 5.310e+02 112 1 4 5.369e+02 5.551e+02 170 1 1 6.039e+02 6.141e+02 95 1 1 5.118e+02 5.382e+02 246 1 2 6.243e+02 6.357e+02 106 2 2 3.336e+01 5.064e+01 160 3 4 3.057e+01 5.343e+01 212 3 2 6.679e+01 1.012e+02 320
31775 0
31776 1 0 2 6.673e+02 6.767e+02 88
31777 0
31779 1 1 1 5.897e+02 6.283e+02 359
31781 0
31782 3 2 3 1.461e+02 1.479e+02 16 2 2 7.123e+01 9.677e+01 237 2 4 1.511e+02 1.849e+02 314
