29166 12 0 1 6.041e+02 6.139e+02 91 0 2 6.720e+02 6.720e+02 -24 0 4 6.203e+02 6.397e+02 180 0 3 5.995e+02 6.185e+02 177 0 2 6.171e+02 6.429e+02 239 2 3 2.720e+02 2.740e+02 19 2 4 2.368e+02 2.672e+02 283 2 1 2.637e+02 2.823e+02 173 2 1 1.384e+01 2.816e+01 133 2 2 2.791e+02 3.089e+02 276 2 1 5.521e+01 7.079e+01 145 2 3 4.947e+01 7.653e+01 251
29167 0
29168 6 0 2 6.634e+02 6.806e+02 160 0 4 6.607e+02 6.833e+02 210 2 2 3.351e+02 3.369e+02 16 2 3 3.099e+02 3.201e+02 95 2 4 3.172e+02 3.548e+02 349 2 1 2.955e+02 3.345e+02 361
29170 12 0 2 6.665e+02 6.775e+02 102 0 4 6.629e+02 6.811e+02 170 0 2 2.728e+02 3.152e+02 393 0 4 6.503e+02 6.937e+02 403 0 1 6.249e+02 6.771e+02 485 1 1 3.141e+02 3.159e+02 17 1 2 2.750e+02 3.130e+02 353 2 1 3.964e+02 4.016e+02 49 2 3 7.155e+00 3.485e+01 257 2 4 2.981e+01 5.419e+01 226 2 2 2.524e+01 5.876e+01 311 2 1 -3.392e+00 4.539e+01 453
29173 55 0 1 1.454e+02 1.486e+02 30 0 2 2.504e+02 2.536e+02 30 0 3 9.779e+01 1.122e+02 134 0 3 5.628e+02 5.712e+02 78 0 4 2.398e+02 2.642e+02 226 0 4 5.759e+02 6.001e+02 224 0 1 2.172e+02 2.448e+02 257 0 4 6.165e+02 6.435e+02 251 0 3 2.578e+02 2.882e+02 282 1 3 4.818e+02 4.842e+02 23 1 1 3.938e+02 4.042e+02 97 1 1 6.080e+02 6.100e+02 18 1 2 4.546e+02 4.694e+02 138 1 2 5.855e+02 5.905e+02 46 1 3 6.073e+02 6.107e+02 32 1 1 5.600e+02 5.740e+02 130 1 2 6.293e+02 6.307e+02 12 1 4 6.247e+02 6.353e+02 98 1 4 6.184e+02 6.416e+02 215 2 1 1.843e+02 1.937e+02 87 2 1 2.300e+02 2.320e+02 19 2 1 3.962e+02 4.018e+02 51 2 3 3.549e+02 3.591e+02 40 2 2 5.017e+02 5.063e+02 43 2 3 6.221e+01 6.379e+01 15 2 3 5.176e+02 5.324e+02 137 2 2 2.480e+02 2.560e+02 75 2 4 6.625e+02 6.815e+02 176 2 1 2.625e+02 2.835e+02 196 2 2 3.759e+02 3.801e+02 40 2 4 5.036e+02 5.044e+02 8 2 3 1.747e+01 2.453e+01 66 2 4 5.291e+02 5.629e+02 313 2 2 6.885e+01 9.915e+01 281 2 3 1.775e+02 2.005e+02 213 2 4 4.586e+02 4.654e+02 63 2 2 2.072e+02 2.128e+02 51 2 4 3.286e+02 3.434e+02 137 2 4 4.454e+02 4.786e+02 309 2 4 3.322e+01 5.078e+01 163 2 3 8.770e+01 1.223e+02 321 2 4 1.495e+02 1.865e+02 344 2 4 2.439e+02 2.601e+02 151 2 3 2.534e+02 2.926e+02 365 2 3 3.460e+02 3.680e+02 204 2 1 5.050e+01 7.550e+01 232 2 3 2.118e+02 2.502e+02 356 2 4 3.629e+02 3.931e+02 281 2 1 4.594e+00 3.741e+01 305 2 4 1.911e+02 2.289e+02 351 3 1 8.967e+01 1.203e+02 285 3 3 9.053e+01 1.195e+02 269 3 2 7.756e+01 9.044e+01 120 3 4 2.640e+01 5.760e+01 290 3 4 6.454e+01 1.035e+02 361
29174 0
29175 0
29179 2 0 1 3.128e+02 3.172e+02 41 0 2 2.748e+02 3.132e+02 356
29180 5 2 3 2.309e+02 2.311e+02 2 2 1 2.254e+02 2.366e+02 105 2 4 1.926e+02 2.274e+02 323 2 4 5.786e+01 1.101e+02 486 2 2 2.353e+02 2.687e+02 310
29181 6 0 2 6.232e+02 6.368e+02 126 0 4 6.191e+02 6.409e+02 203 0 2 6.526e+02 6.914e+02 360 0 1 5.823e+02 6.357e+02 496 0 3 6.254e+02 6.766e+02 475 0 4 6.474e+02 6.966e+02 457
29182 2 0 2 6.253e+02 6.347e+02 88 0 4 6.720e+02 6.720e+02 -14
29183 4 0 2 6.285e+02 6.315e+02 28 0 4 6.181e+02 6.419e+02 221 0 1 5.931e+02 6.249e+02 295 2 4 1.227e+02 1.293e+02 60
29184 9 0 2 6.557e+02 6.883e+02 302 0 4 6.562e+02 6.878e+02 294 2 3 5.246e+02 5.254e+02 7 2 2 8.124e+01 8.676e+01 51 2 3 4.897e+01 7.703e+01 260 2 4 7.244e+01 9.556e+01 215 2 2 5.293e+02 5.627e+02 310 2 1 1.043e+01 3.157e+01 196 2 4 4.886e+02 5.194e+02 286
29186 0
29187 0
29188 0
29189 30 0 3 5.220e+02 5.280e+02 56 0 2 6.205e+02 6.395e+02 176 0 1 2.198e+02 2.422e+02 209 0 3 6.489e+02 6.531e+02 39 0 4 4.536e+02 4.704e+02 156 0 2 1.950e+02 2.250e+02 279 0 1 5.128e+02 5.372e+02 227 0 2 6.646e+02 6.794e+02 138 0 1 3.789e+02 4.191e+02 373 0 4 4.910e+02 5.170e+02 242 0 4 6.634e+02 6.806e+02 160 0 2 4.846e+02 5.234e+02 360 0 1 6.324e+02 6.696e+02 345 0 4 6.535e+02 6.905e+02 343 1 1 6.063e+02 6.117e+02 50 2 4 2.495e+02 2.545e+02 46 2 3 3.084e+02 3.216e+02 122 2 3 6.061e+02 6.119e+02 53 2 4 4.014e+01 4.386e+01 35 2 3 5.157e+02 5.343e+02 173 2 3 2.686e+02 2.774e+02 81 2 4 4.880e+02 5.200e+02 298 2 1 3.453e+02 3.687e+02 218 2 4 5.755e+02 6.005e+02 231 2 3 1.312e+01 2.888e+01 146 2 2 6.551e+02 6.889e+02 315 2 4 2.841e+02 3.039e+02 184 2 1 8.141e+00 3.386e+01 239 3 2 4.200e+01 4.200e+01 -7 3 1 1.350e+02 1.590e+02 222
29190 0
29192 0
29193 10 0 4 3.201e+02 3.519e+02 295 0 1 2.931e+02 3.369e+02 407 0 2 3.104e+02 3.616e+02 475 0 4 6.697e+02 6.743e+02 42 0 3 6.403e+02 6.617e+02 200 0 2 4.848e+02 5.232e+02 357 0 2 6.595e+02 6.845e+02 233 2 3 1.013e+02 1.087e+02 70 2 2 1.127e+02 1.393e+02 247 2 4 1.089e+02 1.431e+02 318
29194 17 0 2 6.709e+02 6.731e+02 21 0 1 5.547e+02 5.793e+02 228 0 4 6.709e+02 6.731e+02 21 0 4 5.734e+02 6.026e+02 271 0 3 5.961e+02 6.219e+02 239 0 3 6.317e+02 6.703e+02 359 2 3 3.952e+02 4.028e+02 71 2 2 3.762e+02 3.798e+02 33 2 1 6.032e+01 6.568e+01 50 2 4 3.658e+02 3.902e+02 227 2 3 5.947e+01 6.653e+01 66 2 4 8.173e+01 8.627e+01 42 2 3 3.426e+02 3.714e+02 268 2 3 1.689e+01 2.511e+01 76 2 3 7.825e+00 3.418e+01 245 2 4 3.201e+01 5.199e+01 186 2 1 4.641e+00 3.736e+01 304
29196 9 0 4 5.039e+02 5.041e+02 2 1 3 5.661e+02 5.679e+02 16 1 4 5.844e+02 5.916e+02 67 1 1 5.107e+02 5.393e+02 266 1 2 5.407e+02 5.513e+02 99 2 2 3.704e+01 4.696e+01 92 2 4 3.430e+01 4.970e+01 143 2 1 4.506e+00 3.749e+01 306 3 3 1.173e+01 3.027e+01 172
29198 6 2 4 4.009e+01 4.391e+01 36 2 1 6.050e+01 6.550e+01 46 2 2 3.200e+02 3.520e+02 296 2 2 3.367e+01 5.033e+01 155 2 1 4.781e+01 7.819e+01 282 2 3 4.421e+01 8.179e+01 349
29199 11 0 1 4.808e+02 4.852e+02 41 0 4 5.008e+02 5.072e+02 60 0 3 4.714e+02 4.946e+02 215 0 2 4.870e+02 5.210e+02 316 1 4 6.297e+02 6.303e+02 6 2 2 8.307e+01 8.493e+01 17 2 2 3.753e+01 4.647e+01 83 2 4 7.643e+01 9.157e+01 140 2 4 3.313e+01 5.087e+01 165 2 3 4.839e+01 7.761e+01 271 2 1 1.992e+00 4.001e+01 353
29203 9 0 3 6.045e+02 6.135e+02 84 0 2 6.274e+02 6.326e+02 49 0 4 3.252e+02 3.468e+02 200 0 2 6.679e+02 6.761e+02 76 0 4 6.274e+02 6.326e+02 49 0 4 3.164e+02 3.556e+02 365 0 4 6.641e+02 6.799e+02 147 0 2 6.191e+02 6.409e+02 202 0 1 6.339e+02 6.681e+02 317
29205 0
29206 25 0 4 6.700e+02 6.740e+02 38 1 1 6.074e+02 6.106e+02 30 1 4 6.255e+02 6.345e+02 84 1 3 6.013e+02 6.167e+02 144 1 2 6.173e+02 6.427e+02 236 2 1 2.717e+02 2.743e+02 24 2 4 3.764e+02 3.796e+02 29 2 3 3.982e+02 3.998e+02 16 2 3 1.039e+02 1.061e+02 21 2 2 2.084e+02 2.116e+02 30 2 1 3.126e+02 3.174e+02 44 2 2 4.058e+02 4.342e+02 264 2 4 7.352e+01 9.448e+01 195 2 4 2.066e+02 2.134e+02 64 2 1 2.602e+02 2.858e+02 238 2 2 1.172e+02 1.348e+02 163 2 3 1.722e+02 2.058e+02 312 2 1 2.260e+02 2.360e+02 92 2 1 2.945e+02 3.355e+02 381 2 1 1.313e+02 1.627e+02 292 2 3 2.288e+02 2.332e+02 40 2 2 1.987e+02 2.213e+02 210 2 4 1.958e+02 2.242e+02 265 2 1 2.111e+02 2.509e+02 370 2 3 2.140e+02 2.480e+02 316
29207 9 0 1 2.226e+02 2.394e+02 156 0 4 6.089e+02 6.511e+02 392 2 3 1.810e+01 2.390e+01 54 2 4 1.253e+02 1.267e+02 14 2 1 1.459e+02 1.481e+02 21 2 1 1.658e+01 2.542e+01 82 2 3 1.347e+02 1.593e+02 228 2 3 9.891e+00 3.211e+01 206 2 2 1.120e+02 1.400e+02 260
29208 2 0 4 2.087e+02 2.113e+02 25 0 4 1.507e+02 1.853e+02 320
29209 25 0 1 6.510e+02 6.510e+02 -12 0 1 1.050e+02 1.050e+02 -24 0 1 5.221e+02 5.279e+02 54 0 4 5.874e+02 5.886e+02 10 0 3 6.494e+02 6.526e+02 30 0 2 5.403e+02 5.517e+02 106 0 4 2.745e+02 3.135e+02 363 0 3 6.056e+02 6.124e+02 64 0 1 6.455e+02 6.565e+02 101 0 3 5.580e+02 5.760e+02 168 0 2 6.586e+02 6.854e+02 248 0 4 6.620e+02 6.820e+02 186 1 2 6.284e+02 6.316e+02 30 1 2 5.844e+02 5.916e+02 66 2 4 4.112e+01 4.288e+01 16 2 1 3.906e+02 4.074e+02 156 2 3 1.009e+02 1.091e+02 76 2 3 3.943e+02 4.037e+02 88 2 1 6.203e+01 6.397e+01 18 2 1 1.294e+01 2.906e+01 150 2 2 4.057e+02 4.343e+02 266 2 2 3.672e+01 4.728e+01 98 2 4 4.020e+02 4.380e+02 335 2 3 4.987e+01 7.613e+01 244 2 3 9.800e+00 3.220e+01 208
29210 0
29211 8 2 1 3.972e+02 4.008e+02 34 2 4 4.591e+02 4.649e+02 55 2 3 4.229e+02 4.591e+02 336 2 2 4.048e+02 4.352e+02 283 3 2 4.613e+02 4.627e+02 13 3 4 4.620e+02 4.620e+02 -11 3 1 4.665e+02 4.995e+02 307 3 3 4.657e+02 5.003e+02 321
29212 12 0 1 6.069e+02 6.111e+02 40 0 2 2.452e+02 2.588e+02 126 0 4 6.656e+02 6.784e+02 120 0 3 6.053e+02 6.127e+02 69 0 1 6.443e+02 6.577e+02 125 0 4 6.174e+02 6.426e+02 235 0 3 6.395e+02 6.625e+02 213 0 2 6.144e+02 6.456e+02 290 0 2 6.605e+02 6.835e+02 213 2 4 1.195e+02 1.325e+02 121 2 3 9.218e+01 1.178e+02 238 2 2 1.162e+02 1.358e+02 181
29213 3 2 1 6.023e+01 6.577e+01 51 2 3 5.682e+01 6.918e+01 115 2 4 3.053e+01 5.347e+01 213
29214 18 2 1 1.470e+02 1.470e+02 -6 2 4 2.087e+02 2.113e+02 25 2 4 1.234e+02 1.286e+02 49 2 2 6.670e+02 6.770e+02 92 2 2 1.669e+02 1.691e+02 20 2 4 6.140e+02 6.460e+02 297 2 1 2.286e+02 2.334e+02 45 2 4 8.168e+01 8.632e+01 43 2 4 1.490e+02 1.870e+02 352 2 2 2.005e+02 2.195e+02 176 2 4 2.618e+01 5.782e+01 294 2 2 1.175e+02 1.345e+02 158 2 1 1.709e+02 2.071e+02 336 2 3 2.153e+02 2.467e+02 292 2 3 4.287e+01 8.313e+01 374 2 2 7.065e+01 9.735e+01 248 2 3 1.281e+02 1.659e+02 350 2 3 8.756e+01 1.224e+02 324
