51937 1 2 4 6.630e+02 6.810e+02 168
51938 4 0 3 2.664e+02 2.796e+02 123 0 4 2.856e+02 3.024e+02 156 0 3 5.836e+02 6.344e+02 472 2 4 4.090e+01 4.310e+01 20
51939 40 0 1 4.395e+02 4.425e+02 28 0 1 5.200e+02 5.300e+02 92 0 2 5.360e+02 5.560e+02 186 0 3 5.100e+02 5.400e+02 279 1 1 5.908e+02 6.272e+02 339 2 4 3.355e+02 3.365e+02 9 2 1 3.972e+02 4.008e+02 33 2 4 1.641e+02 1.719e+02 73 2 1 4.782e+02 4.878e+02 89 2 4 2.919e+02 2.961e+02 40 2 4 5.455e+02 5.465e+02 10 2 4 3.928e+01 4.472e+01 50 2 2 6.712e+02 6.728e+02 16 2 1 3.130e+02 3.170e+02 36 2 3 3.979e+02 4.001e+02 20 2 1 3.482e+02 3.658e+02 163 2 3 4.820e+02 4.840e+02 19 2 3 5.826e+01 6.774e+01 88 2 1 5.193e+02 5.307e+02 106 2 3 1.784e+02 1.996e+02 197 2 3 6.410e+02 6.610e+02 186 2 3 3.095e+02 3.205e+02 103 2 4 4.155e+02 4.245e+02 83 2 3 3.453e+02 3.687e+02 218 2 4 4.572e+02 4.668e+02 90 2 1 3.036e+02 3.264e+02 211 2 4 6.118e+02 6.482e+02 338 2 4 3.655e+02 3.905e+02 233 2 3 4.277e+02 4.543e+02 247 2 3 2.562e+02 2.898e+02 311 2 3 4.710e+02 4.950e+02 222 2 2 3.212e+02 3.508e+02 275 2 2 4.044e+02 4.356e+02 290 2 2 2.775e+02 3.105e+02 306 2 2 4.938e+02 5.142e+02 190 2 4 2.780e+02 3.100e+02 297 2 3 4.218e+02 4.602e+02 356 2 3 2.953e+02 3.347e+02 366 2 2 4.489e+02 4.751e+02 243 2 1 4.682e+02 4.978e+02 275
51941 0
51943 1 0 4 3.322e+02 3.398e+02 71
51944 5 0 4 6.078e+02 6.522e+02 412 0 2 4.436e+02 4.804e+02 341 0 3 5.470e+02 5.870e+02 371 0 4 4.392e+02 4.848e+02 423 0 1 5.414e+02 5.926e+02 476
51945 5 2 1 4.339e+02 4.481e+02 132 2 3 4.346e+02 4.474e+02 119 2 2 4.069e+02 4.331e+02 244 2 4 4.066e+02 4.334e+02 249 3 4 4.097e+02 4.303e+02 190
51946 8 0 2 6.625e+02 6.815e+02 176 0 4 6.602e+02 6.838e+02 220 0 4 6.522e+01 1.028e+02 349 0 1 6.424e+02 6.596e+02 159 1 4 6.146e+02 6.454e+02 286 1 2 6.060e+02 6.540e+02 446 1 4 6.072e+02 6.528e+02 423 2 4 3.300e+01 5.100e+01 167
51947 4 2 3 1.427e+02 1.513e+02 80 2 1 1.382e+02 1.558e+02 164 2 2 1.549e+02 1.811e+02 243 2 4 1.514e+02 1.846e+02 309
51948 11 0 1 6.421e+02 6.599e+02 165 0 3 4.344e+02 4.476e+02 122 0 2 6.612e+02 6.828e+02 200 0 4 6.654e+02 6.786e+02 122 0 1 4.222e+02 4.598e+02 350 0 3 6.376e+02 6.644e+02 250 2 4 4.058e+01 4.342e+01 26 2 2 3.381e+01 5.019e+01 152 2 1 5.126e+01 7.474e+01 218 2 4 4.433e+02 4.807e+02 347 2 3 4.556e+01 8.044e+01 324
51949 13 0 3 5.573e+02 5.767e+02 180 2 1 1.464e+02 1.476e+02 11 2 3 4.401e+02 4.419e+02 17 2 4 3.692e+02 3.868e+02 164 2 3 3.975e+02 4.005e+02 28 2 4 1.213e+02 1.307e+02 87 2 3 1.400e+02 1.540e+02 130 2 2 3.210e+02 3.510e+02 279 2 2 6.607e+01 1.019e+02 333 2 4 1.572e+02 1.788e+02 201 2 2 1.052e+02 1.468e+02 386 2 3 1.308e+02 1.632e+02 300 3 1 9.290e+01 1.171e+02 225
51951 6 0 4 2.089e+02 2.111e+02 20 0 3 1.831e+02 1.949e+02 109 0 2 1.560e+02 1.800e+02 222 0 4 1.528e+02 1.832e+02 283 0 1 1.281e+02 1.659e+02 350 2 4 4.179e+02 4.221e+02 39
51952 32 0 1 6.503e+02 6.517e+02 12 0 4 4.600e+02 4.640e+02 38 0 1 5.244e+02 5.256e+02 10 0 1 6.058e+02 6.122e+02 60 0 3 6.487e+02 6.533e+02 42 0 1 4.346e+02 4.474e+02 120 0 2 4.594e+02 4.646e+02 49 0 3 5.235e+02 5.265e+02 27 0 4 6.260e+02 6.340e+02 75 0 2 6.704e+02 6.736e+02 30 0 4 4.508e+02 4.732e+02 208 0 2 5.418e+02 5.502e+02 79 0 4 5.793e+02 5.967e+02 161 0 4 6.715e+02 6.725e+02 10 0 3 4.669e+02 4.991e+02 300 0 3 5.643e+02 5.697e+02 50 0 2 6.202e+02 6.398e+02 181 0 1 6.375e+02 6.645e+02 251 0 2 5.347e+02 5.573e+02 210 0 4 6.140e+02 6.460e+02 298 0 3 6.351e+02 6.669e+02 296 0 1 5.589e+02 5.751e+02 150 0 3 5.945e+02 6.235e+02 270 0 4 6.532e+02 6.908e+02 350 0 3 5.511e+02 5.829e+02 295 0 1 5.501e+02 5.839e+02 314 1 1 6.087e+02 6.093e+02 6 1 3 6.035e+02 6.145e+02 103 1 4 6.203e+02 6.397e+02 180 1 2 6.132e+02 6.468e+02 312 2 4 3.750e+02 3.810e+02 56 2 3 3.875e+02 4.105e+02 213
51953 7 0 2 5.460e+02 5.460e+02 -15 0 4 6.256e+02 6.344e+02 82 0 4 1.651e+02 1.709e+02 53 0 4 5.040e+02 5.040e+02 -20 0 1 5.250e+02 5.250e+02 -10 0 3 5.186e+02 5.314e+02 119 1 2 1.655e+02 1.705e+02 47
51954 12 0 4 4.121e+01 4.279e+01 15 0 4 2.708e+02 3.172e+02 430 1 4 6.300e+02 6.300e+02 0 1 1 5.631e+02 5.709e+02 72 2 4 5.460e+02 5.460e+02 -12 2 2 1.651e+02 1.709e+02 53 2 4 3.745e+02 3.815e+02 66 2 1 5.651e+01 6.949e+01 120 2 1 1.835e+02 1.945e+02 103 2 3 2.664e+02 2.796e+02 122 2 4 3.112e+01 5.288e+01 202 2 2 2.923e+01 5.477e+01 237
51955 4 2 3 6.042e+01 6.558e+01 48 2 1 5.902e+01 6.698e+01 74 2 4 2.959e+01 5.441e+01 230 2 2 6.540e+01 1.026e+02 346
51957 20 0 1 4.824e+02 4.836e+02 10 0 1 6.469e+02 6.551e+02 76 0 4 3.761e+02 3.799e+02 35 0 4 4.595e+02 4.645e+02 47 0 3 1.954e+01 2.246e+01 27 0 3 6.430e+02 6.590e+02 149 0 2 3.991e+01 4.409e+01 39 0 2 4.546e+02 4.694e+02 138 0 2 1.142e+02 1.378e+02 220 0 4 6.614e+02 6.826e+02 197 0 4 3.677e+01 4.723e+01 97 0 3 4.656e+02 5.004e+02 323 0 3 9.124e+01 1.188e+02 256 0 3 9.127e+00 3.287e+01 220 1 1 5.657e+02 5.683e+02 24 1 2 5.858e+02 5.902e+02 40 1 3 6.038e+02 6.142e+02 97 1 2 6.132e+02 6.468e+02 311 1 4 6.137e+02 6.463e+02 303 2 3 1.323e+02 1.617e+02 273
51958 15 0 4 3.332e+02 3.388e+02 51 0 4 6.273e+02 6.327e+02 50 0 4 2.909e+02 2.971e+02 58 0 1 6.019e+02 6.161e+02 131 0 2 1.977e+02 2.223e+02 229 0 3 6.390e+02 6.630e+02 223 0 1 3.108e+02 3.192e+02 78 0 2 3.227e+02 3.493e+02 246 0 2 2.393e+02 2.647e+02 236 0 2 2.815e+02 3.065e+02 233 1 1 5.222e+02 5.278e+02 52 1 2 5.331e+02 5.589e+02 240 1 1 5.481e+02 5.859e+02 351 2 3 1.658e+01 2.542e+01 82 3 1 1.460e+01 2.740e+01 119
51960 12 0 1 5.624e+02 5.716e+02 85 0 3 5.619e+02 5.721e+02 94 0 2 1.165e+02 1.355e+02 177 0 2 5.345e+02 5.575e+02 213 0 1 1.307e+02 1.633e+02 302 1 2 5.848e+02 5.912e+02 59 1 2 2.830e+02 3.050e+02 204 1 2 6.219e+02 6.381e+02 150 2 4 4.094e+01 4.306e+01 20 2 2 3.628e+01 4.772e+01 106 2 1 5.243e+01 7.357e+01 196 2 3 4.799e+01 7.801e+01 279
51961 2 2 4 4.002e+02 4.398e+02 367 3 1 4.819e+00 3.718e+01 300
51962 0
51963 18 0 4 5.805e+02 5.955e+02 140 2 1 4.793e+02 4.867e+02 69 2 4 4.974e+02 5.106e+02 122 2 2 4.516e+02 4.724e+02 194 2 3 5.076e+02 5.424e+02 323 2 3 4.659e+02 5.001e+02 318 3 4 6.720e+02 6.720e+02 -14 3 2 4.581e+02 4.659e+02 73 3 4 4.608e+02 4.632e+02 23 3 4 5.015e+02 5.065e+02 46 3 2 5.440e+02 5.480e+02 38 3 1 5.222e+02 5.278e+02 51 3 2 5.802e+02 5.958e+02 146 3 3 5.166e+02 5.334e+02 156 3 3 4.789e+02 4.871e+02 76 3 2 4.953e+02 5.127e+02 162 3 1 4.715e+02 4.945e+02 213 3 3 4.693e+02 4.967e+02 254
51964 43 0 4 4.603e+02 4.637e+02 32 0 1 6.082e+02 6.098e+02 16 0 2 6.709e+02 6.731e+02 20 0 1 3.015e+02 3.285e+02 251 0 3 6.082e+02 6.098e+02 15 0 4 6.708e+02 6.732e+02 21 0 1 5.490e+02 5.850e+02 335 0 4 6.296e+02 6.304e+02 7 0 4 4.846e+02 5.234e+02 360 0 3 5.480e+02 5.860e+02 352 0 4 5.855e+02 5.905e+02 46 0 2 6.191e+02 6.409e+02 203 0 4 5.696e+02 6.064e+02 342 1 2 1.252e+02 1.268e+02 15 1 3 5.667e+02 5.673e+02 6 1 2 1.672e+02 1.688e+02 16 1 2 6.282e+02 6.318e+02 33 1 4 5.868e+02 5.892e+02 22 1 4 6.228e+02 6.372e+02 134 1 1 5.578e+02 5.762e+02 170 1 1 5.972e+02 6.208e+02 220 1 2 5.351e+02 5.569e+02 202 1 3 5.513e+02 5.827e+02 292 2 2 2.518e+02 2.522e+02 4 2 1 3.144e+02 3.156e+02 11 2 4 5.815e+02 5.945e+02 120 2 4 2.503e+02 2.537e+02 32 2 4 4.104e+02 4.296e+02 179 2 1 2.687e+02 2.773e+02 80 2 3 5.599e+02 5.741e+02 132 2 4 3.807e+01 4.593e+01 73 2 1 6.057e+02 6.123e+02 60 2 3 2.231e+02 2.389e+02 147 2 1 5.493e+02 5.847e+02 328 2 3 2.721e+02 2.739e+02 17 2 3 6.060e+02 6.120e+02 56 2 1 1.276e+01 2.924e+01 153 2 2 5.777e+02 5.983e+02 192 2 4 2.020e+02 2.180e+02 149 2 2 6.139e+02 6.461e+02 299 2 2 2.904e+02 2.976e+02 66 2 4 5.685e+02 6.075e+02 362 2 1 2.587e+02 2.873e+02 265
51965 13 0 2 4.970e+02 5.110e+02 130 2 3 3.149e+02 3.151e+02 1 2 4 2.093e+02 2.107e+02 14 2 1 2.720e+02 2.740e+02 18 2 1 1.877e+01 2.323e+01 41 2 4 4.485e+02 4.755e+02 250 2 3 2.269e+02 2.351e+02 76 2 1 3.019e+02 3.281e+02 244 2 3 1.711e+01 2.489e+01 72 2 2 2.501e+02 2.539e+02 35 2 2 2.496e+01 5.904e+01 316 2 4 2.609e+01 5.791e+01 296 3 3 1.168e+01 3.032e+01 173
51966 0
51967 7 0 1 6.001e+01 6.599e+01 56 2 3 3.980e+02 4.000e+02 19 2 2 2.500e+02 2.540e+02 38 2 2 6.249e+02 6.351e+02 95 2 1 3.949e+02 4.031e+02 76 2 3 1.774e+02 2.006e+02 216 3 1 8.006e+00 3.399e+01 241
51968 0
51969 21 0 2 6.300e+02 6.300e+02 -22 0 1 6.510e+02 6.510e+02 -8 0 2 4.617e+02 4.623e+02 5 0 4 6.300e+02 6.300e+02 -18 0 2 6.708e+02 6.732e+02 22 0 4 4.617e+02 4.623e+02 5 0 1 6.090e+02 6.090e+02 -20 0 4 6.702e+02 6.738e+02 33 0 1 4.658e+02 5.002e+02 319 0 4 5.793e+02 5.967e+02 162 0 4 6.602e+02 6.838e+02 220 0 3 4.692e+02 4.968e+02 257 0 3 6.016e+02 6.164e+02 137 0 3 6.351e+02 6.669e+02 296 2 4 1.680e+02 1.680e+02 -14 2 2 8.029e+01 8.771e+01 69 2 3 5.436e+01 7.164e+01 160 2 4 7.195e+01 9.605e+01 224 2 1 1.754e+02 2.026e+02 253 2 2 1.954e+02 2.246e+02 271 2 1 4.668e+01 7.932e+01 303
51970 9 2 1 2.711e+02 2.749e+02 36 2 4 8.267e+01 8.533e+01 25 2 2 2.461e+02 2.579e+02 110 2 3 6.203e+01 6.397e+01 18 2 1 5.414e+01 7.186e+01 165 2 3 2.114e+02 2.506e+02 364 2 3 2.598e+02 2.862e+02 245 2 2 2.344e+02 2.696e+02 326 3 1 4.297e+02 4.523e+02 210
51971 16 0 1 6.076e+02 6.104e+02 26 0 3 6.029e+02 6.151e+02 113 0 4 5.750e+02 6.010e+02 240 1 3 5.624e+02 5.716e+02 85 2 4 3.326e+02 3.394e+02 63 2 3 6.100e+01 6.500e+01 37 2 2 1.242e+02 1.278e+02 33 2 3 3.518e+02 3.622e+02 96 2 2 3.784e+01 4.616e+01 77 2 4 1.146e+02 1.374e+02 212 2 1 1.374e+02 1.566e+02 179 2 1 5.943e+01 6.657e+01 66 2 3 9.218e+01 1.178e+02 238 2 2 2.542e+01 5.858e+01 308 2 2 6.728e+01 1.007e+02 310 2 4 6.490e+01 1.031e+02 355
