7942 13 0 3 3.990e+02 3.990e+02 -2 0 4 4.938e+02 5.142e+02 190 0 2 6.166e+02 6.434e+02 248 0 1 6.426e+02 6.594e+02 156 0 4 6.591e+02 6.849e+02 239 2 2 8.299e+01 8.501e+01 19 2 4 4.143e+01 4.257e+01 10 2 2 7.567e+01 9.233e+01 155 2 3 5.658e+02 5.682e+02 23 2 3 6.019e+01 6.581e+01 52 2 4 5.367e+02 5.553e+02 173 2 2 1.127e+02 1.393e+02 246 2 2 6.467e+02 6.973e+02 470
7943 0
7944 5 0 3 6.471e+02 6.549e+02 72 0 2 6.143e+02 6.457e+02 292 0 1 6.449e+02 6.571e+02 113 0 4 6.640e+02 6.800e+02 149 2 1 2.568e+02 2.892e+02 300
7946 4 1 3 4.228e+02 4.592e+02 337 2 4 3.641e+01 4.759e+01 104 2 2 8.079e+01 8.721e+01 60 2 3 4.965e+01 7.635e+01 248
7947 0
7948 0
7949 3 1 2 6.289e+02 6.311e+02 20 2 2 3.758e+02 3.802e+02 41 2 3 3.932e+02 4.048e+02 108
7951 0
7952 18 0 2 4.576e+02 4.664e+02 82 0 3 4.324e+02 4.496e+02 160 0 4 4.580e+02 4.660e+02 74 0 2 3.642e+02 3.918e+02 256 0 1 3.807e+02 4.173e+02 340 0 2 4.501e+02 4.739e+02 221 0 4 5.705e+02 6.055e+02 325 0 2 6.481e+02 6.959e+02 444 1 3 5.556e+02 5.784e+02 212 1 2 4.900e+02 5.180e+02 260 1 4 5.767e+02 5.993e+02 210 1 3 5.963e+02 6.217e+02 236 1 2 5.261e+02 5.659e+02 370 2 4 5.018e+02 5.062e+02 40 2 3 5.218e+02 5.282e+02 60 2 2 4.876e+02 5.204e+02 304 2 1 5.110e+02 5.390e+02 260 3 1 1.236e+01 2.964e+01 160
7953 0
7954 0
7956 12 0 4 6.264e+02 6.336e+02 67 0 1 6.090e+02 6.090e+02 0 0 4 6.704e+02 6.736e+02 30 0 3 6.033e+02 6.147e+02 106 0 1 6.454e+02 6.566e+02 104 0 3 5.945e+02 6.235e+02 270 0 3 6.336e+02 6.684e+02 324 0 2 6.116e+02 6.484e+02 341 0 4 5.675e+02 6.085e+02 380 2 3 3.108e+02 3.192e+02 79 2 4 3.268e+01 5.132e+01 173 2 3 4.910e+00 3.709e+01 299
7957 57 0 1 6.493e+02 6.527e+02 32 0 4 4.609e+02 4.631e+02 20 0 4 2.896e+02 2.984e+02 81 0 4 5.852e+02 5.908e+02 51 0 2 3.306e+02 3.414e+02 100 0 3 6.499e+02 6.521e+02 20 0 1 2.652e+02 2.808e+02 146 0 1 4.371e+02 4.449e+02 73 0 1 3.461e+02 3.679e+02 202 0 1 4.797e+02 4.863e+02 60 0 2 2.892e+02 2.988e+02 89 0 3 5.603e+02 5.737e+02 124 0 1 3.377e+02 3.763e+02 359 0 2 6.282e+02 6.318e+02 33 0 3 2.552e+02 2.908e+02 331 0 2 6.710e+02 6.730e+02 19 0 3 4.341e+02 4.479e+02 129 0 3 4.824e+02 4.836e+02 11 0 1 5.225e+02 5.275e+02 46 0 4 6.294e+02 6.306e+02 11 0 4 6.704e+02 6.736e+02 30 0 4 4.023e+02 4.377e+02 328 0 2 4.583e+02 4.657e+02 70 0 2 5.341e+02 5.579e+02 221 0 4 5.736e+02 6.024e+02 268 0 3 6.327e+02 6.693e+02 340 0 2 4.504e+02 4.736e+02 215 0 1 5.584e+02 5.756e+02 160 0 1 5.902e+02 6.278e+02 349 0 4 4.443e+02 4.797e+02 330 0 3 5.133e+02 5.367e+02 217 0 3 5.930e+02 6.250e+02 298 0 4 4.869e+02 5.211e+02 318 0 3 5.501e+02 5.839e+02 313 1 2 6.282e+02 6.318e+02 34 1 4 5.865e+02 5.895e+02 27 1 4 6.297e+02 6.303e+02 6 1 2 5.369e+02 5.551e+02 169 1 3 6.044e+02 6.136e+02 86 1 1 5.598e+02 5.742e+02 135 1 1 5.937e+02 6.243e+02 284 1 3 5.557e+02 5.783e+02 210 2 4 2.498e+02 2.542e+02 41 2 2 3.756e+02 3.804e+02 44 2 4 4.136e+02 4.264e+02 120 2 3 2.722e+02 2.738e+02 15 2 4 3.780e+02 3.780e+02 -1 2 4 7.128e+01 9.672e+01 236 2 2 2.886e+02 2.994e+02 100 2 4 3.342e+02 3.378e+02 33 2 2 1.084e+02 1.436e+02 327 2 1 2.964e+02 3.336e+02 346 3 4 2.935e+02 2.945e+02 9 3 2 4.546e+02 4.694e+02 137 3 3 4.737e+02 4.923e+02 172 3 4 4.501e+02 4.739e+02 221 3 4 4.029e+02 4.371e+02 317
7959 47 0 2 6.297e+02 6.303e+02 6 0 1 6.505e+02 6.515e+02 10 0 4 4.616e+02 4.624e+02 8 0 1 5.234e+02 5.266e+02 30 0 4 5.829e+02 5.931e+02 95 0 3 6.495e+02 6.525e+02 27 0 3 4.811e+02 4.849e+02 36 0 3 5.214e+02 5.286e+02 67 0 4 6.233e+02 6.367e+02 124 0 2 6.711e+02 6.729e+02 16 0 1 3.839e+02 4.141e+02 281 0 2 4.470e+02 4.770e+02 279 0 1 5.641e+02 5.699e+02 53 0 3 5.902e+02 6.278e+02 349 0 4 6.697e+02 6.743e+02 43 0 3 5.591e+02 5.749e+02 146 0 3 6.356e+02 6.664e+02 286 0 2 5.278e+02 5.642e+02 338 1 2 5.449e+02 5.471e+02 21 1 4 6.280e+02 6.320e+02 38 1 4 5.326e+02 5.594e+02 248 1 3 5.969e+02 6.211e+02 224 1 3 5.582e+02 5.758e+02 163 1 2 6.125e+02 6.475e+02 325 1 4 5.739e+02 6.021e+02 262 1 1 5.484e+02 5.856e+02 345 2 4 5.451e+02 5.469e+02 17 2 4 2.479e+02 2.561e+02 76 2 4 2.924e+02 2.956e+02 30 2 2 2.450e+02 2.590e+02 130 2 3 3.096e+02 3.204e+02 100 2 1 3.456e+02 3.684e+02 211 2 2 3.946e+01 4.454e+01 47 2 1 2.616e+02 2.844e+02 212 2 3 3.489e+02 3.651e+02 151 2 1 1.922e+01 2.278e+01 33 2 3 2.563e+02 2.897e+02 310 2 4 3.650e+02 3.910e+02 241 2 3 1.187e+01 3.013e+01 170 2 2 3.256e+02 3.464e+02 194 2 4 3.251e+01 5.149e+01 176 2 4 3.202e+02 3.518e+02 294 2 1 4.884e+01 7.716e+01 263 2 3 5.270e+01 7.330e+01 191 2 2 2.699e+01 5.701e+01 279 2 4 2.685e+01 5.715e+01 281 3 2 7.208e+01 9.592e+01 221
7960 10 0 3 6.076e+02 6.104e+02 26 0 2 6.264e+02 6.336e+02 66 0 4 6.232e+02 6.368e+02 127 2 2 2.923e+02 2.957e+02 31 2 2 3.735e+02 3.825e+02 84 2 4 2.833e+02 3.047e+02 198 2 4 3.708e+02 3.852e+02 134 2 1 2.999e+02 3.301e+02 281 2 3 3.388e+02 3.752e+02 337 2 3 2.564e+02 2.896e+02 308
7962 45 0 4 3.354e+02 3.366e+02 10 0 3 5.670e+02 5.670e+02 -10 0 4 2.940e+02 2.940e+02 -17 0 4 5.880e+02 5.880e+02 -10 0 1 3.138e+02 3.162e+02 22 0 2 3.235e+02 3.485e+02 233 0 2 5.394e+02 5.526e+02 122 0 3 2.110e+02 2.510e+02 371 0 3 6.066e+02 6.114e+02 45 0 2 2.867e+02 3.013e+02 135 0 1 5.600e+02 5.740e+02 130 0 4 2.857e+02 3.023e+02 154 0 1 6.021e+02 6.159e+02 129 0 1 2.618e+02 2.842e+02 209 0 2 6.590e+02 6.850e+02 242 0 3 2.599e+02 2.861e+02 244 0 2 5.304e+02 5.616e+02 289 0 4 5.733e+02 6.027e+02 273 0 3 5.503e+02 5.837e+02 310 0 4 5.646e+02 6.114e+02 435 1 3 2.292e+02 2.328e+02 34 1 2 6.300e+02 6.300e+02 -15 1 1 1.031e+02 1.069e+02 35 1 2 8.400e+01 8.400e+01 -0 1 3 1.374e+02 1.566e+02 179 1 4 6.270e+02 6.330e+02 56 1 1 2.173e+02 2.447e+02 255 1 1 6.007e+02 6.173e+02 154 1 3 8.837e+01 1.216e+02 309 1 2 2.391e+02 2.649e+02 239 1 4 1.086e+02 1.434e+02 324 1 4 2.344e+02 2.696e+02 326 1 1 4.606e+01 7.994e+01 315 1 1 1.313e+02 1.627e+02 292 2 1 2.306e+02 2.314e+02 7 2 1 6.104e+01 6.496e+01 36 2 2 2.073e+02 2.127e+02 50 2 4 2.078e+02 2.122e+02 41 2 2 4.071e+01 4.329e+01 24 2 2 6.885e+01 9.915e+01 281 2 3 1.722e+02 2.058e+02 312 2 4 3.228e+01 5.172e+01 180 2 1 7.377e+00 3.462e+01 253 2 3 1.025e+01 3.175e+01 200 2 4 2.609e+01 5.791e+01 296
7963 14 0 2 3.605e+02 3.955e+02 326 0 1 3.917e+02 4.063e+02 136 0 3 6.510e+02 6.510e+02 -2 0 3 3.953e+02 4.027e+02 68 0 4 6.720e+02 6.720e+02 -13 0 4 4.092e+02 4.308e+02 201 0 1 3.817e+02 4.163e+02 320 1 4 6.214e+02 6.386e+02 160 2 3 1.037e+02 1.063e+02 25 2 2 1.244e+02 1.276e+02 30 2 4 8.249e+01 8.551e+01 28 2 3 1.351e+02 1.589e+02 220 2 4 1.190e+02 1.330e+02 130 2 2 1.110e+02 1.410e+02 279
7965 0
7966 3 0 2 6.683e+02 6.757e+02 70 0 4 6.624e+02 6.816e+02 179 2 2 1.648e+02 1.712e+02 59
7968 1 0 4 4.780e+02 5.300e+02 482
7969 3 1 4 1.652e+02 1.708e+02 52 2 4 8.303e+01 8.497e+01 18 2 2 1.997e+02 2.203e+02 191
7972 0
7973 7 0 2 6.682e+02 6.758e+02 70 0 4 6.694e+02 6.746e+02 48 0 1 6.422e+02 6.598e+02 163 0 3 6.428e+02 6.592e+02 152 0 1 6.325e+02 6.695e+02 344 0 2 6.496e+02 6.944e+02 416 0 4 6.459e+02 6.981e+02 484
7974 23 0 2 6.570e+02 6.870e+02 279 2 4 1.649e+02 1.711e+02 57 2 3 5.243e+02 5.257e+02 12 2 4 3.861e+01 4.539e+01 63 2 3 1.851e+02 1.929e+02 72 2 2 3.578e+01 4.822e+01 116 2 2 4.899e+02 5.181e+02 262 2 1 1.399e+02 1.541e+02 131 2 1 5.098e+02 5.402e+02 281 2 2 1.933e+02 2.267e+02 310 2 4 4.040e+02 4.360e+02 298 2 1 5.068e+01 7.532e+01 229 2 4 4.884e+02 5.196e+02 289 2 3 1.367e+02 1.573e+02 192 2 4 5.291e+02 5.629e+02 314 2 3 4.377e+01 8.223e+01 357 2 2 1.579e+02 1.781e+02 188 2 4 1.545e+02 1.815e+02 250 2 1 1.786e+02 1.994e+02 194 3 2 3.991e+01 4.409e+01 39 3 2 1.631e+02 1.729e+02 91 3 1 7.017e+00 3.498e+01 260 3 3 1.775e+02 2.005e+02 213
7975 21 0 2 6.250e+02 6.350e+02 92 0 1 6.495e+02 6.525e+02 27 0 1 1.050e+02 1.050e+02 -2 0 1 4.750e+02 4.910e+02 149 0 4 1.626e+02 1.734e+02 100 0 4 5.858e+02 5.902e+02 40 0 3 6.026e+02 6.154e+02 120 0 2 5.273e+02 5.647e+02 347 0 4 6.156e+02 6.444e+02 268 1 4 6.297e+02 6.303e+02 6 1 3 6.016e+02 6.164e+02 137 1 4 5.756e+02 6.004e+02 230 1 2 5.347e+02 5.573e+02 210 1 4 5.338e+02 5.582e+02 227 2 2 2.498e+02 2.542e+02 41 2 4 3.770e+02 3.790e+02 18 2 3 1.855e+01 2.345e+01 46 2 4 7.868e+01 8.932e+01 99 2 4 2.488e+02 2.552e+02 59 2 3 2.601e+02 2.859e+02 240 2 4 2.398e+01 6.002e+01 335
7977 0
7978 5 2 3 1.900e+01 2.300e+01 37 2 1 1.461e+02 1.479e+02 17 2 3 5.422e+01 7.178e+01 163 2 2 1.214e+02 1.306e+02 85 2 3 8.891e+01 1.211e+02 299
7982 14 0 3 5.528e+02 5.812e+02 263 3 4 5.876e+02 5.884e+02 7 3 3 3.896e+02 4.084e+02 176 3 1 5.243e+02 5.257e+02 12 3 4 5.451e+02 5.469e+02 17 3 3 5.989e+02 6.191e+02 187 3 4 3.992e+02 4.408e+02 387 3 3 4.648e+02 5.012e+02 337 3 3 5.657e+02 5.683e+02 25 3 1 6.375e+02 6.645e+02 250 3 2 4.852e+02 5.228e+02 350 3 3 5.475e+02 5.865e+02 363 3 2 6.134e+02 6.466e+02 308 3 2 5.687e+02 6.073e+02 359
7983 12 0 3 2.714e+02 2.746e+02 29 0 1 5.550e+02 5.790e+02 222 0 1 2.683e+02 2.777e+02 87 0 2 2.348e+02 2.692e+02 320 0 2 5.317e+02 5.603e+02 266 0 4 2.817e+02 3.063e+02 228 0 4 5.759e+02 6.001e+02 226 0 3 5.440e+02 5.900e+02 426 0 1 4.991e+02 5.509e+02 481 1 2 6.257e+02 6.343e+02 80 1 1 5.985e+02 6.195e+02 195 3 1 1.012e+02 1.088e+02 71
7984 0
7986 6 0 4 8.361e+01 8.439e+01 7 0 3 6.477e+02 6.543e+02 62 0 2 6.144e+02 6.456e+02 289 0 4 6.554e+02 6.886e+02 309 2 3 1.689e+01 2.511e+01 76 2 1 4.281e+00 3.772e+01 310
7987 42 0 4 8.388e+01 8.412e+01 2 0 2 6.283e+02 6.317e+02 32 0 4 2.096e+02 2.104e+02 7 0 1 6.487e+02 6.533e+02 43 0 1 2.706e+02 2.754e+02 45 0 2 4.558e+02 4.682e+02 115 0 3 5.633e+01 6.967e+01 124 0 2 5.418e+02 5.502e+02 77 0 2 2.502e+02 2.538e+02 34 0 3 6.017e+02 6.163e+02 136 0 2 3.412e+01 4.988e+01 146 0 3 6.465e+02 6.555e+02 84 0 4 2.431e+02 2.609e+02 165 0 4 4.128e+02 4.272e+02 133 0 3 4.386e+01 8.214e+01 356 0 4 4.563e+02 4.677e+02 106 0 1 2.154e+02 2.466e+02 289 0 1 5.934e+02 6.246e+02 290 0 3 2.540e+02 2.920e+02 353 0 2 6.637e+02 6.803e+02 155 0 1 4.319e+02 4.501e+02 169 0 3 4.713e+02 4.947e+02 217 0 4 6.616e+02 6.824e+02 193 0 3 4.305e+02 4.515e+02 195 0 1 3.819e+02 4.161e+02 318 1 3 6.087e+02 6.093e+02 5 1 2 6.282e+02 6.318e+02 34 1 1 4.722e+02 4.938e+02 200 1 4 6.288e+02 6.312e+02 23 1 2 5.694e+02 6.066e+02 345 1 1 6.035e+02 6.145e+02 102 1 4 6.217e+02 6.383e+02 154 1 4 6.164e+02 6.436e+02 253 1 3 5.910e+02 6.270e+02 334 2 3 2.309e+02 2.311e+02 2 2 1 2.720e+02 2.740e+02 18 2 4 8.209e+01 8.591e+01 36 2 2 2.476e+02 2.564e+02 81 2 4 3.892e+01 4.508e+01 57 2 3 1.012e+02 1.088e+02 70 2 4 2.342e+02 2.698e+02 330 2 2 6.562e+01 1.024e+02 341
7989 0
7991 27 1 1 6.087e+02 6.093e+02 6 2 1 2.688e+02 2.772e+02 79 2 3 3.973e+02 4.007e+02 32 2 2 3.592e+01 4.808e+01 113 2 2 4.617e+02 4.623e+02 6 2 4 1.251e+02 1.269e+02 16 2 4 5.844e+02 5.916e+02 66 2 4 1.619e+02 1.741e+02 113 2 2 4.186e+02 4.214e+02 26 2 2 2.465e+02 2.575e+02 103 2 3 4.784e+02 4.876e+02 86 2 4 3.679e+02 3.881e+02 187 2 2 5.752e+02 6.008e+02 237 2 3 1.352e+01 2.848e+01 139 2 1 3.885e+02 4.095e+02 195 2 3 1.021e+02 1.079e+02 55 2 4 4.525e+02 4.715e+02 176 2 4 2.422e+02 2.618e+02 182 2 4 5.734e+02 6.026e+02 270 2 4 2.519e+01 5.881e+01 312 2 3 4.280e+02 4.540e+02 241 2 4 7.352e+01 9.448e+01 195 2 2 4.932e+02 5.148e+02 201 2 3 2.135e+02 2.485e+02 326 2 3 3.794e+02 4.186e+02 364 2 1 3.113e+00 3.889e+01 332 2 2 1.093e+02 1.427e+02 310
7993 4 0 2 7.338e+01 9.462e+01 197 0 3 8.020e+01 1.298e+02 460 0 1 3.883e+01 8.717e+01 449 0 4 5.871e+01 1.093e+02 470
7995 0
7996 8 0 2 6.583e+02 6.857e+02 255 0 1 5.411e+02 5.929e+02 481 0 4 5.672e+02 6.088e+02 386 0 4 6.579e+02 6.861e+02 261 0 2 4.837e+02 5.243e+02 377 0 4 4.790e+02 5.290e+02 464 0 3 5.002e+02 5.498e+02 460 2 3 4.594e+00 3.741e+01 305
7998 1 2 4 7.213e+01 9.587e+01 220
7999 20 0 3 5.172e+02 5.328e+02 146 0 2 5.402e+02 5.518e+02 107 0 1 5.146e+02 5.354e+02 193 1 2 6.300e+02 6.300e+02 -10 2 1 5.659e+02 5.681e+02 21 2 3 1.877e+02 1.903e+02 25 2 3 4.812e+02 4.848e+02 33 2 2 2.070e+02 2.130e+02 56 2 2 5.454e+02 5.466e+02 10 2 4 2.846e+02 3.034e+02 175 2 4 5.880e+02 5.880e+02 -14 2 3 1.434e+02 1.506e+02 67 2 2 5.010e+02 5.070e+02 56 2 2 1.980e+02 2.220e+02 222 2 3 5.600e+02 5.740e+02 130 2 3 2.971e+02 3.329e+02 333 2 2 5.801e+02 5.959e+02 147 2 1 1.799e+02 1.981e+02 169 2 4 4.545e+02 4.695e+02 139 2 3 2.558e+02 2.902e+02 319
8000 9 2 4 2.482e+02 2.558e+02 70 2 1 2.694e+02 2.766e+02 67 2 1 1.868e+01 2.332e+01 43 2 2 1.218e+02 1.302e+02 79 2 2 2.437e+02 2.603e+02 155 2 1 1.254e+01 2.946e+01 157 2 2 1.074e+02 1.446e+02 345 2 3 2.539e+02 2.921e+02 355 2 2 6.495e+01 1.031e+02 354
8001 1 1 1 2.623e+02 2.837e+02 199
8002 6 0 2 3.576e+02 3.984e+02 379 0 1 5.455e+02 5.885e+02 400 0 4 3.110e+02 3.610e+02 464 0 4 5.622e+02 6.138e+02 479 2 4 2.021e+01 6.379e+01 405 2 3 -1.955e+00 4.396e+01 426
8003 3 1 3 4.252e+02 4.568e+02 293 2 1 1.819e+02 1.961e+02 131 2 2 3.200e+02 3.520e+02 297
8004 44 0 4 3.735e+02 3.825e+02 84 0 3 3.830e+02 4.150e+02 296 0 4 6.460e+02 6.980e+02 482 1 4 5.023e+02 5.057e+02 32 1 4 5.754e+02 6.006e+02 234 1 4 4.915e+02 5.165e+02 233 1 4 5.287e+02 5.633e+02 320 2 3 4.830e+02 4.830e+02 -15 2 4 5.460e+02 5.460e+02 -15 2 4 2.520e+02 2.520e+02 -10 2 3 6.203e+01 6.397e+01 18 2 3 3.990e+02 3.990e+02 -24 2 2 8.400e+01 8.400e+01 -18 2 4 5.016e+02 5.064e+02 44 2 4 2.080e+02 2.120e+02 38 2 3 2.726e+02 2.734e+02 8 2 4 6.224e+02 6.376e+02 141 2 4 3.240e+02 3.480e+02 223 2 3 1.617e+01 2.583e+01 90 2 4 4.163e+02 4.237e+02 69 2 4 7.504e+01 9.296e+01 166 2 4 4.594e+02 4.646e+02 48 2 3 2.297e+02 2.323e+02 24 2 1 2.628e+02 2.832e+02 190 2 2 4.951e+02 5.129e+02 165 2 3 3.483e+02 3.657e+02 162 2 2 6.613e+02 6.827e+02 198 2 2 3.825e+01 4.575e+01 70 2 1 6.361e+02 6.659e+02 277 2 2 2.482e+02 2.558e+02 70 2 2 2.806e+02 3.074e+02 248 2 4 3.650e+02 3.910e+02 241 2 4 3.443e+01 4.957e+01 140 2 1 2.209e+02 2.411e+02 188 2 4 2.804e+02 3.076e+02 253 2 3 3.396e+02 3.744e+02 323 2 1 5.768e+01 6.832e+01 99 2 2 1.956e+02 2.244e+02 267 2 3 2.578e+02 2.882e+02 281 2 1 3.157e+00 3.884e+01 331 2 4 1.928e+02 2.272e+02 320 2 4 2.438e+01 5.962e+01 327 3 1 2.043e+01 2.157e+01 10 3 3 1.958e+01 2.242e+01 26
