33043 0
33044 7 0 2 2.277e+02 2.763e+02 452 0 2 1.036e+02 1.484e+02 416 0 4 1.848e+02 2.352e+02 469 0 3 2.050e+02 2.570e+02 483 1 4 5.961e+01 1.084e+02 453 1 1 8.299e+01 1.270e+02 409 1 3 7.877e+01 1.312e+02 487
33045 24 0 4 6.702e+02 6.738e+02 34 0 4 4.198e+02 4.202e+02 3 0 2 3.744e+02 3.816e+02 66 0 3 6.022e+02 6.158e+02 126 0 1 6.455e+02 6.565e+02 102 0 3 3.953e+02 4.027e+02 68 0 4 5.733e+02 6.027e+02 274 0 3 6.481e+02 6.539e+02 53 0 1 5.991e+02 6.189e+02 185 0 2 6.701e+02 6.739e+02 35 0 2 6.151e+02 6.449e+02 276 0 3 6.346e+02 6.674e+02 304 0 4 6.135e+02 6.465e+02 306 1 2 6.153e+02 6.447e+02 272 1 4 6.184e+02 6.416e+02 216 2 3 6.239e+01 6.361e+01 11 2 3 1.832e+01 2.368e+01 50 2 2 7.890e+01 8.910e+01 95 2 4 3.798e+01 4.602e+01 75 2 4 7.101e+01 9.699e+01 241 2 1 1.070e+01 3.130e+01 191 2 2 3.035e+01 5.365e+01 216 2 1 4.534e+01 8.066e+01 328 2 1 -5.142e+00 4.714e+01 486
33046 1 0 3 6.060e+02 6.120e+02 56
33047 4 0 3 2.242e+02 2.378e+02 126 0 4 5.671e+02 6.089e+02 389 1 2 6.219e+02 6.381e+02 150 1 1 5.896e+02 6.284e+02 360
33048 4 2 1 1.949e+01 2.251e+01 28 2 3 1.159e+01 3.041e+01 175 2 2 3.470e+01 4.930e+01 136 2 4 2.954e+01 5.446e+01 231
33049 21 0 2 6.297e+02 6.303e+02 6 0 2 5.404e+02 5.516e+02 104 0 4 6.284e+02 6.316e+02 30 0 1 5.186e+02 5.314e+02 120 0 1 8.945e+01 1.206e+02 289 0 3 6.434e+02 6.586e+02 140 0 3 5.478e+02 5.862e+02 356 0 1 5.925e+02 6.255e+02 306 0 3 6.350e+02 6.670e+02 297 1 3 5.217e+02 5.283e+02 62 1 4 5.383e+02 5.537e+02 142 2 3 2.003e+01 2.197e+01 18 2 1 1.294e+01 2.906e+01 150 2 2 7.733e+01 9.067e+01 124 2 2 3.582e+01 4.818e+01 115 2 4 7.033e+01 9.767e+01 254 2 4 3.340e+01 5.060e+01 160 2 1 4.807e+01 7.793e+01 277 2 3 5.418e+01 7.182e+01 164 2 3 8.588e+00 3.341e+01 230 2 2 2.829e+01 5.571e+01 255
33050 0
33051 8 0 4 3.178e+02 3.542e+02 339 0 4 4.448e+02 4.792e+02 319 0 2 6.091e+02 6.509e+02 389 0 4 6.111e+02 6.489e+02 350 0 1 5.864e+02 6.316e+02 420 2 2 4.857e+02 5.223e+02 340 2 4 4.415e+02 4.825e+02 381 2 3 4.622e+02 5.038e+02 387
33052 0
33053 5 0 2 6.269e+02 6.331e+02 58 0 4 6.229e+02 6.371e+02 132 0 3 6.373e+02 6.647e+02 255 0 1 6.352e+02 6.668e+02 294 2 3 5.449e+01 7.151e+01 158
33054 42 0 1 2.692e+02 2.768e+02 70 0 1 3.537e+02 3.603e+02 61 0 1 5.226e+02 5.274e+02 45 0 4 3.764e+02 3.796e+02 30 0 2 6.627e+02 6.813e+02 173 0 1 4.938e+01 7.662e+01 253 0 3 5.129e+02 5.371e+02 226 0 2 3.666e+02 3.894e+02 211 0 4 6.621e+02 6.819e+02 184 0 2 5.324e+02 5.596e+02 252 0 1 6.410e+02 6.610e+02 186 1 3 6.086e+02 6.094e+02 7 1 2 6.300e+02 6.300e+02 -0 1 4 6.297e+02 6.303e+02 6 1 2 5.692e+02 6.068e+02 349 1 1 6.074e+02 6.106e+02 29 1 1 5.886e+02 6.294e+02 379 2 1 5.643e+02 5.697e+02 50 2 3 3.550e+02 3.590e+02 38 2 4 6.253e+02 6.347e+02 88 2 3 5.889e+01 6.711e+01 76 2 4 5.028e+02 5.052e+02 22 2 4 1.252e+02 1.268e+02 16 2 3 5.206e+02 5.294e+02 81 2 1 1.437e+02 1.503e+02 61 2 4 4.166e+02 4.234e+02 63 2 2 2.914e+02 2.966e+02 48 2 2 5.444e+02 5.476e+02 29 2 2 3.703e+02 3.857e+02 144 2 1 4.333e+02 4.487e+02 144 2 4 3.242e+01 5.158e+01 178 2 4 5.361e+02 5.559e+02 184 2 2 1.148e+02 1.372e+02 208 2 1 3.800e+02 4.180e+02 353 2 3 1.343e+02 1.597e+02 236 2 4 2.911e+02 2.969e+02 55 2 4 3.242e+02 3.478e+02 219 2 1 5.333e+01 7.267e+01 180 2 2 6.643e+01 1.016e+02 326 2 3 2.959e+02 3.341e+02 355 2 1 3.378e+02 3.762e+02 357 3 2 1.485e+02 1.875e+02 362
33055 14 0 2 6.293e+02 6.307e+02 14 0 1 6.367e+02 6.653e+02 266 0 1 4.208e+02 4.612e+02 376 0 3 5.057e+02 5.443e+02 359 0 3 4.183e+02 4.637e+02 421 1 3 5.185e+02 5.315e+02 120 1 1 5.555e+02 5.785e+02 214 1 1 5.111e+02 5.389e+02 258 1 2 5.280e+02 5.640e+02 334 2 4 5.850e+02 5.910e+02 56 2 1 6.079e+02 6.101e+02 20 2 3 5.932e+02 6.248e+02 294 2 2 5.747e+02 6.013e+02 247 3 2 8.348e+01 8.452e+01 10
33056 17 0 1 6.070e+02 6.110e+02 36 0 1 6.468e+02 6.552e+02 79 0 3 6.061e+02 6.119e+02 53 0 3 6.450e+02 6.570e+02 111 0 4 6.144e+02 6.456e+02 290 0 2 6.604e+02 6.836e+02 215 0 4 6.583e+02 6.857e+02 255 1 2 5.449e+02 5.471e+02 20 1 3 3.470e+02 3.670e+02 186 1 1 5.080e+02 5.420e+02 316 2 1 6.077e+01 6.523e+01 41 2 4 5.010e+02 5.070e+02 56 2 2 3.834e+01 4.566e+01 68 2 3 5.226e+02 5.274e+02 44 2 2 5.394e+02 5.526e+02 123 2 4 3.502e+01 4.898e+01 130 2 1 5.582e+02 5.758e+02 164
33057 21 0 3 3.951e+02 4.029e+02 73 0 3 5.853e+02 6.327e+02 440 0 2 6.517e+02 6.923e+02 376 0 2 6.055e+02 6.545e+02 455 2 1 3.532e+02 3.608e+02 70 2 4 2.351e+02 2.689e+02 313 2 3 3.021e+02 3.279e+02 240 2 2 3.321e+02 3.399e+02 73 2 4 2.747e+02 3.133e+02 358 2 4 3.149e+02 3.571e+02 391 2 4 1.550e+01 6.850e+01 492 3 4 3.352e+02 3.368e+02 16 3 2 4.199e+02 4.201e+02 2 3 4 3.764e+02 3.796e+02 30 3 4 3.209e+02 3.511e+02 280 3 1 3.964e+02 4.016e+02 49 3 4 2.758e+02 3.122e+02 337 3 1 3.528e+02 3.612e+02 77 3 3 3.450e+02 3.690e+02 222 3 2 3.685e+02 3.875e+02 177 3 3 3.805e+02 4.175e+02 343
33058 8 0 1 6.475e+02 6.545e+02 66 0 2 6.674e+02 6.766e+02 85 0 4 6.668e+02 6.772e+02 96 0 2 6.523e+02 6.917e+02 366 2 4 2.478e+02 2.562e+02 77 2 4 4.000e+01 4.400e+01 37 2 2 3.232e+01 5.168e+01 180 2 3 4.785e+01 7.815e+01 281
33059 0
33060 31 1 1 6.037e+02 6.143e+02 98 1 3 6.083e+02 6.097e+02 13 1 2 5.767e+02 5.993e+02 210 1 2 6.262e+02 6.338e+02 70 1 4 6.235e+02 6.365e+02 120 1 1 5.978e+02 6.202e+02 208 1 2 6.192e+02 6.408e+02 200 1 3 5.913e+02 6.267e+02 328 2 2 3.338e+02 3.382e+02 41 2 3 3.973e+02 4.007e+02 31 2 2 3.946e+01 4.454e+01 47 2 4 1.248e+02 1.272e+02 21 2 4 5.361e+02 5.559e+02 184 2 1 1.458e+02 1.482e+02 23 2 1 2.298e+02 2.322e+02 21 2 4 2.919e+02 2.961e+02 40 2 3 8.723e+00 3.328e+01 228 2 2 1.248e+02 1.272e+02 22 2 3 1.363e+02 1.577e+02 199 2 3 2.213e+02 2.407e+02 180 2 3 3.113e+02 3.187e+02 68 2 2 3.240e+02 3.480e+02 223 2 4 2.950e+01 5.450e+01 232 2 3 9.025e+01 1.197e+02 274 2 2 1.936e+02 2.264e+02 304 2 1 2.641e+02 2.819e+02 165 2 1 4.363e+01 8.237e+01 360 2 2 1.104e+02 1.416e+02 290 2 4 2.797e+02 3.083e+02 266 2 1 2.975e+02 3.325e+02 325 3 3 1.873e+01 2.327e+01 42
33061 0
33062 14 1 4 5.446e+02 5.474e+02 26 1 1 5.645e+02 5.695e+02 47 1 2 5.736e+02 6.024e+02 268 2 3 2.305e+02 2.315e+02 10 2 1 2.709e+02 2.751e+02 39 2 2 2.510e+02 2.530e+02 18 2 3 2.647e+02 2.813e+02 154 2 4 3.649e+02 3.911e+02 243 2 4 2.373e+02 2.667e+02 273 2 2 2.844e+02 3.036e+02 178 2 4 1.928e+02 2.272e+02 319 2 4 2.834e+02 3.046e+02 196 3 1 5.670e+02 5.670e+02 -14 3 1 1.860e+01 2.340e+01 45
33063 10 0 1 6.480e+02 6.540e+02 56 0 3 4.809e+02 4.851e+02 39 0 2 6.598e+02 6.842e+02 226 0 4 4.905e+02 5.175e+02 251 0 4 6.624e+02 6.816e+02 179 0 4 4.453e+02 4.787e+02 310 2 2 1.240e+02 1.280e+02 38 2 3 9.892e+01 1.111e+02 113 2 1 1.312e+02 1.628e+02 293 2 4 1.109e+02 1.411e+02 280
33064 7 0 1 4.390e+02 4.430e+02 37 0 4 4.573e+02 4.667e+02 86 0 1 3.974e+02 4.006e+02 29 0 2 4.492e+02 4.748e+02 238 0 3 3.937e+02 4.043e+02 99 0 4 4.078e+02 4.322e+02 226 0 3 4.229e+02 4.591e+02 336
33065 7 2 1 4.806e+02 4.854e+02 45 2 3 5.240e+02 5.260e+02 19 2 4 6.231e+02 6.369e+02 129 2 1 4.375e+02 4.445e+02 66 2 2 4.998e+02 5.082e+02 78 2 1 4.718e+02 4.942e+02 209 2 4 4.938e+02 5.142e+02 189
33066 6 0 4 6.271e+02 6.329e+02 53 0 3 9.398e+01 1.160e+02 205 0 2 6.541e+02 6.899e+02 333 2 1 1.849e+02 1.931e+02 76 2 4 3.753e+01 4.647e+01 83 2 3 8.407e+00 3.359e+01 234
33067 8 0 1 4.338e+02 4.482e+02 133 0 3 4.381e+02 4.439e+02 54 0 4 4.422e+02 4.818e+02 367 0 2 6.529e+02 6.911e+02 354 1 3 5.670e+02 5.670e+02 -15 1 3 5.572e+02 5.768e+02 181 1 4 5.757e+02 6.003e+02 229 1 3 5.917e+02 6.263e+02 321
33070 7 0 1 5.641e+02 5.699e+02 55 0 2 6.706e+02 6.734e+02 26 0 4 6.710e+02 6.730e+02 19 0 1 6.365e+02 6.655e+02 270 2 1 1.433e+01 2.767e+01 124 2 3 6.973e+00 3.503e+01 260 2 4 1.915e+02 2.285e+02 344
33071 1 2 3 2.057e+01 2.143e+01 8
33074 6 1 3 6.024e+02 6.156e+02 123 1 4 5.708e+02 6.052e+02 320 2 2 8.400e+01 8.400e+01 -5 2 1 5.786e+01 6.814e+01 96 2 3 6.194e+01 6.406e+01 20 2 4 2.618e+01 5.782e+01 294
33075 3 0 2 6.712e+02 6.728e+02 15 0 2 6.533e+02 6.907e+02 348 0 4 6.542e+02 6.898e+02 331
33077 0
33078 44 0 4 3.780e+02 3.780e+02 -6 0 2 6.190e+02 6.410e+02 204 0 3 6.481e+02 6.539e+02 55 0 1 2.962e+02 3.338e+02 350 0 3 5.549e+02 5.791e+02 226 0 4 3.581e+02 3.979e+02 370 0 4 6.154e+02 6.446e+02 270 0 1 6.431e+02 6.589e+02 147 0 4 6.625e+02 6.815e+02 176 0 2 6.546e+02 6.894e+02 323 1 3 6.079e+02 6.101e+02 20 1 2 5.819e+02 5.941e+02 114 1 4 6.300e+02 6.300e+02 -12 1 1 5.973e+02 6.207e+02 217 2 2 4.196e+02 4.204e+02 7 2 2 2.100e+02 2.100e+02 -7 2 3 6.087e+02 6.093e+02 6 2 3 2.725e+02 2.735e+02 10 2 3 6.510e+02 6.510e+02 -9 2 1 3.561e+02 3.579e+02 17 2 1 3.969e+02 4.011e+02 39 2 3 4.772e+02 4.888e+02 108 2 3 1.823e+02 1.957e+02 125 2 3 5.670e+02 5.670e+02 -11 2 1 2.310e+02 2.310e+02 -6 2 4 6.290e+02 6.310e+02 19 2 3 3.016e+02 3.284e+02 250 2 4 6.616e+02 6.824e+02 193 2 2 3.762e+02 3.798e+02 33 2 4 4.138e+02 4.262e+02 115 2 4 1.560e+02 1.800e+02 222 2 4 4.941e+02 5.139e+02 183 2 2 2.388e+02 2.652e+02 246 2 4 5.396e+02 5.524e+02 119 2 4 2.760e+02 3.120e+02 334 2 4 5.811e+02 5.949e+02 129 2 4 3.750e+02 3.810e+02 56 2 1 4.353e+02 4.467e+02 106 2 1 3.116e+00 3.888e+01 332 2 4 5.320e+02 5.600e+02 260 2 3 1.314e+02 1.626e+02 290 3 1 6.510e+02 6.510e+02 -10 3 3 6.453e+02 6.567e+02 106 3 2 6.135e+02 6.465e+02 306
33079 7 2 3 1.857e+02 1.923e+02 60 2 1 1.866e+02 1.914e+02 44 2 2 1.505e+02 1.855e+02 326 2 4 1.508e+02 1.852e+02 319 3 2 1.655e+02 1.705e+02 46 3 4 1.668e+02 1.692e+02 21 3 3 1.702e+02 2.078e+02 350
33081 0
33085 0
33087 5 0 4 8.079e+01 8.721e+01 60 2 3 5.445e+00 3.655e+01 289 2 2 2.389e+01 6.011e+01 336 2 1 3.769e-01 4.162e+01 383 2 1 3.888e+01 8.712e+01 448
33088 0
33090 0
33091 10 0 1 6.490e+02 6.530e+02 38 0 2 6.649e+02 6.791e+02 132 0 4 5.729e+02 6.031e+02 280 0 4 6.615e+02 6.825e+02 196 2 4 4.121e+01 4.279e+01 15 2 1 4.740e+02 4.920e+02 168 2 2 4.495e+02 4.745e+02 231 2 3 4.228e+02 4.592e+02 339 2 4 4.507e+02 4.733e+02 210 2 3 4.632e+02 5.028e+02 368
33093 16 0 4 3.353e+02 3.367e+02 14 0 1 3.042e+02 3.258e+02 200 0 2 3.256e+02 3.464e+02 193 0 4 4.597e+02 4.643e+02 43 0 4 5.849e+02 5.911e+02 58 0 3 6.484e+02 6.536e+02 48 0 3 4.675e+02 4.985e+02 288 0 3 5.963e+02 6.217e+02 236 0 1 6.425e+02 6.595e+02 158 0 2 6.135e+02 6.465e+02 306 0 4 6.574e+02 6.866e+02 271 0 4 6.129e+02 6.471e+02 318 1 4 6.204e+02 6.396e+02 178 1 1 6.009e+02 6.171e+02 150 2 1 1.047e+01 3.153e+01 196 2 2 4.569e+02 4.671e+02 96
33095 10 2 4 5.040e+02 5.040e+02 -18 2 2 4.503e+02 4.737e+02 216 2 1 4.711e+02 4.949e+02 221 3 1 3.541e+02 3.599e+02 55 3 4 5.040e+02 5.040e+02 -4 3 1 3.861e+02 4.119e+02 240 3 2 3.651e+02 3.909e+02 240 3 4 3.611e+02 3.949e+02 314 3 3 3.832e+02 4.148e+02 294 3 3 3.371e+02 3.769e+02 370
33096 0
33097 22 0 1 6.497e+02 6.523e+02 24 0 1 6.086e+02 6.094e+02 8 0 3 6.505e+02 6.515e+02 10 0 2 6.237e+02 6.363e+02 117 0 2 6.716e+02 6.724e+02 7 0 3 6.407e+02 6.613e+02 191 0 4 6.652e+02 6.788e+02 126 0 1 6.357e+02 6.663e+02 285 0 2 6.532e+02 6.908e+02 350 0 4 6.539e+02 6.901e+02 336 2 3 2.021e+01 2.179e+01 15 2 2 3.699e+01 4.701e+01 93 2 4 6.221e+02 6.379e+02 147 2 3 9.932e+01 1.107e+02 106 2 4 2.880e+02 3.000e+02 112 2 3 5.945e+02 6.235e+02 269 2 1 5.943e+00 3.606e+01 280 2 2 1.171e+02 1.349e+02 166 2 3 1.025e+01 3.175e+01 200 2 4 1.077e+02 1.443e+02 340 2 2 2.950e+01 5.450e+01 232 2 4 2.981e+01 5.419e+01 226
