29694 5 2 3 5.059e+01 7.541e+01 230 2 1 1.115e+01 3.085e+01 183 2 3 -4.604e+00 4.660e+01 476 2 2 1.653e+01 6.747e+01 473 3 1 4.330e+02 4.490e+02 149
29696 14 0 3 2.310e+02 2.310e+02 -4 0 4 4.169e+02 4.231e+02 57 0 2 6.598e+02 6.842e+02 226 0 4 6.574e+02 6.866e+02 271 0 2 6.534e+02 6.906e+02 346 2 3 2.100e+01 2.100e+01 -2 2 2 4.143e+01 4.257e+01 10 2 4 3.910e+01 4.490e+01 54 2 2 7.374e+01 9.426e+01 190 2 1 5.813e+01 6.787e+01 90 2 4 6.692e+01 1.011e+02 317 2 3 5.359e+01 7.241e+01 175 2 1 5.627e+00 3.637e+01 286 2 3 4.448e+01 8.152e+01 344
29697 1 3 3 6.508e+02 6.512e+02 3
29698 1 1 1 1.821e+02 1.959e+02 129
29699 12 0 2 6.271e+02 6.329e+02 53 0 2 6.709e+02 6.731e+02 21 0 4 6.716e+02 6.724e+02 8 0 1 5.943e+02 6.237e+02 273 0 1 6.480e+02 6.540e+02 56 0 3 6.460e+02 6.560e+02 92 0 1 6.333e+02 6.687e+02 330 1 2 6.288e+02 6.312e+02 23 2 2 3.839e+01 4.561e+01 67 2 4 3.919e+01 4.481e+01 52 2 4 3.071e+01 5.329e+01 210 2 3 4.529e+01 8.071e+01 329
29701 8 0 4 6.564e+02 6.876e+02 289 1 2 6.173e+02 6.427e+02 236 2 1 1.455e+02 1.485e+02 28 2 3 5.211e+02 5.289e+02 73 2 3 2.281e+02 2.339e+02 54 2 4 5.309e+02 5.611e+02 280 2 2 2.423e+02 2.617e+02 180 2 4 1.888e+02 2.312e+02 393
29703 14 0 4 6.576e+02 6.864e+02 267 0 2 6.564e+02 6.876e+02 290 2 1 3.059e+02 3.241e+02 169 2 2 3.279e+02 3.441e+02 150 2 3 3.045e+02 3.255e+02 196 2 4 3.258e+02 3.462e+02 190 3 2 2.504e+02 2.536e+02 30 3 4 2.472e+02 2.568e+02 89 3 2 2.873e+02 3.007e+02 125 3 3 2.619e+02 2.841e+02 206 3 4 2.843e+02 3.037e+02 180 3 3 2.151e+02 2.469e+02 296 3 1 2.576e+02 2.884e+02 286 3 1 2.118e+02 2.502e+02 356
29705 15 0 1 4.397e+02 4.423e+02 25 0 4 4.564e+02 4.676e+02 104 0 2 6.612e+02 6.828e+02 201 0 3 4.305e+02 4.515e+02 196 0 4 6.642e+02 6.798e+02 145 0 2 4.437e+02 4.803e+02 340 0 1 6.398e+02 6.622e+02 208 0 3 6.370e+02 6.650e+02 260 2 4 2.489e+02 2.551e+02 57 2 1 1.452e+02 1.488e+02 33 2 4 1.191e+02 1.329e+02 128 2 3 1.389e+02 1.551e+02 150 2 2 3.975e+02 4.425e+02 418 2 2 1.085e+02 1.435e+02 326 3 1 1.367e+02 1.573e+02 190
29709 6 2 4 8.195e+01 8.605e+01 38 2 2 2.901e+02 2.979e+02 73 2 4 4.545e+02 4.695e+02 139 2 4 2.838e+02 3.042e+02 189 2 1 3.041e+02 3.259e+02 202 2 3 2.561e+02 2.899e+02 315
29710 1 0 2 6.195e+02 6.405e+02 196
29711 2 2 3 1.693e+01 2.507e+01 76 2 3 2.575e+00 3.943e+01 342
29713 4 0 1 6.088e+02 6.092e+02 3 1 3 4.722e+01 7.878e+01 293 1 1 5.914e+02 6.266e+02 327 2 2 3.215e+02 3.505e+02 270
29714 1 0 2 6.615e+02 6.825e+02 196
29715 0
29717 17 0 2 6.290e+02 6.310e+02 18 0 4 6.714e+02 6.726e+02 11 0 1 3.981e+02 3.999e+02 16 0 4 5.011e+02 5.069e+02 54 0 2 3.587e+02 3.973e+02 358 0 3 5.244e+02 5.256e+02 10 0 4 6.292e+02 6.308e+02 16 0 1 6.483e+02 6.537e+02 50 0 3 3.970e+02 4.010e+02 37 0 1 5.157e+02 5.343e+02 173 0 4 5.832e+02 5.928e+02 90 0 3 6.475e+02 6.545e+02 65 0 2 4.900e+02 5.180e+02 260 0 2 5.300e+02 5.620e+02 296 0 3 5.982e+02 6.198e+02 200 2 1 1.882e+01 2.318e+01 40 2 3 1.945e+01 2.255e+01 29
29718 10 0 2 6.247e+02 6.353e+02 98 0 4 6.185e+02 6.415e+02 213 0 1 6.327e+02 6.693e+02 340 1 2 6.441e+01 1.036e+02 364 1 2 6.038e+02 6.562e+02 486 2 2 4.162e+01 4.238e+01 7 2 3 1.936e+01 2.264e+01 30 2 4 2.862e+02 3.018e+02 145 2 4 1.192e+02 1.328e+02 126 2 2 1.612e+02 1.748e+02 126
29719 0
29720 31 0 4 4.611e+02 4.629e+02 16 0 1 5.641e+02 5.699e+02 55 0 2 6.695e+02 6.745e+02 46 0 4 4.179e+02 4.221e+02 40 0 2 3.618e+02 3.942e+02 300 0 2 5.002e+02 5.078e+02 71 0 3 5.619e+02 5.721e+02 95 0 4 5.855e+02 5.905e+02 46 0 1 6.371e+02 6.649e+02 259 0 1 4.392e+02 4.428e+02 33 0 4 5.020e+02 5.060e+02 38 0 1 5.197e+02 5.303e+02 99 0 3 6.044e+02 6.136e+02 85 0 4 6.538e+02 6.902e+02 338 0 3 4.229e+02 4.591e+02 336 0 2 4.564e+02 4.676e+02 104 0 3 5.230e+02 5.270e+02 36 0 4 5.777e+02 5.983e+02 191 0 4 4.924e+02 5.156e+02 215 0 3 5.134e+02 5.366e+02 215 0 4 6.107e+02 6.493e+02 358 0 4 4.467e+02 4.773e+02 284 0 3 5.480e+02 5.860e+02 353 0 1 4.639e+02 5.021e+02 356 0 1 5.041e+02 5.459e+02 388 1 1 5.624e+02 5.716e+02 86 1 3 5.598e+02 5.742e+02 133 1 4 5.749e+02 6.011e+02 244 1 2 6.108e+02 6.492e+02 357 1 2 5.742e+02 6.018e+02 256 2 4 6.697e+01 1.010e+02 316
29721 0
29722 1 2 3 8.581e+01 1.242e+02 356
29723 11 0 4 6.240e+02 6.360e+02 111 0 2 6.717e+02 6.723e+02 6 0 2 6.201e+02 6.399e+02 184 0 4 6.714e+02 6.726e+02 10 0 1 6.418e+02 6.602e+02 170 0 3 6.451e+02 6.569e+02 109 0 3 6.316e+02 6.704e+02 360 1 3 6.080e+02 6.100e+02 19 1 2 6.263e+02 6.337e+02 69 1 4 5.773e+02 5.987e+02 199 2 4 2.476e+02 2.564e+02 81
29724 4 1 4 6.204e+02 6.396e+02 179 1 2 6.202e+02 6.398e+02 182 2 3 1.352e+02 1.588e+02 220 2 3 2.162e+02 2.458e+02 276
29725 2 1 4 6.241e+02 6.359e+02 110 1 3 5.964e+02 6.216e+02 235
29726 1 0 3 6.026e+02 6.154e+02 118
29727 3 0 1 6.005e+02 6.175e+02 157 0 2 6.488e+02 6.952e+02 430 2 3 5.182e+02 5.318e+02 127
29728 3 2 4 1.463e+02 1.897e+02 404 2 1 1.666e+02 2.114e+02 416 3 3 5.238e+02 5.262e+02 22
29730 38 0 1 6.077e+01 6.523e+01 41 0 4 8.132e+01 8.668e+01 50 0 3 1.869e+02 1.911e+02 40 0 1 5.930e+02 6.250e+02 297 0 3 5.140e+01 7.460e+01 216 0 1 5.474e+02 5.866e+02 365 0 2 1.599e+02 1.761e+02 150 0 4 6.163e+02 6.437e+02 254 0 2 6.629e+01 1.017e+02 329 0 3 5.905e+02 6.275e+02 343 0 1 1.349e+02 1.591e+02 224 0 4 1.917e+02 2.283e+02 340 0 1 1.295e+02 1.645e+02 326 1 2 5.812e+02 5.948e+02 127 1 3 5.950e+02 6.230e+02 260 1 4 5.776e+02 5.984e+02 193 1 2 6.194e+02 6.406e+02 197 1 4 6.153e+02 6.447e+02 274 2 4 3.326e+02 3.394e+02 63 2 3 4.393e+02 4.427e+02 31 2 2 4.040e+01 4.360e+01 30 2 3 6.068e+02 6.112e+02 41 2 2 1.679e+02 1.681e+02 1 2 3 5.638e+02 5.702e+02 60 2 4 1.171e+02 1.349e+02 165 2 4 4.110e+02 4.290e+02 168 2 3 1.826e+02 1.954e+02 119 2 2 5.363e+02 5.557e+02 180 2 4 3.371e+01 5.029e+01 154 2 3 1.344e+02 1.596e+02 234 2 3 2.543e+02 2.917e+02 347 2 1 4.700e+01 7.900e+01 297 2 4 1.561e+02 1.799e+02 220 2 2 2.726e+02 3.154e+02 398 2 3 4.368e+00 3.763e+01 309 2 3 1.700e+02 2.080e+02 353 2 1 2.491e+02 2.969e+02 443 3 3 1.293e+02 1.647e+02 329
29731 1 0 1 4.220e+02 4.600e+02 353
29732 13 1 4 6.300e+02 6.300e+02 -20 1 3 6.037e+02 6.143e+02 98 2 2 2.090e+02 2.110e+02 19 2 4 2.901e+02 2.979e+02 73 2 2 2.498e+02 2.542e+02 40 2 4 4.113e+02 4.287e+02 162 2 1 2.676e+02 2.784e+02 100 2 3 1.748e+02 2.032e+02 263 2 4 2.395e+02 2.645e+02 232 2 3 2.655e+02 2.805e+02 140 2 1 2.168e+02 2.452e+02 265 2 2 2.899e+02 2.981e+02 76 2 3 2.176e+02 2.444e+02 248
29734 4 0 3 9.824e+01 1.118e+02 126 0 3 6.010e+02 6.170e+02 148 0 1 5.955e+02 6.225e+02 251 0 4 5.730e+02 6.030e+02 278
29737 8 0 1 6.508e+02 6.512e+02 5 0 3 5.024e+02 5.476e+02 419 0 4 6.047e+02 6.553e+02 470 0 2 4.814e+02 5.266e+02 420 0 1 5.008e+02 5.492e+02 450 0 4 5.633e+02 6.127e+02 460 2 1 -1.999e+00 4.400e+01 427 2 3 -3.258e+00 4.526e+01 450
29743 13 0 1 6.072e+02 6.108e+02 34 0 3 6.041e+02 6.139e+02 90 0 4 6.168e+02 6.432e+02 246 1 1 4.301e+02 4.519e+02 202 2 1 2.100e+01 2.100e+01 -10 2 2 5.859e+02 5.901e+02 39 2 3 1.649e+01 2.551e+01 84 2 4 5.873e+02 5.887e+02 14 2 3 5.887e+02 6.293e+02 376 3 2 5.033e+02 5.047e+02 13 3 4 5.024e+02 5.056e+02 29 3 1 5.071e+02 5.429e+02 332 3 3 4.652e+02 5.008e+02 330
29744 5 2 3 1.874e+02 1.906e+02 29 2 2 6.655e+02 6.785e+02 120 2 1 1.835e+02 1.945e+02 102 2 4 1.557e+02 1.803e+02 228 2 2 1.928e+02 2.272e+02 319
