58170 21 0 3 3.983e+02 3.997e+02 12 0 1 5.220e+02 5.280e+02 56 0 4 3.669e+02 3.891e+02 206 0 2 6.677e+02 6.763e+02 80 0 3 3.876e+02 4.104e+02 211 0 2 5.021e+02 5.059e+02 36 0 3 5.232e+02 5.268e+02 33 0 4 6.645e+02 6.795e+02 139 0 2 4.901e+02 5.179e+02 259 0 1 6.438e+02 6.582e+02 133 0 3 6.411e+02 6.609e+02 184 0 2 6.608e+02 6.832e+02 208 1 2 6.140e+02 6.460e+02 297 2 4 3.771e+01 4.629e+01 80 2 4 1.241e+02 1.279e+02 35 2 1 1.434e+02 1.506e+02 67 2 1 5.665e+01 6.935e+01 118 2 2 1.154e+02 1.366e+02 197 2 3 1.347e+02 1.593e+02 228 2 2 3.026e+01 5.374e+01 218 2 3 5.216e+01 7.384e+01 201
58171 8 0 4 6.622e+02 6.818e+02 182 2 3 2.211e+02 2.409e+02 184 2 4 5.867e+02 5.893e+02 25 2 3 5.994e+02 6.186e+02 179 2 2 2.479e+02 2.561e+02 76 2 4 2.383e+02 2.657e+02 254 2 4 6.129e+02 6.471e+02 317 2 1 2.124e+02 2.496e+02 346
58172 0
58173 31 0 1 3.089e+02 3.211e+02 113 0 4 3.288e+02 3.432e+02 134 0 4 5.814e+02 5.946e+02 123 0 2 3.256e+02 3.464e+02 194 0 1 5.472e+02 5.868e+02 368 0 2 3.161e+02 3.559e+02 370 0 4 6.546e+02 6.894e+02 323 0 3 5.441e+02 5.899e+02 425 1 4 6.238e+02 6.362e+02 115 1 1 6.011e+02 6.169e+02 147 1 3 5.903e+02 6.277e+02 348 1 2 6.122e+02 6.478e+02 330 2 3 1.407e+02 1.533e+02 117 2 1 2.220e+02 2.400e+02 166 2 2 3.265e+02 3.455e+02 176 2 1 5.436e+01 7.164e+01 160 2 4 1.160e+02 1.360e+02 186 2 2 1.606e+02 1.754e+02 138 2 2 2.009e+02 2.191e+02 170 2 3 2.986e+02 3.314e+02 306 2 4 3.143e+02 3.577e+02 403 2 3 5.234e+01 7.366e+01 198 2 4 1.620e+02 1.740e+02 111 2 4 2.362e+02 2.678e+02 293 2 1 2.913e+02 3.387e+02 440 2 4 2.492e+01 5.908e+01 317 2 1 1.699e+02 2.081e+02 354 2 1 2.125e+02 2.495e+02 344 2 1 4.525e+01 8.075e+01 330 2 3 1.745e+02 2.035e+02 269 2 3 -2.719e+00 4.472e+01 440
58174 4 3 4 5.451e+02 5.469e+02 17 3 1 5.199e+02 5.301e+02 95 3 2 5.393e+02 5.527e+02 125 3 3 5.078e+02 5.422e+02 319
58175 1 2 4 6.858e+01 9.942e+01 286
58176 0
58177 36 0 2 5.029e+02 5.051e+02 20 0 4 3.685e+02 3.875e+02 176 0 2 6.675e+02 6.765e+02 83 0 4 4.979e+02 5.101e+02 113 0 4 3.205e+02 3.515e+02 287 0 3 5.083e+02 5.417e+02 310 0 1 3.430e+02 3.710e+02 260 0 4 6.665e+02 6.775e+02 103 0 1 6.320e+02 6.700e+02 353 0 2 3.177e+02 3.543e+02 340 1 3 6.086e+02 6.094e+02 8 1 3 3.969e+02 4.011e+02 39 1 4 4.166e+02 4.234e+02 64 1 3 6.010e+02 6.170e+02 149 1 2 3.726e+02 3.834e+02 100 1 1 3.797e+02 4.183e+02 359 1 1 6.002e+02 6.178e+02 164 1 2 5.726e+02 6.034e+02 286 1 4 6.124e+02 6.476e+02 326 2 1 6.239e+01 6.361e+01 11 2 3 1.441e+02 1.499e+02 54 2 4 2.097e+02 2.103e+02 6 2 2 2.940e+02 2.940e+02 -0 2 4 4.076e+01 4.324e+01 23 2 1 2.298e+02 2.322e+02 22 2 4 2.913e+02 2.967e+02 50 2 2 3.004e+01 5.396e+01 222 2 4 1.086e+02 1.434e+02 324 2 3 2.298e+02 2.322e+02 23 2 3 2.994e+02 3.306e+02 290 2 3 4.691e+01 7.909e+01 299 2 2 2.045e+02 2.155e+02 101 2 3 2.182e+02 2.438e+02 238 2 2 2.399e+02 2.641e+02 224 2 2 1.954e+02 2.246e+02 271 2 4 1.936e+02 2.264e+02 304
58178 48 0 1 6.490e+02 6.530e+02 38 0 2 3.360e+02 3.360e+02 -0 0 4 5.031e+02 5.049e+02 17 0 4 5.870e+02 5.890e+02 19 0 3 6.482e+02 6.538e+02 51 0 2 3.627e+02 3.933e+02 284 0 3 4.390e+02 4.430e+02 36 0 2 5.017e+02 5.063e+02 42 0 2 6.178e+02 6.422e+02 227 0 2 6.631e+02 6.809e+02 165 0 3 5.071e+02 5.429e+02 332 0 4 6.621e+02 6.819e+02 183 1 2 6.276e+02 6.324e+02 44 1 1 5.204e+02 5.296e+02 86 1 1 5.983e+02 6.197e+02 200 1 1 4.794e+02 4.866e+02 66 1 4 5.718e+02 6.042e+02 300 1 3 6.009e+02 6.171e+02 150 1 1 5.075e+02 5.425e+02 326 1 4 6.223e+02 6.377e+02 143 1 1 5.924e+02 6.256e+02 309 1 3 5.952e+02 6.228e+02 256 2 4 8.400e+01 8.400e+01 -0 2 2 5.449e+02 5.471e+02 20 2 4 1.654e+02 1.706e+02 48 2 1 5.670e+02 5.670e+02 -0 2 3 2.285e+02 2.335e+02 46 2 4 4.922e+02 5.158e+02 219 2 3 2.100e+01 2.100e+01 -2 2 3 5.630e+02 5.710e+02 74 2 2 7.890e+01 8.910e+01 95 2 3 5.176e+02 5.324e+02 138 2 1 1.888e+02 1.892e+02 3 2 2 5.706e+02 6.054e+02 324 2 2 3.951e+01 4.449e+01 46 2 4 1.153e+02 1.367e+02 200 2 3 1.876e+02 1.904e+02 26 2 4 1.969e+02 2.231e+02 243 2 1 6.127e+01 6.473e+01 32 2 3 8.698e+01 1.230e+02 335 2 2 1.545e+02 1.815e+02 250 2 3 2.133e+02 2.487e+02 328 2 4 3.583e+01 4.817e+01 115 2 3 1.739e+02 2.041e+02 280 2 3 5.526e+01 7.074e+01 144 2 2 2.519e+01 5.881e+01 312 2 3 2.487e+00 3.951e+01 344 3 1 1.287e+02 1.653e+02 340
58179 10 0 4 3.778e+02 3.782e+02 3 0 2 6.711e+02 6.729e+02 16 0 3 5.181e+02 5.319e+02 128 0 4 6.706e+02 6.734e+02 26 0 2 4.932e+02 5.148e+02 200 0 1 5.125e+02 5.375e+02 233 0 1 6.493e+02 6.527e+02 31 0 2 6.614e+02 6.826e+02 196 0 1 6.346e+02 6.674e+02 305 2 2 3.587e+01 4.813e+01 114
58180 0
58181 27 0 1 4.830e+02 4.830e+02 -0 0 2 6.264e+02 6.336e+02 67 0 2 6.720e+02 6.720e+02 -1 0 3 4.829e+02 4.831e+02 2 0 3 5.242e+02 5.258e+02 15 0 4 6.286e+02 6.314e+02 26 0 4 6.699e+02 6.741e+02 39 0 4 4.511e+02 4.729e+02 203 0 2 5.408e+02 5.512e+02 97 0 4 6.194e+02 6.406e+02 197 0 1 6.507e+02 6.513e+02 6 0 2 4.893e+02 5.187e+02 274 0 3 5.563e+02 5.777e+02 199 0 1 5.945e+02 6.235e+02 269 0 3 6.500e+02 6.520e+02 18 0 1 5.168e+02 5.332e+02 152 0 4 6.590e+02 6.850e+02 242 0 1 5.508e+02 5.832e+02 301 1 3 5.670e+02 5.670e+02 -10 1 2 4.197e+02 4.203e+02 6 1 1 4.826e+02 4.834e+02 7 1 1 5.584e+02 5.756e+02 160 1 4 5.719e+02 6.041e+02 300 2 1 4.323e+02 4.497e+02 162 2 2 4.525e+02 4.715e+02 177 2 3 4.326e+02 4.494e+02 156 2 4 4.462e+02 4.778e+02 294
58182 6 0 2 5.277e+02 5.643e+02 340 1 4 5.450e+02 5.470e+02 18 1 4 5.852e+02 5.908e+02 51 1 2 5.446e+02 5.474e+02 26 1 1 5.521e+02 5.819e+02 277 1 3 5.473e+02 5.867e+02 366
58183 0
58184 5 3 1 2.616e+02 2.844e+02 211 3 3 5.131e+02 5.369e+02 220 3 4 2.811e+02 3.069e+02 240 3 2 2.756e+02 3.124e+02 341 3 1 4.997e+02 5.503e+02 470
58185 4 0 3 6.426e+02 6.594e+02 156 0 1 6.414e+02 6.606e+02 178 0 2 6.586e+02 6.854e+02 248 0 4 6.569e+02 6.871e+02 280
58186 0
58187 5 0 2 6.284e+02 6.316e+02 30 0 4 6.231e+02 6.369e+02 128 0 3 6.354e+02 6.666e+02 289 2 4 3.726e+02 3.834e+02 100 2 3 3.467e+02 3.673e+02 190
58188 0
58189 0
58190 0
58191 8 0 1 1.029e+02 1.071e+02 39 0 1 6.487e+02 6.533e+02 43 0 3 6.414e+02 6.606e+02 178 2 2 2.465e+02 2.575e+02 103 2 4 4.559e+02 4.681e+02 113 2 1 5.550e+02 5.790e+02 222 2 3 4.723e+02 4.937e+02 199 2 2 5.324e+02 5.596e+02 253
58192 0
58193 1 3 4 6.717e+02 6.723e+02 6
58194 0
58195 0
58196 0
58197 15 0 4 6.277e+02 6.323e+02 42 0 3 5.624e+02 5.716e+02 85 0 4 4.918e+02 5.162e+02 226 0 1 5.596e+02 5.744e+02 137 0 3 6.373e+02 6.647e+02 255 0 3 4.635e+02 5.025e+02 363 0 4 6.533e+02 6.907e+02 347 0 4 4.804e+02 5.276e+02 439 0 2 6.462e+02 6.978e+02 480 2 4 8.307e+01 8.493e+01 17 2 1 1.461e+02 1.479e+02 17 2 4 1.208e+02 1.312e+02 97 2 4 4.067e+02 4.333e+02 246 2 3 1.344e+02 1.596e+02 234 2 2 1.169e+02 1.351e+02 169
58198 2 1 2 5.854e+02 5.906e+02 49 3 2 1.144e+02 1.376e+02 216
58199 0
58200 10 0 2 2.508e+02 2.532e+02 22 0 3 6.075e+02 6.105e+02 27 0 4 2.510e+02 2.530e+02 18 0 3 2.124e+02 2.496e+02 345 0 1 5.978e+02 6.202e+02 209 0 1 2.543e+02 2.917e+02 346 2 3 2.725e+02 2.735e+02 10 2 4 2.387e+02 2.653e+02 246 2 2 4.930e+02 5.150e+02 205 2 2 2.911e+02 2.969e+02 53
58201 7 1 3 6.083e+02 6.097e+02 13 1 4 5.862e+02 5.898e+02 34 1 2 6.279e+02 6.321e+02 39 1 2 5.391e+02 5.529e+02 129 1 4 6.213e+02 6.387e+02 161 1 1 5.498e+02 5.842e+02 319 2 1 3.905e+02 4.075e+02 157
58202 19 0 2 6.719e+02 6.721e+02 1 0 3 4.737e+02 4.923e+02 172 0 4 5.832e+02 5.928e+02 89 0 3 6.459e+02 6.561e+02 96 0 2 4.555e+02 4.685e+02 120 0 1 5.483e+02 5.857e+02 347 0 3 6.000e+02 6.180e+02 168 0 1 6.317e+02 6.703e+02 358 0 4 4.480e+02 4.760e+02 260 0 3 5.917e+02 6.263e+02 321 0 2 6.531e+02 6.909e+02 351 0 1 4.672e+02 4.988e+02 294 0 4 6.534e+02 6.906e+02 346 1 2 6.266e+02 6.334e+02 63 2 1 4.822e+02 4.838e+02 16 2 4 6.679e+02 6.761e+02 76 2 2 6.656e+02 6.784e+02 119 2 4 3.358e+01 5.042e+01 156 2 3 2.590e+02 2.870e+02 260
58203 8 0 3 4.394e+02 4.426e+02 29 0 2 4.587e+02 4.653e+02 61 0 4 4.604e+02 4.636e+02 29 0 3 6.509e+02 6.511e+02 2 0 1 4.247e+02 4.573e+02 302 0 2 6.688e+02 6.752e+02 59 0 3 4.233e+02 4.587e+02 328 0 4 6.595e+02 6.845e+02 232
58204 7 0 1 4.345e+02 4.475e+02 120 0 3 4.343e+02 4.477e+02 125 0 4 4.060e+02 4.340e+02 260 1 2 5.040e+02 5.040e+02 -10 1 3 5.069e+02 5.431e+02 336 2 3 6.008e+02 6.172e+02 153 2 3 5.946e+02 6.234e+02 267
58205 7 0 2 6.600e+02 6.840e+02 222 0 4 6.575e+02 6.865e+02 269 2 4 4.153e+01 4.247e+01 9 2 1 5.903e+01 6.697e+01 74 2 3 5.005e+01 7.595e+01 240 2 1 5.405e+00 3.660e+01 290 2 2 2.856e+01 5.544e+01 250
58206 9 0 4 5.021e+02 5.059e+02 36 0 3 6.026e+02 6.154e+02 119 0 1 6.012e+02 6.168e+02 145 0 2 6.131e+02 6.469e+02 315 2 3 6.064e+01 6.536e+01 44 2 2 8.052e+01 8.748e+01 65 2 1 7.064e+00 3.494e+01 259 2 2 1.146e+02 1.374e+02 211 2 4 6.441e+01 1.036e+02 364
58207 4 1 2 6.297e+02 6.303e+02 6 1 2 6.178e+02 6.422e+02 227 2 2 3.602e+02 3.958e+02 331 3 2 3.690e+01 4.710e+01 95
58208 0
58209 0
58210 3 0 1 6.389e+02 6.631e+02 226 0 3 6.375e+02 6.645e+02 251 0 4 6.467e+02 6.973e+02 470
58211 1 3 2 6.527e+02 6.913e+02 358
58212 6 2 4 1.200e+02 1.320e+02 111 2 4 3.255e+01 5.145e+01 176 2 1 1.065e+01 3.135e+01 192 2 3 1.115e+01 3.085e+01 183 2 2 2.735e+01 5.665e+01 272 2 3 2.756e+00 3.924e+01 339
58213 0
58214 0
58215 13 0 4 6.264e+02 6.336e+02 66 0 4 3.740e+02 3.820e+02 74 0 1 6.014e+02 6.166e+02 140 0 4 6.636e+02 6.804e+02 156 0 2 6.207e+02 6.393e+02 172 0 3 6.409e+02 6.611e+02 188 0 3 5.942e+02 6.238e+02 276 0 2 6.602e+02 6.838e+02 220 1 2 5.033e+02 5.047e+02 13 1 2 4.953e+02 5.127e+02 162 1 1 4.698e+02 4.962e+02 246 1 3 5.096e+02 5.404e+02 286 1 2 6.115e+02 6.485e+02 344
58216 0
58217 64 0 4 4.609e+02 4.631e+02 20 0 4 2.940e+02 2.940e+02 -24 0 1 2.702e+02 2.758e+02 52 0 3 5.213e+02 5.287e+02 68 0 1 4.302e+02 4.518e+02 200 0 3 2.179e+02 2.441e+02 243 0 2 4.961e+02 5.119e+02 147 0 3 2.618e+02 2.842e+02 209 0 3 5.580e+02 5.760e+02 167 0 2 2.815e+02 3.065e+02 231 0 3 4.255e+02 4.565e+02 287 0 4 4.932e+02 5.148e+02 201 0 2 4.539e+02 4.701e+02 151 1 2 5.864e+02 5.896e+02 30 1 4 5.822e+02 5.938e+02 108 1 3 5.917e+02 6.263e+02 321 1 1 5.517e+02 5.823e+02 284 2 1 1.872e+02 1.908e+02 33 2 3 3.568e+02 3.572e+02 3 2 3 3.946e+02 4.034e+02 81 2 1 1.806e+01 2.394e+01 55 2 3 4.771e+02 4.889e+02 109 2 4 1.251e+02 1.269e+02 16 2 3 5.631e+02 5.709e+02 72 2 3 1.870e+02 1.910e+02 37 2 2 5.864e+02 5.896e+02 30 2 4 2.091e+02 2.109e+02 16 2 1 6.380e+02 6.640e+02 240 2 3 2.724e+02 2.736e+02 10 2 2 4.193e+02 4.207e+02 14 2 4 3.317e+02 3.403e+02 80 2 1 5.587e+02 5.753e+02 155 2 3 2.003e+01 2.197e+01 18 2 1 6.087e+02 6.093e+02 6 2 3 1.031e+02 1.069e+02 36 2 1 4.267e+02 4.553e+02 266 2 1 1.432e+02 1.508e+02 70 2 4 4.893e+02 5.187e+02 272 2 4 2.463e+02 2.577e+02 106 2 4 5.316e+02 5.604e+02 267 2 2 2.875e+02 3.005e+02 121 2 2 6.214e+02 6.386e+02 160 2 4 3.682e+02 3.878e+02 181 2 3 5.378e+01 7.222e+01 171 2 3 5.476e+02 5.864e+02 360 2 2 1.165e+02 1.355e+02 177 2 4 5.806e+02 5.954e+02 138 2 3 1.470e+02 1.470e+02 -4 2 1 5.935e+02 6.245e+02 288 2 3 2.150e+02 2.470e+02 296 2 4 2.913e+02 2.967e+02 50 2 2 3.654e+02 3.906e+02 234 2 3 4.332e+01 8.268e+01 366 2 4 6.580e+01 1.022e+02 338 2 4 1.622e+02 1.738e+02 107 2 1 3.109e+02 3.191e+02 76 2 3 3.367e+02 3.773e+02 376 2 2 2.403e+01 5.997e+01 334 2 2 1.582e+02 1.778e+02 182 2 3 2.972e+02 3.328e+02 330 2 4 2.254e+01 6.146e+01 361 2 1 2.551e+02 2.909e+02 333 3 2 1.072e+02 1.448e+02 350 3 1 1.514e-01 4.185e+01 387
58218 10 0 3 4.337e+02 4.483e+02 136 0 4 4.063e+02 4.337e+02 255 1 2 6.267e+02 6.333e+02 61 1 4 6.203e+02 6.397e+02 180 2 4 6.205e+02 6.395e+02 176 2 3 1.177e+01 3.023e+01 171 2 3 6.505e+02 6.515e+02 10 2 2 6.692e+02 6.748e+02 52 2 2 6.539e+02 6.901e+02 336 3 3 3.429e+02 3.711e+02 261
58219 5 0 4 5.866e+02 5.894e+02 26 2 1 2.066e+01 2.134e+01 6 2 3 1.716e+01 2.484e+01 71 2 4 1.175e+02 1.345e+02 157 2 3 8.635e+01 1.236e+02 346
58220 8 2 4 4.924e+02 5.156e+02 215 3 2 5.040e+02 5.040e+02 -6 3 4 5.022e+02 5.058e+02 34 3 3 5.243e+02 5.257e+02 13 3 2 5.361e+02 5.559e+02 183 3 1 4.687e+02 4.973e+02 266 3 1 5.116e+02 5.384e+02 248 3 3 5.070e+02 5.430e+02 334
58221 7 0 4 6.454e+02 6.986e+02 494 2 3 3.525e+02 3.615e+02 84 2 4 3.690e+02 3.870e+02 166 3 2 5.855e+02 5.905e+02 46 3 3 6.022e+02 6.158e+02 127 3 2 4.892e+02 5.188e+02 276 3 3 5.105e+02 5.395e+02 269
