46698 1 2 1 1.334e+01 2.866e+01 142
46699 24 0 2 6.536e+02 6.904e+02 342 0 4 6.528e+02 6.912e+02 357 1 2 6.276e+02 6.324e+02 44 1 1 5.964e+02 6.216e+02 235 1 3 5.896e+02 6.284e+02 360 2 2 4.071e+01 4.329e+01 24 2 4 6.240e+02 6.360e+02 110 2 2 8.400e+01 8.400e+01 -7 2 4 4.198e+02 4.202e+02 3 2 4 3.338e+02 3.382e+02 40 2 3 5.658e+02 5.682e+02 22 2 4 1.244e+02 1.276e+02 30 2 3 4.301e+02 4.519e+02 202 2 3 1.433e+02 1.507e+02 68 2 2 4.015e+02 4.385e+02 344 2 1 4.973e+01 7.627e+01 246 2 4 8.074e+01 8.726e+01 60 2 2 1.607e+02 1.753e+02 136 2 4 2.770e+01 5.630e+01 266 2 2 1.110e+02 1.410e+02 278 2 4 1.483e+02 1.877e+02 366 2 3 4.803e+01 7.797e+01 278 2 1 1.748e+02 2.032e+02 263 3 1 9.129e+01 1.187e+02 255
46700 11 0 3 5.893e+02 6.287e+02 366 0 3 6.314e+02 6.706e+02 365 0 4 6.516e+02 6.924e+02 379 1 4 4.782e+02 5.298e+02 479 2 3 9.043e+01 1.196e+02 270 2 4 3.986e+02 4.414e+02 397 3 2 4.583e+02 4.657e+02 69 3 4 4.567e+02 4.673e+02 98 3 4 4.107e+02 4.293e+02 172 3 1 4.312e+02 4.508e+02 182 3 3 4.246e+02 4.574e+02 306
46701 13 0 2 6.713e+02 6.727e+02 14 0 2 2.869e+02 3.011e+02 131 0 4 6.192e+02 6.408e+02 201 0 4 6.668e+02 6.772e+02 97 0 1 2.583e+02 2.877e+02 273 0 2 6.160e+02 6.440e+02 260 0 1 5.910e+02 6.270e+02 334 0 3 5.871e+02 6.309e+02 406 1 1 5.228e+02 5.272e+02 40 1 2 5.875e+02 5.885e+02 10 1 2 6.285e+02 6.315e+02 27 1 2 5.425e+02 5.495e+02 66 1 4 6.249e+02 6.351e+02 94
46705 20 0 1 2.247e+02 2.373e+02 116 0 1 6.017e+02 6.163e+02 136 0 4 2.424e+02 2.616e+02 178 0 4 6.693e+02 6.747e+02 50 0 1 4.688e+02 4.972e+02 265 1 4 4.581e+02 4.659e+02 72 1 3 6.035e+02 6.145e+02 102 1 3 4.233e+02 4.587e+02 330 2 3 4.813e+02 4.847e+02 32 2 4 4.183e+02 4.217e+02 31 2 1 1.819e+01 2.381e+01 52 2 2 3.654e+01 4.746e+01 101 2 3 3.990e+02 3.990e+02 0 3 1 3.368e+02 3.772e+02 376 3 4 4.945e+02 5.135e+02 176 3 3 4.745e+02 4.915e+02 158 3 2 6.549e+02 6.891e+02 318 3 2 4.899e+02 5.181e+02 261 3 1 5.062e+02 5.438e+02 349 3 3 4.986e+02 5.514e+02 490
46706 0
46707 4 0 4 6.678e+02 6.762e+02 77 0 2 6.210e+02 6.390e+02 166 0 3 2.636e+02 2.824e+02 175 2 4 8.263e+01 8.537e+01 26
46709 3 0 3 6.026e+02 6.154e+02 118 0 1 5.991e+02 6.189e+02 183 0 4 5.720e+02 6.040e+02 298
46710 5 2 2 3.341e+02 3.379e+02 35 2 4 5.353e+02 5.567e+02 199 2 4 3.295e+02 3.425e+02 121 2 2 4.051e+02 4.349e+02 276 2 4 3.589e+02 3.971e+02 355
46711 0
46712 8 0 4 4.588e+02 4.652e+02 60 0 2 6.227e+02 6.373e+02 135 0 4 6.264e+02 6.336e+02 66 0 2 4.495e+02 4.745e+02 233 0 4 6.128e+02 6.472e+02 320 0 2 6.496e+02 6.944e+02 416 0 4 6.479e+02 6.961e+02 448 2 4 2.940e+02 2.940e+02 -24
46713 6 2 4 6.281e+02 6.319e+02 35 2 2 2.494e+02 2.546e+02 48 2 3 6.491e+02 6.529e+02 36 2 3 2.184e+02 2.436e+02 235 2 2 6.674e+02 6.766e+02 86 2 4 2.400e+02 2.640e+02 223
46715 5 0 2 6.488e+02 6.952e+02 431 0 3 4.988e+02 5.512e+02 486 0 1 5.844e+02 6.336e+02 457 2 1 1.227e+01 2.973e+01 162 2 3 8.185e+00 3.382e+01 238
46718 21 0 2 2.497e+02 2.543e+02 42 0 4 6.299e+02 6.301e+02 2 0 1 6.501e+02 6.519e+02 17 0 4 2.421e+02 2.619e+02 183 0 2 5.440e+02 5.480e+02 36 0 1 6.078e+02 6.102e+02 22 0 2 6.639e+02 6.801e+02 150 0 3 2.579e+02 2.881e+02 281 0 1 5.115e+02 5.385e+02 251 0 2 6.266e+02 6.334e+02 64 0 4 6.652e+02 6.788e+02 126 0 3 5.479e+02 5.861e+02 354 0 1 5.944e+02 6.236e+02 270 0 3 6.380e+02 6.640e+02 241 0 3 5.991e+02 6.189e+02 184 0 4 6.590e+02 6.850e+02 242 0 2 6.152e+02 6.448e+02 276 0 3 5.898e+02 6.282e+02 357 2 4 8.272e+01 8.528e+01 24 2 3 9.111e+01 1.189e+02 258 2 2 6.953e+01 9.847e+01 269
46720 64 0 2 6.297e+02 6.303e+02 6 0 1 6.487e+02 6.533e+02 43 0 4 5.024e+02 5.056e+02 29 0 3 5.221e+02 5.279e+02 53 0 4 6.294e+02 6.306e+02 10 0 3 6.506e+02 6.514e+02 7 0 1 4.830e+02 4.830e+02 -2 0 1 5.144e+02 5.356e+02 196 0 4 5.869e+02 5.891e+02 21 0 2 6.706e+02 6.734e+02 26 0 3 4.785e+02 4.875e+02 83 0 3 5.151e+02 5.349e+02 185 0 1 6.058e+02 6.122e+02 59 0 4 6.713e+02 6.727e+02 13 0 2 5.030e+02 5.050e+02 19 0 2 5.370e+02 5.550e+02 168 0 3 6.063e+02 6.117e+02 50 0 4 6.591e+02 6.849e+02 240 0 2 4.480e+02 4.760e+02 260 0 1 5.556e+02 5.784e+02 212 0 1 5.893e+02 6.287e+02 366 0 3 6.314e+02 6.706e+02 365 0 4 4.441e+02 4.799e+02 332 0 3 5.917e+02 6.263e+02 322 0 2 4.867e+02 5.213e+02 320 0 4 4.850e+02 5.230e+02 352 1 2 4.620e+02 4.620e+02 0 1 4 5.877e+02 5.883e+02 6 1 4 4.175e+02 4.225e+02 47 1 3 6.055e+02 6.125e+02 65 1 3 5.200e+02 5.300e+02 93 1 2 5.870e+02 5.890e+02 18 1 2 6.294e+02 6.306e+02 10 1 2 4.912e+02 5.168e+02 237 1 2 5.396e+02 5.524e+02 118 1 4 6.300e+02 6.300e+02 -8 1 1 4.701e+02 4.959e+02 239 1 4 5.386e+02 5.534e+02 137 1 1 5.956e+02 6.224e+02 250 2 4 8.348e+01 8.452e+01 10 2 4 5.869e+02 5.891e+02 20 2 3 3.549e+02 3.591e+02 39 2 2 5.843e+02 5.917e+02 69 2 1 6.243e+01 6.357e+01 10 2 4 4.950e+02 5.130e+02 168 2 2 7.854e+01 8.946e+01 101 2 3 6.030e+02 6.150e+02 110 2 3 1.854e+02 1.926e+02 67 2 3 4.623e+02 5.037e+02 384 2 4 3.327e+02 3.393e+02 61 2 2 5.728e+02 6.032e+02 283 2 4 3.129e+01 5.271e+01 199 2 2 6.107e+02 6.493e+02 359 2 4 1.177e+02 1.343e+02 154 2 2 1.632e+02 1.728e+02 89 2 4 3.255e+02 3.465e+02 196 2 3 5.045e+01 7.555e+01 233 2 3 8.680e+01 1.232e+02 338 2 4 1.503e+02 1.857e+02 329 2 1 4.709e+01 7.891e+01 296 2 2 1.103e+02 1.417e+02 291 2 3 1.286e+02 1.654e+02 342 3 4 5.370e+02 5.550e+02 166 3 2 5.806e+02 5.954e+02 137
46722 20 0 1 5.641e+02 5.699e+02 55 0 4 6.255e+02 6.345e+02 83 0 3 5.630e+02 5.710e+02 75 0 4 5.794e+02 5.966e+02 160 0 4 6.719e+02 6.721e+02 2 0 1 5.970e+02 6.210e+02 223 0 3 6.321e+02 6.699e+02 350 0 3 5.949e+02 6.231e+02 262 0 4 6.559e+02 6.881e+02 300 0 2 6.222e+02 6.378e+02 146 0 1 6.317e+02 6.703e+02 358 0 4 5.742e+02 6.018e+02 256 0 1 5.908e+02 6.272e+02 337 1 3 6.066e+02 6.114e+02 44 1 2 6.275e+02 6.325e+02 46 1 4 6.127e+02 6.473e+02 320 2 4 7.949e+01 8.851e+01 84 2 3 9.447e+01 1.155e+02 196 2 4 1.172e+02 1.348e+02 163 2 2 1.114e+02 1.406e+02 270
46723 4 1 3 5.656e+02 5.684e+02 26 1 3 5.534e+02 5.806e+02 252 1 4 5.768e+02 5.992e+02 209 1 2 5.704e+02 6.056e+02 327
46724 11 0 2 6.259e+02 6.341e+02 76 0 1 6.474e+02 6.546e+02 67 0 4 6.210e+02 6.390e+02 168 0 3 6.459e+02 6.561e+02 96 0 1 6.341e+02 6.679e+02 313 0 4 6.518e+02 6.922e+02 375 1 4 1.578e+02 1.782e+02 190 2 2 1.260e+02 1.260e+02 -16 2 4 1.244e+02 1.276e+02 30 2 3 8.738e+01 1.226e+02 327 2 1 1.292e+02 1.648e+02 331
46728 42 0 2 4.592e+02 4.648e+02 52 0 4 6.236e+02 6.364e+02 118 0 3 6.504e+02 6.516e+02 10 0 2 6.702e+02 6.738e+02 33 0 4 6.692e+02 6.748e+02 52 0 2 6.605e+02 6.835e+02 214 0 1 6.322e+02 6.698e+02 350 0 2 6.525e+02 6.915e+02 362 0 4 6.526e+02 6.914e+02 360 1 4 4.189e+02 4.211e+02 21 1 4 5.860e+02 5.900e+02 36 1 3 3.881e+02 4.099e+02 202 1 1 5.588e+02 5.752e+02 152 1 2 4.046e+02 4.354e+02 286 1 1 5.510e+02 5.830e+02 298 2 1 2.722e+02 2.738e+02 16 2 4 3.335e+02 3.385e+02 46 2 4 8.281e+01 8.519e+01 22 2 1 1.865e+02 1.915e+02 47 2 4 2.505e+02 2.535e+02 27 2 3 3.520e+02 3.620e+02 92 2 1 1.545e+01 2.655e+01 103 2 4 1.222e+02 1.298e+02 70 2 3 1.358e+02 1.582e+02 207 2 1 2.252e+02 2.368e+02 107 2 3 2.691e+02 2.769e+02 72 2 1 3.454e+02 3.686e+02 216 2 3 1.375e+01 2.825e+01 135 2 3 9.389e+01 1.161e+02 206 2 2 1.551e+02 1.809e+02 240 2 4 2.409e+02 2.631e+02 206 2 2 2.869e+02 3.011e+02 131 2 2 3.247e+02 3.473e+02 210 2 4 6.674e+01 1.013e+02 320 2 2 2.335e+02 2.705e+02 344 2 4 2.809e+02 3.071e+02 243 2 2 1.071e+02 1.449e+02 350 2 4 2.323e+02 2.717e+02 366 2 3 2.989e+02 3.311e+02 299 2 2 6.544e+01 1.026e+02 345 3 3 6.024e+01 6.576e+01 51 3 1 1.773e+02 2.007e+02 217
46729 12 0 2 6.647e+02 6.793e+02 136 0 4 4.487e+02 4.753e+02 247 0 4 5.793e+02 5.967e+02 162 0 4 6.629e+02 6.811e+02 169 0 3 5.490e+02 5.850e+02 335 0 1 5.930e+02 6.250e+02 296 0 4 6.170e+02 6.430e+02 242 0 3 5.896e+02 6.284e+02 360 1 2 6.114e+02 6.486e+02 346 2 3 1.204e+01 2.996e+01 166 2 4 3.219e+01 5.181e+01 182 2 1 4.563e+02 5.097e+02 496
46731 13 0 4 6.638e+02 6.802e+02 151 0 2 6.622e+02 6.818e+02 182 0 1 6.364e+02 6.656e+02 271 0 3 6.341e+02 6.679e+02 315 0 4 6.547e+02 6.893e+02 322 2 4 4.593e+02 4.647e+02 50 2 1 1.427e+02 1.513e+02 80 2 3 3.938e+02 4.042e+02 96 2 1 4.788e+02 4.872e+02 79 2 4 6.903e+01 9.897e+01 278 2 3 4.792e+02 4.868e+02 71 2 4 4.995e+02 5.085e+02 84 2 2 4.858e+02 5.222e+02 337
46732 0
46733 8 0 1 6.302e+02 6.718e+02 386 0 3 6.291e+02 6.729e+02 406 0 2 6.477e+02 6.963e+02 452 1 3 4.800e+02 4.860e+02 56 1 2 4.872e+02 5.208e+02 312 1 1 5.510e+02 5.830e+02 297 2 3 2.706e+02 2.754e+02 46 2 3 2.919e+02 3.381e+02 429
46734 8 0 3 6.068e+02 6.112e+02 40 0 1 5.551e+02 5.789e+02 221 0 4 5.793e+02 5.967e+02 161 1 3 6.039e+02 6.141e+02 96 2 4 4.130e+01 4.270e+01 13 2 2 1.594e+02 1.766e+02 159 2 3 5.095e+01 7.505e+01 224 2 1 4.947e+01 7.653e+01 251
46735 0
46736 5 0 2 6.530e+02 6.910e+02 352 2 2 3.713e+01 4.687e+01 90 2 4 3.147e+01 5.253e+01 196 2 3 9.484e+00 3.252e+01 214 2 1 3.022e+00 3.898e+01 334
46737 13 0 2 6.717e+02 6.723e+02 6 0 4 6.720e+02 6.720e+02 -16 0 1 6.412e+02 6.608e+02 181 0 2 5.409e+02 5.511e+02 95 0 2 6.253e+02 6.347e+02 87 0 3 6.440e+02 6.580e+02 130 0 1 5.557e+02 5.783e+02 210 0 4 6.227e+02 6.373e+02 136 0 1 6.349e+02 6.671e+02 299 0 3 5.557e+02 5.783e+02 210 2 3 1.428e+02 1.512e+02 79 2 3 5.346e+01 7.254e+01 177 2 2 6.912e+01 9.888e+01 276
46738 0
46739 1 2 4 6.921e+01 9.879e+01 275
46741 6 0 1 6.077e+02 6.103e+02 25 0 3 6.061e+02 6.119e+02 54 0 1 4.650e+02 5.010e+02 335 0 4 6.139e+02 6.461e+02 299 0 2 6.115e+02 6.485e+02 344 2 3 1.735e+02 2.045e+02 287
46742 1 0 3 5.859e+02 6.321e+02 429
46744 12 0 1 6.503e+02 6.517e+02 13 0 3 6.063e+02 6.117e+02 50 0 2 6.212e+02 6.388e+02 164 0 4 1.501e+02 1.859e+02 333 0 3 6.394e+02 6.626e+02 215 0 4 6.161e+02 6.439e+02 259 0 4 6.099e+02 6.501e+02 374 1 3 5.654e+02 5.686e+02 30 1 4 5.853e+02 5.907e+02 50 2 4 4.031e+01 4.369e+01 31 2 4 6.795e+01 1.000e+02 298 2 4 1.913e+02 2.287e+02 348
46747 10 0 2 4.577e+02 4.663e+02 80 0 4 4.610e+02 4.630e+02 18 0 1 4.224e+02 4.596e+02 346 0 3 4.257e+02 4.563e+02 285 1 4 4.909e+02 5.171e+02 243 1 2 6.101e+02 6.499e+02 369 2 3 3.977e+02 4.003e+02 25 2 4 1.599e+02 1.761e+02 150 2 3 5.234e+02 5.266e+02 30 3 3 1.470e+02 1.470e+02 -6
46748 19 0 3 5.223e+02 5.277e+02 50 0 4 5.880e+02 5.880e+02 -15 0 2 6.711e+02 6.729e+02 17 0 2 5.033e+02 5.047e+02 12 0 1 5.579e+02 5.761e+02 170 0 3 6.078e+02 6.102e+02 21 0 4 6.713e+02 6.727e+02 12 0 1 6.008e+02 6.172e+02 153 0 4 6.131e+02 6.469e+02 314 1 4 5.026e+02 5.054e+02 26 1 4 4.905e+02 5.175e+02 250 2 2 2.100e+02 2.100e+02 -24 2 3 5.732e+01 6.868e+01 106 2 4 2.016e+02 2.184e+02 156 2 4 3.223e+01 5.177e+01 181 2 1 2.140e+02 2.480e+02 316 2 1 5.696e+01 6.904e+01 112 2 3 1.722e+02 2.058e+02 312 2 2 3.125e+01 5.275e+01 200
46749 76 0 3 6.090e+02 6.090e+02 0 0 1 6.504e+02 6.516e+02 11 0 1 3.945e+02 4.035e+02 83 0 2 5.031e+02 5.049e+02 16 0 3 5.647e+02 5.693e+02 42 0 2 6.291e+02 6.309e+02 17 0 3 6.495e+02 6.525e+02 28 0 1 4.341e+02 4.479e+02 129 0 4 5.012e+02 5.068e+02 51 0 1 5.217e+02 5.283e+02 60 0 4 6.293e+02 6.307e+02 13 0 2 6.692e+02 6.748e+02 51 0 2 4.620e+02 4.620e+02 -2 0 3 5.225e+02 5.275e+02 47 0 4 5.869e+02 5.891e+02 20 0 4 6.688e+02 6.752e+02 60 0 1 4.773e+02 4.887e+02 106 0 1 5.589e+02 5.751e+02 150 0 1 6.079e+02 6.101e+02 20 0 3 4.780e+02 4.880e+02 93 0 2 5.307e+02 5.613e+02 284 0 1 5.968e+02 6.212e+02 226 0 2 4.492e+02 4.748e+02 238 0 3 5.076e+02 5.424e+02 324 0 3 5.911e+02 6.269e+02 333 1 4 5.880e+02 5.880e+02 -4 1 1 6.079e+02 6.101e+02 20 1 2 5.436e+02 5.484e+02 45 1 3 6.086e+02 6.094e+02 8 1 4 4.926e+02 5.154e+02 211 1 4 5.460e+02 5.460e+02 -5 1 2 6.274e+02 6.326e+02 48 1 1 5.090e+02 5.410e+02 298 1 3 5.656e+02 5.684e+02 26 1 4 6.286e+02 6.314e+02 26 2 4 3.356e+02 3.364e+02 7 2 2 8.400e+01 8.400e+01 -5 2 4 5.418e+02 5.502e+02 77 2 3 1.443e+02 1.497e+02 50 2 4 6.704e+02 6.736e+02 30 2 3 2.266e+02 2.354e+02 82 2 1 3.902e+02 4.078e+02 163 2 3 2.718e+02 2.742e+02 23 2 1 5.654e+02 5.686e+02 29 2 3 3.556e+02 3.584e+02 26 2 2 5.784e+02 5.976e+02 178 2 4 3.951e+01 4.449e+01 46 2 4 6.605e+02 6.835e+02 213 2 1 1.366e+02 1.574e+02 194 2 1 3.848e+02 4.132e+02 264 2 4 2.492e+02 2.548e+02 51 2 3 5.581e+02 5.759e+02 166 2 4 2.925e+02 2.955e+02 27 2 4 5.748e+02 6.012e+02 245 2 2 3.742e+02 3.818e+02 70 2 4 6.525e+02 6.915e+02 361 2 3 5.961e+01 6.639e+01 63 2 4 4.856e+02 5.224e+02 341 2 2 1.119e+02 1.401e+02 262 2 2 5.333e+02 5.587e+02 236 2 4 1.573e+02 1.787e+02 198 2 3 5.069e+02 5.431e+02 336 2 4 2.051e+02 2.149e+02 90 2 3 2.613e+02 2.847e+02 218 2 1 3.508e+02 3.632e+02 116 2 1 1.164e+01 3.036e+01 174 2 4 1.099e+02 1.421e+02 299 2 3 2.130e+02 2.490e+02 334 2 1 2.611e+02 2.849e+02 221 2 2 3.602e+02 3.958e+02 330 2 3 1.074e+01 3.126e+01 190 2 2 6.742e+01 1.006e+02 308 2 2 2.803e+02 3.077e+02 255 2 3 4.624e+01 7.976e+01 311 2 4 6.715e+01 1.009e+02 313 2 4 2.784e+02 3.096e+02 289
46750 2 2 2 7.944e+01 8.856e+01 85 2 3 8.824e+01 1.218e+02 311
