40323 0
40326 15 0 1 3.042e+02 3.258e+02 201 0 3 3.846e+02 4.134e+02 267 0 2 3.653e+02 3.907e+02 236 0 1 6.299e+02 6.721e+02 391 0 2 2.808e+02 3.072e+02 245 0 3 3.746e+02 4.234e+02 453 0 1 3.420e+02 3.720e+02 279 0 3 6.283e+02 6.737e+02 422 0 3 4.292e+01 8.308e+01 373 0 4 2.717e+02 3.163e+02 414 0 4 3.570e+02 3.990e+02 390 0 2 3.136e+02 3.584e+02 416 1 4 6.187e+02 6.413e+02 210 1 4 6.078e+02 6.522e+02 413 2 4 6.612e+02 6.828e+02 200
40328 4 0 3 4.830e+02 4.830e+02 -24 0 4 3.348e+02 3.372e+02 23 0 1 4.796e+02 4.864e+02 63 1 2 5.841e+02 5.919e+02 73
40329 20 0 3 2.283e+02 2.337e+02 50 0 2 5.428e+02 5.492e+02 59 0 4 3.306e+02 3.414e+02 100 0 3 6.074e+02 6.106e+02 30 0 4 2.517e+02 2.523e+02 6 0 1 5.541e+02 5.799e+02 239 0 2 2.826e+02 3.054e+02 211 0 4 6.596e+02 6.844e+02 230 0 2 1.989e+02 2.211e+02 206 0 2 6.583e+02 6.857e+02 255 0 2 2.771e+02 3.109e+02 314 0 3 5.050e+02 5.450e+02 372 0 1 2.127e+02 2.493e+02 340 2 3 1.747e+01 2.453e+01 66 2 4 1.250e+02 1.270e+02 19 2 3 5.404e+01 7.196e+01 166 2 2 7.554e+01 9.246e+01 157 2 4 1.517e+02 1.843e+02 302 2 2 2.407e+01 5.993e+01 333 2 4 6.863e+01 9.937e+01 286
40330 15 0 4 6.288e+02 6.312e+02 22 0 1 6.022e+02 6.158e+02 127 0 4 6.720e+02 6.720e+02 -19 0 3 6.028e+02 6.152e+02 116 0 3 5.542e+02 5.798e+02 238 0 2 6.198e+02 6.402e+02 189 0 4 5.801e+02 5.959e+02 146 0 4 5.727e+02 6.033e+02 285 1 4 6.245e+02 6.355e+02 103 1 1 6.014e+02 6.166e+02 141 1 3 5.984e+02 6.196e+02 197 1 2 6.194e+02 6.406e+02 197 2 2 3.152e+01 5.248e+01 195 2 4 3.255e+01 5.145e+01 176 2 1 5.805e+00 3.619e+01 282
40331 50 0 1 6.505e+02 6.515e+02 9 0 1 5.659e+02 5.681e+02 20 0 3 6.090e+02 6.090e+02 -3 0 2 6.291e+02 6.309e+02 16 0 2 6.631e+02 6.809e+02 166 0 1 4.316e+02 4.504e+02 174 0 4 6.245e+02 6.355e+02 103 0 2 6.184e+02 6.416e+02 216 0 4 6.137e+02 6.463e+02 302 0 3 5.938e+02 6.242e+02 283 0 2 6.127e+02 6.473e+02 322 1 2 5.460e+02 5.460e+02 -4 1 1 6.074e+02 6.106e+02 30 1 3 5.637e+02 5.703e+02 61 1 4 6.289e+02 6.311e+02 20 1 4 5.822e+02 5.938e+02 107 1 2 6.191e+02 6.409e+02 203 1 4 5.315e+02 5.605e+02 269 1 3 5.935e+02 6.245e+02 287 1 2 5.266e+02 5.654e+02 360 2 3 1.042e+02 1.058e+02 15 2 3 3.985e+02 3.995e+02 9 2 2 2.940e+02 2.940e+02 -5 2 4 4.618e+02 4.622e+02 4 2 3 3.546e+02 3.594e+02 44 2 2 4.133e+02 4.267e+02 125 2 3 6.203e+01 6.397e+01 18 2 2 4.608e+02 4.632e+02 23 2 4 7.612e+01 9.188e+01 146 2 1 4.358e+02 4.462e+02 97 2 3 1.890e+02 1.890e+02 -12 2 4 4.490e+02 4.750e+02 241 2 4 2.409e+02 2.631e+02 206 2 3 3.150e+02 3.150e+02 -17 2 4 3.322e+02 3.398e+02 71 2 1 5.306e+01 7.294e+01 185 2 2 1.145e+02 1.375e+02 214 2 4 1.592e+02 1.768e+02 164 2 2 1.998e+02 2.202e+02 189 2 3 2.712e+02 2.748e+02 34 2 4 3.648e+02 3.912e+02 245 2 4 2.882e+01 5.518e+01 245 2 2 7.639e+01 9.161e+01 141 2 3 1.327e+02 1.613e+02 266 2 4 2.851e+02 3.029e+02 166 2 2 3.217e+02 3.503e+02 266 2 3 9.317e+01 1.168e+02 220 2 1 1.715e+02 2.065e+02 325 2 1 3.092e+02 3.208e+02 107 2 1 3.007e+02 3.293e+02 265
40333 0
40337 5 0 1 5.654e+02 5.686e+02 30 0 4 5.865e+02 5.895e+02 27 0 3 5.510e+02 5.830e+02 298 1 4 1.603e+02 1.757e+02 142 1 3 1.385e+02 1.555e+02 158
40338 20 1 1 3.990e+02 3.990e+02 -12 2 4 8.397e+01 8.403e+01 0 2 4 2.100e+02 2.100e+02 0 2 4 4.615e+02 4.625e+02 10 2 1 6.239e+01 6.361e+01 11 2 3 5.234e+02 5.266e+02 30 2 3 1.875e+02 1.905e+02 27 2 1 2.244e+02 2.376e+02 123 2 3 5.471e+02 5.869e+02 370 2 3 6.300e+01 6.300e+01 -11 2 2 7.132e+01 9.668e+01 236 2 4 1.591e+02 1.769e+02 166 2 3 2.224e+02 2.396e+02 159 2 4 2.800e+02 3.080e+02 260 2 2 3.677e+01 4.723e+01 97 2 3 1.761e+02 2.019e+02 239 2 2 1.909e+02 2.291e+02 354 2 4 3.623e+01 4.777e+01 107 2 4 2.703e+01 5.697e+01 278 2 3 3.789e+00 3.821e+01 320
40341 3 0 1 4.801e+02 4.859e+02 55 0 2 4.484e+02 4.756e+02 252 0 4 4.504e+02 4.736e+02 216
40343 37 0 1 6.496e+02 6.524e+02 26 0 3 6.503e+02 6.517e+02 14 0 3 5.643e+02 5.697e+02 50 0 2 6.618e+02 6.822e+02 190 0 1 4.303e+02 4.517e+02 198 0 4 5.742e+02 6.018e+02 257 0 4 6.603e+02 6.837e+02 218 0 3 4.267e+02 4.553e+02 266 0 1 5.908e+02 6.272e+02 337 1 3 4.398e+02 4.422e+02 22 1 2 6.240e+02 6.360e+02 110 2 2 4.107e+01 4.293e+01 17 2 3 3.983e+02 3.997e+02 13 2 3 1.018e+02 1.082e+02 59 2 1 1.873e+02 1.907e+02 31 2 4 6.620e+02 6.820e+02 186 2 1 2.303e+02 2.317e+02 14 2 1 3.111e+02 3.189e+02 73 2 1 3.878e+02 4.102e+02 209 2 2 3.318e+02 3.402e+02 79 2 2 4.087e+02 4.313e+02 210 2 1 6.006e+01 6.594e+01 55 2 4 1.227e+02 1.293e+02 62 2 3 1.869e+02 1.911e+02 40 2 4 2.479e+02 2.561e+02 76 2 3 2.660e+02 2.800e+02 130 2 3 5.898e+01 6.702e+01 75 2 2 1.180e+02 1.340e+02 148 2 1 1.394e+02 1.546e+02 140 2 3 2.268e+02 2.352e+02 78 2 1 2.645e+02 2.815e+02 157 2 1 3.433e+02 3.707e+02 254 2 4 3.403e+01 4.997e+01 148 2 4 1.107e+02 1.413e+02 284 2 3 1.327e+02 1.613e+02 265 3 2 1.200e+02 1.320e+02 111 3 2 3.188e+01 5.212e+01 188
40344 14 0 2 1.244e+02 1.276e+02 29 0 2 6.671e+02 6.769e+02 90 0 2 1.116e+02 1.404e+02 267 0 4 6.564e+02 6.876e+02 289 2 3 4.827e+02 4.833e+02 6 2 4 1.657e+02 1.703e+02 43 2 4 2.460e+02 2.580e+02 112 2 4 2.924e+02 2.956e+02 30 2 3 4.704e+02 4.956e+02 234 2 4 3.798e+01 4.602e+01 75 2 4 1.233e+02 1.287e+02 50 2 4 8.070e+01 8.730e+01 61 2 4 1.499e+02 1.861e+02 336 2 4 1.092e+02 1.428e+02 312
40345 10 0 4 4.618e+02 4.622e+02 4 0 4 4.867e+02 5.213e+02 322 2 3 1.954e+01 2.246e+01 27 2 4 1.244e+02 1.276e+02 30 2 4 6.720e+02 6.720e+02 0 2 3 2.310e+02 2.310e+02 0 2 4 2.863e+02 3.017e+02 142 2 3 1.856e+02 1.924e+02 63 2 1 3.130e+02 3.170e+02 38 2 3 3.111e+02 3.189e+02 72
40347 0
40349 5 0 1 6.013e+02 6.167e+02 144 0 3 5.968e+02 6.212e+02 227 0 2 6.088e+02 6.512e+02 394 0 4 6.139e+02 6.461e+02 300 2 3 1.268e+02 1.672e+02 376
40350 4 0 4 2.723e+02 3.157e+02 402 2 3 3.144e+02 3.156e+02 11 2 4 3.316e+02 3.404e+02 81 2 3 3.371e+02 3.769e+02 369
40351 0
40352 14 0 2 6.278e+02 6.322e+02 41 0 4 6.270e+02 6.330e+02 56 0 3 6.064e+02 6.116e+02 49 0 1 5.961e+02 6.219e+02 239 0 4 6.111e+02 6.489e+02 350 1 3 5.469e+02 5.871e+02 374 1 1 5.890e+02 6.290e+02 371 1 4 5.614e+02 6.146e+02 495 1 3 5.826e+02 6.354e+02 490 2 2 3.991e+01 4.409e+01 39 2 4 3.771e+01 4.629e+01 80 2 3 3.204e+00 3.880e+01 330 2 1 4.300e+01 8.300e+01 371 3 2 6.921e+01 9.879e+01 275
40353 21 0 4 5.020e+02 5.060e+02 36 0 1 5.236e+02 5.264e+02 26 0 1 6.067e+02 6.113e+02 43 0 1 6.412e+02 6.608e+02 182 0 2 5.021e+02 5.059e+02 35 0 1 5.638e+02 5.702e+02 60 0 3 6.067e+02 6.113e+02 43 0 3 6.432e+02 6.588e+02 145 0 4 4.858e+02 5.222e+02 337 0 1 5.136e+02 5.364e+02 212 0 2 6.267e+02 6.333e+02 61 0 2 6.529e+02 6.911e+02 355 0 1 4.673e+02 4.987e+02 292 0 3 5.132e+02 5.368e+02 220 0 4 6.192e+02 6.408e+02 200 0 2 6.170e+02 6.430e+02 240 0 4 5.708e+02 6.052e+02 320 0 1 5.935e+02 6.245e+02 288 2 1 6.212e+01 6.388e+01 16 2 3 1.761e+01 2.439e+01 63 2 2 3.381e+01 5.019e+01 152
40358 6 0 4 6.711e+02 6.729e+02 17 0 2 6.674e+02 6.766e+02 85 0 4 5.728e+02 6.032e+02 282 0 1 6.360e+02 6.660e+02 279 0 4 4.967e+02 5.113e+02 136 0 3 6.342e+02 6.678e+02 312
40362 6 0 2 5.255e+02 5.665e+02 380 0 1 5.055e+02 5.445e+02 362 0 2 6.451e+02 6.989e+02 499 2 1 2.100e+01 2.100e+01 -0 2 3 3.526e+02 3.614e+02 82 2 4 3.208e+02 3.512e+02 283
40363 1 0 4 6.596e+02 6.844e+02 230
40364 0
40365 2 0 4 6.223e+02 6.377e+02 143 0 3 5.981e+02 6.199e+02 202
40366 26 0 4 6.677e+02 6.763e+02 80 0 1 4.768e+02 4.892e+02 115 0 1 5.558e+02 5.782e+02 208 0 2 6.201e+02 6.399e+02 183 0 1 6.450e+02 6.570e+02 112 0 4 6.167e+02 6.433e+02 247 0 3 6.455e+02 6.565e+02 101 0 2 6.655e+02 6.785e+02 120 0 1 6.388e+02 6.632e+02 226 1 3 6.083e+02 6.097e+02 12 1 2 5.831e+02 5.929e+02 91 1 4 6.291e+02 6.309e+02 17 1 1 5.560e+02 5.780e+02 205 2 2 4.148e+01 4.252e+01 10 2 4 8.325e+01 8.475e+01 14 2 4 3.964e+01 4.436e+01 44 2 3 9.483e+01 1.152e+02 189 2 2 2.088e+02 2.112e+02 21 2 1 9.887e+00 3.211e+01 206 2 2 7.491e+01 9.309e+01 169 2 4 2.023e+02 2.177e+02 144 2 3 1.168e+01 3.032e+01 173 2 3 1.708e+02 2.072e+02 337 2 1 2.139e+02 2.481e+02 317 2 4 2.766e+01 5.634e+01 266 2 1 4.408e+01 8.192e+01 351
40367 11 0 2 6.253e+02 6.347e+02 87 0 1 6.452e+02 6.568e+02 108 0 1 6.374e+02 6.646e+02 252 0 3 6.382e+02 6.638e+02 237 1 3 5.657e+02 5.683e+02 24 1 2 5.855e+02 5.905e+02 47 1 3 6.035e+02 6.145e+02 101 1 3 5.941e+02 6.239e+02 277 2 4 2.439e+02 2.601e+02 150 2 2 5.826e+01 1.097e+02 478 2 4 5.988e+01 1.081e+02 448
