46528 5 1 4 6.198e+02 6.402e+02 189 2 4 1.087e+02 1.433e+02 322 2 2 1.906e+02 2.294e+02 360 3 4 4.182e+02 4.218e+02 33 3 1 4.788e+02 4.872e+02 77
46529 0
46530 3 1 3 6.068e+02 6.112e+02 41 1 4 6.195e+02 6.405e+02 195 2 4 2.815e+02 3.065e+02 231
46533 3 0 1 5.641e+02 5.699e+02 55 2 4 1.231e+02 1.289e+02 54 2 2 8.079e+01 8.721e+01 60
46535 54 0 4 3.452e+01 4.948e+01 139 0 2 5.040e+02 5.040e+02 -10 0 1 5.246e+02 5.254e+02 7 0 3 6.090e+02 6.090e+02 -8 0 1 4.797e+02 4.863e+02 62 0 1 6.483e+02 6.537e+02 50 0 4 6.300e+02 6.300e+02 -23 0 4 6.683e+02 6.757e+02 69 0 1 6.071e+02 6.109e+02 36 0 2 6.640e+02 6.800e+02 149 0 2 6.153e+02 6.447e+02 272 0 4 6.144e+02 6.456e+02 290 1 4 6.300e+02 6.300e+02 -0 1 1 6.090e+02 6.090e+02 -12 1 1 5.540e+02 5.800e+02 241 1 3 6.075e+02 6.105e+02 27 1 3 5.536e+02 5.804e+02 249 1 2 6.298e+02 6.302e+02 3 1 3 6.021e+02 6.159e+02 128 1 1 5.939e+02 6.241e+02 280 2 1 2.100e+01 2.100e+01 -13 2 3 1.030e+02 1.070e+02 38 2 4 5.877e+02 5.883e+02 5 2 1 1.470e+02 1.470e+02 -10 2 3 6.500e+02 6.520e+02 19 2 4 3.766e+02 3.794e+02 26 2 4 4.200e+01 4.200e+01 -9 2 1 3.954e+02 4.026e+02 67 2 4 1.187e+02 1.333e+02 136 2 2 6.281e+02 6.319e+02 36 2 3 1.470e+02 1.470e+02 -24 2 4 6.698e+02 6.742e+02 40 2 1 6.300e+01 6.300e+01 -14 2 2 7.657e+01 9.143e+01 138 2 3 3.904e+02 4.076e+02 159 2 2 1.656e+02 1.704e+02 44 2 2 3.606e+02 3.954e+02 323 2 3 6.015e+01 6.585e+01 53 2 2 1.186e+02 1.334e+02 137 2 4 1.668e+02 1.692e+02 23 2 1 1.285e+01 2.915e+01 151 2 3 9.048e+01 1.195e+02 270 2 1 1.829e+02 1.951e+02 113 2 3 1.263e+01 2.937e+01 156 2 3 1.829e+02 1.951e+02 114 2 2 3.367e+01 5.033e+01 155 2 1 1.752e+02 2.028e+02 256 2 4 3.004e+01 5.396e+01 222 2 1 1.327e+02 1.613e+02 266 3 3 2.075e+01 2.125e+01 5 3 4 4.161e+01 4.239e+01 7 3 1 9.945e+01 1.105e+02 103 3 3 6.300e+01 6.300e+01 -0 3 2 8.303e+01 8.497e+01 18
46536 19 0 4 5.835e+02 5.925e+02 84 0 1 6.018e+02 6.162e+02 133 0 3 4.261e+02 4.559e+02 277 0 2 4.873e+02 5.207e+02 310 0 2 6.118e+02 6.482e+02 338 0 2 6.525e+02 6.915e+02 361 1 3 5.631e+02 5.709e+02 73 1 1 1.853e+02 1.927e+02 68 1 3 6.032e+02 6.148e+02 108 1 2 5.803e+02 5.957e+02 144 1 4 6.217e+02 6.383e+02 155 1 3 5.492e+02 5.848e+02 330 1 3 5.925e+02 6.255e+02 306 1 4 5.738e+02 6.022e+02 263 2 4 3.709e+02 3.851e+02 131 2 3 1.797e+02 1.983e+02 172 2 2 1.503e+02 1.857e+02 329 2 4 1.453e+02 1.907e+02 422 2 1 1.254e+02 1.686e+02 401
46537 5 0 4 3.343e+02 3.377e+02 32 2 3 1.469e+01 2.731e+01 117 2 2 3.654e+01 4.746e+01 101 2 1 2.665e+00 3.933e+01 340 2 4 2.156e+01 6.244e+01 380
46538 6 0 4 4.174e+02 4.226e+02 49 0 1 3.904e+02 4.076e+02 160 1 2 6.289e+02 6.311e+02 20 1 4 5.004e+02 5.076e+02 67 1 4 6.155e+02 6.445e+02 269 1 1 5.950e+02 6.230e+02 260
46539 21 0 1 4.662e+02 4.998e+02 312 0 2 6.190e+02 6.410e+02 204 0 2 4.404e+02 4.836e+02 401 0 4 3.946e+02 4.454e+02 472 0 4 4.365e+02 4.875e+02 473 0 4 6.485e+02 6.955e+02 436 0 1 4.578e+02 5.082e+02 469 1 2 6.039e+02 6.561e+02 486 1 4 6.051e+02 6.549e+02 463 2 4 3.749e+01 4.651e+01 84 2 2 7.029e+01 9.771e+01 255 2 1 1.377e+02 1.563e+02 173 2 4 3.251e+02 3.469e+02 202 2 4 2.685e+01 5.715e+01 281 2 4 7.047e+01 9.753e+01 251 2 2 1.547e+02 1.813e+02 247 2 1 4.489e+01 8.111e+01 336 2 3 8.747e+01 1.225e+02 326 2 3 -4.604e+00 4.660e+01 476 2 4 1.097e+02 1.423e+02 302 2 2 6.275e+01 1.052e+02 395
46541 7 0 3 6.348e+02 6.672e+02 301 1 2 6.300e+02 6.300e+02 -10 1 1 5.207e+02 5.293e+02 80 1 4 6.271e+02 6.329e+02 54 1 3 6.063e+02 6.117e+02 50 1 4 6.205e+02 6.395e+02 177 1 3 5.943e+02 6.237e+02 273
46543 3 0 4 5.859e+02 5.901e+02 39 2 1 5.003e+02 5.497e+02 459 2 4 4.361e+02 4.879e+02 480
46544 11 0 3 4.769e+02 4.891e+02 113 0 2 4.521e+02 4.719e+02 184 0 4 4.427e+02 4.813e+02 358 1 1 6.063e+02 6.117e+02 50 1 4 2.780e+02 3.100e+02 298 1 3 6.008e+02 6.172e+02 153 1 2 6.167e+02 6.433e+02 246 1 4 6.204e+02 6.396e+02 178 2 2 2.471e+02 2.569e+02 90 2 4 5.036e+02 5.044e+02 8 2 3 5.228e+02 5.272e+02 40
46547 3 2 4 6.140e+01 1.066e+02 420 2 3 8.424e+01 1.258e+02 386 3 1 2.215e+02 2.405e+02 177
46548 20 0 1 6.477e+02 6.543e+02 61 0 1 4.800e+02 4.860e+02 56 0 2 6.629e+02 6.811e+02 170 0 3 4.734e+02 4.926e+02 179 0 4 6.630e+02 6.810e+02 166 1 2 2.032e+02 2.168e+02 126 1 2 6.182e+02 6.418e+02 219 1 1 1.667e+02 2.113e+02 414 1 3 2.074e+02 2.546e+02 438 2 2 5.010e+02 5.070e+02 56 2 1 5.167e+02 5.333e+02 155 2 4 5.030e+02 5.050e+02 18 2 3 5.079e+02 5.421e+02 317 3 4 4.584e+02 4.656e+02 67 3 1 4.783e+02 4.877e+02 88 3 2 4.176e+02 4.224e+02 44 3 1 4.731e+02 4.929e+02 185 3 4 4.174e+02 4.226e+02 49 3 1 4.257e+02 4.563e+02 284 3 2 4.438e+02 4.802e+02 338
46549 5 1 4 6.202e+02 6.398e+02 181 2 1 6.079e+02 6.101e+02 20 2 3 5.608e+02 5.732e+02 115 2 2 5.851e+02 5.909e+02 53 2 4 5.375e+02 5.545e+02 158
46550 3 1 1 4.804e+02 4.856e+02 49 1 4 6.188e+02 6.412e+02 208 1 4 5.713e+02 6.047e+02 310
46552 5 2 2 7.433e+01 9.367e+01 180 2 2 2.012e+01 6.388e+01 406 2 4 2.398e+01 6.002e+01 335 2 1 3.995e+01 8.605e+01 428 2 3 3.771e+01 8.829e+01 470
46554 45 0 1 2.277e+02 2.343e+02 61 0 1 6.495e+02 6.525e+02 28 0 2 3.764e+02 3.796e+02 30 0 4 2.505e+02 2.535e+02 27 0 2 6.652e+02 6.788e+02 126 0 4 3.671e+02 3.889e+02 202 0 3 3.860e+02 4.120e+02 242 0 3 2.193e+02 2.427e+02 217 0 1 5.959e+02 6.221e+02 244 0 1 3.407e+02 3.733e+02 302 0 4 6.632e+02 6.808e+02 164 0 2 2.363e+02 2.677e+02 291 0 2 4.846e+02 5.234e+02 360 0 2 6.539e+02 6.901e+02 336 1 2 6.279e+02 6.321e+02 40 1 2 5.867e+02 5.893e+02 25 1 1 6.062e+02 6.118e+02 52 1 2 5.416e+02 5.504e+02 82 1 3 5.982e+02 6.198e+02 200 1 4 5.420e+02 5.500e+02 75 1 2 6.164e+02 6.436e+02 252 1 1 5.589e+02 5.751e+02 150 1 4 5.763e+02 5.997e+02 216 1 3 5.511e+02 5.829e+02 296 1 2 5.680e+02 6.080e+02 372 1 1 5.470e+02 5.870e+02 370 2 2 4.184e+01 4.216e+01 3 2 4 5.005e+02 5.075e+02 66 2 1 1.458e+02 1.482e+02 23 2 3 5.246e+02 5.254e+02 8 2 2 2.076e+02 2.124e+02 45 2 1 4.784e+02 4.876e+02 86 2 3 8.319e+00 3.368e+01 236 2 2 5.373e+02 5.547e+02 162 2 3 1.823e+02 1.957e+02 124 2 2 4.482e+02 4.758e+02 257 2 4 2.072e+02 2.128e+02 51 2 1 5.058e+02 5.442e+02 357 2 4 2.941e+01 5.459e+01 234 2 4 4.515e+02 4.725e+02 195 2 3 2.122e+02 2.498e+02 349 2 4 4.427e+02 4.813e+02 358 2 1 4.619e+01 7.981e+01 312 2 3 4.642e+02 5.018e+02 349 3 2 3.657e+02 3.903e+02 229
46555 0
46558 8 0 2 4.981e+02 5.099e+02 110 0 3 5.156e+02 5.344e+02 174 0 4 4.893e+02 5.187e+02 274 0 1 5.071e+02 5.429e+02 332 2 2 3.628e+01 4.772e+01 106 2 3 1.097e+01 3.103e+01 186 2 4 2.937e+01 5.463e+01 235 2 1 4.059e+00 3.794e+01 315
46559 2 2 3 4.399e+02 4.421e+02 21 2 4 4.136e+02 4.264e+02 119
46563 0
46565 1 2 1 2.136e+02 2.484e+02 323
46566 0
46567 0
46568 1 0 2 4.467e+02 4.773e+02 284
46570 8 0 2 6.219e+02 6.381e+02 150 0 3 4.374e+02 4.446e+02 67 0 4 4.551e+02 4.689e+02 128 0 1 5.970e+02 6.210e+02 223 0 2 6.530e+02 6.910e+02 352 1 2 2.770e+02 3.110e+02 316 1 1 2.987e+02 3.313e+02 303 2 4 1.253e+02 1.267e+02 14
46571 13 0 3 6.090e+02 6.090e+02 -7 0 2 6.279e+02 6.321e+02 40 0 2 6.672e+02 6.768e+02 90 0 4 6.295e+02 6.305e+02 10 0 1 6.029e+02 6.151e+02 114 0 3 5.990e+02 6.190e+02 186 2 4 4.036e+01 4.364e+01 30 2 3 1.380e+02 1.560e+02 166 2 3 9.709e+00 3.229e+01 210 2 4 1.606e+02 1.754e+02 138 2 4 2.878e+01 5.522e+01 246 2 1 1.762e+02 2.018e+02 237 2 1 5.940e+00 3.606e+01 280
46572 13 0 2 5.430e+02 5.490e+02 56 0 4 2.889e+02 2.991e+02 96 0 1 5.638e+02 5.702e+02 60 0 1 5.957e+02 6.223e+02 247 0 3 2.547e+02 2.913e+02 340 0 3 5.484e+02 5.856e+02 345 0 2 6.111e+02 6.489e+02 350 0 4 6.096e+02 6.504e+02 378 2 3 1.854e+02 1.926e+02 67 2 1 9.665e+00 3.233e+01 210 2 4 1.490e+02 1.870e+02 353 2 2 1.952e+02 2.248e+02 275 2 1 2.166e+02 2.454e+02 268
46573 2 0 3 4.804e+02 4.856e+02 49 2 3 4.798e+01 7.802e+01 279
46575 10 0 1 4.808e+02 4.852e+02 41 0 3 4.749e+02 4.911e+02 150 0 2 4.933e+02 5.147e+02 198 0 4 4.964e+02 5.116e+02 140 1 3 5.649e+02 5.691e+02 40 1 2 5.851e+02 5.909e+02 54 1 4 5.880e+02 5.880e+02 -3 1 4 5.755e+02 6.005e+02 231 1 3 5.522e+02 5.818e+02 275 1 2 5.734e+02 6.026e+02 270
46576 12 2 1 2.299e+02 2.321e+02 20 2 3 5.687e+01 6.913e+01 114 2 1 3.965e+02 4.015e+02 47 2 2 8.200e+01 8.600e+01 37 2 4 3.731e+01 4.669e+01 87 2 3 5.554e+02 5.786e+02 216 2 3 9.533e+01 1.147e+02 180 2 2 1.990e+02 2.210e+02 204 2 4 7.253e+01 9.547e+01 213 2 4 1.995e+02 2.205e+02 196 2 3 2.127e+02 2.493e+02 340 3 3 1.065e+01 3.135e+01 192
46578 0
46579 2 2 3 5.634e+02 5.706e+02 67 2 4 5.786e+02 5.974e+02 175
46580 6 1 3 6.076e+02 6.104e+02 26 2 4 4.175e+01 4.225e+01 5 2 1 6.140e+01 6.460e+01 30 2 1 5.064e+01 7.536e+01 230 2 3 4.978e+01 7.622e+01 246 2 2 2.842e+01 5.558e+01 252
46581 10 1 4 2.059e+02 2.141e+02 76 3 2 4.098e+01 4.302e+01 19 3 1 1.042e+02 1.058e+02 15 3 3 1.550e+01 2.650e+01 102 3 3 1.004e+02 1.096e+02 86 3 1 4.728e+00 3.727e+01 302 3 4 1.136e+02 1.384e+02 230 3 3 5.211e+01 7.389e+01 202 3 4 2.411e+01 5.989e+01 332 3 2 1.096e+02 1.424e+02 304
46582 8 0 1 4.651e+02 5.009e+02 332 0 3 5.526e+02 5.814e+02 268 0 4 6.551e+02 6.889e+02 313 0 4 4.830e+02 5.250e+02 390 0 1 5.469e+02 5.871e+02 374 0 3 4.586e+02 5.074e+02 453 1 4 6.122e+02 6.478e+02 331 2 4 1.023e+02 1.497e+02 440
