35426 4 0 4 6.713e+02 6.727e+02 13 0 2 6.666e+02 6.774e+02 100 0 4 6.646e+02 6.794e+02 138 2 4 5.393e+02 5.527e+02 125
35427 0
35429 12 0 4 3.780e+02 3.780e+02 -3 0 4 4.143e+02 4.257e+02 106 0 3 3.850e+02 4.130e+02 260 1 4 5.862e+02 5.898e+02 34 1 4 6.070e+02 6.530e+02 427 2 4 4.200e+01 4.200e+01 -2 2 2 2.936e+02 2.944e+02 7 2 3 1.945e+01 2.255e+01 29 2 3 2.609e+02 2.851e+02 226 2 3 4.942e+01 7.658e+01 252 2 4 2.804e+02 3.076e+02 252 2 1 3.002e+02 3.298e+02 275
35430 0
35433 37 0 4 4.596e+02 4.644e+02 44 0 1 6.057e+02 6.123e+02 61 0 1 4.395e+02 4.425e+02 27 0 3 6.009e+02 6.171e+02 150 0 3 4.269e+02 4.551e+02 262 0 2 4.951e+02 5.129e+02 165 0 1 5.130e+02 5.370e+02 223 0 4 6.203e+02 6.397e+02 180 0 4 4.941e+02 5.139e+02 184 0 3 5.141e+02 5.359e+02 202 0 2 4.499e+02 4.741e+02 225 1 1 5.568e+02 5.772e+02 190 1 1 6.052e+02 6.128e+02 70 1 2 5.360e+02 5.560e+02 186 1 3 6.060e+02 6.120e+02 56 1 2 6.167e+02 6.433e+02 246 2 4 1.676e+02 1.684e+02 8 2 4 2.478e+02 2.562e+02 78 2 3 3.143e+02 3.157e+02 13 2 2 3.328e+02 3.392e+02 59 2 4 4.045e+01 4.355e+01 29 2 2 1.251e+02 1.269e+02 16 2 1 2.636e+02 2.824e+02 176 2 2 3.213e+02 3.507e+02 272 2 3 1.922e+01 2.278e+01 33 2 3 1.765e+02 2.015e+02 231 2 2 2.330e+02 2.710e+02 353 2 3 2.648e+02 2.812e+02 153 2 2 3.551e+01 4.849e+01 120 2 4 1.094e+02 1.426e+02 309 2 2 1.525e+02 1.835e+02 287 2 4 2.825e+02 3.055e+02 213 2 1 5.121e+01 7.479e+01 219 2 1 1.281e+02 1.659e+02 351 2 1 3.007e+02 3.293e+02 266 2 3 4.713e+01 7.887e+01 295 2 2 2.741e+02 3.139e+02 370
35434 35 0 3 4.819e+02 4.841e+02 21 0 2 4.994e+02 5.086e+02 86 0 3 5.161e+02 5.339e+02 166 0 4 5.838e+02 5.922e+02 78 0 1 4.731e+02 4.929e+02 183 0 1 5.536e+02 5.804e+02 249 0 3 5.911e+02 6.269e+02 332 0 3 4.692e+02 4.968e+02 257 0 4 4.920e+02 5.160e+02 223 0 1 4.645e+02 5.015e+02 344 1 3 5.250e+02 5.250e+02 -9 1 2 6.291e+02 6.309e+02 17 1 2 5.848e+02 5.912e+02 59 1 4 6.263e+02 6.337e+02 69 1 2 4.905e+02 5.175e+02 250 1 2 6.175e+02 6.425e+02 231 1 1 5.974e+02 6.206e+02 216 1 3 5.908e+02 6.272e+02 337 1 4 6.144e+02 6.456e+02 290 2 1 2.061e+01 2.139e+01 7 2 4 4.200e+02 4.200e+02 -10 2 2 8.397e+01 8.403e+01 0 2 1 4.402e+02 4.418e+02 15 2 3 1.536e+01 2.664e+01 105 2 4 8.182e+01 8.618e+01 40 2 3 4.331e+02 4.489e+02 146 2 1 1.182e+01 3.018e+01 170 2 1 4.251e+02 4.569e+02 295 2 2 1.210e+02 1.310e+02 93 2 3 1.273e+02 1.667e+02 366 2 2 2.416e+01 5.984e+01 331 2 4 1.138e+02 1.382e+02 227 2 4 2.882e+01 5.518e+01 245 2 3 9.057e+01 1.194e+02 268 3 1 3.127e+02 3.173e+02 43
35436 9 0 1 6.077e+02 6.103e+02 24 0 3 6.036e+02 6.144e+02 100 0 1 6.312e+02 6.708e+02 368 0 2 6.271e+02 6.329e+02 55 0 3 6.347e+02 6.673e+02 303 0 4 6.242e+02 6.358e+02 107 0 2 6.131e+02 6.469e+02 313 1 2 3.596e+02 3.964e+02 341 2 1 9.575e+00 3.243e+01 212
35439 7 0 1 5.198e+02 5.302e+02 97 0 3 5.198e+02 5.302e+02 96 0 2 5.364e+02 5.556e+02 179 1 3 4.830e+02 4.830e+02 -7 1 1 4.828e+02 4.832e+02 5 1 2 4.476e+02 4.764e+02 268 1 4 4.473e+02 4.767e+02 274
35440 4 0 3 4.775e+02 4.885e+02 102 0 3 4.651e+02 5.009e+02 333 0 3 5.082e+02 5.418e+02 311 0 4 4.428e+02 4.812e+02 356
35441 19 2 4 8.400e+01 8.400e+01 -0 2 4 3.776e+02 3.784e+02 8 2 3 1.026e+02 1.074e+02 44 2 2 3.651e+02 3.909e+02 239 2 1 3.973e+02 4.007e+02 32 2 2 8.254e+01 8.546e+01 27 2 3 2.581e+02 2.879e+02 277 2 4 1.156e+02 1.364e+02 193 2 3 3.866e+02 4.114e+02 230 2 2 1.078e+02 1.442e+02 338 3 1 1.644e+01 2.556e+01 85 3 2 3.955e+01 4.445e+01 46 3 2 3.732e+02 3.828e+02 89 3 3 1.846e+01 2.354e+01 47 3 4 3.614e+01 4.786e+01 109 3 3 3.385e+02 3.755e+02 343 3 1 1.052e+01 3.148e+01 195 3 4 2.941e+01 5.459e+01 234 3 3 4.641e+00 3.736e+01 304
35442 0
35446 21 0 1 4.372e+01 8.228e+01 358 0 3 4.393e+02 4.427e+02 32 0 2 5.425e+02 5.495e+02 66 0 3 6.020e+02 6.160e+02 130 0 3 6.507e+02 6.513e+02 6 0 3 3.990e+02 3.990e+02 0 0 2 4.878e+02 5.202e+02 301 0 1 5.576e+02 5.764e+02 174 0 2 6.247e+02 6.353e+02 98 0 2 6.717e+02 6.723e+02 6 0 1 4.313e+02 4.507e+02 180 0 4 4.463e+02 4.777e+02 292 0 1 5.182e+02 5.318e+02 127 0 4 6.201e+02 6.399e+02 183 0 1 3.913e+02 4.067e+02 142 0 3 5.525e+02 5.815e+02 270 0 1 5.975e+02 6.205e+02 214 0 4 4.030e+02 4.370e+02 316 0 3 5.055e+02 5.445e+02 361 0 2 6.118e+02 6.482e+02 337 0 3 5.908e+02 6.272e+02 338
35447 3 0 3 1.765e+01 2.435e+01 62 1 3 4.762e+02 4.898e+02 126 1 4 4.864e+02 5.216e+02 327
35450 3 0 2 6.715e+02 6.725e+02 10 0 4 6.679e+02 6.761e+02 76 0 1 6.332e+02 6.688e+02 331
35453 15 0 4 6.287e+02 6.313e+02 24 0 1 1.846e+02 1.934e+02 81 0 2 6.246e+02 6.354e+02 100 0 3 2.215e+02 2.405e+02 176 0 4 2.022e+02 2.178e+02 145 0 4 4.114e+02 4.286e+02 160 0 1 5.975e+02 6.205e+02 214 0 1 6.494e+02 6.526e+02 30 0 3 3.878e+02 4.102e+02 209 0 3 5.934e+02 6.246e+02 290 0 3 6.475e+02 6.545e+02 65 0 4 6.658e+02 6.782e+02 115 0 2 6.620e+02 6.820e+02 186 0 1 6.367e+02 6.653e+02 265 2 3 1.155e+01 3.045e+01 176
35454 8 2 2 1.630e+02 1.730e+02 93 2 2 2.085e+02 2.115e+02 28 2 2 1.176e+02 1.344e+02 156 2 3 1.796e+02 1.984e+02 174 2 1 2.192e+02 2.428e+02 220 2 4 1.167e+02 1.353e+02 173 2 4 1.917e+02 2.283e+02 340 2 3 9.156e+01 1.184e+02 250
35456 4 0 1 1.686e+02 2.094e+02 380 0 2 6.099e+02 6.501e+02 373 1 4 5.777e+02 5.983e+02 191 1 1 4.236e+02 4.584e+02 324
35458 3 1 4 6.128e+02 6.472e+02 319 1 3 1.636e+02 2.144e+02 472 1 4 6.032e+02 6.568e+02 497
35463 1 2 1 4.298e+02 4.522e+02 209
35464 30 0 1 5.646e+02 5.694e+02 45 0 3 6.090e+02 6.090e+02 -13 0 3 5.621e+02 5.719e+02 91 0 2 3.262e+02 3.458e+02 182 0 4 6.292e+02 6.308e+02 16 0 4 3.234e+02 3.486e+02 235 0 4 4.503e+02 4.737e+02 217 0 1 5.565e+02 5.775e+02 195 0 4 5.742e+02 6.018e+02 256 0 3 5.479e+02 5.861e+02 356 1 2 6.296e+02 6.304e+02 7 1 2 4.609e+02 4.631e+02 20 1 4 5.855e+02 5.905e+02 46 1 1 6.081e+02 6.099e+02 17 1 1 5.616e+02 5.724e+02 100 1 3 6.068e+02 6.112e+02 40 1 1 5.112e+02 5.388e+02 257 1 2 5.838e+02 5.922e+02 78 1 2 6.145e+02 6.455e+02 287 1 1 5.561e+02 5.779e+02 203 1 4 6.191e+02 6.409e+02 202 1 3 5.501e+02 5.839e+02 314 1 3 5.914e+02 6.266e+02 326 1 2 5.694e+02 6.066e+02 346 2 3 1.810e+02 1.970e+02 148 2 2 2.055e+02 2.145e+02 84 2 1 5.984e+00 3.602e+01 279 2 4 1.963e+02 2.237e+02 255 2 3 1.723e+00 4.028e+01 358 3 2 3.425e+01 4.975e+01 144
35465 56 0 1 6.505e+02 6.515e+02 9 0 1 6.052e+02 6.128e+02 70 0 2 1.234e+02 1.286e+02 49 0 3 6.500e+02 6.520e+02 19 0 2 3.675e+02 3.885e+02 196 0 2 5.400e+02 5.520e+02 110 0 2 6.244e+02 6.356e+02 105 0 2 6.700e+02 6.740e+02 36 0 4 4.101e+02 4.299e+02 185 0 2 6.136e+02 6.464e+02 304 0 4 6.687e+02 6.753e+02 62 0 1 4.327e+02 4.493e+02 154 0 1 5.044e+02 5.456e+02 383 0 4 6.112e+02 6.488e+02 350 0 2 6.604e+02 6.836e+02 215 0 1 6.321e+02 6.699e+02 351 1 3 6.078e+02 6.102e+02 21 1 2 6.285e+02 6.315e+02 27 1 2 6.149e+02 6.451e+02 280 1 3 3.388e+02 3.752e+02 338 2 4 3.357e+02 3.363e+02 6 2 4 5.431e+02 5.489e+02 54 2 4 8.357e+01 8.443e+01 8 2 4 6.264e+02 6.336e+02 67 2 2 1.660e+02 1.700e+02 38 2 4 2.507e+02 2.533e+02 25 2 4 4.183e+02 4.217e+02 32 2 3 3.108e+02 3.192e+02 79 2 4 5.840e+02 5.920e+02 74 2 4 4.143e+01 4.257e+01 10 2 3 6.451e+02 6.569e+02 109 2 2 1.233e+02 1.287e+02 50 2 1 1.886e+02 1.894e+02 7 2 3 3.962e+02 4.018e+02 51 2 1 3.047e+02 3.253e+02 190 2 1 6.406e+02 6.614e+02 194 2 2 3.234e+02 3.486e+02 235 2 2 3.071e+01 5.329e+01 210 2 2 6.531e+02 6.909e+02 350 2 3 9.986e+01 1.101e+02 96 2 3 1.324e+02 1.616e+02 271 2 1 2.605e+02 2.855e+02 231 2 4 3.599e+02 3.961e+02 336 2 3 4.457e+01 8.143e+01 342 2 2 7.527e+01 9.273e+01 162 2 4 1.554e+02 1.806e+02 234 2 3 2.635e+02 2.825e+02 176 2 4 3.169e+02 3.551e+02 354 2 3 3.113e+00 3.889e+01 332 2 3 9.084e+01 1.192e+02 263 2 2 2.742e+02 3.138e+02 368 2 4 1.115e+02 1.405e+02 269 2 2 6.575e+01 1.022e+02 339 3 4 3.309e+01 5.091e+01 166 3 3 5.871e+01 6.729e+01 80 3 2 7.123e+01 9.677e+01 237
35466 5 0 2 6.170e+02 6.430e+02 242 0 3 6.347e+02 6.673e+02 303 0 2 6.602e+02 6.838e+02 220 0 4 6.542e+02 6.898e+02 330 0 1 6.248e+02 6.772e+02 486
35468 17 0 3 4.830e+02 4.830e+02 -4 0 1 4.830e+02 4.830e+02 -14 0 3 5.657e+02 5.683e+02 25 0 1 6.071e+02 6.109e+02 36 0 2 6.665e+02 6.775e+02 102 0 1 5.638e+02 5.702e+02 60 0 3 6.413e+02 6.607e+02 180 0 4 4.888e+02 5.192e+02 283 0 2 5.343e+02 5.577e+02 218 0 4 5.742e+02 6.018e+02 257 0 4 6.620e+02 6.820e+02 186 0 2 4.432e+02 4.808e+02 349 2 1 1.470e+02 1.470e+02 -14 2 3 1.797e+01 2.403e+01 56 2 2 1.251e+02 1.269e+02 16 2 4 1.191e+02 1.329e+02 128 2 3 8.756e+01 1.224e+02 324
35469 27 0 2 3.780e+02 3.780e+02 -3 0 3 3.989e+02 3.991e+02 1 0 1 6.086e+02 6.094e+02 7 0 2 6.680e+02 6.760e+02 75 0 2 6.278e+02 6.322e+02 41 0 4 6.652e+02 6.788e+02 126 0 3 6.007e+02 6.173e+02 155 0 1 6.390e+02 6.630e+02 222 0 3 5.429e+02 5.911e+02 447 0 2 6.145e+02 6.455e+02 287 0 3 6.379e+02 6.641e+02 244 0 3 6.256e+02 6.764e+02 472 1 3 5.201e+02 5.299e+02 91 1 4 5.789e+02 5.971e+02 169 1 4 5.287e+02 5.633e+02 320 1 4 4.878e+02 5.202e+02 300 2 4 4.599e+02 4.641e+02 39 2 2 3.049e+01 5.351e+01 214 2 4 5.840e+02 5.920e+02 74 2 3 5.314e+00 3.669e+01 291 2 4 4.136e+02 4.264e+02 118 2 4 2.356e+02 2.684e+02 305 2 1 5.990e+02 6.190e+02 186 2 4 2.259e+01 6.141e+01 360 2 3 5.994e+02 6.186e+02 178 2 1 9.591e-01 4.104e+01 372 2 2 5.756e+02 6.004e+02 230
35470 5 2 2 8.079e+01 8.721e+01 60 2 4 7.522e+01 9.278e+01 163 2 3 9.380e+01 1.162e+02 208 3 4 5.460e+02 5.460e+02 -20 3 3 5.125e+02 5.375e+02 232
35471 5 0 3 6.046e+02 6.134e+02 81 0 1 5.956e+02 6.224e+02 249 1 3 6.083e+02 6.097e+02 14 1 2 6.266e+02 6.334e+02 64 3 1 2.053e+01 2.147e+01 9
35472 5 0 4 4.887e+02 5.193e+02 284 0 2 6.531e+02 6.909e+02 351 0 4 6.552e+02 6.888e+02 311 3 2 5.032e+02 5.048e+02 16 3 4 5.007e+02 5.073e+02 62
35475 13 0 2 6.712e+02 6.728e+02 15 0 1 6.055e+02 6.125e+02 65 0 4 6.687e+02 6.753e+02 60 0 1 5.214e+02 5.286e+02 67 0 3 6.053e+02 6.127e+02 68 0 4 6.573e+02 6.867e+02 272 0 3 5.577e+02 5.763e+02 173 0 4 6.200e+02 6.400e+02 186 0 3 5.153e+02 5.347e+02 180 0 2 6.178e+02 6.422e+02 226 0 2 5.333e+02 5.587e+02 236 2 1 1.720e+01 2.480e+01 70 3 1 3.917e+02 4.063e+02 135
