21758 12 0 4 1.669e+02 1.691e+02 20 0 4 6.254e+02 6.346e+02 86 0 1 6.401e+02 6.619e+02 202 0 3 6.416e+02 6.604e+02 174 0 2 6.573e+02 6.867e+02 272 2 3 1.008e+02 1.092e+02 77 2 3 2.237e+02 2.383e+02 136 2 2 1.551e+02 1.809e+02 240 2 3 2.597e+02 2.863e+02 247 2 3 5.555e+02 5.785e+02 214 2 1 1.288e+02 1.652e+02 337 2 2 2.802e+02 3.078e+02 256
21759 55 0 4 5.873e+02 5.887e+02 13 0 4 6.709e+02 6.731e+02 20 0 4 2.426e+02 2.614e+02 175 0 3 4.385e+02 4.435e+02 46 0 3 2.672e+02 2.788e+02 108 0 4 4.535e+02 4.705e+02 157 0 3 5.669e+02 5.671e+02 2 0 2 6.298e+02 6.302e+02 4 0 1 6.369e+02 6.651e+02 262 0 1 5.243e+02 5.257e+02 14 0 4 6.242e+02 6.358e+02 108 0 3 6.380e+02 6.640e+02 240 0 3 5.214e+02 5.286e+02 67 0 1 5.981e+02 6.199e+02 203 0 2 6.528e+02 6.912e+02 357 0 1 5.603e+02 5.737e+02 124 0 3 5.987e+02 6.193e+02 192 0 1 6.317e+02 6.703e+02 358 0 2 5.276e+02 5.644e+02 342 0 3 5.477e+02 5.863e+02 358 1 2 6.289e+02 6.311e+02 20 1 4 6.217e+02 6.383e+02 155 2 2 1.677e+02 1.683e+02 5 2 2 6.280e+02 6.320e+02 37 2 2 2.497e+02 2.543e+02 42 2 3 3.147e+02 3.153e+02 6 2 2 3.339e+02 3.381e+02 39 2 1 6.181e+01 6.419e+01 22 2 2 1.253e+02 1.267e+02 13 2 1 1.885e+02 1.895e+02 10 2 4 2.483e+02 2.557e+02 68 2 1 2.609e+02 2.851e+02 224 2 4 3.681e+02 3.879e+02 183 2 1 1.752e+01 2.448e+01 65 2 4 1.142e+02 1.378e+02 219 2 3 1.459e+02 1.481e+02 20 2 3 2.291e+02 2.329e+02 35 2 3 2.623e+02 2.837e+02 198 2 4 3.207e+02 3.513e+02 285 2 3 1.922e+01 2.278e+01 33 2 3 8.823e+01 1.218e+02 311 2 4 1.639e+02 1.721e+02 76 2 4 2.342e+02 2.698e+02 331 2 2 2.808e+02 3.072e+02 245 2 1 8.901e+00 3.310e+01 225 2 3 1.277e+02 1.663e+02 359 2 1 2.986e+02 3.314e+02 306 2 3 2.986e+02 3.314e+02 304 2 1 2.529e+02 2.931e+02 373 3 1 6.261e+01 6.339e+01 7 3 2 3.484e+01 4.916e+01 133 3 4 1.167e+02 1.353e+02 173 3 3 5.445e+00 3.655e+01 289 3 3 9.667e+01 1.133e+02 155 3 4 2.537e+01 5.863e+01 309
21760 0
21761 32 0 4 4.620e+02 4.620e+02 -15 0 3 2.722e+02 2.738e+02 16 0 1 5.665e+02 5.675e+02 10 0 4 2.788e+02 3.092e+02 283 0 2 6.720e+02 6.720e+02 -14 0 3 4.815e+02 4.845e+02 28 0 4 5.880e+02 5.880e+02 -7 0 4 6.684e+02 6.756e+02 66 0 2 4.479e+02 4.761e+02 262 0 2 6.267e+02 6.333e+02 62 0 3 4.251e+02 4.569e+02 296 0 1 4.720e+02 4.940e+02 204 0 3 5.527e+02 5.813e+02 266 0 1 5.996e+02 6.184e+02 174 0 3 5.954e+02 6.226e+02 252 1 1 6.090e+02 6.090e+02 -5 1 1 5.979e+02 6.201e+02 206 2 2 4.200e+01 4.200e+01 -20 2 1 2.100e+01 2.100e+01 -17 2 4 8.393e+01 8.407e+01 1 2 3 1.379e+01 2.821e+01 134 2 2 1.174e+02 1.346e+02 159 2 4 1.601e+02 1.759e+02 146 2 2 1.994e+02 2.206e+02 196 2 4 3.004e+01 5.396e+01 222 2 4 1.214e+02 1.306e+02 86 2 1 1.413e+02 1.527e+02 106 2 3 4.588e+01 8.012e+01 318 2 2 7.298e+01 9.502e+01 205 2 3 1.388e+02 1.552e+02 153 2 1 4.819e+00 3.718e+01 300 2 1 1.774e+02 2.006e+02 216
21762 26 0 3 4.830e+02 4.830e+02 -13 0 1 6.510e+02 6.510e+02 -0 0 4 3.319e+02 3.401e+02 76 0 1 4.407e+02 4.413e+02 6 0 2 4.608e+02 4.632e+02 23 0 2 5.444e+02 5.476e+02 29 0 4 5.878e+02 5.882e+02 3 0 4 2.753e+02 3.127e+02 347 0 3 6.510e+02 6.510e+02 -4 0 3 4.771e+02 4.889e+02 110 0 1 5.146e+02 5.354e+02 193 0 2 6.232e+02 6.368e+02 126 0 2 6.678e+02 6.762e+02 78 0 1 4.276e+02 4.544e+02 250 0 4 4.931e+02 5.149e+02 203 0 1 5.571e+02 5.769e+02 184 0 4 6.192e+02 6.408e+02 200 0 4 6.704e+02 6.736e+02 29 0 3 5.531e+02 5.809e+02 259 0 3 6.422e+02 6.598e+02 163 0 2 6.614e+02 6.826e+02 197 0 4 6.578e+02 6.862e+02 264 0 1 6.372e+02 6.648e+02 257 1 2 6.248e+02 6.352e+02 97 1 4 6.203e+02 6.397e+02 180 2 4 4.197e+02 4.203e+02 5
21763 12 0 4 5.873e+02 5.887e+02 13 0 3 6.505e+02 6.515e+02 9 0 1 5.598e+02 5.742e+02 133 0 2 6.686e+02 6.754e+02 63 0 3 5.539e+02 5.801e+02 243 0 2 6.105e+02 6.495e+02 362 0 1 6.489e+02 6.531e+02 39 0 4 6.525e+02 6.915e+02 361 1 3 5.647e+02 5.693e+02 42 1 4 6.270e+02 6.330e+02 56 1 3 5.941e+02 6.239e+02 276 1 3 5.068e+02 5.432e+02 337
21764 17 0 1 4.787e+02 4.873e+02 80 0 4 4.993e+02 5.087e+02 88 0 3 4.714e+02 4.946e+02 215 0 2 6.541e+02 6.899e+02 333 0 2 4.920e+02 5.160e+02 222 0 4 6.480e+02 6.960e+02 446 0 4 4.879e+02 5.201e+02 300 0 2 6.468e+02 6.972e+02 467 1 4 6.143e+02 6.457e+02 292 2 3 6.024e+01 6.576e+01 51 2 4 4.524e+02 4.716e+02 178 2 2 2.699e+01 5.701e+01 279 2 4 2.528e+01 5.872e+01 310 2 3 4.213e+02 4.607e+02 366 2 1 2.049e+02 2.571e+02 484 2 3 -3.975e+00 4.597e+01 464 2 1 3.645e+01 8.955e+01 493
21765 15 0 3 5.234e+02 5.266e+02 29 0 3 6.057e+02 6.123e+02 62 0 1 5.184e+02 5.316e+02 123 0 1 6.007e+02 6.173e+02 155 0 2 4.906e+02 5.174e+02 250 0 1 5.571e+02 5.769e+02 184 0 3 5.978e+02 6.202e+02 208 0 2 6.523e+02 6.917e+02 366 0 4 6.210e+02 6.390e+02 167 1 1 6.083e+02 6.097e+02 14 1 4 6.272e+02 6.328e+02 51 1 3 5.958e+02 6.222e+02 246 1 2 6.142e+02 6.458e+02 293 2 1 9.756e+00 3.224e+01 209 2 3 9.218e+00 3.278e+01 219
21766 8 0 1 3.101e+02 3.199e+02 91 0 2 6.647e+02 6.793e+02 136 0 4 3.254e+02 3.466e+02 196 0 4 6.575e+02 6.865e+02 269 0 2 2.752e+02 3.128e+02 350 2 4 1.181e+02 1.339e+02 146 2 1 1.382e+02 1.558e+02 163 2 2 1.121e+02 1.399e+02 259
21767 7 0 1 3.990e+02 3.990e+02 -10 0 3 3.974e+02 4.006e+02 29 0 4 4.074e+02 4.326e+02 235 0 2 3.603e+02 3.957e+02 328 3 4 5.415e+02 5.505e+02 83 3 3 5.526e+02 5.814e+02 267 3 3 3.851e+02 4.129e+02 258
21768 19 0 2 1.631e+02 1.729e+02 91 0 3 6.482e+02 6.538e+02 51 0 4 1.620e+02 1.740e+02 111 0 1 6.460e+02 6.560e+02 92 0 2 6.262e+02 6.338e+02 70 0 2 6.532e+02 6.908e+02 349 0 4 6.231e+02 6.369e+02 128 0 1 5.914e+02 6.266e+02 327 0 3 5.939e+02 6.241e+02 280 1 1 6.076e+02 6.104e+02 26 1 2 5.825e+02 5.935e+02 101 1 2 6.265e+02 6.335e+02 66 1 2 5.400e+02 5.520e+02 112 1 4 6.300e+02 6.300e+02 -2 1 4 5.690e+02 6.070e+02 353 1 3 6.044e+02 6.136e+02 85 1 2 6.182e+02 6.418e+02 219 1 4 6.118e+02 6.482e+02 338 2 3 6.136e+01 6.464e+01 30
21769 2 2 4 2.296e+02 2.744e+02 416 2 3 2.524e+02 2.936e+02 382
21770 12 0 2 5.456e+02 5.464e+02 8 0 1 5.554e+02 5.786e+02 216 0 3 6.062e+02 6.118e+02 52 0 1 5.108e+02 5.392e+02 264 0 2 6.118e+02 6.482e+02 337 0 1 6.510e+02 6.510e+02 -21 0 3 5.095e+02 5.405e+02 288 0 2 6.652e+02 6.788e+02 126 0 1 6.379e+02 6.641e+02 244 0 3 6.352e+02 6.668e+02 293 0 4 6.599e+02 6.841e+02 225 2 4 3.843e+01 4.557e+01 66
21771 1 3 3 6.019e+01 6.581e+01 52
21772 11 0 4 5.815e+02 5.945e+02 121 0 4 5.712e+02 6.048e+02 311 1 4 5.850e+02 5.910e+02 56 1 3 2.939e+02 3.361e+02 392 2 1 5.659e+02 5.681e+02 20 2 3 6.090e+02 6.090e+02 -9 2 4 1.260e+02 1.260e+02 -22 2 2 1.218e+02 1.302e+02 78 2 3 5.615e+02 5.725e+02 103 2 3 1.374e+02 1.566e+02 179 2 2 5.806e+02 5.954e+02 138
21773 50 0 1 6.450e+02 6.570e+02 112 0 1 5.241e+02 5.259e+02 17 0 2 5.414e+02 5.506e+02 86 0 4 6.098e+02 6.502e+02 376 0 3 6.420e+02 6.600e+02 167 0 3 5.500e+02 5.840e+02 316 0 2 6.097e+02 6.503e+02 376 0 2 6.587e+02 6.853e+02 247 0 4 6.610e+02 6.830e+02 205 2 4 2.515e+02 2.525e+02 10 2 2 4.143e+02 4.257e+02 106 2 3 3.132e+02 3.168e+02 34 2 3 4.784e+02 4.876e+02 86 2 2 8.258e+01 8.542e+01 26 2 3 5.249e+02 5.251e+02 2 2 2 1.675e+02 1.685e+02 9 2 4 5.865e+02 5.895e+02 28 2 1 2.712e+02 2.748e+02 33 2 1 4.384e+02 4.436e+02 49 2 1 1.693e+01 2.507e+01 76 2 2 5.020e+02 5.060e+02 37 2 4 8.249e+01 8.551e+01 28 2 2 5.440e+02 5.480e+02 36 2 4 1.673e+02 1.687e+02 14 2 1 6.007e+02 6.173e+02 154 2 2 2.360e+02 2.680e+02 298 2 4 4.106e+02 4.294e+02 175 2 3 2.599e+02 2.861e+02 243 2 4 4.950e+02 5.130e+02 166 2 2 3.674e+02 3.886e+02 197 2 2 5.271e+02 5.649e+02 351 2 3 1.433e+01 2.767e+01 124 2 3 5.969e+02 6.211e+02 224 2 4 7.257e+01 9.543e+01 212 2 1 3.831e+02 4.149e+02 295 2 3 1.811e+02 1.969e+02 147 2 4 4.473e+02 4.767e+02 272 2 2 1.929e+02 2.271e+02 318 2 2 5.705e+02 6.055e+02 325 2 4 2.819e+02 3.061e+02 224 2 3 3.815e+02 4.165e+02 325 2 4 3.664e+02 3.896e+02 216 2 1 5.987e+00 3.601e+01 279 2 3 9.483e+01 1.152e+02 189 2 1 1.321e+02 1.619e+02 277 2 4 1.940e+02 2.260e+02 298 2 1 3.031e+02 3.269e+02 221 2 2 3.196e+02 3.524e+02 304 2 2 1.076e+02 1.444e+02 342 2 3 1.292e+02 1.648e+02 330
21774 8 0 2 6.707e+02 6.733e+02 24 0 4 6.713e+02 6.727e+02 12 0 4 6.648e+02 6.792e+02 133 0 1 6.338e+02 6.682e+02 320 2 4 4.076e+01 4.324e+01 23 2 4 3.259e+01 5.141e+01 175 2 3 5.382e+01 7.218e+01 170 3 1 4.704e+01 7.896e+01 296
21775 71 0 4 2.510e+02 2.530e+02 19 0 3 4.814e+02 4.846e+02 29 0 2 5.445e+02 5.475e+02 28 0 1 6.079e+02 6.101e+02 20 0 2 6.697e+02 6.743e+02 43 0 4 4.557e+02 4.683e+02 117 0 1 5.646e+02 5.694e+02 45 0 3 6.075e+02 6.105e+02 28 0 4 6.678e+02 6.762e+02 79 0 2 4.470e+02 4.770e+02 279 0 4 5.859e+02 5.901e+02 40 0 1 6.392e+02 6.628e+02 219 0 1 4.691e+02 4.969e+02 258 0 3 5.477e+02 5.863e+02 358 0 4 6.160e+02 6.440e+02 260 0 3 6.415e+02 6.605e+02 176 0 4 4.429e+02 4.811e+02 354 0 4 5.731e+02 6.029e+02 277 0 2 6.609e+02 6.831e+02 206 0 2 6.149e+02 6.451e+02 281 1 1 5.645e+02 5.695e+02 46 1 2 6.298e+02 6.302e+02 4 1 2 5.875e+02 5.885e+02 9 1 1 6.081e+02 6.099e+02 17 1 3 5.176e+02 5.324e+02 137 1 4 5.381e+02 5.539e+02 147 1 4 6.220e+02 6.380e+02 148 1 2 5.264e+02 5.656e+02 365 1 3 5.994e+02 6.186e+02 178 1 4 6.142e+02 6.458e+02 294 1 3 5.890e+02 6.290e+02 370 2 3 1.038e+02 1.062e+02 23 2 4 6.282e+02 6.318e+02 33 2 3 2.304e+02 2.316e+02 11 2 3 3.125e+02 3.175e+02 47 2 1 3.978e+02 4.002e+02 23 2 3 3.566e+02 3.574e+02 7 2 1 6.122e+01 6.478e+01 33 2 3 3.919e+02 4.061e+02 132 2 4 1.249e+02 1.271e+02 21 2 4 6.600e+02 6.840e+02 223 2 3 1.444e+02 1.496e+02 48 2 1 4.251e+02 4.569e+02 296 2 4 2.084e+02 2.116e+02 30 2 4 2.913e+02 2.967e+02 50 2 2 3.758e+02 3.802e+02 41 2 3 6.239e+01 6.361e+01 11 2 4 8.281e+01 8.519e+01 22 2 2 1.574e+02 1.786e+02 197 2 1 2.259e+02 2.361e+02 96 2 1 2.593e+02 2.867e+02 254 2 4 3.680e+02 3.880e+02 186 2 2 3.968e+01 4.432e+01 43 2 2 7.388e+01 9.412e+01 188 2 2 2.484e+02 2.556e+02 67 2 3 2.540e+02 2.920e+02 352 2 2 3.251e+02 3.469e+02 203 2 4 3.937e+01 4.463e+01 49 2 4 6.957e+01 9.843e+01 268 2 2 1.919e+02 2.281e+02 336 2 4 3.244e+02 3.476e+02 216 2 2 2.914e+01 5.486e+01 239 2 2 1.126e+02 1.394e+02 249 2 1 3.445e+02 3.695e+02 233 2 3 3.338e+00 3.866e+01 328 2 4 1.122e+02 1.398e+02 256 2 1 4.399e+01 8.201e+01 353 3 2 4.063e+01 4.337e+01 26 3 2 2.907e+02 2.973e+02 62 3 3 1.568e+01 2.632e+01 99 3 1 3.120e+02 3.180e+02 56
21776 9 0 2 6.720e+02 6.720e+02 -20 0 4 6.706e+02 6.734e+02 26 0 3 6.411e+02 6.609e+02 184 0 1 6.367e+02 6.653e+02 266 1 2 6.165e+02 6.435e+02 251 2 4 1.260e+02 1.260e+02 -24 2 2 1.250e+02 1.270e+02 18 2 1 1.338e+02 1.602e+02 245 2 3 1.297e+02 1.643e+02 321
21777 10 0 4 3.353e+02 3.367e+02 14 0 1 6.077e+02 6.103e+02 25 0 3 6.041e+02 6.139e+02 90 0 2 2.891e+02 2.989e+02 90 0 4 6.161e+02 6.439e+02 258 0 2 6.136e+02 6.464e+02 304 0 2 6.048e+02 6.552e+02 468 2 3 1.469e+02 1.471e+02 1 2 2 1.680e+02 1.680e+02 -19 2 4 1.116e+02 1.404e+02 268
21778 11 0 3 1.882e+02 1.898e+02 16 0 4 6.714e+02 6.726e+02 10 0 1 6.338e+02 6.682e+02 320 0 4 6.040e+02 6.560e+02 482 2 3 2.100e+01 2.100e+01 -4 2 1 1.348e+01 2.852e+01 140 2 2 7.706e+01 9.094e+01 129 2 4 2.789e+01 5.611e+01 262 2 4 7.522e+01 9.278e+01 163 2 3 9.645e+01 1.136e+02 159 2 4 1.025e+02 1.495e+02 436
21779 6 1 4 6.278e+02 6.322e+02 41 1 3 6.087e+02 6.093e+02 6 1 2 6.127e+02 6.473e+02 322 2 4 8.070e+01 8.730e+01 61 2 3 9.909e+01 1.109e+02 110 2 2 7.437e+01 9.363e+01 179
21782 7 0 3 6.502e+02 6.518e+02 15 0 1 6.462e+02 6.558e+02 90 0 2 6.143e+02 6.457e+02 292 0 4 6.566e+02 6.874e+02 286 2 4 1.260e+02 1.260e+02 -15 2 1 1.437e+02 1.503e+02 62 2 3 1.332e+02 1.608e+02 256
21784 1 2 3 1.559e+01 2.641e+01 100
21786 28 0 3 5.234e+02 5.266e+02 29 0 1 4.719e+02 4.941e+02 206 0 1 5.163e+02 5.337e+02 161 0 4 5.775e+02 5.985e+02 195 0 3 4.722e+02 4.938e+02 200 0 1 5.490e+02 5.850e+02 335 0 3 5.888e+02 6.292e+02 375 0 2 4.888e+02 5.192e+02 282 0 4 4.898e+02 5.182e+02 264 1 4 6.183e+02 6.417e+02 216 2 3 3.965e+02 4.015e+02 46 2 2 2.084e+02 2.116e+02 30 2 4 3.728e+02 3.832e+02 96 2 1 5.585e+02 5.755e+02 158 2 3 9.838e+01 1.116e+02 123 2 2 5.785e+02 5.975e+02 177 2 4 6.531e+01 1.027e+02 347 2 1 3.834e+02 4.146e+02 290 2 3 1.789e+02 1.991e+02 188 2 3 5.580e+02 5.760e+02 168 2 4 1.950e+02 2.250e+02 278 2 4 5.727e+02 6.033e+02 285 2 2 1.045e+02 1.475e+02 399 2 2 4.071e+02 4.329e+02 240 2 1 1.693e+02 2.087e+02 366 3 3 4.403e+02 4.417e+02 12 3 2 4.497e+02 4.743e+02 228 3 4 4.435e+02 4.805e+02 343
21787 50 0 2 6.636e+02 6.804e+02 156 0 4 6.634e+02 6.806e+02 159 1 2 5.037e+02 5.043e+02 6 1 3 5.659e+02 5.681e+02 21 1 3 5.215e+02 5.285e+02 65 1 2 5.880e+02 5.880e+02 -19 1 2 6.281e+02 6.319e+02 35 1 1 4.799e+02 4.861e+02 58 1 4 6.274e+02 6.326e+02 48 1 3 5.100e+02 5.400e+02 279 2 3 1.050e+02 1.050e+02 -20 2 4 6.720e+02 6.720e+02 -19 2 3 6.194e+01 6.406e+01 20 2 1 4.410e+02 4.410e+02 -10 2 2 8.393e+01 8.407e+01 1 2 4 4.620e+02 4.620e+02 -15 2 1 1.454e+02 1.486e+02 30 2 3 5.227e+02 5.273e+02 42 2 2 2.474e+02 2.566e+02 86 2 2 5.880e+02 5.880e+02 -9 2 4 4.200e+01 4.200e+01 -1 2 1 6.499e+02 6.521e+02 20 2 4 8.400e+01 8.400e+01 -20 2 2 4.193e+02 4.207e+02 14 2 1 1.873e+02 1.907e+02 32 2 3 4.766e+02 4.894e+02 118 2 1 2.178e+02 2.442e+02 246 2 2 5.460e+02 5.460e+02 -5 2 4 3.633e+02 3.927e+02 272 2 4 5.833e+02 5.927e+02 88 2 1 5.844e+01 6.756e+01 85 2 2 1.112e+02 1.408e+02 275 2 2 1.590e+02 1.770e+02 167 2 3 3.920e+02 4.060e+02 130 2 3 2.213e+02 2.407e+02 180 2 4 4.985e+02 5.095e+02 103 2 2 3.152e+01 5.248e+01 195 2 3 6.065e+02 6.115e+02 46 2 4 1.544e+02 1.816e+02 252 2 4 2.401e+02 2.639e+02 221 2 1 4.735e+02 4.925e+02 177 2 3 1.306e+02 1.634e+02 306 2 2 6.252e+02 6.348e+02 90 2 2 4.869e+02 5.211e+02 318 2 3 5.991e+02 6.189e+02 185 2 2 5.743e+02 6.017e+02 254 2 4 6.113e+02 6.487e+02 347 3 1 1.209e+01 2.991e+01 166 3 3 5.028e+01 7.572e+01 236 3 4 2.631e+01 5.769e+01 291
21790 23 0 2 6.675e+02 6.765e+02 83 0 2 5.001e+02 5.079e+02 73 0 3 5.128e+02 5.372e+02 227 0 1 6.422e+02 6.598e+02 163 0 4 4.924e+02 5.156e+02 216 0 1 5.058e+02 5.442e+02 357 0 3 6.410e+02 6.610e+02 186 2 4 3.356e+02 3.364e+02 8 2 4 2.477e+02 2.563e+02 80 2 4 4.181e+02 4.219e+02 36 2 4 2.929e+02 2.951e+02 20 2 4 3.771e+02 3.789e+02 17 2 4 4.455e+02 4.785e+02 307 2 4 1.195e+02 1.325e+02 120 2 1 3.122e+02 3.178e+02 52 2 4 3.206e+02 3.514e+02 286 2 3 9.824e+01 1.118e+02 126 2 3 2.146e+02 2.474e+02 305 2 3 3.120e+02 3.180e+02 56 2 4 3.598e+02 3.962e+02 338 2 2 1.166e+02 1.354e+02 174 2 4 2.317e+02 2.723e+02 377 2 2 3.164e+02 3.556e+02 364
21791 11 0 1 6.090e+02 6.090e+02 -4 0 3 6.088e+02 6.092e+02 5 0 4 6.257e+02 6.343e+02 80 0 3 6.008e+02 6.172e+02 153 0 2 6.238e+02 6.362e+02 115 0 4 6.118e+02 6.482e+02 337 1 3 1.236e+02 1.704e+02 435 2 2 8.034e+01 8.766e+01 68 2 1 1.209e+01 2.991e+01 166 2 4 8.079e+01 8.721e+01 60 2 3 8.514e+01 1.249e+02 369
21795 16 0 4 6.712e+02 6.728e+02 15 0 3 6.015e+02 6.165e+02 139 0 2 6.694e+02 6.746e+02 48 0 1 5.946e+02 6.234e+02 268 0 4 2.264e+02 2.776e+02 476 0 1 6.334e+02 6.686e+02 327 0 2 2.763e+02 3.117e+02 328 0 4 5.646e+02 6.114e+02 435 1 2 6.205e+02 6.395e+02 176 1 1 5.921e+02 6.259e+02 313 2 1 5.082e+02 5.418e+02 312 2 4 4.029e+02 4.371e+02 318 2 1 4.589e+02 5.071e+02 447 2 1 4.159e+02 4.661e+02 466 2 2 3.974e+02 4.426e+02 420 2 3 4.144e+02 4.676e+02 495
21796 6 0 2 5.453e+02 5.467e+02 14 1 2 5.456e+02 5.464e+02 7 1 3 5.566e+02 5.774e+02 193 1 1 5.117e+02 5.383e+02 246 1 4 5.355e+02 5.565e+02 196 1 4 5.283e+02 5.637e+02 328
21797 7 0 4 5.694e+02 6.066e+02 345 0 3 6.322e+02 6.698e+02 349 0 4 6.066e+02 6.534e+02 434 0 4 6.540e+02 6.900e+02 335 0 1 6.295e+02 6.725e+02 400 2 4 5.849e+02 5.911e+02 58 2 3 6.053e+02 6.127e+02 69
21799 5 0 3 6.493e+02 6.527e+02 32 0 4 6.124e+02 6.476e+02 327 0 1 6.455e+02 6.565e+02 103 0 2 6.119e+02 6.481e+02 336 0 3 6.393e+02 6.627e+02 216
21804 0
21806 4 2 3 1.022e+02 1.078e+02 52 2 3 6.217e+01 6.383e+01 16 2 3 1.765e+01 2.435e+01 62 2 3 8.729e+01 1.227e+02 329
21809 17 0 1 6.399e+02 6.621e+02 206 0 1 5.523e+02 5.817e+02 272 0 2 6.102e+02 6.498e+02 367 0 4 6.532e+02 6.908e+02 350 0 1 5.417e+02 5.923e+02 470 0 4 6.083e+02 6.517e+02 404 0 3 6.330e+02 6.690e+02 335 0 2 6.475e+02 6.965e+02 455 0 1 6.264e+02 6.756e+02 456 1 2 6.200e+02 6.400e+02 186 2 1 8.905e+00 3.310e+01 225 2 3 7.737e+00 3.426e+01 246 2 4 2.542e+01 5.858e+01 308 2 4 1.024e+02 1.496e+02 438 2 3 3.856e+01 8.744e+01 454 3 2 6.532e+02 6.908e+02 349 3 4 6.568e+02 6.872e+02 283
21810 3 1 3 6.078e+02 6.102e+02 23 1 4 5.020e+02 5.060e+02 38 1 3 6.022e+02 6.158e+02 127
21812 16 0 2 6.713e+02 6.727e+02 14 0 1 3.979e+02 4.001e+02 20 0 2 6.193e+02 6.407e+02 200 0 4 6.686e+02 6.754e+02 63 0 4 4.135e+02 4.265e+02 121 1 1 4.389e+02 4.431e+02 40 1 1 4.263e+02 4.557e+02 273 2 3 3.565e+02 3.575e+02 10 2 3 1.801e+01 2.399e+01 56 2 3 3.480e+02 3.660e+02 167 2 3 5.844e+01 6.756e+01 85 2 2 3.251e+02 3.469e+02 203 2 2 2.945e+01 5.455e+01 233 2 4 3.591e+02 3.969e+02 350 2 3 3.295e+00 3.871e+01 329 2 1 3.406e+02 3.734e+02 306
21813 68 0 1 4.826e+02 4.834e+02 7 0 4 2.495e+02 2.545e+02 47 0 1 5.661e+02 5.679e+02 16 0 1 3.132e+02 3.168e+02 34 0 4 5.868e+02 5.892e+02 22 0 2 3.759e+02 3.801e+02 39 0 3 6.508e+02 6.512e+02 4 0 3 2.215e+02 2.405e+02 177 0 4 4.186e+02 4.214e+02 26 0 1 2.627e+02 2.833e+02 190 0 2 5.016e+02 5.064e+02 46 0 2 3.321e+02 3.399e+02 72 0 1 5.210e+02 5.290e+02 75 0 4 3.346e+02 3.374e+02 26 0 3 6.059e+02 6.121e+02 57 0 1 3.525e+02 3.615e+02 83 0 2 6.707e+02 6.733e+02 24 0 4 3.642e+02 3.918e+02 256 0 1 4.387e+02 4.433e+02 42 0 4 5.005e+02 5.075e+02 65 0 3 5.173e+02 5.327e+02 144 0 2 6.276e+02 6.324e+02 45 0 4 6.695e+02 6.745e+02 47 0 1 4.291e+02 4.529e+02 220 0 4 4.578e+02 4.662e+02 79 0 2 5.416e+02 5.504e+02 82 0 4 6.247e+02 6.353e+02 98 0 1 6.487e+02 6.533e+02 42 0 3 4.284e+02 4.536e+02 235 0 3 4.781e+02 4.879e+02 90 0 3 5.533e+02 5.807e+02 255 0 1 6.035e+02 6.145e+02 101 0 3 3.802e+02 4.178e+02 350 0 2 4.510e+02 4.730e+02 205 0 3 5.474e+02 5.866e+02 364 0 2 4.863e+02 5.217e+02 328 0 3 5.059e+02 5.441e+02 355 0 4 4.433e+02 4.807e+02 347 1 2 4.200e+02 4.200e+02 -7 1 2 5.029e+02 5.051e+02 20 1 2 4.586e+02 4.654e+02 64 1 3 6.084e+02 6.096e+02 10 1 1 5.239e+02 5.261e+02 20 1 2 5.839e+02 5.921e+02 76 1 2 6.297e+02 6.303e+02 6 1 4 5.846e+02 5.914e+02 64 1 4 6.295e+02 6.305e+02 9 1 2 5.453e+02 5.467e+02 12 1 1 6.079e+02 6.101e+02 20 1 1 5.640e+02 5.700e+02 56 1 3 5.608e+02 5.732e+02 115 1 4 5.750e+02 6.010e+02 240 2 4 6.270e+02 6.330e+02 56 2 1 6.284e+01 6.316e+01 3 2 4 1.646e+02 1.714e+02 64 2 3 2.693e+02 2.767e+02 68 2 3 5.925e+01 6.675e+01 70 2 2 1.524e+02 1.836e+02 289 2 1 2.168e+02 2.452e+02 263 2 4 2.771e+02 3.109e+02 313 2 1 1.909e+01 2.291e+01 36 2 3 1.738e+02 2.042e+02 283 2 3 1.554e+01 2.646e+01 101 2 4 3.923e+01 4.477e+01 51 2 2 3.277e+01 5.123e+01 171 2 4 2.667e+01 5.733e+01 285 2 3 4.673e+01 7.927e+01 302 2 2 2.353e+01 6.047e+01 343
