53494 23 0 2 6.293e+02 6.307e+02 14 0 2 6.718e+02 6.722e+02 3 0 2 4.620e+02 4.620e+02 -4 0 1 5.243e+02 5.257e+02 14 0 4 6.716e+02 6.724e+02 8 0 4 4.540e+02 4.700e+02 149 0 1 5.598e+02 5.742e+02 134 0 1 5.943e+02 6.237e+02 274 0 3 6.498e+02 6.522e+02 21 0 1 4.243e+02 4.577e+02 310 0 3 4.784e+02 4.876e+02 85 0 1 5.489e+02 5.851e+02 336 0 1 6.363e+02 6.657e+02 272 0 3 6.262e+02 6.758e+02 460 1 4 5.868e+02 5.892e+02 21 1 2 6.206e+02 6.394e+02 175 1 4 6.153e+02 6.447e+02 274 2 1 1.806e+01 2.394e+01 55 2 4 7.984e+01 8.816e+01 77 2 4 2.907e+02 2.973e+02 62 2 4 3.569e+01 4.831e+01 117 2 4 2.401e+02 2.639e+02 220 2 4 2.972e+01 5.428e+01 228
53495 7 0 4 6.717e+02 6.723e+02 6 0 2 6.720e+02 6.720e+02 -8 2 2 4.200e+01 4.200e+01 -23 2 4 3.484e+01 4.916e+01 133 2 1 5.122e+01 7.478e+01 219 2 3 7.781e+00 3.422e+01 246 3 2 4.200e+02 4.200e+02 -23
53496 13 0 3 3.990e+02 3.990e+02 -3 0 3 6.510e+02 6.510e+02 -12 0 4 4.153e+02 4.247e+02 86 0 2 3.664e+02 3.896e+02 216 0 1 3.866e+02 4.114e+02 230 2 2 3.834e+01 4.566e+01 68 2 2 8.200e+01 8.600e+01 37 2 1 1.823e+01 2.377e+01 51 2 4 7.419e+01 9.381e+01 182 2 3 1.640e+01 2.560e+01 86 2 3 9.250e+01 1.175e+02 232 2 4 3.511e+01 4.889e+01 128 2 1 7.464e+00 3.454e+01 251
53497 4 0 3 5.622e+02 5.718e+02 90 0 3 6.504e+02 6.516e+02 11 0 1 5.620e+02 5.720e+02 93 0 2 5.337e+02 5.583e+02 229
53498 60 0 1 2.729e+02 2.731e+02 2 0 1 5.651e+02 5.689e+02 35 0 1 6.086e+02 6.094e+02 8 0 1 3.038e+02 3.262e+02 207 0 1 6.481e+02 6.539e+02 54 0 2 3.689e+02 3.871e+02 170 0 2 4.565e+02 4.675e+02 102 0 2 2.959e+01 5.441e+01 230 0 3 5.623e+02 5.717e+02 87 0 2 2.789e+02 3.091e+02 280 0 3 6.087e+02 6.093e+02 6 0 4 3.728e+02 3.832e+02 97 0 3 6.499e+02 6.521e+02 20 0 3 3.382e+00 3.862e+01 327 0 1 4.297e+02 4.523e+02 210 0 4 2.829e+02 3.051e+02 206 0 4 4.615e+02 4.625e+02 10 0 4 3.283e+02 3.437e+02 144 0 1 5.197e+02 5.303e+02 98 0 2 6.152e+02 6.448e+02 275 0 2 6.692e+02 6.748e+02 52 0 1 3.909e+02 4.071e+02 150 0 2 4.968e+02 5.112e+02 134 0 2 5.375e+02 5.545e+02 158 0 4 6.138e+02 6.462e+02 300 0 4 6.691e+02 6.749e+02 53 0 3 3.851e+02 4.129e+02 258 0 4 4.882e+02 5.198e+02 293 0 4 5.693e+02 6.067e+02 347 0 2 6.556e+02 6.884e+02 305 0 3 4.229e+02 4.591e+02 336 0 4 6.547e+02 6.893e+02 321 1 4 6.288e+02 6.312e+02 21 1 2 4.161e+02 4.239e+02 73 1 3 1.046e+02 1.054e+02 8 1 2 5.877e+02 5.883e+02 6 1 1 3.953e+02 4.027e+02 68 1 3 6.079e+02 6.101e+02 20 1 3 4.307e+02 4.513e+02 192 1 1 5.580e+02 5.760e+02 166 1 2 6.267e+02 6.333e+02 62 1 4 4.477e+02 4.763e+02 266 1 4 5.810e+02 5.950e+02 130 1 1 5.995e+02 6.185e+02 177 2 2 3.344e+02 3.376e+02 29 2 1 1.832e+01 2.368e+01 50 2 3 6.037e+02 6.143e+02 98 2 3 1.465e+02 1.475e+02 9 2 4 4.151e+02 4.249e+02 90 2 3 3.082e+02 3.218e+02 126 2 4 4.971e+02 5.109e+02 129 2 1 3.539e+02 3.601e+02 58 2 2 6.234e+02 6.366e+02 122 2 3 1.851e+02 1.929e+02 72 2 4 5.686e+02 6.074e+02 360 2 4 2.368e+02 2.672e+02 283 2 4 2.822e+02 3.058e+02 220 2 3 7.151e+00 3.485e+01 257 2 3 1.324e+02 1.616e+02 271 2 4 2.577e+01 5.823e+01 301
53499 59 0 2 5.460e+02 5.460e+02 -13 0 2 6.300e+02 6.300e+02 -3 0 4 2.422e+02 2.618e+02 181 0 2 6.720e+02 6.720e+02 -5 0 1 3.059e+02 3.241e+02 169 0 1 5.655e+02 5.685e+02 28 0 4 1.990e+02 2.210e+02 205 0 4 6.300e+02 6.300e+02 -20 0 2 2.813e+02 3.067e+02 236 0 4 6.720e+02 6.720e+02 -17 0 4 3.654e+02 3.906e+02 234 0 2 4.934e+02 5.146e+02 197 0 2 3.175e+02 3.545e+02 343 0 3 5.668e+02 5.672e+02 4 0 4 3.194e+02 3.526e+02 308 0 4 5.868e+02 5.892e+02 23 0 1 6.510e+02 6.510e+02 -10 0 4 4.097e+02 4.303e+02 191 0 4 4.880e+02 5.200e+02 298 0 3 5.206e+02 5.294e+02 82 0 1 6.056e+02 6.124e+02 63 0 3 6.510e+02 6.510e+02 -16 0 1 5.172e+02 5.328e+02 145 0 3 6.066e+02 6.114e+02 45 0 3 5.085e+02 5.415e+02 307 0 4 6.192e+02 6.408e+02 200 0 1 5.959e+02 6.221e+02 244 0 3 5.969e+02 6.211e+02 225 1 3 5.230e+02 5.270e+02 37 1 4 5.405e+02 5.515e+02 101 1 2 6.300e+02 6.300e+02 -22 1 1 5.655e+02 5.685e+02 28 1 1 5.063e+02 5.437e+02 347 1 2 5.815e+02 5.945e+02 120 1 1 6.089e+02 6.091e+02 1 1 4 5.720e+02 6.040e+02 296 1 4 5.291e+02 5.629e+02 313 2 2 4.200e+01 4.200e+01 -19 2 4 1.260e+02 1.260e+02 -13 2 4 4.149e+02 4.251e+02 94 2 4 2.466e+02 2.574e+02 100 2 4 6.581e+02 6.859e+02 259 2 3 2.730e+02 2.730e+02 -4 2 3 3.878e+02 4.102e+02 208 2 4 3.762e+01 4.638e+01 81 2 3 1.050e+02 1.050e+02 -12 2 1 1.470e+02 1.470e+02 -10 2 2 2.042e+02 2.158e+02 107 2 3 2.659e+02 2.801e+02 132 2 3 5.808e+01 6.792e+01 91 2 2 1.160e+02 1.360e+02 186 2 4 1.572e+02 1.788e+02 200 2 1 2.218e+02 2.402e+02 170 2 1 4.956e+01 7.644e+01 250 2 4 6.854e+01 9.946e+01 287 2 3 1.318e+02 1.622e+02 283 2 2 2.426e+02 2.614e+02 175 2 3 6.838e+00 3.516e+01 263 2 4 2.359e+02 2.681e+02 299
53500 25 0 1 6.373e+02 6.647e+02 255 0 3 6.342e+02 6.678e+02 311 0 2 4.839e+02 5.241e+02 373 0 2 6.542e+02 6.898e+02 330 0 4 4.853e+02 5.227e+02 348 0 4 6.513e+02 6.927e+02 384 0 1 4.604e+02 5.056e+02 420 0 3 4.591e+02 5.069e+02 444 1 3 5.941e+02 6.239e+02 276 1 4 6.060e+02 6.540e+02 446 2 3 3.150e+02 3.150e+02 -20 2 2 4.067e+01 4.333e+01 25 2 4 3.757e+01 4.643e+01 82 2 3 8.729e+01 1.227e+02 329 2 2 2.365e+02 2.675e+02 287 2 3 3.018e+02 3.282e+02 245 2 2 3.146e+02 3.574e+02 398 2 1 1.115e+01 3.085e+01 183 2 3 2.054e+02 2.566e+02 476 2 4 2.686e+02 3.194e+02 472 2 3 6.478e+00 3.552e+01 270 2 2 1.014e+02 1.506e+02 456 2 4 2.253e+02 2.787e+02 496 2 1 3.248e+00 3.875e+01 330 2 2 1.958e+01 6.442e+01 416
53501 9 0 4 2.863e+02 3.017e+02 142 0 2 6.284e+02 6.316e+02 30 0 1 4.368e+02 4.452e+02 78 0 4 6.664e+02 6.776e+02 104 0 3 4.276e+02 4.544e+02 248 0 2 4.533e+02 4.707e+02 162 1 3 5.211e+02 5.289e+02 72 1 4 6.216e+02 6.384e+02 156 2 4 4.121e+01 4.279e+01 15
53502 5 2 4 6.612e+01 1.019e+02 332 3 2 1.680e+02 1.680e+02 -10 3 4 1.601e+02 1.759e+02 146 3 3 1.321e+02 1.619e+02 276 3 1 1.745e+02 2.035e+02 269
53503 9 0 3 6.499e+02 6.521e+02 20 0 2 6.135e+02 6.465e+02 307 0 4 6.685e+02 6.755e+02 65 0 1 6.444e+02 6.576e+02 123 0 3 6.370e+02 6.650e+02 260 0 4 6.518e+02 6.922e+02 375 2 4 1.201e+02 1.319e+02 110 2 3 1.419e+02 1.521e+02 96 2 2 1.087e+02 1.433e+02 320
53504 0
53505 19 0 2 3.777e+02 3.783e+02 6 0 4 3.740e+02 3.820e+02 74 0 1 3.800e+02 4.180e+02 353 0 2 6.537e+02 6.903e+02 340 0 3 3.789e+02 4.191e+02 374 1 3 1.783e+02 1.997e+02 198 1 1 2.303e+02 2.317e+02 13 1 2 2.047e+02 2.153e+02 98 1 4 2.019e+02 2.181e+02 151 1 1 1.717e+02 2.063e+02 321 2 3 1.015e+02 1.085e+02 65 2 4 6.262e+02 6.338e+02 70 2 3 1.458e+02 1.482e+02 23 2 1 6.386e+02 6.634e+02 230 2 4 7.504e+01 9.296e+01 166 2 2 6.196e+02 6.404e+02 194 2 3 1.310e+02 1.630e+02 298 2 3 6.362e+02 6.658e+02 276 3 4 1.120e+02 1.400e+02 260
53506 0
53507 0
53508 3 1 1 5.096e+02 5.404e+02 286 2 4 8.164e+01 8.636e+01 44 2 4 3.750e+02 3.810e+02 56
53509 1 2 4 6.392e+01 1.041e+02 373
53510 24 0 4 5.843e+02 5.917e+02 68 0 3 5.594e+02 5.746e+02 141 0 1 6.011e+02 6.169e+02 147 0 4 5.750e+02 6.010e+02 240 1 4 5.429e+02 5.491e+02 58 2 4 6.280e+02 6.320e+02 38 2 3 2.003e+01 2.197e+01 18 2 4 4.577e+02 4.663e+02 80 2 2 8.307e+01 8.493e+01 17 2 2 5.436e+02 5.484e+02 45 2 1 1.155e+01 3.045e+01 176 2 3 6.495e+02 6.525e+02 27 2 4 7.549e+01 9.251e+01 158 2 3 4.801e+02 4.859e+02 54 2 2 3.286e+01 5.114e+01 170 2 3 5.641e+02 5.699e+02 54 2 1 4.637e+01 7.963e+01 309 2 2 6.662e+02 6.778e+02 107 2 3 4.731e+01 7.869e+01 291 2 2 4.930e+02 5.150e+02 204 2 3 5.120e+02 5.380e+02 241 2 4 4.914e+02 5.166e+02 234 2 1 5.103e+02 5.397e+02 274 2 2 5.300e+02 5.620e+02 297
53511 0
53512 0
53513 12 0 2 3.769e+02 3.791e+02 20 0 3 6.487e+02 6.533e+02 42 0 3 3.881e+02 4.099e+02 202 0 4 3.634e+02 3.926e+02 271 0 4 6.699e+02 6.741e+02 40 0 2 6.100e+02 6.500e+02 372 0 1 6.429e+02 6.591e+02 151 0 3 6.367e+02 6.653e+02 266 2 4 3.820e+01 4.580e+01 70 2 3 1.029e+01 3.171e+01 199 2 2 3.192e+01 5.208e+01 187 2 3 4.493e+01 8.107e+01 336
53514 7 0 1 3.143e+02 3.157e+02 13 0 1 1.041e+02 1.059e+02 16 0 1 5.224e+02 5.276e+02 49 0 3 1.039e+02 1.061e+02 21 0 2 5.369e+02 5.551e+02 170 0 2 1.084e+02 1.436e+02 327 2 2 7.984e+01 8.816e+01 77
53515 4 2 3 1.845e+02 1.935e+02 83 3 3 5.653e+02 5.687e+02 31 3 2 5.867e+02 5.893e+02 25 3 1 5.986e+02 6.194e+02 193
53516 11 0 4 2.085e+02 2.115e+02 28 0 2 5.425e+02 5.495e+02 65 0 4 3.727e+02 3.833e+02 98 0 1 5.656e+02 5.684e+02 26 0 1 1.758e+02 2.022e+02 245 0 3 1.772e+02 2.008e+02 219 0 3 5.138e+02 5.362e+02 207 0 2 1.494e+02 1.866e+02 345 0 2 6.457e+02 6.983e+02 489 1 3 5.980e+02 6.200e+02 205 2 1 5.087e+02 5.413e+02 302
53517 15 0 1 5.670e+02 5.670e+02 0 0 3 6.463e+02 6.557e+02 87 0 3 5.622e+02 5.718e+02 90 0 4 5.779e+02 5.981e+02 188 0 1 6.456e+02 6.564e+02 100 0 2 6.156e+02 6.444e+02 268 0 4 6.168e+02 6.432e+02 246 2 4 8.339e+01 8.461e+01 11 2 3 1.032e+02 1.068e+02 33 2 4 3.358e+01 5.042e+01 156 2 2 1.202e+02 1.318e+02 107 2 1 1.293e+02 1.647e+02 328 2 2 7.599e+01 9.201e+01 149 2 4 6.939e+01 9.861e+01 271 2 3 8.976e+01 1.202e+02 283
53518 3 1 2 6.300e+02 6.300e+02 0 1 4 6.252e+02 6.348e+02 90 1 1 6.033e+02 6.147e+02 106
53519 0
53520 0
53521 37 0 2 5.370e+02 5.550e+02 168 0 1 5.542e+02 5.798e+02 238 0 2 6.547e+02 6.893e+02 322 0 3 5.575e+02 5.765e+02 176 1 4 4.061e+02 4.339e+02 259 1 4 3.591e+02 3.969e+02 350 1 2 5.767e+02 5.993e+02 210 1 4 5.690e+02 6.070e+02 353 2 2 4.022e+01 4.378e+01 33 2 4 1.662e+02 1.698e+02 33 2 4 2.516e+02 2.524e+02 7 2 3 5.982e+02 6.198e+02 201 2 3 3.118e+02 3.182e+02 60 2 3 4.309e+02 4.511e+02 188 2 3 1.801e+01 2.399e+01 56 2 4 4.514e+02 4.726e+02 197 2 2 1.246e+02 1.274e+02 26 2 4 5.290e+02 5.630e+02 316 2 4 2.827e+02 3.053e+02 210 2 3 5.495e+02 5.845e+02 326 2 1 3.549e+02 3.591e+02 40 2 2 3.219e+01 5.181e+01 182 2 2 8.361e+01 8.439e+01 7 2 1 1.380e+02 1.560e+02 167 2 1 3.031e+02 3.269e+02 220 2 3 3.495e+02 3.645e+02 140 2 4 3.578e+01 4.822e+01 116 2 4 8.061e+01 8.739e+01 63 2 2 1.917e+02 2.283e+02 340 2 4 3.651e+02 3.909e+02 239 2 3 4.947e+01 7.653e+01 251 2 4 1.131e+02 1.389e+02 239 2 2 3.235e+02 3.485e+02 232 2 2 2.187e+01 6.213e+01 374 2 3 9.344e+01 1.166e+02 215 2 1 3.463e+02 3.677e+02 198 2 2 3.642e+02 3.918e+02 257
53522 9 0 4 6.300e+02 6.300e+02 -13 0 4 5.880e+02 5.880e+02 0 0 1 5.536e+02 5.804e+02 250 0 1 6.042e+02 6.138e+02 89 0 2 6.618e+02 6.822e+02 189 0 2 6.236e+02 6.364e+02 120 0 4 6.605e+02 6.835e+02 214 0 3 5.930e+02 6.250e+02 297 2 4 2.939e+02 2.941e+02 2
53523 12 0 2 5.408e+02 5.512e+02 96 0 3 6.063e+02 6.117e+02 50 0 2 6.605e+02 6.835e+02 213 0 1 5.120e+02 5.380e+02 241 0 4 6.544e+02 6.896e+02 327 0 3 5.072e+02 5.428e+02 330 2 3 1.402e+01 2.798e+01 130 2 2 8.281e+01 8.519e+01 22 2 4 7.796e+01 9.004e+01 112 2 3 4.601e+01 7.999e+01 316 2 3 8.514e+01 1.249e+02 369 2 1 1.094e+00 4.091e+01 370
53524 6 2 1 3.567e+02 3.573e+02 6 3 4 5.027e+02 5.053e+02 25 3 2 5.818e+02 5.942e+02 115 3 4 5.792e+02 5.968e+02 163 3 3 5.537e+02 5.803e+02 247 3 4 5.738e+02 6.022e+02 265
53525 3 1 2 6.232e+02 6.368e+02 126 2 3 3.983e+02 3.997e+02 13 2 1 3.554e+02 3.586e+02 30
53526 3 0 4 4.110e+02 4.290e+02 166 2 4 2.462e+02 2.578e+02 108 2 4 4.056e+02 4.344e+02 268
53527 6 0 4 3.262e+02 3.458e+02 182 1 3 3.121e+02 3.179e+02 53 1 3 2.971e+02 3.329e+02 332 2 4 4.972e+02 5.108e+02 127 2 4 4.570e+02 4.670e+02 93 2 4 4.491e+02 4.749e+02 239
53528 4 1 2 6.159e+02 6.441e+02 261 2 4 1.659e+02 1.701e+02 40 2 1 1.865e+02 1.915e+02 47 2 3 1.775e+02 2.005e+02 214
53529 1 0 3 5.231e+02 5.269e+02 35
53530 27 0 2 5.449e+02 5.471e+02 20 0 1 6.080e+02 6.100e+02 18 0 1 4.377e+02 4.443e+02 60 0 2 4.512e+02 4.728e+02 200 0 1 5.600e+02 5.740e+02 130 0 2 6.275e+02 6.325e+02 46 0 2 6.586e+02 6.854e+02 248 0 3 5.482e+02 5.858e+02 349 0 4 6.241e+02 6.359e+02 109 0 4 6.563e+02 6.877e+02 292 0 4 5.818e+02 5.942e+02 116 0 1 6.309e+02 6.711e+02 374 0 3 6.342e+02 6.678e+02 312 1 3 5.648e+02 5.692e+02 41 1 1 6.080e+02 6.100e+02 18 1 2 5.802e+02 5.958e+02 145 1 3 6.084e+02 6.096e+02 11 1 4 5.832e+02 5.928e+02 90 1 4 6.204e+02 6.396e+02 178 1 2 5.712e+02 6.048e+02 311 1 2 6.132e+02 6.468e+02 312 2 4 6.219e+02 6.381e+02 150 2 1 1.635e+01 2.565e+01 86 2 2 1.256e+02 1.264e+02 7 2 3 1.833e+02 1.947e+02 106 2 4 1.192e+02 1.328e+02 126 2 3 8.743e+01 1.226e+02 326
53531 23 2 4 2.503e+02 2.537e+02 31 2 2 2.935e+02 2.945e+02 9 2 3 5.670e+02 5.670e+02 -1 2 4 3.333e+02 3.387e+02 50 2 4 5.824e+02 5.936e+02 105 2 2 2.423e+02 2.617e+02 180 2 3 2.719e+02 2.741e+02 20 2 4 5.281e+02 5.639e+02 333 2 3 3.550e+02 3.590e+02 36 2 3 6.008e+02 6.172e+02 152 2 1 8.185e+00 3.382e+01 238 2 1 3.814e+02 4.166e+02 327 2 4 7.554e+01 9.246e+01 157 2 2 6.236e+02 6.364e+02 119 2 1 2.191e+02 2.429e+02 221 2 1 5.904e+02 6.276e+02 346 2 1 3.041e+02 3.259e+02 202 2 2 3.739e+02 3.821e+02 76 2 3 5.014e+01 7.586e+01 239 2 3 2.197e+02 2.423e+02 210 2 1 2.570e+02 2.890e+02 298 3 3 1.050e+02 1.050e+02 -2 3 1 1.509e+01 2.691e+01 110
53532 6 0 4 3.720e+02 3.840e+02 111 0 4 5.850e+02 5.910e+02 56 1 4 5.866e+02 5.894e+02 26 1 3 5.549e+02 5.791e+02 224 2 4 3.861e+01 4.539e+01 63 2 3 1.554e+01 2.646e+01 101
53533 6 1 3 2.695e+02 2.765e+02 66 1 1 2.581e+02 2.879e+02 277 1 2 2.817e+02 3.063e+02 229 1 1 4.276e+02 4.544e+02 249 1 4 2.775e+02 3.105e+02 307 1 4 3.182e+02 3.538e+02 330
53534 10 0 1 4.792e+02 4.868e+02 71 0 3 4.830e+02 4.830e+02 -2 0 4 5.798e+02 5.962e+02 152 0 4 4.889e+02 5.191e+02 281 0 1 5.961e+02 6.219e+02 239 0 2 4.446e+02 4.794e+02 323 0 3 5.980e+02 6.200e+02 204 2 3 2.100e+01 2.100e+01 -0 2 1 1.949e+01 2.251e+01 28 2 2 2.367e+01 6.033e+01 340
53535 0
53536 30 0 4 6.720e+02 6.720e+02 -11 2 4 5.867e+02 5.893e+02 24 2 2 5.030e+02 5.050e+02 18 2 2 7.702e+01 9.098e+01 130 2 2 5.797e+02 5.963e+02 154 2 3 1.927e+01 2.273e+01 32 2 2 3.358e+01 5.042e+01 156 2 4 4.972e+02 5.108e+02 126 2 4 3.448e+01 4.952e+01 140 2 1 5.995e+02 6.185e+02 176 2 4 2.627e+01 5.773e+01 292 2 4 4.914e+02 5.166e+02 234 2 3 5.931e+02 6.249e+02 296 2 3 4.669e+02 4.991e+02 300 3 1 2.671e+02 2.789e+02 109 3 4 7.729e+01 9.071e+01 125 3 4 2.933e+02 2.947e+02 14 3 2 3.752e+02 3.808e+02 52 3 3 2.674e+02 2.786e+02 105 3 3 5.306e+01 7.294e+01 185 3 2 2.867e+02 3.013e+02 136 3 1 2.266e+02 2.354e+02 82 3 1 3.045e+02 3.255e+02 195 3 2 2.806e+01 5.594e+01 259 3 3 3.437e+02 3.703e+02 247 3 4 2.455e+02 2.585e+02 121 3 1 3.791e+02 4.189e+02 370 3 3 2.201e+02 2.419e+02 203 3 2 2.396e+02 2.644e+02 230 3 4 2.368e+02 2.672e+02 283
53537 1 0 3 6.489e+02 6.531e+02 40
