15103 7 0 3 6.485e+02 6.535e+02 46 0 3 5.628e+02 5.712e+02 77 0 2 6.180e+02 6.420e+02 223 0 4 6.720e+02 6.720e+02 -0 0 1 6.325e+02 6.695e+02 343 0 3 5.502e+02 5.838e+02 311 3 2 4.058e+01 4.342e+01 26
15105 8 0 4 5.675e+02 6.085e+02 380 0 2 4.813e+02 5.267e+02 422 2 4 1.467e+02 1.893e+02 396 2 1 4.013e+01 8.587e+01 425 2 3 1.690e+02 2.090e+02 372 2 2 6.472e+02 6.968e+02 460 2 3 3.816e+01 8.784e+01 461 2 1 1.588e+00 4.041e+01 360
15106 5 0 4 5.793e+02 5.967e+02 162 1 3 6.073e+02 6.107e+02 31 1 4 6.235e+02 6.365e+02 121 1 2 5.738e+02 6.022e+02 263 1 1 5.943e+02 6.237e+02 273
15108 40 0 4 6.223e+02 6.377e+02 143 0 1 3.541e+02 3.599e+02 55 0 2 6.677e+02 6.763e+02 80 0 1 6.022e+02 6.158e+02 127 0 4 3.684e+02 3.876e+02 178 0 4 6.664e+02 6.776e+02 104 0 2 3.177e+02 3.543e+02 340 0 3 5.976e+02 6.204e+02 211 0 1 6.329e+02 6.691e+02 336 0 2 6.179e+02 6.421e+02 225 0 3 6.370e+02 6.650e+02 260 2 4 1.653e+02 1.707e+02 50 2 2 2.518e+02 2.522e+02 4 2 1 2.655e+02 2.805e+02 139 2 4 4.117e+02 4.283e+02 155 2 2 3.357e+02 3.363e+02 5 2 2 4.976e+02 5.104e+02 118 2 4 8.146e+01 8.654e+01 47 2 1 4.349e+02 4.471e+02 114 2 3 1.863e+02 1.917e+02 50 2 4 4.974e+02 5.106e+02 122 2 3 2.209e+02 2.411e+02 187 2 3 4.339e+02 4.481e+02 132 2 2 2.891e+02 2.989e+02 91 2 3 4.626e+02 5.034e+02 380 2 4 3.345e+02 3.375e+02 27 2 2 4.071e+02 4.329e+02 239 2 4 1.172e+02 1.348e+02 164 2 3 1.443e+02 1.497e+02 50 2 4 2.348e+02 2.692e+02 320 2 4 2.853e+02 3.027e+02 161 2 1 3.492e+02 3.648e+02 146 2 3 4.314e+01 8.286e+01 369 2 2 7.491e+01 9.309e+01 169 2 1 1.360e+02 1.580e+02 205 2 1 3.050e+02 3.250e+02 186 2 2 1.509e+02 1.851e+02 317 2 3 3.040e+02 3.260e+02 204 2 3 2.618e+02 2.842e+02 207 2 3 2.547e+02 2.913e+02 340
15111 13 0 1 3.561e+02 3.579e+02 17 0 2 3.304e+02 3.416e+02 104 0 2 2.832e+02 3.048e+02 200 0 3 3.826e+02 4.154e+02 305 0 4 3.305e+02 3.415e+02 103 0 1 2.955e+02 3.345e+02 362 0 2 3.724e+02 3.836e+02 104 0 4 3.670e+02 3.890e+02 205 1 2 4.151e+02 4.249e+02 91 2 3 2.017e+01 2.183e+01 16 2 2 3.829e+01 4.571e+01 69 2 1 2.753e+00 3.925e+01 339 2 4 2.470e+01 5.930e+01 321
15112 0
15113 50 0 1 5.232e+02 5.268e+02 33 0 4 6.607e+02 6.833e+02 210 0 2 4.876e+02 5.205e+02 306 0 4 5.849e+02 5.911e+02 57 0 2 6.269e+02 6.331e+02 58 0 1 5.925e+02 6.255e+02 306 0 3 5.901e+02 6.279e+02 350 1 4 6.277e+02 6.323e+02 42 1 3 6.004e+02 6.176e+02 160 1 1 5.487e+02 5.853e+02 340 1 2 6.096e+02 6.504e+02 379 2 1 2.003e+01 2.197e+01 18 2 2 4.171e+02 4.229e+02 54 2 4 8.056e+01 8.744e+01 64 2 2 5.439e+02 5.481e+02 39 2 4 1.674e+02 1.686e+02 10 2 2 6.268e+02 6.332e+02 60 2 4 2.080e+02 2.120e+02 38 2 2 6.700e+02 6.740e+02 36 2 4 3.919e+01 4.481e+01 52 2 4 4.169e+02 4.231e+02 57 2 3 9.479e+01 1.152e+02 190 2 2 4.983e+02 5.097e+02 106 2 1 1.803e+02 1.977e+02 162 2 1 5.605e+02 5.735e+02 121 2 3 2.285e+02 2.335e+02 47 2 4 5.764e+02 5.996e+02 216 2 2 2.851e+01 5.549e+01 250 2 4 6.720e+02 6.720e+02 -3 2 2 6.814e+01 9.986e+01 295 2 2 4.449e+02 4.791e+02 318 2 3 1.771e+02 2.009e+02 221 2 3 5.636e+02 5.704e+02 64 2 2 2.447e+02 2.593e+02 136 2 3 5.948e+02 6.232e+02 263 2 3 4.897e+01 7.703e+01 260 2 1 6.464e+02 6.556e+02 86 2 2 1.523e+02 1.837e+02 292 2 1 4.242e+02 4.578e+02 312 2 4 2.384e+02 2.656e+02 253 2 4 4.478e+02 4.762e+02 263 2 3 8.636e+00 3.336e+01 230 2 3 5.146e+02 5.354e+02 194 2 4 6.139e+02 6.461e+02 299 2 3 4.221e+02 4.599e+02 351 2 3 4.632e+02 5.028e+02 367 2 3 5.093e+02 5.407e+02 291 2 2 4.830e+02 5.250e+02 390 2 2 5.268e+02 5.652e+02 357 3 2 6.218e+02 6.382e+02 152
15114 7 0 1 5.608e+02 5.732e+02 116 0 4 5.867e+02 5.893e+02 24 0 3 5.559e+02 5.781e+02 206 2 4 7.603e+01 9.197e+01 148 2 2 1.141e+02 1.379e+02 221 2 2 7.361e+01 9.439e+01 193 2 4 5.252e+02 5.668e+02 386
15115 28 0 2 3.345e+02 3.375e+02 28 0 3 5.653e+02 5.687e+02 31 0 4 1.612e+02 1.748e+02 126 0 3 6.490e+02 6.530e+02 37 0 3 5.162e+02 5.338e+02 164 0 4 3.195e+02 3.525e+02 307 0 4 5.823e+02 5.937e+02 106 0 1 2.967e+02 3.333e+02 340 0 2 6.672e+02 6.768e+02 89 0 1 5.571e+02 5.769e+02 183 0 2 6.203e+02 6.397e+02 180 0 4 6.688e+02 6.752e+02 59 0 3 5.540e+02 5.800e+02 242 0 1 6.295e+02 6.725e+02 400 0 3 6.291e+02 6.729e+02 406 2 2 4.139e+01 4.261e+01 11 2 4 2.470e+02 2.570e+02 93 2 3 5.227e+02 5.273e+02 43 2 2 2.446e+02 2.594e+02 138 2 4 4.953e+02 5.127e+02 162 2 3 2.692e+02 2.768e+02 71 2 1 5.147e+02 5.353e+02 190 2 3 4.790e+01 7.810e+01 280 2 2 5.286e+02 5.634e+02 324 2 2 2.361e+02 2.679e+02 295 2 1 2.611e+02 2.849e+02 220 2 1 3.426e+00 3.857e+01 326 2 4 2.779e+02 3.101e+02 299
15116 7 0 1 5.604e+02 5.736e+02 122 0 4 5.786e+02 5.974e+02 175 0 3 6.419e+02 6.601e+02 170 0 4 6.166e+02 6.434e+02 249 2 2 2.460e+02 2.580e+02 111 2 4 2.501e+02 2.539e+02 36 2 3 2.579e+02 2.881e+02 281
15117 8 0 2 6.186e+02 6.414e+02 212 0 4 7.082e+01 9.718e+01 245 0 4 6.163e+02 6.437e+02 254 0 1 6.366e+02 6.654e+02 267 0 3 6.392e+02 6.628e+02 220 2 1 1.478e+01 2.722e+01 116 2 3 1.868e+01 2.332e+01 43 2 2 2.120e+01 6.280e+01 386
15118 3 1 2 5.794e+02 5.966e+02 160 1 4 5.814e+02 5.946e+02 122 2 1 3.076e+02 3.224e+02 138
15119 9 0 4 6.285e+02 6.315e+02 27 0 2 6.202e+02 6.398e+02 182 0 3 6.414e+02 6.606e+02 178 0 4 6.176e+02 6.424e+02 230 0 1 6.395e+02 6.625e+02 214 2 3 1.029e+02 1.071e+02 39 2 4 7.262e+01 9.538e+01 211 2 4 5.790e+02 5.970e+02 167 3 1 1.967e+01 2.233e+01 25
15120 15 1 2 1.204e+02 1.316e+02 104 1 2 7.971e+01 8.829e+01 80 1 4 1.209e+02 1.311e+02 96 1 1 4.740e+01 7.860e+01 290 1 1 9.833e+01 1.117e+02 124 1 3 1.255e+02 1.685e+02 400 3 4 4.180e+02 4.220e+02 38 3 1 4.829e+02 4.831e+02 2 3 1 3.969e+02 4.011e+02 39 3 3 4.827e+02 4.833e+02 6 3 1 4.350e+02 4.470e+02 112 3 4 5.031e+02 5.049e+02 16 3 2 4.028e+02 4.372e+02 319 3 4 4.927e+02 5.153e+02 210 3 2 4.848e+02 5.232e+02 357
15121 11 0 1 5.195e+02 5.305e+02 103 0 2 6.653e+02 6.787e+02 125 0 2 5.355e+02 5.565e+02 195 0 4 6.632e+02 6.808e+02 163 2 1 1.936e+01 2.264e+01 30 2 2 3.995e+01 4.405e+01 38 2 4 3.551e+01 4.849e+01 120 2 1 5.485e+01 7.115e+01 151 2 3 1.276e+01 2.924e+01 153 2 3 3.116e+00 3.888e+01 332 2 2 2.447e+01 5.953e+01 326
15122 7 0 3 6.510e+02 6.510e+02 -16 0 2 6.189e+02 6.411e+02 206 0 4 6.720e+02 6.720e+02 -8 0 2 5.326e+02 5.594e+02 249 0 1 6.455e+02 6.565e+02 103 0 1 5.549e+02 5.791e+02 225 1 1 5.189e+01 7.411e+01 206
15123 7 0 1 1.459e+02 1.481e+02 20 0 2 5.436e+02 5.484e+02 44 0 2 1.668e+02 1.692e+02 21 0 1 5.163e+02 5.337e+02 162 0 3 1.802e+02 1.978e+02 163 0 3 5.505e+02 5.835e+02 307 0 4 1.902e+02 2.298e+02 368
15124 1 0 1 6.241e+02 6.779e+02 500
15125 4 1 2 6.136e+02 6.464e+02 305 2 3 6.087e+02 6.093e+02 6 2 4 5.738e+02 6.022e+02 263 2 2 6.130e+02 6.470e+02 316
15126 0
15127 11 0 2 6.705e+02 6.735e+02 27 0 4 4.184e+02 4.216e+02 30 0 2 4.586e+02 4.654e+02 63 0 3 3.948e+02 4.032e+02 78 0 3 4.727e+02 4.933e+02 191 0 4 6.592e+02 6.848e+02 237 0 1 4.237e+02 4.583e+02 321 0 4 4.513e+02 4.727e+02 199 0 1 6.336e+02 6.684e+02 324 0 1 4.632e+02 5.028e+02 367 1 2 6.148e+02 6.452e+02 282
15128 14 0 4 3.348e+02 3.372e+02 23 0 1 5.250e+02 5.250e+02 -3 0 1 3.121e+02 3.179e+02 54 0 1 6.069e+02 6.111e+02 40 0 2 3.249e+02 3.471e+02 206 0 2 5.350e+02 5.570e+02 204 0 3 6.046e+02 6.134e+02 81 0 3 5.076e+02 5.424e+02 324 0 2 6.142e+02 6.458e+02 293 0 4 6.170e+02 6.430e+02 242 2 2 1.238e+02 1.282e+02 40 2 4 1.208e+02 1.312e+02 96 2 1 1.352e+02 1.588e+02 220 2 3 8.649e+01 1.235e+02 344
15129 107 0 4 6.300e+02 6.300e+02 -12 0 1 6.500e+02 6.520e+02 18 0 2 2.100e+02 2.100e+02 -11 0 1 3.979e+02 4.001e+02 20 0 2 5.040e+02 5.040e+02 -15 0 4 2.024e+02 2.176e+02 140 0 3 5.248e+02 5.252e+02 3 0 1 3.056e+02 3.244e+02 174 0 4 5.880e+02 5.880e+02 -1 0 3 2.171e+02 2.449e+02 259 0 4 6.713e+02 6.727e+02 12 0 2 2.796e+02 3.084e+02 268 0 2 4.610e+02 4.630e+02 18 0 2 3.605e+02 3.955e+02 326 0 1 5.635e+02 5.705e+02 66 0 1 6.090e+02 6.090e+02 -9 0 1 6.423e+02 6.597e+02 162 0 4 4.615e+02 4.625e+02 10 0 1 5.150e+02 5.350e+02 186 0 2 6.248e+02 6.352e+02 96 0 3 6.415e+02 6.605e+02 176 0 1 4.241e+02 4.579e+02 313 0 3 4.830e+02 4.830e+02 -13 0 2 5.370e+02 5.550e+02 166 0 4 5.794e+02 5.966e+02 160 0 4 6.580e+02 6.860e+02 260 0 3 4.227e+02 4.593e+02 340 0 4 4.964e+02 5.116e+02 141 0 3 5.510e+02 5.830e+02 297 0 3 5.995e+02 6.185e+02 176 0 2 6.553e+02 6.887e+02 310 0 1 4.744e+02 4.916e+02 159 0 4 6.125e+02 6.475e+02 326 0 2 4.463e+02 4.777e+02 291 1 4 5.880e+02 5.880e+02 -21 1 4 2.928e+02 2.952e+02 22 1 3 6.078e+02 6.102e+02 22 1 2 4.617e+02 4.623e+02 6 1 2 5.842e+02 5.918e+02 70 1 3 2.697e+02 2.763e+02 61 1 2 6.300e+02 6.300e+02 -10 1 1 2.228e+02 2.392e+02 153 1 2 5.728e+02 6.032e+02 283 1 4 6.300e+02 6.300e+02 -6 1 4 4.880e+02 5.200e+02 297 1 1 6.058e+02 6.122e+02 59 2 2 1.669e+02 1.691e+02 20 2 3 4.830e+02 4.830e+02 -2 2 1 2.310e+02 2.310e+02 -17 2 4 5.446e+02 5.474e+02 26 2 3 3.150e+02 3.150e+02 0 2 4 6.300e+02 6.300e+02 -10 2 1 3.562e+02 3.578e+02 16 2 3 5.817e+01 6.783e+01 90 2 1 4.389e+02 4.431e+02 39 2 4 1.257e+02 1.263e+02 5 2 4 5.861e+02 5.899e+02 35 2 3 1.890e+02 1.890e+02 -18 2 3 2.282e+02 2.338e+02 51 2 2 4.110e+02 4.290e+02 168 2 4 2.888e+02 2.992e+02 96 2 2 4.938e+02 5.142e+02 190 2 2 3.360e+02 3.360e+02 0 2 1 5.155e+02 5.345e+02 177 2 2 7.693e+01 9.107e+01 131 2 4 4.138e+02 4.262e+02 116 2 1 1.470e+02 1.470e+02 -5 2 4 4.517e+02 4.723e+02 190 2 4 2.471e+02 2.569e+02 90 2 4 5.693e+02 6.067e+02 347 2 3 2.599e+02 2.861e+02 243 2 3 4.348e+02 4.472e+02 116 2 4 3.713e+02 3.847e+02 125 2 4 4.877e+02 5.203e+02 303 2 4 2.380e+01 6.020e+01 338 2 1 3.865e+02 4.115e+02 231 2 4 8.043e+01 8.757e+01 66 2 3 3.860e+02 4.120e+02 241 2 3 1.435e+02 1.505e+02 66 2 2 2.468e+02 2.572e+02 96 2 2 3.613e+02 3.947e+02 310 2 1 4.973e+01 7.627e+01 246 2 3 9.470e+01 1.153e+02 191 2 1 1.825e+02 1.955e+02 121 2 4 2.001e+02 2.199e+02 184 2 2 1.146e+02 1.374e+02 212 2 3 1.351e+02 1.589e+02 220 2 3 2.132e+02 2.488e+02 330 2 2 1.095e+02 1.424e+02 306 2 2 1.560e+02 1.800e+02 222 2 2 2.334e+02 2.706e+02 346 2 4 6.450e+01 1.035e+02 362 2 4 1.525e+02 1.835e+02 288 2 4 2.346e+02 2.694e+02 324 2 4 1.929e+02 2.271e+02 318 3 3 3.140e+02 3.160e+02 19 3 1 4.410e+02 4.410e+02 0 3 4 1.236e+02 1.284e+02 45 3 1 4.724e+02 4.936e+02 196 3 1 1.954e+01 2.246e+01 27 3 4 2.893e+02 2.987e+02 87 3 2 3.737e+02 3.823e+02 80 3 2 4.198e+02 4.202e+02 3 3 4 7.208e+01 9.592e+01 221 3 4 2.339e+02 2.701e+02 336 3 4 2.825e+02 3.055e+02 213 3 2 4.079e+02 4.321e+02 225
15130 73 0 1 4.826e+02 4.834e+02 7 0 4 2.514e+02 2.526e+02 10 0 1 5.247e+02 5.253e+02 5 0 3 2.192e+02 2.428e+02 219 0 4 6.300e+02 6.300e+02 -6 0 2 2.891e+02 2.989e+02 90 0 2 6.717e+02 6.723e+02 6 0 2 2.453e+02 2.587e+02 125 0 3 4.793e+02 4.867e+02 68 0 1 2.594e+02 2.866e+02 253 0 2 5.450e+02 5.470e+02 18 0 2 1.956e+02 2.244e+02 268 0 2 6.222e+02 6.378e+02 146 0 1 2.140e+02 2.480e+02 316 0 4 6.720e+02 6.720e+02 -1 0 2 4.556e+02 4.684e+02 119 0 3 5.618e+02 5.722e+02 97 0 4 5.766e+02 5.994e+02 211 0 1 6.464e+02 6.556e+02 85 0 1 4.206e+02 4.614e+02 380 0 4 4.556e+02 4.684e+02 120 0 1 5.182e+02 5.318e+02 126 0 1 5.909e+02 6.271e+02 336 0 3 6.463e+02 6.557e+02 88 0 4 4.906e+02 5.174e+02 250 0 3 5.214e+02 5.286e+02 67 0 3 5.867e+02 6.313e+02 414 0 2 6.512e+02 6.928e+02 386 0 2 4.874e+02 5.206e+02 309 0 2 5.327e+02 5.593e+02 247 0 4 6.486e+02 6.954e+02 435 0 4 4.807e+02 5.273e+02 433 1 3 5.218e+02 5.282e+02 60 1 2 5.454e+02 5.466e+02 10 1 3 5.102e+02 5.398e+02 276 1 2 6.183e+02 6.417e+02 217 1 4 5.280e+02 5.640e+02 335 2 3 4.830e+02 4.830e+02 -8 2 4 1.678e+02 1.682e+02 4 2 1 6.477e+02 6.543e+02 60 2 4 2.482e+02 2.558e+02 71 2 4 5.840e+02 5.920e+02 74 2 3 3.150e+02 3.150e+02 -16 2 3 6.475e+02 6.545e+02 66 2 3 6.221e+01 6.379e+01 15 2 4 4.546e+02 4.694e+02 137 2 2 8.400e+01 8.400e+01 -9 2 3 5.551e+02 5.789e+02 221 2 1 1.888e+02 1.892e+02 3 2 4 6.212e+02 6.388e+02 163 2 1 2.670e+02 2.790e+02 111 2 2 6.518e+02 6.922e+02 376 2 1 1.891e+01 2.309e+01 39 2 3 9.905e+01 1.110e+02 110 2 2 1.656e+02 1.704e+02 46 2 4 2.005e+02 2.195e+02 177 2 4 2.837e+02 3.043e+02 192 2 1 5.741e+01 6.859e+01 104 2 4 7.617e+01 9.183e+01 146 2 3 1.768e+02 2.012e+02 226 2 2 2.356e+02 2.684e+02 305 2 3 2.561e+02 2.899e+02 315 2 3 7.690e+00 3.431e+01 247 2 2 1.140e+02 1.380e+02 222 2 3 1.323e+02 1.617e+02 273 2 4 2.340e+02 2.700e+02 334 2 2 2.963e+01 5.437e+01 230 2 4 6.598e+01 1.020e+02 335 2 2 1.546e+02 1.814e+02 248 2 4 2.564e+01 5.836e+01 304 2 2 1.043e+02 1.477e+02 404 2 4 1.556e+02 1.804e+02 230 2 3 4.853e+01 7.747e+01 269
15131 2 1 2 6.247e+02 6.353e+02 98 1 4 6.231e+02 6.369e+02 128
15132 1 2 2 8.137e+01 8.663e+01 49
15133 0
15134 13 0 4 3.470e+01 4.930e+01 136 1 4 5.880e+02 5.880e+02 -0 1 4 5.017e+02 5.063e+02 42 1 4 5.437e+02 5.483e+02 43 1 4 5.702e+02 6.058e+02 330 1 4 5.279e+02 5.641e+02 336 2 2 2.520e+02 2.520e+02 -23 2 1 2.730e+02 2.730e+02 0 2 3 1.445e+02 1.495e+02 46 2 3 2.211e+02 2.409e+02 185 2 1 2.557e+02 2.903e+02 320 2 4 1.521e+02 1.839e+02 295 2 4 2.434e+02 2.606e+02 159
15135 0
15136 10 0 3 4.814e+02 4.846e+02 30 0 2 6.705e+02 6.735e+02 28 0 4 6.703e+02 6.737e+02 31 0 4 4.905e+02 5.175e+02 250 0 4 5.698e+02 6.062e+02 337 0 2 6.530e+02 6.910e+02 353 2 3 1.040e+02 1.060e+02 18 2 4 2.835e+02 3.045e+02 196 2 4 1.134e+02 1.386e+02 235 2 4 1.531e+02 1.829e+02 277
15137 1 0 1 4.652e+02 5.008e+02 330
