56846 15 0 3 3.990e+02 3.990e+02 -11 0 3 2.729e+02 2.731e+02 1 0 4 2.837e+02 3.043e+02 191 0 4 4.115e+02 4.285e+02 158 0 2 2.025e+02 2.175e+02 140 1 4 6.210e+02 6.390e+02 168 2 2 3.774e+02 3.786e+02 11 2 3 4.397e+02 4.423e+02 25 2 3 4.781e+02 4.879e+02 91 2 3 3.965e+02 4.015e+02 46 2 3 3.807e+02 4.173e+02 340 2 2 3.578e+02 3.982e+02 375 3 1 2.718e+02 2.742e+02 23 3 4 7.334e+01 9.466e+01 198 3 4 1.126e+02 1.394e+02 248
56847 9 0 3 6.496e+02 6.524e+02 26 0 1 5.996e+02 6.184e+02 175 0 3 6.000e+02 6.180e+02 168 0 2 6.188e+02 6.412e+02 209 0 4 6.207e+02 6.393e+02 173 1 2 6.252e+02 6.348e+02 90 1 4 6.162e+02 6.438e+02 256 2 3 1.046e+02 1.054e+02 8 2 4 7.679e+01 9.121e+01 134
56848 0
56849 8 2 4 1.658e+02 1.702e+02 40 2 4 1.255e+02 1.265e+02 9 2 1 3.977e+02 4.003e+02 25 2 4 3.687e+02 3.873e+02 173 2 3 3.925e+02 4.055e+02 120 2 4 8.195e+01 8.605e+01 38 2 4 1.530e+02 1.830e+02 278 2 2 3.589e+02 3.971e+02 356
56850 17 0 1 6.510e+02 6.510e+02 -22 0 4 5.034e+02 5.046e+02 10 0 3 4.777e+02 4.883e+02 98 0 2 6.126e+02 6.474e+02 323 0 2 6.551e+02 6.889e+02 314 0 4 6.555e+02 6.885e+02 307 1 4 5.870e+02 5.890e+02 18 1 2 6.213e+02 6.387e+02 161 1 1 5.595e+02 5.745e+02 139 1 3 5.953e+02 6.227e+02 255 1 3 5.566e+02 5.774e+02 194 1 2 5.757e+02 6.003e+02 228 1 4 5.726e+02 6.034e+02 286 2 2 2.100e+02 2.100e+02 -20 2 3 1.787e+02 1.993e+02 190 2 4 1.979e+02 2.221e+02 225 2 1 2.191e+02 2.429e+02 220
56851 3 0 3 4.394e+02 4.426e+02 29 0 4 4.467e+02 4.773e+02 284 0 1 4.271e+02 4.549e+02 258
56852 16 0 1 6.496e+02 6.524e+02 26 0 4 4.563e+02 4.677e+02 106 0 3 6.489e+02 6.531e+02 39 0 2 6.604e+02 6.836e+02 215 0 4 6.554e+02 6.886e+02 309 1 4 5.422e+02 5.498e+02 71 1 1 5.157e+02 5.343e+02 172 1 2 5.361e+02 5.559e+02 183 1 3 5.124e+02 5.376e+02 235 2 4 3.766e+02 3.794e+02 26 2 3 2.030e+01 2.170e+01 13 2 1 1.449e+02 1.491e+02 40 2 3 3.882e+02 4.098e+02 200 2 3 1.418e+02 1.522e+02 96 2 4 2.725e+01 5.675e+01 274 2 2 1.084e+02 1.436e+02 326
56853 38 0 2 6.277e+02 6.323e+02 42 0 3 5.946e+02 6.234e+02 267 1 4 6.294e+02 6.306e+02 11 1 4 1.458e+02 1.902e+02 412 2 3 2.017e+01 2.183e+01 16 2 4 1.644e+02 1.716e+02 67 2 4 5.428e+02 5.492e+02 60 2 3 3.550e+02 3.590e+02 38 2 1 3.961e+02 4.019e+02 53 2 3 6.208e+01 6.392e+01 17 2 4 5.040e+02 5.040e+02 -4 2 2 8.285e+01 8.515e+01 21 2 1 5.653e+02 5.687e+02 31 2 1 1.432e+02 1.508e+02 70 2 3 4.304e+02 4.516e+02 197 2 1 2.216e+02 2.404e+02 174 2 2 4.562e+02 4.678e+02 107 2 3 3.016e+02 3.284e+02 248 2 3 5.225e+02 5.275e+02 47 2 4 3.764e+02 3.796e+02 30 2 4 5.728e+02 6.032e+02 283 2 4 3.260e+01 5.140e+01 175 2 4 7.042e+01 9.758e+01 252 2 1 4.241e+02 4.579e+02 315 2 3 1.750e+02 2.030e+02 260 2 4 4.477e+02 4.763e+02 266 2 2 1.986e+02 2.214e+02 211 2 2 5.363e+02 5.557e+02 180 2 4 3.317e+02 3.403e+02 80 2 3 3.803e+02 4.177e+02 347 2 2 3.049e+01 5.351e+01 214 2 3 5.543e+02 5.797e+02 236 2 1 1.733e+02 2.047e+02 291 2 1 5.496e+02 5.844e+02 323 2 2 3.717e+02 3.843e+02 117 2 1 4.700e+01 7.900e+01 297 2 1 3.742e+00 3.826e+01 320 3 1 3.295e+00 3.871e+01 329
56854 0
56855 10 2 4 4.117e+01 4.283e+01 16 2 2 8.079e+01 8.721e+01 60 2 2 2.491e+02 2.549e+02 54 2 3 6.212e+01 6.388e+01 16 2 4 8.168e+01 8.632e+01 43 2 4 2.476e+02 2.564e+02 81 2 3 1.738e+01 2.462e+01 67 2 3 8.680e+01 1.232e+02 338 2 2 2.336e+02 2.704e+02 341 2 2 2.999e+01 5.401e+01 223
56856 2 0 2 6.716e+02 6.724e+02 7 0 4 6.551e+02 6.889e+02 315
56857 4 0 1 4.727e+02 4.933e+02 192 0 3 4.701e+02 4.959e+02 240 0 4 4.857e+02 5.223e+02 340 0 2 4.789e+02 5.291e+02 466
56858 6 0 1 3.563e+02 3.577e+02 13 0 4 3.760e+02 3.800e+02 37 0 2 3.637e+02 3.923e+02 266 1 2 6.219e+02 6.381e+02 150 1 2 6.831e+01 9.969e+01 291 1 1 5.942e+02 6.238e+02 275
56859 0
56860 0
56861 3 3 3 4.799e+02 4.861e+02 57 3 2 5.029e+02 5.051e+02 20 3 4 4.429e+02 4.811e+02 356
56862 27 0 1 6.036e+02 6.144e+02 100 0 2 6.696e+02 6.744e+02 45 0 3 6.001e+02 6.179e+02 166 0 4 6.700e+02 6.740e+02 37 1 3 4.829e+02 4.831e+02 2 2 4 2.924e+02 2.956e+02 30 2 4 5.434e+02 5.486e+02 48 2 4 4.117e+01 4.283e+01 16 2 4 5.007e+02 5.073e+02 62 2 4 1.233e+02 1.287e+02 50 2 3 5.624e+02 5.716e+02 85 2 3 3.079e+02 3.221e+02 132 2 4 6.187e+02 6.413e+02 210 2 2 3.191e+02 3.529e+02 313 2 4 4.086e+02 4.314e+02 212 2 3 5.660e+01 6.940e+01 119 2 1 5.128e+02 5.372e+02 227 2 4 1.116e+02 1.404e+02 267 2 4 6.562e+02 6.878e+02 293 2 1 3.008e+02 3.292e+02 265 2 2 4.888e+02 5.192e+02 282 2 3 5.041e+01 7.559e+01 234 2 3 5.140e+02 5.360e+02 205 2 2 7.303e+01 9.497e+01 204 2 3 1.275e+02 1.665e+02 363 2 4 7.096e+01 9.704e+01 242 2 2 6.208e+01 1.059e+02 407
56863 8 2 3 1.456e+01 2.744e+01 120 2 1 6.472e+02 6.548e+02 71 2 2 2.087e+02 2.113e+02 24 2 1 7.559e+00 3.444e+01 250 2 1 1.752e+02 2.028e+02 256 2 4 2.041e+02 2.159e+02 110 2 3 1.708e+02 2.072e+02 339 2 4 1.960e+02 2.240e+02 260
56864 0
56865 13 0 3 1.155e+01 3.045e+01 176 1 1 1.384e+02 1.556e+02 160 1 2 1.602e+02 1.758e+02 146 1 3 1.330e+02 1.610e+02 260 1 2 1.548e+02 1.812e+02 246 2 4 2.485e+02 2.555e+02 65 2 2 7.890e+01 8.910e+01 95 2 3 2.231e+02 2.389e+02 147 2 4 7.917e+01 8.883e+01 90 2 2 2.414e+02 2.626e+02 196 2 3 4.431e+01 8.169e+01 347 2 4 1.931e+02 2.269e+02 315 2 3 2.557e+02 2.903e+02 322
56866 11 0 1 6.442e+02 6.578e+02 126 0 4 6.300e+02 6.300e+02 -14 0 3 6.465e+02 6.555e+02 84 0 3 6.011e+02 6.169e+02 147 0 2 6.206e+02 6.394e+02 174 0 4 6.176e+02 6.424e+02 230 2 3 2.100e+01 2.100e+01 -0 2 4 3.982e+01 4.418e+01 40 2 4 5.782e+02 5.978e+02 182 2 1 2.220e+02 2.400e+02 167 2 1 1.025e+01 3.175e+01 200
56867 19 0 2 6.592e+02 6.848e+02 238 0 4 6.550e+02 6.890e+02 316 1 3 4.787e+02 4.873e+02 80 1 4 4.973e+02 5.107e+02 125 1 3 4.642e+02 5.018e+02 350 1 1 5.450e+02 5.890e+02 409 1 4 6.035e+02 6.565e+02 493 2 3 1.509e+01 2.691e+01 110 2 3 2.664e+02 2.796e+02 123 2 2 7.293e+01 9.507e+01 206 2 4 2.818e+02 3.062e+02 226 2 3 4.565e+01 8.035e+01 322 2 4 7.370e+01 9.430e+01 191 2 3 1.666e+02 2.114e+02 416 2 3 2.079e+02 2.541e+02 429 2 1 3.081e+02 3.219e+02 129 2 4 5.835e+01 1.097e+02 476 2 3 1.218e+02 1.722e+02 468 3 3 5.992e+01 6.608e+01 57
56868 0
56869 3 0 4 4.596e+02 4.644e+02 45 2 1 1.459e+02 1.481e+02 20 2 1 1.363e+02 1.577e+02 200
56870 14 2 3 6.086e+02 6.094e+02 8 2 3 6.243e+01 6.357e+01 10 2 2 4.619e+02 4.621e+02 2 2 4 3.995e+01 4.405e+01 38 2 4 5.867e+02 5.893e+02 24 2 4 7.343e+01 9.457e+01 196 2 3 6.506e+02 6.514e+02 8 2 2 3.040e+01 5.360e+01 216 2 4 4.552e+02 4.688e+02 126 2 3 8.900e+01 1.210e+02 297 2 4 5.773e+02 5.987e+02 198 2 3 4.794e+01 7.806e+01 280 2 3 4.241e+02 4.579e+02 314 2 1 4.741e+02 4.919e+02 166
