60402 0
60403 10 2 2 4.076e+02 4.324e+02 230 2 4 4.114e+02 4.286e+02 159 2 3 4.283e+02 4.537e+02 236 3 2 5.441e+02 5.479e+02 36 3 3 6.501e+02 6.519e+02 17 3 3 5.641e+02 5.699e+02 53 3 3 6.087e+02 6.093e+02 6 3 1 5.094e+02 5.406e+02 290 3 3 5.549e+02 5.791e+02 226 3 3 5.052e+02 5.448e+02 367
60404 0
60405 10 0 2 6.711e+02 6.729e+02 17 0 4 6.711e+02 6.729e+02 17 0 1 6.350e+02 6.670e+02 296 0 3 6.331e+02 6.689e+02 333 2 3 6.154e+01 6.446e+01 27 2 4 5.306e+02 5.614e+02 286 2 4 2.681e+01 5.719e+01 282 2 4 4.880e+02 5.200e+02 296 2 3 5.479e+02 5.861e+02 356 2 1 4.516e+01 8.084e+01 331
60406 12 0 4 5.027e+02 5.053e+02 25 0 1 6.403e+02 6.617e+02 199 0 4 4.537e+02 4.703e+02 155 0 2 6.185e+02 6.415e+02 214 0 3 6.438e+02 6.582e+02 134 0 4 4.048e+02 4.352e+02 283 0 4 4.919e+02 5.161e+02 224 0 4 6.148e+02 6.452e+02 282 2 2 3.870e+01 4.530e+01 61 2 4 3.762e+01 4.638e+01 81 2 1 5.404e+01 7.196e+01 166 2 3 3.204e+00 3.880e+01 330
60407 0
60408 0
60409 19 0 2 6.291e+02 6.309e+02 16 0 4 5.037e+02 5.043e+02 6 0 4 6.705e+02 6.735e+02 28 0 1 4.349e+02 4.471e+02 113 0 2 4.592e+02 4.648e+02 51 0 3 6.450e+02 6.570e+02 110 0 1 4.762e+02 4.898e+02 126 0 2 6.635e+02 6.805e+02 158 0 3 4.813e+02 4.847e+02 31 0 4 6.592e+02 6.848e+02 238 0 2 4.950e+02 5.130e+02 166 2 2 3.991e+01 4.409e+01 39 2 2 7.845e+01 8.955e+01 103 2 4 3.798e+01 4.602e+01 75 2 4 7.585e+01 9.215e+01 151 2 3 4.875e+01 7.725e+01 265 2 3 3.157e+00 3.884e+01 331 2 1 4.615e+01 7.985e+01 313 2 1 1.541e+00 4.046e+01 361
60410 15 0 2 6.254e+02 6.346e+02 86 0 4 6.219e+02 6.381e+02 150 0 1 6.331e+02 6.689e+02 333 0 2 6.178e+02 6.422e+02 227 0 3 6.311e+02 6.709e+02 370 0 1 5.404e+02 5.936e+02 494 0 1 5.855e+02 6.325e+02 436 2 3 1.406e+01 2.794e+01 129 2 2 1.620e+02 1.740e+02 112 2 1 5.627e+00 3.637e+01 286 2 1 3.857e+02 4.123e+02 247 2 3 1.363e+02 1.577e+02 200 2 3 -3.527e+00 4.553e+01 456 2 4 1.472e+02 1.888e+02 387 2 1 1.214e+02 1.726e+02 476
60411 11 0 3 4.828e+02 4.832e+02 3 0 4 2.933e+02 2.947e+02 13 0 3 6.086e+02 6.094e+02 7 0 4 5.860e+02 5.900e+02 36 0 1 5.499e+02 5.841e+02 317 0 1 5.951e+02 6.229e+02 259 0 3 2.536e+02 2.924e+02 360 0 4 6.123e+02 6.477e+02 329 0 4 5.683e+02 6.077e+02 366 0 3 5.901e+02 6.279e+02 350 2 4 4.181e+02 4.219e+02 35
60412 4 2 3 1.810e+01 2.390e+01 54 2 2 3.618e+01 4.782e+01 108 2 1 6.613e+00 3.539e+01 267 2 3 9.396e+00 3.260e+01 216
60413 0
60414 0
60415 7 0 2 6.648e+02 6.792e+02 134 0 4 5.783e+02 5.977e+02 180 0 4 6.639e+02 6.801e+02 150 0 3 5.958e+02 6.222e+02 246 0 2 6.519e+02 6.921e+02 373 0 1 5.908e+02 6.272e+02 337 1 1 3.880e+02 4.100e+02 205
60416 7 0 4 4.570e+02 4.670e+02 92 0 4 6.619e+02 6.821e+02 187 0 3 4.759e+02 4.901e+02 131 2 3 6.257e+01 6.343e+01 8 2 4 3.747e+02 3.813e+02 61 2 4 1.077e+02 1.443e+02 340 2 2 6.836e+01 9.964e+01 290
60417 42 0 1 6.509e+02 6.511e+02 1 0 3 4.791e+02 4.869e+02 72 0 2 5.430e+02 5.490e+02 56 0 4 2.386e+02 2.654e+02 250 0 3 6.055e+02 6.125e+02 65 0 3 2.692e+02 2.768e+02 70 0 3 6.506e+02 6.514e+02 8 0 4 2.858e+02 3.022e+02 152 0 2 5.007e+02 5.073e+02 60 0 3 5.634e+02 5.706e+02 67 0 4 6.300e+02 6.300e+02 -0 0 2 6.720e+02 6.720e+02 -10 0 4 5.015e+02 5.065e+02 46 0 1 5.530e+02 5.810e+02 260 0 1 6.055e+02 6.125e+02 66 0 4 6.713e+02 6.727e+02 12 0 2 4.572e+02 4.668e+02 90 0 1 5.102e+02 5.398e+02 276 0 2 6.231e+02 6.369e+02 128 0 1 4.774e+02 4.886e+02 105 0 3 5.079e+02 5.421e+02 318 0 2 6.144e+02 6.456e+02 290 0 4 4.512e+02 4.728e+02 200 0 1 4.678e+02 4.982e+02 282 0 3 4.680e+02 4.980e+02 279 1 4 5.444e+02 5.476e+02 30 1 1 6.090e+02 6.090e+02 -10 1 3 6.088e+02 6.092e+02 3 1 2 6.287e+02 6.313e+02 25 1 4 6.266e+02 6.334e+02 64 1 3 6.005e+02 6.175e+02 157 1 1 5.963e+02 6.217e+02 236 1 3 5.953e+02 6.227e+02 255 2 1 1.458e+02 1.482e+02 23 2 4 4.191e+02 4.209e+02 17 2 4 2.097e+02 2.103e+02 6 2 4 4.582e+02 4.658e+02 70 2 2 1.993e+02 2.207e+02 199 2 3 4.741e+02 4.919e+02 166 2 4 6.165e+02 6.435e+02 250 2 1 2.193e+02 2.427e+02 218 2 3 2.178e+02 2.442e+02 245
60418 0
60419 4 0 3 4.397e+02 4.423e+02 25 0 4 4.011e+02 4.389e+02 350 1 2 2.866e+02 3.014e+02 138 1 1 3.024e+02 3.276e+02 234
60420 0
60421 0
60422 4 2 4 5.002e+02 5.078e+02 70 2 1 5.168e+02 5.332e+02 152 2 2 4.923e+02 5.157e+02 218 2 3 5.077e+02 5.423e+02 320
60423 0
60424 13 0 1 6.430e+02 6.590e+02 148 0 1 5.180e+02 5.320e+02 130 0 3 6.423e+02 6.597e+02 161 0 3 5.166e+02 5.334e+02 156 0 2 6.599e+02 6.841e+02 225 0 2 5.309e+02 5.611e+02 280 0 4 6.617e+02 6.823e+02 191 1 4 5.869e+02 5.891e+02 21 1 3 6.066e+02 6.114e+02 45 2 2 3.937e+01 4.463e+01 49 2 4 3.304e+01 5.096e+01 166 2 1 5.132e+00 3.687e+01 295 2 3 8.228e+00 3.377e+01 237
60425 17 0 4 5.034e+02 5.046e+02 10 0 3 4.682e+02 4.978e+02 276 2 4 3.349e+02 3.371e+02 21 2 3 1.846e+01 2.354e+01 47 2 2 1.615e+02 1.745e+02 121 2 1 3.525e+02 3.615e+02 83 2 4 3.919e+01 4.481e+01 52 2 2 1.170e+02 1.350e+02 168 2 1 1.820e+02 1.960e+02 130 2 2 3.246e+02 3.474e+02 211 2 1 2.352e+00 3.965e+01 346 2 4 1.171e+02 1.349e+02 165 2 3 1.358e+02 1.582e+02 207 2 3 3.442e+02 3.698e+02 238 2 3 9.331e+01 1.167e+02 217 2 4 1.494e+02 1.866e+02 346 3 1 2.012e+01 2.188e+01 16
60426 0
