573 0
580 1 0 4 6.032e+02 6.568e+02 498
582 0
583 7 0 3 6.503e+02 6.517e+02 13 0 4 4.200e+02 4.200e+02 -6 0 2 4.602e+02 4.638e+02 33 0 1 6.404e+02 6.616e+02 197 0 2 6.148e+02 6.452e+02 283 0 4 6.546e+02 6.894e+02 324 0 3 4.218e+02 4.602e+02 357
584 2 3 2 4.602e+02 4.638e+02 34 3 1 4.747e+02 4.913e+02 154
585 0
586 6 0 3 6.016e+02 6.164e+02 138 1 3 3.145e+02 3.155e+02 10 1 1 3.554e+02 3.586e+02 30 1 2 3.338e+02 3.382e+02 40 1 4 2.866e+02 3.014e+02 138 1 1 3.035e+02 3.265e+02 214
587 16 0 2 6.709e+02 6.731e+02 21 0 1 6.018e+02 6.162e+02 133 0 4 6.720e+02 6.720e+02 -1 0 3 6.016e+02 6.164e+02 138 0 1 6.475e+02 6.545e+02 65 0 2 6.166e+02 6.434e+02 249 0 3 6.458e+02 6.562e+02 97 0 4 6.179e+02 6.421e+02 224 0 1 6.341e+02 6.679e+02 315 0 1 6.254e+02 6.766e+02 476 2 2 1.680e+02 1.680e+02 -8 2 4 3.995e+01 4.405e+01 38 2 4 1.627e+02 1.733e+02 98 2 3 6.300e+01 6.300e+01 -11 2 1 1.828e+02 1.952e+02 115 2 3 1.820e+02 1.960e+02 130
588 12 0 4 6.282e+02 6.318e+02 34 0 3 5.921e+02 6.259e+02 315 0 4 6.546e+02 6.894e+02 324 0 2 4.853e+02 5.227e+02 348 0 2 4.399e+02 4.841e+02 410 0 4 4.388e+02 4.852e+02 430 3 1 3.508e+02 3.632e+02 115 3 2 4.148e+02 4.252e+02 96 3 3 3.918e+02 4.062e+02 134 3 3 3.814e+02 4.166e+02 326 3 3 3.397e+02 3.743e+02 321 3 2 3.604e+02 3.956e+02 326
589 9 0 3 4.828e+02 4.832e+02 3 0 3 4.410e+02 4.410e+02 0 0 4 3.716e+02 3.844e+02 119 0 3 3.985e+02 3.995e+02 10 0 4 5.009e+02 5.071e+02 58 0 4 6.791e+01 1.001e+02 299 0 4 4.033e+02 4.367e+02 310 2 4 4.076e+01 4.324e+01 23 2 3 4.547e+01 8.053e+01 326
590 0
592 44 0 4 6.294e+02 6.306e+02 11 0 1 3.975e+02 4.005e+02 27 0 3 5.222e+02 5.278e+02 52 0 2 7.437e+01 9.363e+01 179 0 3 6.084e+02 6.096e+02 11 0 3 9.748e+01 1.125e+02 140 0 2 6.694e+02 6.746e+02 49 0 4 4.194e+02 4.206e+02 11 0 4 6.863e+01 9.937e+01 286 0 1 5.179e+02 5.321e+02 131 0 1 9.079e+01 1.192e+02 264 0 2 6.270e+02 6.330e+02 56 0 4 6.700e+02 6.740e+02 38 0 3 4.385e+02 4.435e+02 46 0 4 4.426e+02 4.814e+02 360 0 1 6.043e+02 6.137e+02 88 0 1 6.419e+02 6.601e+02 169 0 1 3.901e+02 4.079e+02 166 0 2 4.845e+02 5.235e+02 363 0 3 5.951e+02 6.229e+02 259 0 3 6.424e+02 6.596e+02 159 0 3 3.844e+02 4.136e+02 271 0 1 5.950e+02 6.230e+02 260 0 4 6.131e+02 6.469e+02 314 1 1 6.067e+02 6.113e+02 42 1 3 9.440e+00 3.256e+01 215 2 3 1.653e+01 2.547e+01 83 2 3 5.196e+02 5.304e+02 100 2 4 7.886e+01 8.914e+01 96 2 4 1.592e+02 1.768e+02 164 2 2 5.424e+02 5.496e+02 67 2 2 2.087e+02 2.113e+02 25 2 4 4.894e+02 5.186e+02 271 2 1 1.303e+01 2.897e+01 148 2 1 5.081e+02 5.419e+02 313 2 3 9.627e+01 1.137e+02 162 2 3 1.772e+02 2.008e+02 220 2 4 1.953e+02 2.247e+02 273 2 2 2.981e+01 5.419e+01 226 2 2 6.791e+01 1.001e+02 299 2 3 1.283e+02 1.657e+02 347 2 1 2.150e+02 2.470e+02 297 2 4 2.488e+01 5.912e+01 318 2 3 1.945e+00 4.005e+01 354
594 0
596 44 0 3 6.090e+02 6.090e+02 -17 0 2 3.759e+02 3.801e+02 40 0 3 6.502e+02 6.518e+02 15 0 1 3.948e+02 4.032e+02 77 0 4 5.026e+02 5.054e+02 26 0 2 6.300e+02 6.300e+02 -14 0 2 6.712e+02 6.728e+02 15 0 1 4.285e+02 4.535e+02 231 0 1 4.793e+02 4.867e+02 70 0 4 6.251e+02 6.349e+02 90 0 4 6.716e+02 6.724e+02 7 0 1 5.988e+02 6.192e+02 189 0 3 6.348e+02 6.672e+02 301 0 3 5.957e+02 6.223e+02 247 1 1 6.090e+02 6.090e+02 -22 1 4 4.495e+02 4.745e+02 231 1 4 5.833e+02 5.927e+02 87 1 2 4.041e+02 4.359e+02 296 1 3 5.627e+02 5.713e+02 80 1 3 5.921e+02 6.259e+02 314 1 1 5.535e+02 5.805e+02 251 1 2 6.149e+02 6.451e+02 281 1 4 6.162e+02 6.438e+02 256 2 4 6.265e+02 6.335e+02 65 2 4 3.771e+02 3.789e+02 17 2 1 6.471e+02 6.549e+02 72 2 1 6.221e+01 6.379e+01 15 2 3 3.056e+02 3.244e+02 176 2 3 6.489e+02 6.531e+02 39 2 2 3.360e+02 3.360e+02 -24 2 3 3.990e+02 3.990e+02 -20 2 1 2.100e+01 2.100e+01 -7 2 4 6.630e+02 6.810e+02 167 2 4 7.339e+01 9.461e+01 197 2 2 4.178e+02 4.222e+02 41 2 4 3.360e+02 3.360e+02 -13 2 3 5.530e+01 7.070e+01 143 2 2 6.881e+01 9.919e+01 282 2 1 3.523e+02 3.617e+02 88 2 3 1.209e+01 2.991e+01 166 2 4 2.510e+01 5.890e+01 314 2 3 4.565e+01 8.035e+01 322 2 1 5.583e+00 3.642e+01 286 3 4 3.327e+02 3.393e+02 61
599 19 0 1 6.464e+02 6.556e+02 86 0 3 5.176e+02 5.324e+02 138 0 2 6.240e+02 6.360e+02 112 0 1 5.173e+02 5.327e+02 143 0 4 6.203e+02 6.397e+02 180 0 2 6.572e+02 6.868e+02 276 0 2 5.318e+02 5.602e+02 263 0 4 6.566e+02 6.874e+02 286 1 4 6.285e+02 6.315e+02 27 1 3 6.072e+02 6.108e+02 33 1 4 5.719e+02 6.041e+02 299 2 4 3.560e+01 4.840e+01 119 2 4 2.014e+02 2.186e+02 159 2 2 3.435e+01 4.965e+01 142 2 4 1.124e+02 1.396e+02 252 2 3 5.176e+01 7.424e+01 209 2 3 1.704e+02 2.076e+02 346 3 4 2.067e+02 2.133e+02 61 3 4 1.512e+02 1.848e+02 312
600 0
601 23 0 3 5.236e+02 5.264e+02 26 0 4 5.878e+02 5.882e+02 3 0 3 6.487e+02 6.533e+02 43 0 4 4.185e+02 4.215e+02 27 0 1 5.183e+02 5.317e+02 124 0 2 6.210e+02 6.390e+02 168 0 1 6.470e+02 6.550e+02 75 0 3 3.812e+02 4.168e+02 330 0 2 4.885e+02 5.195e+02 288 0 1 5.543e+02 5.797e+02 236 0 4 6.176e+02 6.424e+02 230 0 2 6.614e+02 6.826e+02 197 0 3 5.501e+02 5.839e+02 313 0 2 6.131e+02 6.469e+02 314 0 4 6.628e+02 6.812e+02 170 0 4 6.119e+02 6.481e+02 336 0 1 6.397e+02 6.623e+02 210 2 3 1.891e+01 2.309e+01 39 2 4 5.340e+02 5.580e+02 222 2 2 3.430e+01 4.970e+01 143 2 1 9.800e+00 3.220e+01 208 2 4 4.048e+02 4.352e+02 283 2 4 2.640e+01 5.760e+01 290
602 1 2 4 1.940e+02 2.260e+02 298
603 0
606 5 0 1 6.084e+02 6.096e+02 10 2 4 1.244e+02 1.276e+02 30 2 2 3.215e+01 5.185e+01 183 2 1 1.431e+02 1.509e+02 72 2 3 2.565e+02 2.895e+02 306
609 2 0 2 6.669e+02 6.771e+02 94 0 3 6.380e+02 6.640e+02 241
612 25 0 3 4.784e+02 4.876e+02 85 0 2 1.633e+02 1.727e+02 88 0 1 5.221e+02 5.279e+02 53 0 4 5.871e+02 5.889e+02 17 0 2 6.716e+02 6.724e+02 8 0 3 5.149e+02 5.351e+02 188 0 1 6.080e+02 6.100e+02 18 0 4 6.710e+02 6.730e+02 19 0 2 5.309e+02 5.611e+02 280 0 3 6.071e+02 6.109e+02 36 0 1 6.451e+02 6.569e+02 109 0 2 6.205e+02 6.395e+02 177 0 3 6.414e+02 6.606e+02 178 0 4 6.182e+02 6.418e+02 219 0 1 6.363e+02 6.657e+02 272 0 2 6.113e+02 6.487e+02 347 0 1 6.313e+02 6.707e+02 366 1 3 5.987e+02 6.193e+02 191 1 2 6.207e+02 6.393e+02 173 2 3 6.510e+02 6.510e+02 -19 2 4 1.248e+02 1.272e+02 22 2 4 6.150e+02 6.450e+02 279 2 1 1.427e+02 1.513e+02 80 2 2 1.149e+02 1.371e+02 206 2 3 1.311e+02 1.629e+02 295
613 21 0 1 1.025e+02 1.075e+02 46 0 3 6.510e+02 6.510e+02 -10 0 1 4.353e+02 4.467e+02 106 0 2 3.673e+02 3.887e+02 200 0 4 4.583e+02 4.657e+02 68 0 1 5.155e+02 5.345e+02 176 0 2 6.215e+02 6.385e+02 157 0 1 6.474e+02 6.546e+02 67 0 3 4.278e+02 4.542e+02 245 0 3 5.556e+02 5.784e+02 211 0 2 6.600e+02 6.840e+02 223 0 4 6.575e+02 6.865e+02 269 1 2 6.292e+02 6.308e+02 15 1 2 5.849e+02 5.911e+02 58 1 4 6.292e+02 6.308e+02 15 1 1 5.598e+02 5.742e+02 134 1 3 5.993e+02 6.187e+02 180 1 4 5.755e+02 6.005e+02 231 1 2 6.138e+02 6.462e+02 301 1 4 6.138e+02 6.462e+02 301 2 4 7.083e+01 9.717e+01 245
616 48 0 1 2.691e+02 2.769e+02 73 0 3 4.817e+02 4.843e+02 24 0 3 6.074e+02 6.106e+02 29 0 3 2.710e+02 2.750e+02 38 0 1 3.530e+02 3.610e+02 74 0 3 4.372e+02 4.448e+02 71 0 2 2.346e+02 2.694e+02 323 0 2 4.617e+02 4.623e+02 6 0 2 2.916e+02 2.964e+02 44 0 3 5.234e+02 5.266e+02 29 0 2 3.193e+02 3.527e+02 310 0 2 6.293e+02 6.307e+02 13 0 4 2.363e+02 2.677e+02 292 0 2 6.715e+02 6.725e+02 9 0 4 2.782e+02 3.098e+02 294 0 1 4.365e+02 4.455e+02 84 0 4 3.166e+02 3.554e+02 360 0 4 4.562e+02 4.678e+02 108 0 1 2.964e+02 3.336e+02 345 0 2 5.379e+02 5.541e+02 151 0 4 6.283e+02 6.317e+02 32 0 4 6.710e+02 6.730e+02 18 0 3 4.311e+02 4.509e+02 184 1 4 6.291e+02 6.309e+02 16 1 2 5.873e+02 5.887e+02 13 1 1 6.083e+02 6.097e+02 13 1 3 6.023e+02 6.157e+02 125 1 2 6.292e+02 6.308e+02 15 1 3 5.910e+02 6.270e+02 334 2 4 3.318e+02 3.402e+02 77 2 4 4.608e+02 4.632e+02 23 2 3 1.918e+01 2.282e+01 34 2 3 1.451e+02 1.489e+02 36 2 1 4.827e+02 4.833e+02 6 2 2 2.909e+02 2.971e+02 58 2 1 3.824e+02 4.156e+02 308 2 2 3.699e+02 3.861e+02 151 2 3 4.719e+02 4.941e+02 206 2 1 1.442e+01 2.758e+01 122 2 3 3.792e+02 4.188e+02 368 2 4 1.173e+02 1.347e+02 162 2 2 4.494e+02 4.746e+02 234 2 2 1.664e+02 1.696e+02 30 2 4 3.608e+02 3.952e+02 320 2 4 2.941e+01 5.459e+01 234 2 4 3.175e+02 3.545e+02 344 2 2 2.286e+01 6.114e+01 356 2 3 3.390e+02 3.750e+02 334
627 66 0 1 5.653e+02 5.687e+02 32 0 3 2.718e+02 2.742e+02 22 0 4 5.873e+02 5.887e+02 13 0 4 3.756e+02 3.804e+02 45 0 2 6.720e+02 6.720e+02 -3 0 3 1.164e+01 3.036e+01 174 0 4 4.146e+02 4.254e+02 100 0 4 2.854e+02 3.026e+02 159 0 1 5.221e+02 5.279e+02 53 0 1 3.506e+02 3.634e+02 119 0 1 6.074e+02 6.106e+02 29 0 3 4.732e+00 3.727e+01 302 0 4 6.701e+02 6.739e+02 36 0 2 3.680e+02 3.880e+02 186 0 1 4.324e+02 4.496e+02 160 0 4 2.555e+01 5.845e+01 306 0 2 4.487e+02 4.753e+02 247 0 4 3.182e+02 3.538e+02 330 0 3 5.201e+02 5.299e+02 91 0 2 6.153e+02 6.447e+02 272 0 1 6.470e+02 6.550e+02 75 0 3 4.322e+02 4.498e+02 164 0 3 5.524e+02 5.816e+02 270 0 4 6.149e+02 6.451e+02 281 0 3 6.453e+02 6.567e+02 106 0 2 5.283e+02 5.637e+02 330 0 1 5.917e+02 6.263e+02 320 0 4 6.646e+02 6.794e+02 137 0 3 5.934e+02 6.246e+02 289 1 1 5.649e+02 5.691e+02 40 1 2 6.292e+02 6.308e+02 16 1 2 5.873e+02 5.887e+02 12 1 4 6.289e+02 6.311e+02 21 1 3 4.237e+02 4.583e+02 321 1 4 4.939e+02 5.141e+02 188 1 4 5.827e+02 5.933e+02 98 1 1 6.063e+02 6.117e+02 50 1 1 5.113e+02 5.387e+02 254 1 2 5.405e+02 5.515e+02 103 1 3 6.052e+02 6.128e+02 71 1 4 5.372e+02 5.548e+02 164 1 1 5.976e+02 6.204e+02 212 1 3 5.587e+02 5.753e+02 154 1 1 5.545e+02 5.795e+02 232 1 3 5.489e+02 5.851e+02 336 1 2 5.690e+02 6.070e+02 353 2 1 1.877e+02 1.903e+02 25 2 3 2.307e+02 2.313e+02 6 2 3 6.078e+01 6.522e+01 41 2 4 4.533e+02 4.707e+02 161 2 2 1.229e+02 1.291e+02 57 2 3 1.884e+02 1.896e+02 11 2 4 2.097e+02 2.103e+02 6 2 4 3.309e+01 5.091e+01 166 2 3 9.918e+01 1.108e+02 108 2 1 1.362e+02 1.578e+02 200 2 2 2.413e+02 2.627e+02 200 2 1 4.731e+01 7.869e+01 291 2 2 7.069e+01 9.731e+01 247 2 4 2.434e+02 2.606e+02 160 2 3 4.700e+01 7.900e+01 297 2 4 6.989e+01 9.811e+01 262 2 2 1.953e+02 2.247e+02 274 2 1 2.161e+02 2.459e+02 277 2 4 2.349e+02 2.691e+02 317 3 4 8.115e+01 8.685e+01 53
