52323 46 0 2 6.280e+02 6.320e+02 38 0 2 6.711e+02 6.729e+02 16 0 4 6.250e+02 6.350e+02 92 0 4 6.704e+02 6.736e+02 30 0 1 6.032e+02 6.148e+02 108 0 1 6.506e+02 6.514e+02 7 0 3 5.991e+02 6.189e+02 183 0 3 6.475e+02 6.545e+02 66 0 3 6.341e+02 6.679e+02 315 0 2 6.574e+02 6.866e+02 270 0 4 6.552e+02 6.888e+02 312 0 1 6.319e+02 6.701e+02 354 0 2 6.520e+02 6.920e+02 370 1 4 6.293e+02 6.307e+02 12 1 4 5.864e+02 5.896e+02 29 1 1 9.470e+01 1.153e+02 191 1 2 6.259e+02 6.341e+02 76 1 2 3.632e+02 3.928e+02 276 1 1 5.600e+02 5.740e+02 130 1 1 1.294e+02 1.646e+02 327 1 4 6.194e+02 6.406e+02 197 1 1 8.707e+01 1.229e+02 333 1 3 5.575e+02 5.765e+02 176 1 2 6.108e+02 6.492e+02 356 1 2 5.704e+02 6.056e+02 327 1 2 5.261e+02 5.659e+02 370 2 1 1.878e+02 1.902e+02 22 2 4 5.451e+02 5.469e+02 16 2 4 2.513e+02 2.527e+02 12 2 1 6.064e+01 6.536e+01 44 2 2 1.239e+02 1.281e+02 39 2 3 5.137e+02 5.363e+02 210 2 3 1.426e+02 1.514e+02 81 2 3 1.855e+01 2.345e+01 46 2 4 1.242e+02 1.278e+02 34 2 2 1.584e+02 1.776e+02 178 2 4 3.820e+01 4.580e+01 70 2 4 8.173e+01 8.627e+01 42 2 4 1.568e+02 1.792e+02 209 2 1 8.454e+00 3.355e+01 233 2 1 1.308e+02 1.632e+02 300 2 3 1.061e+01 3.139e+01 193 2 3 1.285e+02 1.655e+02 344 2 2 3.349e+01 5.051e+01 158 2 3 4.426e+01 8.174e+01 348 2 4 2.295e+01 6.105e+01 354
52324 10 0 4 5.794e+02 5.966e+02 160 0 2 3.660e+02 3.900e+02 222 0 1 3.789e+02 4.191e+02 373 0 4 3.582e+02 3.978e+02 368 1 2 1.625e+02 1.735e+02 103 1 2 1.498e+02 1.862e+02 339 2 1 1.133e+01 3.067e+01 180 2 3 1.518e+01 2.682e+01 108 2 3 3.338e+00 3.866e+01 328 2 2 2.187e+01 6.213e+01 374
52325 4 0 1 5.670e+02 5.670e+02 -20 0 4 5.845e+02 5.915e+02 65 1 3 3.147e+02 3.153e+02 6 1 4 2.881e+02 2.999e+02 109
52326 6 0 2 6.258e+02 6.342e+02 77 0 1 6.066e+02 6.114e+02 45 0 4 6.230e+02 6.370e+02 130 2 1 2.075e+01 2.125e+01 5 2 2 3.784e+01 4.616e+01 77 2 4 1.218e+02 1.302e+02 79
52327 17 0 1 4.812e+02 4.848e+02 33 0 4 3.336e+02 3.384e+02 46 0 4 6.700e+02 6.740e+02 36 0 2 6.217e+02 6.383e+02 154 0 2 6.692e+02 6.748e+02 51 0 4 4.914e+02 5.166e+02 235 0 4 6.182e+02 6.418e+02 219 0 1 6.389e+02 6.631e+02 224 0 2 4.876e+02 5.204e+02 305 0 3 6.417e+02 6.603e+02 172 0 1 6.335e+02 6.685e+02 326 0 3 6.336e+02 6.684e+02 324 1 2 5.869e+02 5.891e+02 20 1 2 6.261e+02 6.339e+02 73 1 2 6.135e+02 6.465e+02 307 1 2 5.699e+02 6.061e+02 336 1 4 6.130e+02 6.470e+02 316
52328 49 0 1 4.396e+02 4.424e+02 26 0 1 3.978e+02 4.002e+02 22 0 3 5.172e+02 5.328e+02 145 0 3 5.934e+02 6.246e+02 290 0 4 6.560e+02 6.880e+02 298 0 4 4.170e+02 4.230e+02 56 0 3 4.337e+02 4.483e+02 135 0 1 3.882e+02 4.098e+02 201 0 3 3.882e+02 4.098e+02 201 0 1 4.283e+02 4.537e+02 236 1 3 5.658e+02 5.682e+02 21 1 2 4.107e+01 4.293e+01 17 1 3 5.200e+02 5.300e+02 92 1 1 6.040e+02 6.140e+02 92 1 4 6.264e+02 6.336e+02 66 1 3 5.952e+02 6.228e+02 256 1 2 6.195e+02 6.405e+02 196 1 4 6.112e+02 6.488e+02 349 2 3 3.144e+02 3.156e+02 11 2 2 4.054e+01 4.346e+01 27 2 4 6.695e+02 6.745e+02 47 2 4 1.607e+02 1.753e+02 136 2 4 6.181e+02 6.419e+02 220 2 2 2.066e+02 2.134e+02 63 2 3 2.719e+02 2.741e+02 20 2 3 5.882e+02 6.298e+02 386 2 2 3.258e+02 3.462e+02 189 2 3 6.357e+02 6.663e+02 285 2 3 5.503e+01 7.097e+01 148 2 2 7.895e+01 8.905e+01 94 2 1 1.832e+02 1.948e+02 107 2 1 2.281e+02 2.339e+02 53 2 2 2.902e+02 2.978e+02 71 2 3 8.541e+00 3.346e+01 231 2 4 7.477e+01 9.323e+01 171 2 2 1.592e+02 1.768e+02 164 2 4 1.913e+02 2.287e+02 346 2 4 2.929e+02 2.951e+02 20 2 4 2.829e+01 5.571e+01 255 2 2 7.159e+01 9.641e+01 230 2 3 1.774e+02 2.006e+02 215 2 3 2.605e+02 2.855e+02 232 2 1 4.978e+01 7.622e+01 246 2 3 1.276e+02 1.664e+02 360 2 1 2.998e+02 3.302e+02 281 2 3 1.698e+02 2.082e+02 356 2 1 2.545e+02 2.915e+02 344 2 4 2.775e+02 3.105e+02 306 3 1 1.065e+01 3.135e+01 192
52329 0
52330 11 0 2 5.396e+02 5.524e+02 119 0 3 5.469e+02 5.871e+02 374 0 1 5.049e+02 5.451e+02 373 2 1 5.670e+02 5.670e+02 -19 2 3 5.637e+02 5.703e+02 60 2 4 5.332e+02 5.588e+02 237 2 2 5.293e+02 5.627e+02 310 3 1 3.962e+02 4.018e+02 52 3 3 3.910e+02 4.070e+02 148 3 2 4.087e+02 4.313e+02 210 3 4 4.091e+02 4.309e+02 203
52331 3 2 4 4.924e+02 5.156e+02 215 2 1 4.215e+02 4.605e+02 361 2 1 3.776e+02 4.204e+02 397
52332 0
52333 28 0 2 6.720e+02 6.720e+02 -13 0 1 6.497e+02 6.523e+02 25 0 3 6.456e+02 6.564e+02 100 0 2 6.644e+02 6.796e+02 141 0 2 6.586e+02 6.854e+02 250 0 4 6.611e+02 6.829e+02 203 1 4 2.909e+01 5.491e+01 240 1 3 -4.829e+00 4.683e+01 480 2 3 2.310e+02 2.310e+02 -7 2 1 2.097e+01 2.103e+01 0 2 3 4.405e+02 4.415e+02 9 2 4 1.249e+02 1.271e+02 20 2 1 4.820e+02 4.840e+02 19 2 2 1.617e+02 1.743e+02 117 2 2 4.528e+02 4.712e+02 170 2 1 2.287e+02 2.333e+02 43 2 4 4.076e+02 4.324e+02 230 2 4 2.916e+02 2.964e+02 45 2 4 4.439e+02 4.801e+02 336 2 1 5.813e+01 6.787e+01 90 2 3 4.261e+02 4.559e+02 277 2 4 1.633e+02 1.727e+02 88 2 3 1.267e+01 2.933e+01 155 2 2 6.441e+01 1.036e+02 364 2 1 1.778e+02 2.002e+02 208 2 2 1.913e+02 2.287e+02 348 2 3 1.733e+02 2.047e+02 292 2 4 1.926e+02 2.274e+02 324
52334 83 0 1 3.134e+02 3.166e+02 30 0 1 5.654e+02 5.686e+02 29 0 2 3.336e+02 3.384e+02 45 0 1 6.090e+02 6.090e+02 -24 0 2 4.009e+01 4.391e+01 36 0 2 6.720e+02 6.720e+02 -10 0 4 7.967e+01 8.833e+01 80 0 4 4.200e+02 4.200e+02 0 0 4 2.410e+02 2.630e+02 204 0 4 5.034e+02 5.046e+02 10 0 4 3.235e+02 3.485e+02 233 0 1 5.220e+02 5.280e+02 56 0 3 5.315e+01 7.285e+01 183 0 2 6.285e+02 6.315e+02 27 0 1 3.042e+02 3.258e+02 201 0 1 6.485e+02 6.535e+02 46 0 3 3.926e+02 4.054e+02 118 0 4 4.608e+02 4.632e+02 22 0 3 5.193e+02 5.307e+02 106 0 4 6.296e+02 6.304e+02 7 0 4 6.682e+02 6.758e+02 71 0 1 3.934e+02 4.046e+02 104 0 3 4.815e+02 4.845e+02 27 0 2 5.453e+02 5.467e+02 14 0 3 6.072e+02 6.108e+02 33 0 3 6.442e+02 6.578e+02 126 0 2 4.974e+02 5.106e+02 123 0 3 5.632e+02 5.708e+02 70 0 4 5.803e+02 5.957e+02 144 0 2 6.539e+02 6.901e+02 336 0 4 4.874e+02 5.206e+02 308 0 1 5.150e+02 5.350e+02 186 0 3 5.920e+02 6.260e+02 316 0 2 6.119e+02 6.481e+02 336 0 4 6.173e+02 6.427e+02 236 1 4 6.300e+02 6.300e+02 -24 1 4 5.880e+02 5.880e+02 -19 1 1 6.090e+02 6.090e+02 -12 1 4 4.960e+02 5.120e+02 148 1 4 5.444e+02 5.476e+02 29 1 3 6.039e+02 6.141e+02 94 1 1 5.198e+02 5.302e+02 97 1 1 5.604e+02 5.736e+02 123 1 2 6.295e+02 6.305e+02 9 1 2 4.915e+02 5.165e+02 232 1 3 5.635e+02 5.705e+02 66 1 2 5.799e+02 5.961e+02 150 1 2 5.700e+02 6.060e+02 335 1 2 5.289e+02 5.631e+02 318 2 1 1.890e+02 1.890e+02 -11 2 4 3.780e+02 3.780e+02 -10 2 2 4.018e+01 4.382e+01 34 2 4 1.680e+02 1.680e+02 -18 2 3 3.990e+02 3.990e+02 -4 2 2 2.939e+02 2.941e+02 1 2 1 4.797e+02 4.863e+02 61 2 3 1.236e+01 2.964e+01 160 2 2 5.425e+02 5.495e+02 66 2 2 1.562e+02 1.798e+02 219 2 2 2.075e+02 2.125e+02 47 2 1 3.888e+02 4.092e+02 189 2 3 3.134e+02 3.166e+02 30 2 3 4.830e+02 4.830e+02 -4 2 3 1.762e+02 2.018e+02 238 2 4 5.396e+02 5.524e+02 120 2 4 2.350e+02 2.690e+02 316 2 3 2.640e+02 2.820e+02 168 2 2 4.111e+02 4.289e+02 165 2 4 2.348e+01 6.052e+01 344 2 3 4.720e+02 4.940e+02 205 2 2 1.979e+02 2.221e+02 224 2 3 5.062e+02 5.438e+02 350 2 4 2.751e+02 3.129e+02 351 2 1 4.659e+01 7.941e+01 305 2 1 3.822e+02 4.158e+02 312 2 2 4.933e+02 5.147e+02 199 2 4 4.423e+02 4.817e+02 366 3 3 2.052e+01 2.148e+01 9 3 4 4.054e+01 4.346e+01 27 3 3 5.996e+01 6.604e+01 56 3 2 8.007e+01 8.793e+01 73 3 3 3.561e+00 3.844e+01 324 3 4 3.152e+01 5.248e+01 195
52335 1 0 4 6.560e+02 6.880e+02 297
52336 37 0 1 6.082e+02 6.098e+02 16 0 3 6.090e+02 6.090e+02 -3 0 2 6.678e+02 6.762e+02 77 0 4 6.122e+02 6.478e+02 331 0 4 6.634e+02 6.806e+02 160 0 2 6.545e+02 6.895e+02 325 0 4 6.530e+02 6.910e+02 353 1 2 5.768e+02 5.992e+02 207 2 2 4.170e+01 4.230e+01 6 2 4 2.520e+02 2.520e+02 -2 2 4 4.548e+02 4.692e+02 135 2 3 1.008e+02 1.092e+02 79 2 1 5.195e+02 5.305e+02 101 2 3 1.859e+02 1.921e+02 57 2 4 6.628e+02 6.812e+02 170 2 2 2.095e+02 2.105e+02 10 2 3 4.781e+02 4.879e+02 91 2 3 2.725e+02 2.735e+02 9 2 3 5.224e+02 5.276e+02 49 2 4 3.719e+02 3.841e+02 113 2 4 4.965e+02 5.115e+02 139 2 4 3.206e+01 5.194e+01 185 2 2 5.287e+02 5.633e+02 322 2 4 7.320e+01 9.480e+01 200 2 3 4.712e+02 4.948e+02 219 2 2 1.587e+02 1.773e+02 173 2 1 2.262e+02 2.358e+02 89 2 4 2.844e+02 3.036e+02 178 2 4 3.219e+02 3.501e+02 262 2 3 5.158e+01 7.442e+01 212 2 4 1.566e+02 1.794e+02 212 2 2 2.453e+02 2.587e+02 124 2 3 5.492e+00 3.651e+01 288 2 1 1.755e+02 2.025e+02 250 2 4 2.384e+02 2.656e+02 253 2 2 1.487e+02 1.873e+02 359 2 4 1.915e+02 2.285e+02 343
52337 3 0 4 6.616e+02 6.824e+02 193 0 1 5.588e+02 5.752e+02 152 0 2 6.534e+02 6.906e+02 346
52338 1 3 2 5.701e+02 6.059e+02 333
52339 12 0 4 6.289e+02 6.311e+02 20 0 3 6.465e+02 6.555e+02 84 0 1 6.319e+02 6.701e+02 356 0 4 6.505e+02 6.935e+02 399 1 3 4.781e+02 4.879e+02 90 2 4 2.931e+02 2.949e+02 17 2 4 7.603e+01 9.197e+01 148 2 3 3.053e+02 3.247e+02 180 2 2 3.179e+02 3.541e+02 336 2 4 6.733e+01 1.007e+02 310 2 1 2.981e+02 3.319e+02 314 2 1 3.384e+02 3.756e+02 346
52340 81 0 3 4.830e+02 4.830e+02 -8 0 3 1.049e+02 1.051e+02 1 0 1 5.656e+02 5.684e+02 26 0 2 2.517e+02 2.523e+02 6 0 4 6.720e+02 6.720e+02 -14 0 4 3.351e+02 3.369e+02 16 0 1 4.386e+02 4.434e+02 45 0 3 6.300e+01 6.300e+01 -17 0 4 5.002e+02 5.078e+02 70 0 1 2.263e+02 2.357e+02 87 0 3 5.670e+02 5.670e+02 -8 0 2 3.672e+02 3.888e+02 200 0 1 6.011e+02 6.169e+02 147 0 3 1.456e+01 2.744e+01 120 0 3 6.483e+02 6.537e+02 50 0 3 8.891e+01 1.211e+02 299 0 3 4.394e+02 4.426e+02 30 0 4 2.452e+02 2.588e+02 127 0 1 4.760e+02 4.900e+02 130 0 1 8.363e+00 3.364e+01 235 0 3 5.250e+02 5.250e+02 -10 0 3 2.570e+02 2.890e+02 296 0 2 6.194e+02 6.406e+02 197 0 4 2.981e+01 5.419e+01 226 0 2 6.702e+02 6.738e+02 34 0 4 4.042e+02 4.358e+02 293 0 2 4.506e+02 4.734e+02 212 0 3 5.120e+02 5.380e+02 242 0 4 5.806e+02 5.954e+02 137 0 1 6.391e+02 6.629e+02 221 0 4 4.476e+02 4.764e+02 268 0 1 5.553e+02 5.787e+02 218 0 4 6.139e+02 6.461e+02 300 0 4 6.611e+02 6.829e+02 203 1 3 6.090e+02 6.090e+02 -16 1 1 5.238e+02 5.262e+02 21 1 2 5.865e+02 5.895e+02 27 1 2 6.300e+02 6.300e+02 -16 1 3 5.209e+02 5.291e+02 76 1 4 5.851e+02 5.909e+02 55 1 4 6.293e+02 6.307e+02 12 1 2 4.957e+02 5.123e+02 155 1 2 5.460e+02 5.460e+02 -0 1 1 6.090e+02 6.090e+02 -8 1 1 5.571e+02 5.769e+02 185 2 4 1.680e+02 1.680e+02 -14 2 2 2.518e+02 2.522e+02 3 2 3 3.990e+02 3.990e+02 -24 2 1 2.730e+02 2.730e+02 -8 2 2 5.858e+02 5.902e+02 40 2 3 1.031e+02 1.069e+02 35 2 2 4.200e+02 4.200e+02 0 2 4 2.517e+02 2.523e+02 6 2 1 4.826e+02 4.834e+02 7 2 2 2.891e+02 2.989e+02 91 2 1 6.090e+02 6.090e+02 -4 2 4 4.125e+01 4.275e+01 14 2 1 6.455e+02 6.565e+02 101 2 2 1.177e+02 1.343e+02 154 2 4 4.132e+02 4.268e+02 127 2 1 1.862e+02 1.918e+02 52 2 3 5.558e+02 5.782e+02 208 2 4 5.733e+02 6.027e+02 272 2 3 2.624e+02 2.836e+02 197 2 1 4.395e+02 4.425e+02 27 2 1 5.705e+01 6.895e+01 110 2 3 4.382e+02 4.438e+02 51 2 4 7.724e+01 9.076e+01 126 2 3 1.795e+02 1.985e+02 177 2 3 2.310e+02 2.310e+02 -9 2 4 2.847e+02 3.033e+02 172 2 3 5.620e+01 6.980e+01 126 2 2 1.566e+02 1.794e+02 211 2 2 1.991e+02 2.209e+02 203 2 3 1.604e+01 2.596e+01 92 2 1 1.776e+02 2.004e+02 212 2 2 3.183e+01 5.217e+01 189 2 4 3.031e+01 5.369e+01 217 2 3 4.552e+01 8.048e+01 325 2 2 2.496e+01 5.904e+01 316 3 1 1.886e+01 2.314e+01 40
52341 13 0 2 6.241e+02 6.359e+02 109 0 1 1.394e+02 1.546e+02 141 0 2 6.669e+02 6.771e+02 94 0 4 6.224e+02 6.376e+02 141 0 2 1.529e+02 1.831e+02 280 0 4 6.684e+02 6.756e+02 66 0 3 5.524e+02 5.816e+02 271 0 3 1.686e+02 2.094e+02 378 0 1 6.310e+02 6.710e+02 371 0 4 1.477e+02 1.883e+02 377 0 1 5.076e+02 5.424e+02 323 0 3 6.289e+02 6.731e+02 411 1 1 5.084e+02 5.416e+02 309
52342 4 0 4 6.297e+02 6.303e+02 6 0 3 6.492e+02 6.528e+02 34 0 1 6.467e+02 6.553e+02 80 0 2 6.131e+02 6.469e+02 314
52343 7 0 2 6.700e+02 6.740e+02 36 0 2 1.256e+02 1.264e+02 8 0 2 1.121e+02 1.399e+02 259 2 2 1.244e+02 1.276e+02 29 2 3 9.851e+01 1.115e+02 120 2 1 1.376e+02 1.564e+02 176 2 4 6.423e+01 1.038e+02 367
52344 5 0 1 6.068e+02 6.112e+02 40 2 1 1.465e+02 1.475e+02 10 2 2 1.167e+02 1.353e+02 173 2 3 1.326e+02 1.614e+02 268 2 1 4.839e+01 7.761e+01 271
52345 1 0 3 2.225e+02 2.395e+02 157
52346 12 0 1 6.075e+02 6.105e+02 28 0 3 5.670e+02 5.670e+02 -0 0 2 6.205e+02 6.395e+02 176 1 2 6.277e+02 6.323e+02 42 1 4 5.842e+02 5.918e+02 70 1 3 6.013e+02 6.167e+02 143 1 3 5.597e+02 5.743e+02 136 1 1 5.993e+02 6.187e+02 180 1 2 5.769e+02 5.991e+02 206 2 4 1.569e+02 1.791e+02 206 2 4 2.361e+02 2.679e+02 295 2 1 4.241e+02 4.579e+02 315
52347 5 0 1 6.477e+02 6.543e+02 61 0 3 6.475e+02 6.545e+02 65 0 2 6.137e+02 6.463e+02 302 0 1 6.382e+02 6.638e+02 237 0 4 6.132e+02 6.468e+02 311
52348 70 0 4 2.510e+02 2.530e+02 19 0 1 6.499e+02 6.521e+02 20 0 1 3.144e+02 3.156e+02 11 0 3 5.650e+02 5.690e+02 36 0 4 3.359e+02 3.361e+02 2 0 4 5.857e+02 5.903e+02 42 0 2 1.252e+02 1.268e+02 16 0 3 6.504e+02 6.516e+02 10 0 1 2.283e+02 2.337e+02 50 0 2 5.458e+02 5.462e+02 4 0 3 2.198e+02 2.422e+02 207 0 1 6.050e+02 6.130e+02 75 0 2 3.233e+02 3.487e+02 236 0 2 6.700e+02 6.740e+02 36 0 1 8.739e+01 1.226e+02 327 0 4 4.066e+02 4.334e+02 250 0 2 2.362e+02 2.678e+02 293 0 2 4.913e+02 5.167e+02 236 0 1 5.641e+02 5.699e+02 54 0 2 6.237e+02 6.363e+02 117 0 4 6.682e+02 6.758e+02 71 0 1 3.861e+02 4.119e+02 239 0 3 5.569e+02 5.771e+02 187 0 4 6.264e+02 6.336e+02 66 0 2 6.604e+02 6.836e+02 215 0 1 5.523e+02 5.817e+02 272 0 3 5.934e+02 6.246e+02 290 0 3 5.485e+02 5.855e+02 343 0 2 6.161e+02 6.439e+02 259 0 1 5.072e+02 5.428e+02 331 0 2 5.285e+02 5.635e+02 325 1 3 5.607e+02 5.733e+02 116 1 3 6.052e+02 6.128e+02 71 1 3 4.699e+02 4.961e+02 244 1 4 5.781e+02 5.979e+02 185 1 2 6.293e+02 6.307e+02 12 1 2 5.707e+02 6.053e+02 322 1 4 6.267e+02 6.333e+02 60 1 3 5.477e+02 5.863e+02 358 1 1 6.046e+02 6.134e+02 81 2 4 6.285e+02 6.315e+02 28 2 2 2.096e+02 2.104e+02 8 2 3 4.398e+02 4.422e+02 22 2 4 3.767e+02 3.793e+02 25 2 2 4.605e+02 4.635e+02 28 2 4 4.004e+01 4.396e+01 36 2 3 5.655e+02 5.685e+02 27 2 4 1.194e+02 1.326e+02 123 2 3 6.474e+02 6.546e+02 66 2 3 1.822e+02 1.958e+02 127 2 4 2.083e+02 2.117e+02 31 2 1 4.281e+02 4.539e+02 240 2 2 1.138e+02 1.382e+02 227 2 2 4.499e+02 4.741e+02 226 2 1 1.435e+02 1.505e+02 66 2 4 5.381e+02 5.539e+02 146 2 3 2.185e+02 2.435e+02 233 2 2 6.622e+02 6.818e+02 182 2 1 1.992e+00 4.001e+01 353 2 2 4.040e+02 4.360e+02 296 2 4 1.562e+02 1.798e+02 219 2 1 6.321e+02 6.699e+02 350 2 2 1.974e+02 2.226e+02 235 2 4 4.062e+02 4.338e+02 256 2 1 1.785e+02 1.995e+02 196 2 4 1.947e+02 2.253e+02 284 2 3 1.288e+02 1.652e+02 339 2 2 1.524e+02 1.836e+02 290 2 3 1.708e+02 2.072e+02 339 3 4 7.406e+01 9.394e+01 185
52349 57 0 3 6.082e+02 6.098e+02 15 0 4 6.687e+02 6.753e+02 60 0 3 5.601e+02 5.739e+02 128 0 1 6.039e+02 6.141e+02 96 0 4 2.756e+02 3.124e+02 342 0 1 6.430e+02 6.590e+02 149 0 2 3.620e+02 3.940e+02 296 0 1 5.596e+02 5.744e+02 138 0 4 3.548e+02 4.012e+02 431 0 4 5.709e+02 6.051e+02 318 0 2 6.640e+02 6.800e+02 149 0 3 4.248e+02 4.572e+02 300 0 3 5.495e+02 5.845e+02 325 0 2 6.143e+02 6.457e+02 291 0 3 6.384e+02 6.636e+02 234 0 2 4.807e+02 5.273e+02 433 0 3 5.007e+02 5.493e+02 450 0 4 6.089e+02 6.511e+02 392 0 2 6.555e+02 6.885e+02 306 0 1 5.448e+02 5.892e+02 412 0 1 5.870e+02 6.310e+02 408 0 4 6.544e+02 6.896e+02 326 0 2 6.037e+02 6.563e+02 489 0 3 6.316e+02 6.704e+02 360 0 1 6.248e+02 6.772e+02 487 1 3 5.668e+02 5.672e+02 4 1 2 6.285e+02 6.315e+02 28 1 1 5.240e+02 5.260e+02 18 1 2 5.408e+02 5.512e+02 96 1 1 6.038e+02 6.142e+02 97 1 3 5.248e+02 5.252e+02 4 1 1 5.583e+02 5.757e+02 161 1 3 6.016e+02 6.164e+02 138 1 2 5.780e+02 5.980e+02 186 1 4 6.182e+02 6.418e+02 220 1 4 5.777e+02 5.983e+02 190 1 2 6.178e+02 6.422e+02 226 1 4 5.288e+02 5.632e+02 319 2 4 4.200e+02 4.200e+02 -4 2 2 4.074e+02 4.326e+02 234 2 4 1.515e+02 1.845e+02 306 2 3 4.269e+01 8.331e+01 377 2 3 3.819e+02 4.161e+02 318 2 2 6.396e+01 1.040e+02 372 2 4 6.181e+01 1.062e+02 412 3 2 5.007e+02 5.073e+02 61 3 2 5.460e+02 5.460e+02 -6 3 2 6.692e+02 6.748e+02 52 3 4 5.003e+02 5.077e+02 68 3 4 5.444e+02 5.476e+02 29 3 2 6.627e+02 6.813e+02 173 3 1 4.768e+02 4.892e+02 115 3 3 4.758e+02 4.902e+02 135 3 2 4.911e+02 5.169e+02 240 3 1 5.079e+02 5.421e+02 318 3 3 5.117e+02 5.383e+02 246 3 3 4.644e+02 5.016e+02 346
52350 7 0 2 6.286e+02 6.314e+02 26 0 4 6.271e+02 6.329e+02 54 0 2 6.675e+02 6.765e+02 84 0 3 6.323e+02 6.697e+02 348 2 3 1.417e+02 1.523e+02 98 2 2 1.627e+02 1.733e+02 98 2 4 1.086e+02 1.434e+02 323
52351 28 0 4 2.940e+02 2.940e+02 -22 0 4 1.604e+02 1.756e+02 140 0 1 2.299e+02 2.321e+02 20 0 3 2.592e+02 2.868e+02 257 0 2 2.829e+02 3.051e+02 206 0 2 6.509e+02 6.931e+02 392 0 1 2.548e+02 2.912e+02 338 0 4 6.513e+02 6.927e+02 385 0 3 6.269e+02 6.751e+02 447 2 3 3.143e+02 3.157e+02 13 2 3 6.090e+02 6.090e+02 -20 2 1 1.470e+02 1.470e+02 -8 2 4 5.786e+02 5.974e+02 174 2 4 2.100e+02 2.100e+02 -1 2 2 2.917e+02 2.963e+02 42 2 1 6.032e+02 6.148e+02 107 2 2 6.167e+02 6.433e+02 246 2 3 2.197e+02 2.423e+02 210 2 4 2.889e+02 2.991e+02 95 2 2 1.109e+02 1.411e+02 280 2 1 1.867e+02 1.913e+02 43 2 1 3.150e+02 3.150e+02 -2 2 3 3.396e+02 3.744e+02 324 2 3 1.389e+02 1.551e+02 151 2 1 2.691e+02 2.769e+02 72 2 4 1.597e+02 1.763e+02 154 2 2 2.781e+02 3.099e+02 295 2 1 1.314e+02 1.626e+02 290
52352 16 0 3 5.224e+02 5.276e+02 48 0 4 6.275e+02 6.325e+02 47 0 2 6.685e+02 6.755e+02 66 0 2 3.597e+02 3.963e+02 340 0 3 3.888e+02 4.092e+02 189 0 2 4.972e+02 5.108e+02 126 0 1 5.150e+02 5.350e+02 186 0 4 6.720e+02 6.720e+02 -6 0 4 4.115e+02 4.285e+02 157 0 3 4.748e+02 4.912e+02 152 0 4 6.573e+02 6.867e+02 274 0 1 3.797e+02 4.183e+02 358 0 2 6.548e+02 6.892e+02 319 2 3 2.043e+01 2.157e+01 10 2 1 1.595e+01 2.605e+01 94 2 4 1.147e+02 1.373e+02 210
52353 6 0 1 6.499e+02 6.521e+02 20 1 4 6.172e+02 6.428e+02 237 2 3 1.864e+01 2.336e+01 44 2 4 5.445e+02 5.475e+02 28 2 1 5.653e+02 5.687e+02 31 2 2 5.298e+02 5.622e+02 300
52354 0
52355 1 0 2 6.675e+02 6.765e+02 84
52356 5 1 1 6.089e+02 6.091e+02 1 1 4 6.252e+02 6.348e+02 89 1 2 5.701e+02 6.059e+02 333 2 4 4.122e+02 4.278e+02 146 2 1 4.288e+02 4.532e+02 227
52357 4 0 2 2.302e+02 2.738e+02 406 0 3 2.509e+02 2.951e+02 410 2 4 6.634e+02 6.806e+02 159 2 4 1.472e+02 1.888e+02 386
52358 0
52359 2 1 2 6.280e+02 6.320e+02 37 1 1 6.026e+02 6.154e+02 120
52360 5 0 3 5.250e+02 5.250e+02 -10 0 3 2.251e+02 2.369e+02 110 0 1 5.146e+02 5.354e+02 194 1 3 1.416e+02 1.524e+02 100 1 2 1.629e+02 1.731e+02 94
52361 11 0 4 6.278e+02 6.322e+02 41 0 4 5.828e+02 5.932e+02 97 0 4 6.662e+02 6.778e+02 107 0 1 6.032e+02 6.148e+02 108 0 2 6.232e+02 6.368e+02 127 0 3 5.938e+02 6.242e+02 282 1 4 6.296e+02 6.304e+02 8 1 1 6.065e+02 6.115e+02 46 1 3 5.944e+02 6.236e+02 271 1 2 6.124e+02 6.476e+02 326 2 4 6.527e+02 6.913e+02 359
52362 4 1 2 6.160e+02 6.440e+02 260 1 4 6.206e+02 6.394e+02 175 2 1 5.987e+00 3.601e+01 279 2 3 3.025e+00 3.897e+01 334
52363 1 1 1 6.079e+02 6.101e+02 20
52364 5 0 1 6.074e+02 6.106e+02 30 0 4 6.276e+02 6.324e+02 45 0 4 6.590e+02 6.850e+02 242 0 3 5.986e+02 6.194e+02 193 0 2 6.144e+02 6.456e+02 290
52365 3 0 2 6.716e+02 6.724e+02 8 0 4 6.683e+02 6.757e+02 68 0 1 6.319e+02 6.701e+02 355
