42357 0
42358 17 0 1 6.503e+02 6.517e+02 12 0 1 5.635e+02 5.705e+02 66 0 4 5.789e+02 5.971e+02 170 0 3 6.488e+02 6.532e+02 40 0 3 5.569e+02 5.771e+02 187 0 2 6.554e+02 6.886e+02 309 0 2 5.299e+02 5.621e+02 299 0 1 6.332e+02 6.688e+02 330 0 3 6.275e+02 6.745e+02 436 0 4 6.507e+02 6.933e+02 396 1 4 5.871e+02 5.889e+02 17 1 4 5.333e+02 5.587e+02 236 2 2 2.042e+02 2.158e+02 108 2 4 2.089e+02 2.111e+02 20 2 4 3.190e+02 3.530e+02 316 2 1 2.287e+02 2.333e+02 42 2 4 1.967e+02 2.233e+02 247
42360 19 0 4 6.296e+02 6.304e+02 7 0 3 3.966e+02 4.014e+02 45 0 3 6.037e+02 6.143e+02 98 0 2 6.718e+02 6.722e+02 4 0 3 5.623e+02 5.717e+02 87 0 2 6.245e+02 6.355e+02 103 0 4 6.616e+02 6.824e+02 193 0 4 4.066e+02 4.334e+02 248 0 1 5.481e+02 5.859e+02 350 0 4 5.790e+02 5.970e+02 167 0 1 3.874e+02 4.106e+02 216 0 1 5.965e+02 6.215e+02 233 0 2 6.174e+02 6.426e+02 234 0 3 5.921e+02 6.259e+02 313 0 4 5.680e+02 6.080e+02 371 2 2 3.820e+01 4.580e+01 70 2 2 8.025e+01 8.775e+01 70 2 4 3.120e+01 5.280e+01 200 2 3 9.305e+00 3.269e+01 217
42363 0
42364 1 0 3 6.090e+02 6.090e+02 -5
42365 19 0 1 6.493e+02 6.527e+02 31 0 1 5.571e+02 5.769e+02 184 0 3 4.351e+02 4.469e+02 110 0 2 5.361e+02 5.559e+02 184 0 3 4.244e+02 4.576e+02 308 0 1 6.258e+02 6.762e+02 468 2 3 6.300e+01 6.300e+01 -12 2 1 2.699e+02 2.761e+02 57 2 1 6.266e+01 6.334e+01 6 2 3 2.191e+02 2.429e+02 221 2 3 2.666e+02 2.794e+02 118 2 1 1.716e+01 2.484e+01 71 2 2 6.670e+01 1.013e+02 321 2 2 2.355e+02 2.685e+02 307 2 3 1.285e+01 2.915e+01 151 2 4 2.434e+01 5.966e+01 328 3 3 1.823e+01 2.377e+01 51 3 3 5.077e+01 7.523e+01 227 3 2 2.618e+01 5.782e+01 294
42366 9 0 2 6.267e+02 6.333e+02 62 0 4 6.293e+02 6.307e+02 12 0 1 5.926e+02 6.254e+02 305 0 4 2.415e+02 2.625e+02 195 0 1 2.193e+02 2.427e+02 218 0 3 5.924e+02 6.256e+02 309 2 4 7.868e+01 8.932e+01 99 2 3 3.030e+02 3.270e+02 223 2 3 3.455e+02 3.685e+02 213
42367 51 0 1 2.638e+02 2.822e+02 171 0 4 4.164e+02 4.236e+02 66 0 1 1.418e+02 1.522e+02 96 0 2 6.287e+02 6.313e+02 25 0 3 2.638e+02 2.822e+02 171 0 4 6.596e+02 6.844e+02 230 0 2 3.631e+02 3.929e+02 276 0 3 3.939e+02 4.041e+02 95 0 2 1.625e+02 1.735e+02 102 0 4 6.286e+02 6.314e+02 26 0 3 1.734e+02 2.046e+02 289 0 1 6.318e+02 6.702e+02 357 0 4 2.682e+02 3.198e+02 479 0 1 3.854e+02 4.126e+02 252 0 1 5.964e+02 6.216e+02 234 0 4 5.688e+02 6.072e+02 356 0 3 5.900e+02 6.280e+02 352 1 2 3.213e+02 3.507e+02 274 1 2 5.833e+02 5.927e+02 88 1 1 2.197e+02 2.423e+02 210 1 2 6.289e+02 6.311e+02 20 1 1 4.651e+02 5.009e+02 332 1 2 5.733e+02 6.027e+02 272 1 4 6.294e+02 6.306e+02 10 1 1 5.532e+02 5.808e+02 256 1 1 5.980e+02 6.200e+02 205 2 4 1.641e+02 1.719e+02 72 2 2 4.613e+02 4.627e+02 13 2 3 2.668e+02 2.792e+02 115 2 3 5.627e+02 5.713e+02 80 2 1 3.477e+02 3.663e+02 173 2 4 4.137e+02 4.263e+02 117 2 2 1.196e+02 1.324e+02 120 2 3 4.788e+02 4.872e+02 78 2 1 1.708e+02 2.072e+02 337 2 1 5.118e+02 5.382e+02 245 2 4 2.799e+02 3.081e+02 261 2 2 5.728e+02 6.032e+02 283 2 3 3.472e+02 3.668e+02 181 2 3 6.353e+02 6.667e+02 292 2 4 2.411e+01 5.989e+01 332 2 3 4.320e+02 4.500e+02 167 2 4 1.150e+02 1.370e+02 204 2 2 4.971e+02 5.109e+02 129 2 3 1.708e+02 2.072e+02 337 2 1 5.530e+02 5.810e+02 260 2 4 3.665e+02 3.895e+02 213 2 2 6.523e+02 6.917e+02 366 2 2 3.597e+02 3.963e+02 340 2 1 5.055e+02 5.445e+02 361 2 4 3.175e+02 3.545e+02 344
42368 19 0 3 4.772e+02 4.888e+02 108 0 3 5.539e+02 5.801e+02 243 0 2 4.837e+02 5.243e+02 377 0 1 5.522e+02 5.818e+02 275 1 3 6.089e+02 6.091e+02 2 1 2 5.839e+02 5.921e+02 76 1 2 6.294e+02 6.306e+02 10 1 4 6.300e+02 6.300e+02 -4 1 4 5.718e+02 6.042e+02 300 1 1 5.898e+02 6.282e+02 356 1 1 5.477e+02 5.863e+02 359 2 4 6.719e+02 6.721e+02 1 2 2 1.629e+02 1.731e+02 96 2 4 3.230e+02 3.490e+02 241 2 4 6.122e+02 6.478e+02 330 2 1 1.822e+02 1.958e+02 126 2 2 4.923e+02 5.157e+02 217 2 4 6.539e+02 6.901e+02 336 3 1 2.709e+00 3.929e+01 340
42369 7 3 4 3.344e+02 3.376e+02 29 3 1 4.776e+02 4.884e+02 100 3 2 4.958e+02 5.122e+02 152 3 2 5.350e+02 5.570e+02 204 3 4 5.001e+02 5.079e+02 72 3 3 5.493e+02 5.847e+02 329 3 3 5.122e+02 5.378e+02 237
42370 10 0 1 6.021e+02 6.159e+02 129 0 4 4.117e+02 4.283e+02 155 0 3 5.986e+02 6.194e+02 194 0 1 3.934e+02 4.046e+02 105 0 2 6.133e+02 6.467e+02 310 0 3 3.876e+02 4.104e+02 212 0 4 6.166e+02 6.434e+02 250 1 3 6.042e+02 6.138e+02 90 1 4 5.824e+02 5.936e+02 105 2 4 4.873e+02 5.207e+02 310
42371 17 0 2 2.494e+02 2.546e+02 49 0 3 2.704e+02 2.756e+02 49 0 1 2.248e+02 2.372e+02 115 0 4 2.875e+02 3.005e+02 121 0 2 2.426e+02 2.614e+02 174 0 1 2.172e+02 2.448e+02 256 1 4 5.400e+02 5.520e+02 110 1 3 5.559e+02 5.781e+02 206 2 2 7.998e+01 8.802e+01 75 2 3 3.094e+02 3.206e+02 104 2 4 3.349e+01 5.051e+01 158 2 4 7.365e+01 9.435e+01 192 2 4 2.829e+02 3.051e+02 206 2 3 5.153e+01 7.447e+01 213 2 2 2.749e+02 3.131e+02 356 2 1 4.381e+01 8.219e+01 356 3 4 6.700e+02 6.740e+02 38
42372 7 0 2 6.720e+02 6.720e+02 0 0 4 6.687e+02 6.753e+02 61 0 2 6.650e+02 6.790e+02 130 3 1 4.370e+02 4.450e+02 74 3 3 4.300e+02 4.520e+02 204 3 4 4.552e+02 4.688e+02 126 3 2 4.489e+02 4.751e+02 243
42374 0
42375 3 0 4 3.764e+02 3.796e+02 29 2 1 1.307e+01 2.893e+01 147 2 3 8.272e+00 3.373e+01 236
42378 0
42380 4 2 1 6.086e+02 6.094e+02 8 2 4 5.812e+02 5.948e+02 126 2 3 5.988e+02 6.192e+02 190 2 2 5.731e+02 6.029e+02 277
42381 13 0 4 6.269e+02 6.331e+02 57 0 2 5.433e+02 5.487e+02 50 0 3 5.593e+02 5.747e+02 142 0 3 5.476e+02 5.864e+02 360 0 4 5.663e+02 6.097e+02 404 0 1 5.089e+02 5.411e+02 300 0 1 5.478e+02 5.862e+02 357 1 2 6.231e+02 6.369e+02 128 1 4 6.256e+02 6.344e+02 82 1 2 6.173e+02 6.427e+02 236 1 3 5.913e+02 6.267e+02 328 2 3 5.988e+01 6.612e+01 58 2 4 2.932e+01 5.468e+01 236
42382 1 0 1 3.096e+02 3.204e+02 100
42383 7 0 3 5.194e+02 5.306e+02 105 0 2 4.891e+02 5.189e+02 276 0 3 5.122e+02 5.378e+02 238 1 3 5.934e+02 6.246e+02 290 1 2 5.712e+02 6.048e+02 312 2 4 1.227e+02 1.293e+02 60 3 3 5.536e+00 3.646e+01 287
42384 19 0 4 5.676e+02 6.084e+02 378 0 3 5.435e+02 5.905e+02 437 2 2 4.179e+02 4.221e+02 40 2 4 2.087e+02 2.113e+02 24 2 4 6.284e+02 6.316e+02 30 2 4 3.834e+01 4.566e+01 68 2 2 7.989e+01 8.811e+01 76 2 3 6.470e+02 6.550e+02 74 2 3 2.296e+02 2.324e+02 26 2 4 4.131e+02 4.269e+02 129 2 3 6.001e+01 6.599e+01 56 2 2 6.644e+02 6.796e+02 140 2 3 1.303e+02 1.637e+02 310 2 3 4.338e+02 4.482e+02 134 2 4 2.514e+02 2.526e+02 10 2 2 6.543e+02 6.897e+02 328 2 4 2.681e+01 5.719e+01 282 2 1 3.888e+02 4.092e+02 190 3 1 3.025e+00 3.897e+01 334
42385 18 0 1 4.343e+02 4.477e+02 124 0 4 2.443e+01 5.957e+01 326 2 1 1.931e+01 2.269e+01 31 2 3 3.960e+02 4.020e+02 56 2 1 3.125e+02 3.175e+02 47 2 1 5.248e+02 5.252e+02 3 2 2 3.762e+02 3.798e+02 34 2 2 4.193e+02 4.207e+02 12 2 3 5.804e+01 6.796e+01 92 2 4 4.172e+02 4.228e+02 52 2 1 2.712e+02 2.748e+02 34 2 2 3.657e+02 3.903e+02 229 2 4 4.091e+02 4.309e+02 202 2 3 9.127e+00 3.287e+01 220 2 3 3.826e+02 4.154e+02 304 2 2 2.887e+02 2.993e+02 99 2 4 2.860e+02 3.020e+02 149 2 3 2.583e+02 2.877e+02 272
42386 3 0 2 6.227e+02 6.373e+02 136 0 4 6.218e+02 6.382e+02 151 0 3 6.374e+02 6.646e+02 252
42387 1 0 1 6.471e+02 6.549e+02 73
42388 14 2 2 2.489e+02 2.551e+02 58 2 1 1.469e+01 2.731e+01 117 2 4 1.255e+02 1.265e+02 10 2 2 1.655e+02 1.705e+02 46 2 3 2.686e+02 2.774e+02 81 2 3 1.850e+01 2.350e+01 46 2 4 1.606e+02 1.754e+02 137 2 3 2.170e+02 2.450e+02 260 2 1 2.607e+02 2.853e+02 229 2 2 2.371e+01 6.029e+01 340 2 2 1.119e+02 1.401e+02 262 2 3 1.779e+02 2.001e+02 206 2 4 2.379e+02 2.661e+02 262 2 2 1.549e+02 1.811e+02 244
42390 5 0 4 6.274e+02 6.326e+02 48 0 2 6.249e+02 6.351e+02 96 0 3 5.926e+02 6.254e+02 305 2 4 5.750e+02 6.010e+02 241 2 4 5.697e+02 6.063e+02 340
42395 0
42396 18 0 1 6.510e+02 6.510e+02 -4 0 2 6.280e+02 6.320e+02 37 0 2 6.702e+02 6.738e+02 33 0 4 6.240e+02 6.360e+02 110 0 4 6.705e+02 6.735e+02 28 0 2 6.150e+02 6.450e+02 279 0 3 6.479e+02 6.541e+02 57 0 4 6.124e+02 6.476e+02 326 0 2 6.645e+02 6.795e+02 140 0 2 6.588e+02 6.852e+02 245 0 1 6.315e+02 6.705e+02 361 0 3 6.336e+02 6.684e+02 324 1 4 6.255e+02 6.345e+02 84 1 2 6.132e+02 6.468e+02 311 1 4 6.140e+02 6.460e+02 296 2 1 6.078e+01 6.522e+01 41 2 4 3.407e+01 4.993e+01 147 2 2 2.501e+01 5.899e+01 316
42398 16 2 2 1.224e+02 1.296e+02 66 2 1 5.628e+02 5.712e+02 79 2 3 1.437e+02 1.503e+02 62 2 4 4.461e+02 4.779e+02 296 2 3 2.209e+02 2.411e+02 188 2 3 5.175e+02 5.325e+02 140 2 2 2.871e+02 3.009e+02 129 2 2 5.346e+02 5.574e+02 211 2 1 8.905e+00 3.310e+01 225 2 4 1.169e+02 1.351e+02 169 2 2 1.595e+02 1.765e+02 158 2 4 2.426e+02 2.614e+02 174 2 1 2.604e+02 2.856e+02 235 2 3 9.187e+01 1.181e+02 244 2 1 1.726e+02 2.054e+02 304 2 2 2.353e+02 2.687e+02 310
