41867 3 2 3 4.383e+02 4.437e+02 50 2 2 4.578e+02 4.662e+02 77 2 4 1.968e+02 2.232e+02 246
41868 0
41869 13 2 1 1.725e+01 2.475e+01 70 2 3 4.779e+02 4.881e+02 95 2 3 9.982e+00 3.202e+01 205 2 2 7.594e+01 9.206e+01 150 2 3 8.873e+01 1.213e+02 302 2 1 4.359e+02 4.461e+02 96 2 4 4.484e+02 4.756e+02 252 2 3 4.334e+02 4.486e+02 141 2 4 4.882e+02 5.198e+02 293 2 2 4.472e+02 4.768e+02 276 3 3 1.263e+01 2.937e+01 156 3 4 3.340e+01 5.060e+01 160 3 1 4.471e+01 8.129e+01 340
41870 0
41873 3 2 4 7.738e+01 9.062e+01 123 2 4 2.385e+02 2.655e+02 250 2 3 2.640e+02 2.820e+02 167
41874 7 0 3 6.510e+02 6.510e+02 -5 0 2 6.185e+02 6.415e+02 214 0 2 6.717e+02 6.723e+02 6 0 4 2.378e+02 2.662e+02 265 0 4 6.166e+02 6.434e+02 250 0 4 6.718e+02 6.722e+02 5 0 1 6.473e+02 6.547e+02 69
41875 5 0 3 5.613e+02 5.727e+02 106 0 2 5.397e+02 5.523e+02 117 0 1 5.507e+02 5.833e+02 302 1 4 6.140e+02 6.460e+02 297 2 2 2.360e+02 2.680e+02 296
41876 0
41878 1 3 2 4.188e+02 4.212e+02 23
41879 3 0 2 3.360e+02 3.360e+02 0 0 4 3.354e+02 3.366e+02 10 0 2 5.407e+02 5.513e+02 98
41880 20 0 1 6.483e+02 6.537e+02 50 0 2 6.718e+02 6.722e+02 4 0 4 6.710e+02 6.730e+02 19 0 1 6.332e+02 6.688e+02 331 0 2 6.561e+02 6.879e+02 296 1 4 3.288e+02 3.432e+02 134 2 4 1.662e+02 1.698e+02 33 2 2 5.431e+02 5.489e+02 54 2 3 1.806e+01 2.394e+01 55 2 3 5.219e+02 5.281e+02 57 2 4 1.211e+02 1.309e+02 91 2 4 4.935e+02 5.145e+02 195 2 3 1.398e+02 1.542e+02 134 2 1 5.562e+02 5.778e+02 200 2 2 3.195e+02 3.525e+02 306 2 2 5.301e+02 5.619e+02 295 2 4 2.995e+01 5.405e+01 224 2 1 1.301e+02 1.639e+02 313 2 3 2.083e+00 3.992e+01 351 2 2 1.515e+02 1.845e+02 306
41881 11 0 2 6.269e+02 6.331e+02 57 0 2 6.689e+02 6.751e+02 57 0 1 3.487e+02 3.653e+02 154 0 4 6.263e+02 6.337e+02 68 0 4 6.683e+02 6.757e+02 69 0 1 5.914e+02 6.266e+02 327 0 2 6.606e+02 6.834e+02 211 0 3 6.331e+02 6.689e+02 333 2 2 2.097e+02 2.103e+02 5 2 4 2.018e+02 2.182e+02 152 2 3 2.192e+02 2.428e+02 220
41882 0
41883 50 0 4 4.620e+02 4.620e+02 -2 0 4 3.353e+02 3.367e+02 12 0 2 6.298e+02 6.302e+02 3 0 1 3.115e+02 3.185e+02 66 0 3 6.494e+02 6.526e+02 29 0 4 3.780e+02 3.780e+02 -8 0 4 5.008e+02 5.072e+02 59 0 3 5.817e+01 6.783e+01 90 0 3 5.250e+02 5.250e+02 -17 0 2 3.286e+02 3.434e+02 138 0 4 6.275e+02 6.325e+02 46 0 1 3.535e+02 3.605e+02 66 0 2 6.695e+02 6.745e+02 46 0 1 4.304e+02 4.516e+02 196 0 2 4.562e+02 4.678e+02 108 0 1 5.661e+02 5.679e+02 16 0 1 5.980e+02 6.200e+02 204 0 4 6.711e+02 6.729e+02 16 0 3 4.266e+02 4.554e+02 268 0 2 4.942e+02 5.138e+02 182 0 3 5.670e+02 5.670e+02 -5 0 3 5.949e+02 6.231e+02 262 0 1 6.484e+02 6.536e+02 49 0 1 4.250e+02 4.570e+02 297 0 2 5.405e+02 5.515e+02 101 0 2 6.121e+02 6.479e+02 332 0 2 6.633e+02 6.807e+02 162 0 2 5.318e+02 5.602e+02 263 0 4 6.635e+02 6.805e+02 157 0 1 6.359e+02 6.661e+02 280 0 2 6.547e+02 6.893e+02 321 0 4 6.549e+02 6.891e+02 318 1 3 6.081e+02 6.099e+02 17 1 1 5.205e+02 5.295e+02 83 1 2 5.865e+02 5.895e+02 27 1 2 6.300e+02 6.300e+02 -24 1 4 5.850e+02 5.910e+02 56 1 4 6.300e+02 6.300e+02 -5 1 1 5.074e+02 5.426e+02 326 1 1 5.634e+02 5.706e+02 67 1 1 6.084e+02 6.096e+02 11 1 3 5.581e+02 5.759e+02 166 2 4 5.038e+02 5.042e+02 4 2 3 5.250e+02 5.250e+02 -11 2 4 3.278e+02 3.442e+02 151 2 2 5.453e+02 5.467e+02 14 2 1 1.227e+01 2.973e+01 162 2 3 3.454e+02 3.686e+02 215 2 1 5.609e+02 5.731e+02 114 3 2 2.920e+02 2.960e+02 36
41884 3 0 3 5.454e+02 5.886e+02 401 2 1 -5.546e+00 4.755e+01 493 3 2 6.480e+02 6.960e+02 446
41889 8 0 3 6.379e+02 6.641e+02 243 0 2 6.595e+02 6.845e+02 232 0 4 6.555e+02 6.885e+02 307 0 1 6.302e+02 6.718e+02 386 0 2 6.457e+02 6.983e+02 488 2 1 9.487e+00 3.251e+01 214 2 4 6.764e+01 1.004e+02 304 2 3 5.583e+00 3.642e+01 286
41890 16 0 1 5.577e+02 5.763e+02 173 0 1 3.488e+02 3.652e+02 153 0 2 6.144e+02 6.456e+02 290 0 4 3.678e+02 3.882e+02 190 0 1 6.329e+02 6.691e+02 336 0 3 6.336e+02 6.684e+02 323 0 4 3.550e+02 4.010e+02 426 0 4 6.459e+02 6.981e+02 486 2 3 1.159e+01 3.041e+01 175 2 4 2.676e+01 5.724e+01 283 2 1 3.345e+02 3.795e+02 417 2 1 4.870e+01 7.730e+01 266 2 4 1.861e+02 2.339e+02 443 2 3 4.736e+01 7.864e+01 290 2 2 1.963e+01 6.437e+01 416 2 1 -2.137e+00 4.414e+01 430
41893 2 3 1 1.426e+02 1.514e+02 82 3 2 1.081e+02 1.439e+02 332
41894 11 1 2 5.318e+02 5.602e+02 264 1 4 5.334e+02 5.586e+02 235 1 1 5.528e+02 5.812e+02 263 1 3 5.448e+02 5.892e+02 413 2 1 5.824e+02 6.356e+02 494 3 3 5.499e+02 5.841e+02 317 3 4 4.443e+02 4.797e+02 329 3 2 5.750e+02 6.010e+02 242 3 4 5.699e+02 6.061e+02 336 3 1 5.479e+02 5.861e+02 354 3 2 5.685e+02 6.075e+02 361
41895 0
41897 0
41898 0
41899 1 0 4 5.638e+02 6.122e+02 449
41900 8 0 4 2.915e+02 2.965e+02 46 0 2 5.460e+02 5.460e+02 -10 0 3 4.313e+02 4.507e+02 180 0 4 4.103e+02 4.297e+02 180 0 3 5.524e+02 5.816e+02 271 0 1 4.256e+02 4.564e+02 286 0 1 5.076e+02 5.424e+02 323 1 2 6.129e+02 6.471e+02 317
41901 19 0 2 2.928e+02 2.952e+02 22 0 1 2.657e+02 2.803e+02 136 0 4 2.797e+02 3.083e+02 265 0 1 3.027e+02 3.273e+02 229 0 4 2.742e+02 3.138e+02 367 1 1 3.514e+02 3.626e+02 104 1 4 5.868e+02 5.892e+02 23 1 4 3.694e+02 3.866e+02 160 1 3 6.077e+02 6.103e+02 24 1 3 3.477e+02 3.663e+02 172 1 3 5.184e+02 5.316e+02 123 1 4 5.709e+02 6.051e+02 318 1 2 3.655e+02 3.905e+02 233 2 4 2.940e+02 2.940e+02 -3 2 3 3.139e+02 3.161e+02 20 2 3 3.510e+02 3.630e+02 111 2 1 2.048e+01 2.152e+01 10 2 1 1.438e+01 2.762e+01 123 2 3 6.522e+00 3.548e+01 269
41902 61 0 2 6.275e+02 6.325e+02 47 0 3 1.801e+01 2.399e+01 56 0 2 3.739e+02 3.821e+02 76 0 4 4.196e+02 4.204e+02 8 0 1 2.197e+02 2.423e+02 210 0 4 5.040e+02 5.040e+02 -3 0 4 3.676e+02 3.884e+02 194 0 1 5.240e+02 5.260e+02 19 0 1 6.657e+00 3.534e+01 266 0 4 5.827e+02 5.933e+02 98 0 4 3.209e+02 3.511e+02 280 0 4 6.715e+02 6.725e+02 9 0 3 3.896e+02 4.084e+02 176 0 1 5.629e+02 5.711e+02 76 0 1 6.073e+02 6.107e+02 31 0 1 6.488e+02 6.532e+02 40 0 1 3.850e+02 4.130e+02 260 0 3 5.613e+02 5.727e+02 106 0 3 6.044e+02 6.136e+02 85 0 3 6.469e+02 6.551e+02 76 0 3 5.138e+02 5.362e+02 209 0 2 6.203e+02 6.397e+02 180 0 1 6.400e+02 6.620e+02 205 0 2 5.366e+02 5.554e+02 175 0 4 6.231e+02 6.369e+02 128 0 4 6.595e+02 6.845e+02 231 1 3 6.090e+02 6.090e+02 -21 1 2 5.880e+02 5.880e+02 -5 1 2 6.300e+02 6.300e+02 -24 1 4 5.018e+02 5.062e+02 40 1 4 5.398e+02 5.522e+02 115 1 1 5.646e+02 5.694e+02 44 1 1 6.090e+02 6.090e+02 -24 1 4 5.783e+02 5.977e+02 180 1 2 5.712e+02 6.048e+02 311 2 4 2.504e+02 2.536e+02 30 2 4 3.360e+02 3.360e+02 -14 2 1 6.300e+01 6.300e+01 -24 2 4 4.185e+02 4.215e+02 27 2 3 1.050e+02 1.050e+02 -13 2 3 1.890e+02 1.890e+02 -14 2 3 3.870e+02 4.110e+02 223 2 3 3.546e+02 3.594e+02 44 2 3 6.300e+01 6.300e+01 -12 2 4 7.648e+01 9.152e+01 140 2 4 1.571e+02 1.789e+02 202 2 4 2.841e+02 3.039e+02 183 2 2 3.629e+02 3.931e+02 280 2 1 2.100e+01 2.100e+01 -6 2 2 1.163e+02 1.357e+02 180 2 2 1.511e+02 1.849e+02 313 2 3 3.025e+02 3.275e+02 233 2 4 3.642e+02 3.918e+02 257 2 3 2.100e+01 2.100e+01 -8 2 2 4.098e+01 4.302e+01 19 2 4 4.045e+01 4.355e+01 29 2 3 4.659e+01 7.941e+01 305 2 1 3.921e+00 3.808e+01 317 2 3 8.498e+00 3.350e+01 232 2 4 2.402e+01 5.998e+01 334 3 2 3.067e+01 5.333e+01 210
41903 0
41905 2 2 3 6.065e+02 6.115e+02 46 2 4 5.794e+02 5.966e+02 160
41906 40 0 1 2.289e+02 2.331e+02 40 0 1 5.667e+02 5.673e+02 6 0 4 3.299e+02 3.421e+02 114 0 3 6.054e+02 6.126e+02 66 0 1 1.766e+02 2.014e+02 230 0 2 6.712e+02 6.728e+02 15 0 2 2.457e+02 2.583e+02 116 0 3 3.969e+02 4.011e+02 39 0 3 2.703e+02 2.757e+02 50 0 4 6.294e+02 6.306e+02 11 0 2 3.650e+02 3.910e+02 242 0 1 6.510e+02 6.510e+02 -4 0 2 1.956e+02 2.244e+02 268 0 4 5.844e+02 5.916e+02 66 0 4 2.898e+02 2.982e+02 78 0 3 6.443e+02 6.577e+02 125 0 4 3.636e+02 3.924e+02 267 0 4 4.006e+02 4.394e+02 360 0 1 2.124e+02 2.496e+02 345 0 3 5.481e+02 5.859e+02 350 0 3 2.633e+02 2.827e+02 180 0 2 6.199e+02 6.401e+02 187 0 2 3.213e+02 3.507e+02 273 0 3 6.338e+02 6.682e+02 319 0 4 2.369e+02 2.671e+02 280 0 4 6.115e+02 6.485e+02 343 0 4 2.743e+02 3.137e+02 366 0 4 6.572e+02 6.868e+02 276 0 4 3.236e+02 3.484e+02 230 1 4 5.797e+02 5.963e+02 155 2 1 1.734e+01 2.466e+01 68 2 2 8.195e+01 8.605e+01 38 2 2 4.045e+01 4.355e+01 29 2 4 8.240e+01 8.560e+01 30 2 4 3.919e+01 4.481e+01 52 2 2 6.531e+01 1.027e+02 347 2 1 5.992e+01 6.608e+01 57 2 3 5.795e+01 6.805e+01 94 2 3 1.209e+01 2.991e+01 166 2 3 1.050e+00 4.095e+01 370
41907 12 0 2 6.720e+02 6.720e+02 -10 0 2 6.207e+02 6.393e+02 172 0 4 6.708e+02 6.732e+02 22 0 4 6.174e+02 6.426e+02 234 0 3 6.481e+02 6.539e+02 54 0 1 6.403e+02 6.617e+02 198 2 2 8.271e+01 8.529e+01 24 2 4 4.031e+01 4.369e+01 31 2 4 7.607e+01 9.193e+01 147 2 3 5.386e+01 7.214e+01 170 2 3 4.852e+01 7.748e+01 269 2 1 3.248e+00 3.875e+01 330
41908 10 0 2 3.220e+02 3.500e+02 260 0 1 3.438e+02 3.702e+02 246 0 4 3.125e+01 5.275e+01 200 0 4 3.649e+02 3.911e+02 244 2 3 1.030e+02 1.070e+02 36 2 4 1.671e+02 1.689e+02 16 2 1 1.817e+02 1.963e+02 135 2 2 6.450e+01 1.035e+02 362 2 2 1.617e+02 1.743e+02 117 2 4 6.607e+01 1.019e+02 333
41909 16 0 1 4.817e+02 4.843e+02 24 0 3 4.815e+02 4.845e+02 27 0 2 4.966e+02 5.114e+02 138 0 4 6.067e+02 6.533e+02 433 0 2 6.547e+02 6.893e+02 321 0 3 4.228e+02 4.592e+02 337 0 4 4.436e+02 4.804e+02 341 0 1 5.855e+02 6.325e+02 436 0 4 6.574e+02 6.866e+02 270 0 1 3.793e+02 4.187e+02 366 0 2 4.429e+02 4.811e+02 355 0 4 6.494e+02 6.946e+02 420 2 3 3.553e+02 3.587e+02 32 2 4 3.328e+02 3.392e+02 60 2 3 3.832e+02 4.148e+02 294 2 4 1.555e+02 1.805e+02 231
41910 0
41911 9 0 1 5.599e+02 5.741e+02 132 0 3 6.011e+02 6.169e+02 147 0 3 5.607e+02 5.733e+02 117 0 2 5.222e+02 5.698e+02 442 0 4 5.647e+02 6.113e+02 433 0 1 5.881e+02 6.299e+02 389 0 4 6.074e+02 6.526e+02 419 2 2 1.594e+02 1.766e+02 159 2 4 5.295e+02 5.625e+02 306
41912 10 0 3 4.410e+02 4.410e+02 0 2 4 4.188e+01 4.212e+01 2 2 4 2.459e+02 2.581e+02 114 2 3 5.988e+01 6.612e+01 58 2 1 5.916e+01 6.684e+01 71 2 4 1.504e+02 1.856e+02 327 2 2 2.838e+01 5.562e+01 253 2 4 2.968e+01 5.432e+01 229 2 1 4.561e+01 8.039e+01 323 2 3 4.987e+01 7.613e+01 244
41913 26 0 1 5.250e+02 5.250e+02 -11 0 3 2.713e+02 2.747e+02 31 0 1 6.068e+02 6.112e+02 40 0 4 4.054e+01 4.346e+01 27 0 2 6.708e+02 6.732e+02 21 0 4 2.806e+02 3.074e+02 249 0 1 5.670e+02 5.670e+02 -7 0 3 6.048e+02 6.132e+02 78 0 4 6.269e+02 6.331e+02 58 0 4 5.773e+02 5.987e+02 199 0 2 6.207e+02 6.393e+02 172 0 3 5.949e+02 6.231e+02 261 1 3 5.999e+02 6.181e+02 170 1 2 6.220e+02 6.380e+02 149 2 4 2.914e+02 2.966e+02 49 2 3 3.567e+02 3.573e+02 5 2 3 6.050e+01 6.550e+01 46 2 3 1.006e+02 1.094e+02 82 2 3 1.440e+02 1.500e+02 56 2 3 3.127e+02 3.173e+02 42 2 2 3.334e+02 3.386e+02 49 2 3 1.823e+01 2.377e+01 51 2 3 1.350e+02 1.590e+02 222 2 3 2.952e+02 3.348e+02 367 2 3 6.478e+00 3.552e+01 270 2 3 8.514e+01 1.249e+02 369
41914 5 0 3 4.357e+02 4.463e+02 99 0 4 4.538e+02 4.702e+02 153 2 3 2.100e+01 2.100e+01 -7 2 1 1.074e+01 3.126e+01 190 2 2 2.739e+01 5.661e+01 271
41915 0
41917 10 0 4 6.626e+02 6.814e+02 175 1 1 1.884e+02 1.896e+02 10 1 4 2.072e+02 2.128e+02 52 1 3 1.783e+02 1.997e+02 200 1 1 3.408e+02 3.732e+02 300 1 2 1.945e+02 2.255e+02 288 2 4 3.807e+01 4.593e+01 73 2 1 5.449e+01 7.151e+01 158 2 2 3.251e+01 5.149e+01 176 2 3 4.956e+01 7.644e+01 250
