36293 6 0 1 5.141e+02 5.359e+02 203 1 4 2.438e+02 2.602e+02 153 1 4 7.760e+01 9.040e+01 119 1 3 2.211e+02 2.409e+02 184 2 2 8.083e+01 8.717e+01 59 2 2 2.373e+02 2.667e+02 273
36296 12 0 2 6.234e+02 6.366e+02 122 0 4 2.910e+02 2.970e+02 56 0 4 6.217e+02 6.383e+02 154 0 1 6.366e+02 6.654e+02 268 0 3 6.384e+02 6.636e+02 235 2 2 1.664e+02 1.696e+02 29 2 2 6.720e+02 6.720e+02 -9 2 3 1.383e+02 1.557e+02 161 2 1 1.770e+02 2.010e+02 223 2 4 2.365e+02 2.675e+02 288 2 4 2.762e+02 3.118e+02 330 2 4 1.515e+02 1.845e+02 307
36300 10 2 2 2.500e+02 2.540e+02 36 2 1 6.064e+02 6.116e+02 48 2 1 2.687e+02 2.773e+02 80 2 3 4.357e+02 4.463e+02 99 2 3 2.184e+02 2.436e+02 234 2 3 5.637e+02 5.703e+02 60 2 1 3.060e+02 3.240e+02 167 2 2 5.812e+02 5.948e+02 127 2 4 2.402e+02 2.638e+02 219 2 4 5.309e+02 5.611e+02 280
36304 8 0 3 6.067e+02 6.113e+02 43 0 2 6.708e+02 6.732e+02 21 0 1 6.073e+02 6.107e+02 32 0 4 6.718e+02 6.722e+02 3 0 4 2.762e+02 3.118e+02 330 0 4 6.163e+02 6.437e+02 254 0 1 6.460e+02 6.560e+02 93 0 1 6.372e+02 6.648e+02 256
36306 9 0 2 6.673e+02 6.767e+02 88 0 4 6.652e+02 6.788e+02 126 0 1 6.288e+02 6.732e+02 412 2 4 3.789e+01 4.611e+01 76 2 1 5.754e+01 6.846e+01 101 2 3 4.839e+01 7.761e+01 271 2 2 2.371e+01 6.029e+01 340 3 3 6.494e+02 6.526e+02 29 3 4 6.699e+02 6.741e+02 39
36307 0
36309 18 0 3 5.225e+02 5.275e+02 46 0 1 3.555e+02 3.585e+02 28 0 2 6.286e+02 6.314e+02 26 0 4 6.660e+02 6.780e+02 110 0 4 3.753e+02 3.807e+02 50 0 2 5.030e+02 5.050e+02 18 0 2 3.612e+02 3.948e+02 312 0 3 5.963e+02 6.217e+02 236 0 2 6.151e+02 6.449e+02 276 0 2 6.553e+02 6.887e+02 310 0 4 6.170e+02 6.430e+02 240 1 1 5.668e+02 5.672e+02 4 1 3 6.069e+02 6.111e+02 40 1 1 5.996e+02 6.184e+02 175 1 2 5.738e+02 6.022e+02 263 1 4 6.183e+02 6.417e+02 217 2 3 1.882e+01 2.318e+01 40 2 3 5.086e+01 7.514e+01 226
36310 12 0 2 6.294e+02 6.306e+02 11 0 4 5.827e+02 5.933e+02 98 0 1 6.398e+02 6.622e+02 207 0 4 6.215e+02 6.385e+02 157 0 3 6.412e+02 6.608e+02 182 0 4 5.746e+02 6.014e+02 248 0 3 6.348e+02 6.672e+02 301 0 1 5.904e+02 6.276e+02 346 2 4 3.358e+02 3.362e+02 4 2 3 1.972e+01 2.228e+01 24 2 2 3.107e+01 5.293e+01 203 2 1 3.160e+00 3.884e+01 331
36311 1 2 3 6.319e+02 6.701e+02 356
36312 11 2 3 5.674e+01 6.926e+01 116 2 4 2.869e+01 5.531e+01 247 2 1 5.149e+01 7.451e+01 214 3 3 4.821e+02 4.839e+02 17 3 1 5.215e+02 5.285e+02 65 3 2 5.354e+02 5.566e+02 196 3 4 4.925e+02 5.155e+02 214 3 4 5.396e+02 5.524e+02 119 3 3 5.124e+02 5.376e+02 234 3 3 4.687e+02 4.973e+02 266 3 2 4.876e+02 5.204e+02 305
36313 0
36316 1 2 4 4.495e+02 4.745e+02 232
36317 14 0 1 6.466e+02 6.554e+02 81 0 1 3.905e+02 4.075e+02 157 0 1 5.577e+02 5.763e+02 172 0 4 5.856e+02 5.904e+02 45 0 2 6.607e+02 6.833e+02 210 0 2 5.322e+02 5.598e+02 257 0 4 5.714e+02 6.046e+02 308 0 2 6.541e+02 6.899e+02 332 0 4 3.997e+02 4.403e+02 376 0 1 5.423e+02 5.917e+02 458 0 4 6.531e+02 6.909e+02 351 1 2 6.038e+02 6.562e+02 487 2 3 1.548e-01 4.185e+01 387 2 1 -2.494e+00 4.449e+01 436
36320 15 0 4 3.754e+02 3.806e+02 48 0 1 3.486e+02 3.654e+02 156 0 4 6.280e+02 6.320e+02 36 0 2 3.583e+02 3.977e+02 366 0 1 6.072e+02 6.108e+02 34 0 3 6.056e+02 6.124e+02 64 0 4 5.744e+02 6.016e+02 252 0 3 6.002e+02 6.178e+02 163 0 4 6.171e+02 6.429e+02 239 0 2 6.105e+02 6.495e+02 361 2 4 3.353e+02 3.367e+02 13 2 1 3.553e+02 3.587e+02 31 2 3 1.168e+01 3.032e+01 173 2 3 3.444e+02 3.696e+02 234 2 3 4.884e+01 7.716e+01 263
36322 0
36323 3 0 3 5.667e+02 5.673e+02 5 0 4 5.834e+02 5.926e+02 86 0 2 6.583e+02 6.857e+02 255
36325 22 0 1 5.666e+02 5.674e+02 7 0 4 6.715e+02 6.725e+02 9 0 4 5.866e+02 5.894e+02 26 0 3 5.575e+02 5.765e+02 176 0 2 6.546e+02 6.894e+02 324 1 2 6.298e+02 6.302e+02 4 1 4 6.300e+02 6.300e+02 -7 1 2 6.228e+02 6.372e+02 134 1 3 5.925e+02 6.255e+02 307 1 2 6.110e+02 6.490e+02 353 2 4 8.245e+01 8.555e+01 29 2 2 5.408e+02 5.512e+02 96 2 4 2.074e+02 2.126e+02 48 2 3 5.189e+02 5.311e+02 113 2 4 3.748e+02 3.812e+02 60 2 4 4.053e+02 4.347e+02 273 2 3 9.227e+01 1.177e+02 236 2 4 5.318e+02 5.602e+02 263 2 3 2.308e+02 2.312e+02 3 2 4 3.284e+02 3.436e+02 140 2 2 7.078e+01 9.722e+01 246 2 2 2.364e+02 2.676e+02 290
36326 3 0 4 3.233e+01 5.167e+01 180 0 3 4.866e+01 7.734e+01 266 1 4 6.177e+02 6.423e+02 228
36327 0
36328 77 0 4 3.353e+02 3.367e+02 13 0 1 4.816e+02 4.844e+02 26 0 4 2.918e+02 2.962e+02 41 0 1 6.079e+02 6.101e+02 20 0 4 3.746e+02 3.814e+02 63 0 3 6.503e+02 6.517e+02 12 0 1 2.726e+02 2.734e+02 7 0 4 4.186e+02 4.214e+02 26 0 2 3.305e+02 3.415e+02 103 0 2 5.030e+02 5.050e+02 18 0 2 2.841e+02 3.039e+02 185 0 3 5.184e+02 5.316e+02 123 0 1 3.545e+02 3.595e+02 46 0 3 6.081e+02 6.099e+02 16 0 1 3.095e+02 3.205e+02 101 0 2 6.701e+02 6.739e+02 36 0 4 3.645e+02 3.915e+02 251 0 3 2.583e+02 2.877e+02 274 0 1 4.403e+02 4.417e+02 14 0 4 3.188e+02 3.532e+02 320 0 4 4.578e+02 4.662e+02 79 0 1 3.415e+02 3.725e+02 288 0 1 5.542e+02 5.798e+02 238 0 2 3.624e+02 3.936e+02 290 0 2 6.247e+02 6.353e+02 98 0 2 3.171e+02 3.549e+02 350 0 1 6.508e+02 6.512e+02 4 0 3 4.369e+02 4.451e+02 76 0 2 4.920e+02 5.160e+02 223 0 1 5.160e+02 5.340e+02 167 0 4 6.212e+02 6.388e+02 164 0 4 6.616e+02 6.824e+02 193 0 1 3.969e+02 4.011e+02 39 0 2 4.523e+02 4.717e+02 180 0 3 5.890e+02 6.290e+02 372 0 2 6.572e+02 6.868e+02 276 0 3 3.946e+02 4.034e+02 81 0 2 4.854e+02 5.226e+02 345 0 3 3.861e+02 4.119e+02 240 0 4 4.875e+02 5.205e+02 307 0 4 4.069e+02 4.331e+02 244 1 1 5.667e+02 5.673e+02 6 1 3 6.090e+02 6.090e+02 -6 1 1 4.803e+02 4.857e+02 50 1 2 6.277e+02 6.323e+02 42 1 1 5.196e+02 5.304e+02 100 1 2 5.762e+02 5.998e+02 220 1 4 6.297e+02 6.303e+02 6 1 1 5.062e+02 5.438e+02 349 1 3 5.149e+01 7.451e+01 214 1 4 5.744e+02 6.016e+02 253 1 1 6.083e+02 6.097e+02 12 2 3 4.394e+02 4.426e+02 29 2 4 2.054e+02 2.146e+02 86 2 3 5.659e+02 5.681e+02 21 2 3 2.715e+02 2.745e+02 27 2 4 3.489e+01 4.911e+01 132 2 4 5.411e+02 5.509e+02 91 2 2 1.229e+02 1.291e+02 57 2 1 1.346e+02 1.594e+02 230 2 3 3.779e+02 4.201e+02 392 2 1 2.267e+02 2.353e+02 80 2 1 5.546e+02 5.794e+02 230 2 3 3.111e+02 3.189e+02 73 2 2 5.737e+02 6.023e+02 266 2 4 3.642e+02 3.918e+02 256 2 3 9.515e+01 1.149e+02 183 2 3 2.293e+02 2.327e+02 31 2 4 2.831e+02 3.049e+02 202 2 4 1.071e+02 1.449e+02 350 2 2 2.025e+02 2.175e+02 140 2 3 2.172e+02 2.448e+02 257 2 4 2.331e+02 2.709e+02 351 2 4 1.916e+02 2.284e+02 342 3 3 6.073e+01 6.527e+01 42 3 3 4.146e+00 3.785e+01 313 3 3 4.292e+01 8.308e+01 373
36329 1 3 4 1.667e+02 1.693e+02 24
36333 3 0 4 5.833e+02 5.927e+02 86 0 1 5.515e+02 5.825e+02 288 0 3 5.904e+02 6.276e+02 345
36334 0
36336 5 0 4 4.169e+02 4.231e+02 57 0 1 5.495e+02 5.845e+02 326 0 4 5.807e+02 5.953e+02 135 0 3 5.464e+02 5.876e+02 382 1 4 6.065e+02 6.535e+02 436
36337 0
36338 17 0 1 6.494e+02 6.526e+02 29 0 2 2.098e+02 2.102e+02 4 0 1 6.041e+02 6.139e+02 91 0 3 6.492e+02 6.528e+02 33 0 3 2.255e+02 2.365e+02 103 0 3 6.008e+02 6.172e+02 153 0 4 2.378e+02 2.662e+02 265 0 2 6.600e+02 6.840e+02 223 0 4 6.230e+02 6.370e+02 130 0 4 6.579e+02 6.861e+02 262 0 2 6.183e+02 6.417e+02 217 2 3 1.635e+01 2.565e+01 86 2 2 8.400e+01 8.400e+01 -16 2 2 3.318e+01 5.082e+01 164 2 4 8.160e+01 8.640e+01 45 2 3 4.624e+01 7.976e+01 311 2 1 6.704e+00 3.530e+01 266
36339 0
36340 3 2 3 1.299e+01 2.901e+01 149 2 2 3.309e+01 5.091e+01 166 2 4 2.739e+01 5.661e+01 271
36345 1 0 4 6.577e+02 6.863e+02 266
36346 9 0 3 5.238e+02 5.262e+02 23 0 4 3.747e+02 3.813e+02 61 0 4 3.635e+02 3.925e+02 270 2 3 1.931e+01 2.269e+01 31 2 2 3.959e+01 4.441e+01 45 2 4 1.256e+02 1.264e+02 8 2 2 3.273e+01 5.127e+01 172 2 3 5.436e+01 7.164e+01 160 2 1 6.973e+00 3.503e+01 260
36347 0
