46196 0
46200 6 0 2 6.214e+02 6.386e+02 160 0 2 3.145e+02 3.575e+02 400 0 1 2.917e+02 3.383e+02 433 0 4 6.494e+02 6.946e+02 420 1 2 6.300e+02 6.300e+02 -21 2 1 3.116e+00 3.888e+01 332
46202 2 1 3 6.044e+02 6.136e+02 85 2 3 6.525e+00 3.547e+01 269
46203 0
46204 0
46205 8 2 1 6.059e+01 6.541e+01 45 2 4 5.034e+02 5.046e+02 11 2 2 8.334e+01 8.466e+01 12 2 1 1.954e+01 2.246e+01 27 2 3 5.134e+02 5.366e+02 215 2 2 5.265e+02 5.655e+02 362 2 2 4.832e+02 5.248e+02 386 3 1 3.742e+00 3.826e+01 320
46211 3 3 1 5.085e+02 5.415e+02 307 3 1 5.553e+02 5.787e+02 217 3 3 5.537e+02 5.803e+02 247
46214 14 0 2 6.676e+02 6.764e+02 82 0 2 4.990e+02 5.090e+02 93 0 3 5.153e+02 5.347e+02 180 0 4 6.699e+02 6.741e+02 39 0 4 4.913e+02 5.167e+02 236 0 1 5.073e+02 5.427e+02 329 0 4 6.557e+02 6.883e+02 303 1 1 6.067e+02 6.113e+02 42 1 3 6.005e+02 6.175e+02 157 1 2 6.152e+02 6.448e+02 276 2 3 1.864e+01 2.336e+01 44 2 2 3.637e+01 4.763e+01 105 2 3 2.622e+00 3.938e+01 341 2 1 2.622e+00 3.938e+01 341
46215 11 0 3 6.477e+02 6.543e+02 61 0 2 6.140e+02 6.460e+02 296 0 4 6.115e+02 6.485e+02 344 2 2 1.244e+02 1.276e+02 29 2 3 1.861e+02 1.919e+02 53 2 4 1.140e+02 1.380e+02 223 2 3 1.804e+02 1.976e+02 159 2 2 4.454e+02 4.786e+02 308 2 3 9.012e+01 1.199e+02 276 2 1 1.337e+02 1.603e+02 246 2 4 1.504e+02 1.856e+02 326
46216 27 0 1 5.628e+02 5.712e+02 77 0 2 6.707e+02 6.733e+02 25 0 3 4.403e+02 4.417e+02 12 0 4 4.570e+02 4.670e+02 92 0 4 5.811e+02 5.949e+02 129 0 1 6.380e+02 6.640e+02 241 0 2 4.494e+02 4.746e+02 234 0 1 5.509e+02 5.831e+02 300 0 1 6.059e+02 6.121e+02 58 0 3 6.025e+02 6.155e+02 120 0 4 6.231e+02 6.369e+02 129 0 3 5.934e+02 6.246e+02 289 2 2 8.191e+01 8.609e+01 39 2 1 1.422e+02 1.518e+02 89 2 1 2.295e+02 2.325e+02 27 2 3 6.068e+01 6.532e+01 43 2 3 1.031e+02 1.069e+02 35 2 1 1.860e+02 1.920e+02 56 2 1 2.675e+02 2.785e+02 102 2 4 3.722e+01 4.678e+01 89 2 2 1.234e+02 1.286e+02 49 2 1 1.343e+02 1.597e+02 236 2 1 2.106e+02 2.514e+02 378 2 3 8.363e+00 3.364e+01 235 2 4 6.764e+01 1.004e+02 304 2 2 3.304e+01 5.096e+01 166 2 4 2.573e+01 5.827e+01 302
46217 10 0 4 2.096e+02 2.104e+02 7 0 3 2.726e+02 2.734e+02 7 0 4 5.850e+02 5.910e+02 56 0 4 2.486e+02 2.554e+02 64 0 4 1.943e+02 2.257e+02 291 0 3 5.568e+02 5.772e+02 190 0 2 2.762e+02 3.118e+02 331 2 4 8.164e+01 8.636e+01 44 2 4 7.307e+01 9.493e+01 203 2 3 8.640e+01 1.236e+02 346
46220 3 2 2 7.715e+01 9.085e+01 127 2 4 7.747e+01 9.053e+01 121 2 3 8.272e+01 1.273e+02 414
46222 55 0 4 5.866e+02 5.894e+02 26 0 1 3.545e+02 3.595e+02 47 0 1 6.476e+02 6.544e+02 63 0 1 3.968e+02 4.012e+02 40 0 1 5.572e+02 5.768e+02 182 0 2 6.239e+02 6.361e+02 113 0 3 6.438e+02 6.582e+02 134 0 3 3.895e+02 4.085e+02 177 0 3 5.059e+02 5.441e+02 354 0 4 6.218e+02 6.382e+02 152 0 4 6.603e+02 6.837e+02 217 0 4 4.141e+02 4.259e+02 109 0 1 5.994e+02 6.186e+02 179 0 2 6.572e+02 6.868e+02 275 0 3 6.311e+02 6.709e+02 370 1 3 5.646e+02 5.694e+02 45 1 2 6.286e+02 6.314e+02 26 1 4 5.876e+02 5.884e+02 8 1 1 3.779e+02 4.201e+02 392 1 4 6.275e+02 6.325e+02 47 1 2 5.733e+02 6.027e+02 274 1 1 4.180e+02 4.640e+02 428 1 1 6.051e+02 6.129e+02 72 1 1 5.029e+02 5.471e+02 410 1 3 6.048e+02 6.132e+02 78 1 1 4.608e+02 5.052e+02 413 2 4 5.453e+02 5.467e+02 14 2 4 2.478e+02 2.562e+02 79 2 4 4.988e+02 5.092e+02 97 2 4 3.319e+02 3.401e+02 76 2 3 5.658e+02 5.682e+02 22 2 1 1.698e+01 2.502e+01 75 2 2 4.996e+02 5.084e+02 81 2 2 1.256e+02 1.264e+02 7 2 3 5.137e+02 5.363e+02 210 2 3 1.885e+02 1.895e+02 10 2 2 5.796e+02 5.964e+02 156 2 4 2.074e+02 2.126e+02 48 2 1 3.838e+02 4.142e+02 282 2 3 8.814e+00 3.319e+01 226 2 3 4.656e+02 5.004e+02 323 2 4 1.205e+02 1.315e+02 102 2 4 5.278e+02 5.642e+02 339 2 1 1.464e+02 1.476e+02 10 2 4 4.873e+02 5.207e+02 310 2 1 2.233e+02 2.387e+02 144 2 4 4.432e+02 4.808e+02 350 2 3 3.453e+02 3.687e+02 217 2 3 -7.438e-01 4.274e+01 404 2 2 8.074e+01 8.726e+01 60 2 3 1.464e+02 1.476e+02 10 2 2 1.984e+02 2.216e+02 215 2 3 2.557e+02 2.903e+02 321 2 2 3.626e+02 3.934e+02 286 3 2 2.519e+02 2.521e+02 1
46223 10 0 2 6.294e+02 6.306e+02 10 0 4 6.300e+02 6.300e+02 -8 1 2 5.816e+02 5.944e+02 118 1 4 5.800e+02 5.960e+02 149 2 3 6.080e+02 6.100e+02 19 2 2 3.745e+02 3.815e+02 66 2 2 6.190e+02 6.410e+02 204 2 4 3.727e+02 3.833e+02 98 2 3 3.803e+02 4.177e+02 348 2 4 5.698e+02 6.062e+02 338
46224 5 2 1 3.952e+02 4.028e+02 71 2 2 8.020e+01 8.780e+01 70 2 4 7.747e+01 9.053e+01 121 2 3 4.583e+01 8.017e+01 319 2 1 3.834e+02 4.146e+02 290
46225 9 2 1 6.086e+02 6.094e+02 7 2 4 6.708e+02 6.732e+02 22 2 3 6.052e+02 6.128e+02 70 2 2 6.703e+02 6.737e+02 31 2 1 6.332e+02 6.688e+02 330 2 2 5.695e+02 6.065e+02 344 2 3 6.319e+02 6.701e+02 355 2 4 5.709e+02 6.051e+02 318 3 4 6.543e+02 6.897e+02 329
46227 3 2 3 5.243e+02 5.257e+02 12 2 2 5.752e+02 6.008e+02 238 3 1 4.807e+01 7.793e+01 277
46228 0
46229 8 2 4 3.742e+02 3.818e+02 71 2 1 2.012e+01 2.188e+01 16 2 2 1.224e+02 1.296e+02 67 2 4 1.248e+02 1.272e+02 23 2 1 3.025e+00 3.897e+01 334 2 3 9.685e+01 1.131e+02 151 2 1 1.282e+02 1.658e+02 350 2 4 7.029e+01 9.771e+01 255
46231 14 0 1 6.510e+02 6.510e+02 -5 0 3 6.501e+02 6.519e+02 17 0 4 6.567e+02 6.873e+02 285 0 2 6.547e+02 6.893e+02 321 2 1 6.504e+02 6.516e+02 10 2 2 4.200e+01 4.200e+01 -24 2 3 3.143e+02 3.157e+02 12 2 2 4.590e+02 4.650e+02 56 2 4 3.217e+02 3.503e+02 265 2 3 4.299e+02 4.521e+02 206 2 4 3.259e+01 5.141e+01 175 2 4 4.510e+02 4.730e+02 205 2 1 5.050e+01 7.550e+01 232 2 3 8.094e+00 3.391e+01 240
46232 56 0 1 6.490e+02 6.530e+02 36 0 3 4.767e+02 4.893e+02 117 0 1 1.380e+02 1.560e+02 166 0 1 6.020e+02 6.160e+02 130 0 2 6.673e+02 6.767e+02 88 0 4 1.575e+02 1.785e+02 196 0 4 4.998e+02 5.082e+02 78 0 2 1.465e+02 1.895e+02 399 0 3 5.606e+02 5.734e+02 120 0 3 6.044e+02 6.136e+02 86 0 4 6.686e+02 6.754e+02 64 0 1 4.713e+02 4.947e+02 218 0 2 5.308e+02 5.612e+02 283 0 2 6.219e+02 6.381e+02 150 0 3 6.447e+02 6.573e+02 117 0 1 5.537e+02 5.803e+02 247 0 4 6.206e+02 6.394e+02 174 0 3 6.341e+02 6.679e+02 313 0 1 5.063e+02 5.437e+02 347 0 4 5.720e+02 6.040e+02 298 1 1 5.670e+02 5.670e+02 -3 1 4 2.929e+02 2.951e+02 21 1 1 6.056e+02 6.124e+02 64 1 4 5.787e+02 5.973e+02 172 1 2 6.300e+02 6.300e+02 -3 1 2 5.762e+02 5.998e+02 219 1 4 6.292e+02 6.308e+02 16 1 3 5.492e+02 5.848e+02 330 1 3 5.965e+02 6.215e+02 233 1 3 5.881e+02 6.299e+02 388 1 2 6.142e+02 6.458e+02 293 2 3 1.040e+02 1.060e+02 18 2 4 4.598e+02 4.642e+02 40 2 3 1.458e+02 1.482e+02 22 2 4 4.187e+02 4.213e+02 25 2 3 2.283e+02 2.337e+02 50 2 1 4.819e+02 4.841e+02 20 2 3 3.108e+02 3.192e+02 77 2 3 4.386e+02 4.434e+02 44 2 3 3.519e+02 3.621e+02 96 2 2 4.591e+02 4.649e+02 55 2 2 1.219e+02 1.301e+02 76 2 2 1.559e+02 1.801e+02 225 2 2 2.449e+02 2.591e+02 132 2 4 2.819e+02 3.061e+02 226 2 4 3.694e+02 3.866e+02 159 2 4 2.986e+01 5.414e+01 226 2 4 1.187e+02 1.333e+02 136 2 1 1.332e+02 1.608e+02 256 2 4 2.497e+02 2.543e+02 42 2 1 3.004e+02 3.296e+02 271 2 4 3.278e+02 3.442e+02 153 2 3 9.393e+01 1.161e+02 206 2 3 2.147e+02 2.473e+02 303 2 2 3.259e+02 3.461e+02 187 2 4 6.562e+01 1.024e+02 341
46233 74 0 4 6.290e+02 6.310e+02 18 0 4 3.773e+02 3.787e+02 13 0 1 6.510e+02 6.510e+02 -21 0 3 6.300e+01 6.300e+01 -13 0 1 3.982e+02 3.998e+02 15 0 4 8.052e+01 8.748e+01 65 0 4 5.032e+02 5.048e+02 15 0 1 1.882e+01 2.318e+01 40 0 3 5.670e+02 5.670e+02 -4 0 4 3.618e+02 3.942e+02 301 0 4 5.873e+02 5.887e+02 13 0 2 3.462e+01 4.938e+01 137 0 3 6.487e+02 6.533e+02 42 0 4 4.198e+02 4.202e+02 5 0 2 4.620e+02 4.620e+02 -6 0 2 5.434e+02 5.486e+02 49 0 1 6.074e+02 6.106e+02 30 0 2 6.703e+02 6.737e+02 31 0 1 4.373e+02 4.447e+02 69 0 4 4.606e+02 4.634e+02 26 0 1 5.662e+02 5.678e+02 15 0 3 6.090e+02 6.090e+02 -4 0 4 6.706e+02 6.734e+02 26 0 3 4.373e+02 4.447e+02 68 0 1 4.830e+02 4.830e+02 -14 0 1 5.212e+02 5.288e+02 71 0 2 6.294e+02 6.306e+02 11 0 3 3.889e+02 4.091e+02 188 0 3 4.799e+02 4.861e+02 57 0 3 5.177e+02 5.323e+02 136 0 3 4.297e+02 4.523e+02 210 0 2 4.942e+02 5.138e+02 182 0 2 5.275e+02 5.645e+02 344 0 2 4.494e+02 4.746e+02 235 0 1 5.484e+02 5.856e+02 345 0 3 5.489e+02 5.851e+02 336 1 1 4.808e+02 4.852e+02 41 1 4 5.870e+02 5.890e+02 19 1 1 6.090e+02 6.090e+02 -4 1 2 5.021e+02 5.059e+02 35 1 1 5.630e+02 5.710e+02 75 1 3 6.052e+02 6.128e+02 70 1 3 5.654e+02 5.686e+02 30 1 2 6.300e+02 6.300e+02 -5 1 2 5.831e+02 5.929e+02 90 1 4 6.284e+02 6.316e+02 30 1 2 5.427e+02 5.493e+02 62 1 2 5.291e+02 5.629e+02 315 1 4 5.327e+02 5.593e+02 247 2 4 3.360e+02 3.360e+02 -14 2 3 2.003e+01 2.197e+01 18 2 4 2.940e+02 2.940e+02 -11 2 1 3.983e+02 3.997e+02 14 2 3 3.568e+02 3.572e+02 5 2 3 3.837e+02 4.143e+02 285 2 2 3.946e+01 4.454e+01 47 2 4 1.244e+02 1.276e+02 30 2 2 2.091e+02 2.109e+02 16 2 1 3.141e+02 3.159e+02 16 2 2 3.772e+02 3.788e+02 16 2 1 1.617e+01 2.583e+01 90 2 3 1.808e+02 1.972e+02 152 2 1 2.198e+02 2.422e+02 209 2 4 3.755e+02 3.805e+02 46 2 2 2.389e+01 6.011e+01 336 2 2 1.109e+02 1.411e+02 280 2 3 1.351e+02 1.589e+02 221 2 1 4.924e+01 7.676e+01 256 2 4 1.092e+02 1.428e+02 312 2 4 1.516e+02 1.844e+02 306 3 4 8.400e+01 8.400e+01 -14 3 4 1.258e+02 1.262e+02 5 3 1 2.591e+02 2.869e+02 259 3 4 2.420e+01 5.980e+01 330
46235 0
46236 4 0 1 3.124e+02 3.176e+02 48 0 2 3.263e+02 3.457e+02 180 1 4 6.063e+02 6.537e+02 440 1 2 2.710e+02 3.170e+02 427
46237 0
46240 16 0 3 5.172e+02 5.328e+02 145 0 2 5.391e+02 5.529e+02 128 0 1 5.074e+02 5.426e+02 327 1 2 6.268e+02 6.332e+02 60 1 4 6.263e+02 6.337e+02 70 2 4 4.991e+02 5.089e+02 91 2 4 2.418e+02 2.622e+02 189 2 4 5.348e+02 5.572e+02 208 2 2 2.864e+02 3.016e+02 140 2 2 4.926e+02 5.154e+02 212 2 2 3.201e+02 3.519e+02 295 2 1 5.144e+02 5.356e+02 196 2 4 2.821e+02 3.059e+02 221 2 3 5.131e+02 5.369e+02 220 2 3 2.555e+02 2.905e+02 325 2 4 5.284e+02 5.636e+02 326
46243 13 0 2 5.454e+02 5.466e+02 11 0 4 6.634e+02 6.806e+02 160 0 3 5.491e+02 5.849e+02 332 0 1 5.079e+02 5.421e+02 317 1 3 5.644e+02 5.696e+02 49 1 2 5.847e+02 5.913e+02 62 1 2 6.278e+02 6.322e+02 41 1 4 6.204e+02 6.396e+02 179 1 2 5.720e+02 6.040e+02 298 2 1 1.904e+01 2.296e+01 36 2 3 1.788e+01 2.412e+01 58 2 3 1.142e+01 3.058e+01 178 2 2 2.672e+01 5.728e+01 284
46245 8 0 2 6.614e+02 6.826e+02 196 0 4 6.595e+02 6.845e+02 231 2 4 5.880e+02 5.880e+02 -3 2 1 6.085e+02 6.095e+02 10 2 3 6.079e+02 6.101e+02 20 2 4 1.078e+02 1.442e+02 339 2 2 6.174e+02 6.426e+02 235 2 1 5.945e+02 6.235e+02 270
46248 7 0 4 3.357e+02 3.363e+02 6 0 2 3.312e+02 3.408e+02 89 0 1 3.028e+02 3.272e+02 227 0 1 5.612e+02 5.728e+02 107 0 4 5.858e+02 5.902e+02 41 1 4 6.300e+02 6.300e+02 -12 1 4 6.226e+02 6.374e+02 137
46250 0
46251 2 0 2 6.644e+02 6.796e+02 141 0 4 6.597e+02 6.843e+02 229
46253 6 0 1 2.214e+02 2.406e+02 178 1 1 2.535e+02 2.925e+02 362 3 2 1.629e+02 1.731e+02 94 3 1 1.851e+02 1.929e+02 72 3 3 1.838e+02 1.942e+02 97 3 4 1.573e+02 1.787e+02 200
46256 21 0 4 5.857e+02 5.903e+02 43 0 1 6.510e+02 6.510e+02 -4 0 1 6.004e+02 6.176e+02 160 0 2 6.683e+02 6.757e+02 69 0 3 6.042e+02 6.138e+02 89 0 2 6.244e+02 6.356e+02 104 2 1 6.158e+01 6.442e+01 26 2 3 1.021e+02 1.079e+02 55 2 2 5.457e+02 5.463e+02 5 2 3 2.288e+02 2.332e+02 40 2 4 4.162e+02 4.238e+02 71 2 3 6.136e+01 6.464e+01 30 2 2 7.967e+01 8.833e+01 80 2 4 2.461e+02 2.579e+02 110 2 4 3.780e+01 4.620e+01 78 2 4 7.446e+01 9.354e+01 177 2 1 2.198e+02 2.422e+02 208 2 4 3.575e+02 3.985e+02 380 2 3 4.812e+01 7.788e+01 276 2 2 2.367e+02 2.673e+02 285 2 4 2.555e+01 5.845e+01 306
46257 42 0 2 3.726e+02 3.834e+02 100 0 3 3.962e+02 4.018e+02 51 0 1 6.052e+02 6.128e+02 70 0 1 6.490e+02 6.530e+02 38 0 1 3.946e+02 4.034e+02 82 0 1 5.148e+02 5.352e+02 189 0 2 6.284e+02 6.316e+02 30 0 3 6.494e+02 6.526e+02 30 0 4 4.090e+02 4.310e+02 204 0 3 5.163e+02 5.337e+02 162 0 4 6.263e+02 6.337e+02 68 0 2 6.714e+02 6.726e+02 10 0 2 4.866e+02 5.214e+02 323 0 3 5.094e+02 5.406e+02 290 0 3 5.974e+02 6.206e+02 216 0 1 6.393e+02 6.627e+02 217 0 2 5.200e+02 5.720e+02 483 0 1 5.938e+02 6.242e+02 283 1 2 5.804e+02 5.956e+02 141 1 2 6.181e+02 6.419e+02 221 1 3 5.545e+02 5.795e+02 233 1 4 6.169e+02 6.431e+02 244 2 2 2.100e+02 2.100e+02 -11 2 4 2.931e+02 2.949e+02 17 2 3 4.386e+02 4.434e+02 45 2 3 5.786e+01 6.814e+01 96 2 2 4.474e+02 4.766e+02 270 2 1 1.449e+02 1.491e+02 40 2 4 3.197e+02 3.523e+02 303 2 4 4.069e+02 4.331e+02 243 2 4 3.448e+01 4.952e+01 140 2 4 3.995e+02 4.405e+02 380 2 2 1.158e+02 1.362e+02 189 2 4 1.614e+02 1.746e+02 123 2 3 2.979e+02 3.321e+02 317 2 1 4.655e+01 7.945e+01 306 2 3 8.680e+01 1.232e+02 338 2 3 1.712e+02 2.068e+02 331 2 4 1.103e+02 1.417e+02 292 2 3 1.286e+02 1.654e+02 341 2 2 6.710e+01 1.009e+02 314 2 3 8.164e+01 1.284e+02 434
