27456 15 0 2 2.514e+02 2.526e+02 11 0 3 6.054e+02 6.126e+02 67 0 3 2.730e+02 2.730e+02 -1 0 4 6.678e+02 6.762e+02 77 0 1 2.217e+02 2.403e+02 172 0 2 5.038e+02 5.042e+02 4 0 4 2.937e+02 2.943e+02 6 0 2 6.153e+02 6.447e+02 272 0 1 6.456e+02 6.564e+02 100 0 4 4.938e+02 5.142e+02 190 0 3 5.079e+02 5.421e+02 318 0 4 6.152e+02 6.448e+02 275 0 3 6.417e+02 6.603e+02 172 0 2 6.555e+02 6.885e+02 306 0 1 6.316e+02 6.704e+02 360
27457 4 0 4 6.712e+02 6.728e+02 16 2 3 3.550e+02 3.590e+02 37 2 2 3.699e+02 3.861e+02 150 2 4 3.746e+02 3.814e+02 63
27458 13 0 4 6.275e+02 6.325e+02 47 0 1 6.461e+02 6.559e+02 91 0 1 6.001e+02 6.179e+02 165 0 2 6.208e+02 6.392e+02 171 0 4 6.206e+02 6.394e+02 174 0 3 5.901e+02 6.279e+02 351 2 3 1.788e+01 2.412e+01 58 2 1 1.119e+01 3.081e+01 182 2 3 1.846e+02 1.934e+02 82 2 2 2.026e+02 2.174e+02 137 2 2 2.506e+01 5.894e+01 315 2 1 1.750e+02 2.030e+02 260 2 4 1.494e+02 1.866e+02 346
27462 11 0 4 6.202e+02 6.398e+02 182 0 3 5.927e+02 6.253e+02 302 1 2 6.206e+02 6.394e+02 175 2 4 3.331e+02 3.389e+02 54 2 3 1.891e+01 2.309e+01 39 2 2 8.384e+01 8.416e+01 3 2 3 9.515e+01 1.149e+02 183 2 4 3.589e+02 3.971e+02 355 2 3 4.910e+00 3.709e+01 299 2 2 7.253e+01 9.547e+01 213 2 4 7.486e+01 9.314e+01 170
27463 19 0 2 5.011e+02 5.069e+02 53 0 3 5.250e+02 5.250e+02 -0 1 2 6.263e+02 6.337e+02 68 1 4 6.215e+02 6.385e+02 157 2 4 4.200e+01 4.200e+01 -14 2 2 1.670e+02 1.690e+02 18 2 3 5.653e+02 5.687e+02 31 2 2 5.873e+02 5.887e+02 14 2 2 7.271e+01 9.529e+01 210 2 4 5.345e+02 5.575e+02 213 2 1 1.927e+01 2.273e+01 32 2 4 5.850e+02 5.910e+02 56 2 3 1.860e+01 2.340e+01 45 2 2 3.789e+01 4.611e+01 76 2 1 5.989e+02 6.191e+02 188 2 1 5.463e+01 7.137e+01 156 2 3 4.951e+01 7.649e+01 250 2 4 2.604e+01 5.796e+01 296 3 4 2.272e+01 6.128e+01 358
27464 24 0 1 6.493e+02 6.527e+02 31 0 2 4.608e+02 4.632e+02 23 0 3 2.706e+02 2.754e+02 45 0 2 5.428e+02 5.492e+02 60 0 2 2.388e+02 2.652e+02 245 0 3 6.482e+02 6.538e+02 52 0 4 2.796e+02 3.084e+02 268 0 4 4.511e+02 4.729e+02 203 0 2 6.688e+02 6.752e+02 59 0 1 4.259e+02 4.561e+02 280 0 3 4.709e+02 4.951e+02 225 0 3 5.543e+02 5.797e+02 236 0 2 6.534e+02 6.906e+02 346 0 2 4.484e+02 4.756e+02 252 0 1 5.075e+02 5.425e+02 325 0 4 6.560e+02 6.880e+02 298 2 3 4.828e+02 4.832e+02 3 2 3 2.305e+02 2.315e+02 9 2 4 2.936e+02 2.944e+02 7 2 2 2.398e+02 2.642e+02 226 2 4 4.500e+02 4.740e+02 223 2 1 5.198e+01 7.402e+01 205 2 4 1.964e+02 2.236e+02 252 2 1 2.159e+02 2.461e+02 281
27465 42 0 1 3.056e+02 3.244e+02 175 0 3 6.497e+02 6.523e+02 25 0 3 5.595e+02 5.745e+02 140 0 2 2.831e+02 3.049e+02 203 0 2 6.642e+02 6.798e+02 146 0 4 6.555e+02 6.885e+02 306 0 2 6.538e+02 6.902e+02 337 1 2 6.292e+02 6.308e+02 15 2 1 3.150e+02 3.150e+02 -13 2 2 3.349e+02 3.371e+02 20 2 3 3.986e+02 3.994e+02 7 2 4 8.137e+01 8.663e+01 49 2 3 6.052e+02 6.128e+02 70 2 4 2.084e+02 2.116e+02 30 2 4 4.490e+02 4.750e+02 241 2 4 2.930e+02 2.950e+02 18 2 2 6.205e+02 6.395e+02 176 2 4 3.316e+02 3.404e+02 82 2 4 4.083e+02 4.317e+02 218 2 3 8.676e+00 3.332e+01 229 2 4 5.775e+02 5.985e+02 196 2 4 7.096e+01 9.704e+01 242 2 3 4.278e+02 4.542e+02 245 2 1 2.251e+02 2.369e+02 110 2 1 5.933e+02 6.247e+02 291 2 3 2.674e+02 2.786e+02 104 2 3 3.476e+02 3.664e+02 174 2 1 3.877e+00 3.812e+01 318 2 3 2.241e+02 2.379e+02 129 2 2 2.853e+02 3.027e+02 161 2 4 2.367e+02 2.673e+02 285 2 1 2.984e+02 3.316e+02 308 2 2 2.329e+02 2.711e+02 354 2 3 2.965e+02 3.335e+02 343 2 3 2.550e+02 2.910e+02 335 3 3 4.795e+02 4.865e+02 66 3 4 5.019e+02 5.061e+02 39 3 2 4.493e+02 4.747e+02 236 3 1 4.768e+02 4.892e+02 116 3 4 4.427e+02 4.813e+02 359 3 2 4.914e+02 5.166e+02 235 3 3 5.140e+02 5.360e+02 205
27468 0
27470 23 0 1 5.624e+02 5.716e+02 86 0 4 5.880e+02 5.880e+02 -2 0 4 2.410e+02 2.630e+02 204 0 2 6.626e+02 6.814e+02 174 0 3 5.544e+02 5.796e+02 234 0 4 6.607e+02 6.833e+02 210 2 3 1.046e+02 1.054e+02 7 2 2 1.661e+02 1.699e+02 35 2 2 2.095e+02 2.105e+02 10 2 3 3.841e+02 4.139e+02 276 2 1 3.107e+02 3.193e+02 80 2 2 3.277e+02 3.443e+02 155 2 2 1.212e+02 1.308e+02 89 2 2 2.502e+02 2.538e+02 33 2 1 2.724e+02 2.736e+02 11 2 4 3.646e+02 3.914e+02 249 2 4 1.191e+02 1.329e+02 129 2 4 2.439e+02 2.601e+02 150 2 3 2.573e+02 2.887e+02 292 2 3 4.745e+01 7.855e+01 289 2 4 7.397e+01 9.403e+01 186 2 4 2.349e+02 2.691e+02 318 2 2 6.522e+01 1.028e+02 349
27472 0
27473 39 0 3 5.247e+02 5.253e+02 5 0 1 6.090e+02 6.090e+02 -6 0 1 1.720e+02 2.060e+02 316 0 1 5.159e+02 5.341e+02 170 0 3 6.066e+02 6.114e+02 45 0 3 5.166e+02 5.334e+02 156 0 4 6.249e+02 6.351e+02 94 0 2 4.877e+02 5.203e+02 302 0 3 5.963e+02 6.217e+02 236 0 4 6.154e+02 6.446e+02 270 0 2 6.125e+02 6.475e+02 326 1 3 5.619e+02 5.721e+02 96 1 3 6.076e+02 6.104e+02 26 1 2 5.834e+02 5.926e+02 86 1 4 6.295e+02 6.305e+02 10 1 4 5.869e+02 5.891e+02 20 1 2 6.178e+02 6.422e+02 226 1 1 5.612e+02 5.728e+02 107 1 4 6.173e+02 6.427e+02 236 1 2 5.714e+02 6.046e+02 309 2 2 6.299e+02 6.301e+02 2 2 1 1.810e+01 2.390e+01 54 2 2 6.720e+02 6.720e+02 -12 2 1 1.820e+02 1.960e+02 130 2 2 5.040e+02 5.040e+02 -4 2 3 1.590e+01 2.610e+01 95 2 1 5.214e+02 5.286e+02 67 2 4 6.800e+01 1.000e+02 297 2 4 4.569e+02 4.671e+02 94 2 4 3.589e+02 3.971e+02 355 2 4 6.135e+02 6.465e+02 306 2 4 2.775e+01 5.625e+01 265 2 2 6.541e+02 6.899e+02 332 2 3 9.268e+01 1.173e+02 229 2 4 4.954e+02 5.126e+02 160 2 2 1.499e+02 1.861e+02 336 2 4 4.482e+02 4.758e+02 256 2 2 1.913e+02 2.287e+02 347 2 4 4.900e+02 5.180e+02 260
27474 11 1 4 6.271e+02 6.329e+02 53 1 1 6.045e+02 6.135e+02 84 1 3 6.060e+02 6.120e+02 56 1 2 5.722e+02 6.038e+02 293 1 2 6.202e+02 6.398e+02 181 1 4 6.179e+02 6.421e+02 226 2 4 3.749e+02 3.811e+02 58 2 3 3.947e+02 4.033e+02 80 2 1 3.861e+02 4.119e+02 240 2 2 4.045e+02 4.355e+02 288 3 3 4.229e+02 4.591e+02 336
27476 13 0 1 6.510e+02 6.510e+02 -4 0 4 2.895e+02 2.985e+02 84 0 4 6.699e+02 6.741e+02 39 0 3 6.468e+02 6.552e+02 78 0 3 5.131e+02 5.369e+02 221 0 2 6.606e+02 6.834e+02 212 1 3 6.069e+02 6.111e+02 39 1 2 5.732e+02 6.028e+02 276 1 1 5.951e+02 6.229e+02 259 1 2 6.153e+02 6.447e+02 274 2 3 3.507e+02 3.633e+02 116 2 3 6.300e+01 6.300e+01 -4 2 4 3.641e+02 3.919e+02 258
27477 10 0 4 5.033e+02 5.047e+02 12 0 3 4.378e+02 4.442e+02 59 0 3 4.802e+02 4.858e+02 52 2 2 7.670e+01 9.130e+01 136 2 3 9.935e+00 3.207e+01 206 2 4 6.804e+01 9.996e+01 296 2 2 1.956e+02 2.244e+02 267 2 3 4.229e+01 8.371e+01 385 2 3 2.115e+02 2.505e+02 362 2 4 1.897e+02 2.303e+02 376
27478 0
27479 71 0 4 6.296e+02 6.304e+02 7 0 1 6.482e+02 6.538e+02 51 0 2 8.137e+01 8.663e+01 49 0 2 5.039e+02 5.041e+02 1 0 3 2.726e+02 2.734e+02 8 0 1 5.226e+02 5.274e+02 45 0 4 8.007e+01 8.793e+01 73 0 4 5.842e+02 5.918e+02 71 0 4 2.856e+02 3.024e+02 156 0 3 6.504e+02 6.516e+02 10 0 1 5.323e+01 7.277e+01 181 0 4 4.185e+02 4.215e+02 28 0 3 1.013e+02 1.087e+02 68 0 1 4.823e+02 4.837e+02 13 0 1 9.192e+01 1.181e+02 243 0 1 5.640e+02 5.700e+02 56 0 1 6.090e+02 6.090e+02 0 0 2 6.713e+02 6.727e+02 12 0 1 4.317e+02 4.503e+02 173 0 4 5.004e+02 5.076e+02 66 0 3 5.641e+02 5.699e+02 54 0 3 6.078e+02 6.102e+02 22 0 4 6.717e+02 6.723e+02 6 0 1 3.863e+02 4.117e+02 236 0 2 4.564e+02 4.676e+02 104 0 2 5.392e+02 5.528e+02 127 0 2 6.293e+02 6.307e+02 14 0 3 6.400e+02 6.620e+02 205 0 3 3.802e+02 4.178e+02 350 0 3 4.692e+02 4.968e+02 257 0 1 5.110e+02 5.390e+02 260 0 4 6.139e+02 6.461e+02 300 0 2 4.443e+02 4.797e+02 328 0 3 5.100e+02 5.400e+02 279 0 3 5.923e+02 6.257e+02 310 0 1 5.057e+02 5.443e+02 358 0 2 6.105e+02 6.495e+02 361 1 4 5.873e+02 5.887e+02 12 1 1 6.090e+02 6.090e+02 -8 1 1 9.214e+01 1.179e+02 239 1 3 5.230e+02 5.270e+02 37 1 4 5.450e+02 5.470e+02 19 1 2 1.920e+02 2.280e+02 334 1 3 6.067e+02 6.113e+02 43 1 2 1.478e+02 1.882e+02 375 1 1 5.148e+02 5.352e+02 189 1 1 5.670e+02 5.670e+02 -4 1 2 6.296e+02 6.304e+02 7 1 2 4.887e+02 5.193e+02 284 1 3 5.666e+02 5.674e+02 7 1 4 6.289e+02 6.311e+02 20 1 2 5.875e+02 5.885e+02 10 1 2 5.415e+02 5.505e+02 83 1 4 5.268e+02 5.652e+02 357 1 1 5.500e+02 5.840e+02 316 2 3 1.025e+02 1.075e+02 46 2 4 5.431e+02 5.489e+02 54 2 4 3.896e+01 4.504e+01 56 2 3 6.071e+02 6.109e+02 35 2 4 8.038e+01 8.762e+01 67 2 1 6.471e+02 6.549e+02 73 2 4 1.567e+02 1.793e+02 210 2 4 4.596e+02 4.644e+02 45 2 2 3.740e+01 4.660e+01 86 2 2 6.291e+02 6.309e+02 16 2 3 4.722e+01 7.878e+01 293 2 4 4.463e+02 4.777e+02 292 2 1 5.139e+02 5.361e+02 206 2 4 5.838e+02 5.922e+02 77 2 2 5.293e+02 5.627e+02 310 2 3 5.432e+02 5.908e+02 442
27480 15 0 1 6.047e+02 6.133e+02 80 0 4 4.165e+02 4.235e+02 65 0 3 6.064e+02 6.116e+02 48 0 1 3.958e+02 4.022e+02 59 0 4 6.130e+02 6.470e+02 316 0 2 6.670e+02 6.770e+02 92 0 4 5.703e+02 6.057e+02 329 0 4 6.610e+02 6.830e+02 204 0 1 6.387e+02 6.633e+02 228 1 3 6.081e+02 6.099e+02 17 1 3 5.987e+02 6.193e+02 190 1 2 5.766e+02 5.994e+02 212 1 4 6.205e+02 6.395e+02 176 1 4 6.114e+02 6.486e+02 346 1 1 5.904e+02 6.276e+02 345
27482 0
27485 0
27486 13 0 1 5.116e+02 5.384e+02 248 2 3 2.629e+02 2.831e+02 188 2 3 5.072e+01 7.528e+01 228 2 3 1.767e+02 2.013e+02 228 2 4 2.815e+02 3.065e+02 232 2 4 5.737e+01 1.106e+02 495 2 1 2.582e+02 2.878e+02 275 3 2 4.098e+02 4.302e+02 190 3 1 4.282e+02 4.538e+02 238 3 1 3.766e+02 4.214e+02 416 3 1 5.042e+02 5.458e+02 386 3 3 4.303e+02 4.517e+02 198 3 4 4.062e+02 4.338e+02 257
27488 0
27491 8 0 4 6.703e+02 6.737e+02 31 0 4 4.613e+02 4.627e+02 13 0 3 4.250e+02 4.570e+02 297 2 4 4.987e+02 5.093e+02 98 2 3 5.132e+02 5.368e+02 219 2 1 5.137e+02 5.363e+02 210 2 2 4.868e+02 5.212e+02 319 2 2 5.283e+02 5.637e+02 330
27492 0
27493 10 0 2 5.425e+02 5.495e+02 65 0 1 1.420e+01 2.780e+01 126 0 1 5.493e+02 5.847e+02 329 0 3 5.502e+02 5.838e+02 311 1 4 2.032e+02 2.168e+02 126 2 3 1.972e+01 2.228e+01 24 2 2 3.987e+01 4.413e+01 40 2 3 9.396e+00 3.260e+01 216 2 4 2.887e+01 5.513e+01 244 2 1 3.877e+00 3.812e+01 318
27494 1 1 2 5.829e+02 5.931e+02 94
27496 33 0 4 2.500e+02 2.540e+02 37 0 1 6.484e+02 6.536e+02 49 0 1 3.137e+02 3.163e+02 24 0 1 5.250e+02 5.250e+02 -3 0 2 6.263e+02 6.337e+02 68 0 2 3.271e+02 3.449e+02 166 0 3 6.469e+02 6.551e+02 76 0 3 2.153e+02 2.467e+02 291 0 1 4.760e+02 4.900e+02 130 0 3 2.549e+02 2.911e+02 336 0 4 6.240e+02 6.360e+02 110 0 2 6.658e+02 6.782e+02 115 0 2 4.869e+02 5.211e+02 317 0 2 5.448e+02 5.472e+02 23 0 4 5.774e+02 5.986e+02 196 0 4 6.647e+02 6.793e+02 136 0 2 4.485e+02 4.755e+02 250 0 3 5.551e+02 5.789e+02 220 0 1 6.017e+02 6.163e+02 136 0 2 5.298e+02 5.622e+02 300 0 3 5.995e+02 6.185e+02 176 1 3 6.086e+02 6.094e+02 7 1 1 5.664e+02 5.676e+02 11 1 2 6.158e+02 6.442e+02 263 1 1 5.548e+02 5.792e+02 227 1 4 6.185e+02 6.415e+02 213 2 4 8.357e+01 8.443e+01 8 2 2 2.924e+02 2.956e+02 29 2 3 9.613e+01 1.139e+02 165 2 4 2.940e+02 2.940e+02 -24 2 2 7.159e+01 9.641e+01 230 2 1 3.004e+02 3.296e+02 270 2 3 2.995e+02 3.305e+02 288
27500 21 0 1 6.367e+02 6.653e+02 266 0 2 6.538e+02 6.902e+02 337 0 4 6.524e+02 6.916e+02 364 2 2 2.940e+02 2.940e+02 -8 2 2 1.250e+02 1.270e+02 19 2 4 2.902e+02 2.978e+02 70 2 4 1.179e+02 1.341e+02 150 2 1 1.363e+02 1.577e+02 199 2 3 1.357e+02 1.583e+02 210 2 3 2.554e+02 2.906e+02 326 2 1 2.959e+02 3.341e+02 356 3 1 1.457e+02 1.483e+02 24 3 1 1.884e+02 1.896e+02 11 3 3 1.446e+02 1.494e+02 46 3 4 6.881e+01 9.919e+01 282 3 2 1.243e+02 1.277e+02 32 3 2 1.528e+02 1.832e+02 282 3 4 1.223e+02 1.297e+02 68 3 4 1.493e+02 1.867e+02 347 3 3 1.297e+02 1.643e+02 320 3 1 1.275e+02 1.665e+02 362
27501 4 2 4 5.858e+02 5.902e+02 41 2 1 5.989e+02 6.191e+02 187 2 3 5.993e+02 6.187e+02 180 2 2 6.111e+02 6.489e+02 350
27503 3 0 2 4.508e+02 4.732e+02 208 1 2 5.444e+02 5.476e+02 30 1 2 6.119e+02 6.481e+02 336
27505 7 0 4 6.294e+02 6.306e+02 10 2 4 2.510e+02 2.530e+02 18 2 3 1.446e+02 1.494e+02 45 2 2 2.911e+02 2.969e+02 54 2 3 1.367e+02 1.573e+02 190 2 4 1.109e+02 1.411e+02 280 2 2 2.330e+02 2.710e+02 352
27506 3 0 4 4.172e+02 4.228e+02 52 0 3 3.861e+02 4.119e+02 240 2 2 1.181e+02 1.339e+02 147
27507 68 0 3 6.057e+02 6.123e+02 62 0 4 3.302e+02 3.418e+02 107 0 1 6.460e+02 6.560e+02 93 0 4 4.167e+02 4.233e+02 62 0 4 3.245e+02 3.475e+02 213 0 3 4.793e+02 4.867e+02 68 0 1 5.196e+02 5.304e+02 100 0 1 6.061e+02 6.119e+02 54 0 3 6.443e+02 6.577e+02 125 0 1 3.986e+02 3.994e+02 7 0 3 5.164e+02 5.336e+02 160 0 2 6.214e+02 6.386e+02 159 0 2 6.667e+02 6.773e+02 98 0 2 5.336e+02 5.584e+02 230 0 1 5.950e+02 6.230e+02 260 0 4 6.651e+02 6.789e+02 128 0 3 5.519e+02 5.821e+02 281 0 2 6.576e+02 6.864e+02 267 1 3 5.659e+02 5.681e+02 20 1 4 6.287e+02 6.313e+02 24 1 3 5.208e+02 5.292e+02 79 1 4 5.864e+02 5.896e+02 30 1 1 6.083e+02 6.097e+02 12 1 4 5.437e+02 5.483e+02 43 1 3 6.070e+02 6.110e+02 36 1 2 5.333e+02 5.587e+02 236 1 2 6.245e+02 6.355e+02 102 1 2 5.742e+02 6.018e+02 256 1 1 5.937e+02 6.243e+02 285 1 4 5.269e+02 5.651e+02 356 1 1 5.481e+02 5.859e+02 350 2 1 1.873e+02 1.907e+02 31 2 2 3.340e+02 3.380e+02 36 2 4 5.022e+02 5.058e+02 33 2 3 1.707e+01 2.493e+01 73 2 3 5.199e+02 5.301e+02 95 2 4 1.248e+02 1.272e+02 23 2 2 5.016e+02 5.064e+02 46 2 3 1.867e+02 1.913e+02 43 2 2 5.414e+02 5.506e+02 86 2 1 3.545e+02 3.595e+02 47 2 3 4.215e+02 4.605e+02 363 2 4 4.081e+01 4.319e+01 22 2 4 4.941e+02 5.139e+02 183 2 2 8.357e+01 8.443e+01 8 2 2 5.304e+02 5.616e+02 290 2 2 1.648e+02 1.712e+02 59 2 4 4.490e+02 4.750e+02 241 2 4 2.830e+02 3.050e+02 204 2 2 4.482e+02 4.758e+02 257 2 4 3.283e+02 3.437e+02 143 2 3 4.637e+02 5.023e+02 358 2 3 5.728e+01 6.872e+01 106 2 3 1.029e+02 1.071e+02 39 2 4 1.613e+02 1.747e+02 124 2 2 1.952e+02 2.248e+02 275 2 1 3.003e+02 3.297e+02 273 2 2 3.168e+02 3.552e+02 357 2 1 5.005e+01 7.595e+01 240 2 2 1.200e+02 1.320e+02 111 2 1 1.390e+02 1.550e+02 149 2 3 2.961e+02 3.339e+02 351 2 3 4.601e+01 7.999e+01 316 2 4 7.540e+01 9.260e+01 160 2 3 1.370e+02 1.570e+02 186 2 3 2.550e+02 2.910e+02 334 2 4 6.692e+01 1.011e+02 317 2 2 2.767e+02 3.113e+02 320
27508 0
27509 0
27510 23 0 2 6.283e+02 6.317e+02 31 0 3 6.013e+02 6.167e+02 144 0 4 6.654e+02 6.786e+02 122 0 4 6.244e+02 6.356e+02 104 0 1 6.393e+02 6.627e+02 217 0 4 4.913e+02 5.167e+02 236 0 3 5.496e+02 5.844e+02 324 0 4 5.745e+02 6.015e+02 251 0 3 6.377e+02 6.643e+02 246 0 1 5.063e+02 5.437e+02 348 0 1 5.988e+02 6.192e+02 189 0 2 6.630e+02 6.810e+02 166 0 4 6.564e+02 6.876e+02 289 0 2 6.534e+02 6.906e+02 346 2 3 2.048e+01 2.152e+01 10 2 3 1.454e+02 1.486e+02 30 2 1 1.406e+01 2.794e+01 129 2 1 5.186e+02 5.314e+02 120 2 1 1.384e+02 1.556e+02 159 2 3 4.325e+00 3.768e+01 310 2 2 1.531e+02 1.829e+02 276 2 2 2.613e+01 5.787e+01 295 2 4 1.078e+02 1.442e+02 337
27511 10 0 4 6.720e+02 6.720e+02 -3 0 2 6.695e+02 6.745e+02 47 0 2 4.544e+02 4.696e+02 141 2 4 8.173e+01 8.627e+01 42 2 3 8.814e+00 3.319e+01 226 2 4 4.200e+02 4.200e+02 -4 2 1 4.281e+00 3.772e+01 310 2 1 4.362e+02 4.458e+02 90 2 3 4.329e+02 4.491e+02 151 2 2 4.039e+02 4.361e+02 300
