41772 3 2 2 2.391e+02 2.649e+02 239 2 1 5.201e+02 5.299e+02 91 2 4 2.398e+01 6.002e+01 335
41774 3 0 1 5.655e+02 5.685e+02 27 0 3 5.649e+02 5.691e+02 39 0 4 5.720e+02 6.040e+02 297
41775 6 0 4 6.294e+02 6.306e+02 10 0 1 5.245e+02 5.255e+02 9 0 2 6.257e+02 6.343e+02 80 0 1 5.981e+02 6.199e+02 203 0 2 4.871e+02 5.209e+02 315 0 3 5.922e+02 6.258e+02 311
41776 1 1 2 7.957e+01 8.843e+01 82
41777 7 0 2 3.131e+02 3.589e+02 425 1 4 5.845e+02 5.915e+02 66 1 2 5.749e+02 6.011e+02 243 2 4 4.801e+02 5.279e+02 443 2 2 5.194e+02 5.726e+02 494 2 4 6.453e+02 6.987e+02 496 3 1 4.597e+01 8.003e+01 316
41778 28 0 2 2.500e+02 2.540e+02 36 0 2 6.720e+02 6.720e+02 -1 0 1 6.081e+02 6.099e+02 17 0 3 2.703e+02 2.757e+02 50 0 4 6.680e+02 6.760e+02 74 0 4 2.774e+02 3.106e+02 308 0 2 6.161e+02 6.439e+02 258 0 2 2.329e+02 2.711e+02 356 2 2 4.200e+01 4.200e+01 -0 2 2 5.040e+02 5.040e+02 -4 2 2 1.678e+02 1.682e+02 4 2 1 6.422e+02 6.598e+02 164 2 4 2.085e+02 2.115e+02 27 2 4 4.508e+02 4.732e+02 208 2 4 3.569e+01 4.831e+01 117 2 3 4.695e+02 4.965e+02 250 2 2 1.250e+02 1.270e+02 18 2 1 1.822e+02 1.958e+02 126 2 2 4.436e+02 4.804e+02 341 2 1 2.264e+02 2.356e+02 86 2 2 4.835e+02 5.245e+02 380 2 3 2.676e+02 2.784e+02 100 2 1 5.054e+01 7.546e+01 231 2 3 1.332e+02 1.608e+02 256 2 3 2.189e+02 2.431e+02 224 2 3 3.964e+00 3.804e+01 316 2 4 1.516e+02 1.844e+02 305 2 2 1.930e+02 2.270e+02 316
41779 12 2 1 1.128e+01 3.072e+01 180 2 2 4.591e+02 4.649e+02 55 2 3 5.674e+00 3.633e+01 285 2 3 5.985e+02 6.195e+02 196 2 1 6.455e+02 6.565e+02 101 2 1 4.774e+02 4.886e+02 104 2 4 5.281e+02 5.639e+02 333 2 4 6.650e+02 6.790e+02 130 2 4 4.893e+02 5.187e+02 274 3 2 6.663e+02 6.777e+02 106 3 2 6.562e+02 6.878e+02 293 3 4 6.570e+02 6.870e+02 278
41780 3 0 2 6.289e+02 6.311e+02 21 0 1 6.323e+02 6.697e+02 347 1 2 6.119e+02 6.481e+02 336
41784 3 2 3 5.117e+01 7.483e+01 220 2 4 7.047e+01 9.753e+01 251 2 4 1.517e+02 1.843e+02 303
41785 37 0 1 5.646e+02 5.694e+02 44 0 4 5.857e+02 5.903e+02 42 0 2 6.717e+02 6.723e+02 5 0 4 6.686e+02 6.754e+02 64 0 3 5.539e+02 5.801e+02 243 0 2 6.599e+02 6.841e+02 224 0 1 6.376e+02 6.644e+02 248 0 3 6.370e+02 6.650e+02 260 1 4 6.300e+02 6.300e+02 -14 2 4 8.400e+01 8.400e+01 -18 2 3 1.470e+02 1.470e+02 -7 2 1 3.944e+02 4.036e+02 85 2 4 2.099e+02 2.101e+02 1 2 4 4.589e+02 4.651e+02 57 2 4 2.936e+02 2.944e+02 7 2 3 5.186e+02 5.314e+02 118 2 3 3.844e+02 4.136e+02 271 2 3 1.046e+02 1.054e+02 8 2 2 4.949e+02 5.131e+02 170 2 4 1.664e+02 1.696e+02 29 2 4 4.916e+02 5.164e+02 230 2 3 3.086e+02 3.214e+02 119 2 2 3.650e+02 3.910e+02 242 2 4 4.022e+01 4.378e+01 33 2 2 8.132e+01 8.668e+01 50 2 1 1.861e+02 1.919e+02 54 2 4 3.695e+02 3.865e+02 157 2 1 6.032e+01 6.568e+01 50 2 4 1.129e+02 1.391e+02 243 2 2 1.590e+02 1.770e+02 167 2 2 3.677e+01 4.723e+01 97 2 2 7.051e+01 9.749e+01 250 2 1 1.379e+02 1.561e+02 170 2 3 5.267e+00 3.673e+01 292 2 4 7.109e+01 9.691e+01 240 2 3 1.722e+02 2.058e+02 312 2 2 2.874e+01 5.526e+01 246
41787 0
41794 46 0 2 6.286e+02 6.314e+02 26 0 1 6.415e+02 6.605e+02 177 0 3 6.396e+02 6.624e+02 211 1 2 6.300e+02 6.300e+02 -2 1 1 5.132e+02 5.368e+02 220 2 1 2.697e+02 2.763e+02 62 2 2 3.870e+01 4.530e+01 61 2 1 4.407e+02 4.413e+02 5 2 3 1.887e+02 1.893e+02 5 2 2 4.607e+02 4.633e+02 24 2 4 2.444e+02 2.596e+02 141 2 4 6.278e+02 6.322e+02 41 2 3 2.688e+02 2.772e+02 77 2 2 6.681e+02 6.759e+02 72 2 2 1.195e+02 1.325e+02 121 2 3 1.458e+02 1.482e+02 22 2 3 4.396e+02 4.424e+02 26 2 2 2.412e+02 2.628e+02 201 2 3 4.763e+02 4.897e+02 125 2 3 2.606e+02 2.854e+02 230 2 4 6.665e+02 6.775e+02 102 2 4 3.661e+02 3.899e+02 220 2 3 3.952e+02 4.028e+02 70 2 4 3.349e+01 5.051e+01 158 2 4 1.179e+02 1.341e+02 150 2 4 4.170e+02 4.230e+02 56 2 2 1.653e+02 1.707e+02 50 2 1 6.398e+02 6.622e+02 207 2 2 1.956e+02 2.244e+02 267 2 3 3.879e+02 4.101e+02 206 2 2 2.746e+02 3.134e+02 360 2 3 6.312e+02 6.708e+02 368 2 1 6.613e+00 3.539e+01 267 2 2 4.110e+02 4.290e+02 166 2 4 7.899e+01 8.901e+01 93 2 3 3.809e+02 4.171e+02 336 2 4 1.606e+02 1.754e+02 138 2 2 4.055e+02 4.345e+02 270 2 4 2.542e+01 5.858e+01 308 2 3 9.707e+01 1.129e+02 147 2 1 1.792e+02 1.988e+02 182 2 4 1.127e+02 1.393e+02 246 2 1 1.294e+02 1.646e+02 327 2 4 5.893e+01 1.091e+02 466 3 2 3.645e+01 4.755e+01 103 3 1 1.680e+01 2.520e+01 78
41797 2 0 2 5.453e+02 5.467e+02 13 0 1 5.048e+02 5.452e+02 375
41799 20 0 3 4.808e+02 4.852e+02 40 0 1 4.812e+02 4.848e+02 33 0 4 6.699e+02 6.741e+02 40 0 4 4.930e+02 5.150e+02 204 0 2 6.120e+02 6.480e+02 335 0 1 6.454e+02 6.566e+02 104 0 2 4.856e+02 5.224e+02 341 0 3 6.496e+02 6.524e+02 26 0 2 6.700e+02 6.740e+02 36 0 3 6.350e+02 6.670e+02 297 0 2 6.562e+02 6.878e+02 293 0 4 6.538e+02 6.902e+02 337 0 1 6.320e+02 6.700e+02 352 2 3 2.281e+02 2.339e+02 54 2 1 5.929e+01 6.671e+01 69 2 4 4.946e+02 5.134e+02 175 2 4 1.971e+02 2.229e+02 240 2 3 5.177e+02 5.323e+02 135 2 3 5.436e+01 7.164e+01 160 2 2 2.326e+01 6.074e+01 348
41800 8 0 4 3.655e+02 3.905e+02 233 0 2 6.051e+02 6.549e+02 463 1 3 5.908e+02 6.272e+02 337 1 4 6.129e+02 6.471e+02 317 2 1 5.638e+01 6.962e+01 123 2 3 3.291e+00 3.871e+01 329 3 2 2.053e+02 2.147e+02 88 3 1 5.480e+02 5.860e+02 352
41802 13 0 4 1.668e+02 1.692e+02 23 0 3 4.359e+02 4.461e+02 96 0 4 4.551e+02 4.689e+02 128 0 1 4.312e+02 4.508e+02 182 0 1 3.858e+02 4.122e+02 245 1 2 6.285e+02 6.315e+02 28 1 1 5.605e+02 5.735e+02 120 1 1 5.929e+02 6.251e+02 300 2 4 3.333e+02 3.387e+02 50 2 4 4.143e+02 4.257e+02 106 2 1 3.441e+02 3.699e+02 240 2 3 3.440e+02 3.700e+02 241 2 2 3.213e+02 3.507e+02 274
41803 4 3 3 4.822e+02 4.838e+02 16 3 4 4.529e+02 4.711e+02 170 3 1 4.715e+02 4.945e+02 214 3 2 4.891e+02 5.189e+02 277
41807 0
41809 9 0 3 5.642e+02 5.698e+02 51 0 1 6.434e+02 6.586e+02 140 0 3 6.407e+02 6.613e+02 192 0 4 6.610e+02 6.830e+02 204 1 4 6.287e+02 6.313e+02 25 1 3 6.077e+02 6.103e+02 24 1 3 5.477e+02 5.863e+02 359 2 3 5.306e+01 7.294e+01 185 2 4 3.259e+01 5.141e+01 175
41810 20 0 2 5.447e+02 5.473e+02 25 0 4 5.867e+02 5.893e+02 24 0 2 6.680e+02 6.760e+02 74 0 3 5.532e+02 5.808e+02 256 0 4 6.659e+02 6.781e+02 113 0 2 5.276e+02 5.644e+02 342 0 1 5.506e+02 5.834e+02 304 1 2 6.295e+02 6.305e+02 10 1 4 6.210e+02 6.390e+02 167 1 3 5.914e+02 6.266e+02 327 1 1 5.914e+02 6.266e+02 327 2 4 4.022e+01 4.378e+01 33 2 2 8.389e+01 8.411e+01 2 2 1 6.262e+01 6.338e+01 7 2 4 8.249e+01 8.551e+01 28 2 3 5.934e+01 6.666e+01 68 2 1 2.008e+01 2.192e+01 17 2 3 1.649e+01 2.551e+01 84 2 4 2.636e+01 5.764e+01 290 2 2 2.461e+01 5.939e+01 323
41813 64 0 1 6.509e+02 6.511e+02 2 0 2 1.655e+02 1.705e+02 47 0 1 6.071e+02 6.109e+02 36 0 3 6.498e+02 6.522e+02 21 0 1 1.437e+02 1.503e+02 60 0 1 4.364e+02 4.456e+02 86 0 4 3.221e+02 3.499e+02 259 0 4 4.584e+02 4.656e+02 67 0 4 1.614e+02 1.746e+02 123 0 3 5.594e+02 5.746e+02 140 0 2 1.068e+02 1.452e+02 356 0 2 6.285e+02 6.315e+02 28 0 3 1.769e+02 2.011e+02 224 0 2 6.687e+02 6.753e+02 60 0 1 1.320e+02 1.620e+02 279 0 3 4.397e+02 4.423e+02 24 0 2 1.505e+02 1.855e+02 326 0 2 4.478e+02 4.762e+02 263 0 1 5.212e+02 5.288e+02 71 0 4 6.257e+02 6.343e+02 80 0 4 6.700e+02 6.740e+02 37 0 1 4.297e+02 4.523e+02 210 0 2 4.884e+02 5.196e+02 290 0 3 5.221e+02 5.279e+02 54 0 3 6.032e+02 6.148e+02 107 0 2 6.606e+02 6.834e+02 212 0 4 4.005e+02 4.395e+02 362 0 1 5.580e+02 5.760e+02 167 0 2 6.158e+02 6.442e+02 263 0 4 6.607e+02 6.833e+02 210 0 1 5.122e+02 5.378e+02 237 0 4 6.181e+02 6.419e+02 221 0 3 6.337e+02 6.683e+02 321 0 2 5.330e+02 5.590e+02 240 1 4 5.442e+02 5.478e+02 34 1 3 6.087e+02 6.093e+02 6 1 3 5.653e+02 5.687e+02 31 1 2 6.299e+02 6.301e+02 1 1 2 5.851e+02 5.909e+02 54 1 4 6.284e+02 6.316e+02 30 1 4 5.751e+02 6.009e+02 240 1 1 6.060e+02 6.120e+02 56 1 2 5.329e+02 5.591e+02 243 1 2 5.706e+02 6.054e+02 323 2 4 6.288e+02 6.312e+02 21 2 4 1.663e+02 1.697e+02 32 2 1 6.494e+02 6.526e+02 30 2 1 2.684e+02 2.776e+02 85 2 4 4.589e+02 4.651e+02 57 2 1 6.050e+01 6.550e+01 46 2 4 8.343e+01 8.457e+01 10 2 1 4.762e+02 4.898e+02 126 2 2 2.477e+02 2.563e+02 80 2 2 4.549e+02 4.691e+02 132 2 2 4.040e+01 4.360e+01 30 2 3 4.640e+02 5.020e+02 352 2 2 1.182e+02 1.338e+02 145 2 3 2.176e+02 2.444e+02 250 2 4 3.968e+01 4.432e+01 43 2 4 7.379e+01 9.421e+01 190 2 3 1.300e+02 1.640e+02 316 2 4 2.356e+02 2.684e+02 305 2 3 4.938e+01 7.662e+01 253 3 3 1.465e+01 2.735e+01 118
41816 0
41819 4 1 4 7.850e+01 8.950e+01 102 2 3 9.928e+01 1.107e+02 106 2 4 7.886e+01 8.914e+01 96 2 2 6.481e+01 1.032e+02 356
41822 33 0 1 6.471e+02 6.549e+02 73 0 2 5.431e+02 5.489e+02 55 0 2 6.253e+02 6.347e+02 88 0 1 1.752e+02 2.028e+02 256 0 3 6.498e+02 6.522e+02 21 0 2 1.505e+02 1.855e+02 326 0 3 4.342e+02 4.478e+02 126 0 2 4.567e+02 4.673e+02 98 0 4 1.856e+02 2.344e+02 453 0 1 5.191e+02 5.309e+02 110 0 4 6.229e+02 6.371e+02 132 0 2 6.708e+02 6.732e+02 21 0 3 5.508e+02 5.832e+02 300 0 4 6.720e+02 6.720e+02 -0 0 4 4.006e+02 4.394e+02 360 0 4 6.571e+02 6.869e+02 277 0 1 6.335e+02 6.685e+02 325 0 3 6.366e+02 6.654e+02 267 1 1 6.081e+02 6.099e+02 16 2 4 1.657e+02 1.703e+02 42 2 4 2.084e+02 2.116e+02 29 2 4 3.763e+02 3.797e+02 32 2 2 8.258e+01 8.542e+01 26 2 3 1.439e+02 1.501e+02 57 2 2 2.011e+02 2.189e+02 166 2 1 3.035e+02 3.265e+02 213 2 2 3.270e+02 3.450e+02 166 2 2 3.789e+01 4.611e+01 76 2 4 7.607e+01 9.193e+01 147 2 1 2.251e+02 2.369e+02 109 2 3 3.054e+02 3.246e+02 178 2 4 3.241e+02 3.479e+02 221 3 1 1.044e+02 1.056e+02 11
41823 19 0 1 6.057e+02 6.123e+02 60 0 1 6.459e+02 6.561e+02 96 0 2 5.006e+02 5.074e+02 63 0 3 5.140e+02 5.360e+02 204 0 3 6.038e+02 6.142e+02 96 0 3 6.410e+02 6.610e+02 186 0 4 4.891e+02 5.189e+02 277 0 1 4.661e+02 4.999e+02 314 1 4 6.186e+02 6.414e+02 211 1 1 2.185e+02 2.435e+02 231 1 4 5.768e+02 5.992e+02 208 2 1 1.460e+02 1.480e+02 19 2 4 4.596e+02 4.644e+02 46 2 1 4.730e+02 4.930e+02 186 2 4 6.589e+02 6.851e+02 244 2 4 1.143e+02 1.377e+02 217 2 2 1.552e+02 1.808e+02 237 2 2 4.847e+02 5.233e+02 358 2 1 3.654e+01 8.946e+01 491
41824 28 0 4 4.200e+02 4.200e+02 -10 0 4 2.940e+02 2.940e+02 -3 0 3 5.663e+02 5.677e+02 13 0 3 2.632e+02 2.828e+02 181 0 3 3.875e+02 4.105e+02 213 0 2 5.437e+02 5.483e+02 43 0 2 2.842e+02 3.038e+02 182 0 2 4.483e+02 4.757e+02 254 0 1 5.519e+02 5.821e+02 280 0 2 5.306e+02 5.614e+02 286 1 2 6.297e+02 6.303e+02 5 1 4 6.280e+02 6.320e+02 37 1 1 5.979e+02 6.201e+02 206 1 4 6.192e+02 6.408e+02 201 2 4 1.638e+02 1.722e+02 77 2 3 3.916e+02 4.064e+02 138 2 4 2.511e+02 2.529e+02 16 2 1 5.216e+02 5.284e+02 64 2 3 3.143e+02 3.157e+02 13 2 3 5.171e+02 5.329e+02 146 2 3 9.357e+01 1.164e+02 212 2 2 5.382e+02 5.538e+02 145 2 1 1.862e+02 1.918e+02 52 2 2 7.428e+01 9.372e+01 180 2 4 5.278e+02 5.642e+02 339 2 2 1.524e+02 1.836e+02 290 2 3 1.716e+02 2.064e+02 324 2 3 2.535e+02 2.925e+02 361
41825 3 1 1 5.534e+02 5.806e+02 252 2 4 1.677e+02 1.683e+02 6 2 3 1.329e+02 1.611e+02 261
41826 4 2 3 3.134e+02 3.166e+02 30 2 1 3.560e+02 3.580e+02 18 2 2 3.314e+02 3.406e+02 85 2 4 2.808e+02 3.072e+02 246
41828 0
41829 1 0 1 6.479e+02 6.541e+02 58
41831 9 1 3 5.646e+02 5.694e+02 44 1 2 5.795e+02 5.965e+02 158 1 3 4.238e+02 4.582e+02 320 1 3 5.931e+02 6.249e+02 296 1 4 5.755e+02 6.005e+02 232 2 2 8.285e+01 8.515e+01 21 2 4 8.173e+01 8.627e+01 42 2 4 2.824e+02 3.056e+02 215 2 3 4.318e+01 8.282e+01 368
