49562 4 0 3 6.051e+02 6.129e+02 73 0 2 6.237e+02 6.363e+02 117 0 1 6.334e+02 6.686e+02 327 0 4 6.251e+02 6.349e+02 91
49563 5 0 3 5.635e+02 5.705e+02 66 0 4 5.867e+02 5.893e+02 25 0 3 5.480e+02 5.860e+02 352 2 4 1.658e+02 1.702e+02 40 2 4 3.147e+01 5.253e+01 196
49567 13 0 4 2.460e+02 2.580e+02 111 0 2 2.334e+02 2.706e+02 345 2 3 1.846e+01 2.354e+01 47 2 3 5.670e+02 5.670e+02 -7 2 2 1.249e+02 1.271e+02 20 2 2 5.880e+02 5.880e+02 -16 2 3 1.434e+02 1.506e+02 67 2 4 5.358e+02 5.562e+02 190 2 2 3.798e+01 4.602e+01 75 2 2 8.366e+01 8.434e+01 6 2 4 2.828e+02 3.052e+02 209 2 2 1.112e+02 1.408e+02 275 2 2 6.710e+01 1.009e+02 314
49569 10 0 1 6.074e+02 6.106e+02 30 0 3 6.064e+02 6.116e+02 49 0 2 6.140e+02 6.460e+02 296 0 4 6.187e+02 6.413e+02 210 1 4 5.860e+02 5.900e+02 36 1 3 5.516e+02 5.824e+02 286 2 4 8.142e+01 8.658e+01 48 2 2 8.146e+01 8.654e+01 47 2 3 5.027e+01 7.573e+01 236 2 4 7.540e+01 9.260e+01 160
49570 18 0 4 6.679e+02 6.761e+02 76 0 2 6.663e+02 6.777e+02 106 0 1 6.401e+02 6.619e+02 202 1 3 1.451e+02 1.489e+02 36 1 1 4.813e+02 4.847e+02 31 1 4 1.615e+02 1.745e+02 120 1 4 6.206e+02 6.394e+02 174 1 3 1.781e+02 1.999e+02 202 1 1 1.541e+01 2.659e+01 104 1 2 1.056e+02 1.464e+02 378 1 4 1.500e+02 1.860e+02 334 1 2 1.502e+02 1.858e+02 331 2 4 6.268e+02 6.332e+02 59 2 3 2.310e+02 2.310e+02 -16 2 3 6.355e+02 6.665e+02 287 2 4 1.988e+02 2.212e+02 209 2 1 2.212e+02 2.408e+02 182 2 2 2.391e+02 2.649e+02 239
49572 18 0 2 3.758e+02 3.802e+02 41 0 4 3.751e+02 3.809e+02 53 0 2 5.408e+02 5.512e+02 96 0 1 6.078e+02 6.102e+02 23 0 4 6.607e+02 6.833e+02 210 0 1 3.855e+02 4.125e+02 251 0 1 5.641e+02 5.699e+02 53 0 3 6.073e+02 6.107e+02 32 0 1 6.369e+02 6.651e+02 262 0 3 5.619e+02 5.721e+02 95 0 2 6.285e+02 6.315e+02 28 0 3 6.353e+02 6.667e+02 291 0 1 5.578e+02 5.762e+02 170 0 4 6.246e+02 6.354e+02 100 0 2 6.562e+02 6.878e+02 293 1 2 6.122e+02 6.478e+02 330 2 4 7.437e+01 9.363e+01 179 2 2 1.088e+02 1.432e+02 320
49573 49 0 1 1.050e+02 1.050e+02 -24 0 4 5.845e+02 5.915e+02 65 0 2 6.717e+02 6.723e+02 6 0 3 1.015e+02 1.085e+02 66 0 3 4.734e+02 4.926e+02 179 0 2 1.152e+02 1.368e+02 200 0 3 6.042e+02 6.138e+02 89 0 4 6.716e+02 6.724e+02 8 0 3 4.645e+02 5.015e+02 344 0 1 5.122e+02 5.378e+02 238 0 4 5.773e+02 5.987e+02 200 0 1 5.955e+02 6.225e+02 251 0 2 6.139e+02 6.461e+02 299 1 4 5.427e+02 5.493e+02 60 1 2 4.607e+02 4.633e+02 24 1 1 6.086e+02 6.094e+02 7 1 4 4.599e+02 4.641e+02 39 1 2 5.040e+02 5.040e+02 -14 1 2 5.865e+02 5.895e+02 28 1 2 6.300e+02 6.300e+02 -8 1 3 4.769e+02 4.891e+02 113 1 4 5.782e+02 5.978e+02 182 1 4 6.288e+02 6.312e+02 23 1 4 4.871e+02 5.209e+02 314 1 3 5.504e+02 5.836e+02 308 1 3 5.988e+02 6.192e+02 190 2 4 4.610e+02 4.630e+02 18 2 2 8.400e+01 8.400e+01 -20 2 3 6.088e+02 6.092e+02 4 2 4 2.098e+02 2.102e+02 5 2 3 3.944e+02 4.036e+02 86 2 4 3.779e+02 3.781e+02 2 2 3 4.779e+02 4.881e+02 94 2 1 2.093e+01 2.107e+01 1 2 4 5.846e+02 5.914e+02 63 2 2 1.254e+02 1.266e+02 10 2 1 3.884e+02 4.096e+02 196 2 1 1.424e+02 1.516e+02 86 2 3 4.708e+02 4.952e+02 227 2 4 2.458e+02 2.582e+02 116 2 2 6.208e+02 6.392e+02 171 2 4 1.181e+02 1.339e+02 147 2 2 4.034e+02 4.366e+02 308 2 3 2.190e+02 2.430e+02 223 2 4 4.027e+02 4.373e+02 320 2 2 6.943e+01 9.857e+01 270 2 4 7.060e+01 9.740e+01 249 2 3 9.268e+01 1.173e+02 229 2 4 1.080e+02 1.440e+02 335
49574 14 2 1 1.837e+01 2.363e+01 49 2 3 5.209e+02 5.291e+02 76 2 4 8.218e+01 8.582e+01 34 2 3 1.866e+02 1.914e+02 46 2 2 5.456e+02 5.464e+02 8 2 3 1.029e+01 3.171e+01 199 2 4 4.872e+02 5.208e+02 311 2 3 9.900e+01 1.110e+02 111 2 1 5.599e+02 5.741e+02 132 2 1 1.845e+02 1.935e+02 84 2 4 3.116e+01 5.284e+01 201 2 3 8.554e+01 1.245e+02 361 2 4 1.541e+02 1.819e+02 259 2 2 1.491e+02 1.869e+02 351
49575 7 0 1 6.475e+02 6.545e+02 65 0 1 5.230e+02 5.270e+02 36 0 3 6.503e+02 6.517e+02 12 0 3 5.250e+02 5.250e+02 -6 0 4 6.109e+02 6.491e+02 354 0 2 6.649e+02 6.791e+02 131 0 2 4.860e+02 5.220e+02 334
49577 13 0 2 6.685e+02 6.755e+02 65 0 4 6.652e+02 6.788e+02 126 2 3 6.061e+02 6.119e+02 53 2 4 4.169e+02 4.231e+02 58 2 2 6.179e+02 6.421e+02 225 2 1 3.962e+02 4.018e+02 51 2 1 5.958e+02 6.222e+02 245 2 2 4.136e+02 4.264e+02 120 2 3 3.802e+02 4.178e+02 350 3 1 4.804e+02 4.856e+02 49 3 3 4.775e+02 4.885e+02 103 3 2 4.439e+02 4.801e+02 336 3 4 4.462e+02 4.778e+02 293
49579 1 2 4 3.647e+02 3.913e+02 246
49580 14 0 1 6.494e+02 6.526e+02 29 0 4 3.716e+02 3.844e+02 119 0 3 6.477e+02 6.543e+02 60 0 2 2.820e+02 3.060e+02 223 0 2 6.720e+02 6.720e+02 -15 0 4 2.823e+02 3.057e+02 217 0 4 6.705e+02 6.735e+02 27 0 1 6.409e+02 6.611e+02 188 0 2 6.642e+02 6.798e+02 146 0 4 6.631e+02 6.809e+02 166 0 3 6.385e+02 6.635e+02 232 2 3 6.300e+01 6.300e+01 -5 2 2 7.442e+01 9.358e+01 178 2 4 6.854e+01 9.946e+01 287
49581 1 0 4 6.668e+02 6.772e+02 97
49584 0
49585 20 0 4 6.288e+02 6.312e+02 23 0 2 6.277e+02 6.323e+02 42 0 1 5.927e+02 6.253e+02 302 0 3 5.903e+02 6.277e+02 347 2 4 2.513e+02 2.527e+02 12 2 2 4.004e+01 4.396e+01 36 2 2 2.489e+02 2.551e+02 58 2 4 5.000e+02 5.080e+02 74 2 1 5.965e+01 6.635e+01 62 2 3 9.793e+01 1.121e+02 131 2 4 4.884e+02 5.196e+02 290 2 3 2.620e+02 2.840e+02 205 2 1 3.778e+02 4.202e+02 394 2 3 6.109e+01 6.491e+01 36 2 2 1.129e+02 1.391e+02 243 2 2 2.842e+02 3.038e+02 182 2 1 7.602e+00 3.440e+01 249 2 4 1.111e+02 1.409e+02 277 2 2 7.258e+01 9.542e+01 212 2 4 6.607e+01 1.019e+02 333
49586 2 0 4 6.682e+02 6.758e+02 70 0 2 6.683e+02 6.757e+02 68
49587 4 3 2 5.457e+02 5.463e+02 6 3 4 5.460e+02 5.460e+02 -2 3 1 5.527e+02 5.813e+02 266 3 3 5.507e+02 5.833e+02 302
49588 34 0 1 4.397e+02 4.423e+02 24 0 2 4.575e+02 4.665e+02 84 0 4 4.529e+02 4.711e+02 170 1 2 3.188e+02 3.532e+02 320 2 1 2.722e+02 2.738e+02 15 2 3 6.248e+01 6.352e+01 10 2 4 5.398e+02 5.522e+02 116 2 2 1.669e+02 1.691e+02 20 2 4 4.179e+02 4.221e+02 39 2 4 2.478e+02 2.562e+02 77 2 4 5.829e+02 5.931e+02 96 2 4 2.925e+02 2.955e+02 27 2 1 4.374e+02 4.446e+02 67 2 2 3.769e+02 3.791e+02 20 2 1 3.932e+02 4.048e+02 108 2 4 1.244e+02 1.276e+02 29 2 3 4.277e+02 4.543e+02 247 2 3 1.379e+02 1.561e+02 170 2 3 2.665e+02 2.795e+02 120 2 3 3.793e+02 4.187e+02 366 2 4 3.703e+02 3.857e+02 143 2 2 4.029e+02 4.371e+02 317 2 2 7.356e+01 9.444e+01 194 2 4 1.574e+02 1.786e+02 197 2 1 3.061e+02 3.239e+02 166 2 2 3.188e+02 3.532e+02 320 2 4 7.433e+01 9.367e+01 180 2 1 1.773e+02 2.007e+02 217 2 3 3.051e+02 3.249e+02 183 2 4 3.178e+02 3.542e+02 338 2 3 9.380e+01 1.162e+02 208 2 2 2.733e+02 3.147e+02 384 2 3 3.397e+02 3.743e+02 321 2 2 6.593e+01 1.021e+02 336
49589 4 2 1 5.920e+02 6.260e+02 316 3 1 5.171e+01 7.429e+01 210 3 1 3.889e+02 4.091e+02 188 3 3 4.226e+02 4.594e+02 342
49591 2 0 3 3.973e+02 4.007e+02 32 0 4 4.094e+02 4.306e+02 196
49592 0
49594 3 0 4 6.300e+02 6.300e+02 -2 0 2 6.179e+02 6.421e+02 224 0 3 5.949e+02 6.231e+02 261
49595 13 0 1 4.830e+02 4.830e+02 -10 0 4 5.015e+02 5.065e+02 46 0 3 5.641e+02 5.699e+02 54 0 3 4.692e+02 4.968e+02 256 0 2 5.334e+02 5.586e+02 234 0 4 5.750e+02 6.010e+02 241 0 2 4.924e+02 5.156e+02 216 2 2 6.720e+02 6.720e+02 -6 2 2 7.890e+01 8.910e+01 95 2 3 6.450e+02 6.570e+02 112 2 4 7.137e+01 9.663e+01 235 2 4 6.127e+02 6.473e+02 322 2 1 4.727e+01 7.873e+01 292
49596 2 2 4 6.208e+02 6.392e+02 170 2 3 6.469e+02 6.551e+02 76
49598 6 0 4 6.696e+02 6.744e+02 45 0 4 3.638e+02 3.922e+02 263 0 2 6.609e+02 6.831e+02 206 1 1 5.109e+02 5.391e+02 262 2 1 6.366e+02 6.654e+02 268 2 4 3.185e+02 3.535e+02 325
49600 0
49604 0
49608 22 0 1 6.502e+02 6.518e+02 16 0 4 3.326e+02 3.394e+02 63 0 3 6.079e+02 6.101e+02 20 0 1 1.936e+01 2.264e+01 30 0 4 6.630e+02 6.810e+02 168 0 4 1.628e+02 1.732e+02 96 0 4 4.176e+02 4.224e+02 45 0 2 3.906e+01 4.494e+01 55 0 2 6.203e+02 6.397e+02 180 0 4 2.510e+01 5.890e+01 314 0 3 6.442e+02 6.578e+02 126 0 2 1.117e+02 1.403e+02 266 0 1 6.004e+02 6.176e+02 159 0 3 4.902e+01 7.698e+01 260 0 4 6.103e+02 6.497e+02 366 1 1 6.007e+02 6.173e+02 154 1 2 6.192e+02 6.408e+02 201 1 4 6.205e+02 6.395e+02 176 1 4 6.106e+02 6.494e+02 360 2 1 1.330e+01 2.870e+01 143 2 4 3.408e+01 4.992e+01 147 2 1 3.742e+00 3.826e+01 320
49610 9 0 2 3.357e+02 3.363e+02 6 0 1 6.035e+02 6.145e+02 102 0 4 3.231e+02 3.489e+02 240 0 3 1.829e+02 1.951e+02 114 2 3 4.785e+02 4.875e+02 83 2 4 4.541e+02 4.699e+02 146 2 1 4.726e+02 4.934e+02 194 2 2 4.864e+02 5.216e+02 327 3 1 1.041e+02 1.059e+02 16
49611 23 0 1 6.500e+02 6.520e+02 19 0 4 5.859e+02 5.901e+02 40 0 4 6.684e+02 6.756e+02 67 0 3 5.174e+02 5.326e+02 140 0 2 6.297e+02 6.303e+02 6 0 3 6.472e+02 6.548e+02 70 0 2 4.932e+02 5.148e+02 201 0 1 5.526e+02 5.814e+02 268 0 4 6.152e+02 6.448e+02 275 0 2 6.652e+02 6.788e+02 126 0 3 5.511e+02 5.829e+02 295 0 1 6.398e+02 6.622e+02 207 0 1 5.131e+02 5.369e+02 221 0 3 6.352e+02 6.668e+02 294 0 2 6.530e+02 6.910e+02 352 1 4 3.592e+02 3.968e+02 350 2 1 1.581e+01 2.619e+01 96 2 4 5.016e+02 5.064e+02 45 2 3 5.209e+02 5.291e+02 76 2 3 6.209e+00 3.579e+01 275 2 4 4.504e+02 4.736e+02 216 2 4 1.155e+02 1.365e+02 195 2 1 4.281e+00 3.772e+01 310
49612 10 0 4 6.700e+02 6.740e+02 37 0 3 6.385e+02 6.635e+02 231 2 2 4.541e+02 4.699e+02 147 2 1 2.255e+02 2.365e+02 103 2 2 5.812e+02 5.948e+02 127 2 3 6.016e+02 6.164e+02 138 2 4 6.127e+02 6.473e+02 321 3 3 6.504e+02 6.516e+02 11 3 4 6.612e+02 6.828e+02 200 3 2 6.102e+02 6.498e+02 367
49613 5 0 2 6.459e+02 6.981e+02 485 1 2 1.657e+02 1.703e+02 43 1 1 2.585e+02 2.875e+02 270 1 3 1.820e+02 1.960e+02 130 1 2 1.604e+02 1.756e+02 141
49617 0
49618 5 0 4 5.818e+02 5.942e+02 115 0 1 5.474e+02 5.866e+02 364 0 3 5.915e+02 6.265e+02 326 2 4 8.168e+01 8.632e+01 43 2 2 1.099e+02 1.421e+02 299
49619 29 0 1 4.820e+02 4.840e+02 19 0 1 5.636e+02 5.704e+02 64 0 2 3.685e+02 3.875e+02 176 0 2 6.716e+02 6.724e+02 7 0 3 3.957e+02 4.023e+02 62 0 4 5.011e+02 5.069e+02 55 0 3 5.661e+02 5.679e+02 16 0 2 6.293e+02 6.307e+02 13 0 4 6.691e+02 6.749e+02 55 0 3 4.720e+02 4.940e+02 205 0 2 5.392e+02 5.528e+02 127 0 4 6.293e+02 6.307e+02 14 0 3 6.500e+02 6.520e+02 19 0 4 4.025e+02 4.375e+02 326 0 2 4.895e+02 5.185e+02 269 0 1 5.153e+02 5.347e+02 180 0 4 5.787e+02 5.973e+02 173 0 1 6.396e+02 6.624e+02 211 0 1 3.797e+02 4.183e+02 358 1 4 6.203e+02 6.397e+02 180 1 3 5.936e+02 6.244e+02 286 1 4 6.162e+02 6.438e+02 256 1 2 6.106e+02 6.494e+02 360 2 3 6.172e+01 6.428e+01 24 2 1 1.855e+01 2.345e+01 46 2 1 5.871e+01 6.729e+01 80 2 4 2.909e+01 5.491e+01 240 2 1 4.942e+01 7.658e+01 252 2 2 2.214e+01 6.186e+01 369
49620 0
49623 69 0 1 6.487e+02 6.533e+02 43 0 2 1.249e+02 1.271e+02 20 0 4 4.580e+02 4.660e+02 75 0 1 3.559e+02 3.581e+02 20 0 1 5.649e+02 5.691e+02 39 0 1 9.111e+01 1.189e+02 258 0 4 5.858e+02 5.902e+02 40 0 3 6.494e+02 6.526e+02 30 0 1 4.380e+02 4.440e+02 56 0 1 4.781e+02 4.879e+02 90 0 3 5.632e+02 5.708e+02 70 0 3 6.028e+02 6.152e+02 115 0 2 6.714e+02 6.726e+02 10 0 3 4.823e+02 4.837e+02 14 0 3 5.127e+02 5.373e+02 228 0 2 6.247e+02 6.353e+02 98 0 4 6.712e+02 6.728e+02 15 0 3 4.208e+02 4.612e+02 375 0 2 5.011e+02 5.069e+02 55 0 1 5.509e+02 5.831e+02 299 0 4 6.264e+02 6.336e+02 66 0 4 6.561e+02 6.879e+02 295 0 2 4.539e+02 4.701e+02 150 0 1 6.019e+02 6.161e+02 131 0 1 6.382e+02 6.638e+02 237 0 2 4.911e+02 5.169e+02 239 0 2 6.542e+02 6.898e+02 330 0 4 4.911e+02 5.170e+02 240 1 2 5.017e+02 5.063e+02 42 1 3 5.667e+02 5.673e+02 6 1 1 6.066e+02 6.114e+02 45 1 2 5.865e+02 5.895e+02 28 1 3 6.079e+02 6.101e+02 20 1 4 5.851e+02 5.909e+02 54 1 2 6.259e+02 6.341e+02 76 1 1 5.568e+02 5.772e+02 189 1 4 6.266e+02 6.334e+02 63 2 4 3.333e+02 3.387e+02 50 2 2 4.174e+02 4.226e+02 49 2 3 1.940e+01 2.260e+01 30 2 1 4.808e+02 4.852e+02 41 2 4 1.666e+02 1.694e+02 26 2 3 5.223e+02 5.277e+02 50 2 2 2.090e+02 2.110e+02 18 2 2 5.405e+02 5.515e+02 102 2 3 3.138e+02 3.162e+02 22 2 2 4.486e+02 4.754e+02 248 2 2 3.768e+02 3.792e+02 21 2 2 5.313e+02 5.607e+02 273 2 2 1.222e+02 1.298e+02 71 2 3 4.200e+02 4.620e+02 390 2 3 1.844e+02 1.936e+02 85 2 4 4.503e+02 4.737e+02 217 2 4 2.096e+02 2.104e+02 7 2 3 4.642e+02 5.018e+02 350 2 3 3.462e+02 3.678e+02 200 2 4 1.189e+02 1.331e+02 132 2 3 1.299e+02 1.641e+02 318 2 1 2.163e+02 2.457e+02 272 2 4 2.771e+02 3.109e+02 315 2 2 3.257e+02 3.463e+02 190 2 4 2.290e+01 6.110e+01 355 2 2 7.473e+01 9.327e+01 172 2 1 2.986e+02 3.314e+02 305 2 4 3.238e+02 3.482e+02 226 2 4 8.110e+01 8.690e+01 54 2 3 3.369e+02 3.771e+02 373 2 3 8.958e+01 1.204e+02 286 3 3 1.877e+02 1.903e+02 24
