25872 6 0 2 3.593e+02 3.967e+02 347 0 4 3.581e+02 3.979e+02 369 0 1 3.314e+02 3.826e+02 475 2 2 6.298e+02 6.302e+02 5 2 3 5.949e+02 6.231e+02 261 2 4 6.162e+02 6.438e+02 256
25873 9 0 2 4.595e+02 4.645e+02 46 0 2 6.638e+02 6.802e+02 152 0 4 4.588e+02 4.652e+02 60 0 3 6.388e+02 6.632e+02 227 0 1 4.667e+02 4.993e+02 303 1 2 4.008e+02 4.392e+02 356 2 3 1.043e+02 1.057e+02 12 2 4 8.039e+01 8.761e+01 67 2 2 7.334e+01 9.466e+01 198
25874 12 0 1 6.086e+02 6.094e+02 8 0 1 5.249e+02 5.251e+02 1 0 3 6.078e+02 6.102e+02 22 0 3 5.221e+02 5.279e+02 54 0 4 6.155e+02 6.445e+02 269 0 2 5.376e+02 5.544e+02 156 0 2 6.525e+02 6.915e+02 363 1 2 3.654e+02 3.906e+02 234 2 1 1.990e+01 2.210e+01 20 2 3 1.635e+01 2.565e+01 86 2 4 1.001e+02 1.519e+02 481 2 3 1.255e+02 1.685e+02 399
25875 8 0 3 6.510e+02 6.510e+02 -11 0 4 6.185e+02 6.415e+02 213 0 1 6.443e+02 6.577e+02 125 1 4 6.277e+02 6.323e+02 43 1 3 6.014e+02 6.166e+02 141 1 2 6.141e+02 6.459e+02 295 1 4 5.668e+02 6.092e+02 395 1 3 5.889e+02 6.291e+02 373
25876 0
25877 7 0 3 5.643e+02 5.697e+02 50 0 3 2.658e+02 2.802e+02 133 0 2 2.811e+02 3.069e+02 239 0 2 5.370e+02 5.550e+02 167 0 1 5.604e+02 5.736e+02 122 2 2 1.260e+02 1.260e+02 -5 2 4 1.199e+02 1.321e+02 114
25880 5 0 3 5.982e+02 6.198e+02 200 0 4 5.761e+02 5.999e+02 221 0 1 5.943e+02 6.237e+02 274 1 1 6.068e+02 6.112e+02 41 2 2 1.188e+02 1.332e+02 133
25882 5 0 1 6.071e+02 6.109e+02 35 0 3 6.048e+02 6.132e+02 79 0 2 6.669e+02 6.771e+02 96 0 4 6.175e+02 6.425e+02 231 0 4 6.643e+02 6.797e+02 144
25885 12 0 1 5.545e+02 5.795e+02 233 0 2 6.184e+02 6.416e+02 216 0 3 6.405e+02 6.615e+02 195 0 3 5.516e+02 5.824e+02 286 0 4 6.192e+02 6.408e+02 201 0 4 6.557e+02 6.883e+02 302 0 2 5.192e+02 5.728e+02 498 1 3 6.088e+02 6.092e+02 4 1 2 6.189e+02 6.411e+02 206 1 3 5.515e+02 5.825e+02 288 1 4 6.213e+02 6.387e+02 161 1 3 5.912e+02 6.268e+02 331
25886 0
25887 1 2 1 2.134e+02 2.486e+02 327
25888 3 0 2 3.430e+01 4.970e+01 143 3 1 2.192e+02 2.428e+02 219 3 2 1.947e+02 2.253e+02 284
25891 1 0 1 1.298e+02 1.642e+02 319
25892 12 0 2 6.144e+02 6.456e+02 290 0 3 6.395e+02 6.625e+02 213 0 4 6.100e+02 6.500e+02 372 0 1 6.350e+02 6.670e+02 296 2 3 6.019e+01 6.581e+01 52 2 2 2.934e+02 2.946e+02 11 2 2 1.172e+02 1.348e+02 164 2 3 2.633e+02 2.827e+02 180 2 4 1.151e+02 1.369e+02 203 2 1 3.034e+02 3.266e+02 215 2 3 9.268e+01 1.173e+02 229 2 4 2.760e+02 3.120e+02 334
25893 14 0 2 1.673e+02 1.687e+02 13 0 3 1.859e+02 1.921e+02 58 0 2 3.651e+02 3.909e+02 240 0 3 3.972e+02 4.008e+02 33 0 4 1.968e+02 2.232e+02 245 0 1 3.859e+02 4.121e+02 243 1 2 6.300e+02 6.300e+02 0 1 1 6.055e+02 6.125e+02 65 1 4 6.209e+02 6.391e+02 169 2 3 6.507e+02 6.513e+02 5 2 1 9.214e+00 3.279e+01 219 2 4 1.197e+02 1.323e+02 116 2 4 6.641e+02 6.799e+02 146 2 3 1.293e+02 1.647e+02 328
25894 10 0 3 6.508e+02 6.512e+02 3 0 4 6.679e+02 6.761e+02 76 2 3 2.048e+01 2.152e+01 10 2 2 3.829e+01 4.571e+01 69 2 4 5.840e+02 5.920e+02 74 2 1 5.772e+01 6.828e+01 98 2 1 6.380e+02 6.640e+02 240 2 3 5.964e+02 6.216e+02 234 2 2 6.159e+02 6.441e+02 262 2 2 5.704e+02 6.056e+02 327
25895 17 0 3 4.830e+02 4.830e+02 0 0 2 5.027e+02 5.053e+02 24 0 3 6.083e+02 6.097e+02 14 0 4 6.671e+02 6.769e+02 91 0 2 4.597e+02 4.643e+02 42 0 1 5.189e+02 5.311e+02 113 0 1 5.980e+02 6.200e+02 205 0 4 5.007e+02 5.073e+02 60 0 3 5.106e+02 5.394e+02 268 0 4 6.132e+02 6.468e+02 311 0 4 5.728e+02 6.032e+02 282 0 1 5.909e+02 6.271e+02 336 2 3 1.110e+01 3.090e+01 184 2 4 2.851e+01 5.549e+01 250 2 1 4.819e+00 3.718e+01 300 2 3 4.732e+00 3.727e+01 302 3 4 5.439e+02 5.481e+02 40
25896 8 0 2 6.267e+02 6.333e+02 60 0 4 6.290e+02 6.310e+02 18 0 1 5.922e+02 6.258e+02 311 0 3 5.886e+02 6.294e+02 380 1 1 4.385e+02 4.435e+02 46 1 1 4.243e+02 4.577e+02 310 1 4 5.727e+02 6.033e+02 284 3 2 2.542e+01 5.858e+01 308
25897 5 0 1 3.150e+02 3.150e+02 -8 0 2 3.291e+02 3.429e+02 129 0 4 3.230e+02 3.490e+02 242 0 3 5.142e+02 5.358e+02 200 0 1 5.522e+02 5.818e+02 275
25900 19 0 3 5.665e+02 5.675e+02 9 0 1 6.070e+02 6.110e+02 38 0 1 6.510e+02 6.510e+02 -1 0 1 5.578e+02 5.762e+02 170 0 3 6.510e+02 6.510e+02 -0 0 2 6.103e+02 6.497e+02 366 0 4 6.682e+02 6.758e+02 70 0 1 6.385e+02 6.635e+02 231 0 2 6.534e+02 6.906e+02 346 0 4 6.541e+02 6.899e+02 332 2 3 2.039e+01 2.161e+01 11 2 4 8.321e+01 8.479e+01 15 2 3 1.470e+02 1.470e+02 -4 2 2 3.838e+01 4.562e+01 67 2 2 7.922e+01 8.878e+01 89 2 1 1.178e+01 3.022e+01 171 2 3 8.783e+01 1.222e+02 319 2 2 2.972e+01 5.428e+01 228 2 4 2.313e+01 6.087e+01 350
25901 49 0 1 6.431e+02 6.589e+02 146 0 1 4.397e+02 4.423e+02 25 0 2 5.034e+02 5.046e+02 11 0 2 6.627e+02 6.813e+02 172 0 3 4.374e+02 4.446e+02 67 0 4 4.478e+02 4.762e+02 264 0 1 5.115e+02 5.385e+02 251 0 4 6.654e+02 6.786e+02 122 0 1 4.679e+02 4.981e+02 280 0 3 6.393e+02 6.627e+02 216 0 2 4.417e+02 4.823e+02 376 0 2 6.556e+02 6.884e+02 304 0 4 6.548e+02 6.892e+02 320 1 1 6.090e+02 6.090e+02 -1 1 3 6.086e+02 6.094e+02 7 1 1 5.180e+02 5.320e+02 130 1 2 5.739e+02 6.021e+02 261 1 2 6.200e+02 6.400e+02 186 1 1 5.962e+02 6.218e+02 238 1 2 6.148e+02 6.452e+02 283 1 4 6.158e+02 6.442e+02 263 2 4 1.658e+02 1.702e+02 40 2 2 2.517e+02 2.523e+02 6 2 2 1.253e+02 1.267e+02 14 2 3 1.853e+02 1.927e+02 69 2 3 4.400e+02 4.420e+02 19 2 4 2.087e+02 2.113e+02 24 2 2 5.020e+02 5.060e+02 36 2 1 2.630e+02 2.830e+02 186 2 1 5.225e+02 5.275e+02 46 2 4 8.182e+01 8.618e+01 40 2 2 5.841e+02 5.919e+02 72 2 2 1.654e+02 1.706e+02 48 2 4 4.133e+02 4.267e+02 124 2 1 2.294e+02 2.326e+02 30 2 4 5.027e+02 5.053e+02 24 2 1 2.966e+02 3.334e+02 342 2 3 5.182e+02 5.318e+02 126 2 4 1.125e+02 1.395e+02 250 2 1 6.025e+02 6.155e+02 121 2 1 1.783e+02 1.997e+02 199 2 3 2.257e+02 2.363e+02 99 2 2 4.610e+02 4.630e+02 19 2 3 9.340e+01 1.166e+02 216 2 4 5.356e+02 5.564e+02 193 2 1 1.370e+02 1.570e+02 186 3 3 2.079e+01 2.121e+01 4 3 2 3.910e+01 4.490e+01 54 3 3 1.811e+00 4.019e+01 356
25904 43 0 3 6.510e+02 6.510e+02 -12 0 1 4.393e+02 4.427e+02 31 0 2 5.332e+02 5.588e+02 237 0 4 5.766e+02 5.994e+02 212 0 2 6.694e+02 6.746e+02 48 0 1 5.120e+02 5.380e+02 240 0 1 5.977e+02 6.203e+02 210 0 4 6.665e+02 6.775e+02 103 0 3 5.987e+02 6.193e+02 190 0 2 6.571e+02 6.869e+02 276 1 2 6.253e+02 6.347e+02 87 1 1 3.110e+02 3.190e+02 74 1 2 3.349e+02 3.371e+02 21 1 1 6.013e+02 6.167e+02 142 1 4 6.106e+02 6.494e+02 360 2 4 8.308e+01 8.492e+01 17 2 3 2.283e+02 2.337e+02 50 2 4 3.758e+02 3.802e+02 40 2 3 4.736e+02 4.924e+02 176 2 3 1.045e+02 1.055e+02 10 2 3 5.635e+02 5.705e+02 66 2 3 1.879e+02 1.901e+02 20 2 2 5.867e+02 5.893e+02 24 2 3 2.216e+02 2.404e+02 174 2 3 6.429e+02 6.591e+02 150 2 4 3.302e+02 3.418e+02 107 2 4 4.090e+02 4.310e+02 204 2 3 5.239e+01 7.361e+01 197 2 4 5.401e+02 5.519e+02 109 2 4 1.235e+02 1.284e+02 46 2 1 5.945e+02 6.235e+02 270 2 2 1.652e+02 1.708e+02 51 2 4 6.644e+02 6.796e+02 141 2 3 2.150e+02 2.470e+02 297 2 1 4.287e+02 4.533e+02 229 2 3 3.522e+02 3.618e+02 90 2 4 4.867e+02 5.213e+02 321 2 4 2.990e+01 5.410e+01 225 2 3 6.356e+02 6.664e+02 286 2 2 7.038e+01 9.762e+01 253 2 3 4.252e+02 4.568e+02 294 2 4 1.634e+02 1.726e+02 86 3 1 1.761e+01 2.439e+01 63
25905 9 0 3 5.250e+02 5.250e+02 -22 0 1 6.083e+02 6.097e+02 12 0 1 4.387e+02 4.433e+02 42 0 3 4.279e+02 4.541e+02 243 0 2 5.021e+02 5.059e+02 35 0 4 4.598e+02 4.642e+02 41 0 2 4.469e+02 4.771e+02 281 2 3 1.455e+02 1.485e+02 28 2 4 8.168e+01 8.632e+01 43
25907 1 0 2 8.400e+01 8.400e+01 -20
25908 4 0 4 4.620e+02 4.620e+02 -2 0 2 4.543e+02 4.697e+02 143 0 3 4.289e+02 4.531e+02 224 0 1 4.265e+02 4.555e+02 270
25909 2 0 2 6.670e+02 6.770e+02 93 2 2 2.869e+01 5.531e+01 247
25910 16 0 2 2.509e+02 2.531e+02 20 0 4 5.011e+02 5.069e+02 54 0 4 2.899e+02 2.981e+02 76 0 1 6.382e+02 6.638e+02 238 0 4 2.477e+02 2.563e+02 80 0 3 4.279e+02 4.541e+02 244 0 1 2.620e+02 2.840e+02 205 0 1 4.716e+02 4.944e+02 212 0 3 2.173e+02 2.447e+02 254 0 4 4.014e+02 4.386e+02 345 0 2 4.946e+02 5.134e+02 175 2 3 6.082e+01 6.518e+01 40 2 1 6.066e+02 6.114e+02 44 2 3 9.690e+01 1.131e+02 150 2 3 4.256e+01 8.344e+01 380 2 4 6.477e+01 1.032e+02 357
25911 1 1 3 1.467e+02 1.473e+02 6
25912 0
25913 4 0 2 5.409e+02 5.511e+02 94 0 3 5.576e+02 5.764e+02 175 0 1 4.875e+01 7.725e+01 265 0 1 5.505e+02 5.835e+02 306
25914 4 2 3 3.987e+02 3.993e+02 5 2 4 3.701e+02 3.859e+02 146 2 1 1.765e+02 2.015e+02 231 2 4 5.287e+02 5.633e+02 322
25917 1 0 4 4.600e+02 4.640e+02 38
