17967 8 0 3 5.523e+02 5.817e+02 272 0 2 6.520e+02 6.920e+02 371 0 4 6.480e+02 6.960e+02 446 3 3 5.241e+02 5.259e+02 17 3 4 5.453e+02 5.467e+02 13 3 4 5.010e+02 5.070e+02 56 3 1 5.226e+02 5.274e+02 44 3 2 4.915e+02 5.165e+02 232
17969 8 2 4 1.249e+02 1.271e+02 20 2 2 4.074e+02 4.326e+02 234 2 3 9.075e+01 1.192e+02 265 3 1 4.812e+02 4.848e+02 33 3 2 3.265e+02 3.455e+02 177 3 3 3.486e+02 3.654e+02 156 3 4 3.187e+02 3.533e+02 320 3 1 3.441e+02 3.699e+02 240
17970 2 2 1 1.698e+01 2.502e+01 75 2 3 4.146e+00 3.785e+01 313
17971 0
17976 14 0 3 1.881e+02 1.899e+02 17 0 4 2.050e+02 2.150e+02 92 1 4 6.298e+02 6.302e+02 3 1 4 5.852e+02 5.908e+02 51 1 3 6.044e+02 6.136e+02 86 1 1 5.650e+02 5.690e+02 36 1 2 6.300e+02 6.300e+02 -0 1 3 5.614e+02 5.726e+02 104 1 4 6.191e+02 6.409e+02 203 1 2 5.359e+02 5.561e+02 187 1 3 5.914e+02 6.266e+02 327 1 2 5.711e+02 6.049e+02 314 1 1 5.504e+02 5.836e+02 308 2 2 3.385e+01 5.015e+01 151
17977 1 2 4 1.169e+02 1.351e+02 169
17978 0
17979 0
17981 3 0 3 6.090e+02 6.090e+02 -17 0 1 6.069e+02 6.111e+02 40 0 1 5.964e+02 6.216e+02 234
17983 0
17984 11 0 4 3.533e+01 4.867e+01 124 0 3 2.127e+00 3.987e+01 350 0 3 5.468e+02 5.872e+02 376 2 1 1.469e+02 1.471e+02 2 2 3 2.281e+02 2.339e+02 54 2 4 1.229e+02 1.291e+02 58 2 2 1.167e+02 1.353e+02 173 2 3 1.299e+02 1.641e+02 318 2 2 6.526e+01 1.027e+02 348 2 2 1.529e+02 1.831e+02 280 2 3 8.312e+01 1.269e+02 406
17985 0
17987 0
17989 12 0 2 6.207e+02 6.393e+02 173 0 3 6.490e+02 6.530e+02 37 0 4 3.593e+02 3.967e+02 348 1 2 6.230e+02 6.370e+02 130 1 4 6.194e+02 6.406e+02 196 2 2 3.959e+01 4.441e+01 45 2 4 1.257e+02 1.263e+02 6 2 1 1.361e+01 2.839e+01 137 2 2 1.234e+02 1.286e+02 48 2 3 7.959e+00 3.404e+01 242 2 3 8.783e+01 1.222e+02 319 2 4 3.309e+01 5.091e+01 166
17991 0
17992 0
17993 8 0 2 3.946e+01 4.454e+01 47 0 2 5.453e+02 5.467e+02 12 0 4 4.085e+01 4.315e+01 21 0 4 4.154e+02 4.246e+02 86 0 3 3.338e+00 3.866e+01 328 0 1 4.699e+02 4.961e+02 244 0 2 5.304e+02 5.616e+02 289 0 3 4.242e+02 4.578e+02 311
17997 6 2 4 7.751e+01 9.049e+01 120 2 1 4.606e+01 7.994e+01 315 2 2 4.877e+02 5.203e+02 303 2 2 1.080e+02 1.440e+02 334 2 4 6.504e+01 1.030e+02 352 3 1 6.882e+00 3.512e+01 262
17998 35 0 3 5.158e+02 5.342e+02 171 2 2 4.076e+01 4.324e+01 23 2 2 5.870e+02 5.890e+02 18 2 3 3.561e+02 3.579e+02 17 2 3 6.490e+02 6.530e+02 37 2 4 4.085e+01 4.315e+01 21 2 1 3.908e+02 4.072e+02 153 2 4 1.255e+02 1.265e+02 10 2 2 5.017e+02 5.063e+02 42 2 1 1.453e+02 1.487e+02 32 2 4 6.267e+02 6.333e+02 60 2 3 2.680e+02 2.780e+02 92 2 2 6.695e+02 6.745e+02 46 2 2 3.713e+02 3.847e+02 124 2 3 3.958e+02 4.022e+02 59 2 3 6.248e+01 6.352e+01 10 2 3 5.529e+02 5.811e+02 261 2 4 7.921e+01 8.879e+01 89 2 4 5.718e+02 6.042e+02 300 2 3 1.320e+02 1.620e+02 279 2 4 6.686e+02 6.754e+02 64 2 4 2.336e+02 2.704e+02 341 2 3 3.809e+02 4.171e+02 336 2 3 3.051e+02 3.249e+02 185 2 2 4.066e+02 4.334e+02 250 2 4 3.760e+02 3.800e+02 37 2 1 3.814e+02 4.166e+02 327 2 1 4.888e+01 7.712e+01 262 2 2 1.135e+02 1.385e+02 233 2 3 2.575e+02 2.885e+02 288 2 4 3.267e+02 3.453e+02 172 2 3 5.292e+01 7.308e+01 187 2 1 3.493e+02 3.647e+02 144 2 3 4.907e+00 3.709e+01 299 2 2 3.169e+02 3.551e+02 354
18001 4 0 1 6.052e+02 6.128e+02 70 0 4 6.179e+02 6.421e+02 225 1 3 5.670e+02 5.670e+02 -9 1 4 5.759e+02 6.001e+02 225
18002 5 0 4 6.241e+02 6.359e+02 109 0 1 5.998e+02 6.182e+02 170 0 4 6.620e+02 6.820e+02 186 0 3 5.940e+02 6.240e+02 279 0 3 6.365e+02 6.655e+02 269
18003 0
18005 1 2 2 1.971e+02 2.229e+02 240
18006 5 0 3 6.501e+02 6.519e+02 16 0 4 6.711e+02 6.729e+02 17 0 1 6.468e+02 6.552e+02 78 0 2 6.581e+02 6.859e+02 258 0 3 6.325e+02 6.695e+02 343
18007 0
18008 1 3 3 4.396e+02 4.424e+02 26
18009 14 0 4 6.144e+02 6.456e+02 290 0 1 6.400e+02 6.620e+02 204 0 1 5.932e+02 6.248e+02 293 0 2 6.597e+02 6.843e+02 228 0 2 6.132e+02 6.468e+02 311 0 1 6.307e+02 6.713e+02 376 0 3 6.323e+02 6.697e+02 346 0 4 6.504e+02 6.936e+02 400 2 3 3.148e+02 3.152e+02 3 2 2 3.354e+02 3.366e+02 10 2 4 3.204e+02 3.516e+02 290 2 1 3.415e+02 3.725e+02 287 2 4 1.069e+02 1.451e+02 355 2 4 2.753e+02 3.127e+02 347
