40578 6 0 4 5.830e+02 5.930e+02 92 0 4 6.623e+02 6.817e+02 180 0 4 5.746e+02 6.014e+02 249 0 2 6.601e+02 6.839e+02 221 0 1 5.903e+02 6.277e+02 348 0 2 6.451e+02 6.989e+02 500
40579 7 0 1 4.373e+02 4.447e+02 69 0 3 4.372e+02 4.448e+02 71 0 2 4.463e+02 4.777e+02 292 0 1 4.184e+02 4.636e+02 420 0 4 4.503e+02 4.737e+02 217 0 4 4.776e+02 5.304e+02 490 2 3 1.523e+01 2.677e+01 107
40581 10 1 4 5.440e+02 5.480e+02 38 1 3 5.978e+02 6.202e+02 207 2 2 5.426e+02 5.494e+02 63 2 3 6.011e+02 6.169e+02 146 2 3 6.492e+02 6.528e+02 33 2 4 6.198e+02 6.402e+02 190 2 1 6.379e+02 6.641e+02 243 2 2 4.454e+02 4.786e+02 308 2 4 5.762e+02 5.998e+02 220 2 2 6.571e+02 6.869e+02 276
40583 10 2 1 2.301e+02 2.319e+02 16 2 4 2.446e+02 2.594e+02 137 2 3 2.220e+02 2.400e+02 166 2 2 2.369e+02 2.671e+02 280 3 2 2.071e+02 2.129e+02 54 3 2 3.234e+02 3.486e+02 235 3 3 3.537e+02 3.603e+02 60 3 2 1.092e+02 1.428e+02 312 3 1 3.439e+02 3.701e+02 243 3 4 3.587e+02 3.973e+02 359
40584 3 0 4 2.858e+02 3.022e+02 153 0 2 6.618e+02 6.822e+02 190 0 4 6.609e+02 6.831e+02 206
40585 0
40586 7 0 1 5.171e+02 5.329e+02 147 0 2 6.651e+02 6.789e+02 128 0 2 5.361e+02 5.559e+02 183 0 4 6.617e+02 6.823e+02 192 0 3 5.109e+02 5.391e+02 262 1 3 5.642e+02 5.698e+02 52 3 1 4.192e+02 4.628e+02 405
40588 23 0 3 5.250e+02 5.250e+02 -6 0 4 3.310e+02 3.410e+02 93 0 1 6.090e+02 6.090e+02 -3 0 2 2.837e+02 3.043e+02 190 0 3 6.484e+02 6.536e+02 48 0 1 5.212e+02 5.288e+02 70 0 1 3.034e+02 3.266e+02 216 0 3 6.040e+02 6.140e+02 92 0 2 2.762e+02 3.118e+02 330 0 2 6.698e+02 6.742e+02 40 0 2 6.164e+02 6.436e+02 252 0 1 2.979e+02 3.321e+02 317 0 4 6.716e+02 6.724e+02 8 0 2 4.876e+02 5.204e+02 305 0 4 6.119e+02 6.481e+02 336 0 3 6.422e+02 6.598e+02 163 0 1 6.363e+02 6.657e+02 272 0 3 6.337e+02 6.683e+02 321 2 3 1.459e+02 1.481e+02 20 2 4 1.668e+02 1.692e+02 23 2 4 1.188e+02 1.332e+02 134 2 3 1.852e+02 1.928e+02 70 2 1 4.281e+00 3.772e+01 310
40589 31 0 1 6.507e+02 6.513e+02 6 0 1 4.814e+02 4.846e+02 30 0 4 2.903e+02 2.977e+02 69 0 2 3.316e+02 3.404e+02 82 0 3 6.510e+02 6.510e+02 -17 0 2 1.253e+02 1.267e+02 14 0 4 4.945e+02 5.135e+02 176 0 4 1.533e+02 1.827e+02 273 0 3 6.085e+02 6.095e+02 10 0 1 3.138e+02 3.162e+02 21 0 2 6.720e+02 6.720e+02 -14 0 3 4.723e+02 4.937e+02 198 0 2 6.215e+02 6.385e+02 157 0 4 6.700e+02 6.740e+02 38 0 2 4.927e+02 5.153e+02 210 0 4 6.252e+02 6.348e+02 90 0 2 6.588e+02 6.852e+02 246 0 3 5.994e+02 6.186e+02 179 0 4 6.582e+02 6.858e+02 257 0 2 6.153e+02 6.447e+02 273 0 4 6.157e+02 6.443e+02 265 1 2 6.300e+02 6.300e+02 -4 1 1 6.049e+02 6.131e+02 76 1 4 6.139e+02 6.461e+02 300 2 4 8.400e+01 8.400e+01 -12 2 2 7.769e+01 9.031e+01 117 2 3 3.032e+02 3.268e+02 219 2 4 7.015e+01 9.785e+01 257 2 4 2.781e+02 3.099e+02 295 2 3 9.034e+01 1.197e+02 272 3 1 3.135e+02 3.165e+02 28
40590 15 0 4 6.720e+02 6.720e+02 -3 0 2 8.043e+01 8.757e+01 66 0 1 6.484e+02 6.536e+02 49 0 1 3.549e+02 3.591e+02 40 0 3 3.839e+02 4.141e+02 280 0 2 3.769e+02 3.791e+02 20 0 4 3.667e+02 3.893e+02 210 1 4 6.255e+02 6.345e+02 84 1 2 6.238e+02 6.362e+02 116 1 4 6.145e+02 6.455e+02 288 2 2 3.351e+02 3.369e+02 16 2 2 1.236e+02 1.284e+02 45 2 4 3.240e+02 3.480e+02 223 2 3 3.012e+02 3.288e+02 256 2 1 3.428e+02 3.712e+02 263
40592 25 0 4 3.360e+02 3.360e+02 -8 0 1 6.020e+02 6.160e+02 130 0 3 5.985e+02 6.195e+02 195 0 2 6.215e+02 6.385e+02 157 0 4 6.242e+02 6.358e+02 108 1 3 4.246e+02 4.574e+02 306 2 4 2.940e+02 2.940e+02 -3 2 4 1.260e+02 1.260e+02 -5 2 4 1.664e+02 1.696e+02 30 2 4 5.785e+02 5.975e+02 176 2 4 2.424e+02 2.616e+02 179 2 3 3.086e+02 3.214e+02 119 2 4 5.279e+02 5.641e+02 336 2 2 1.222e+02 1.298e+02 70 2 1 1.419e+02 1.521e+02 94 2 2 2.419e+02 2.621e+02 187 2 3 8.819e+01 1.218e+02 312 2 4 1.570e+02 1.790e+02 205 2 3 2.132e+02 2.488e+02 330 2 3 2.548e+02 2.912e+02 337 2 3 1.328e+02 1.612e+02 265 2 4 1.511e+02 1.849e+02 313 3 2 5.871e+02 5.889e+02 16 3 1 1.914e+01 2.286e+01 35 3 1 5.577e+02 5.763e+02 173
40593 6 0 3 6.047e+02 6.133e+02 80 0 4 6.678e+02 6.762e+02 78 0 3 5.635e+02 5.705e+02 65 0 4 6.205e+02 6.395e+02 176 0 2 5.361e+02 5.559e+02 183 0 1 5.545e+02 5.795e+02 233
40594 9 0 2 5.391e+02 5.529e+02 129 0 2 6.651e+02 6.789e+02 129 0 1 5.491e+02 5.849e+02 333 0 2 6.588e+02 6.852e+02 245 0 3 5.517e+02 5.823e+02 284 2 2 4.009e+01 4.391e+01 36 2 4 3.574e+01 4.826e+01 116 2 3 3.025e+00 3.897e+01 334 2 1 4.314e+01 8.286e+01 369
40595 3 0 2 6.100e+02 6.500e+02 372 0 4 6.071e+02 6.529e+02 426 0 3 6.267e+02 6.753e+02 450
40596 5 0 1 1.801e+01 2.399e+01 56 3 1 3.558e+02 3.582e+02 22 3 4 3.770e+02 3.790e+02 19 3 2 3.666e+02 3.894e+02 212 3 3 3.436e+02 3.704e+02 250
40597 29 0 4 6.261e+02 6.339e+02 73 0 1 5.579e+02 5.761e+02 169 0 4 5.822e+02 5.938e+02 108 0 3 6.438e+02 6.582e+02 133 0 4 1.422e+02 1.938e+02 480 0 3 4.353e+02 4.467e+02 106 0 1 4.670e+02 4.990e+02 297 0 2 6.221e+02 6.379e+02 146 0 2 6.690e+02 6.750e+02 56 0 3 5.535e+02 5.805e+02 250 0 1 5.965e+02 6.215e+02 233 0 4 6.666e+02 6.774e+02 100 0 1 4.202e+02 4.618e+02 386 0 3 5.929e+02 6.251e+02 300 0 1 6.427e+02 6.593e+02 154 0 2 6.577e+02 6.863e+02 266 1 1 2.466e+02 2.994e+02 490 2 3 1.622e+01 2.578e+01 89 2 1 1.819e+02 1.961e+02 132 2 3 6.024e+01 6.576e+01 51 2 2 7.962e+01 8.838e+01 81 2 3 1.854e+02 1.926e+02 66 2 1 1.209e+01 2.991e+01 166 2 2 7.217e+01 9.583e+01 220 2 4 1.543e+02 1.817e+02 254 2 2 1.916e+02 2.284e+02 341 2 3 1.088e+01 3.112e+01 188 2 2 3.156e+01 5.244e+01 194 2 4 3.098e+01 5.302e+01 205
40598 8 0 4 6.282e+02 6.318e+02 33 0 3 6.042e+02 6.138e+02 90 0 3 5.091e+02 5.409e+02 296 0 2 6.202e+02 6.398e+02 181 0 3 5.467e+02 5.873e+02 376 1 2 6.215e+02 6.385e+02 158 2 3 9.860e+01 1.114e+02 119 2 2 1.152e+02 1.368e+02 200
40599 10 0 3 2.213e+02 2.407e+02 180 0 2 2.331e+02 2.709e+02 351 0 1 2.080e+02 2.540e+02 427 1 2 6.200e+02 6.400e+02 186 1 2 6.112e+02 6.488e+02 349 1 1 1.268e+02 1.672e+02 376 2 3 2.698e+02 2.762e+02 60 2 4 2.339e+02 2.701e+02 336 2 2 2.926e+02 2.954e+02 26 3 2 2.857e+02 3.023e+02 154
40600 2 0 2 3.763e+02 3.797e+02 32 0 4 3.312e+02 3.408e+02 89
40601 1 0 2 6.624e+02 6.816e+02 179
40602 0
40603 4 2 3 2.299e+02 2.321e+02 20 2 3 1.839e+02 1.941e+02 94 2 3 1.718e+02 2.062e+02 319 2 4 1.906e+02 2.294e+02 360
40606 11 0 4 5.852e+02 5.908e+02 52 0 3 5.907e+02 6.273e+02 340 1 2 5.849e+02 5.911e+02 57 1 4 5.828e+02 5.932e+02 97 1 3 5.935e+02 6.245e+02 288 1 1 5.918e+02 6.262e+02 320 2 3 1.096e+01 3.104e+01 186 2 2 3.300e+01 5.100e+01 167 2 4 3.179e+01 5.221e+01 190 3 1 8.858e+00 3.314e+01 226 3 3 7.690e+00 3.431e+01 247
40607 0
40608 41 0 1 5.664e+02 5.676e+02 10 0 3 1.985e+01 2.215e+01 21 0 1 6.485e+02 6.535e+02 47 0 4 2.478e+02 2.562e+02 77 0 2 6.238e+02 6.362e+02 115 0 2 3.726e+02 3.834e+02 100 0 3 6.464e+02 6.556e+02 85 0 4 3.354e+01 5.046e+01 157 0 3 3.855e+02 4.125e+02 250 0 2 4.966e+02 5.114e+02 137 0 3 5.605e+02 5.735e+02 121 0 4 6.222e+02 6.378e+02 146 0 2 6.675e+02 6.765e+02 83 0 1 3.847e+02 4.133e+02 265 0 4 4.935e+02 5.145e+02 195 0 3 5.146e+02 5.354e+02 193 0 4 5.757e+02 6.003e+02 228 0 4 6.669e+02 6.771e+02 95 0 2 5.379e+02 5.541e+02 150 0 3 5.890e+02 6.290e+02 372 0 3 6.319e+02 6.701e+02 354 0 1 5.092e+02 5.408e+02 293 1 4 5.876e+02 5.884e+02 8 1 1 6.065e+02 6.115e+02 46 1 1 5.632e+02 5.708e+02 70 1 3 6.086e+02 6.094e+02 7 1 4 4.875e+02 5.205e+02 306 1 3 5.652e+02 5.688e+02 33 1 2 6.300e+02 6.300e+02 -0 1 2 5.782e+02 5.978e+02 181 1 4 6.267e+02 6.333e+02 60 1 2 5.264e+02 5.656e+02 365 1 1 5.974e+02 6.206e+02 215 1 3 5.492e+02 5.848e+02 331 2 3 1.909e+01 2.291e+01 36 2 4 8.159e+01 8.641e+01 45 2 3 5.231e+02 5.269e+02 36 2 2 3.986e+01 4.414e+01 40 2 4 5.010e+02 5.070e+02 56 2 1 7.195e+00 3.480e+01 256 2 3 8.454e+00 3.355e+01 233
40609 20 1 4 6.134e+02 6.466e+02 308 2 3 1.033e+02 1.067e+02 31 2 4 6.292e+02 6.308e+02 15 2 1 1.711e+01 2.489e+01 72 2 4 4.196e+02 4.204e+02 8 2 4 1.235e+02 1.284e+02 46 2 4 2.455e+02 2.585e+02 120 2 3 5.588e+01 7.012e+01 132 2 4 8.137e+01 8.663e+01 49 2 3 4.260e+02 4.560e+02 278 2 3 2.968e+02 3.332e+02 338 2 4 5.713e+02 6.047e+02 310 2 3 7.286e+00 3.471e+01 255 2 2 7.724e+01 9.076e+01 126 2 4 7.545e+01 9.255e+01 159 2 3 9.317e+01 1.168e+02 220 2 4 6.715e+01 1.009e+02 313 3 3 4.969e+01 7.631e+01 247 3 4 6.719e+01 1.008e+02 312 3 4 2.317e+01 6.083e+01 350
40610 0
40611 6 1 1 5.971e+02 6.209e+02 221 2 4 8.236e+01 8.564e+01 30 2 3 1.402e+01 2.798e+01 130 2 2 3.650e+01 4.750e+01 102 2 4 2.833e+01 5.567e+01 254 2 1 6.929e+00 3.507e+01 261
40612 13 0 4 6.108e+02 6.492e+02 356 0 1 5.917e+02 6.263e+02 321 0 2 6.500e+02 6.940e+02 408 0 3 5.876e+02 6.304e+02 397 0 4 6.491e+02 6.949e+02 425 0 2 6.061e+02 6.539e+02 443 1 2 5.755e+02 6.005e+02 233 2 2 6.146e+02 6.454e+02 286 2 1 6.345e+02 6.675e+02 306 2 4 5.304e+02 5.616e+02 289 2 3 5.876e+02 6.304e+02 397 2 1 6.280e+02 6.740e+02 428 3 1 9.169e+01 1.183e+02 247
40613 44 0 4 2.757e+01 5.643e+01 268 0 3 4.808e+02 4.852e+02 41 0 3 6.471e+02 6.549e+02 73 0 2 5.352e+02 5.568e+02 201 0 2 6.669e+02 6.771e+02 94 0 4 6.290e+02 6.310e+02 19 0 4 6.647e+02 6.793e+02 135 0 3 5.030e+02 5.470e+02 408 0 3 6.078e+02 6.102e+02 21 0 1 6.439e+02 6.581e+02 131 0 2 4.790e+02 5.290e+02 465 0 1 5.999e+02 6.181e+02 170 0 3 6.419e+02 6.601e+02 170 0 3 5.965e+02 6.215e+02 231 0 2 6.144e+02 6.456e+02 289 1 1 6.072e+02 6.108e+02 34 1 4 5.844e+02 5.916e+02 67 1 2 6.284e+02 6.316e+02 29 1 4 6.252e+02 6.348e+02 90 1 3 5.963e+02 6.217e+02 236 1 1 5.925e+02 6.255e+02 306 2 3 1.465e+02 1.475e+02 10 2 4 2.901e+02 2.979e+02 72 2 3 3.531e+02 3.609e+02 72 2 4 3.721e+01 4.679e+01 89 2 3 9.609e+01 1.139e+02 166 2 4 1.668e+02 1.692e+02 23 2 2 2.050e+02 2.150e+02 93 2 3 3.074e+02 3.226e+02 140 2 2 3.770e+02 3.790e+02 18 2 4 2.945e+01 5.455e+01 233 2 4 1.142e+02 1.378e+02 220 2 3 1.861e+02 1.919e+02 54 2 4 3.774e+02 3.786e+02 10 2 3 9.978e+00 3.202e+01 205 2 4 6.746e+01 1.005e+02 307 2 2 1.631e+02 1.729e+02 91 2 4 3.182e+02 3.538e+02 330 2 1 1.752e+02 2.028e+02 256 2 2 3.613e+02 3.947e+02 310 2 3 1.798e+02 1.982e+02 170 2 1 1.335e+02 1.605e+02 250 2 4 1.546e+02 1.814e+02 248 2 3 1.276e+02 1.664e+02 360
40614 19 0 1 4.389e+02 4.431e+02 40 0 1 6.434e+02 6.586e+02 141 0 3 4.342e+02 4.478e+02 127 0 4 4.519e+02 4.721e+02 188 0 3 6.417e+02 6.603e+02 172 0 2 4.444e+02 4.796e+02 326 0 2 6.606e+02 6.834e+02 212 0 4 6.613e+02 6.827e+02 198 1 4 6.283e+02 6.317e+02 32 1 3 6.059e+02 6.121e+02 58 2 3 2.100e+01 2.100e+01 -4 2 4 7.931e+01 8.869e+01 87 2 3 6.481e+02 6.539e+02 55 2 3 9.057e+01 1.194e+02 268 2 4 6.188e+02 6.412e+02 207 2 2 6.660e+02 6.780e+02 110 2 2 7.046e+01 9.754e+01 251 2 1 6.398e+02 6.622e+02 208 2 4 2.146e+01 6.254e+01 381
40615 50 0 2 3.315e+02 3.405e+02 83 0 3 5.156e+02 5.344e+02 174 0 4 5.825e+02 5.935e+02 102 0 2 6.644e+02 6.796e+02 140 0 1 5.083e+02 5.417e+02 310 0 3 5.914e+02 6.266e+02 326 0 4 6.634e+02 6.806e+02 159 0 1 5.494e+02 5.846e+02 327 0 2 6.588e+02 6.852e+02 246 0 4 3.962e+02 4.438e+02 441 0 2 4.815e+02 5.265e+02 418 0 2 6.516e+02 6.924e+02 380 1 1 5.656e+02 5.684e+02 26 1 3 5.644e+02 5.696e+02 48 1 2 5.418e+02 5.502e+02 79 1 2 6.180e+02 6.420e+02 223 1 4 4.853e+02 5.227e+02 348 1 3 4.145e+02 4.675e+02 492 1 2 5.812e+02 5.948e+02 126 1 3 5.903e+02 6.277e+02 348 1 3 5.081e+02 5.419e+02 314 1 4 5.797e+02 5.963e+02 155 1 4 6.045e+02 6.555e+02 474 1 1 5.510e+02 5.830e+02 296 1 4 5.706e+02 6.054e+02 324 1 4 5.253e+02 5.667e+02 384 1 3 5.430e+02 5.910e+02 446 2 3 6.076e+02 6.104e+02 26 2 3 6.046e+01 6.554e+01 47 2 4 5.040e+02 5.040e+02 -3 2 4 1.247e+02 1.273e+02 25 2 1 5.220e+02 5.280e+02 56 2 3 2.239e+02 2.381e+02 131 2 2 5.863e+02 5.897e+02 32 2 4 2.901e+02 2.979e+02 72 2 1 4.782e+02 4.878e+02 89 2 3 9.999e+01 1.100e+02 93 2 3 5.156e+02 5.344e+02 174 2 4 2.364e+02 2.676e+02 290 2 4 6.213e+02 6.387e+02 162 2 4 2.407e+01 5.993e+01 333 2 2 4.892e+02 5.188e+02 275 2 2 7.603e+01 9.197e+01 148 2 2 5.355e+02 5.565e+02 195 2 1 5.045e+01 7.555e+01 233 2 4 6.529e+02 6.911e+02 354 2 4 1.067e+02 1.453e+02 358 2 3 4.054e+01 8.546e+01 417 2 4 6.710e+01 1.009e+02 314 3 4 5.674e+02 6.086e+02 382
40616 4 0 3 4.387e+02 4.433e+02 43 0 2 4.504e+02 4.736e+02 216 0 4 4.482e+02 4.758e+02 256 1 2 6.175e+02 6.425e+02 233
40617 6 0 2 6.256e+02 6.344e+02 82 0 4 6.218e+02 6.382e+02 152 0 1 6.331e+02 6.689e+02 333 0 3 6.370e+02 6.650e+02 260 2 4 6.293e+02 6.307e+02 12 2 4 1.080e+02 1.440e+02 334
