2778 11 0 3 3.981e+02 3.999e+02 16 0 2 3.668e+02 3.892e+02 207 0 1 3.813e+02 4.167e+02 329 1 2 5.858e+02 5.902e+02 41 1 3 6.068e+02 6.112e+02 41 1 1 5.558e+02 5.782e+02 208 1 4 6.144e+02 6.456e+02 290 2 2 3.995e+01 4.405e+01 38 2 4 3.843e+01 4.557e+01 66 2 1 6.149e+01 6.451e+01 28 2 1 4.740e+01 7.860e+01 290
2779 16 0 3 5.244e+02 5.256e+02 11 0 4 2.065e+02 2.135e+02 66 0 4 6.255e+02 6.345e+02 84 0 1 5.163e+02 5.337e+02 161 0 4 5.745e+02 6.015e+02 250 0 3 6.440e+02 6.580e+02 130 0 2 4.879e+02 5.201e+02 299 0 4 6.111e+02 6.489e+02 350 0 3 5.855e+02 6.325e+02 437 1 4 5.408e+02 5.512e+02 96 1 4 4.970e+02 5.110e+02 130 1 4 5.816e+02 5.944e+02 119 1 2 6.200e+02 6.400e+02 186 1 4 5.324e+02 5.596e+02 253 1 4 6.147e+02 6.453e+02 284 1 4 5.239e+02 5.681e+02 410
2781 56 0 4 5.864e+02 5.896e+02 30 0 4 3.308e+02 3.412e+02 96 0 2 4.552e+02 4.688e+02 126 0 3 6.068e+01 6.532e+01 43 0 3 5.665e+02 5.675e+02 10 0 1 6.060e+02 6.120e+02 56 0 1 6.407e+02 6.613e+02 190 0 2 5.341e+02 5.579e+02 221 0 3 6.058e+02 6.122e+02 59 0 4 6.514e+02 6.926e+02 382 0 1 5.592e+02 5.748e+02 145 0 2 6.295e+02 6.305e+02 9 0 1 6.307e+02 6.713e+02 376 0 2 6.187e+02 6.413e+02 210 0 4 6.130e+02 6.470e+02 316 1 2 5.001e+02 5.079e+02 72 1 3 6.065e+02 6.115e+02 47 1 2 6.270e+02 6.330e+02 56 1 2 5.775e+02 5.985e+02 196 1 4 6.293e+02 6.307e+02 13 1 4 5.751e+02 6.009e+02 240 1 1 5.928e+02 6.252e+02 301 1 3 5.910e+02 6.270e+02 335 2 4 1.671e+02 1.689e+02 16 2 4 2.099e+02 2.101e+02 2 2 1 3.979e+02 4.001e+02 20 2 4 2.940e+02 2.940e+02 -1 2 3 4.780e+02 4.880e+02 92 2 4 4.040e+01 4.360e+01 30 2 1 5.619e+02 5.721e+02 94 2 2 1.243e+02 1.277e+02 32 2 4 6.212e+02 6.388e+02 164 2 3 3.110e+02 3.190e+02 74 2 3 3.522e+02 3.618e+02 90 2 3 3.980e+02 4.000e+02 19 2 1 1.747e+01 2.453e+01 66 2 4 4.513e+02 4.727e+02 198 2 2 7.989e+01 8.811e+01 76 2 3 5.136e+02 5.364e+02 211 2 4 1.544e+02 1.816e+02 252 2 1 3.914e+02 4.066e+02 141 2 3 2.121e+02 2.499e+02 351 2 3 5.049e+02 5.451e+02 374 2 3 3.000e+02 3.300e+02 279 2 3 4.266e+02 4.554e+02 267 2 4 3.722e+02 3.838e+02 107 2 2 3.901e+01 4.499e+01 56 2 4 8.020e+01 8.780e+01 70 2 3 1.701e+02 2.079e+02 351 2 3 5.593e+01 7.007e+01 131 2 3 1.012e+02 1.088e+02 70 2 1 1.284e+02 1.656e+02 346 2 3 1.137e+01 3.063e+01 179 2 2 1.478e+02 1.882e+02 375 3 3 2.307e+02 2.313e+02 6 3 1 1.272e+01 2.928e+01 154
2782 9 0 4 6.660e+02 6.780e+02 111 0 4 6.532e+02 6.908e+02 349 2 4 1.658e+02 1.702e+02 41 2 2 1.596e+02 1.764e+02 156 2 1 1.834e+02 1.946e+02 105 2 3 4.220e+02 4.600e+02 353 2 3 1.721e+02 2.059e+02 313 2 4 4.433e+02 4.807e+02 348 2 4 1.919e+02 2.281e+02 336
2783 1 3 1 1.381e+02 1.559e+02 166
2784 10 0 4 5.880e+02 5.880e+02 -23 0 4 3.780e+02 3.780e+02 -11 0 3 2.707e+02 2.753e+02 43 0 3 5.670e+02 5.670e+02 -20 0 4 5.824e+02 5.936e+02 105 1 4 2.056e+02 2.144e+02 82 1 1 1.810e+02 1.970e+02 148 1 1 2.168e+02 2.452e+02 263 1 2 2.059e+02 2.141e+02 76 1 3 2.158e+02 2.462e+02 283
2786 0
2788 0
2789 0
2790 10 0 4 5.849e+02 5.911e+02 57 0 2 6.691e+02 6.749e+02 55 0 1 5.534e+02 5.806e+02 252 0 2 6.211e+02 6.389e+02 165 0 4 6.716e+02 6.724e+02 8 0 3 5.914e+02 6.266e+02 326 0 1 6.363e+02 6.657e+02 273 0 2 6.536e+02 6.904e+02 342 2 4 2.299e+01 6.101e+01 353 2 1 3.160e+00 3.884e+01 331
2791 0
2792 6 0 3 4.603e+02 5.057e+02 422 0 1 5.431e+02 5.909e+02 444 0 4 5.660e+02 6.100e+02 408 0 3 6.333e+02 6.687e+02 328 0 3 5.445e+02 5.895e+02 417 1 4 5.674e+02 6.086e+02 383
2793 43 0 3 6.082e+02 6.098e+02 15 0 1 2.711e+02 2.749e+02 35 0 4 6.708e+02 6.732e+02 23 0 4 2.896e+02 2.984e+02 81 0 2 5.437e+02 5.483e+02 42 0 4 6.283e+02 6.317e+02 32 0 2 2.821e+02 3.059e+02 220 0 2 6.700e+02 6.740e+02 36 0 1 3.900e+02 4.080e+02 166 0 1 5.489e+02 5.851e+02 336 0 4 5.862e+02 5.898e+02 34 0 1 6.357e+02 6.663e+02 285 0 1 6.072e+02 6.108e+02 33 0 2 6.246e+02 6.354e+02 100 0 2 6.118e+02 6.482e+02 337 1 3 5.651e+02 5.689e+02 36 1 2 6.290e+02 6.310e+02 19 1 3 5.235e+02 5.265e+02 27 1 4 6.294e+02 6.306e+02 11 1 1 6.087e+02 6.093e+02 6 1 3 5.067e+02 5.433e+02 340 1 3 6.090e+02 6.090e+02 -1 2 4 3.767e+02 3.793e+02 25 2 4 5.880e+02 5.880e+02 -0 2 1 1.945e+01 2.255e+01 29 2 3 2.280e+02 2.340e+02 56 2 1 6.082e+02 6.098e+02 15 2 4 3.879e+01 4.521e+01 60 2 3 3.854e+02 4.126e+02 253 2 2 1.244e+02 1.276e+02 30 2 3 5.971e+02 6.209e+02 221 2 4 2.017e+02 2.183e+02 155 2 2 5.752e+02 6.008e+02 237 2 2 3.681e+02 3.879e+02 184 2 1 6.042e+01 6.558e+01 48 2 4 1.172e+02 1.348e+02 163 2 1 1.296e+02 1.644e+02 324 2 3 2.194e+02 2.426e+02 216 2 3 9.575e+00 3.243e+01 212 2 3 9.375e+01 1.162e+02 209 2 2 3.246e+01 5.154e+01 177 2 3 8.572e+01 1.243e+02 358 2 3 4.610e+01 7.990e+01 314
2794 18 0 1 2.306e+02 2.314e+02 8 0 4 2.494e+02 2.546e+02 48 0 3 2.215e+02 2.405e+02 177 0 2 2.362e+02 2.678e+02 293 1 2 4.597e+02 4.643e+02 43 1 2 5.445e+02 5.475e+02 27 1 4 5.383e+02 5.537e+02 143 1 2 4.431e+02 4.809e+02 350 1 1 5.105e+02 5.395e+02 269 1 3 5.507e+02 5.833e+02 302 2 4 3.741e+02 3.819e+02 72 2 2 3.973e+01 4.427e+01 42 2 1 6.391e+02 6.629e+02 220 2 4 3.235e+02 3.485e+02 231 2 4 4.180e+02 4.220e+02 36 2 4 3.586e+02 3.974e+02 360 2 2 2.479e+01 5.921e+01 320 3 1 4.516e+01 8.084e+01 331
2796 6 0 1 4.682e+02 4.978e+02 276 0 3 4.262e+02 4.558e+02 276 0 3 3.723e+02 4.257e+02 496 0 4 4.368e+02 4.872e+02 469 1 3 3.393e+02 3.747e+02 329 3 4 4.465e+02 4.775e+02 288
2798 50 0 1 2.688e+02 2.772e+02 79 0 1 5.250e+02 5.250e+02 -4 0 4 5.869e+02 5.891e+02 20 0 3 2.634e+02 2.826e+02 179 0 2 6.714e+02 6.726e+02 11 0 3 5.236e+02 5.264e+02 26 0 1 3.409e+02 3.731e+02 299 0 1 6.071e+02 6.109e+02 36 0 4 6.708e+02 6.732e+02 23 0 2 5.382e+02 5.538e+02 145 0 3 6.090e+02 6.090e+02 -0 0 1 6.486e+02 6.534e+02 45 0 2 4.849e+02 5.231e+02 355 0 3 5.081e+02 5.419e+02 314 0 2 6.290e+02 6.310e+02 18 0 3 6.422e+02 6.598e+02 163 0 4 6.255e+02 6.345e+02 84 1 3 5.663e+02 5.677e+02 13 1 2 6.289e+02 6.311e+02 21 1 1 5.601e+02 5.739e+02 129 1 4 6.283e+02 6.317e+02 32 1 4 5.730e+02 6.030e+02 278 1 1 5.931e+02 6.249e+02 295 2 4 3.305e+02 3.415e+02 103 2 2 3.434e+01 4.966e+01 142 2 4 8.267e+01 8.533e+01 25 2 2 5.007e+02 5.073e+02 61 2 4 1.577e+02 1.783e+02 190 2 3 5.230e+02 5.270e+02 37 2 4 3.084e+01 5.316e+01 207 2 1 6.064e+02 6.116e+02 48 2 3 9.865e+01 1.114e+02 118 2 1 3.407e+02 3.733e+02 302 2 4 4.553e+02 4.687e+02 125 2 3 5.115e-01 4.149e+01 380 2 4 6.208e+02 6.392e+02 170 2 2 1.168e+02 1.352e+02 170 2 1 4.728e+02 4.932e+02 189 2 3 3.411e+02 3.729e+02 295 2 1 5.952e+02 6.228e+02 256 2 1 -3.349e+00 4.535e+01 452 2 2 4.519e+02 4.721e+02 187 2 2 3.611e+02 3.949e+02 315 2 3 5.968e+02 6.212e+02 227 2 3 4.690e+02 4.970e+02 260 2 2 6.150e+02 6.450e+02 279 2 2 4.879e+02 5.201e+02 300 3 1 1.940e+01 2.260e+01 30 3 2 3.874e+01 4.526e+01 60 3 3 1.904e+01 2.296e+01 36
2799 74 0 2 5.460e+02 5.460e+02 -17 0 2 3.751e+02 3.809e+02 54 0 2 6.289e+02 6.311e+02 20 0 1 9.865e+01 1.114e+02 118 0 4 6.720e+02 6.720e+02 -23 0 1 3.103e+02 3.197e+02 87 0 1 4.385e+02 4.435e+02 47 0 4 3.778e+02 3.782e+02 4 0 2 4.619e+02 4.621e+02 1 0 3 1.031e+02 1.069e+02 36 0 1 5.666e+02 5.674e+02 8 0 2 2.815e+02 3.065e+02 232 0 4 6.288e+02 6.312e+02 23 0 4 3.360e+02 3.360e+02 -1 0 1 9.043e+01 1.196e+02 270 0 3 3.980e+02 4.000e+02 18 0 1 3.553e+02 3.587e+02 31 0 4 4.598e+02 4.642e+02 40 0 3 9.201e+01 1.180e+02 241 0 3 5.661e+02 5.679e+02 17 0 4 3.661e+02 3.899e+02 221 0 1 6.072e+02 6.108e+02 34 0 2 1.090e+02 1.430e+02 316 0 3 6.462e+02 6.558e+02 89 0 2 3.259e+02 3.461e+02 187 0 1 3.917e+02 4.063e+02 136 0 2 3.608e+02 3.952e+02 319 0 2 4.965e+02 5.115e+02 139 0 4 3.178e+02 3.542e+02 339 0 1 5.175e+02 5.325e+02 139 0 3 6.054e+02 6.126e+02 66 0 2 6.713e+02 6.727e+02 12 0 4 4.038e+02 4.362e+02 301 0 4 4.933e+02 5.147e+02 198 0 3 5.163e+02 5.337e+02 162 0 4 5.777e+02 5.983e+02 191 0 3 6.363e+02 6.657e+02 272 0 1 4.268e+02 4.552e+02 263 0 3 4.261e+02 4.559e+02 276 1 4 4.600e+02 4.640e+02 37 1 2 4.520e+02 4.720e+02 186 1 4 5.025e+02 5.055e+02 27 1 2 5.880e+02 5.880e+02 -9 1 2 6.300e+02 6.300e+02 -9 1 1 5.190e+02 5.310e+02 112 1 4 5.460e+02 5.460e+02 -0 1 4 6.300e+02 6.300e+02 -24 1 2 4.918e+02 5.162e+02 227 1 1 5.644e+02 5.696e+02 49 1 1 6.087e+02 6.093e+02 6 1 1 5.085e+02 5.415e+02 306 1 4 5.833e+02 5.927e+02 87 2 1 6.300e+01 6.300e+01 -13 2 4 5.030e+02 5.050e+02 18 2 4 2.088e+02 2.112e+02 23 2 2 6.711e+02 6.729e+02 17 2 3 2.730e+02 2.730e+02 -20 2 4 4.607e+02 4.633e+02 24 2 2 4.200e+01 4.200e+01 -2 2 4 6.133e+02 6.467e+02 310 2 3 2.310e+02 2.310e+02 -11 2 3 6.420e+02 6.600e+02 168 2 4 2.940e+02 2.940e+02 -10 2 3 5.427e+01 7.173e+01 162 2 4 4.501e+02 4.739e+02 221 2 4 1.505e+02 1.855e+02 325 2 4 2.477e+02 2.563e+02 80 2 4 2.923e+01 5.477e+01 237 2 2 2.051e+02 2.149e+02 91 2 1 7.512e+00 3.449e+01 250 2 4 1.924e+02 2.276e+02 326 2 2 2.326e+01 6.074e+01 348 3 4 1.609e+02 1.751e+02 132 3 2 6.912e+01 9.888e+01 276
2800 4 3 2 4.581e+02 4.659e+02 73 3 4 4.593e+02 4.647e+02 50 3 1 4.687e+02 4.973e+02 266 3 3 4.635e+02 5.025e+02 361
2801 0
2802 16 0 1 6.497e+02 6.523e+02 24 0 1 5.660e+02 5.680e+02 18 0 4 3.751e+02 3.809e+02 53 0 3 6.503e+02 6.517e+02 14 0 2 1.579e+02 1.781e+02 188 0 3 5.624e+02 5.716e+02 85 0 2 6.114e+02 6.486e+02 346 2 4 4.613e+02 4.627e+02 13 2 3 4.788e+02 4.872e+02 78 2 2 1.244e+02 1.276e+02 30 2 3 1.401e+02 1.539e+02 128 2 3 9.999e+01 1.100e+02 93 2 2 1.585e+02 1.775e+02 177 2 4 1.087e+02 1.433e+02 322 2 1 1.336e+02 1.604e+02 249 2 4 1.516e+02 1.844e+02 305
2803 3 0 4 4.939e+02 5.141e+02 188 0 3 4.644e+02 5.016e+02 346 2 3 6.051e+02 6.129e+02 73
2804 0
2805 0
2806 14 0 3 2.730e+02 2.730e+02 -22 0 4 5.880e+02 5.880e+02 -8 0 2 6.704e+02 6.736e+02 30 0 1 2.238e+02 2.382e+02 134 0 4 6.720e+02 6.720e+02 0 0 2 2.915e+02 2.965e+02 47 0 4 6.648e+02 6.792e+02 134 0 1 2.716e+02 2.744e+02 26 0 4 2.776e+02 3.104e+02 305 0 1 6.391e+02 6.629e+02 220 0 3 6.330e+02 6.690e+02 335 1 2 6.175e+02 6.425e+02 233 3 1 1.074e+01 3.126e+01 190 3 3 1.204e+01 2.996e+01 166
2807 9 0 2 1.673e+02 1.687e+02 13 0 2 5.460e+02 5.460e+02 -13 0 3 1.890e+02 1.890e+02 -7 0 4 2.079e+02 2.121e+02 39 0 1 1.367e+02 1.573e+02 191 0 1 5.064e+02 5.436e+02 346 1 3 5.619e+02 5.721e+02 94 1 4 5.728e+02 6.032e+02 282 2 4 1.975e+02 2.225e+02 233
2808 0
2809 6 0 2 6.264e+02 6.336e+02 66 0 4 6.272e+02 6.328e+02 51 0 1 6.385e+02 6.635e+02 231 0 4 5.757e+02 6.003e+02 229 0 1 5.934e+02 6.246e+02 289 0 3 5.914e+02 6.266e+02 327
2810 0
2812 18 0 4 8.366e+01 8.434e+01 6 0 1 5.670e+02 5.670e+02 -7 0 1 6.508e+02 6.512e+02 3 0 3 5.619e+02 5.721e+02 94 0 1 6.090e+02 6.090e+02 -11 0 4 5.840e+02 5.920e+02 75 0 3 6.481e+02 6.539e+02 55 0 3 5.966e+02 6.214e+02 230 0 1 5.917e+02 6.263e+02 322 1 3 6.061e+02 6.119e+02 54 1 2 6.208e+02 6.392e+02 171 1 4 6.158e+02 6.442e+02 263 2 2 2.513e+02 2.527e+02 14 2 3 5.242e+02 5.258e+02 16 2 4 3.251e+01 5.149e+01 176 2 4 4.959e+02 5.121e+02 150 2 2 2.326e+02 2.714e+02 360 2 2 5.418e+02 5.502e+02 79
2814 19 0 2 6.300e+02 6.300e+02 -11 0 2 2.071e+02 2.129e+02 55 0 4 1.991e+02 2.209e+02 203 0 4 6.256e+02 6.344e+02 81 0 2 6.711e+02 6.729e+02 16 0 3 2.163e+02 2.457e+02 272 0 1 6.058e+02 6.122e+02 59 0 4 6.713e+02 6.727e+02 14 0 1 5.912e+02 6.268e+02 331 0 1 6.473e+02 6.547e+02 69 0 4 6.599e+02 6.841e+02 226 0 3 6.356e+02 6.664e+02 286 1 4 6.260e+02 6.340e+02 74 1 1 5.250e+02 5.250e+02 -0 1 2 5.393e+02 5.527e+02 125 1 1 4.686e+02 4.974e+02 267 1 1 5.502e+02 5.838e+02 312 1 2 6.131e+02 6.469e+02 315 2 4 7.787e+01 9.013e+01 114
