40309 7 0 1 5.442e+02 5.898e+02 423 0 4 5.710e+02 6.050e+02 316 0 3 5.483e+02 5.857e+02 347 0 1 5.826e+02 6.354e+02 490 2 3 1.457e+02 1.483e+02 25 2 4 1.135e+02 1.385e+02 233 2 3 4.076e+01 8.524e+01 413
40311 8 2 2 1.656e+02 1.704e+02 46 2 2 2.061e+02 2.139e+02 73 2 2 2.896e+02 2.984e+02 81 2 4 1.598e+02 1.762e+02 151 2 3 2.645e+02 2.815e+02 157 2 3 1.843e+02 1.937e+02 88 2 4 2.832e+02 3.048e+02 201 2 3 2.963e+02 3.337e+02 347
40312 32 0 2 6.665e+02 6.775e+02 102 0 1 5.559e+02 5.781e+02 206 0 4 6.673e+02 6.767e+02 87 2 2 8.366e+01 8.434e+01 6 2 4 5.459e+02 5.461e+02 1 2 3 1.890e+02 1.890e+02 -2 2 3 4.392e+02 4.428e+02 33 2 1 2.290e+02 2.330e+02 36 2 4 4.519e+02 4.721e+02 187 2 3 6.194e+01 6.406e+01 20 2 1 5.655e+02 5.685e+02 27 2 3 1.813e+02 1.967e+02 142 2 4 4.075e+02 4.325e+02 233 2 3 2.270e+02 2.350e+02 74 2 2 4.518e+02 4.722e+02 189 2 2 2.886e+02 2.994e+02 100 2 3 5.558e+02 5.782e+02 208 2 4 3.497e+01 4.903e+01 130 2 1 4.228e+02 4.592e+02 337 2 4 1.583e+02 1.777e+02 180 2 1 4.644e+02 5.016e+02 345 2 2 2.520e+02 2.520e+02 -16 2 2 5.299e+02 5.621e+02 299 2 4 2.873e+02 3.007e+02 125 2 3 4.235e+02 4.585e+02 326 2 3 3.422e+02 3.718e+02 275 2 1 1.747e+02 2.033e+02 266 2 4 2.047e+02 2.153e+02 99 2 1 3.081e+02 3.219e+02 129 2 2 1.992e+02 2.208e+02 200 2 3 2.552e+02 2.908e+02 330 2 1 2.163e+02 2.457e+02 274
40313 26 0 2 6.538e+02 6.902e+02 337 0 4 6.564e+02 6.876e+02 290 2 3 3.986e+02 3.994e+02 7 2 1 2.268e+02 2.352e+02 78 2 2 3.686e+02 3.874e+02 174 2 2 4.106e+02 4.294e+02 176 2 3 2.207e+02 2.413e+02 190 2 1 5.918e+02 6.262e+02 320 2 4 3.586e+02 3.974e+02 360 2 1 3.825e+02 4.155e+02 306 2 4 2.627e+01 5.773e+01 292 2 4 3.996e+02 4.404e+02 379 2 2 6.109e+01 1.069e+02 426 2 2 1.988e+02 2.212e+02 207 2 1 4.754e+01 7.846e+01 287 2 4 6.773e+01 1.003e+02 302 2 4 1.983e+02 2.217e+02 218 2 2 2.272e+01 6.128e+01 358 2 3 8.061e+01 1.294e+02 453 3 3 4.829e+02 4.831e+02 1 3 4 5.460e+02 5.460e+02 -13 3 4 4.620e+02 4.620e+02 -12 3 3 6.090e+02 6.090e+02 -15 3 1 4.830e+02 4.830e+02 -6 3 2 4.464e+02 4.776e+02 290 3 2 4.903e+02 5.177e+02 255
40317 0
40318 14 0 3 2.724e+02 2.736e+02 10 0 1 4.830e+02 4.830e+02 -16 0 3 6.471e+02 6.549e+02 73 0 4 4.584e+02 4.656e+02 67 0 2 6.293e+02 6.307e+02 12 0 1 6.412e+02 6.608e+02 182 0 4 6.280e+02 6.320e+02 37 0 3 6.403e+02 6.617e+02 199 0 2 6.207e+02 6.393e+02 172 1 2 6.267e+02 6.333e+02 60 1 4 4.993e+02 5.087e+02 87 1 4 6.291e+02 6.309e+02 16 1 1 5.970e+02 6.210e+02 223 1 3 5.943e+02 6.237e+02 274
40323 24 0 1 6.470e+02 6.550e+02 74 0 4 5.032e+02 5.048e+02 15 0 2 5.416e+02 5.504e+02 81 0 4 5.822e+02 5.938e+02 107 0 3 6.488e+02 6.532e+02 41 0 4 4.590e+02 4.650e+02 56 0 1 5.631e+02 5.709e+02 73 0 2 6.114e+02 6.486e+02 345 0 2 6.700e+02 6.740e+02 38 0 1 4.292e+02 4.528e+02 220 0 2 4.550e+02 4.690e+02 130 0 3 5.554e+02 5.786e+02 216 0 4 5.692e+02 6.068e+02 350 0 4 6.655e+02 6.785e+02 121 0 3 4.215e+02 4.605e+02 363 0 3 4.628e+02 5.032e+02 375 0 1 5.487e+02 5.853e+02 340 0 1 5.917e+02 6.263e+02 321 0 4 6.579e+02 6.861e+02 261 2 2 3.672e+01 4.728e+01 98 2 3 1.456e+01 2.744e+01 120 2 4 1.218e+02 1.302e+02 78 2 4 2.766e+01 5.634e+01 266 2 1 4.893e+01 7.707e+01 261
40325 8 0 1 3.517e+02 3.623e+02 98 0 4 5.808e+02 5.952e+02 133 0 2 3.233e+02 3.487e+02 236 0 3 5.486e+02 5.854e+02 342 0 4 3.205e+02 3.515e+02 287 0 3 5.899e+02 6.281e+02 355 1 4 6.240e+02 6.360e+02 112 2 3 3.926e+02 4.054e+02 119
40326 5 0 4 2.091e+02 2.109e+02 16 0 3 1.825e+02 1.955e+02 121 0 1 1.766e+02 2.014e+02 230 2 3 3.548e+02 3.592e+02 41 2 4 3.605e+02 3.955e+02 325
40327 0
40328 14 0 2 6.687e+02 6.753e+02 61 0 4 6.637e+02 6.803e+02 154 0 1 6.406e+02 6.614e+02 194 0 3 6.387e+02 6.633e+02 229 1 2 6.120e+02 6.480e+02 335 1 4 6.117e+02 6.483e+02 340 2 1 1.408e+02 1.532e+02 116 2 2 1.133e+02 1.387e+02 236 2 3 1.393e+02 1.547e+02 143 2 4 1.144e+02 1.376e+02 216 3 1 1.017e+02 1.083e+02 60 3 4 7.033e+01 9.767e+01 254 3 3 1.003e+02 1.097e+02 87 3 2 6.845e+01 9.955e+01 289
40329 3 3 1 4.827e+02 4.833e+02 6 3 2 5.040e+02 5.040e+02 -11 3 2 4.875e+02 5.205e+02 306
40330 0
40331 23 0 1 6.334e+02 6.686e+02 327 0 3 3.794e+02 4.186e+02 365 0 4 6.492e+02 6.948e+02 423 0 4 4.010e+02 4.390e+02 352 0 3 6.262e+02 6.758e+02 461 1 4 4.492e+02 4.748e+02 237 1 4 4.855e+02 5.225e+02 343 1 4 6.041e+02 6.559e+02 481 2 2 6.290e+02 6.310e+02 19 2 2 3.623e+01 4.777e+01 107 2 4 5.025e+02 5.055e+02 27 2 3 5.234e+02 5.266e+02 30 2 2 1.230e+02 1.290e+02 56 2 2 5.845e+02 5.915e+02 65 2 4 3.385e+01 5.015e+01 151 2 2 6.708e+02 6.732e+02 21 2 4 1.156e+02 1.364e+02 194 2 2 5.436e+02 5.484e+02 45 2 3 4.457e+01 8.143e+01 342 2 4 5.840e+02 5.920e+02 75 2 3 9.120e+01 1.188e+02 256 2 4 4.895e+02 5.185e+02 269 2 3 1.272e+00 4.073e+01 366
40332 3 0 4 5.788e+02 5.972e+02 171 0 2 6.210e+02 6.390e+02 166 2 4 5.864e+02 5.896e+02 29
40333 17 0 4 6.714e+02 6.726e+02 11 0 1 4.389e+02 4.431e+02 40 0 4 4.560e+02 4.680e+02 112 0 2 6.704e+02 6.736e+02 30 0 3 4.771e+02 4.889e+02 109 0 3 5.609e+02 5.731e+02 113 0 1 6.445e+02 6.575e+02 121 0 3 4.215e+02 4.605e+02 362 0 2 4.529e+02 4.711e+02 170 0 2 5.352e+02 5.568e+02 200 0 1 6.364e+02 6.656e+02 271 0 3 4.640e+02 5.020e+02 353 0 1 5.540e+02 5.800e+02 241 1 4 5.000e+02 5.080e+02 74 2 3 2.075e+01 2.125e+01 5 2 2 2.927e+01 5.473e+01 236 2 1 8.094e+00 3.391e+01 240
40334 0
40337 0
40338 81 0 2 3.761e+02 3.799e+02 35 0 1 5.658e+02 5.682e+02 21 0 1 3.060e+02 3.240e+02 168 0 1 6.090e+02 6.090e+02 -14 0 4 3.780e+02 3.780e+02 -4 0 2 6.720e+02 6.720e+02 -14 0 1 1.388e+02 1.552e+02 151 0 1 4.405e+02 4.415e+02 10 0 2 2.839e+02 3.041e+02 187 0 4 4.593e+02 4.647e+02 50 0 2 3.352e+02 3.368e+02 16 0 3 5.665e+02 5.675e+02 9 0 2 1.525e+02 1.835e+02 288 0 4 3.301e+02 3.419e+02 110 0 4 6.716e+02 6.724e+02 7 0 1 3.509e+02 3.631e+02 114 0 3 3.979e+02 4.001e+02 20 0 1 3.412e+02 3.728e+02 293 0 3 4.752e+02 4.908e+02 146 0 4 3.614e+02 3.946e+02 309 0 3 5.197e+02 5.303e+02 98 0 4 3.184e+02 3.536e+02 327 0 4 6.259e+02 6.341e+02 76 0 1 6.510e+02 6.510e+02 -5 0 3 4.346e+02 4.474e+02 118 0 2 4.950e+02 5.130e+02 168 0 1 5.140e+02 5.360e+02 205 0 4 5.880e+02 5.880e+02 -17 0 3 6.510e+02 6.510e+02 -16 0 3 3.856e+02 4.124e+02 250 0 4 4.973e+02 5.107e+02 125 0 1 5.519e+02 5.821e+02 280 0 3 6.067e+02 6.113e+02 43 0 4 4.041e+02 4.359e+02 296 0 4 4.897e+02 5.183e+02 265 0 2 6.265e+02 6.335e+02 66 0 2 4.455e+02 4.785e+02 307 0 4 5.702e+02 6.058e+02 330 0 4 4.429e+02 4.811e+02 356 1 1 4.783e+02 4.877e+02 88 1 2 5.862e+02 5.898e+02 34 1 2 4.501e+02 4.739e+02 221 1 1 6.090e+02 6.090e+02 -15 1 3 4.762e+02 4.898e+02 127 1 4 4.490e+02 4.750e+02 241 1 4 5.880e+02 5.880e+02 -2 1 3 6.085e+02 6.095e+02 10 1 1 5.658e+02 5.682e+02 23 1 2 6.285e+02 6.315e+02 28 1 3 5.632e+02 5.708e+02 71 1 2 5.384e+02 5.536e+02 141 1 4 5.279e+02 5.641e+02 336 2 4 3.772e+02 3.788e+02 15 2 4 5.880e+02 5.880e+02 -3 2 3 3.866e+02 4.114e+02 230 2 4 1.260e+02 1.260e+02 -5 2 1 6.083e+02 6.097e+02 14 2 3 1.890e+02 1.890e+02 -19 2 3 5.960e+02 6.220e+02 241 2 2 2.095e+02 2.105e+02 9 2 2 5.733e+02 6.027e+02 273 2 3 1.976e+01 2.224e+01 23 2 2 8.400e+01 8.400e+01 -20 2 1 1.467e+02 1.473e+02 6 2 2 3.663e+02 3.897e+02 216 2 3 5.507e+01 7.093e+01 147 2 4 8.007e+01 8.793e+01 73 2 3 1.434e+02 1.506e+02 67 2 4 1.971e+02 2.229e+02 240 2 2 3.116e+01 5.284e+01 201 2 3 1.012e+02 1.088e+02 70 2 2 1.653e+02 1.707e+02 50 2 3 4.902e+01 7.698e+01 260 2 2 1.243e+02 1.277e+02 31 2 1 1.859e+02 1.921e+02 58 2 4 1.139e+02 1.381e+02 226 2 1 1.757e+02 2.023e+02 247 2 4 6.629e+01 1.017e+02 329 2 3 1.308e+02 1.632e+02 301 2 2 1.082e+02 1.438e+02 331 3 3 4.825e+02 4.835e+02 9
40340 4 0 2 5.028e+02 5.052e+02 23 0 4 4.957e+02 5.123e+02 154 0 3 5.103e+02 5.397e+02 274 0 1 4.675e+02 4.985e+02 287
40342 2 0 1 8.496e+01 1.250e+02 372 0 2 1.063e+02 1.457e+02 366
40345 7 0 4 6.265e+02 6.335e+02 65 0 3 5.668e+02 5.672e+02 4 0 3 5.999e+02 6.181e+02 169 0 1 5.602e+02 5.738e+02 127 0 2 6.223e+02 6.377e+02 144 0 2 5.317e+02 5.603e+02 266 0 1 5.986e+02 6.194e+02 194
40346 24 0 3 4.829e+02 4.831e+02 2 0 1 4.395e+02 4.425e+02 27 0 2 4.614e+02 4.626e+02 11 0 2 5.389e+02 5.531e+02 132 0 4 5.824e+02 5.936e+02 105 0 4 4.955e+02 5.125e+02 157 0 3 5.584e+02 5.756e+02 160 0 1 6.073e+02 6.107e+02 32 0 1 6.383e+02 6.637e+02 236 0 4 4.447e+02 4.793e+02 320 0 1 5.539e+02 5.801e+02 243 0 3 6.056e+02 6.124e+02 63 0 2 6.230e+02 6.370e+02 130 0 4 6.236e+02 6.364e+02 118 0 3 5.960e+02 6.220e+02 242 0 2 6.154e+02 6.446e+02 271 0 1 5.931e+02 6.249e+02 295 1 2 5.880e+02 5.880e+02 -22 1 2 6.284e+02 6.316e+02 30 1 1 5.915e+02 6.265e+02 325 2 4 8.164e+01 8.636e+01 44 2 2 5.847e+02 5.913e+02 61 2 1 5.045e+00 3.696e+01 296 2 2 6.840e+01 9.960e+01 290
40347 0
40349 11 0 1 5.665e+02 5.675e+02 9 0 2 6.284e+02 6.316e+02 30 0 3 5.623e+02 5.717e+02 88 0 4 6.280e+02 6.320e+02 36 0 2 5.286e+02 5.634e+02 323 0 1 5.958e+02 6.222e+02 246 0 2 6.568e+02 6.872e+02 283 0 3 5.902e+02 6.278e+02 349 1 2 6.123e+02 6.477e+02 329 2 2 6.293e+02 6.307e+02 14 2 2 5.698e+02 6.062e+02 338
40350 15 0 2 6.703e+02 6.737e+02 32 0 4 6.676e+02 6.764e+02 82 2 3 4.828e+02 4.832e+02 3 2 4 6.223e+02 6.377e+02 144 2 4 4.999e+02 5.081e+02 76 2 1 6.029e+02 6.151e+02 114 2 3 5.984e+02 6.196e+02 196 2 3 6.391e+02 6.629e+02 220 2 2 6.184e+02 6.416e+02 216 3 1 6.465e+02 6.555e+02 83 3 3 6.430e+02 6.590e+02 148 3 2 6.691e+02 6.749e+02 53 3 2 6.192e+02 6.408e+02 200 3 4 6.656e+02 6.784e+02 120 3 1 6.344e+02 6.676e+02 309
40351 7 0 2 6.600e+02 6.840e+02 223 0 4 6.590e+02 6.850e+02 241 2 4 2.075e+02 2.125e+02 47 2 2 1.240e+02 1.280e+02 36 2 3 2.203e+02 2.417e+02 198 2 4 1.227e+02 1.293e+02 60 2 1 1.313e+02 1.627e+02 292
40356 5 0 3 3.925e+02 4.055e+02 120 0 4 4.085e+02 4.315e+02 214 2 2 2.100e+02 2.100e+02 -7 2 1 2.185e+02 2.435e+02 232 2 4 1.520e+02 1.840e+02 298
40358 2 3 3 3.831e+02 4.149e+02 296 3 3 4.266e+02 4.554e+02 267
40360 0
40361 1 2 4 6.089e+02 6.511e+02 392
40362 0
