49189 2 1 4 6.300e+02 6.300e+02 -7 2 4 3.556e+01 4.844e+01 120
49192 21 2 2 4.175e+01 4.225e+01 5 2 4 3.959e+01 4.441e+01 45 2 3 4.407e+02 4.413e+02 6 2 2 8.204e+01 8.596e+01 36 2 1 5.995e+02 6.185e+02 176 2 3 2.223e+02 2.397e+02 162 2 4 4.083e+02 4.317e+02 218 2 4 3.681e+02 3.879e+02 183 2 2 4.515e+02 4.725e+02 196 2 1 6.239e+01 6.361e+01 11 2 4 5.719e+02 6.041e+02 299 2 4 7.374e+01 9.426e+01 190 2 1 4.230e+02 4.590e+02 335 2 2 2.444e+02 2.596e+02 141 2 3 6.300e+01 6.300e+01 -2 2 4 2.350e+02 2.690e+02 316 2 3 1.819e+01 2.381e+01 52 2 4 3.232e+01 5.168e+01 180 2 1 5.368e+01 7.232e+01 173 2 3 8.901e+00 3.310e+01 225 2 1 4.718e+01 7.882e+01 294
49193 7 0 1 5.916e+02 6.264e+02 324 0 1 6.288e+02 6.732e+02 413 0 3 6.322e+02 6.698e+02 350 0 4 5.631e+02 6.129e+02 463 2 3 5.656e+02 5.684e+02 26 2 4 5.717e+02 6.043e+02 303 2 2 5.676e+02 6.084e+02 380
49194 1 3 1 3.878e+02 4.102e+02 207
49195 9 0 3 6.090e+02 6.090e+02 0 0 1 5.518e+02 5.822e+02 283 0 4 5.729e+02 6.031e+02 281 1 1 5.670e+02 5.670e+02 -15 1 4 6.275e+02 6.325e+02 46 1 2 5.433e+02 5.487e+02 50 1 3 6.007e+02 6.173e+02 154 1 2 5.759e+02 6.001e+02 225 3 2 6.564e+02 6.876e+02 290
49196 2 0 2 6.219e+02 6.381e+02 150 1 4 6.188e+02 6.412e+02 207
49197 0
49201 24 0 4 7.114e+01 9.686e+01 239 0 3 6.087e+02 6.093e+02 6 0 1 6.497e+02 6.523e+02 24 0 1 5.582e+02 5.758e+02 163 0 2 6.272e+02 6.328e+02 52 0 3 6.483e+02 6.537e+02 50 0 3 5.604e+02 5.736e+02 122 0 1 6.047e+02 6.133e+02 80 0 2 6.712e+02 6.728e+02 16 0 2 5.339e+02 5.581e+02 224 0 4 6.238e+02 6.362e+02 115 0 4 6.647e+02 6.793e+02 136 0 2 6.141e+02 6.459e+02 295 0 3 6.379e+02 6.641e+02 244 0 4 6.105e+02 6.495e+02 363 0 1 6.334e+02 6.686e+02 326 2 3 3.939e+02 4.041e+02 95 2 2 1.676e+02 1.684e+02 7 2 4 4.162e+01 4.238e+01 7 2 1 1.858e+02 1.922e+02 60 2 1 6.243e+01 6.357e+01 10 2 4 1.087e+02 1.433e+02 320 2 3 5.436e+01 7.164e+01 160 2 2 2.802e+01 5.598e+01 260
49203 4 0 1 5.205e+02 5.295e+02 84 0 2 5.427e+02 5.493e+02 62 0 3 5.552e+02 5.788e+02 220 2 4 3.654e+01 4.746e+01 101
49205 0
49206 5 0 3 5.157e+02 5.343e+02 173 0 2 6.562e+02 6.878e+02 293 0 4 4.898e+02 5.182e+02 265 0 4 6.525e+02 6.915e+02 362 1 4 6.257e+02 6.343e+02 80
49208 73 0 1 5.661e+02 5.679e+02 17 0 1 6.077e+02 6.103e+02 24 0 2 3.762e+02 3.798e+02 34 0 2 6.716e+02 6.724e+02 7 0 4 2.908e+02 2.972e+02 60 0 4 4.568e+02 4.672e+02 96 0 4 3.775e+02 3.785e+02 9 0 3 5.649e+02 5.691e+02 39 0 1 1.743e+02 2.037e+02 274 0 3 6.079e+02 6.101e+02 20 0 1 2.720e+02 2.740e+02 18 0 1 3.388e+02 3.752e+02 338 0 3 3.843e+02 4.137e+02 273 0 3 2.572e+02 2.888e+02 294 0 2 4.972e+02 5.108e+02 127 0 4 3.155e+02 3.565e+02 381 0 1 5.229e+02 5.271e+02 39 0 2 2.824e+02 3.056e+02 216 0 2 6.289e+02 6.311e+02 20 0 1 6.505e+02 6.515e+02 9 0 4 4.951e+02 5.129e+02 166 0 3 5.199e+02 5.301e+02 94 0 4 6.297e+02 6.303e+02 6 0 3 6.496e+02 6.524e+02 26 0 1 4.674e+02 4.986e+02 289 0 2 5.437e+02 5.483e+02 43 0 4 5.847e+02 5.913e+02 62 0 4 6.615e+02 6.825e+02 195 0 3 4.707e+02 4.953e+02 228 0 4 5.730e+02 6.030e+02 278 0 4 6.562e+02 6.878e+02 294 0 4 4.891e+02 5.189e+02 276 0 3 6.339e+02 6.681e+02 317 1 3 5.669e+02 5.671e+02 1 1 2 6.283e+02 6.317e+02 31 1 1 4.821e+02 4.839e+02 17 1 2 5.849e+02 5.911e+02 57 1 4 6.293e+02 6.307e+02 14 1 4 5.876e+02 5.884e+02 8 1 1 6.079e+02 6.101e+02 20 1 1 5.569e+02 5.771e+02 188 1 3 6.081e+02 6.099e+02 16 1 3 5.543e+02 5.797e+02 236 1 2 5.269e+02 5.651e+02 356 2 3 3.147e+02 3.153e+02 6 2 1 1.671e+01 2.529e+01 80 2 1 5.234e+02 5.266e+02 30 2 2 1.254e+02 1.266e+02 10 2 2 4.947e+02 5.133e+02 173 2 1 1.424e+02 1.516e+02 86 2 2 2.076e+02 2.124e+02 45 2 4 4.933e+02 5.147e+02 199 2 2 3.246e+02 3.474e+02 212 2 3 5.067e+02 5.433e+02 340 2 4 4.004e+01 4.396e+01 36 2 4 4.536e+02 4.704e+02 156 2 2 7.962e+01 8.838e+01 81 2 3 4.642e+02 5.018e+02 349 2 4 1.974e+02 2.226e+02 234 2 4 2.825e+02 3.055e+02 214 2 1 5.857e+01 6.743e+01 82 2 3 1.039e+02 1.061e+02 21 2 3 1.755e+02 2.025e+02 250 2 1 3.038e+02 3.262e+02 208 2 3 5.808e+01 6.792e+01 91 2 4 7.459e+01 9.341e+01 175 2 1 1.307e+02 1.633e+02 302 2 2 2.777e+02 3.103e+02 302 2 2 3.093e+01 5.307e+01 206 2 4 1.065e+02 1.455e+02 361 2 1 7.333e+00 3.467e+01 254 2 4 2.331e+01 6.069e+01 347 3 1 4.374e+02 4.446e+02 67
49209 33 0 1 5.670e+02 5.670e+02 -0 0 3 5.664e+02 5.676e+02 11 0 2 5.276e+02 5.644e+02 342 1 1 3.102e+02 3.198e+02 89 1 2 2.849e+02 3.031e+02 169 1 1 3.836e+02 4.144e+02 286 1 4 2.858e+02 3.022e+02 152 1 3 3.047e+02 3.253e+02 191 1 4 3.191e+02 3.529e+02 315 2 4 5.039e+02 5.041e+02 2 2 1 5.227e+02 5.273e+02 42 2 1 4.402e+02 4.418e+02 15 2 2 4.529e+02 4.711e+02 170 2 3 5.222e+02 5.278e+02 51 2 3 4.298e+02 4.522e+02 207 2 4 4.562e+02 4.678e+02 107 2 2 4.899e+02 5.181e+02 261 3 4 4.160e+02 4.240e+02 74 3 1 3.970e+02 4.010e+02 37 3 1 4.822e+02 4.838e+02 15 3 2 4.568e+02 4.672e+02 96 3 4 5.460e+02 5.460e+02 -18 3 2 4.143e+02 4.257e+02 106 3 3 4.830e+02 4.830e+02 -12 3 3 3.805e+02 4.175e+02 343 3 4 5.358e+02 5.562e+02 189 3 3 4.324e+02 4.496e+02 159 3 2 5.039e+02 5.041e+02 1 3 4 4.446e+02 4.794e+02 324 3 3 5.219e+02 5.281e+02 58 3 4 4.955e+02 5.125e+02 157 3 1 4.271e+02 4.549e+02 258 3 1 5.135e+02 5.365e+02 213
49210 29 0 4 2.520e+02 2.520e+02 -11 0 4 6.300e+02 6.300e+02 -0 0 4 3.780e+02 3.780e+02 -0 0 1 5.250e+02 5.250e+02 -20 0 4 4.200e+01 4.200e+01 -0 0 3 6.081e+02 6.099e+02 17 0 1 6.412e+02 6.608e+02 182 0 2 6.287e+02 6.313e+02 25 0 2 6.629e+02 6.811e+02 169 0 4 6.603e+02 6.837e+02 217 0 3 6.321e+02 6.699e+02 351 1 1 2.578e+02 2.882e+02 282 1 4 6.159e+02 6.441e+02 262 2 3 6.300e+01 6.300e+01 -20 2 4 5.040e+02 5.040e+02 -20 2 4 8.400e+01 8.400e+01 -20 2 3 5.240e+02 5.260e+02 18 2 2 4.200e+01 4.200e+01 -20 2 4 4.979e+02 5.101e+02 114 2 3 9.299e+01 1.170e+02 223 2 4 5.354e+02 5.566e+02 197 2 4 4.200e+01 4.200e+01 -9 2 2 7.356e+01 9.444e+01 194 2 1 6.300e+01 6.300e+01 -19 2 3 1.658e+01 2.542e+01 82 2 4 3.067e+01 5.333e+01 210 2 1 1.106e+01 3.094e+01 185 2 2 2.403e+01 5.997e+01 334 2 1 4.610e+01 7.990e+01 314
49212 5 0 3 4.382e+02 4.438e+02 51 0 2 5.449e+02 5.471e+02 21 0 1 4.359e+02 4.461e+02 95 0 1 5.070e+02 5.430e+02 334 2 3 2.066e+01 2.134e+01 6
49214 6 0 1 6.458e+02 6.562e+02 97 0 3 6.435e+02 6.585e+02 140 0 3 5.909e+02 6.271e+02 336 0 2 6.571e+02 6.869e+02 277 0 2 6.135e+02 6.465e+02 306 0 4 6.134e+02 6.466e+02 308
49216 10 0 3 6.510e+02 6.510e+02 -18 0 4 4.541e+02 4.699e+02 147 0 1 6.473e+02 6.547e+02 68 0 2 6.130e+02 6.470e+02 316 0 2 6.610e+02 6.830e+02 204 0 4 6.595e+02 6.845e+02 233 0 1 6.331e+02 6.689e+02 332 0 2 6.529e+02 6.911e+02 356 2 1 2.246e+02 2.374e+02 118 2 1 1.721e+02 2.059e+02 315
49218 4 0 4 4.176e+02 4.224e+02 46 1 3 3.939e+02 4.041e+02 95 1 2 4.165e+02 4.235e+02 65 1 3 1.317e+01 2.883e+01 146
49219 0
49220 9 0 3 6.065e+02 6.115e+02 47 0 1 6.010e+02 6.170e+02 149 0 2 6.144e+02 6.456e+02 290 0 4 5.719e+02 6.041e+02 299 1 4 3.292e+02 3.428e+02 126 1 1 3.530e+02 3.610e+02 74 1 2 3.231e+02 3.489e+02 239 1 3 3.469e+02 3.671e+02 188 1 1 2.977e+02 3.323e+02 320
49222 20 0 3 6.485e+02 6.535e+02 47 0 3 4.328e+02 4.492e+02 153 0 4 6.654e+02 6.786e+02 123 0 3 6.334e+02 6.686e+02 327 1 1 6.001e+02 6.179e+02 166 2 3 6.086e+02 6.094e+02 7 2 2 2.935e+02 2.945e+02 9 2 1 6.498e+02 6.522e+02 23 2 4 7.958e+01 8.842e+01 82 2 3 3.961e+02 4.019e+02 54 2 4 2.457e+02 2.583e+02 116 2 3 5.640e+02 5.700e+02 56 2 4 2.924e+02 2.956e+02 30 2 2 6.282e+02 6.318e+02 34 2 3 3.061e+02 3.239e+02 166 2 2 4.136e+02 4.264e+02 120 2 4 3.635e+02 3.925e+02 270 2 4 5.830e+02 5.930e+02 93 2 1 6.351e+02 6.669e+02 296 2 1 4.229e+02 4.591e+02 336
49223 4 0 2 5.040e+02 5.040e+02 -6 0 2 6.720e+02 6.720e+02 -10 0 4 6.665e+02 6.775e+02 103 2 4 2.036e+02 2.164e+02 120
49224 42 0 4 6.690e+02 6.750e+02 56 0 4 3.300e+02 3.420e+02 112 0 3 6.024e+02 6.156e+02 123 0 1 3.077e+02 3.223e+02 135 0 3 6.461e+02 6.559e+02 91 0 2 3.282e+02 3.438e+02 146 0 2 6.200e+02 6.400e+02 186 0 4 4.062e+02 4.338e+02 257 0 4 6.121e+02 6.479e+02 333 0 1 4.227e+02 4.593e+02 340 0 3 4.253e+02 4.567e+02 292 1 4 3.760e+02 3.800e+02 37 1 2 3.728e+02 3.832e+02 96 1 2 6.236e+02 6.364e+02 119 1 3 3.430e+02 3.710e+02 260 1 1 5.988e+02 6.192e+02 189 1 4 6.157e+02 6.443e+02 266 1 2 6.109e+02 6.491e+02 356 2 3 3.127e+02 3.173e+02 43 2 4 3.317e+02 3.403e+02 80 2 3 1.550e+01 2.650e+01 102 2 3 5.126e+02 5.374e+02 230 2 2 1.252e+02 1.268e+02 16 2 4 4.107e+02 4.293e+02 172 2 4 1.637e+02 1.723e+02 80 2 4 4.915e+02 5.165e+02 231 2 4 2.100e+02 2.100e+02 -1 2 1 2.669e+02 2.791e+02 113 2 2 3.560e+01 4.840e+01 119 2 3 9.941e+01 1.106e+02 104 2 3 2.198e+02 2.422e+02 208 2 4 2.852e+02 3.028e+02 164 2 4 3.955e+01 4.445e+01 46 2 4 1.161e+02 1.359e+02 184 2 3 1.770e+02 2.010e+02 223 2 3 2.543e+02 2.917e+02 347 2 3 7.242e+00 3.476e+01 256 2 3 8.779e+01 1.222e+02 320 2 3 1.281e+02 1.659e+02 351 2 1 1.811e+00 4.019e+01 356 2 2 1.066e+02 1.454e+02 360 2 2 1.511e+02 1.849e+02 315
49226 0
49228 0
49230 6 0 1 5.950e+02 6.230e+02 260 1 4 6.232e+02 6.368e+02 126 1 3 6.025e+02 6.155e+02 120 2 1 2.262e+00 3.974e+01 348 2 2 1.080e+02 1.440e+02 335 2 3 -2.810e+00 4.481e+01 442
49231 11 0 2 6.068e+02 6.532e+02 431 0 1 6.259e+02 6.761e+02 466 0 3 3.746e+02 4.234e+02 454 0 4 6.489e+02 6.951e+02 430 1 4 8.366e+01 8.434e+01 6 1 3 5.431e+01 7.169e+01 161 1 2 7.450e+01 9.350e+01 176 2 2 6.179e+02 6.421e+02 226 3 2 2.421e+02 2.619e+02 185 3 3 3.848e+02 4.132e+02 263 3 3 2.665e+02 2.795e+02 120
49232 1 0 1 5.108e+02 5.392e+02 264
49233 5 0 3 4.359e+02 4.461e+02 96 0 4 4.524e+02 4.716e+02 178 1 2 5.790e+02 5.970e+02 166 1 2 5.709e+02 6.051e+02 317 1 2 6.084e+02 6.516e+02 400
49234 1 3 1 4.661e+02 4.999e+02 315
49237 8 0 1 6.046e+02 6.134e+02 81 1 4 6.291e+02 6.309e+02 17 1 4 5.835e+02 5.925e+02 83 1 1 5.964e+02 6.216e+02 235 2 2 3.233e+01 5.167e+01 180 2 3 8.814e+00 3.319e+01 226 3 1 1.967e+01 2.233e+01 25 3 1 5.974e+01 6.626e+01 60
49238 0
49241 19 0 4 2.783e+02 3.097e+02 291 2 3 5.656e+02 5.684e+02 26 2 4 1.237e+02 1.283e+02 43 2 4 4.973e+02 5.107e+02 125 2 2 1.660e+02 1.700e+02 37 2 3 5.129e+02 5.371e+02 224 2 2 2.495e+02 2.545e+02 46 2 4 5.818e+02 5.942e+02 116 2 1 2.708e+02 2.752e+02 41 2 2 5.378e+02 5.542e+02 153 2 3 3.569e+02 3.571e+02 2 2 4 3.726e+01 4.674e+01 88 2 3 1.367e+02 1.573e+02 191 2 4 3.249e+02 3.471e+02 206 2 3 5.754e+01 6.846e+01 101 2 2 1.085e+02 1.435e+02 326 2 2 3.617e+02 3.943e+02 302 2 3 4.767e+01 7.833e+01 285 2 4 3.195e+02 3.525e+02 306
49243 2 0 1 5.963e+02 6.217e+02 236 0 2 6.124e+02 6.476e+02 327
49244 8 0 4 3.153e+02 3.567e+02 384 0 2 1.091e+02 1.429e+02 315 0 4 1.472e+02 1.888e+02 386 0 1 2.881e+02 3.419e+02 499 1 3 1.437e+02 1.503e+02 62 1 2 1.555e+02 1.805e+02 232 1 4 1.493e+02 1.867e+02 348 1 4 6.058e+02 6.542e+02 450
49245 0
