15280 6 0 1 6.510e+02 6.510e+02 0 0 3 6.398e+02 6.622e+02 208 0 2 6.550e+02 6.890e+02 316 0 4 6.599e+02 6.841e+02 226 1 4 6.272e+02 6.328e+02 52 2 4 7.993e+01 8.807e+01 76
15281 21 0 3 6.013e+02 6.167e+02 142 0 2 6.709e+02 6.731e+02 21 0 2 6.189e+02 6.411e+02 206 0 4 6.720e+02 6.720e+02 -9 0 4 6.160e+02 6.440e+02 260 0 1 6.475e+02 6.545e+02 66 0 2 6.604e+02 6.836e+02 215 0 4 6.573e+02 6.867e+02 274 0 1 6.325e+02 6.695e+02 343 2 4 8.379e+01 8.421e+01 4 2 1 1.469e+02 1.471e+02 1 2 2 2.919e+02 2.961e+02 40 2 3 1.041e+02 1.059e+02 16 2 3 6.300e+01 6.300e+01 -23 2 2 1.260e+02 1.260e+02 -18 2 2 3.915e+01 4.485e+01 53 2 4 1.212e+02 1.308e+02 89 2 1 6.095e+01 6.505e+01 38 2 1 1.918e+01 2.282e+01 34 2 3 1.635e+01 2.565e+01 86 2 1 5.583e+00 3.642e+01 286
15283 2 2 4 8.267e+01 8.533e+01 25 3 3 4.334e+02 4.486e+02 140
15284 0
15285 38 0 4 3.771e+02 3.789e+02 16 0 1 3.488e+02 3.652e+02 151 0 1 6.300e+02 6.720e+02 390 0 2 3.643e+02 3.917e+02 255 2 2 3.928e+01 4.472e+01 50 2 3 5.234e+02 5.266e+02 29 2 2 1.674e+02 1.686e+02 10 2 4 5.859e+02 5.901e+02 40 2 2 2.100e+02 2.100e+02 -7 2 3 6.509e+02 6.511e+02 1 2 1 2.646e+02 2.814e+02 156 2 2 5.422e+02 5.498e+02 70 2 4 8.106e+01 8.694e+01 55 2 1 6.080e+02 6.100e+02 19 2 1 1.452e+02 1.488e+02 34 2 4 4.949e+02 5.131e+02 169 2 4 2.089e+02 2.111e+02 20 2 1 5.642e+02 5.698e+02 51 2 3 2.701e+02 2.759e+02 53 2 3 6.090e+02 6.090e+02 -4 2 1 5.431e+01 7.169e+01 161 2 3 6.382e+02 6.638e+02 238 2 3 9.905e+01 1.110e+02 110 2 4 4.467e+02 4.773e+02 284 2 3 1.397e+02 1.543e+02 135 2 3 5.631e+02 5.709e+02 72 2 3 2.310e+02 2.310e+02 -6 2 2 6.118e+02 6.482e+02 338 2 2 2.813e+02 3.067e+02 236 2 4 5.397e+02 5.523e+02 117 2 3 4.415e+00 3.758e+01 308 2 2 5.313e+02 5.607e+02 274 2 2 1.117e+02 1.403e+02 266 2 2 1.522e+02 1.838e+02 293 2 4 2.514e+02 2.526e+02 11 2 1 1.704e+02 2.076e+02 345 2 2 2.018e+02 2.182e+02 151 2 3 1.716e+02 2.064e+02 323
15286 0
15287 30 0 2 4.614e+02 4.626e+02 10 0 3 2.708e+02 2.752e+02 41 0 3 5.250e+02 5.250e+02 -1 0 2 3.294e+02 3.426e+02 123 0 4 4.600e+02 4.640e+02 36 0 2 1.245e+02 1.275e+02 28 0 4 4.908e+02 5.172e+02 245 0 2 2.931e+02 2.949e+02 17 0 1 1.321e+02 1.619e+02 276 0 3 4.222e+02 4.598e+02 349 0 1 2.677e+02 2.783e+02 99 0 1 4.655e+02 5.005e+02 325 0 2 3.174e+02 3.546e+02 346 1 2 2.507e+02 2.533e+02 25 1 2 5.034e+02 5.046e+02 11 1 2 2.930e+02 2.950e+02 18 1 3 6.069e+02 6.111e+02 40 1 1 3.525e+02 3.615e+02 84 1 4 2.518e+02 2.522e+02 3 1 4 2.934e+02 2.946e+02 11 1 3 3.464e+02 3.676e+02 196 1 1 2.221e+02 2.399e+02 165 1 1 3.143e+02 3.157e+02 14 1 3 2.122e+02 2.498e+02 350 1 3 3.052e+02 3.248e+02 181 1 2 3.239e+02 3.481e+02 225 1 2 2.818e+02 3.062e+02 227 1 1 3.003e+02 3.297e+02 274 1 3 2.967e+02 3.333e+02 340 3 1 6.090e+02 6.090e+02 -8
15288 7 1 4 4.610e+02 4.630e+02 18 2 2 3.915e+01 4.485e+01 53 2 4 3.556e+01 4.844e+01 120 2 1 1.388e+01 2.812e+01 132 2 3 5.095e+02 5.405e+02 287 2 4 6.871e+01 9.929e+01 284 2 2 2.510e+01 5.890e+01 314
15289 2 0 2 6.697e+02 6.743e+02 43 0 4 6.647e+02 6.793e+02 136
15291 11 0 1 6.284e+02 6.736e+02 420 0 2 4.822e+02 5.258e+02 406 2 4 1.673e+02 1.687e+02 14 2 3 5.606e+01 6.994e+01 129 2 2 7.626e+01 9.174e+01 144 2 2 1.493e+02 1.867e+02 348 2 2 1.991e+02 2.209e+02 203 2 4 6.522e+01 1.028e+02 349 2 3 1.738e+02 2.042e+02 283 2 4 1.026e+02 1.494e+02 435 3 1 5.957e+02 6.223e+02 246
15292 14 2 4 2.084e+02 2.116e+02 30 2 2 5.869e+02 5.891e+02 20 2 2 2.929e+02 2.951e+02 20 2 2 4.965e+02 5.115e+02 140 2 1 1.128e+01 3.072e+01 180 2 4 5.756e+02 6.004e+02 230 2 2 2.046e+02 2.154e+02 100 2 3 5.533e+02 5.807e+02 255 2 1 3.065e+02 3.235e+02 158 2 3 4.234e+00 3.777e+01 311 2 1 2.163e+02 2.457e+02 272 2 3 2.617e+02 2.843e+02 210 2 3 2.132e+02 2.488e+02 330 2 4 2.780e+02 3.100e+02 298
15293 15 1 3 5.963e+02 6.217e+02 236 1 4 6.161e+02 6.439e+02 258 2 4 3.605e+01 4.795e+01 110 2 1 1.789e+02 1.991e+02 188 2 2 2.018e+02 2.182e+02 152 2 1 6.010e+01 6.590e+01 54 2 3 5.566e+01 7.034e+01 136 2 2 2.703e+01 5.697e+01 278 3 4 5.875e+02 5.885e+02 9 3 1 6.084e+02 6.096e+02 10 3 4 3.667e+02 3.893e+02 210 3 3 6.052e+02 6.128e+02 70 3 2 6.289e+02 6.311e+02 20 3 3 5.941e+02 6.239e+02 276 3 1 6.331e+02 6.689e+02 333
15294 8 0 1 6.481e+02 6.539e+02 53 0 2 6.244e+02 6.356e+02 104 0 4 6.263e+02 6.337e+02 70 0 3 5.890e+02 6.290e+02 370 2 2 2.465e+02 2.575e+02 101 2 1 2.645e+02 2.815e+02 158 2 4 2.487e+02 2.553e+02 62 2 3 2.537e+02 2.923e+02 358
15295 10 0 2 6.300e+02 6.300e+02 -20 0 4 6.236e+02 6.364e+02 118 0 2 6.705e+02 6.735e+02 27 0 1 6.009e+02 6.171e+02 150 0 4 6.680e+02 6.760e+02 74 0 4 2.750e+02 3.130e+02 353 0 3 6.376e+02 6.644e+02 248 2 3 6.300e+01 6.300e+01 -14 2 3 8.931e+01 1.207e+02 291 3 2 3.254e+02 3.466e+02 197
15297 11 0 1 6.470e+02 6.550e+02 75 0 1 5.226e+02 5.274e+02 45 0 2 6.265e+02 6.335e+02 65 0 2 6.699e+02 6.741e+02 39 0 3 5.204e+02 5.296e+02 86 0 4 6.691e+02 6.749e+02 54 0 2 5.268e+02 5.652e+02 357 0 3 6.430e+02 6.590e+02 148 1 4 5.872e+02 5.888e+02 15 1 4 5.662e+02 6.098e+02 405 2 1 3.517e+00 3.848e+01 325
15299 0
15300 0
15301 64 0 1 1.885e+02 1.895e+02 9 0 3 5.234e+02 5.266e+02 29 0 4 5.862e+02 5.898e+02 34 0 2 2.008e+02 2.192e+02 171 0 4 6.720e+02 6.720e+02 -14 0 4 2.029e+02 2.171e+02 131 0 1 5.599e+02 5.741e+02 132 0 3 1.695e+02 2.085e+02 363 0 3 6.081e+02 6.099e+02 17 0 2 4.888e+02 5.192e+02 282 0 1 5.179e+02 5.321e+02 131 0 4 6.234e+02 6.366e+02 122 0 1 6.041e+02 6.139e+02 90 0 2 6.202e+02 6.398e+02 182 0 4 5.720e+02 6.040e+02 298 0 3 5.881e+02 6.299e+02 388 1 3 6.070e+02 6.110e+02 38 1 2 3.729e+02 3.831e+02 96 1 4 5.018e+02 5.062e+02 41 1 4 6.295e+02 6.305e+02 9 1 2 3.596e+02 3.964e+02 342 1 4 5.283e+02 5.637e+02 328 1 1 6.022e+02 6.158e+02 126 1 4 5.701e+02 6.059e+02 333 1 2 6.237e+02 6.363e+02 117 1 4 6.185e+02 6.415e+02 214 1 1 5.942e+02 6.238e+02 275 1 2 6.148e+02 6.452e+02 281 2 2 5.457e+02 5.463e+02 5 2 1 3.565e+02 3.575e+02 9 2 4 6.253e+02 6.347e+02 86 2 2 4.004e+01 4.396e+01 36 2 1 3.927e+02 4.053e+02 116 2 2 1.227e+02 1.293e+02 61 2 3 4.720e+02 4.940e+02 204 2 3 1.450e+02 1.490e+02 36 2 1 5.654e+02 5.686e+02 30 2 2 2.093e+02 2.107e+02 14 2 3 3.950e+02 4.030e+02 75 2 4 3.351e+02 3.369e+02 17 2 3 5.183e+02 5.317e+02 124 2 3 1.038e+01 3.162e+01 197 2 4 1.241e+02 1.279e+02 35 2 1 4.205e+02 4.615e+02 381 2 3 1.824e+02 1.956e+02 123 2 4 4.897e+02 5.183e+02 266 2 1 2.281e+02 2.339e+02 55 2 3 5.058e+02 5.442e+02 356 2 3 3.474e+02 3.666e+02 179 2 4 4.421e+02 4.819e+02 370 2 2 2.793e+01 5.607e+01 261 2 3 9.936e+01 1.106e+02 105 2 1 1.318e+02 1.622e+02 282 2 2 2.322e+02 2.718e+02 368 2 4 3.661e+02 3.899e+02 221 2 4 2.873e+01 5.527e+01 246 2 4 7.123e+01 9.677e+01 237 2 4 1.516e+02 1.844e+02 304 2 2 3.239e+02 3.481e+02 226 2 1 2.618e+00 3.938e+01 341 2 2 1.107e+02 1.413e+02 285 2 2 3.613e+02 3.947e+02 310 2 4 1.118e+02 1.402e+02 263 3 1 3.695e+00 3.830e+01 321
15302 8 0 2 6.238e+02 6.362e+02 115 0 3 6.420e+02 6.600e+02 168 0 1 6.312e+02 6.708e+02 367 2 4 4.613e+02 4.627e+02 13 2 1 1.483e+01 2.717e+01 115 2 4 4.537e+02 4.703e+02 155 2 3 8.723e+00 3.328e+01 228 2 4 4.461e+02 4.779e+02 295
15303 26 0 1 6.083e+02 6.097e+02 12 0 2 3.754e+02 3.806e+02 49 0 4 6.708e+02 6.732e+02 22 0 3 6.058e+02 6.122e+02 59 0 4 3.640e+02 3.920e+02 260 0 2 6.676e+02 6.764e+02 81 0 2 3.253e+02 3.467e+02 198 0 3 3.869e+02 4.111e+02 224 0 4 6.190e+02 6.410e+02 205 0 1 3.406e+02 3.734e+02 306 0 1 6.414e+02 6.606e+02 178 0 2 6.156e+02 6.444e+02 267 0 3 6.382e+02 6.638e+02 237 0 4 6.135e+02 6.465e+02 306 0 3 6.313e+02 6.707e+02 366 2 3 1.563e+01 2.637e+01 100 2 3 9.631e+01 1.137e+02 161 2 4 1.657e+02 1.703e+02 43 2 1 8.723e+00 3.328e+01 228 2 2 1.569e+02 1.791e+02 206 2 2 3.129e+01 5.271e+01 199 2 2 1.136e+02 1.384e+02 230 2 1 1.310e+02 1.630e+02 298 2 3 4.863e+00 3.714e+01 300 2 4 1.126e+02 1.394e+02 249 2 4 2.286e+01 6.114e+01 356
15304 13 0 4 4.609e+02 4.631e+02 20 0 4 6.199e+02 6.401e+02 188 0 3 4.356e+02 4.464e+02 100 0 1 4.263e+02 4.557e+02 273 2 2 3.280e+02 3.440e+02 148 2 1 3.019e+02 3.281e+02 244 2 1 5.153e+02 5.347e+02 180 2 3 3.029e+02 3.271e+02 226 3 1 2.688e+02 2.772e+02 78 3 4 3.769e+02 3.791e+02 21 3 3 2.703e+02 2.757e+02 50 3 4 2.837e+02 3.043e+02 191 3 2 2.800e+02 3.080e+02 260
15305 6 0 2 3.152e+02 3.568e+02 386 2 2 4.614e+02 4.626e+02 11 2 1 4.251e+02 4.569e+02 295 3 1 3.948e+02 4.032e+02 77 3 1 2.310e+02 2.310e+02 -7 3 2 3.595e+02 3.965e+02 344
15306 12 0 2 3.237e+01 5.163e+01 179 0 2 6.591e+02 6.849e+02 239 0 4 2.990e+01 5.410e+01 225 0 1 1.300e+02 1.640e+02 316 0 4 6.531e+02 6.909e+02 350 0 1 4.507e+01 8.093e+01 333 0 2 1.462e+02 1.898e+02 405 0 3 4.862e+01 7.738e+01 267 1 4 7.958e+01 8.842e+01 82 1 2 7.689e+01 9.111e+01 132 1 1 4.637e+01 7.963e+01 309 1 3 4.337e+01 8.263e+01 365
15307 4 0 1 2.175e+02 2.445e+02 251 2 4 8.070e+01 8.730e+01 61 2 4 2.056e+02 2.144e+02 81 3 2 8.128e+01 8.672e+01 50
15308 2 0 3 3.973e+02 4.007e+02 31 2 4 1.598e+02 1.762e+02 153
15309 4 0 1 5.230e+02 5.270e+02 38 0 2 5.366e+02 5.554e+02 174 0 1 5.058e+02 5.442e+02 356 3 1 3.484e+02 3.656e+02 160
15310 0
15313 15 0 3 6.056e+02 6.124e+02 63 0 1 1.017e+02 1.083e+02 61 0 2 6.257e+02 6.343e+02 80 0 2 1.171e+02 1.349e+02 166 0 4 6.155e+02 6.445e+02 269 0 1 6.450e+02 6.570e+02 111 1 1 3.877e+02 4.103e+02 210 2 4 3.740e+02 3.820e+02 74 2 1 3.947e+02 4.033e+02 80 2 4 3.538e+01 4.862e+01 123 2 3 3.848e+02 4.132e+02 263 2 2 3.634e+02 3.926e+02 271 2 1 5.732e+01 6.868e+01 106 2 3 5.274e+01 7.326e+01 190 2 2 3.008e+01 5.392e+01 221
15315 2 0 2 6.702e+02 6.738e+02 33 2 2 4.018e+01 4.382e+01 34
15316 24 0 3 6.054e+02 6.126e+02 66 0 3 4.334e+02 4.486e+02 140 0 3 5.631e+02 5.709e+02 72 0 1 6.390e+02 6.630e+02 222 0 1 4.289e+02 4.531e+02 224 0 4 5.708e+02 6.052e+02 320 0 4 4.051e+02 4.349e+02 276 1 2 5.023e+02 5.057e+02 31 1 2 4.165e+02 4.235e+02 66 1 1 5.645e+02 5.695e+02 46 1 2 3.738e+02 3.822e+02 77 1 3 4.357e+02 4.463e+02 98 1 4 5.011e+02 5.069e+02 54 1 4 4.485e+02 4.755e+02 251 1 3 5.620e+02 5.720e+02 92 1 3 5.183e+02 5.317e+02 125 1 2 5.430e+02 5.490e+02 56 1 1 4.779e+02 4.881e+02 94 1 4 5.321e+02 5.599e+02 259 1 1 5.129e+02 5.371e+02 224 1 1 4.679e+02 4.981e+02 280 1 3 4.690e+02 4.970e+02 260 1 2 4.845e+02 5.235e+02 362 2 3 1.249e+01 2.951e+01 158
15317 0
15318 4 0 4 3.770e+02 3.790e+02 19 0 2 4.547e+02 4.693e+02 135 0 3 2.049e+02 2.571e+02 484 2 4 2.802e+02 3.078e+02 257
15319 4 1 3 6.083e+02 6.097e+02 13 1 1 5.532e+02 5.808e+02 257 2 4 2.821e+02 3.059e+02 221 2 1 5.311e+00 3.669e+01 291
15320 2 2 4 1.608e+02 1.752e+02 133 2 3 1.316e+02 1.624e+02 286
15321 52 0 3 1.028e+02 1.072e+02 41 0 4 4.975e+02 5.105e+02 121 0 2 6.957e+01 9.843e+01 268 0 1 9.151e+01 1.185e+02 250 0 3 5.059e+02 5.441e+02 355 0 1 6.244e+02 6.776e+02 495 1 2 5.858e+02 5.902e+02 41 1 4 3.251e+02 3.469e+02 202 1 3 2.678e+02 2.782e+02 97 1 4 5.846e+02 5.914e+02 63 1 3 5.628e+02 5.712e+02 78 1 3 2.536e+02 2.924e+02 360 1 1 5.922e+02 6.258e+02 311 1 4 2.743e+02 3.137e+02 366 1 1 5.516e+02 5.824e+02 286 2 1 3.144e+02 3.156e+02 11 2 2 4.169e+02 4.231e+02 58 2 4 3.760e+02 3.800e+02 37 2 2 4.054e+01 4.346e+01 27 2 4 4.182e+02 4.218e+02 34 2 4 1.245e+02 1.275e+02 28 2 2 4.567e+02 4.673e+02 98 2 4 1.651e+02 1.709e+02 54 2 1 3.912e+02 4.068e+02 145 2 4 2.940e+02 2.940e+02 0 2 4 4.497e+02 4.743e+02 229 2 4 3.338e+02 3.382e+02 41 2 3 3.894e+02 4.086e+02 179 2 4 4.107e+01 4.293e+01 17 2 1 4.728e+02 4.932e+02 190 2 2 8.092e+01 8.708e+01 57 2 3 4.261e+02 4.559e+02 276 2 1 1.399e+02 1.541e+02 132 2 2 2.806e+02 3.074e+02 250 2 3 3.550e+02 3.590e+02 36 2 1 5.517e+01 7.083e+01 146 2 4 8.034e+01 8.766e+01 68 2 3 1.342e+02 1.598e+02 238 2 4 2.801e+02 3.079e+02 258 2 2 3.322e+02 3.398e+02 71 2 3 5.422e+01 7.178e+01 163 2 3 1.009e+02 1.091e+02 76 2 3 3.043e+02 3.257e+02 199 2 2 3.598e+02 3.962e+02 338 2 1 1.707e+01 2.493e+01 73 2 2 1.180e+02 1.340e+02 149 2 3 2.534e+02 2.926e+02 365 2 3 2.127e+00 3.987e+01 350 2 2 1.095e+02 1.425e+02 306 2 3 2.951e+02 3.349e+02 369 2 2 6.580e+01 1.022e+02 338 2 3 8.703e+01 1.230e+02 334
15322 0
15323 0
15324 1 2 1 3.951e+02 4.029e+02 73
15325 3 0 2 2.500e+02 2.540e+02 37 0 3 2.671e+02 2.789e+02 110 0 4 2.810e+02 3.070e+02 242
