31651 3 0 4 6.709e+02 6.731e+02 20 0 2 6.704e+02 6.736e+02 30 0 3 6.359e+02 6.661e+02 281
31652 6 0 3 4.370e+02 4.450e+02 75 0 3 4.234e+02 4.586e+02 326 2 2 5.404e+02 5.516e+02 104 2 1 5.208e+02 5.292e+02 77 2 1 4.507e+01 8.093e+01 333 3 1 5.754e+01 6.846e+01 101
31653 0
31654 20 0 1 6.510e+02 6.510e+02 -3 0 3 6.090e+02 6.090e+02 -6 0 1 6.054e+02 6.126e+02 66 0 3 6.491e+02 6.529e+02 36 0 2 6.176e+02 6.424e+02 230 0 2 6.643e+02 6.797e+02 142 0 4 6.169e+02 6.431e+02 244 0 4 6.592e+02 6.848e+02 237 1 3 5.670e+02 5.670e+02 -13 1 2 5.412e+02 5.508e+02 89 1 4 5.806e+02 5.954e+02 137 1 4 6.140e+02 6.460e+02 296 2 2 2.078e+02 2.122e+02 41 2 4 3.725e+02 3.835e+02 101 2 2 2.649e+01 5.751e+01 288 2 3 1.788e+02 1.992e+02 189 2 1 2.246e+02 2.374e+02 118 2 4 3.178e+02 3.542e+02 337 2 1 1.736e+02 2.044e+02 286 2 4 1.976e+02 2.224e+02 230
31656 4 0 4 6.641e+02 6.799e+02 146 0 2 6.649e+02 6.791e+02 132 2 2 1.217e+02 1.303e+02 80 2 1 9.083e+00 3.292e+01 221
31658 0
31659 7 0 2 2.604e+01 5.796e+01 296 1 3 5.952e+02 6.228e+02 257 2 4 5.014e+02 5.066e+02 48 2 4 5.431e+02 5.489e+02 54 2 2 6.551e+02 6.889e+02 313 2 4 4.893e+02 5.187e+02 274 2 4 6.617e+02 6.823e+02 190
31660 28 0 4 6.280e+02 6.320e+02 37 0 1 6.489e+02 6.531e+02 39 0 3 5.659e+02 5.681e+02 20 0 1 6.061e+02 6.119e+02 54 0 3 6.501e+02 6.519e+02 16 0 2 4.579e+02 4.661e+02 76 0 3 6.084e+02 6.096e+02 11 0 2 6.660e+02 6.780e+02 111 0 1 4.270e+02 4.550e+02 260 0 4 5.803e+02 5.957e+02 142 0 4 6.679e+02 6.761e+02 76 0 3 5.958e+02 6.222e+02 246 0 4 6.544e+02 6.896e+02 327 0 2 6.187e+02 6.413e+02 210 0 4 6.111e+02 6.489e+02 350 1 4 6.258e+02 6.342e+02 77 1 2 6.219e+02 6.381e+02 150 2 1 1.644e+01 2.556e+01 85 2 4 1.193e+02 1.327e+02 125 2 3 4.259e+02 4.561e+02 280 2 4 3.179e+02 3.541e+02 336 2 3 1.334e+01 2.866e+01 142 2 2 4.035e+02 4.365e+02 306 2 3 9.151e+01 1.185e+02 250 2 4 4.017e+02 4.383e+02 340 2 4 3.605e+02 3.955e+02 326 2 2 2.254e+01 6.146e+01 361 3 1 2.100e+01 2.100e+01 -10
31662 0
31665 15 0 4 6.236e+02 6.364e+02 118 0 3 6.462e+02 6.558e+02 89 0 2 6.688e+02 6.752e+02 60 0 2 2.753e+02 3.127e+02 347 0 4 6.564e+02 6.876e+02 290 0 1 6.350e+02 6.670e+02 297 0 2 6.557e+02 6.883e+02 302 1 4 6.263e+02 6.337e+02 69 1 2 6.197e+02 6.403e+02 191 2 1 6.118e+01 6.482e+01 34 2 1 1.568e+01 2.632e+01 99 2 4 3.381e+01 5.019e+01 152 2 2 2.586e+01 5.814e+01 300 2 1 4.651e+01 7.949e+01 306 2 3 4.628e+01 7.972e+01 310
31666 2 0 1 4.766e+02 4.894e+02 119 0 4 4.906e+02 5.174e+02 250
31667 4 0 4 5.038e+02 5.042e+02 3 0 4 4.858e+02 5.222e+02 337 2 4 2.502e+02 2.538e+02 33 2 3 6.010e+01 6.590e+01 54
31668 0
31669 0
31670 35 0 1 6.499e+02 6.521e+02 20 0 4 7.940e+01 8.860e+01 86 0 1 3.559e+02 3.581e+02 20 0 3 6.495e+02 6.525e+02 27 0 4 5.781e+02 5.979e+02 183 0 4 3.661e+02 3.899e+02 220 0 2 6.708e+02 6.732e+02 23 0 2 3.620e+02 3.940e+02 296 0 4 4.426e+02 4.814e+02 360 0 2 6.168e+02 6.432e+02 245 0 2 3.162e+02 3.558e+02 367 0 4 6.625e+02 6.815e+02 177 0 1 5.904e+02 6.276e+02 346 1 2 6.296e+02 6.304e+02 8 1 1 6.033e+02 6.147e+02 106 1 2 6.148e+02 6.452e+02 282 1 4 5.696e+02 6.064e+02 341 1 4 6.175e+02 6.425e+02 231 2 1 1.026e+02 1.074e+02 45 2 2 2.929e+02 2.951e+02 21 2 4 3.692e+02 3.868e+02 163 2 4 4.044e+02 4.356e+02 289 2 1 1.151e+01 3.049e+01 176 2 4 1.164e+02 1.356e+02 179 2 4 2.793e+02 3.087e+02 273 2 3 1.388e+01 2.812e+01 132 2 2 8.007e+01 8.793e+01 73 2 4 1.897e+02 2.303e+02 377 2 3 2.968e+02 3.332e+02 338 2 2 3.017e+01 5.383e+01 220 2 4 7.531e+01 9.269e+01 161 2 4 2.323e+02 2.717e+02 366 2 1 2.605e+02 2.855e+02 231 2 4 2.582e+01 5.818e+01 300 2 3 4.350e+01 8.250e+01 362
31671 9 0 4 6.278e+02 6.322e+02 41 0 3 6.013e+02 6.167e+02 143 0 4 6.570e+02 6.870e+02 279 1 4 6.144e+02 6.456e+02 290 2 3 2.088e+01 2.112e+01 2 2 2 3.385e+01 5.015e+01 151 2 2 5.774e+02 5.986e+02 196 2 1 5.583e+00 3.642e+01 286 2 4 6.732e+01 1.007e+02 310
31673 3 0 4 6.707e+02 6.733e+02 25 0 1 6.270e+02 6.750e+02 446 0 3 6.274e+02 6.746e+02 438
31677 5 0 1 5.653e+02 5.687e+02 32 0 1 5.888e+02 6.292e+02 376 1 4 3.750e+02 3.810e+02 56 2 4 4.564e+02 4.676e+02 105 2 3 2.221e+02 2.399e+02 165
31680 1 0 2 6.720e+02 6.720e+02 -8
31682 0
31684 3 0 3 6.465e+02 6.555e+02 84 1 4 6.119e+02 6.481e+02 336 2 2 2.462e+02 2.578e+02 108
31685 7 0 1 5.224e+02 5.276e+02 49 0 3 5.188e+02 5.312e+02 116 0 2 5.287e+02 5.633e+02 320 2 4 1.212e+02 1.308e+02 89 2 1 1.424e+02 1.516e+02 85 2 3 1.401e+02 1.539e+02 128 2 2 1.067e+02 1.453e+02 358
31686 0
31689 4 2 4 2.922e+02 2.958e+02 33 2 1 3.130e+02 3.170e+02 36 2 3 3.041e+02 3.259e+02 202 2 2 2.760e+02 3.120e+02 334
31691 14 0 4 5.877e+02 5.883e+02 6 0 2 3.347e+02 3.373e+02 24 0 3 3.921e+02 4.059e+02 129 0 1 3.070e+02 3.230e+02 148 0 3 5.625e+02 5.715e+02 84 0 4 3.320e+02 3.400e+02 75 0 2 4.924e+02 5.156e+02 216 0 4 3.197e+02 3.523e+02 302 0 1 5.225e+02 5.275e+02 46 0 4 3.596e+02 3.964e+02 342 0 4 4.013e+02 4.387e+02 347 0 3 5.190e+02 5.310e+02 110 0 2 5.302e+02 5.618e+02 293 0 3 5.504e+02 5.836e+02 309
31692 8 0 2 5.454e+02 5.466e+02 10 0 4 6.271e+02 6.329e+02 53 0 3 6.510e+02 6.510e+02 -9 0 2 6.132e+02 6.468e+02 311 0 1 6.441e+02 6.579e+02 129 0 3 5.528e+02 5.812e+02 263 0 4 6.573e+02 6.867e+02 274 0 3 6.331e+02 6.689e+02 333
31694 17 0 2 2.924e+02 2.956e+02 29 0 4 6.662e+02 6.778e+02 107 0 3 3.925e+02 4.055e+02 121 0 4 3.236e+02 3.484e+02 230 0 1 5.593e+02 5.747e+02 143 0 2 3.157e+02 3.563e+02 377 0 4 5.825e+02 5.935e+02 101 0 1 6.445e+02 6.575e+02 121 0 4 4.083e+02 4.317e+02 217 0 3 6.394e+02 6.626e+02 216 0 1 3.855e+02 4.125e+02 251 0 2 6.640e+02 6.800e+02 149 1 4 4.193e+02 4.207e+02 14 1 2 6.121e+02 6.479e+02 333 2 4 4.188e+02 4.212e+02 22 2 3 2.642e+02 2.818e+02 163 2 4 2.782e+02 3.098e+02 294
31695 18 0 4 5.776e+02 5.984e+02 194 1 2 6.166e+02 6.434e+02 249 2 3 4.809e+02 4.851e+02 39 2 4 8.357e+01 8.443e+01 8 2 2 1.663e+02 1.697e+02 31 2 4 4.543e+02 4.697e+02 144 2 4 3.928e+01 4.472e+01 50 2 4 2.071e+02 2.129e+02 54 2 3 6.078e+01 6.522e+01 41 2 2 1.128e+02 1.392e+02 245 2 1 2.271e+02 2.349e+02 73 2 2 3.385e+01 5.015e+01 151 2 3 9.102e+01 1.190e+02 260 2 3 2.256e+02 2.364e+02 100 2 3 4.325e+00 3.768e+01 310 2 4 1.077e+02 1.443e+02 340 2 2 1.991e+02 2.209e+02 203 2 3 2.145e+02 2.475e+02 307
31696 27 0 1 1.050e+02 1.050e+02 0 0 4 6.262e+02 6.338e+02 70 0 3 6.510e+02 6.510e+02 -20 0 4 5.811e+02 5.949e+02 129 0 1 8.797e+01 1.220e+02 316 0 2 6.711e+02 6.729e+02 17 0 1 6.042e+02 6.138e+02 90 0 4 6.720e+02 6.720e+02 -14 0 3 5.989e+02 6.191e+02 187 0 4 6.608e+02 6.832e+02 208 0 4 6.160e+02 6.440e+02 260 0 1 6.353e+02 6.667e+02 292 0 2 6.162e+02 6.438e+02 256 1 3 5.646e+02 5.694e+02 45 1 4 5.845e+02 5.915e+02 65 1 1 5.594e+02 5.746e+02 140 1 1 6.001e+02 6.179e+02 165 1 2 5.717e+02 6.043e+02 303 2 2 2.516e+02 2.524e+02 8 2 4 1.247e+02 1.273e+02 25 2 3 1.890e+02 1.890e+02 -18 2 4 7.540e+01 9.260e+01 160 2 1 4.252e+02 4.568e+02 293 2 1 2.163e+02 2.457e+02 273 2 2 1.142e+02 1.378e+02 219 2 3 1.324e+02 1.616e+02 271 2 4 1.925e+02 2.275e+02 326
