42222 16 0 1 6.078e+02 6.102e+02 23 0 1 6.416e+02 6.604e+02 175 0 3 6.045e+02 6.135e+02 83 0 3 6.398e+02 6.622e+02 209 0 2 6.124e+02 6.476e+02 326 0 4 6.585e+02 6.855e+02 250 0 4 6.169e+02 6.431e+02 243 0 2 6.568e+02 6.872e+02 283 1 2 6.101e+02 6.499e+02 369 2 4 2.502e+02 2.538e+02 34 2 3 2.718e+02 2.742e+02 23 2 3 6.127e+01 6.473e+01 32 2 3 1.007e+01 3.193e+01 203 2 2 2.604e+01 5.796e+01 296 2 2 3.522e+02 4.038e+02 480 2 4 2.698e+01 5.702e+01 279
42223 0
42224 27 0 2 6.720e+02 6.720e+02 -19 0 3 5.173e+02 5.327e+02 143 0 2 6.647e+02 6.793e+02 136 0 2 5.334e+02 5.586e+02 235 0 4 6.613e+02 6.827e+02 199 0 1 5.147e+02 5.353e+02 192 0 2 6.572e+02 6.868e+02 275 0 3 5.105e+02 5.395e+02 269 2 4 1.659e+02 1.701e+02 39 2 4 2.911e+02 2.969e+02 54 2 2 3.318e+02 3.402e+02 79 2 3 5.692e+01 6.908e+01 113 2 2 7.881e+01 8.919e+01 96 2 4 1.582e+02 1.778e+02 182 2 3 3.147e+02 3.153e+02 5 2 4 3.282e+02 3.438e+02 146 2 3 1.604e+01 2.596e+01 92 2 4 7.195e+01 9.605e+01 224 2 4 1.963e+02 2.237e+02 255 2 3 2.667e+02 2.793e+02 117 2 2 3.614e+02 3.946e+02 309 2 2 3.856e+01 4.544e+01 64 2 2 2.842e+02 3.038e+02 181 2 4 3.125e+01 5.275e+01 200 2 1 3.075e+02 3.225e+02 140 2 1 4.574e+01 8.026e+01 320 3 3 1.390e+02 1.550e+02 149
42225 0
42227 2 3 2 4.611e+02 4.629e+02 16 3 1 4.233e+02 4.587e+02 329
42228 0
42229 9 0 1 1.854e+02 1.926e+02 66 0 4 2.076e+02 2.124e+02 46 0 3 1.780e+02 2.000e+02 204 0 1 5.995e+02 6.185e+02 177 0 2 1.484e+02 1.876e+02 364 2 4 4.616e+02 4.624e+02 8 2 4 4.103e+02 4.297e+02 180 2 2 1.128e+02 1.392e+02 246 2 2 1.072e+02 1.448e+02 350
42231 14 0 1 6.495e+02 6.525e+02 28 0 1 6.004e+02 6.176e+02 159 0 3 6.470e+02 6.550e+02 75 0 2 6.177e+02 6.423e+02 228 0 4 6.621e+02 6.819e+02 184 0 4 6.189e+02 6.411e+02 206 0 4 6.554e+02 6.886e+02 309 1 1 6.087e+02 6.093e+02 6 1 3 6.042e+02 6.138e+02 90 1 4 6.257e+02 6.343e+02 80 1 2 6.109e+02 6.491e+02 354 2 2 1.245e+02 1.275e+02 27 2 4 1.260e+02 1.260e+02 0 2 3 1.295e+02 1.645e+02 326
42232 9 2 4 4.597e+02 4.643e+02 43 3 3 4.821e+02 4.839e+02 17 3 4 3.307e+02 3.413e+02 99 3 1 4.806e+02 4.854e+02 44 3 2 4.478e+02 4.762e+02 263 3 2 5.824e+02 5.936e+02 104 3 4 5.880e+02 5.880e+02 -3 3 3 5.975e+02 6.205e+02 214 3 4 4.854e+02 5.226e+02 345
42233 9 0 2 6.269e+02 6.331e+02 57 0 4 5.014e+02 5.066e+02 49 0 4 6.289e+02 6.311e+02 20 0 3 4.769e+02 4.891e+02 113 0 1 6.002e+02 6.178e+02 164 0 3 5.988e+02 6.192e+02 189 2 3 9.941e+01 1.106e+02 104 2 4 7.450e+01 9.350e+01 176 2 2 6.948e+01 9.852e+01 270
42236 3 0 1 6.074e+02 6.106e+02 29 0 3 6.066e+02 6.114e+02 44 0 4 5.704e+02 6.056e+02 326
42237 7 2 2 3.725e+02 3.835e+02 101 2 4 3.731e+02 3.829e+02 91 2 3 3.825e+02 4.155e+02 306 3 1 3.989e+02 3.991e+02 1 3 4 3.296e+02 3.424e+02 118 3 3 3.495e+02 3.645e+02 139 3 2 4.448e+02 4.792e+02 320
42238 5 0 2 5.366e+02 5.554e+02 174 0 3 5.134e+02 5.366e+02 216 0 2 6.543e+02 6.897e+02 328 0 3 5.405e+02 5.935e+02 493 3 4 3.049e+01 5.351e+01 214
42239 8 0 2 6.290e+02 6.310e+02 18 0 1 6.473e+02 6.547e+02 69 0 4 6.275e+02 6.325e+02 47 0 4 6.662e+02 6.778e+02 107 0 3 5.973e+02 6.207e+02 217 0 1 6.316e+02 6.704e+02 360 0 2 6.552e+02 6.888e+02 311 0 4 6.537e+02 6.903e+02 340
42241 9 0 2 6.709e+02 6.731e+02 21 0 3 6.051e+02 6.129e+02 73 0 2 6.639e+02 6.801e+02 151 0 4 6.612e+02 6.828e+02 201 0 1 6.368e+02 6.652e+02 263 1 3 6.088e+02 6.092e+02 5 1 4 6.146e+02 6.454e+02 286 1 4 5.697e+02 6.063e+02 340 2 1 3.025e+00 3.897e+01 334
42242 9 1 2 6.282e+02 6.318e+02 33 2 4 1.628e+02 1.732e+02 96 2 3 5.983e+01 6.617e+01 59 2 2 2.515e+01 5.885e+01 313 2 4 7.226e+01 9.574e+01 218 2 3 1.796e+02 1.984e+02 174 2 4 2.532e+01 5.868e+01 310 2 2 1.505e+02 1.855e+02 326 2 1 1.731e+02 2.049e+02 295
42243 3 0 2 6.647e+02 6.793e+02 136 0 2 6.589e+02 6.851e+02 243 0 4 6.570e+02 6.870e+02 279
42246 24 0 1 6.057e+02 6.123e+02 62 0 2 6.700e+02 6.740e+02 38 0 3 6.036e+02 6.144e+02 100 0 4 6.695e+02 6.745e+02 46 0 4 4.081e+02 4.319e+02 220 0 3 6.413e+02 6.607e+02 180 0 3 4.320e+02 4.500e+02 168 0 1 6.405e+02 6.615e+02 196 0 1 3.810e+02 4.170e+02 334 2 2 7.863e+01 8.937e+01 100 2 3 5.646e+02 5.694e+02 44 2 4 2.051e+02 2.149e+02 90 2 2 5.868e+02 5.892e+02 22 2 3 1.017e+02 1.083e+02 61 2 4 5.359e+02 5.561e+02 187 2 1 2.294e+02 2.326e+02 29 2 1 6.025e+02 6.155e+02 120 2 4 7.177e+01 9.623e+01 227 2 1 1.295e+02 1.645e+02 325 2 4 6.216e+02 6.384e+02 156 2 3 2.282e+02 2.338e+02 52 2 3 5.968e+02 6.212e+02 227 2 2 1.924e+02 2.276e+02 327 3 3 3.517e+00 3.848e+01 325
42247 6 2 4 8.137e+01 8.663e+01 49 2 4 5.396e+02 5.524e+02 119 2 2 7.630e+01 9.170e+01 143 2 1 5.585e+02 5.755e+02 158 2 2 5.325e+02 5.595e+02 251 2 3 5.516e+02 5.824e+02 286
42248 0
42249 8 1 4 4.594e+02 4.646e+02 49 1 1 6.008e+02 6.172e+02 152 1 3 5.897e+02 6.283e+02 359 2 3 1.536e+01 2.664e+01 105 2 3 3.972e+02 4.008e+02 33 2 3 1.013e+02 1.087e+02 69 2 2 4.106e+02 4.294e+02 176 2 3 9.026e+01 1.197e+02 274
42256 27 2 4 6.288e+02 6.312e+02 23 2 1 6.483e+02 6.537e+02 50 2 2 5.820e+02 5.940e+02 111 2 4 2.370e+02 2.670e+02 278 2 3 6.481e+02 6.539e+02 53 2 4 5.843e+02 5.917e+02 69 2 4 1.925e+02 2.275e+02 325 2 1 6.354e+02 6.666e+02 290 2 2 6.239e+02 6.361e+02 114 2 3 6.340e+02 6.680e+02 316 2 3 5.450e+02 5.890e+02 408 2 4 6.160e+02 6.440e+02 260 2 3 5.890e+02 6.290e+02 372 3 1 5.218e+02 5.282e+02 60 3 4 4.075e+02 4.325e+02 233 3 2 5.431e+02 5.489e+02 53 3 3 3.857e+02 4.123e+02 246 3 1 4.787e+02 4.873e+02 80 3 4 5.415e+02 5.505e+02 84 3 2 4.998e+02 5.082e+02 77 3 2 5.810e+02 5.950e+02 130 3 3 5.199e+02 5.301e+02 95 3 4 5.341e+02 5.579e+02 220 3 1 5.064e+02 5.436e+02 346 3 1 5.525e+02 5.815e+02 270 3 2 4.860e+02 5.220e+02 334 3 4 4.843e+02 5.237e+02 366
42261 9 1 4 5.851e+02 5.909e+02 55 1 4 6.284e+02 6.316e+02 30 1 4 6.133e+02 6.467e+02 310 1 4 5.687e+02 6.073e+02 358 2 4 2.901e+02 2.979e+02 73 2 1 1.762e+02 2.018e+02 238 2 3 3.060e+02 3.240e+02 167 2 1 2.980e+02 3.320e+02 316 2 2 3.169e+02 3.551e+02 356
42262 19 0 1 6.476e+02 6.544e+02 64 0 1 6.090e+02 6.090e+02 -10 0 3 6.475e+02 6.545e+02 65 0 3 6.056e+02 6.124e+02 63 0 4 6.568e+02 6.872e+02 283 0 2 6.169e+02 6.431e+02 243 0 2 6.555e+02 6.885e+02 306 0 4 6.181e+02 6.419e+02 220 1 2 1.677e+02 1.683e+02 6 1 3 1.766e+02 2.014e+02 230 1 3 2.633e+02 2.827e+02 180 1 2 6.114e+02 6.486e+02 345 1 2 2.868e+02 3.012e+02 134 1 1 1.330e+02 1.610e+02 260 1 4 1.549e+02 1.811e+02 243 1 1 2.564e+02 2.896e+02 308 2 4 7.751e+01 9.049e+01 120 2 4 1.590e+02 1.770e+02 167 2 2 7.056e+01 9.744e+01 250
42263 7 0 2 6.529e+02 6.911e+02 355 2 4 4.608e+02 4.632e+02 23 2 4 4.157e+01 4.243e+01 8 2 1 5.530e+01 7.070e+01 143 2 1 1.729e+02 2.051e+02 299 2 3 4.915e+01 7.685e+01 257 2 2 2.927e+01 5.473e+01 236
42267 26 0 1 5.896e+02 6.284e+02 360 0 1 6.326e+02 6.694e+02 342 0 3 5.857e+02 6.323e+02 433 2 1 2.722e+02 2.738e+02 15 2 1 1.922e+01 2.278e+01 33 2 3 1.415e+02 1.525e+02 102 2 4 2.442e+02 2.598e+02 146 2 3 2.670e+02 2.790e+02 111 2 3 2.093e+01 2.107e+01 1 2 1 1.388e+02 1.552e+02 152 2 2 2.380e+02 2.660e+02 260 2 2 1.576e+02 1.784e+02 193 2 4 1.554e+02 1.806e+02 235 3 3 6.300e+01 6.300e+01 -24 3 4 4.591e+02 4.649e+02 53 3 1 1.461e+02 1.479e+02 17 3 1 1.298e+01 2.902e+01 149 3 4 1.645e+02 1.715e+02 65 3 2 4.200e+01 4.200e+01 -1 3 3 8.319e+00 3.368e+01 236 3 4 4.112e+01 4.288e+01 16 3 1 6.163e+01 6.437e+01 26 3 1 4.960e+01 7.640e+01 249 3 3 4.992e+01 7.608e+01 243 3 2 6.643e+01 1.016e+02 326 3 4 2.384e+01 6.016e+01 337
42269 4 0 4 5.035e+02 5.045e+02 10 0 4 3.624e+02 3.936e+02 289 0 4 6.542e+02 6.898e+02 331 0 4 4.844e+02 5.236e+02 364
42270 1 1 2 8.267e+01 8.533e+01 25
42271 1 2 2 1.680e+02 1.680e+02 -23
42272 2 1 4 3.331e+02 3.389e+02 54 1 4 3.237e+02 3.483e+02 228
42273 11 0 1 5.237e+02 5.263e+02 25 0 3 5.229e+02 5.271e+02 39 0 2 5.279e+02 5.641e+02 336 2 4 3.350e+02 3.370e+02 18 2 3 2.282e+02 2.338e+02 51 2 3 1.622e+01 2.578e+01 89 2 2 2.504e+02 2.536e+02 30 2 2 3.430e+01 4.970e+01 143 2 4 1.949e+02 2.251e+02 280 2 1 7.872e+00 3.413e+01 244 2 4 2.358e+01 6.042e+01 342
