611 4 0 1 6.467e+02 6.553e+02 80 0 3 6.422e+02 6.598e+02 164 0 4 6.662e+02 6.778e+02 108 0 2 6.545e+02 6.895e+02 326
612 2 2 2 2.348e+02 2.692e+02 320 2 2 5.324e+02 5.596e+02 253
613 9 1 3 5.492e+02 5.848e+02 330 1 4 5.694e+02 6.066e+02 346 2 3 1.509e+01 2.691e+01 110 2 4 1.260e+02 1.260e+02 -14 2 3 1.429e+02 1.511e+02 76 2 2 1.207e+02 1.313e+02 99 2 2 1.605e+02 1.755e+02 140 2 4 1.921e+02 2.279e+02 333 2 3 9.793e+01 1.121e+02 131
614 0
615 5 0 2 6.574e+02 6.866e+02 271 0 4 6.560e+02 6.880e+02 296 2 4 4.152e+01 4.248e+01 9 2 3 5.718e+01 6.882e+01 108 2 2 7.280e+01 9.520e+01 208
616 11 0 2 6.608e+02 6.832e+02 209 2 4 1.669e+02 1.691e+02 20 2 3 2.248e+02 2.372e+02 115 2 2 1.558e+02 1.802e+02 226 2 4 2.428e+02 2.612e+02 171 2 3 1.332e+02 1.608e+02 256 2 3 2.062e+02 2.558e+02 460 3 4 4.197e+02 4.203e+02 6 3 1 3.538e+02 3.602e+02 59 3 4 3.661e+02 3.899e+02 220 3 1 3.370e+02 3.770e+02 372
617 28 0 4 6.286e+02 6.314e+02 26 0 4 3.300e+02 3.420e+02 111 0 4 6.711e+02 6.729e+02 17 0 2 6.256e+02 6.344e+02 82 0 2 6.700e+02 6.740e+02 38 0 4 3.150e+02 3.570e+02 390 0 1 4.333e+02 4.487e+02 144 0 1 5.954e+02 6.226e+02 253 0 1 6.409e+02 6.611e+02 188 0 4 4.874e+02 5.206e+02 309 0 3 5.486e+02 5.854e+02 341 0 2 6.131e+02 6.469e+02 313 0 3 6.385e+02 6.635e+02 231 0 2 4.448e+02 4.792e+02 320 0 3 5.910e+02 6.270e+02 335 0 1 6.320e+02 6.700e+02 352 0 4 4.351e+02 4.889e+02 500 0 3 6.323e+02 6.697e+02 346 0 2 6.550e+02 6.890e+02 316 0 4 6.527e+02 6.913e+02 359 2 4 2.900e+02 2.980e+02 74 2 3 3.564e+02 3.576e+02 10 2 1 1.271e+01 2.929e+01 154 2 3 3.121e+02 3.179e+02 53 2 3 9.844e+00 3.216e+01 207 2 4 2.340e+02 2.700e+02 334 2 2 3.322e+01 5.078e+01 163 2 4 2.963e+01 5.437e+01 230
618 4 0 3 5.134e+02 5.366e+02 215 1 3 9.371e+01 1.163e+02 210 1 1 5.270e+01 7.330e+01 191 1 3 2.100e+01 2.100e+01 -18
619 11 0 4 6.720e+02 6.720e+02 -4 0 4 5.859e+02 5.901e+02 40 0 3 6.504e+02 6.516e+02 11 0 1 5.567e+02 5.773e+02 192 0 3 5.975e+02 6.205e+02 214 0 2 6.720e+02 6.720e+02 -24 0 1 5.486e+02 5.854e+02 342 0 2 6.178e+02 6.422e+02 226 0 1 6.433e+02 6.587e+02 142 0 4 6.135e+02 6.465e+02 306 0 3 5.912e+02 6.268e+02 331
620 0
621 3 2 2 1.653e+02 1.707e+02 50 2 4 1.642e+02 1.718e+02 70 2 1 1.753e+02 2.027e+02 255
622 23 0 2 6.698e+02 6.742e+02 40 0 3 6.389e+02 6.631e+02 224 1 3 5.592e+02 5.748e+02 146 1 2 5.366e+02 5.554e+02 174 2 1 1.914e+01 2.286e+01 35 2 2 4.601e+02 4.639e+02 35 2 3 1.024e+02 1.076e+02 48 2 4 6.280e+02 6.320e+02 36 2 3 1.447e+02 1.493e+02 43 2 3 6.502e+02 6.518e+02 15 2 3 1.007e+01 3.193e+01 203 2 3 4.346e+02 4.474e+02 119 2 4 7.792e+01 9.008e+01 113 2 1 4.798e+02 4.862e+02 59 2 4 1.638e+02 1.722e+02 78 2 2 6.704e+02 6.736e+02 30 2 4 2.061e+02 2.139e+02 73 2 4 4.021e+02 4.379e+02 333 2 2 1.622e+02 1.738e+02 108 2 4 2.364e+02 2.676e+02 290 2 4 1.069e+02 1.451e+02 354 2 3 1.716e+02 2.064e+02 324 2 2 6.535e+01 1.026e+02 346
623 0
624 0
625 23 0 2 6.292e+02 6.308e+02 15 0 2 6.713e+02 6.727e+02 13 0 4 6.263e+02 6.337e+02 68 0 4 6.710e+02 6.730e+02 18 0 4 4.104e+02 4.296e+02 179 0 1 6.011e+02 6.169e+02 147 0 1 6.490e+02 6.530e+02 36 0 1 3.864e+02 4.116e+02 234 0 1 5.915e+02 6.265e+02 326 0 3 6.493e+02 6.527e+02 31 0 3 4.250e+02 4.570e+02 298 0 3 5.956e+02 6.224e+02 250 0 3 6.410e+02 6.610e+02 186 1 2 6.225e+02 6.375e+02 139 1 4 6.245e+02 6.355e+02 101 2 1 1.880e+02 1.900e+02 19 2 4 1.626e+02 1.734e+02 100 2 1 6.113e+01 6.487e+01 35 2 3 1.810e+02 1.970e+02 148 2 3 5.857e+01 6.743e+01 82 2 2 1.500e+02 1.860e+02 334 2 4 2.990e+01 5.410e+01 225 2 2 2.295e+01 6.105e+01 354
626 0
627 36 0 1 3.976e+02 4.004e+02 26 0 4 4.154e+02 4.246e+02 86 0 4 4.605e+02 4.635e+02 27 0 1 5.541e+02 5.799e+02 240 0 1 5.983e+02 6.197e+02 200 0 3 3.888e+02 4.092e+02 189 0 3 4.797e+02 4.863e+02 61 0 3 5.960e+02 6.220e+02 240 0 4 4.081e+02 4.319e+02 221 0 4 4.505e+02 4.735e+02 214 0 2 6.211e+02 6.389e+02 166 0 1 6.315e+02 6.705e+02 363 0 1 4.302e+02 4.518e+02 201 0 2 6.136e+02 6.464e+02 304 0 3 4.311e+02 4.509e+02 183 1 2 6.283e+02 6.317e+02 32 1 2 5.809e+02 5.951e+02 131 1 3 5.992e+02 6.188e+02 182 1 4 5.725e+02 6.035e+02 287 1 4 6.178e+02 6.422e+02 227 1 1 5.909e+02 6.271e+02 336 1 2 6.134e+02 6.466e+02 309 2 1 5.871e+01 6.729e+01 80 2 3 4.760e+02 4.900e+02 130 2 2 1.256e+02 1.264e+02 7 2 2 4.938e+02 5.142e+02 190 2 3 5.593e+01 7.007e+01 131 2 4 1.204e+02 1.316e+02 105 2 4 4.482e+02 4.758e+02 256 2 2 3.040e+01 5.360e+01 216 2 2 8.101e+01 8.699e+01 56 2 1 1.301e+02 1.639e+02 313 2 1 4.372e+01 8.228e+01 358 2 2 7.092e+01 9.708e+01 243 2 4 6.984e+01 9.816e+01 263 2 3 8.797e+01 1.220e+02 316
628 7 1 2 5.738e+02 6.022e+02 265 1 2 6.137e+02 6.463e+02 303 2 4 2.322e+02 2.718e+02 367 3 2 3.296e+02 3.424e+02 119 3 3 3.534e+02 3.606e+02 67 3 4 3.241e+02 3.479e+02 221 3 1 3.401e+02 3.739e+02 315
629 15 0 1 6.085e+02 6.095e+02 10 0 2 6.707e+02 6.733e+02 24 0 3 3.952e+02 4.028e+02 70 0 1 3.527e+02 3.613e+02 80 0 3 6.076e+02 6.104e+02 26 0 2 3.709e+02 3.851e+02 132 0 4 6.720e+02 6.720e+02 -3 0 4 4.083e+02 4.317e+02 217 0 4 6.123e+02 6.477e+02 328 0 1 6.347e+02 6.673e+02 302 0 3 6.355e+02 6.665e+02 287 2 3 1.667e+01 2.533e+01 80 2 4 3.879e+01 4.521e+01 60 2 3 6.429e+02 6.591e+02 150 2 4 6.597e+02 6.843e+02 229
630 3 1 2 5.696e+02 6.064e+02 342 2 1 1.774e+01 2.426e+01 60 2 3 8.679e+00 3.332e+01 229
631 13 0 2 6.278e+02 6.322e+02 40 0 1 5.989e+02 6.191e+02 187 0 1 6.510e+02 6.510e+02 -5 0 2 6.117e+02 6.483e+02 340 0 3 6.499e+02 6.521e+02 20 0 2 6.671e+02 6.769e+02 91 0 3 6.400e+02 6.620e+02 205 0 4 6.571e+02 6.869e+02 276 0 2 6.468e+02 6.972e+02 468 1 3 1.304e+02 1.636e+02 308 1 2 1.078e+02 1.442e+02 338 1 4 1.467e+02 1.893e+02 396 2 3 6.087e+01 6.513e+01 40
632 27 0 2 6.300e+02 6.300e+02 -10 0 1 6.503e+02 6.517e+02 12 0 4 4.579e+02 4.661e+02 76 0 1 6.087e+02 6.093e+02 5 0 3 6.506e+02 6.514e+02 7 0 1 4.329e+02 4.491e+02 151 0 2 4.963e+02 5.117e+02 144 0 3 5.579e+02 5.761e+02 170 0 3 6.090e+02 6.090e+02 -2 0 2 6.667e+02 6.773e+02 99 0 3 4.368e+02 4.452e+02 79 0 4 4.923e+02 5.157e+02 217 0 3 5.196e+02 5.304e+02 100 0 4 6.223e+02 6.377e+02 144 0 4 6.674e+02 6.766e+02 86 0 2 5.395e+02 5.525e+02 121 0 4 5.828e+02 5.932e+02 97 0 4 6.620e+02 6.820e+02 186 0 1 5.094e+02 5.406e+02 289 0 2 6.122e+02 6.478e+02 330 2 2 1.204e+02 1.316e+02 105 2 4 1.258e+02 1.262e+02 3 2 1 4.351e+02 4.469e+02 109 2 1 1.352e+02 1.588e+02 219 2 2 4.524e+02 4.716e+02 179 2 3 1.306e+02 1.634e+02 305 2 3 4.199e+02 4.621e+02 391
633 31 0 2 2.498e+02 2.542e+02 41 0 1 5.237e+02 5.263e+02 25 0 2 5.382e+02 5.538e+02 145 0 2 4.620e+02 4.620e+02 -5 0 1 5.551e+02 5.789e+02 220 0 1 4.712e+02 4.948e+02 220 0 3 4.705e+02 4.955e+02 231 1 1 3.570e+02 3.570e+02 -0 1 2 5.333e+02 5.587e+02 236 1 4 3.673e+02 3.887e+02 199 2 4 2.511e+02 2.529e+02 17 2 1 3.982e+02 3.998e+02 16 2 3 1.783e+01 2.417e+01 59 2 3 3.874e+02 4.106e+02 216 2 3 1.009e+02 1.091e+02 76 2 1 2.297e+02 2.323e+02 24 2 2 3.745e+02 3.815e+02 66 2 2 3.291e+01 5.109e+01 169 2 4 7.423e+01 9.377e+01 181 2 3 2.272e+02 2.348e+02 71 2 3 2.716e+02 2.744e+02 26 2 4 3.753e+02 3.807e+02 50 2 1 5.536e+00 3.646e+01 287 2 2 1.103e+02 1.417e+02 291 2 2 2.503e+02 2.537e+02 32 2 2 2.940e+02 2.940e+02 -12 2 2 3.273e+02 3.447e+02 162 2 4 2.058e+02 2.142e+02 79 2 3 3.130e+02 3.170e+02 37 2 1 2.115e+02 2.505e+02 362 2 3 2.522e+02 2.938e+02 387
634 7 0 3 4.752e+02 4.908e+02 145 0 3 5.604e+02 5.736e+02 123 0 3 5.506e+02 5.834e+02 304 2 1 1.886e+01 2.314e+01 40 2 4 6.699e+02 6.741e+02 40 2 1 1.321e+01 2.879e+01 145 2 3 1.195e+01 3.005e+01 168
636 13 0 2 4.519e+02 4.721e+02 188 0 3 5.121e+02 5.379e+02 240 0 2 6.596e+02 6.844e+02 230 0 4 4.448e+02 4.792e+02 320 0 4 6.564e+02 6.876e+02 289 0 3 4.580e+02 5.080e+02 465 2 3 6.300e+01 6.300e+01 -8 2 3 2.656e+02 2.804e+02 137 2 4 3.803e+01 4.597e+01 74 2 1 5.521e+01 7.079e+01 145 2 2 6.908e+01 9.892e+01 277 2 3 3.915e+01 8.685e+01 443 2 4 5.786e+01 1.101e+02 486
638 11 1 1 4.390e+02 4.430e+02 38 2 2 2.493e+02 2.547e+02 50 2 1 2.716e+02 2.744e+02 26 2 1 4.752e+02 4.908e+02 145 2 3 1.875e+02 1.905e+02 28 2 4 2.055e+02 2.145e+02 84 2 1 1.853e+02 1.927e+02 69 2 3 2.237e+02 2.383e+02 136 2 4 1.546e+02 1.814e+02 248 2 2 2.008e+02 2.192e+02 170 2 4 2.331e+02 2.709e+02 350
639 3 0 3 1.667e+01 2.533e+01 80 2 3 6.446e+02 6.574e+02 119 2 4 6.612e+02 6.828e+02 200
640 2 0 2 6.608e+02 6.832e+02 207 0 4 6.600e+02 6.840e+02 223
641 10 0 1 6.460e+02 6.560e+02 93 0 2 5.416e+02 5.504e+02 81 0 3 6.442e+02 6.578e+02 127 0 3 5.519e+02 5.821e+02 281 0 2 6.570e+02 6.870e+02 278 0 4 6.596e+02 6.844e+02 230 2 4 1.658e+02 1.702e+02 41 2 1 1.831e+02 1.949e+02 110 2 2 1.559e+02 1.801e+02 226 2 3 1.768e+02 2.012e+02 226
642 31 0 4 6.260e+02 6.340e+02 75 0 4 6.714e+02 6.726e+02 10 0 1 3.094e+02 3.206e+02 105 0 2 5.448e+02 5.472e+02 22 0 1 3.510e+02 3.630e+02 111 0 1 6.071e+02 6.109e+02 36 0 2 2.777e+02 3.103e+02 303 0 1 6.498e+02 6.522e+02 23 0 4 3.239e+02 3.481e+02 225 0 4 4.163e+02 4.237e+02 69 0 4 1.908e+02 2.292e+02 357 0 3 6.059e+02 6.121e+02 58 0 4 3.602e+02 3.958e+02 331 0 3 6.508e+02 6.512e+02 4 0 3 5.479e+02 5.861e+02 355 0 2 3.195e+02 3.525e+02 306 0 2 6.257e+02 6.343e+02 80 0 2 6.705e+02 6.735e+02 28 0 1 5.096e+02 5.404e+02 286 1 2 5.848e+02 5.912e+02 60 1 1 6.060e+02 6.120e+02 56 1 4 5.873e+02 5.887e+02 14 1 3 6.069e+02 6.111e+02 40 1 2 5.407e+02 5.513e+02 99 1 2 6.281e+02 6.319e+02 36 1 4 5.726e+02 6.034e+02 286 1 4 6.271e+02 6.329e+02 55 1 3 5.481e+02 5.859e+02 351 2 1 1.359e+02 1.581e+02 206 2 3 1.398e+02 1.542e+02 135 2 2 1.595e+02 1.765e+02 157
644 4 0 1 6.359e+02 6.661e+02 281 1 2 6.266e+02 6.334e+02 63 1 4 6.297e+02 6.303e+02 5 1 1 5.957e+02 6.223e+02 247
645 0
646 5 0 3 3.942e+02 4.038e+02 90 0 4 3.621e+02 3.939e+02 296 1 4 6.287e+02 6.313e+02 25 2 4 4.497e+02 4.743e+02 229 2 3 5.551e+02 5.789e+02 221
648 13 0 1 6.069e+02 6.111e+02 39 0 4 4.198e+02 4.202e+02 3 0 3 6.065e+02 6.115e+02 46 0 4 6.188e+02 6.412e+02 208 0 2 6.122e+02 6.478e+02 330 2 3 3.990e+02 3.990e+02 -10 2 3 2.730e+02 2.730e+02 -0 2 4 2.400e+02 2.640e+02 222 2 2 2.877e+02 3.003e+02 117 2 1 3.860e+02 4.120e+02 241 2 4 3.703e+02 3.857e+02 143 2 2 4.093e+02 4.307e+02 198 2 1 2.554e+02 2.906e+02 326
649 10 0 1 5.952e+02 6.228e+02 256 0 2 6.520e+02 6.920e+02 371 0 4 6.507e+02 6.933e+02 395 1 4 7.769e+01 9.031e+01 117 2 2 3.749e+02 3.811e+02 57 2 1 3.936e+02 4.044e+02 100 2 3 1.843e+02 1.937e+02 86 2 2 1.930e+02 2.270e+02 316 3 4 4.516e+02 4.724e+02 193 3 1 5.129e+02 5.371e+02 226
651 0
652 0
656 9 0 4 5.766e+02 5.994e+02 212 0 3 5.524e+02 5.816e+02 271 0 1 5.964e+02 6.216e+02 235 0 3 5.893e+02 6.287e+02 366 2 2 5.460e+02 5.460e+02 -2 2 1 6.089e+02 6.091e+02 2 2 2 6.265e+02 6.335e+02 65 2 3 6.013e+02 6.167e+02 144 2 1 5.936e+02 6.244e+02 286
657 1 1 4 2.934e+02 2.946e+02 11
660 29 0 4 2.876e+02 3.004e+02 119 0 3 5.995e+02 6.185e+02 176 0 1 4.312e+02 4.508e+02 182 0 2 2.347e+02 2.693e+02 320 0 4 4.941e+02 5.139e+02 183 0 3 2.583e+02 2.877e+02 272 0 2 5.332e+02 5.588e+02 237 0 4 3.150e+02 3.570e+02 390 0 2 6.230e+02 6.370e+02 130 0 3 4.215e+02 4.605e+02 362 0 4 4.539e+02 4.701e+02 150 0 3 5.485e+02 5.855e+02 343 0 4 6.214e+02 6.386e+02 160 0 2 6.504e+02 6.936e+02 400 0 1 4.718e+02 4.942e+02 207 0 1 5.457e+02 5.883e+02 396 0 1 5.946e+02 6.234e+02 267 0 4 6.476e+02 6.964e+02 453 0 3 4.654e+02 5.006e+02 327 0 3 5.846e+02 6.334e+02 453 0 3 6.276e+02 6.744e+02 434 0 2 4.859e+02 5.221e+02 336 0 2 6.107e+02 6.493e+02 359 0 2 4.455e+02 4.785e+02 307 0 4 5.648e+02 6.112e+02 431 2 4 3.282e+02 3.438e+02 146 2 2 3.232e+01 5.168e+01 180 2 3 3.429e+00 3.857e+01 326 2 4 2.376e+01 6.024e+01 339
661 0
662 8 1 2 3.325e+02 3.395e+02 65 1 2 1.222e+02 1.298e+02 71 1 3 2.680e+02 2.780e+02 92 1 2 2.902e+02 2.978e+02 71 1 4 1.532e+02 1.828e+02 276 1 4 2.354e+02 2.686e+02 308 1 1 1.285e+02 1.655e+02 343 1 1 8.635e+01 1.236e+02 346
663 41 0 1 5.663e+02 5.677e+02 14 0 3 5.628e+02 5.712e+02 79 0 4 5.821e+02 5.939e+02 110 0 4 6.684e+02 6.756e+02 66 0 1 6.453e+02 6.567e+02 106 0 2 6.672e+02 6.768e+02 89 1 4 6.289e+02 6.311e+02 20 1 2 6.257e+02 6.343e+02 80 2 2 1.679e+02 1.681e+02 2 2 4 5.456e+02 5.464e+02 7 2 3 3.558e+02 3.582e+02 21 2 3 6.074e+02 6.106e+02 30 2 3 1.680e+01 2.520e+01 78 2 3 3.968e+02 4.012e+02 40 2 2 7.935e+01 8.865e+01 86 2 3 5.663e+02 5.677e+02 14 2 1 1.800e+02 1.980e+02 168 2 2 5.838e+02 5.922e+02 79 2 3 2.251e+02 2.369e+02 110 2 2 4.191e+02 4.209e+02 17 2 2 3.367e+01 5.033e+01 155 2 4 6.615e+02 6.825e+02 196 2 4 7.051e+01 9.749e+01 250 2 1 4.315e+02 4.505e+02 177 2 3 1.357e+02 1.583e+02 210 2 2 6.182e+02 6.418e+02 220 2 2 2.480e+02 2.560e+02 74 2 3 2.988e+02 3.312e+02 301 2 1 3.543e+02 3.597e+02 50 2 4 3.982e+01 4.418e+01 40 2 4 1.511e+02 1.849e+02 315 2 4 1.905e+02 2.295e+02 362 2 1 2.547e+02 2.913e+02 340 2 4 3.673e+02 3.887e+02 199 2 1 5.700e+01 6.900e+01 111 2 2 3.261e+02 3.459e+02 185 2 3 5.315e+01 7.285e+01 183 2 4 3.222e+02 3.498e+02 257 2 4 2.196e+01 6.204e+01 372 2 3 3.471e+02 3.669e+02 185 2 2 3.180e+02 3.540e+02 335
664 10 0 4 6.685e+02 6.755e+02 66 1 2 3.733e+02 3.827e+02 86 1 2 4.919e+02 5.161e+02 226 1 3 3.808e+02 4.172e+02 339 2 3 2.286e+02 2.334e+02 44 2 4 3.713e+02 3.847e+02 125 2 3 3.843e+02 4.137e+02 272 2 2 1.964e+02 2.236e+02 253 2 4 1.907e+02 2.293e+02 359 2 1 2.137e+02 2.483e+02 321
665 0
