25598 23 0 3 1.890e+02 1.890e+02 -14 0 2 2.435e+02 2.605e+02 157 0 3 2.729e+02 2.731e+02 2 0 4 1.958e+02 2.242e+02 264 0 4 4.620e+02 4.620e+02 0 0 4 2.910e+02 2.970e+02 56 0 1 6.090e+02 6.090e+02 0 0 1 2.616e+02 2.844e+02 211 0 3 6.090e+02 6.090e+02 -5 0 1 6.483e+02 6.537e+02 50 0 4 5.871e+02 5.889e+02 17 0 1 6.415e+02 6.605e+02 177 0 2 6.151e+02 6.449e+02 276 0 3 6.363e+02 6.657e+02 274 0 4 6.131e+02 6.469e+02 314 1 2 1.941e+02 2.259e+02 296 1 1 3.775e+02 4.205e+02 399 2 1 6.068e+02 6.112e+02 41 2 4 4.200e+01 4.200e+01 -3 2 4 4.034e+02 4.366e+02 308 2 4 2.353e+01 6.047e+01 343 2 3 4.210e+02 4.610e+02 371 3 2 6.603e+02 6.837e+02 217
25601 23 0 2 6.564e+02 6.876e+02 290 1 2 5.826e+02 5.934e+02 100 1 4 5.876e+02 5.884e+02 8 1 2 5.353e+02 5.567e+02 198 1 1 5.550e+02 5.790e+02 222 1 3 5.515e+02 5.825e+02 287 1 4 5.706e+02 6.054e+02 323 2 3 1.361e+01 2.839e+01 137 2 2 1.246e+02 1.274e+02 26 2 4 6.249e+02 6.351e+02 94 2 1 1.456e+02 1.484e+02 26 2 2 3.645e+01 4.755e+01 103 2 3 9.515e+01 1.149e+02 183 2 3 1.462e+02 1.478e+02 16 2 4 3.616e+02 3.944e+02 304 2 2 3.017e+01 5.383e+01 220 2 4 1.079e+02 1.441e+02 336 2 2 1.661e+02 1.699e+02 36 2 4 3.191e+02 3.529e+02 313 2 1 9.154e-01 4.108e+01 373 2 1 1.775e+02 2.005e+02 214 2 4 2.313e+01 6.087e+01 350 2 1 1.275e+02 1.665e+02 363
25606 7 1 2 6.283e+02 6.317e+02 31 2 1 5.654e+02 5.686e+02 29 2 2 5.398e+02 5.522e+02 116 2 1 8.319e+00 3.368e+01 236 2 3 5.089e+02 5.411e+02 299 2 3 4.561e+01 8.039e+01 323 2 4 5.328e+02 5.592e+02 245
25607 0
25610 18 0 1 5.241e+02 5.259e+02 17 0 3 5.169e+02 5.331e+02 150 0 2 5.376e+02 5.544e+02 156 0 2 6.540e+02 6.900e+02 335 0 3 5.100e+02 5.400e+02 279 2 2 3.360e+02 3.360e+02 -13 2 4 4.620e+02 4.620e+02 -19 2 3 1.922e+01 2.278e+01 33 2 3 4.811e+02 4.849e+02 36 2 4 2.940e+02 2.940e+02 -4 2 4 5.368e+02 5.552e+02 170 2 1 3.553e+02 3.587e+02 31 2 3 5.133e+02 5.367e+02 218 2 1 1.397e+01 2.803e+01 130 2 4 2.017e+02 2.183e+02 155 2 3 3.135e+02 3.165e+02 27 2 4 3.714e+02 3.846e+02 123 2 1 3.067e+02 3.233e+02 155
25615 2 1 3 1.295e+02 1.645e+02 326 1 4 1.076e+02 1.444e+02 342
25616 19 0 4 6.666e+02 6.774e+02 100 0 3 6.366e+02 6.654e+02 267 0 2 6.587e+02 6.853e+02 246 0 4 6.556e+02 6.884e+02 305 1 1 5.532e+02 5.808e+02 256 2 4 5.432e+02 5.488e+02 51 2 1 2.298e+02 2.322e+02 23 2 1 6.064e+02 6.116e+02 49 2 2 2.924e+02 2.956e+02 29 2 2 6.140e+02 6.460e+02 296 2 4 3.701e+02 3.859e+02 147 2 3 1.760e+02 2.020e+02 241 2 4 2.067e+02 2.133e+02 61 2 4 2.879e+02 3.001e+02 113 2 3 3.421e+02 3.719e+02 277 2 4 1.956e+02 2.244e+02 268 2 1 2.588e+02 2.872e+02 263 2 1 2.155e+02 2.465e+02 287 2 3 2.601e+02 2.859e+02 239
25617 0
25618 9 0 3 4.404e+02 4.416e+02 10 0 1 6.019e+02 6.161e+02 132 0 4 6.228e+02 6.372e+02 134 0 1 4.302e+02 4.518e+02 201 0 2 4.434e+02 4.806e+02 346 0 3 5.970e+02 6.210e+02 222 0 4 4.460e+02 4.780e+02 298 0 2 6.184e+02 6.416e+02 216 0 3 4.645e+02 5.015e+02 344
25619 12 0 4 6.286e+02 6.314e+02 26 0 1 6.039e+02 6.141e+02 94 0 3 6.061e+02 6.119e+02 55 0 2 6.252e+02 6.348e+02 89 0 2 6.538e+02 6.902e+02 337 0 1 5.953e+02 6.227e+02 254 0 3 5.926e+02 6.254e+02 305 0 2 6.140e+02 6.460e+02 298 0 4 6.116e+02 6.484e+02 342 2 2 3.641e+01 4.759e+01 104 2 4 3.376e+01 5.024e+01 153 2 3 6.613e+00 3.539e+01 267
25621 23 0 3 5.250e+02 5.250e+02 -13 0 4 6.254e+02 6.346e+02 85 0 2 6.710e+02 6.730e+02 19 0 1 5.186e+02 5.314e+02 118 0 1 6.064e+02 6.116e+02 49 0 1 6.506e+02 6.514e+02 8 0 4 4.917e+02 5.163e+02 228 0 2 6.186e+02 6.414e+02 211 0 3 6.489e+02 6.531e+02 39 0 2 4.895e+02 5.185e+02 270 0 3 5.967e+02 6.213e+02 228 0 4 6.683e+02 6.757e+02 69 0 4 6.575e+02 6.865e+02 269 0 2 6.535e+02 6.905e+02 344 1 2 5.853e+02 5.907e+02 50 1 2 6.280e+02 6.320e+02 38 2 1 6.300e+01 6.300e+01 -3 2 4 8.056e+01 8.744e+01 64 2 1 1.796e+01 2.404e+01 56 2 3 9.649e+01 1.135e+02 158 2 3 1.662e+01 2.538e+01 81 2 2 6.571e+01 1.023e+02 340 2 1 4.812e+01 7.788e+01 276
25622 0
25623 26 0 3 6.090e+02 6.090e+02 -7 0 1 5.235e+02 5.265e+02 27 0 1 6.052e+02 6.128e+02 71 0 2 6.703e+02 6.737e+02 31 0 3 5.202e+02 5.298e+02 89 0 1 5.940e+02 6.240e+02 279 0 4 6.702e+02 6.738e+02 34 0 2 5.276e+02 5.644e+02 342 0 4 6.169e+02 6.431e+02 244 0 1 6.453e+02 6.567e+02 106 0 4 5.729e+02 6.031e+02 280 0 2 6.586e+02 6.854e+02 250 0 2 6.120e+02 6.480e+02 335 0 4 6.550e+02 6.890e+02 316 1 2 6.287e+02 6.313e+02 25 2 1 2.057e+01 2.143e+01 8 2 2 1.673e+02 1.687e+02 12 2 4 3.770e+02 3.790e+02 19 2 4 3.686e+01 4.714e+01 96 2 3 9.232e+01 1.177e+02 236 2 3 6.091e+01 6.509e+01 39 2 4 1.119e+02 1.401e+02 262 2 2 3.358e+01 5.042e+01 156 2 4 6.787e+01 1.001e+02 300 2 3 6.435e+00 3.557e+01 270 2 2 1.106e+02 1.414e+02 286
25624 13 0 1 4.784e+02 4.876e+02 85 0 2 6.289e+02 6.311e+02 21 0 2 6.671e+02 6.769e+02 91 0 3 4.798e+02 4.862e+02 59 0 4 6.247e+02 6.353e+02 99 0 4 4.960e+02 5.120e+02 148 0 1 6.024e+02 6.156e+02 123 0 3 5.992e+02 6.188e+02 181 2 4 2.100e+02 2.100e+02 -5 2 3 2.265e+02 2.355e+02 83 2 1 5.896e+00 3.610e+01 280 2 3 2.110e+02 2.510e+02 371 2 3 4.998e+00 3.700e+01 297
25627 0
25628 39 0 1 4.821e+02 4.839e+02 17 0 1 6.006e+02 6.174e+02 156 0 4 5.725e+02 6.035e+02 288 2 1 5.665e+02 5.675e+02 10 2 3 3.150e+02 3.150e+02 -1 2 2 3.354e+02 3.366e+02 11 2 4 5.025e+02 5.055e+02 28 2 4 8.020e+01 8.780e+01 70 2 3 5.244e+02 5.256e+02 10 2 4 1.633e+02 1.727e+02 86 2 4 5.859e+02 5.901e+02 39 2 1 6.176e+01 6.424e+01 23 2 4 6.690e+02 6.750e+02 56 2 2 1.179e+02 1.341e+02 150 2 4 4.132e+02 4.268e+02 127 2 1 1.873e+02 1.907e+02 32 2 4 4.607e+02 4.633e+02 25 2 4 2.845e+02 3.035e+02 176 2 2 5.444e+02 5.476e+02 30 2 4 1.232e+02 1.288e+02 51 2 1 6.063e+02 6.117e+02 50 2 3 1.829e+02 1.951e+02 114 2 1 3.422e+02 3.718e+02 275 2 3 4.702e+02 4.958e+02 237 2 2 7.724e+01 9.076e+01 126 2 4 5.456e+02 5.464e+02 8 2 1 1.362e+02 1.578e+02 200 2 3 6.016e+02 6.164e+02 137 2 3 9.290e+01 1.171e+02 225 2 2 6.504e+02 6.936e+02 401 2 3 1.291e+02 1.649e+02 332 2 4 4.024e+02 4.376e+02 327 2 2 4.933e+02 5.147e+02 199 2 1 5.051e+02 5.449e+02 370 2 2 6.106e+02 6.494e+02 360 2 2 5.650e+02 6.110e+02 427 3 1 3.990e+02 3.990e+02 -0 3 2 3.982e+01 4.418e+01 40 3 2 7.226e+01 9.574e+01 218
25629 7 0 3 2.530e+02 2.930e+02 371 0 4 3.095e+02 3.625e+02 493 0 1 2.535e+02 2.925e+02 363 3 2 5.458e+02 5.462e+02 3 3 1 5.630e+02 5.710e+02 75 3 1 5.487e+02 5.853e+02 340 3 2 5.686e+02 6.074e+02 360
25632 0
25634 7 1 2 8.326e+01 8.474e+01 14 1 4 4.200e+01 4.200e+01 -10 1 3 5.992e+01 6.608e+01 57 3 1 3.564e+02 3.576e+02 10 3 2 6.697e+02 6.743e+02 43 3 3 4.301e+02 4.519e+02 203 3 2 4.022e+02 4.378e+02 331
25635 5 0 4 4.620e+02 4.620e+02 -1 0 3 6.076e+02 6.104e+02 26 0 4 3.659e+02 3.901e+02 225 0 2 3.228e+02 3.492e+02 245 0 4 5.752e+02 6.008e+02 237
25637 2 0 4 6.494e+02 6.946e+02 420 2 4 1.209e+02 1.311e+02 94
25638 7 0 4 6.542e+02 6.898e+02 330 2 2 2.922e+02 2.958e+02 33 2 2 5.031e+02 5.049e+02 16 2 4 4.938e+02 5.142e+02 190 2 3 2.596e+02 2.864e+02 249 2 3 5.116e+02 5.384e+02 249 2 4 2.807e+02 3.073e+02 247
25639 9 0 4 6.079e+02 6.521e+02 410 0 4 6.496e+02 6.944e+02 416 0 3 2.060e+02 2.560e+02 464 0 1 5.839e+02 6.341e+02 466 0 1 6.273e+02 6.747e+02 440 0 2 6.457e+02 6.983e+02 489 0 2 6.042e+02 6.558e+02 479 1 1 2.892e+02 3.408e+02 480 2 3 1.290e+01 2.910e+01 150
25640 14 0 2 4.609e+02 4.631e+02 21 0 2 6.237e+02 6.363e+02 117 0 4 4.569e+02 4.671e+02 95 0 1 4.262e+02 4.558e+02 276 2 4 3.357e+02 3.363e+02 6 2 1 4.820e+02 4.840e+02 18 2 4 7.845e+01 8.955e+01 103 2 3 3.471e+02 3.669e+02 183 2 4 4.120e+02 4.280e+02 149 2 2 7.594e+01 9.206e+01 150 2 3 4.780e+02 4.880e+02 92 2 3 8.586e+01 1.241e+02 356 2 2 4.972e+02 5.108e+02 127 3 2 4.066e+02 4.334e+02 248
25643 33 0 2 4.597e+02 4.643e+02 43 0 1 6.083e+02 6.097e+02 12 0 3 6.488e+02 6.532e+02 40 0 4 4.567e+02 4.673e+02 99 0 3 6.043e+02 6.137e+02 88 0 1 6.458e+02 6.562e+02 97 0 4 4.484e+02 4.756e+02 253 0 2 6.214e+02 6.386e+02 160 0 2 6.605e+02 6.835e+02 213 0 1 4.677e+02 4.983e+02 284 0 2 6.126e+02 6.474e+02 324 0 3 4.741e+02 4.919e+02 165 0 4 6.144e+02 6.456e+02 290 0 3 4.660e+02 5.000e+02 316 1 2 5.867e+02 5.893e+02 25 1 2 6.288e+02 6.312e+02 21 1 4 5.870e+02 5.890e+02 18 1 4 6.277e+02 6.323e+02 42 1 2 6.115e+02 6.485e+02 344 2 4 2.088e+02 2.112e+02 23 2 4 4.977e+02 5.103e+02 117 2 2 1.216e+02 1.304e+02 81 2 1 1.443e+02 1.497e+02 50 2 3 5.131e+02 5.369e+02 220 2 2 2.475e+02 2.565e+02 83 2 4 3.679e+02 3.881e+02 187 2 1 9.396e+00 3.260e+01 216 2 3 9.075e+01 1.193e+02 265 2 1 2.218e+02 2.402e+02 170 2 3 8.185e+00 3.382e+01 238 2 3 2.216e+02 2.404e+02 176 2 4 2.345e+02 2.695e+02 326 2 2 1.898e+02 2.302e+02 376
25645 7 0 1 4.776e+02 4.884e+02 100 0 3 4.791e+02 4.869e+02 73 0 2 6.576e+02 6.864e+02 267 0 2 4.878e+02 5.202e+02 301 0 4 6.548e+02 6.892e+02 319 0 4 4.903e+02 5.177e+02 255 2 4 2.483e+01 5.917e+01 319
25646 0
25648 3 0 2 6.220e+02 6.380e+02 149 0 4 6.236e+02 6.364e+02 120 3 1 1.788e+01 2.412e+01 58
25652 10 0 4 6.708e+02 6.732e+02 22 0 4 4.152e+02 4.248e+02 90 0 1 3.955e+02 4.025e+02 66 0 3 3.809e+02 4.171e+02 336 2 4 2.513e+02 2.527e+02 14 2 4 5.402e+02 5.518e+02 107 2 3 4.280e+02 4.540e+02 242 2 3 5.558e+02 5.782e+02 208 2 2 5.263e+02 5.657e+02 366 2 2 5.686e+02 6.074e+02 360
25653 4 0 1 5.666e+02 5.674e+02 7 0 2 5.445e+02 5.475e+02 28 0 1 5.093e+02 5.407e+02 291 0 2 5.278e+02 5.642e+02 339
25656 18 0 1 2.709e+02 2.751e+02 39 0 2 6.714e+02 6.726e+02 11 0 4 4.179e+02 4.221e+02 40 0 2 2.885e+02 2.995e+02 102 0 4 6.670e+02 6.770e+02 92 0 4 2.875e+02 3.005e+02 121 0 1 3.988e+02 3.992e+02 5 0 4 5.785e+02 5.975e+02 176 0 3 6.371e+02 6.649e+02 258 0 3 3.875e+02 4.105e+02 213 0 1 6.337e+02 6.683e+02 322 2 1 2.093e+01 2.107e+01 1 2 3 1.577e+01 2.623e+01 97 2 2 1.215e+02 1.305e+02 83 2 2 3.188e+01 5.212e+01 188 2 3 9.600e+01 1.140e+02 167 2 1 6.525e+00 3.547e+01 269 2 4 1.084e+02 1.436e+02 326
25660 4 0 2 6.267e+02 6.333e+02 60 0 4 6.236e+02 6.364e+02 118 0 3 6.352e+02 6.668e+02 293 0 1 6.321e+02 6.699e+02 350
25661 0
25662 27 0 3 5.242e+02 5.258e+02 16 0 2 6.711e+02 6.729e+02 17 0 1 5.238e+02 5.262e+02 22 0 1 6.063e+02 6.117e+02 50 0 4 6.687e+02 6.753e+02 61 0 3 5.187e+02 5.313e+02 116 0 3 6.039e+02 6.141e+02 95 0 1 6.314e+02 6.706e+02 364 0 4 4.017e+02 4.383e+02 340 0 2 4.837e+02 5.243e+02 377 0 4 6.164e+02 6.436e+02 253 0 4 6.510e+02 6.930e+02 390 0 1 3.806e+02 4.174e+02 342 0 2 6.133e+02 6.467e+02 310 0 3 6.243e+02 6.777e+02 496 0 4 6.057e+02 6.543e+02 452 1 4 5.859e+02 5.901e+02 39 1 3 5.568e+02 5.772e+02 189 1 2 5.337e+02 5.583e+02 228 1 1 5.514e+02 5.826e+02 290 1 2 5.616e+02 6.144e+02 490 2 2 2.533e+01 5.867e+01 310 2 4 3.576e+02 3.984e+02 379 2 1 3.778e+02 4.202e+02 394 2 4 2.237e+01 6.163e+01 365 2 3 1.622e+02 2.158e+02 498 2 2 1.874e+02 2.326e+02 420
25663 40 0 3 2.729e+02 2.731e+02 1 0 2 5.444e+02 5.476e+02 29 0 1 1.400e+02 1.540e+02 130 0 4 2.856e+02 3.024e+02 156 0 1 5.624e+02 5.716e+02 85 0 4 2.747e+02 3.133e+02 359 0 4 5.841e+02 5.919e+02 72 0 2 6.709e+02 6.731e+02 20 0 3 5.612e+02 5.728e+02 107 0 2 6.186e+02 6.414e+02 211 0 1 6.468e+02 6.552e+02 77 0 3 5.531e+02 5.809e+02 259 0 4 6.177e+02 6.423e+02 229 0 3 6.414e+02 6.606e+02 178 0 1 5.158e+02 5.342e+02 171 0 4 5.705e+02 6.055e+02 326 0 4 6.640e+02 6.800e+02 148 0 1 6.354e+02 6.666e+02 290 0 3 6.284e+02 6.736e+02 419 1 2 6.284e+02 6.316e+02 29 1 4 5.396e+02 5.524e+02 120 1 4 6.281e+02 6.319e+02 36 1 3 5.553e+02 5.787e+02 218 1 1 6.072e+02 6.108e+02 34 1 4 5.790e+02 5.970e+02 167 1 3 6.011e+02 6.169e+02 146 1 4 6.103e+02 6.497e+02 366 2 3 4.403e+02 4.417e+02 13 2 2 1.247e+02 1.273e+02 25 2 2 4.579e+02 4.661e+02 76 2 4 1.190e+02 1.330e+02 130 2 2 4.188e+02 4.212e+02 21 2 4 2.787e+02 3.093e+02 285 2 1 4.729e+02 4.931e+02 188 2 3 9.429e+01 1.157e+02 199 2 4 4.138e+02 4.262e+02 116 2 1 4.350e+02 4.470e+02 111 2 3 4.290e+02 4.530e+02 223 2 1 3.869e+02 4.111e+02 224 2 3 4.215e+02 4.605e+02 361
25665 56 0 4 6.297e+02 6.303e+02 6 0 3 3.958e+02 4.022e+02 59 0 2 3.674e+02 3.886e+02 196 0 2 5.022e+02 5.058e+02 33 0 3 5.641e+02 5.699e+02 53 0 4 5.868e+02 5.892e+02 23 0 3 6.458e+02 6.562e+02 97 0 1 3.858e+02 4.122e+02 246 0 4 4.998e+02 5.082e+02 79 0 1 5.620e+02 5.720e+02 93 0 2 6.269e+02 6.331e+02 58 0 2 6.715e+02 6.725e+02 10 0 4 4.065e+02 4.335e+02 250 0 1 4.637e+02 5.023e+02 359 0 2 5.302e+02 5.618e+02 293 0 1 5.961e+02 6.219e+02 239 0 4 6.691e+02 6.749e+02 54 0 1 5.075e+02 5.425e+02 325 0 3 5.912e+02 6.268e+02 331 0 1 6.334e+02 6.686e+02 327 0 3 5.050e+02 5.450e+02 371 0 3 6.351e+02 6.669e+02 295 1 4 6.290e+02 6.310e+02 19 1 1 6.080e+02 6.100e+02 18 1 2 5.793e+02 5.967e+02 161 1 3 6.024e+02 6.156e+02 122 1 4 5.836e+02 5.924e+02 81 1 2 6.296e+02 6.304e+02 7 1 3 5.543e+02 5.797e+02 236 1 1 6.023e+02 6.157e+02 124 1 4 5.691e+02 6.069e+02 351 1 2 6.142e+02 6.458e+02 293 2 4 3.340e+02 3.380e+02 37 2 3 1.868e+01 2.332e+01 43 2 2 8.343e+01 8.457e+01 10 2 4 1.676e+02 1.684e+02 7 2 4 2.090e+02 2.110e+02 18 2 3 2.702e+02 2.758e+02 51 2 4 4.134e+01 4.266e+01 12 2 3 1.042e+02 1.058e+02 16 2 1 2.306e+02 2.314e+02 7 2 2 2.932e+02 2.948e+02 16 2 4 3.213e+02 3.507e+02 274 2 1 6.086e+01 6.514e+01 40 2 4 1.216e+02 1.304e+02 81 2 1 1.698e+02 2.082e+02 357 2 4 2.505e+02 2.535e+02 28 2 4 2.900e+02 2.980e+02 75 2 3 5.884e+01 6.716e+01 77 2 4 7.442e+01 9.358e+01 178 2 1 2.185e+02 2.435e+02 231 2 1 1.271e+01 2.929e+01 154 2 2 1.157e+02 1.363e+02 190 2 3 2.185e+02 2.435e+02 233 2 2 2.367e+01 6.033e+01 340 2 2 1.968e+02 2.232e+02 246
