21315 0
21318 0
21319 2 2 3 1.379e+02 1.561e+02 169 2 4 7.217e+01 9.583e+01 220
21320 2 2 3 4.794e+02 4.866e+02 66 2 4 4.586e+02 4.654e+02 63
21321 0
21322 3 0 1 4.717e+02 4.943e+02 210 0 4 4.876e+02 5.204e+02 305 0 2 4.478e+02 4.762e+02 265
21323 6 2 3 4.806e+02 4.854e+02 44 2 4 4.565e+02 4.675e+02 103 2 4 2.048e+02 2.152e+02 96 2 3 2.169e+02 2.451e+02 262 2 1 2.570e+02 2.890e+02 296 2 2 1.929e+02 2.271e+02 318
21324 0
21325 6 0 3 1.050e+02 1.050e+02 -5 0 4 1.674e+02 1.686e+02 10 0 1 1.433e+02 1.507e+02 68 0 3 9.021e+01 1.198e+02 275 0 2 1.541e+02 1.819e+02 258 1 2 6.119e+02 6.481e+02 336
21327 3 0 2 6.566e+02 6.874e+02 286 2 3 1.658e+01 2.542e+01 82 2 3 6.031e+00 3.597e+01 278
21329 4 0 2 4.591e+02 4.649e+02 54 0 4 4.591e+02 4.649e+02 54 0 1 4.263e+02 4.557e+02 272 0 3 4.222e+02 4.598e+02 350
21331 0
21332 21 1 1 2.562e+02 2.898e+02 311 2 2 3.777e+02 3.783e+02 6 2 3 9.959e+01 1.104e+02 100 2 1 1.434e+02 1.506e+02 66 2 4 3.707e+02 3.853e+02 135 2 1 3.830e+02 4.150e+02 297 2 1 6.032e+01 6.568e+01 50 2 2 7.213e+01 9.587e+01 220 2 2 1.629e+02 1.731e+02 94 2 3 3.414e+02 3.726e+02 290 2 1 4.830e+01 7.770e+01 273 2 4 6.836e+01 9.964e+01 290 2 1 1.316e+02 1.624e+02 286 3 1 1.883e+02 1.897e+02 13 3 4 1.254e+02 1.266e+02 11 3 3 1.862e+02 1.918e+02 52 3 2 2.033e+02 2.167e+02 124 3 4 1.988e+02 2.212e+02 208 3 2 1.935e+02 2.265e+02 307 3 2 1.523e+02 1.837e+02 291 3 4 1.485e+02 1.875e+02 362
21334 5 2 2 2.891e+02 2.989e+02 91 2 4 2.871e+02 3.009e+02 129 2 3 5.595e+02 5.745e+02 140 2 1 2.622e+02 2.838e+02 201 2 3 2.570e+02 2.890e+02 297
21336 20 0 4 4.196e+02 4.204e+02 7 0 2 4.619e+02 4.621e+02 2 0 3 6.508e+02 6.512e+02 5 0 1 3.871e+02 4.109e+02 221 0 3 4.807e+02 4.853e+02 43 0 2 6.165e+02 6.435e+02 250 0 1 6.407e+02 6.613e+02 191 0 3 3.839e+02 4.141e+02 281 0 1 4.696e+02 4.964e+02 250 0 4 6.569e+02 6.871e+02 280 0 4 4.860e+02 5.220e+02 335 0 2 6.552e+02 6.888e+02 312 1 2 6.288e+02 6.312e+02 23 1 4 6.213e+02 6.387e+02 162 1 1 5.980e+02 6.200e+02 205 2 3 1.887e+01 2.313e+01 40 2 4 3.946e+01 4.454e+01 47 2 3 1.065e+01 3.135e+01 192 2 4 1.921e+02 2.279e+02 333 2 4 2.335e+02 2.705e+02 344
21339 4 0 1 3.140e+02 3.160e+02 18 0 4 4.176e+02 4.224e+02 44 0 2 3.342e+02 3.378e+02 33 0 3 3.862e+02 4.118e+02 238
21340 0
21341 11 0 3 4.395e+02 4.425e+02 28 0 1 4.323e+02 4.497e+02 162 0 4 4.448e+02 4.792e+02 320 1 4 6.291e+02 6.309e+02 16 1 1 6.009e+02 6.171e+02 151 1 2 6.227e+02 6.373e+02 136 1 3 5.923e+02 6.257e+02 310 2 2 4.099e+01 4.301e+01 19 2 4 3.995e+01 4.405e+01 38 2 1 4.606e+01 7.994e+01 315 2 3 1.545e+00 4.046e+01 361
21342 1 0 4 3.332e+02 3.388e+02 51
21343 9 0 1 6.499e+02 6.521e+02 20 0 3 6.502e+02 6.518e+02 16 0 1 5.216e+01 7.384e+01 201 0 2 5.396e+02 5.524e+02 118 0 1 5.651e+02 5.689e+02 36 0 4 6.046e+01 1.075e+02 437 0 3 5.563e+02 5.777e+02 199 0 1 5.503e+02 5.837e+02 310 2 3 3.428e+02 3.712e+02 263
21344 60 0 2 2.913e+02 2.967e+02 50 0 2 5.449e+02 5.471e+02 20 0 1 3.545e+02 3.595e+02 47 0 4 5.880e+02 5.880e+02 -15 0 2 3.694e+02 3.866e+02 160 0 3 6.500e+02 6.520e+02 18 0 4 2.777e+02 3.103e+02 302 0 4 5.022e+02 5.058e+02 34 0 1 3.000e+02 3.300e+02 278 0 1 5.200e+02 5.300e+02 93 0 1 6.090e+02 6.090e+02 -1 0 2 4.544e+02 4.696e+02 141 0 3 5.234e+02 5.266e+02 30 0 3 6.077e+02 6.103e+02 25 0 3 4.231e+02 4.589e+02 332 0 4 4.588e+02 4.652e+02 60 0 1 5.606e+02 5.734e+02 119 0 2 6.223e+02 6.377e+02 142 0 1 6.445e+02 6.575e+02 120 0 3 4.777e+02 4.883e+02 98 0 3 5.563e+02 5.777e+02 198 0 4 6.225e+02 6.375e+02 140 0 4 6.570e+02 6.870e+02 279 0 2 4.984e+02 5.096e+02 105 0 3 5.076e+02 5.424e+02 324 0 4 5.704e+02 6.056e+02 327 0 1 5.068e+02 5.432e+02 337 1 3 5.651e+02 5.689e+02 36 1 3 4.372e+02 4.448e+02 70 1 2 6.300e+02 6.300e+02 -12 1 2 5.808e+02 5.952e+02 133 1 1 6.058e+02 6.122e+02 60 1 1 5.535e+02 5.805e+02 251 1 3 6.037e+02 6.143e+02 98 1 3 5.536e+02 5.804e+02 250 1 2 5.729e+02 6.031e+02 280 2 3 4.830e+02 4.830e+02 -9 2 1 2.310e+02 2.310e+02 -4 2 4 4.200e+02 4.200e+02 -0 2 4 5.026e+02 5.054e+02 26 2 4 3.780e+02 3.780e+02 -2 2 3 5.250e+02 5.250e+02 -9 2 2 4.090e+01 4.310e+01 20 2 3 4.405e+02 4.415e+02 10 2 4 2.517e+02 2.523e+02 6 2 3 3.964e+02 4.016e+02 48 2 3 3.111e+02 3.189e+02 73 2 2 3.311e+02 3.409e+02 91 2 1 9.080e+00 3.292e+01 221 2 3 1.800e+02 1.980e+02 166 2 3 2.729e+02 2.731e+02 2 2 4 3.232e+02 3.488e+02 237 2 3 1.106e+01 3.094e+01 185 2 3 1.731e+02 2.049e+02 296 2 3 2.220e+02 2.400e+02 166 2 1 2.620e+02 2.840e+02 205 2 4 3.232e+01 5.168e+01 180 2 4 1.932e+02 2.268e+02 311 2 4 2.772e+02 3.108e+02 312 2 1 3.000e+02 3.300e+02 279
21345 7 0 1 3.116e+02 3.184e+02 63 0 4 3.332e+02 3.388e+02 52 0 3 3.989e+02 3.991e+02 1 0 1 3.918e+02 4.062e+02 133 0 2 3.630e+02 3.930e+02 279 0 2 3.199e+02 3.521e+02 299 1 3 4.760e+02 4.900e+02 130
21346 45 0 2 5.451e+02 5.469e+02 16 0 3 8.774e+01 1.223e+02 320 0 2 6.246e+02 6.354e+02 100 0 2 2.373e+02 2.667e+02 273 0 2 6.689e+02 6.751e+02 58 0 4 2.804e+02 3.076e+02 253 0 4 4.160e+02 4.240e+02 74 0 1 3.368e+02 3.772e+02 375 0 2 4.545e+02 4.695e+02 139 0 1 5.149e+02 5.351e+02 188 0 1 5.970e+02 6.210e+02 223 0 1 4.321e+02 4.499e+02 165 0 3 5.117e+02 5.383e+02 247 0 3 3.878e+02 4.102e+02 207 0 3 4.255e+02 4.565e+02 287 1 1 6.081e+02 6.099e+02 17 1 3 6.090e+02 6.090e+02 -8 1 4 6.278e+02 6.322e+02 41 2 4 2.057e+02 2.143e+02 80 2 2 5.391e+02 5.529e+02 128 2 3 2.727e+02 2.733e+02 6 2 4 5.334e+02 5.586e+02 235 2 3 3.529e+02 3.611e+02 76 2 3 1.788e+01 2.412e+01 58 2 3 5.081e+02 5.419e+02 315 2 4 1.204e+02 1.316e+02 104 2 3 1.386e+02 1.554e+02 156 2 4 1.991e+02 2.209e+02 202 2 2 2.940e+02 2.940e+02 0 2 2 3.773e+02 3.787e+02 12 2 2 3.722e+01 4.678e+01 89 2 2 2.391e+02 2.649e+02 239 2 1 2.640e+02 2.820e+02 168 2 4 3.684e+02 3.876e+02 178 2 3 5.606e+01 6.994e+01 129 2 2 1.086e+02 1.434e+02 324 2 3 3.021e+02 3.279e+02 240 2 4 3.305e+02 3.415e+02 101 2 1 -2.490e-01 4.225e+01 395 2 3 2.594e+02 2.866e+02 252 2 3 3.424e+02 3.716e+02 271 2 4 3.600e+02 3.960e+02 335 2 2 3.233e+02 3.487e+02 236 2 4 3.178e+02 3.542e+02 339 2 2 3.594e+02 3.966e+02 346
21349 0
21351 19 2 3 3.136e+02 3.164e+02 26 2 4 2.905e+02 2.975e+02 65 2 4 4.976e+02 5.104e+02 118 2 1 1.359e+02 1.581e+02 206 2 1 5.133e+02 5.367e+02 217 2 2 2.824e+02 3.056e+02 215 2 3 5.121e+02 5.379e+02 240 2 3 2.540e+02 2.920e+02 352 2 4 2.750e+02 3.130e+02 353 3 4 3.769e+02 3.791e+02 20 3 2 4.613e+02 4.627e+02 14 3 4 3.318e+02 3.402e+02 79 3 2 5.803e+02 5.957e+02 143 3 3 3.981e+02 3.999e+02 16 3 3 4.389e+02 4.431e+02 40 3 2 3.740e+02 3.820e+02 75 3 4 4.089e+02 4.311e+02 206 3 1 3.897e+02 4.083e+02 173 3 3 4.218e+02 4.602e+02 356
21353 5 0 3 4.696e+02 4.964e+02 250 0 3 4.569e+02 5.091e+02 486 2 4 7.509e+01 9.291e+01 166 3 2 4.590e+02 4.650e+02 56 3 2 4.479e+02 4.761e+02 261
21354 4 0 1 6.333e+02 6.687e+02 330 0 3 5.855e+02 6.325e+02 437 0 3 6.248e+02 6.772e+02 487 2 4 1.219e+02 1.301e+02 76
21356 0
21360 11 2 3 1.470e+02 1.470e+02 -3 2 1 6.068e+01 6.532e+01 43 2 3 2.262e+02 2.358e+02 90 2 3 6.073e+01 6.527e+01 42 2 3 4.709e+02 4.951e+02 224 2 4 1.140e+02 1.380e+02 223 2 1 1.353e+02 1.587e+02 217 2 4 3.838e+01 4.562e+01 67 2 2 1.545e+02 1.815e+02 250 2 2 2.501e+01 5.899e+01 316 3 1 1.613e+01 2.587e+01 90
21361 15 0 3 6.055e+02 6.125e+02 66 0 2 6.719e+02 6.721e+02 1 0 4 5.858e+02 5.902e+02 41 0 4 6.694e+02 6.746e+02 48 0 4 4.504e+02 4.736e+02 215 0 1 5.969e+02 6.211e+02 224 0 3 6.485e+02 6.535e+02 47 0 3 5.497e+02 5.843e+02 320 0 3 5.937e+02 6.243e+02 285 0 1 6.324e+02 6.696e+02 346 0 3 6.329e+02 6.691e+02 336 2 3 6.243e+01 6.357e+01 10 2 1 5.611e+01 6.989e+01 128 2 4 2.981e+01 5.419e+01 226 2 2 6.809e+01 9.991e+01 296
21362 5 0 1 6.459e+02 6.561e+02 96 0 2 4.958e+02 5.122e+02 152 0 4 6.641e+02 6.799e+02 146 1 3 6.046e+02 6.134e+02 81 1 4 6.219e+02 6.381e+02 151
21364 38 0 1 4.410e+02 4.410e+02 -10 0 3 6.510e+02 6.510e+02 -6 0 4 4.521e+02 4.719e+02 185 0 2 6.156e+02 6.444e+02 267 0 4 6.666e+02 6.774e+02 100 0 4 6.124e+02 6.476e+02 327 0 1 6.455e+02 6.565e+02 103 0 4 5.730e+02 6.030e+02 279 0 2 6.574e+02 6.866e+02 271 1 4 5.866e+02 5.894e+02 26 1 2 6.284e+02 6.316e+02 29 1 1 5.666e+02 5.674e+02 7 1 4 6.262e+02 6.338e+02 70 1 3 6.029e+02 6.151e+02 113 2 4 3.347e+02 3.373e+02 25 2 4 4.611e+02 4.629e+02 16 2 1 1.869e+02 1.911e+02 40 2 4 6.682e+02 6.758e+02 71 2 3 3.127e+02 3.173e+02 43 2 3 3.935e+02 4.045e+02 101 2 3 1.887e+02 1.893e+02 6 2 3 4.813e+02 4.847e+02 32 2 2 2.049e+02 2.151e+02 94 2 2 5.811e+02 5.949e+02 128 2 1 1.155e+01 3.045e+01 176 2 3 3.843e+02 4.137e+02 272 2 4 1.568e+02 1.792e+02 208 2 3 5.557e+02 5.783e+02 210 2 4 2.062e+02 2.138e+02 71 2 4 5.815e+02 5.945e+02 121 2 3 2.962e+02 3.338e+02 349 2 4 4.038e+02 4.362e+02 301 2 3 3.389e+02 3.751e+02 336 2 4 5.259e+02 5.661e+02 374 2 2 1.936e+02 2.264e+02 304 2 4 5.695e+02 6.065e+02 343 2 2 6.522e+02 6.918e+02 368 2 3 5.483e+02 5.857e+02 348
