17200 15 0 1 5.670e+02 5.670e+02 -8 0 3 5.658e+02 5.682e+02 22 0 4 5.832e+02 5.928e+02 89 0 3 5.216e+02 5.284e+02 64 0 3 5.947e+02 6.233e+02 266 0 1 5.599e+02 5.741e+02 131 0 3 5.133e+02 5.367e+02 218 0 2 5.329e+02 5.591e+02 244 0 1 5.529e+02 5.811e+02 261 0 2 5.278e+02 5.642e+02 339 1 4 6.300e+02 6.300e+02 -4 1 1 6.064e+02 6.116e+02 48 1 3 6.043e+02 6.137e+02 88 1 2 6.232e+02 6.368e+02 126 1 1 5.943e+02 6.237e+02 272
17201 16 0 1 6.063e+02 6.117e+02 50 0 4 6.720e+02 6.720e+02 -24 1 2 5.880e+02 5.880e+02 -15 1 2 6.281e+02 6.319e+02 36 1 1 5.988e+02 6.192e+02 189 1 1 5.917e+02 6.263e+02 322 1 2 6.120e+02 6.480e+02 334 2 4 3.329e+02 3.391e+02 58 2 3 3.547e+02 3.593e+02 42 2 4 4.180e+02 4.220e+02 37 2 1 1.415e+01 2.785e+01 127 2 3 1.382e+02 1.558e+02 164 2 1 3.435e+02 3.705e+02 250 2 4 1.147e+02 1.373e+02 210 2 2 3.672e+02 3.888e+02 200 2 2 3.239e+02 3.481e+02 225
17202 0
17206 10 0 3 4.345e+02 4.475e+02 121 0 3 2.681e+02 2.779e+02 90 0 1 4.284e+02 4.536e+02 234 0 4 4.043e+02 4.357e+02 291 1 4 6.975e+01 9.825e+01 265 1 3 2.175e+02 2.445e+02 250 2 3 1.375e+01 2.825e+01 135 2 4 2.860e+01 5.540e+01 249 3 1 1.981e+01 2.219e+01 22 3 2 2.959e+01 5.441e+01 230
17207 32 0 2 6.297e+02 6.303e+02 6 0 3 3.990e+02 3.990e+02 -20 0 4 4.620e+02 4.620e+02 -3 0 1 5.624e+02 5.716e+02 86 0 2 3.648e+02 3.912e+02 246 0 3 6.509e+02 6.511e+02 1 0 1 4.391e+02 4.429e+02 35 0 2 4.524e+02 4.716e+02 178 0 2 6.716e+02 6.724e+02 8 0 1 3.916e+02 4.064e+02 138 0 3 5.545e+02 5.795e+02 232 0 4 6.706e+02 6.734e+02 26 0 4 4.048e+02 4.352e+02 282 0 4 6.554e+02 6.886e+02 308 1 2 5.880e+02 5.880e+02 -7 1 1 6.089e+02 6.091e+02 2 1 3 5.602e+02 5.738e+02 126 1 2 6.268e+02 6.332e+02 59 1 1 4.669e+02 4.991e+02 299 1 1 5.587e+02 5.753e+02 154 1 4 6.298e+02 6.302e+02 4 1 1 6.008e+02 6.172e+02 153 1 3 6.022e+02 6.158e+02 127 1 2 6.185e+02 6.415e+02 213 1 4 6.127e+02 6.473e+02 321 2 4 4.600e+02 4.640e+02 37 2 3 1.018e+02 1.082e+02 59 2 2 1.664e+02 1.696e+02 30 2 4 1.658e+02 1.702e+02 40 2 4 1.161e+02 1.359e+02 183 2 3 1.793e+02 1.987e+02 180 2 3 4.458e+01 8.142e+01 342
17208 35 0 4 6.720e+02 6.720e+02 -3 0 2 6.709e+02 6.731e+02 21 0 4 4.134e+02 4.266e+02 122 0 4 2.380e+02 2.660e+02 260 0 2 6.556e+02 6.884e+02 305 0 4 6.544e+02 6.896e+02 326 1 2 6.297e+02 6.303e+02 5 1 4 6.232e+02 6.368e+02 126 1 1 5.943e+02 6.237e+02 274 2 3 3.143e+02 3.157e+02 12 2 1 2.100e+01 2.100e+01 -6 2 2 4.600e+02 4.640e+02 36 2 2 8.191e+01 8.609e+01 39 2 3 5.250e+02 5.250e+02 -3 2 3 1.457e+02 1.483e+02 24 2 4 2.446e+02 2.594e+02 138 2 3 2.701e+02 2.759e+02 53 2 4 4.534e+02 4.706e+02 160 2 2 3.279e+02 3.441e+02 150 2 2 4.487e+02 4.753e+02 247 2 4 8.326e+01 8.474e+01 14 2 3 4.220e+02 4.600e+02 352 2 1 2.620e+02 2.840e+02 204 2 3 4.657e+02 5.003e+02 321 2 3 4.691e+01 7.909e+01 299 2 4 1.183e+02 1.337e+02 143 2 2 2.333e+02 2.707e+02 347 2 3 2.594e+02 2.866e+02 253 2 3 9.340e+01 1.166e+02 216 2 4 2.769e+02 3.111e+02 318 2 3 2.964e+02 3.336e+02 346 3 4 2.486e+02 2.554e+02 63 3 1 2.084e+01 2.116e+01 3 3 4 3.596e+01 4.804e+01 112 3 4 2.343e+02 2.697e+02 328
17210 0
17211 7 0 4 6.633e+02 6.807e+02 162 0 1 6.431e+02 6.589e+02 146 0 3 6.398e+02 6.622e+02 208 0 2 6.608e+02 6.832e+02 207 2 2 3.714e+02 3.846e+02 122 2 3 3.480e+02 3.660e+02 167 2 4 3.199e+02 3.521e+02 300
17212 29 0 4 6.714e+02 6.726e+02 11 0 2 4.618e+02 4.622e+02 4 0 2 6.204e+02 6.396e+02 179 0 3 6.461e+02 6.559e+02 91 0 4 4.565e+02 4.675e+02 101 0 4 6.168e+02 6.432e+02 246 0 2 6.715e+02 6.725e+02 10 0 2 4.543e+02 4.697e+02 144 0 1 6.448e+02 6.572e+02 115 0 1 4.722e+02 4.938e+02 201 0 2 6.588e+02 6.852e+02 245 0 4 6.491e+02 6.949e+02 426 0 2 6.476e+02 6.964e+02 453 1 2 5.831e+02 5.929e+02 90 1 1 5.977e+02 6.203e+02 210 2 4 3.360e+02 3.360e+02 -23 2 3 2.310e+02 2.310e+02 -3 2 3 3.100e+02 3.200e+02 92 2 1 1.541e+01 2.659e+01 104 2 2 2.408e+02 2.632e+02 207 2 3 3.009e+02 3.291e+02 261 2 3 1.137e+01 3.063e+01 179 2 4 1.947e+02 2.253e+02 285 2 4 2.759e+02 3.121e+02 336 2 3 3.393e+02 3.747e+02 329 2 1 4.954e+00 3.705e+01 298 2 1 2.151e+02 2.469e+02 296 2 3 -3.752e+00 4.575e+01 460 2 4 1.541e+01 6.859e+01 494
17214 12 0 1 4.791e+02 4.869e+02 72 0 3 5.250e+02 5.250e+02 0 0 2 3.714e+02 3.846e+02 122 0 1 6.073e+02 6.107e+02 32 0 4 3.731e+02 3.829e+02 90 0 2 5.018e+02 5.062e+02 40 0 4 5.821e+02 5.939e+02 110 0 1 5.495e+02 5.845e+02 326 0 3 5.987e+02 6.193e+02 191 0 3 5.926e+02 6.254e+02 305 1 4 5.870e+02 5.890e+02 18 2 2 1.138e+02 1.382e+02 226
17215 0
17216 0
17217 10 0 2 6.680e+02 6.760e+02 75 0 4 6.616e+02 6.824e+02 193 0 2 1.903e+02 2.297e+02 366 0 4 1.893e+02 2.307e+02 384 3 3 4.410e+02 4.410e+02 -11 3 1 4.355e+02 4.465e+02 101 3 4 5.821e+02 5.939e+02 110 3 1 3.841e+02 4.139e+02 277 3 4 4.437e+02 4.803e+02 340 3 2 4.004e+02 4.396e+02 365
17218 0
17219 27 0 3 4.410e+02 4.410e+02 -2 0 1 6.077e+02 6.103e+02 25 0 1 3.961e+02 4.019e+02 53 0 3 5.657e+02 5.683e+02 24 0 2 6.279e+02 6.321e+02 39 0 1 6.343e+02 6.677e+02 310 0 3 3.927e+02 4.053e+02 117 0 4 6.225e+02 6.375e+02 139 0 3 6.376e+02 6.644e+02 250 0 4 4.101e+02 4.299e+02 184 0 4 5.807e+02 5.953e+02 135 0 3 5.965e+02 6.215e+02 232 0 2 6.183e+02 6.417e+02 218 1 4 5.880e+02 5.880e+02 -0 1 3 5.649e+02 5.691e+02 40 1 2 5.878e+02 5.882e+02 4 1 2 6.112e+02 6.488e+02 349 1 4 6.128e+02 6.472e+02 319 2 4 1.680e+02 1.680e+02 -1 2 1 1.877e+01 2.323e+01 41 2 3 1.429e+02 1.511e+02 76 2 3 7.108e+00 3.489e+01 258 2 4 5.788e+02 5.972e+02 171 2 3 1.333e+02 1.607e+02 254 3 2 8.334e+01 8.466e+01 12 3 1 1.021e+02 1.079e+02 55 3 2 3.991e+01 4.409e+01 39
17221 22 0 1 6.052e+02 6.128e+02 70 0 2 6.685e+02 6.755e+02 65 0 2 6.284e+02 6.316e+02 30 0 2 6.633e+02 6.807e+02 162 0 2 6.529e+02 6.911e+02 355 1 3 4.795e+02 4.865e+02 65 2 2 2.937e+02 2.943e+02 6 2 1 6.167e+01 6.433e+01 25 2 1 1.460e+02 1.480e+02 18 2 4 4.502e+02 4.738e+02 220 2 1 3.143e+02 3.157e+02 14 2 4 3.565e+01 4.835e+01 118 2 4 2.899e+02 2.981e+02 76 2 3 5.709e+01 6.891e+01 110 2 2 6.634e+01 1.017e+02 328 2 1 1.307e+02 1.633e+02 303 2 1 3.042e+02 3.258e+02 201 2 1 7.017e+00 3.498e+01 260 2 3 2.608e+02 2.852e+02 226 2 1 4.453e+01 8.147e+01 343 2 4 2.788e+02 3.092e+02 282 2 3 2.999e+02 3.301e+02 280
17224 62 0 1 6.507e+02 6.513e+02 6 0 1 5.658e+02 5.682e+02 21 0 2 2.494e+02 2.546e+02 48 0 1 6.072e+02 6.108e+02 33 0 4 3.757e+02 3.803e+02 42 0 3 6.503e+02 6.517e+02 14 0 1 9.846e+01 1.115e+02 121 0 4 4.166e+02 4.234e+02 64 0 4 2.483e+02 2.557e+02 69 0 3 5.650e+02 5.690e+02 36 0 4 3.231e+02 3.489e+02 240 0 3 6.066e+02 6.114e+02 45 0 3 9.411e+01 1.159e+02 202 0 2 6.706e+02 6.734e+02 26 0 4 1.998e+02 2.202e+02 189 0 3 3.903e+02 4.077e+02 162 0 3 2.625e+02 2.835e+02 196 0 2 4.937e+02 5.143e+02 192 0 2 1.148e+02 1.372e+02 209 0 3 5.113e+02 5.387e+02 254 0 1 2.150e+02 2.470e+02 298 0 2 6.273e+02 6.327e+02 50 0 4 6.693e+02 6.747e+02 50 0 1 3.891e+02 4.089e+02 183 0 4 4.917e+02 5.163e+02 229 0 2 5.275e+02 5.645e+02 344 0 4 5.821e+02 5.939e+02 110 0 3 3.814e+02 4.166e+02 326 0 1 5.067e+02 5.433e+02 340 0 2 6.167e+02 6.433e+02 246 0 4 6.223e+02 6.377e+02 143 0 4 6.135e+02 6.465e+02 306 1 1 5.638e+02 5.702e+02 60 1 1 3.983e+02 3.997e+02 14 1 1 6.084e+02 6.096e+02 10 1 1 5.194e+02 5.306e+02 105 1 3 5.666e+02 5.674e+02 8 1 3 6.081e+02 6.099e+02 17 1 2 5.864e+02 5.896e+02 29 1 4 6.292e+02 6.308e+02 15 1 4 5.853e+02 5.907e+02 50 1 2 6.237e+02 6.363e+02 117 1 2 5.433e+02 5.487e+02 50 1 4 5.265e+02 5.655e+02 361 2 1 1.922e+01 2.278e+01 33 2 2 4.608e+02 4.632e+02 22 2 3 1.439e+02 1.501e+02 58 2 1 5.202e+02 5.298e+02 90 2 3 1.963e+01 2.237e+01 26 2 4 4.575e+02 4.665e+02 84 2 2 1.168e+02 1.352e+02 171 2 3 4.272e+02 4.548e+02 257 2 4 1.955e+02 2.245e+02 269 2 3 4.757e+02 4.903e+02 136 2 2 3.246e+01 5.154e+01 177 2 1 4.676e+02 4.984e+02 286 2 4 1.157e+02 1.363e+02 191 2 2 4.466e+02 4.774e+02 286 2 3 1.748e+02 2.032e+02 263 3 4 5.434e+02 5.486e+02 49 3 4 4.505e+02 4.735e+02 214 3 3 4.725e+02 4.935e+02 196
17225 5 0 3 1.022e+02 1.078e+02 52 0 3 6.418e+02 6.602e+02 170 0 2 6.574e+02 6.866e+02 271 0 2 6.410e+01 1.039e+02 370 0 4 6.573e+02 6.867e+02 273
17226 20 0 3 1.050e+02 1.050e+02 -21 0 2 1.157e+02 1.363e+02 192 0 1 6.055e+02 6.125e+02 65 0 3 6.019e+02 6.161e+02 132 0 2 6.156e+02 6.444e+02 268 0 4 6.190e+02 6.410e+02 205 1 1 2.290e+02 2.330e+02 37 1 3 5.250e+02 5.250e+02 -17 1 4 3.724e+02 3.836e+02 105 1 2 5.878e+02 5.882e+02 4 1 4 2.022e+02 2.178e+02 145 1 2 4.981e+02 5.099e+02 109 1 2 2.513e+02 2.527e+02 14 1 4 5.862e+02 5.898e+02 34 1 3 2.221e+02 2.399e+02 165 1 1 4.689e+02 4.971e+02 261 1 4 5.394e+02 5.526e+02 123 1 3 5.910e+02 6.270e+02 334 1 4 5.712e+02 6.048e+02 311 1 1 5.516e+02 5.824e+02 286
17227 34 0 4 6.720e+02 6.720e+02 -24 0 3 5.211e+02 5.289e+02 72 0 4 5.825e+02 5.935e+02 101 0 2 6.720e+02 6.720e+02 -19 0 1 5.146e+02 5.354e+02 193 0 1 6.437e+02 6.583e+02 136 0 4 4.892e+02 5.188e+02 275 0 1 5.554e+02 5.786e+02 215 0 1 5.881e+02 6.299e+02 389 0 1 6.359e+02 6.661e+02 280 0 3 5.506e+02 5.834e+02 304 0 3 5.914e+02 6.266e+02 326 0 1 5.462e+02 5.878e+02 386 1 4 6.280e+02 6.320e+02 36 1 1 4.370e+02 4.450e+02 74 1 1 6.035e+02 6.145e+02 102 1 3 5.975e+02 6.205e+02 214 1 2 6.220e+02 6.380e+02 149 2 2 8.357e+01 8.443e+01 8 2 2 5.419e+02 5.501e+02 76 2 3 1.783e+01 2.417e+01 59 2 3 5.197e+02 5.303e+02 99 2 4 1.216e+02 1.304e+02 82 2 1 1.454e+02 1.486e+02 30 2 4 4.857e+02 5.223e+02 340 2 2 2.039e+02 2.161e+02 113 2 3 4.767e+01 7.833e+01 285 2 4 8.101e+01 8.699e+01 56 2 3 1.337e+02 1.603e+02 247 2 1 2.257e+02 2.363e+02 99 2 1 1.034e+01 3.166e+01 198 2 3 9.384e+01 1.162e+02 207 2 3 2.202e+02 2.418e+02 201 2 2 2.465e+01 5.935e+01 322
17228 4 0 4 6.602e+02 6.838e+02 219 0 2 6.559e+02 6.881e+02 300 0 1 6.350e+02 6.670e+02 296 0 3 6.312e+02 6.708e+02 368
17229 9 0 4 5.806e+02 5.954e+02 138 0 3 6.457e+02 6.563e+02 98 0 4 5.736e+02 6.024e+02 267 0 2 6.635e+02 6.805e+02 157 0 2 5.212e+02 5.708e+02 460 0 4 4.806e+02 5.274e+02 434 0 3 4.985e+02 5.515e+02 492 2 3 -3.887e+00 4.589e+01 462 2 2 1.608e+01 6.792e+01 481
17230 1 0 2 1.836e+02 2.364e+02 490
17231 0
17232 6 0 4 5.666e+02 6.094e+02 398 0 1 5.908e+02 6.272e+02 337 0 3 5.872e+02 6.308e+02 406 1 2 6.167e+02 6.433e+02 246 1 4 6.152e+02 6.448e+02 275 1 3 5.918e+02 6.262e+02 320
17233 0
17235 21 0 1 2.726e+02 2.734e+02 8 0 4 6.203e+02 6.397e+02 180 0 2 6.720e+02 6.720e+02 0 0 4 6.709e+02 6.731e+02 21 0 4 6.564e+02 6.876e+02 290 2 1 1.888e+02 1.892e+02 4 2 2 2.100e+02 2.100e+02 -4 2 4 4.176e+02 4.224e+02 45 2 1 1.828e+01 2.372e+01 50 2 1 4.307e+02 4.513e+02 192 2 3 1.857e+02 1.923e+02 61 2 4 2.078e+02 2.122e+02 40 2 3 4.262e+02 4.558e+02 275 2 3 1.994e+01 2.206e+01 20 2 2 4.061e+02 4.339e+02 258 2 3 2.307e+02 2.313e+02 6 2 2 3.681e+01 4.719e+01 96 2 1 2.187e+02 2.433e+02 229 2 3 9.036e+00 3.296e+01 222 2 2 2.406e+02 2.634e+02 212 2 1 8.992e+00 3.301e+01 223
17236 0
17237 5 2 3 6.095e+01 6.505e+01 38 2 2 6.567e+01 1.023e+02 340 2 2 3.654e+01 4.746e+01 101 2 3 4.965e+01 7.635e+01 248 2 4 2.757e+01 5.643e+01 268
