2160 26 0 4 4.486e+02 4.754e+02 249 0 3 3.723e+02 4.257e+02 496 1 3 3.934e+02 4.046e+02 105 2 3 1.441e+02 1.499e+02 55 2 4 5.380e+02 5.540e+02 149 2 1 5.603e+02 5.737e+02 124 2 1 1.411e+02 1.529e+02 110 2 3 2.891e+00 3.911e+01 336 2 3 5.574e+02 5.766e+02 178 2 4 1.562e+02 1.798e+02 220 2 2 5.334e+02 5.586e+02 235 2 2 1.071e+02 1.449e+02 351 3 4 3.778e+02 3.782e+02 3 3 2 4.195e+02 4.205e+02 10 3 1 4.825e+02 4.835e+02 10 3 1 3.526e+02 3.614e+02 81 3 1 5.224e+02 5.276e+02 48 3 4 4.146e+02 4.254e+02 100 3 3 3.902e+02 4.078e+02 164 3 1 5.082e+02 5.418e+02 311 3 1 4.397e+02 4.423e+02 25 3 4 3.164e+02 3.556e+02 364 3 2 3.684e+02 3.876e+02 179 3 4 3.616e+02 3.944e+02 305 3 1 3.844e+02 4.136e+02 270 3 3 3.420e+02 3.720e+02 279
2162 0
2163 1 2 2 5.447e+02 5.473e+02 24
2164 54 0 2 6.295e+02 6.305e+02 10 0 1 6.506e+02 6.514e+02 7 0 3 2.284e+02 2.336e+02 49 0 1 4.410e+02 4.410e+02 -0 0 1 2.222e+02 2.398e+02 163 0 1 4.814e+02 4.846e+02 29 0 1 5.226e+02 5.274e+02 44 0 2 3.161e+02 3.559e+02 370 0 4 6.297e+02 6.303e+02 5 0 3 6.510e+02 6.510e+02 -3 0 3 4.315e+02 4.505e+02 177 0 3 4.823e+02 4.837e+02 12 0 3 5.137e+02 5.363e+02 210 0 4 5.880e+02 5.880e+02 0 0 2 6.710e+02 6.730e+02 18 0 2 4.986e+02 5.094e+02 100 0 2 5.399e+02 5.521e+02 114 0 1 6.064e+02 6.116e+02 49 0 4 6.706e+02 6.734e+02 26 0 4 5.016e+02 5.064e+02 44 0 1 5.560e+02 5.780e+02 204 0 3 6.038e+02 6.142e+02 97 0 2 4.583e+02 4.657e+02 69 0 3 5.532e+02 5.808e+02 257 0 4 5.730e+02 6.030e+02 279 0 4 4.554e+02 4.686e+02 123 0 4 4.860e+02 5.220e+02 334 0 2 4.469e+02 4.771e+02 280 0 4 4.482e+02 4.758e+02 256 1 4 5.879e+02 5.881e+02 2 1 1 4.408e+02 4.412e+02 4 1 1 6.072e+02 6.108e+02 33 1 3 4.356e+02 4.464e+02 100 1 2 5.816e+02 5.944e+02 118 1 3 6.082e+02 6.098e+02 15 1 2 4.570e+02 4.670e+02 92 1 4 5.812e+02 5.948e+02 127 1 4 4.476e+02 4.764e+02 267 1 2 6.300e+02 6.300e+02 -7 1 2 5.724e+02 6.036e+02 289 1 1 4.219e+02 4.601e+02 355 1 4 6.299e+02 6.301e+02 2 1 1 5.470e+02 5.870e+02 371 2 2 2.098e+02 2.102e+02 4 2 4 3.296e+02 3.424e+02 120 2 3 5.876e+01 6.724e+01 79 2 2 8.070e+01 8.730e+01 61 2 3 1.839e+02 1.941e+02 96 2 1 2.281e+02 2.339e+02 54 2 3 3.504e+02 3.636e+02 123 2 3 1.882e+01 2.318e+01 40 2 4 2.156e+01 6.244e+01 380 2 4 1.916e+02 2.284e+02 342 2 1 3.833e+00 3.817e+01 319
2165 0
2166 12 0 2 6.677e+02 6.763e+02 80 0 4 6.576e+02 6.864e+02 267 2 3 3.144e+02 3.156e+02 11 2 4 3.316e+02 3.404e+02 81 2 1 1.886e+01 2.314e+01 40 2 2 3.292e+02 3.428e+02 126 2 2 3.995e+01 4.405e+01 38 2 1 2.988e+02 3.312e+02 301 2 4 3.200e+02 3.520e+02 298 2 4 3.331e+01 5.069e+01 161 2 3 3.379e+02 3.761e+02 355 2 3 6.660e+00 3.534e+01 266
2167 1 1 2 6.172e+02 6.428e+02 237
2168 3 2 3 2.262e+02 2.358e+02 89 2 3 2.194e+02 2.426e+02 216 2 4 2.333e+02 2.707e+02 347
2169 7 0 1 3.073e+02 3.227e+02 142 0 2 6.605e+02 6.835e+02 214 0 4 6.580e+02 6.860e+02 260 1 1 5.195e+02 5.305e+02 101 1 3 5.193e+02 5.307e+02 106 1 2 4.922e+02 5.158e+02 219 1 4 4.891e+02 5.189e+02 276
2170 11 0 3 6.510e+02 6.510e+02 -6 0 4 6.188e+02 6.412e+02 207 0 3 6.389e+02 6.631e+02 225 2 3 3.120e+02 3.180e+02 56 2 1 6.300e+01 6.300e+01 -15 2 4 2.876e+02 3.004e+02 120 2 2 3.210e+02 3.510e+02 278 2 3 5.804e+01 6.796e+01 92 2 1 3.026e+02 3.274e+02 230 2 4 3.156e+01 5.244e+01 194 2 2 2.640e+01 5.760e+01 290
2171 13 0 1 6.510e+02 6.510e+02 -2 0 4 5.865e+02 5.895e+02 27 0 1 5.553e+02 5.787e+02 218 0 3 5.982e+02 6.198e+02 200 0 3 6.478e+02 6.542e+02 60 0 1 5.905e+02 6.275e+02 344 0 4 6.638e+02 6.802e+02 152 0 3 5.502e+02 5.838e+02 311 0 2 6.556e+02 6.884e+02 305 0 4 6.578e+02 6.862e+02 264 2 2 1.158e+02 1.362e+02 189 2 4 1.186e+02 1.334e+02 138 2 3 9.331e+01 1.167e+02 217
2174 4 2 4 2.933e+02 2.947e+02 13 2 4 1.243e+02 1.277e+02 31 2 3 3.050e+02 3.250e+02 186 2 3 1.332e+02 1.608e+02 257
2176 3 0 2 6.557e+02 6.883e+02 303 0 4 6.546e+02 6.894e+02 323 2 2 8.092e+01 8.708e+01 57
2177 0
2178 29 0 1 6.507e+02 6.513e+02 6 0 2 1.257e+02 1.263e+02 6 0 4 5.875e+02 5.885e+02 9 0 3 2.217e+02 2.403e+02 173 0 2 6.640e+02 6.800e+02 148 0 2 3.738e+02 3.822e+02 78 0 1 6.054e+02 6.126e+02 67 0 1 9.007e+01 1.199e+02 277 0 4 6.704e+02 6.736e+02 29 0 2 2.419e+02 2.621e+02 187 0 3 5.471e+02 5.869e+02 370 0 3 8.671e+01 1.233e+02 340 0 3 6.040e+02 6.140e+02 93 0 1 1.303e+02 1.637e+02 310 0 1 6.386e+02 6.634e+02 230 0 4 2.412e+02 2.628e+02 201 0 1 2.219e+02 2.401e+02 169 1 3 1.878e+02 1.902e+02 22 1 1 1.875e+02 1.905e+02 28 1 2 1.920e+02 2.280e+02 335 1 2 5.757e+02 6.003e+02 228 1 4 1.914e+02 2.286e+02 346 2 2 3.829e+01 4.571e+01 69 2 4 1.260e+02 1.260e+02 -3 2 2 2.999e+01 5.401e+01 223 2 3 1.028e+02 1.072e+02 40 2 4 3.264e+01 5.136e+01 174 2 1 6.973e+00 3.503e+01 260 2 3 6.478e+00 3.552e+01 270
2179 1 2 3 5.547e+02 5.793e+02 228
2180 16 0 2 6.285e+02 6.315e+02 28 0 4 2.915e+02 2.965e+02 47 0 1 5.590e+02 5.750e+02 149 0 4 5.841e+02 5.919e+02 73 0 1 6.502e+02 6.518e+02 16 0 4 6.121e+02 6.479e+02 332 0 3 6.484e+02 6.536e+02 49 0 4 6.632e+02 6.808e+02 163 0 3 6.424e+02 6.596e+02 160 0 2 6.607e+02 6.833e+02 210 1 4 6.225e+02 6.375e+02 140 1 4 5.833e+02 5.927e+02 87 2 1 2.048e+01 2.152e+01 10 2 4 3.309e+02 3.411e+02 95 2 2 2.371e+01 6.029e+01 340 3 3 2.100e+01 2.100e+01 -1
2181 6 0 3 4.815e+02 4.845e+02 27 0 4 4.891e+02 5.189e+02 276 1 4 5.727e+02 6.033e+02 284 2 3 4.793e+02 4.867e+02 68 2 1 5.507e+01 7.093e+01 147 2 3 5.221e+02 5.279e+02 55
2182 0
2183 0
2184 0
2186 15 0 2 2.931e+02 2.949e+02 17 0 1 2.548e+02 2.912e+02 339 0 3 6.464e+02 6.556e+02 85 0 3 2.534e+02 2.926e+02 364 0 1 6.371e+02 6.649e+02 258 1 3 5.609e+02 5.731e+02 114 1 1 6.087e+02 6.093e+02 6 1 2 5.867e+02 5.893e+02 24 1 3 6.088e+02 6.092e+02 3 1 4 5.854e+02 5.906e+02 48 1 2 6.247e+02 6.353e+02 98 1 1 5.059e+02 5.441e+02 356 1 4 6.202e+02 6.398e+02 181 1 3 5.933e+02 6.247e+02 292 3 1 1.204e+01 2.996e+01 166
2187 2 2 4 2.357e+02 2.683e+02 302 2 2 2.346e+02 2.694e+02 323
2188 4 0 4 5.862e+02 5.898e+02 33 2 2 7.478e+01 9.322e+01 171 2 4 7.339e+01 9.461e+01 197 2 3 9.609e+01 1.139e+02 166
2189 0
2190 57 0 3 4.792e+02 4.868e+02 70 0 1 5.636e+02 5.704e+02 64 0 1 1.001e+02 1.099e+02 90 0 3 6.069e+02 6.111e+02 39 0 3 4.359e+02 4.461e+02 96 0 4 5.015e+02 5.065e+02 46 0 1 5.240e+02 5.260e+02 18 0 2 6.286e+02 6.314e+02 26 0 2 6.674e+02 6.766e+02 86 0 1 4.748e+02 4.912e+02 153 0 3 5.535e+02 5.805e+02 251 0 4 6.242e+02 6.358e+02 108 0 4 6.665e+02 6.775e+02 102 0 4 4.008e+02 4.392e+02 357 0 2 4.956e+02 5.124e+02 156 0 3 5.155e+02 5.345e+02 177 0 4 5.844e+02 5.916e+02 67 0 1 6.358e+02 6.662e+02 282 0 2 5.288e+02 5.632e+02 319 0 1 6.015e+02 6.165e+02 140 0 2 6.583e+02 6.857e+02 255 0 4 6.073e+02 6.527e+02 422 0 4 6.588e+02 6.852e+02 245 0 3 6.254e+02 6.766e+02 476 1 4 6.289e+02 6.311e+02 21 1 3 6.070e+02 6.110e+02 36 1 2 5.783e+02 5.977e+02 180 1 2 6.258e+02 6.342e+02 77 1 1 5.929e+02 6.251e+02 299 2 3 4.827e+02 4.833e+02 6 2 4 3.749e+02 3.811e+02 57 2 4 5.024e+02 5.056e+02 30 2 3 6.087e+01 6.513e+01 40 2 4 4.177e+02 4.223e+02 43 2 3 1.441e+02 1.499e+02 53 2 2 4.986e+02 5.094e+02 100 2 4 2.089e+02 2.111e+02 20 2 4 4.488e+02 4.752e+02 245 2 2 2.876e+02 3.004e+02 120 2 2 3.274e+02 3.446e+02 160 2 3 1.891e+01 2.309e+01 39 2 2 7.190e+01 9.610e+01 225 2 4 1.647e+02 1.713e+02 60 2 3 2.294e+02 2.326e+02 30 2 4 2.915e+02 2.965e+02 46 2 4 3.610e+02 3.950e+02 316 2 1 7.915e+00 3.408e+01 243 2 4 6.593e+01 1.021e+02 336 2 2 1.565e+02 1.795e+02 213 2 1 3.122e+02 3.178e+02 52 2 2 3.314e+01 5.086e+01 165 2 3 3.076e+02 3.224e+02 138 2 4 2.578e+01 5.822e+01 301 2 3 2.649e+02 2.811e+02 151 2 1 4.704e+01 7.896e+01 296 2 1 2.545e+02 2.915e+02 344 3 1 2.585e+02 2.875e+02 270
2191 20 0 4 5.880e+02 5.880e+02 -0 0 3 6.024e+02 6.156e+02 123 0 1 5.960e+02 6.220e+02 242 1 3 5.140e+02 5.360e+02 205 1 2 5.370e+02 5.550e+02 168 2 2 2.520e+02 2.520e+02 -8 2 2 8.317e+01 8.483e+01 16 2 3 1.470e+02 1.470e+02 -11 2 2 5.385e+02 5.535e+02 139 2 1 2.683e+02 2.777e+02 87 2 4 3.951e+01 4.449e+01 46 2 1 5.109e+02 5.391e+02 261 2 2 1.234e+02 1.286e+02 48 2 1 1.416e+02 1.524e+02 100 2 3 9.546e+01 1.145e+02 177 2 2 1.524e+02 1.836e+02 290 2 4 1.133e+02 1.387e+02 236 3 1 2.100e+01 2.100e+01 -0 3 2 2.981e+01 5.419e+01 226 3 4 1.948e+02 2.252e+02 282
2192 1 3 1 6.217e+01 6.383e+01 16
2193 5 0 2 6.275e+02 6.325e+02 46 0 4 4.595e+02 4.645e+02 46 0 4 4.533e+02 4.707e+02 162 1 4 3.583e+01 4.817e+01 115 3 1 4.295e+02 4.525e+02 213
2194 0
2195 14 0 4 2.495e+02 2.545e+02 46 0 3 2.273e+02 2.347e+02 68 0 3 6.481e+02 6.539e+02 54 0 4 6.096e+02 6.504e+02 378 0 2 6.612e+02 6.828e+02 201 0 3 5.489e+02 5.851e+02 336 0 4 6.592e+02 6.848e+02 238 0 1 5.464e+02 5.876e+02 382 0 1 6.333e+02 6.687e+02 328 2 3 1.371e+02 1.569e+02 185 2 1 -4.422e+00 4.642e+01 472 2 4 1.029e+02 1.491e+02 430 2 1 1.246e+02 1.694e+02 416 2 2 1.441e+02 1.919e+02 443
2196 18 0 2 6.291e+02 6.309e+02 16 0 1 5.564e+02 5.776e+02 197 0 3 6.044e+02 6.136e+02 85 0 4 6.201e+02 6.399e+02 184 0 1 6.337e+02 6.683e+02 321 0 1 5.928e+02 6.252e+02 300 0 3 6.344e+02 6.676e+02 309 0 4 6.110e+02 6.490e+02 353 0 2 6.536e+02 6.904e+02 342 0 4 6.493e+02 6.947e+02 421 1 3 6.044e+02 6.136e+02 86 1 4 5.751e+02 6.009e+02 240 1 4 6.230e+02 6.370e+02 130 2 3 1.931e+01 2.269e+01 31 2 2 3.843e+01 4.557e+01 66 2 1 1.510e+01 2.690e+01 110 2 3 8.185e+00 3.382e+01 238 2 4 3.120e+01 5.280e+01 200
2197 15 0 1 5.248e+02 5.252e+02 3 0 3 5.122e+02 5.378e+02 237 1 2 5.875e+02 5.885e+02 10 1 1 5.670e+02 5.670e+02 -9 1 2 6.111e+02 6.489e+02 351 1 4 6.123e+02 6.477e+02 328 2 3 2.717e+02 2.743e+02 25 2 3 5.431e+01 7.169e+01 161 2 2 7.899e+01 8.901e+01 93 2 4 2.419e+02 2.621e+02 187 2 4 8.029e+01 8.771e+01 69 2 2 3.165e+02 3.555e+02 361 2 1 4.417e+01 8.183e+01 350 2 4 6.764e+01 1.004e+02 304 2 3 8.761e+01 1.224e+02 323
2198 2 2 4 7.222e+01 9.578e+01 219 2 2 1.125e+02 1.395e+02 251
2199 3 2 3 1.981e+01 2.219e+01 22 2 2 1.670e+02 1.690e+02 18 2 3 2.298e+02 2.322e+02 22
2200 5 0 2 5.289e+02 5.631e+02 318 0 1 5.493e+02 5.847e+02 329 0 4 5.680e+02 6.080e+02 371 0 2 1.031e+02 1.489e+02 426 0 1 5.849e+02 6.331e+02 448
2201 4 0 1 6.471e+02 6.549e+02 73 0 3 6.415e+02 6.605e+02 176 0 4 6.612e+02 6.828e+02 200 0 2 6.573e+02 6.867e+02 273
2202 5 2 3 5.666e+02 5.674e+02 8 2 2 7.397e+01 9.403e+01 186 2 4 5.365e+02 5.555e+02 177 2 2 5.786e+02 5.974e+02 174 2 1 5.476e+02 5.864e+02 360
2203 10 0 4 2.091e+02 2.109e+02 16 0 3 1.796e+02 1.984e+02 174 0 2 1.942e+02 2.258e+02 293 2 3 1.861e+02 1.919e+02 54 2 2 1.663e+02 1.697e+02 31 2 4 1.647e+02 1.713e+02 60 2 4 1.565e+02 1.795e+02 213 2 1 1.770e+02 2.010e+02 222 2 3 1.695e+02 2.085e+02 361 2 3 1.290e+02 1.650e+02 335
