16165 46 0 3 4.381e+02 4.439e+02 53 0 4 3.239e+02 3.481e+02 225 0 1 3.919e+02 4.061e+02 131 0 3 3.866e+02 4.114e+02 230 0 1 3.408e+02 3.732e+02 300 1 3 5.652e+02 5.688e+02 33 1 1 6.090e+02 6.090e+02 -22 1 2 6.300e+02 6.300e+02 -7 1 2 5.300e+02 5.620e+02 298 1 4 6.297e+02 6.303e+02 5 1 2 6.214e+02 6.386e+02 159 1 1 5.952e+02 6.228e+02 256 2 4 6.300e+02 6.300e+02 -5 2 2 3.360e+02 3.360e+02 -13 2 1 6.510e+02 6.510e+02 -13 2 3 3.981e+02 3.999e+02 17 2 2 8.400e+01 8.400e+01 -20 2 3 4.830e+02 4.830e+02 -12 2 3 1.890e+02 1.890e+02 -10 2 4 5.880e+02 5.880e+02 -10 2 3 2.729e+02 2.731e+02 1 2 2 3.723e+02 3.837e+02 106 2 4 4.568e+02 4.672e+02 96 2 2 4.200e+01 4.200e+01 -17 2 3 5.605e+02 5.735e+02 120 2 3 1.002e+02 1.098e+02 89 2 3 6.408e+02 6.612e+02 190 2 4 2.424e+02 2.616e+02 179 2 4 4.074e+02 4.326e+02 234 2 1 3.135e+02 3.165e+02 28 2 2 4.940e+02 5.140e+02 186 2 2 3.213e+02 3.507e+02 273 2 4 5.385e+02 5.535e+02 139 2 3 4.920e+01 7.680e+01 256 2 2 5.717e+02 6.043e+02 302 2 4 1.257e+02 1.263e+02 5 2 3 6.328e+02 6.692e+02 338 2 3 3.091e+02 3.209e+02 109 2 2 4.066e+02 4.334e+02 250 2 4 3.198e+02 3.522e+02 301 2 4 5.307e+02 5.613e+02 284 2 4 7.953e+01 8.847e+01 83 2 2 6.143e+02 6.457e+02 291 2 2 2.897e+02 2.983e+02 80 2 2 7.006e+01 9.794e+01 259 2 4 2.757e+02 3.123e+02 340
16166 0
16167 14 0 3 5.934e+02 6.246e+02 290 0 1 3.449e+02 3.691e+02 224 0 1 5.938e+02 6.242e+02 282 0 4 2.285e+02 2.755e+02 436 0 2 6.570e+02 6.870e+02 278 0 4 3.614e+02 3.946e+02 309 0 2 4.359e+02 4.881e+02 485 0 2 6.056e+02 6.544e+02 453 0 1 6.302e+02 6.718e+02 387 0 1 4.149e+02 4.671e+02 484 0 4 4.403e+02 4.837e+02 403 0 4 6.092e+02 6.508e+02 386 2 1 4.588e+01 8.012e+01 318 2 3 4.098e+01 8.502e+01 409
16168 7 0 2 6.228e+02 6.372e+02 134 0 4 6.197e+02 6.403e+02 190 0 3 6.416e+02 6.604e+02 174 0 4 6.536e+02 6.904e+02 342 0 2 6.542e+02 6.898e+02 331 1 4 6.135e+02 6.465e+02 307 2 1 1.657e+01 2.543e+01 82
16169 9 1 1 4.770e+02 4.890e+02 112 1 3 4.825e+02 4.835e+02 9 1 2 5.024e+02 5.056e+02 30 1 3 5.127e+02 5.373e+02 229 1 4 4.887e+02 5.193e+02 284 2 4 2.818e+02 3.062e+02 227 2 3 1.766e+02 2.014e+02 230 2 1 3.002e+02 3.298e+02 276 2 3 2.906e+02 3.394e+02 453
16170 25 0 4 5.867e+02 5.893e+02 25 0 4 6.699e+02 6.741e+02 40 0 3 6.006e+02 6.174e+02 156 0 2 6.670e+02 6.770e+02 93 1 4 6.271e+02 6.329e+02 53 1 3 5.938e+02 6.242e+02 281 1 4 6.148e+02 6.452e+02 282 2 1 2.693e+02 2.767e+02 68 2 4 1.252e+02 1.268e+02 15 2 3 5.637e+02 5.703e+02 61 2 1 1.437e+02 1.503e+02 62 2 1 4.410e+02 4.410e+02 -21 2 3 2.730e+02 2.730e+02 -2 2 3 4.703e+02 4.957e+02 236 2 3 1.470e+02 1.470e+02 -14 2 4 5.819e+02 5.941e+02 114 2 2 2.812e+02 3.068e+02 238 2 2 4.186e+02 4.214e+02 26 2 4 1.638e+02 1.722e+02 78 2 3 5.515e+02 5.825e+02 288 2 1 1.346e+02 1.594e+02 230 2 2 2.443e+02 2.597e+02 143 2 2 1.593e+02 1.767e+02 162 3 3 2.100e+01 2.100e+01 -14 3 1 8.901e+00 3.310e+01 225
16171 17 0 2 2.796e+02 3.084e+02 267 0 4 6.300e+02 6.300e+02 -8 0 2 6.720e+02 6.720e+02 -24 0 2 4.915e+02 5.165e+02 231 0 4 5.810e+02 5.950e+02 130 0 4 4.962e+02 5.118e+02 145 0 3 6.451e+02 6.569e+02 109 1 2 6.219e+02 6.381e+02 150 1 4 6.157e+02 6.443e+02 265 2 1 3.130e+02 3.170e+02 36 2 4 3.755e+02 3.805e+02 47 2 2 4.604e+02 4.636e+02 30 2 4 3.298e+02 3.422e+02 115 2 4 4.172e+02 4.228e+02 52 2 1 4.782e+02 4.878e+02 90 2 1 4.353e+02 4.467e+02 106 2 4 4.496e+02 4.744e+02 230
16172 11 0 3 1.891e+01 2.309e+01 39 0 1 6.018e+02 6.162e+02 134 0 3 6.010e+02 6.170e+02 149 0 4 5.741e+02 6.019e+02 258 1 3 5.995e+02 6.185e+02 176 2 3 3.386e+00 3.861e+01 327 3 4 5.402e+02 5.518e+02 108 3 2 5.342e+02 5.578e+02 220 3 2 6.200e+02 6.400e+02 186 3 1 5.568e+02 5.772e+02 189 3 3 5.546e+02 5.794e+02 230
16173 0
16174 13 0 3 4.378e+02 4.442e+02 59 0 4 5.008e+02 5.072e+02 59 0 4 4.184e+02 4.216e+02 29 0 4 4.616e+02 4.624e+02 8 0 3 3.791e+02 4.189e+02 370 0 4 4.895e+02 5.185e+02 270 0 4 4.009e+02 4.391e+02 354 2 2 4.040e+01 4.360e+01 30 2 4 3.654e+01 4.746e+01 101 2 3 5.422e+01 7.178e+01 163 2 3 8.518e+01 1.248e+02 368 2 3 6.118e+00 3.588e+01 276 2 1 4.520e+01 8.080e+01 330
16175 1 3 4 5.379e+02 5.541e+02 150
16176 54 0 1 6.510e+02 6.510e+02 -16 0 4 5.880e+02 5.880e+02 -1 0 4 6.153e+02 6.447e+02 273 0 3 6.471e+02 6.549e+02 73 0 2 6.654e+02 6.786e+02 123 2 2 4.162e+01 4.238e+01 7 2 1 5.642e+02 5.698e+02 51 2 1 2.729e+02 2.731e+02 1 2 4 6.706e+02 6.734e+02 26 2 2 3.556e+01 4.844e+01 120 2 2 5.036e+02 5.044e+02 8 2 1 1.449e+02 1.491e+02 40 2 1 5.226e+02 5.274e+02 44 2 3 2.728e+02 2.732e+02 4 2 2 4.614e+02 4.626e+02 10 2 1 3.521e+02 3.619e+02 90 2 3 5.230e+02 5.270e+02 37 2 4 3.641e+01 4.759e+01 104 2 1 3.789e+02 4.191e+02 373 2 3 1.412e+02 1.528e+02 107 2 2 5.420e+02 5.500e+02 74 2 2 2.330e+02 2.710e+02 352 2 3 5.610e+02 5.730e+02 112 2 3 4.507e+01 8.093e+01 333 2 2 5.322e+02 5.598e+02 256 2 2 1.110e+02 1.410e+02 279 2 4 5.345e+02 5.575e+02 213 2 4 2.754e+02 3.126e+02 346 2 1 5.036e+02 5.464e+02 397 2 1 3.789e+00 3.821e+01 320 2 1 5.470e+02 5.870e+02 371 2 4 1.122e+02 1.398e+02 257 3 4 2.504e+02 2.536e+02 30 3 3 3.147e+02 3.153e+02 6 3 2 3.773e+02 3.787e+02 14 3 4 4.129e+02 4.271e+02 131 3 1 1.861e+02 1.919e+02 53 3 1 2.282e+02 2.338e+02 52 3 2 2.938e+02 2.942e+02 5 3 4 3.769e+02 3.791e+02 20 3 3 1.792e+02 1.988e+02 182 3 3 2.280e+02 2.340e+02 56 3 4 2.905e+02 2.975e+02 65 3 1 3.570e+02 3.570e+02 -7 3 2 2.056e+02 2.144e+02 81 3 3 2.155e+02 2.465e+02 288 3 1 3.098e+02 3.202e+02 97 3 2 3.588e+02 3.972e+02 356 3 4 2.041e+02 2.159e+02 109 3 2 3.313e+02 3.407e+02 87 3 4 1.908e+02 2.292e+02 357 3 4 3.237e+02 3.483e+02 228 3 3 2.975e+02 3.325e+02 326 3 2 3.209e+02 3.511e+02 280
16179 5 2 2 2.910e+02 2.970e+02 56 2 4 4.192e+02 4.208e+02 15 2 3 2.649e+02 2.811e+02 150 2 3 3.858e+02 4.122e+02 245 3 3 4.713e+01 7.887e+01 295
16180 10 2 4 6.290e+02 6.310e+02 18 2 1 1.703e+01 2.497e+01 74 2 2 1.242e+02 1.278e+02 34 2 3 1.846e+01 2.354e+01 47 2 4 5.719e+02 6.041e+02 299 2 4 1.144e+02 1.376e+02 215 2 1 1.376e+02 1.564e+02 174 2 4 3.515e+01 4.885e+01 127 2 3 9.034e+01 1.197e+02 272 2 2 2.452e+01 5.948e+01 325
16181 0
16182 0
16183 14 0 3 6.090e+02 6.090e+02 -4 0 1 6.435e+02 6.585e+02 140 0 2 6.270e+02 6.330e+02 56 0 3 6.460e+02 6.560e+02 92 0 4 6.300e+02 6.300e+02 -14 0 4 6.645e+02 6.795e+02 139 0 1 6.050e+02 6.130e+02 74 0 2 6.191e+02 6.409e+02 202 0 4 6.160e+02 6.440e+02 260 0 1 5.971e+02 6.209e+02 221 0 3 5.916e+02 6.264e+02 323 2 4 1.176e+02 1.344e+02 156 2 1 7.108e+00 3.489e+01 258 2 3 2.756e+00 3.924e+01 339
16184 5 0 1 6.458e+02 6.562e+02 96 0 3 6.485e+02 6.535e+02 47 0 2 6.155e+02 6.445e+02 269 0 4 6.130e+02 6.470e+02 316 2 4 3.453e+01 4.947e+01 139
16186 11 0 4 6.720e+02 6.720e+02 0 0 1 5.633e+02 5.707e+02 69 0 2 6.646e+02 6.794e+02 137 0 1 2.587e+02 2.873e+02 266 0 2 5.304e+02 5.616e+02 290 0 4 3.185e+02 3.535e+02 326 1 4 6.257e+02 6.343e+02 80 1 1 6.029e+02 6.151e+02 114 1 2 6.219e+02 6.381e+02 150 1 3 5.905e+02 6.275e+02 343 2 1 1.792e+02 1.988e+02 181
16187 63 0 3 4.795e+02 4.865e+02 65 0 1 5.670e+02 5.670e+02 -0 0 1 6.072e+02 6.108e+02 34 0 4 5.003e+02 5.077e+02 69 0 3 5.642e+02 5.698e+02 51 0 2 6.290e+02 6.310e+02 19 0 3 6.495e+02 6.525e+02 27 0 1 4.801e+02 4.859e+02 55 0 3 5.530e+02 5.810e+02 260 0 4 6.300e+02 6.300e+02 -1 0 2 6.628e+02 6.812e+02 171 0 2 4.967e+02 5.113e+02 136 0 1 5.140e+02 5.360e+02 205 0 4 5.862e+02 5.898e+02 33 0 4 6.654e+02 6.786e+02 122 0 4 4.919e+02 5.161e+02 225 0 3 5.156e+02 5.344e+02 175 0 1 5.962e+02 6.218e+02 238 0 1 6.426e+02 6.594e+02 156 0 1 5.529e+02 5.811e+02 262 0 4 6.555e+02 6.885e+02 306 1 1 5.667e+02 5.673e+02 5 1 1 3.989e+02 3.991e+02 1 1 3 6.090e+02 6.090e+02 -1 1 2 5.879e+02 5.881e+02 1 1 2 6.297e+02 6.303e+02 6 1 1 4.233e+02 4.587e+02 328 1 1 5.183e+02 5.317e+02 124 1 4 2.750e+02 3.130e+02 352 1 4 5.863e+02 5.897e+02 32 1 4 6.281e+02 6.319e+02 36 1 1 5.537e+02 5.803e+02 246 1 1 6.041e+02 6.139e+02 90 1 2 5.681e+02 6.079e+02 369 1 3 5.463e+02 5.877e+02 384 2 4 5.456e+02 5.464e+02 8 2 2 3.338e+02 3.382e+02 41 2 4 6.709e+02 6.731e+02 20 2 4 1.231e+02 1.289e+02 54 2 4 4.579e+02 4.661e+02 76 2 3 1.411e+02 1.529e+02 110 2 4 2.062e+02 2.138e+02 70 2 1 4.811e+02 4.849e+02 36 2 3 3.098e+02 3.202e+02 96 2 1 8.498e+00 3.350e+01 232 2 2 4.538e+02 4.702e+02 152 2 4 7.289e+01 9.511e+01 206 2 3 5.073e+02 5.427e+02 328 2 2 1.653e+02 1.707e+02 50 2 3 4.652e+02 5.008e+02 330 2 2 2.491e+02 2.549e+02 55 2 1 2.637e+02 2.823e+02 172 2 2 1.144e+02 1.376e+02 216 2 3 1.836e+02 1.944e+02 100 2 3 2.182e+02 2.438e+02 237 2 4 2.822e+02 3.058e+02 220 2 1 1.405e+02 1.535e+02 121 2 4 2.371e+02 2.669e+02 277 2 3 2.560e+02 2.900e+02 316 2 4 1.586e+02 1.774e+02 175 2 1 1.759e+02 2.021e+02 243 3 3 1.770e+01 2.430e+01 61 3 3 3.517e+00 3.848e+01 325
16189 6 0 3 6.412e+02 6.608e+02 181 2 4 1.168e+02 1.352e+02 170 2 3 1.386e+02 1.554e+02 156 2 2 1.613e+02 1.747e+02 124 2 1 1.294e+02 1.646e+02 326 2 4 1.526e+02 1.834e+02 286
16190 9 0 2 6.702e+02 6.738e+02 34 0 4 6.720e+02 6.720e+02 -11 0 2 6.152e+02 6.448e+02 275 0 3 6.459e+02 6.561e+02 94 0 1 6.387e+02 6.633e+02 229 0 3 6.342e+02 6.678e+02 311 0 2 6.598e+02 6.842e+02 227 0 4 6.555e+02 6.885e+02 306 2 4 3.955e+01 4.445e+01 46
16194 1 0 2 6.623e+02 6.817e+02 180
16195 41 0 3 5.225e+02 5.275e+02 46 0 3 6.035e+02 6.145e+02 102 0 1 3.480e+02 3.660e+02 166 0 3 3.912e+02 4.068e+02 146 0 3 5.132e+02 5.368e+02 220 0 2 3.235e+02 3.485e+02 231 1 4 5.803e+02 5.957e+02 142 1 3 6.034e+02 6.146e+02 105 1 4 5.212e+02 5.708e+02 460 2 3 2.100e+01 2.100e+01 -4 2 3 3.990e+02 3.990e+02 -18 2 3 1.048e+02 1.052e+02 3 2 2 1.671e+02 1.689e+02 17 2 2 4.185e+02 4.215e+02 27 2 3 3.138e+02 3.162e+02 23 2 3 5.618e+02 5.722e+02 96 2 4 3.732e+02 3.828e+02 89 2 2 5.863e+02 5.897e+02 31 2 2 4.200e+01 4.200e+01 -20 2 1 4.326e+02 4.494e+02 156 2 2 8.361e+01 8.439e+01 7 2 4 5.348e+02 5.572e+02 207 2 3 1.875e+02 1.905e+02 28 2 4 5.753e+02 6.007e+02 236 2 4 2.515e+02 2.525e+02 9 2 4 5.691e+02 6.069e+02 351 2 4 3.209e+02 3.511e+02 280 2 4 4.200e+01 4.200e+01 -14 2 4 1.142e+02 1.378e+02 220 2 3 1.450e+02 1.490e+02 36 2 2 2.097e+02 2.103e+02 5 2 3 2.639e+02 2.821e+02 169 2 1 1.770e+01 2.430e+01 61 2 4 1.610e+02 1.750e+02 130 2 4 2.074e+02 2.126e+02 48 2 4 2.802e+02 3.078e+02 257 2 3 6.478e+00 3.552e+01 270 2 1 1.792e+02 1.988e+02 182 2 2 2.425e+02 2.615e+02 177 2 1 2.574e+02 2.886e+02 290 3 1 2.100e+01 2.100e+01 -14
16196 20 1 3 2.100e+01 2.100e+01 -19 1 1 1.644e+01 2.556e+01 85 1 4 3.098e+01 5.302e+01 205 2 4 2.940e+02 2.940e+02 -3 2 1 2.628e+02 2.832e+02 189 2 3 5.175e+02 5.325e+02 139 2 2 4.899e+02 5.181e+02 261 2 2 2.872e+02 3.008e+02 127 2 4 4.919e+02 5.161e+02 224 2 3 2.590e+02 2.870e+02 260 3 4 3.928e+01 4.472e+01 50 3 4 4.614e+02 4.626e+02 11 3 1 4.793e+02 4.867e+02 70 3 2 4.590e+02 4.650e+02 56 3 1 5.660e+02 5.680e+02 18 3 2 4.447e+02 4.793e+02 320 3 3 4.800e+02 4.860e+02 56 3 4 4.443e+02 4.797e+02 328 3 1 4.224e+02 4.596e+02 346 3 3 4.243e+02 4.577e+02 310
16197 20 0 2 6.720e+02 6.720e+02 -0 0 4 6.720e+02 6.720e+02 -21 0 1 6.465e+02 6.555e+02 83 0 3 6.450e+02 6.570e+02 111 2 2 3.332e+02 3.388e+02 51 2 4 2.902e+02 2.978e+02 70 2 4 6.227e+02 6.373e+02 136 2 1 6.403e+02 6.617e+02 199 2 4 1.997e+02 2.203e+02 191 3 1 4.410e+02 4.410e+02 -7 3 3 1.470e+02 1.470e+02 -5 3 4 3.710e+02 3.850e+02 130 3 2 4.617e+02 4.623e+02 6 3 4 4.618e+02 4.622e+02 3 3 2 4.199e+02 4.201e+02 1 3 2 4.089e+02 4.311e+02 206 3 4 4.115e+02 4.285e+02 158 3 1 4.252e+02 4.568e+02 294 3 3 4.273e+02 4.547e+02 255 3 3 4.213e+02 4.607e+02 366
16198 2 2 4 2.895e+02 2.985e+02 84 2 2 1.485e+02 1.875e+02 361
16199 10 0 4 6.710e+02 6.730e+02 19 0 2 6.575e+02 6.865e+02 270 0 1 3.311e+02 3.829e+02 480 0 4 6.565e+02 6.875e+02 287 0 3 6.311e+02 6.709e+02 369 2 1 6.203e+01 6.397e+01 18 2 4 3.767e+01 4.633e+01 80 2 3 5.728e+01 6.872e+01 106 2 1 9.891e+00 3.211e+01 206 2 2 3.336e+01 5.064e+01 160
16200 10 0 1 6.442e+02 6.578e+02 126 0 3 6.434e+02 6.586e+02 141 0 2 6.586e+02 6.854e+02 249 0 4 6.575e+02 6.865e+02 269 1 2 6.300e+02 6.300e+02 -0 1 4 6.292e+02 6.308e+02 16 2 3 6.055e+01 6.545e+01 46 2 4 7.226e+01 9.574e+01 218 3 3 2.021e+01 2.179e+01 15 3 2 2.519e+01 5.881e+01 312
16201 3 0 2 6.660e+02 6.780e+02 111 0 1 6.429e+02 6.591e+02 150 0 3 6.335e+02 6.685e+02 326
16202 4 2 1 6.154e+01 6.446e+01 27 2 2 8.039e+01 8.761e+01 67 2 3 5.907e+01 6.693e+01 73 2 4 8.025e+01 8.775e+01 70
16204 4 0 3 6.090e+02 6.090e+02 -2 2 1 5.619e+02 5.721e+02 95 2 2 4.166e+01 4.234e+01 6 3 1 3.114e+02 3.186e+02 67
16205 25 0 1 4.797e+02 4.863e+02 60 0 4 4.931e+02 5.149e+02 202 0 2 3.676e+02 3.884e+02 193 0 2 5.423e+02 5.497e+02 69 0 2 4.528e+02 4.712e+02 171 0 3 5.132e+02 5.368e+02 220 0 4 4.482e+02 4.758e+02 256 1 1 6.078e+02 6.102e+02 23 1 4 5.018e+02 5.062e+02 41 1 4 6.236e+02 6.364e+02 119 2 4 3.357e+02 3.363e+02 6 2 3 2.021e+01 2.179e+01 15 2 3 1.020e+02 1.080e+02 56 2 1 3.554e+02 3.586e+02 29 2 4 3.982e+01 4.418e+01 40 2 4 1.226e+02 1.294e+02 63 2 3 1.446e+02 1.494e+02 45 2 1 3.475e+02 3.665e+02 177 2 1 5.880e+01 6.720e+01 78 2 2 1.174e+02 1.346e+02 160 2 3 3.472e+02 3.668e+02 181 2 2 3.210e+01 5.190e+01 184 2 4 1.082e+02 1.438e+02 331 2 2 3.217e+02 3.503e+02 265 2 3 4.664e+01 7.936e+01 304
16206 9 0 3 5.641e+02 5.699e+02 54 0 4 6.139e+02 6.461e+02 299 0 4 6.720e+02 6.720e+02 -13 0 3 5.836e+02 6.344e+02 471 0 1 6.498e+02 6.522e+02 22 0 2 6.658e+02 6.782e+02 116 0 4 6.644e+02 6.796e+02 140 2 1 3.960e+02 4.020e+02 56 2 4 3.538e+01 4.862e+01 123
16208 18 0 2 6.710e+02 6.730e+02 18 0 3 5.647e+02 5.693e+02 42 0 3 5.528e+02 5.812e+02 263 0 2 6.525e+02 6.915e+02 362 1 4 5.872e+02 5.888e+02 16 1 2 6.115e+02 6.485e+02 343 2 1 2.048e+01 2.152e+01 10 2 2 5.030e+02 5.050e+02 18 2 4 8.056e+01 8.744e+01 64 2 1 5.231e+02 5.269e+02 36 2 2 7.837e+01 8.963e+01 105 2 3 4.816e+02 4.844e+02 26 2 1 3.924e+00 3.808e+01 317 2 4 4.105e+02 4.295e+02 177 2 4 6.616e+01 1.018e+02 331 2 4 4.538e+02 4.702e+02 153 2 3 8.626e+01 1.237e+02 348 2 3 3.843e+02 4.137e+02 273
16209 9 0 1 5.595e+02 5.745e+02 139 0 2 6.685e+02 6.755e+02 66 0 3 5.573e+02 5.767e+02 180 0 4 6.592e+02 6.848e+02 238 0 1 6.350e+02 6.670e+02 297 2 2 3.780e+02 3.780e+02 -4 2 1 3.923e+02 4.057e+02 124 2 3 3.473e+02 3.667e+02 180 2 4 3.608e+02 3.952e+02 320
16211 9 2 4 1.246e+02 1.274e+02 26 2 1 1.786e+02 1.994e+02 193 2 4 4.949e+02 5.131e+02 169 2 1 3.551e+02 3.589e+02 36 2 2 1.177e+02 1.343e+02 154 2 4 4.496e+02 4.744e+02 230 2 3 1.351e+02 1.589e+02 221 2 4 7.356e+01 9.444e+01 194 2 1 1.303e+02 1.637e+02 310
16213 6 0 4 5.835e+02 5.925e+02 84 1 1 6.300e+01 6.300e+01 -6 1 1 2.300e+02 2.320e+02 18 1 4 8.276e+01 8.524e+01 23 1 2 7.993e+01 8.807e+01 76 1 2 7.213e+01 9.587e+01 220
16217 9 0 1 3.948e+02 4.032e+02 79 0 3 3.864e+02 4.116e+02 235 0 4 3.576e+02 3.984e+02 379 1 1 5.663e+02 5.677e+02 12 2 2 1.257e+02 1.263e+02 5 2 3 1.451e+02 1.489e+02 35 2 4 1.180e+02 1.340e+02 149 2 4 1.512e+02 1.848e+02 311 2 3 9.133e+01 1.187e+02 254
