16666 36 0 2 4.581e+02 4.659e+02 73 0 3 5.250e+02 5.250e+02 -3 0 1 6.078e+02 6.102e+02 23 0 1 4.791e+02 4.869e+02 73 0 3 6.043e+02 6.137e+02 88 0 1 6.484e+02 6.536e+02 48 0 3 4.801e+02 4.859e+02 54 0 1 5.116e+02 5.384e+02 248 0 2 6.168e+02 6.432e+02 246 0 3 6.476e+02 6.544e+02 63 0 2 4.904e+02 5.176e+02 252 0 4 6.173e+02 6.427e+02 236 0 2 6.710e+02 6.730e+02 18 0 4 4.860e+02 5.220e+02 335 0 4 6.692e+02 6.748e+02 51 0 1 4.653e+02 5.007e+02 329 0 2 6.617e+02 6.823e+02 191 0 4 6.571e+02 6.869e+02 277 2 4 3.336e+02 3.384e+02 44 2 2 2.486e+02 2.554e+02 64 2 4 2.916e+02 2.964e+02 45 2 2 8.119e+01 8.681e+01 52 2 3 2.198e+02 2.422e+02 208 2 1 2.649e+02 2.811e+02 150 2 4 7.998e+01 8.802e+01 75 2 4 2.347e+02 2.693e+02 321 2 4 2.813e+02 3.067e+02 236 2 3 3.398e+02 3.742e+02 319 2 3 9.254e+01 1.175e+02 231 2 2 4.200e+01 4.200e+01 -0 2 2 7.195e+01 9.605e+01 224 2 4 3.852e+01 4.548e+01 65 2 1 6.114e+01 6.486e+01 35 2 3 5.687e+01 6.913e+01 114 2 3 5.001e+00 3.700e+01 297 2 2 2.376e+01 6.024e+01 339
16667 10 0 2 6.704e+02 6.736e+02 29 0 2 5.437e+02 5.483e+02 42 0 3 5.585e+02 5.755e+02 157 0 4 6.675e+02 6.765e+02 83 0 3 6.371e+02 6.649e+02 258 2 1 1.864e+01 2.336e+01 44 2 3 1.653e+01 2.547e+01 83 2 3 3.786e+00 3.821e+01 320 3 2 3.959e+01 4.441e+01 45 3 2 3.237e+01 5.163e+01 179
16668 5 0 4 6.455e+02 6.985e+02 491 1 3 2.694e+02 2.766e+02 66 1 4 2.486e+02 2.554e+02 63 1 3 3.817e+02 4.163e+02 320 2 1 5.887e+02 6.293e+02 377
16669 2 2 1 4.749e+01 7.851e+01 288 2 2 6.818e+01 9.982e+01 294
16671 1 2 4 3.266e+02 3.454e+02 175
16672 4 0 3 6.508e+02 6.512e+02 4 0 4 6.285e+02 6.315e+02 27 0 2 6.699e+02 6.741e+02 40 1 2 5.855e+02 5.905e+02 46
16673 38 0 2 6.293e+02 6.307e+02 14 0 1 6.496e+02 6.524e+02 26 0 3 5.243e+02 5.257e+02 13 0 4 6.300e+02 6.300e+02 -18 0 2 6.700e+02 6.740e+02 36 0 2 4.954e+02 5.126e+02 160 0 1 5.538e+02 5.802e+02 246 0 4 5.880e+02 5.880e+02 -13 0 4 6.661e+02 6.779e+02 110 0 3 5.504e+02 5.836e+02 308 0 1 5.943e+02 6.237e+02 272 0 2 6.586e+02 6.854e+02 249 0 1 5.085e+02 5.415e+02 306 0 3 5.903e+02 6.277e+02 347 0 3 6.309e+02 6.711e+02 373 0 4 6.559e+02 6.881e+02 300 1 4 6.297e+02 6.303e+02 5 2 1 2.100e+01 2.100e+01 -6 2 4 8.375e+01 8.425e+01 5 2 2 1.664e+02 1.696e+02 30 2 4 2.453e+02 2.587e+02 125 2 1 2.679e+02 2.781e+02 96 2 3 2.100e+01 2.100e+01 -9 2 2 8.020e+01 8.780e+01 70 2 4 1.639e+02 1.721e+02 76 2 2 2.076e+02 2.124e+02 44 2 3 2.696e+02 2.764e+02 64 2 2 4.134e+01 4.266e+01 12 2 3 8.976e+01 1.202e+02 283 2 1 1.767e+02 2.013e+02 229 2 4 1.968e+02 2.232e+02 245 2 2 2.766e+02 3.114e+02 323 2 1 6.300e+01 6.300e+01 -4 2 3 1.791e+02 1.989e+02 183 2 3 5.723e+01 6.877e+01 107 2 3 1.300e+02 1.640e+02 316 2 4 3.282e+01 5.118e+01 170 3 4 3.950e+01 4.450e+01 46
16674 0
16675 84 0 3 6.065e+02 6.115e+02 46 0 2 3.772e+02 3.788e+02 16 0 3 6.499e+02 6.521e+02 20 0 4 1.622e+02 1.738e+02 107 0 2 4.535e+02 4.705e+02 158 0 2 2.033e+02 2.167e+02 125 0 3 5.655e+02 5.685e+02 28 0 4 3.731e+02 3.829e+02 90 0 2 6.279e+02 6.321e+02 40 0 1 1.806e+02 1.974e+02 156 0 2 6.708e+02 6.732e+02 23 0 4 2.042e+02 2.158e+02 108 0 3 4.767e+02 4.893e+02 117 0 2 3.309e+02 3.411e+02 95 0 3 5.207e+02 5.293e+02 80 0 3 1.686e+02 2.094e+02 378 0 4 6.292e+02 6.308e+02 15 0 4 3.318e+02 3.402e+02 77 0 4 6.709e+02 6.731e+02 20 0 1 3.486e+02 3.654e+02 156 0 1 4.223e+02 4.597e+02 348 0 1 3.431e+02 3.709e+02 258 0 4 4.862e+02 5.218e+02 331 0 4 3.598e+02 3.962e+02 339 0 2 5.423e+02 5.497e+02 69 0 4 5.795e+02 5.965e+02 157 0 1 6.491e+02 6.529e+02 35 0 3 3.797e+02 4.183e+02 358 0 4 4.429e+02 4.811e+02 355 0 1 5.567e+02 5.773e+02 191 0 1 6.055e+02 6.125e+02 65 0 2 6.544e+02 6.896e+02 327 0 1 5.134e+02 5.366e+02 216 0 4 5.698e+02 6.062e+02 337 0 2 6.124e+02 6.476e+02 327 1 3 6.074e+02 6.106e+02 29 1 4 5.863e+02 5.897e+02 32 1 2 6.278e+02 6.322e+02 41 1 2 5.788e+02 5.972e+02 170 1 4 6.291e+02 6.309e+02 17 1 1 6.081e+02 6.099e+02 17 2 4 6.271e+02 6.329e+02 55 2 4 2.502e+02 2.538e+02 34 2 1 6.468e+02 6.552e+02 77 2 1 2.721e+02 2.739e+02 17 2 3 3.962e+02 4.018e+02 51 2 4 3.346e+02 3.374e+02 26 2 2 5.374e+02 5.546e+02 160 2 3 6.198e+01 6.402e+01 19 2 2 5.847e+02 5.913e+02 60 2 3 1.413e+02 1.527e+02 106 2 2 6.638e+02 6.802e+02 153 2 4 2.066e+02 2.134e+02 64 2 2 4.098e+02 4.302e+02 190 2 2 2.908e+02 2.972e+02 60 2 4 5.328e+02 5.592e+02 245 2 2 3.269e+02 3.451e+02 169 2 4 5.851e+02 5.909e+02 53 2 3 1.779e+01 2.421e+01 60 2 3 6.407e+02 6.613e+02 191 2 2 7.688e+01 9.112e+01 132 2 1 3.808e+02 4.172e+02 337 2 2 1.629e+02 1.731e+02 96 2 1 5.508e+02 5.832e+02 300 2 3 2.284e+02 2.336e+02 49 2 1 6.056e+02 6.124e+02 64 2 4 2.913e+02 2.967e+02 50 2 4 6.579e+02 6.861e+02 262 2 4 3.634e+02 3.926e+02 270 2 3 5.094e+02 5.406e+02 290 2 4 3.273e+01 5.127e+01 172 2 4 5.742e+02 6.018e+02 256 2 4 1.092e+02 1.428e+02 311 2 4 5.690e+02 6.070e+02 353 2 1 1.741e+02 2.039e+02 277 2 2 2.460e+02 2.580e+02 111 2 3 3.061e+02 3.239e+02 166 2 2 2.869e+01 5.531e+01 247 2 4 1.959e+02 2.241e+02 262 2 3 2.644e+02 2.816e+02 160 2 1 5.580e+00 3.642e+01 286 2 1 2.559e+02 2.901e+02 317 2 3 5.223e+00 3.678e+01 293 2 2 2.769e+02 3.111e+02 318
16676 0
16678 6 0 3 6.061e+02 6.119e+02 53 0 1 3.565e+02 3.575e+02 9 2 4 7.603e+01 9.197e+01 148 2 3 9.730e+01 1.127e+02 143 2 2 6.885e+01 9.915e+01 281 2 1 -5.324e+00 4.732e+01 489
16679 7 2 2 3.289e+02 3.431e+02 131 2 1 6.154e+01 6.446e+01 27 2 2 3.744e+01 4.656e+01 85 2 4 4.078e+02 4.322e+02 226 2 4 3.641e+01 4.759e+01 104 2 4 4.431e+02 4.809e+02 351 2 3 2.847e+00 3.915e+01 337
16680 16 0 2 6.716e+02 6.724e+02 8 0 4 4.119e+02 4.281e+02 150 0 3 5.528e+02 5.812e+02 263 0 4 6.685e+02 6.755e+02 66 0 3 4.296e+02 4.524e+02 211 0 1 5.091e+02 5.409e+02 296 0 1 3.849e+02 4.131e+02 261 1 4 6.291e+02 6.309e+02 16 2 3 1.890e+02 1.890e+02 -3 2 2 2.034e+02 2.166e+02 123 2 4 4.174e+02 4.226e+02 49 2 1 1.267e+01 2.933e+01 155 2 1 1.784e+02 1.996e+02 196 2 1 2.151e+02 2.469e+02 296 2 4 1.517e+02 1.843e+02 302 3 2 5.435e+02 5.485e+02 46
16681 4 0 3 5.909e+02 6.271e+02 336 1 4 5.743e+02 6.017e+02 254 2 4 3.248e+02 3.472e+02 209 2 3 3.434e+02 3.706e+02 253
16682 0
16683 20 0 1 6.492e+02 6.528e+02 34 0 1 4.798e+02 4.862e+02 60 0 1 1.425e+02 1.515e+02 84 0 1 3.460e+02 3.680e+02 204 0 4 6.664e+02 6.776e+02 105 0 3 6.078e+02 6.102e+02 22 0 4 3.679e+02 3.881e+02 187 0 1 6.429e+02 6.591e+02 151 0 2 3.226e+02 3.494e+02 250 0 4 6.160e+02 6.440e+02 260 0 3 6.469e+02 6.551e+02 76 0 2 6.643e+02 6.797e+02 144 0 4 6.603e+02 6.837e+02 218 1 2 6.231e+02 6.369e+02 128 1 4 6.173e+02 6.427e+02 236 2 4 3.355e+02 3.365e+02 10 2 2 3.300e+02 3.420e+02 112 2 3 1.626e+01 2.574e+01 88 2 1 3.486e+02 3.654e+02 156 2 3 3.402e+02 3.738e+02 311
16684 47 0 4 2.500e+02 2.540e+02 37 0 2 6.711e+02 6.729e+02 16 0 4 2.936e+02 2.944e+02 8 0 3 5.234e+02 5.266e+02 30 0 1 6.493e+02 6.527e+02 32 0 4 2.749e+02 3.131e+02 354 0 2 5.343e+02 5.577e+02 218 0 4 5.765e+02 5.995e+02 214 0 3 6.469e+02 6.551e+02 76 0 3 5.953e+02 6.227e+02 255 0 4 6.615e+02 6.825e+02 195 0 2 6.531e+02 6.909e+02 351 1 3 5.651e+02 5.689e+02 35 1 2 5.401e+02 5.519e+02 110 1 3 6.006e+02 6.174e+02 156 1 4 5.432e+02 5.488e+02 51 1 2 6.258e+02 6.342e+02 78 1 3 5.074e+02 5.426e+02 326 1 2 5.830e+02 5.930e+02 93 1 4 6.265e+02 6.335e+02 65 1 2 5.280e+02 5.640e+02 335 1 3 5.940e+02 6.240e+02 278 1 1 5.484e+02 5.856e+02 346 2 4 1.259e+02 1.261e+02 2 2 2 5.414e+02 5.506e+02 86 2 3 1.441e+02 1.499e+02 53 2 3 6.018e+02 6.162e+02 133 2 4 4.126e+01 4.274e+01 14 2 1 1.857e+02 1.923e+02 60 2 1 1.020e+01 3.180e+01 200 2 4 4.997e+02 5.083e+02 80 2 2 1.079e+02 1.441e+02 336 2 3 5.147e+02 5.353e+02 190 2 1 1.285e+02 1.655e+02 344 2 2 3.309e+01 5.091e+01 166 2 4 4.876e+02 5.204e+02 305 2 1 1.708e+02 2.072e+02 337 2 1 5.103e+02 5.397e+02 274 2 3 4.915e+01 7.685e+01 257 2 4 5.738e+02 6.022e+02 265 2 3 5.077e+02 5.423e+02 321 3 2 1.139e+02 1.381e+02 225 3 1 1.644e+01 2.556e+01 85 3 1 9.102e+01 1.190e+02 260 3 1 6.095e+01 6.505e+01 38 3 2 6.674e+01 1.013e+02 320 3 4 2.264e+01 6.136e+01 360
16685 0
16687 2 0 3 5.216e+02 5.284e+02 64 0 3 5.071e+02 5.429e+02 333
16688 13 0 1 5.601e+02 5.739e+02 129 0 3 5.565e+02 5.775e+02 195 0 3 5.930e+02 6.250e+02 298 0 2 6.612e+02 6.828e+02 200 0 4 5.703e+02 6.057e+02 329 0 4 6.624e+02 6.816e+02 179 0 1 5.890e+02 6.290e+02 372 0 1 6.321e+02 6.699e+02 350 0 3 6.296e+02 6.724e+02 397 2 2 1.201e+02 1.319e+02 110 2 1 7.289e+00 3.471e+01 255 2 4 1.130e+02 1.390e+02 242 2 3 8.214e+01 1.279e+02 425
16689 19 0 4 4.603e+02 4.637e+02 31 0 4 6.691e+02 6.749e+02 53 1 3 3.889e+02 4.091e+02 188 1 2 6.274e+02 6.326e+02 48 2 3 2.695e+02 2.765e+02 66 2 1 3.562e+02 3.578e+02 15 2 4 4.168e+02 4.232e+02 59 2 4 2.395e+02 2.645e+02 231 2 1 4.367e+02 4.453e+02 80 2 2 2.919e+02 2.961e+02 39 2 4 3.243e+02 3.477e+02 216 2 3 4.281e+02 4.539e+02 240 2 2 7.163e+01 9.637e+01 230 2 4 2.893e+02 2.987e+02 88 2 2 3.230e+02 3.490e+02 241 2 1 3.049e+02 3.251e+02 188 2 3 3.413e+02 3.727e+02 292 2 1 2.609e+02 2.851e+02 226 2 3 2.584e+02 2.876e+02 271
16692 2 2 3 1.532e+01 2.668e+01 106 2 4 2.384e+02 2.656e+02 253
16693 12 0 1 6.084e+02 6.096e+02 10 0 4 3.652e+02 3.908e+02 238 0 3 5.359e+01 7.241e+01 175 0 2 5.372e+02 5.548e+02 164 0 4 2.519e+01 5.881e+01 312 0 4 6.249e+02 6.351e+02 94 0 3 4.377e+01 8.223e+01 357 0 3 5.980e+02 6.200e+02 204 2 4 2.029e+02 2.171e+02 132 2 1 1.715e+02 2.065e+02 325 2 2 2.025e+02 2.175e+02 139 2 3 1.758e+02 2.022e+02 246
16694 5 0 1 5.660e+02 5.680e+02 19 0 1 1.341e+02 1.599e+02 239 2 2 5.428e+02 5.492e+02 60 2 2 3.165e+02 3.555e+02 361 2 2 1.074e+02 1.446e+02 346
16695 45 0 2 6.273e+02 6.327e+02 50 0 3 1.447e+01 2.753e+01 121 0 4 6.689e+02 6.751e+02 57 0 2 4.572e+02 4.668e+02 90 0 1 5.212e+02 5.288e+02 71 0 4 3.178e+02 3.542e+02 338 0 4 6.246e+02 6.354e+02 100 0 4 2.699e+01 5.701e+01 279 0 1 6.473e+02 6.547e+02 69 0 3 2.982e+00 3.902e+01 335 0 3 4.730e+02 4.930e+02 186 0 3 5.166e+02 5.334e+02 156 0 1 6.063e+02 6.117e+02 50 0 1 6.366e+02 6.654e+02 268 0 1 4.226e+02 4.594e+02 342 0 4 4.490e+02 4.750e+02 242 0 2 5.323e+02 5.597e+02 254 0 3 6.415e+02 6.605e+02 176 0 2 6.606e+02 6.834e+02 211 0 4 6.569e+02 6.871e+02 281 0 3 6.337e+02 6.683e+02 321 1 4 6.200e+02 6.400e+02 186 1 1 5.943e+02 6.237e+02 274 1 2 6.116e+02 6.484e+02 341 2 3 5.974e+01 6.626e+01 60 2 4 2.076e+02 2.124e+02 45 2 3 2.709e+02 2.751e+02 40 2 3 4.295e+02 4.525e+02 213 2 3 1.770e+01 2.430e+01 61 2 4 5.302e+02 5.618e+02 294 2 3 2.267e+02 2.353e+02 80 2 4 6.607e+02 6.833e+02 210 2 3 3.097e+02 3.203e+02 99 2 2 3.659e+01 4.741e+01 100 2 2 6.639e+01 1.016e+02 327 2 3 1.746e+02 2.034e+02 268 2 4 1.921e+02 2.279e+02 333 2 3 2.975e+02 3.325e+02 325 2 4 3.448e+01 4.952e+01 140 2 4 6.764e+01 1.004e+02 304 2 3 1.281e+02 1.659e+02 351 2 3 2.540e+02 2.920e+02 352 2 1 5.979e+01 6.621e+01 60 2 4 1.502e+02 1.858e+02 331 2 1 1.528e+01 2.672e+01 106
16696 11 0 4 6.720e+02 6.720e+02 -3 0 1 6.490e+02 6.530e+02 37 0 3 6.490e+02 6.530e+02 38 0 4 6.560e+02 6.880e+02 296 0 2 6.537e+02 6.903e+02 340 2 2 3.339e+02 3.381e+02 39 2 4 3.257e+02 3.463e+02 191 2 3 2.996e+02 3.304e+02 286 2 1 3.484e+02 3.656e+02 160 2 1 4.954e+00 3.705e+01 298 2 2 1.071e+02 1.449e+02 351
16700 4 1 1 4.828e+02 4.832e+02 4 1 2 5.017e+02 5.063e+02 43 1 1 4.721e+02 4.939e+02 203 2 4 1.597e+02 1.763e+02 154
16701 46 0 4 3.341e+02 3.379e+02 36 0 1 6.032e+02 6.148e+02 108 0 4 7.872e+01 8.928e+01 98 0 2 6.717e+02 6.723e+02 5 0 1 3.117e+02 3.183e+02 60 0 3 5.605e+02 5.735e+02 120 0 2 3.272e+02 3.448e+02 163 0 4 6.705e+02 6.735e+02 27 0 1 5.518e+02 5.822e+02 283 1 2 5.880e+02 5.880e+02 -22 1 4 6.300e+02 6.300e+02 -9 1 1 6.058e+02 6.122e+02 59 1 1 5.534e+02 5.806e+02 253 1 3 5.985e+02 6.195e+02 196 1 3 5.555e+02 5.785e+02 214 1 1 5.947e+02 6.233e+02 265 2 4 3.780e+02 3.780e+02 -13 2 2 4.175e+02 4.225e+02 47 2 4 1.260e+02 1.260e+02 -1 2 4 4.613e+02 4.627e+02 14 2 1 1.469e+02 1.471e+02 1 2 4 5.423e+02 5.497e+02 69 2 1 2.274e+02 2.346e+02 67 2 1 4.379e+02 4.441e+02 58 2 3 4.830e+02 4.830e+02 -20 2 4 4.200e+01 4.200e+01 -14 2 1 5.607e+02 5.733e+02 116 2 3 3.953e+02 4.027e+02 69 2 3 2.307e+02 2.313e+02 6 2 2 4.935e+02 5.145e+02 196 2 1 2.607e+02 2.853e+02 228 2 3 5.664e+02 5.676e+02 10 2 1 6.300e+01 6.300e+01 -13 2 2 5.772e+02 5.988e+02 200 2 2 1.114e+02 1.406e+02 270 2 4 4.107e+02 4.293e+02 172 2 3 1.393e+02 1.547e+02 143 2 2 2.505e+02 2.535e+02 27 2 3 3.411e+02 3.729e+02 296 2 2 3.129e+01 5.271e+01 199 2 1 1.808e+02 1.972e+02 152 2 4 2.442e+02 2.598e+02 146 2 3 5.063e+01 7.537e+01 230 2 3 1.784e+02 1.996e+02 197 2 4 1.948e+02 2.252e+02 283 2 2 1.538e+02 1.822e+02 263
16702 0
16703 4 3 4 3.731e+02 3.829e+02 90 3 2 4.174e+02 4.226e+02 49 3 1 3.849e+02 4.131e+02 261 3 3 3.874e+02 4.106e+02 215
16704 8 0 2 6.292e+02 6.308e+02 15 0 4 6.264e+02 6.336e+02 66 0 3 5.513e+02 5.827e+02 291 0 1 5.920e+02 6.260e+02 316 0 3 6.329e+02 6.691e+02 336 2 4 8.200e+01 8.600e+01 37 2 2 7.581e+01 9.219e+01 152 2 3 8.945e+01 1.206e+02 289
16705 10 2 3 6.257e+01 6.343e+01 8 2 4 7.307e+01 9.493e+01 203 3 2 3.351e+02 3.369e+02 17 3 4 3.350e+02 3.370e+02 19 3 3 3.570e+02 3.570e+02 0 3 1 3.150e+02 3.150e+02 -8 3 1 3.453e+02 3.687e+02 218 3 3 2.998e+02 3.302e+02 281 3 3 3.421e+02 3.719e+02 276 3 2 3.199e+02 3.521e+02 299
16706 0
16707 8 0 2 6.277e+02 6.323e+02 43 0 1 6.426e+02 6.594e+02 156 0 1 4.378e+02 4.442e+02 60 0 4 6.263e+02 6.337e+02 69 0 2 6.612e+02 6.828e+02 200 0 2 6.201e+02 6.399e+02 183 0 4 6.588e+02 6.852e+02 245 0 3 6.316e+02 6.704e+02 360
