45538 55 0 1 6.084e+02 6.096e+02 11 0 4 4.200e+02 4.200e+02 -2 0 3 6.083e+02 6.097e+02 13 0 1 3.920e+02 4.060e+02 130 0 4 4.930e+02 5.150e+02 204 0 4 6.164e+02 6.436e+02 252 0 2 6.132e+02 6.468e+02 312 1 4 5.457e+02 5.463e+02 5 1 2 6.300e+02 6.300e+02 -6 1 3 5.194e+02 5.306e+02 105 1 4 6.240e+02 6.360e+02 110 1 4 5.780e+02 5.980e+02 186 1 1 5.948e+02 6.232e+02 263 1 2 4.853e+02 5.227e+02 347 1 2 6.158e+02 6.442e+02 264 2 4 1.680e+02 1.680e+02 -1 2 4 5.460e+02 5.460e+02 0 2 4 1.248e+02 1.272e+02 22 2 3 3.990e+02 3.990e+02 -13 2 3 1.880e+02 1.900e+02 18 2 4 5.025e+02 5.055e+02 27 2 2 2.088e+02 2.112e+02 22 2 2 5.870e+02 5.890e+02 19 2 4 3.669e+02 3.891e+02 206 2 4 3.479e+01 4.921e+01 134 2 2 4.071e+02 4.329e+02 240 2 1 1.460e+02 1.480e+02 19 2 2 4.959e+02 5.121e+02 151 2 1 2.280e+02 2.340e+02 56 2 1 5.193e+02 5.307e+02 106 2 3 5.386e+01 7.214e+01 170 2 1 6.066e+02 6.114e+02 45 2 2 1.091e+02 1.429e+02 315 2 4 6.602e+02 6.838e+02 219 2 3 1.429e+02 1.511e+02 76 2 3 2.278e+02 2.342e+02 59 2 4 4.057e+02 4.343e+02 265 2 4 1.080e+02 1.440e+02 334 2 3 5.169e+02 5.331e+02 150 2 1 1.869e+02 1.911e+02 40 2 3 6.085e+02 6.095e+02 9 2 2 2.397e+02 2.643e+02 229 2 1 4.248e+02 4.572e+02 301 2 1 1.729e+02 2.051e+02 300 2 2 4.854e+02 5.226e+02 345 2 4 2.339e+02 2.701e+02 336 2 3 5.556e+02 5.784e+02 212 2 2 1.524e+02 1.836e+02 290 2 4 5.786e+02 5.974e+02 174 2 4 1.932e+02 2.268e+02 311 2 2 6.197e+02 6.403e+02 190 2 4 1.496e+02 1.864e+02 341 3 2 4.103e+01 4.297e+01 18 3 3 1.662e+01 2.538e+01 81 3 2 6.737e+01 1.006e+02 309
45542 20 1 2 5.020e+02 5.060e+02 38 1 1 5.129e+02 5.371e+02 224 1 4 5.775e+02 5.985e+02 196 2 3 4.806e+02 4.854e+02 44 2 3 2.710e+02 2.750e+02 38 2 4 3.767e+02 3.793e+02 25 2 2 1.588e+02 1.772e+02 170 2 4 2.377e+02 2.663e+02 266 2 4 4.446e+02 4.794e+02 324 2 1 2.709e+02 2.751e+02 39 2 2 3.308e+02 3.412e+02 97 2 2 4.870e+02 5.210e+02 316 2 2 2.850e+02 3.030e+02 166 2 4 3.200e+02 3.520e+02 297 2 1 3.010e+02 3.290e+02 260 2 3 3.051e+02 3.249e+02 185 3 1 1.478e+01 2.722e+01 116 3 2 8.016e+01 8.784e+01 71 3 2 3.165e+01 5.235e+01 192 3 2 6.625e+01 1.017e+02 330
45545 1 2 3 2.100e+01 2.100e+01 -24
45546 3 0 4 4.062e+02 4.338e+02 256 0 1 4.230e+02 4.590e+02 334 1 4 5.710e+02 6.050e+02 316
45548 4 1 2 5.794e+02 5.966e+02 159 1 1 6.043e+02 6.137e+02 88 2 2 3.772e+02 3.788e+02 16 3 3 2.654e+02 2.806e+02 140
45549 9 0 1 6.062e+02 6.118e+02 51 0 3 6.063e+02 6.117e+02 50 0 1 6.407e+02 6.613e+02 191 0 4 6.221e+02 6.379e+02 147 0 4 6.141e+02 6.459e+02 296 0 3 6.316e+02 6.704e+02 360 2 3 2.302e+02 2.318e+02 15 2 2 2.423e+02 2.617e+02 180 2 4 1.936e+02 2.264e+02 306
45550 7 0 1 3.145e+02 3.155e+02 9 0 4 6.720e+02 6.720e+02 -18 0 2 6.664e+02 6.776e+02 105 0 4 3.215e+02 3.505e+02 269 0 2 2.776e+02 3.104e+02 304 0 1 6.423e+02 6.597e+02 162 1 3 7.836e+01 1.316e+02 495
45555 4 0 2 6.706e+02 6.734e+02 26 0 4 6.707e+02 6.733e+02 24 0 1 6.383e+02 6.637e+02 236 0 2 6.551e+02 6.889e+02 315
45556 0
45557 3 0 1 6.443e+02 6.577e+02 125 0 2 6.159e+02 6.441e+02 261 0 4 6.513e+02 6.927e+02 385
45558 1 0 3 5.053e+02 5.447e+02 366
45559 14 2 2 3.753e+02 3.807e+02 50 2 4 3.760e+02 3.800e+02 37 2 1 3.384e+02 3.756e+02 345 2 3 3.391e+02 3.749e+02 333 3 3 3.985e+02 3.995e+02 10 3 4 4.172e+02 4.228e+02 52 3 1 3.983e+02 3.997e+02 14 3 4 4.530e+02 4.710e+02 167 3 2 3.703e+02 3.857e+02 142 3 1 4.328e+02 4.492e+02 152 3 1 3.436e+02 3.704e+02 249 3 2 4.497e+02 4.743e+02 228 3 1 3.790e+02 4.190e+02 372 3 4 4.009e+02 4.391e+02 355
45560 2 0 4 5.780e+02 5.980e+02 186 3 4 6.682e+02 6.758e+02 71
45562 13 0 2 1.985e+02 2.215e+02 214 0 2 5.312e+02 5.608e+02 276 0 3 6.371e+02 6.649e+02 259 0 3 2.181e+02 2.439e+02 240 0 2 6.607e+02 6.833e+02 210 0 3 5.428e+02 5.912e+02 449 0 4 6.602e+02 6.838e+02 220 0 1 6.308e+02 6.712e+02 376 0 4 6.468e+02 6.972e+02 467 2 3 1.425e+02 1.515e+02 84 2 2 1.555e+02 1.805e+02 231 2 4 2.378e+02 2.662e+02 263 2 1 1.288e+02 1.652e+02 339
45564 12 0 3 4.410e+02 4.410e+02 -0 0 3 4.813e+02 4.847e+02 31 0 2 6.280e+02 6.320e+02 37 0 2 6.692e+02 6.748e+02 51 0 1 4.765e+02 4.895e+02 120 0 4 6.705e+02 6.735e+02 28 0 4 4.895e+02 5.185e+02 270 0 4 4.010e+02 4.390e+02 352 0 2 4.875e+02 5.205e+02 306 1 2 6.295e+02 6.305e+02 10 1 4 6.292e+02 6.308e+02 15 1 3 5.901e+02 6.279e+02 350
45565 1 2 3 1.020e+01 3.180e+01 200
45569 11 0 1 5.576e+02 5.764e+02 175 0 3 5.912e+02 6.268e+02 330 0 4 5.695e+02 6.065e+02 343 1 2 6.170e+02 6.430e+02 241 1 4 6.103e+02 6.497e+02 366 2 2 3.668e+01 4.732e+01 99 2 2 8.339e+01 8.461e+01 11 2 4 2.479e+02 2.561e+02 76 2 4 1.539e+02 1.821e+02 262 2 3 4.646e+01 7.954e+01 307 2 4 6.701e+01 1.010e+02 316
45572 5 0 1 4.252e+02 4.568e+02 294 0 4 4.412e+02 4.828e+02 387 0 3 4.177e+02 4.643e+02 433 2 3 6.042e+01 6.558e+01 48 2 1 1.426e+02 1.514e+02 81
45573 41 0 1 6.506e+02 6.514e+02 7 0 3 4.771e+02 4.889e+02 109 0 2 4.524e+02 4.716e+02 179 0 3 2.202e+02 2.418e+02 200 0 1 4.709e+02 4.951e+02 226 0 4 2.369e+02 2.671e+02 280 0 4 4.432e+02 4.808e+02 350 1 2 5.860e+02 5.900e+02 36 1 1 6.013e+02 6.167e+02 144 1 3 5.493e+02 5.847e+02 329 1 3 6.005e+02 6.175e+02 157 1 4 6.153e+02 6.447e+02 273 1 1 5.913e+02 6.267e+02 329 2 1 2.710e+02 2.750e+02 36 2 3 4.409e+02 4.411e+02 1 2 4 3.321e+02 3.399e+02 73 2 1 4.827e+02 4.833e+02 6 2 4 1.649e+02 1.711e+02 57 2 3 3.988e+02 3.992e+02 5 2 4 2.491e+02 2.549e+02 55 2 2 4.586e+02 4.654e+02 63 2 4 2.922e+02 2.958e+02 33 2 4 4.173e+02 4.227e+02 50 2 1 3.557e+02 3.583e+02 25 2 3 6.001e+01 6.599e+01 56 2 2 1.241e+02 1.279e+02 36 2 1 1.810e+02 1.970e+02 148 2 2 2.062e+02 2.138e+02 71 2 3 3.529e+02 3.611e+02 76 2 3 8.770e+00 3.323e+01 227 2 4 1.195e+02 1.325e+02 120 2 2 1.573e+02 1.787e+02 200 2 4 2.039e+02 2.161e+02 113 2 3 2.574e+02 2.886e+02 289 2 2 3.232e+02 3.488e+02 238 2 1 4.529e+01 8.071e+01 329 2 2 7.487e+01 9.313e+01 170 2 3 1.740e+02 2.040e+02 279 2 2 3.598e+02 3.962e+02 339 2 3 1.328e+02 1.612e+02 264 3 3 5.480e+02 5.860e+02 352
45574 0
45575 6 0 4 3.780e+02 3.780e+02 -19 0 3 5.082e+02 5.418e+02 311 0 2 4.361e+02 4.879e+02 480 0 2 5.301e+02 5.619e+02 296 0 4 5.619e+02 6.141e+02 485 0 3 5.016e+02 5.484e+02 435
45576 16 0 3 5.635e+02 5.705e+02 65 0 4 6.673e+02 6.767e+02 87 0 1 6.450e+02 6.570e+02 110 0 3 6.412e+02 6.608e+02 181 0 2 6.620e+02 6.820e+02 186 0 3 6.340e+02 6.680e+02 316 1 2 6.258e+02 6.342e+02 78 1 4 6.239e+02 6.361e+02 114 2 1 6.490e+02 6.530e+02 38 2 2 1.665e+02 1.695e+02 27 2 4 6.275e+02 6.325e+02 46 2 1 3.134e+02 3.166e+02 29 2 2 5.020e+02 5.060e+02 37 2 4 1.633e+02 1.727e+02 87 2 2 6.141e+02 6.459e+02 296 2 3 6.381e+02 6.639e+02 240
45578 0
45582 6 1 2 6.249e+02 6.351e+02 96 2 3 1.904e+01 2.296e+01 36 2 2 3.901e+01 4.499e+01 56 2 3 9.573e+01 1.143e+02 172 2 4 2.409e+02 2.631e+02 206 2 1 4.749e+01 7.851e+01 288
45583 5 0 3 3.975e+02 4.005e+02 28 0 4 6.673e+02 6.767e+02 87 0 4 3.618e+02 3.942e+02 301 2 4 3.704e+02 3.856e+02 140 2 2 2.322e+01 6.078e+01 349
45584 0
45585 7 0 3 6.266e+01 6.334e+01 6 0 1 5.158e+01 7.442e+01 212 0 2 6.679e+01 1.012e+02 320 0 4 6.773e+01 1.003e+02 302 0 3 5.863e+02 6.317e+02 421 2 1 2.728e+02 2.732e+02 5 2 4 1.573e+02 1.787e+02 198
45587 3 0 3 6.037e+02 6.143e+02 98 0 1 5.914e+02 6.266e+02 326 0 4 5.678e+02 6.082e+02 376
45588 10 0 3 3.939e+02 4.041e+02 95 0 1 3.468e+02 3.672e+02 189 0 4 4.114e+02 4.286e+02 159 0 1 3.838e+02 4.142e+02 281 2 1 6.300e+01 6.300e+01 -0 2 3 2.696e+02 2.764e+02 63 2 2 3.793e+01 4.607e+01 76 2 4 2.329e+02 2.711e+02 354 2 1 5.223e+00 3.678e+01 293 2 4 2.757e+02 3.123e+02 340
45589 9 0 1 3.560e+02 3.580e+02 19 0 2 6.687e+02 6.753e+02 62 0 4 6.692e+02 6.748e+02 51 0 4 5.706e+02 6.054e+02 323 0 1 6.312e+02 6.708e+02 368 0 3 6.331e+02 6.689e+02 333 2 3 5.463e+01 7.137e+01 156 2 4 7.522e+01 9.278e+01 163 2 4 3.327e+01 5.073e+01 162
45590 7 0 1 6.296e+02 6.724e+02 398 0 3 5.483e+02 5.857e+02 348 0 4 5.677e+02 6.083e+02 376 0 3 6.298e+02 6.722e+02 393 0 1 4.187e+02 4.633e+02 414 2 4 1.053e+02 1.467e+02 384 2 1 1.222e+02 1.718e+02 461
