32217 0
32219 6 0 2 2.070e+02 2.130e+02 56 0 4 2.006e+02 2.194e+02 176 1 2 6.280e+02 6.320e+02 38 1 1 5.982e+02 6.198e+02 200 2 1 4.360e+02 4.460e+02 93 2 1 4.216e+02 4.604e+02 360
32220 3 1 4 5.367e+02 5.553e+02 173 2 1 5.589e+01 7.011e+01 132 2 4 1.582e+02 1.778e+02 182
32221 0
32222 3 1 4 2.938e+02 2.942e+02 3 1 2 2.899e+02 2.981e+02 76 1 3 2.596e+02 2.864e+02 248
32223 12 0 4 5.842e+02 5.918e+02 71 0 2 6.653e+02 6.787e+02 124 0 1 5.531e+02 5.809e+02 259 0 1 6.039e+02 6.141e+02 94 0 4 6.670e+02 6.770e+02 93 0 3 5.489e+02 5.851e+02 336 0 3 6.037e+02 6.143e+02 99 0 1 6.353e+02 6.667e+02 292 0 4 5.682e+02 6.078e+02 367 0 3 6.333e+02 6.687e+02 329 2 4 3.771e+01 4.629e+01 80 2 4 7.657e+01 9.143e+01 138
32225 1 1 4 6.211e+02 6.389e+02 165
32226 0
32227 4 1 2 6.210e+02 6.390e+02 166 1 2 6.123e+02 6.477e+02 328 1 4 6.130e+02 6.470e+02 316 2 1 3.554e+02 3.586e+02 30
32231 3 0 1 5.238e+02 5.262e+02 23 0 2 5.384e+02 5.536e+02 140 0 3 5.108e+02 5.392e+02 265
32237 12 0 2 6.594e+02 6.846e+02 235 0 4 6.577e+02 6.863e+02 266 1 3 5.113e+02 5.387e+02 254 1 4 5.356e+02 5.564e+02 193 2 4 2.511e+02 2.529e+02 17 2 4 1.622e+02 1.738e+02 107 2 4 2.061e+02 2.139e+02 73 2 4 3.924e+01 4.476e+01 51 2 3 2.591e+02 2.869e+02 259 2 4 2.999e+01 5.401e+01 223 2 1 1.992e+00 4.001e+01 353 2 2 2.308e+01 6.092e+01 351
32241 0
32243 13 0 3 6.090e+02 6.090e+02 -16 0 1 5.602e+02 5.738e+02 126 0 1 6.071e+02 6.109e+02 35 0 3 5.602e+02 5.738e+02 126 0 4 5.783e+02 5.977e+02 180 0 4 6.152e+02 6.448e+02 275 1 4 6.225e+02 6.375e+02 139 2 4 4.200e+01 4.200e+01 -18 2 1 6.275e+01 6.325e+01 5 2 3 1.833e+01 2.367e+01 50 2 2 3.287e+01 5.113e+01 170 2 3 5.131e+01 7.469e+01 217 2 1 2.531e+00 3.947e+01 343
32245 0
32247 0
32248 0
32249 9 0 2 5.456e+02 5.464e+02 7 0 2 6.682e+02 6.758e+02 70 0 4 6.625e+02 6.815e+02 177 1 3 6.090e+02 6.090e+02 -4 2 3 5.660e+01 6.940e+01 119 2 2 7.653e+01 9.147e+01 139 2 4 2.881e+02 2.999e+02 110 2 4 6.858e+01 9.942e+01 286 2 1 2.891e+00 3.911e+01 336
32250 24 0 2 6.720e+02 6.720e+02 -15 0 2 6.252e+02 6.348e+02 89 0 4 6.718e+02 6.722e+02 3 0 1 5.185e+02 5.315e+02 120 0 4 6.208e+02 6.392e+02 170 0 1 6.491e+02 6.529e+02 35 0 3 5.134e+02 5.366e+02 216 0 1 5.946e+02 6.234e+02 268 0 3 6.459e+02 6.561e+02 95 0 2 5.367e+02 5.553e+02 173 0 3 5.978e+02 6.202e+02 209 0 1 6.405e+02 6.615e+02 196 0 4 6.603e+02 6.837e+02 218 1 2 6.163e+02 6.437e+02 254 1 4 6.153e+02 6.447e+02 274 2 1 1.873e+02 1.907e+02 31 2 4 3.807e+01 4.593e+01 73 2 4 4.157e+02 4.243e+02 80 2 3 1.847e+02 1.933e+02 80 2 2 1.991e+02 2.209e+02 203 2 1 6.055e+01 6.545e+01 46 2 3 5.386e+01 7.214e+01 170 2 2 2.779e+01 5.621e+01 264 3 3 6.387e+00 3.561e+01 271
32251 25 1 4 6.188e+02 6.412e+02 209 2 2 3.901e+01 4.499e+01 56 2 4 2.968e+01 5.432e+01 229 2 3 4.821e+01 7.779e+01 275 2 4 6.543e+02 6.897e+02 328 3 3 4.410e+02 4.410e+02 -4 3 1 4.801e+02 4.859e+02 53 3 4 5.852e+02 5.908e+02 51 3 2 4.151e+02 4.249e+02 91 3 3 6.475e+02 6.545e+02 66 3 1 3.873e+02 4.107e+02 216 3 2 6.701e+02 6.739e+02 35 3 4 4.194e+02 4.206e+02 11 3 3 3.812e+02 4.168e+02 330 3 3 4.814e+02 4.846e+02 30 3 1 4.348e+02 4.472e+02 115 3 3 6.042e+02 6.138e+02 89 3 2 4.538e+02 4.702e+02 153 3 1 4.694e+02 4.966e+02 253 3 4 4.521e+02 4.719e+02 185 3 3 5.895e+02 6.285e+02 361 3 4 4.458e+02 4.782e+02 301 3 2 4.841e+02 5.239e+02 369 3 4 4.045e+02 4.355e+02 288 3 2 4.421e+02 4.819e+02 370
32254 0
32255 4 0 4 4.605e+02 4.635e+02 28 0 1 4.390e+02 4.430e+02 37 0 2 4.429e+02 4.811e+02 355 2 1 2.640e+02 2.820e+02 166
32256 0
32257 15 0 3 1.864e+01 2.336e+01 44 0 2 6.689e+02 6.751e+02 58 0 2 6.155e+02 6.445e+02 270 0 1 6.464e+02 6.556e+02 86 0 4 2.420e+01 5.980e+01 330 0 1 6.372e+02 6.648e+02 256 2 3 5.250e+02 5.250e+02 -5 2 3 1.850e+02 1.930e+02 74 2 1 5.178e+02 5.322e+02 134 2 3 5.449e+00 3.655e+01 289 2 4 4.918e+02 5.162e+02 227 2 4 1.588e+02 1.772e+02 170 2 2 5.304e+02 5.616e+02 290 2 1 -7.067e-02 4.207e+01 391 2 3 1.754e+02 2.026e+02 253
32258 5 0 2 7.796e+01 9.004e+01 112 0 3 9.725e+01 1.127e+02 144 0 4 6.791e+01 1.001e+02 299 0 1 9.012e+01 1.199e+02 276 1 1 3.122e+02 3.178e+02 52
32261 5 0 3 5.628e+02 5.712e+02 77 0 2 5.267e+02 5.653e+02 359 0 4 5.740e+02 6.020e+02 260 2 3 1.272e+01 2.928e+01 154 2 1 9.578e+00 3.242e+01 212
32262 0
32263 4 0 2 6.298e+02 6.302e+02 5 0 4 6.192e+02 6.408e+02 200 0 3 6.337e+02 6.683e+02 322 2 4 8.231e+01 8.569e+01 31
