7891 26 0 2 5.460e+02 5.460e+02 -18 0 3 6.090e+02 6.090e+02 -11 0 4 3.668e+02 3.892e+02 209 0 1 6.472e+02 6.548e+02 70 0 4 5.034e+02 5.046e+02 10 0 1 5.232e+02 5.268e+02 33 0 4 5.836e+02 5.924e+02 81 0 3 6.440e+02 6.580e+02 130 0 3 5.250e+02 5.250e+02 -3 0 2 6.227e+02 6.373e+02 136 0 2 6.674e+02 6.766e+02 86 0 2 4.883e+02 5.197e+02 291 0 2 5.398e+02 5.522e+02 116 0 3 5.936e+02 6.244e+02 286 0 4 6.670e+02 6.770e+02 92 0 1 5.565e+02 5.775e+02 195 0 4 6.169e+02 6.431e+02 244 0 2 6.564e+02 6.876e+02 289 0 3 5.616e+02 5.724e+02 100 0 2 5.304e+02 5.616e+02 289 0 1 5.081e+02 5.419e+02 315 1 1 4.803e+02 4.857e+02 50 2 4 3.744e+01 4.656e+01 85 2 4 3.202e+02 3.518e+02 294 2 2 2.775e+01 5.625e+01 265 2 3 4.853e+01 7.747e+01 269
7892 39 0 1 4.823e+02 4.837e+02 12 0 1 5.592e+02 5.748e+02 145 0 4 6.202e+02 6.398e+02 182 0 4 6.717e+02 6.723e+02 6 0 3 4.830e+02 4.830e+02 -4 0 3 5.156e+02 5.344e+02 175 0 3 5.996e+02 6.184e+02 174 0 2 6.619e+02 6.821e+02 187 0 4 4.867e+02 5.213e+02 322 0 4 5.715e+02 6.045e+02 306 0 4 6.604e+02 6.836e+02 216 0 2 4.435e+02 4.805e+02 344 0 3 5.036e+02 5.464e+02 398 0 4 6.037e+02 6.563e+02 488 0 3 6.360e+02 6.660e+02 279 2 1 1.863e+02 1.917e+02 50 2 2 2.098e+02 2.102e+02 4 2 2 5.035e+02 5.045e+02 9 2 3 3.541e+02 3.599e+02 53 2 3 5.625e+02 5.715e+02 84 2 4 3.758e+01 4.642e+01 82 2 2 5.869e+02 5.891e+02 20 2 3 3.017e+02 3.283e+02 247 2 3 3.819e+02 4.161e+02 318 2 4 3.669e+02 3.891e+02 206 2 3 4.742e+02 4.918e+02 163 2 2 1.555e+02 1.805e+02 231 2 1 5.123e+02 5.377e+02 236 2 2 1.990e+02 2.210e+02 204 2 1 5.977e+02 6.203e+02 210 2 2 2.750e+02 3.130e+02 352 2 4 4.864e+02 5.216e+02 326 2 1 3.025e+00 3.897e+01 334 2 4 5.313e+02 5.607e+02 274 2 3 2.131e+02 2.489e+02 332 2 4 5.717e+02 6.043e+02 303 2 4 2.675e+02 3.205e+02 492 2 3 1.653e+02 2.127e+02 440 2 4 1.896e+02 2.304e+02 380
7893 1 1 4 6.297e+01 1.050e+02 390
7894 0
7895 32 0 1 6.487e+02 6.533e+02 42 0 3 5.627e+02 5.713e+02 80 0 3 6.459e+02 6.561e+02 94 0 2 5.416e+02 5.504e+02 82 0 2 6.575e+02 6.865e+02 270 0 1 5.087e+02 5.413e+02 303 0 4 6.607e+02 6.833e+02 210 2 1 1.887e+02 1.893e+02 6 2 4 2.500e+02 2.540e+02 37 2 1 2.730e+02 2.730e+02 0 2 3 5.245e+02 5.255e+02 9 2 1 2.079e+01 2.121e+01 4 2 4 5.866e+02 5.894e+02 26 2 4 8.204e+01 8.596e+01 36 2 4 4.498e+02 4.742e+02 227 2 3 1.888e+02 1.892e+02 5 2 3 5.626e+02 5.714e+02 81 2 3 2.093e+01 2.107e+01 1 2 4 5.764e+02 5.996e+02 216 2 3 9.528e+01 1.147e+02 180 2 3 4.710e+02 4.950e+02 223 2 4 1.656e+02 1.704e+02 44 2 2 6.164e+02 6.436e+02 252 2 2 2.384e+02 2.656e+02 253 2 4 3.654e+02 3.906e+02 235 2 4 3.982e+01 4.418e+01 40 2 2 1.138e+02 1.382e+02 226 2 2 1.512e+02 1.848e+02 312 2 3 2.562e+02 2.898e+02 312 2 3 9.847e+00 3.215e+01 207 2 4 1.085e+02 1.435e+02 326 2 2 3.385e+01 5.015e+01 151
7896 0
7897 27 0 2 6.716e+02 6.724e+02 7 0 3 5.654e+02 5.686e+02 29 0 4 5.787e+02 5.973e+02 173 0 4 6.709e+02 6.731e+02 21 0 1 5.171e+02 5.329e+02 146 0 1 6.354e+02 6.666e+02 290 0 2 5.384e+02 5.536e+02 141 0 4 5.659e+02 6.101e+02 411 0 3 6.331e+02 6.689e+02 333 0 1 5.533e+02 5.807e+02 255 0 3 5.080e+02 5.420e+02 316 0 2 5.333e+02 5.587e+02 236 2 2 4.107e+01 4.293e+01 17 2 2 4.191e+02 4.209e+02 17 2 3 1.779e+01 2.421e+01 60 2 3 3.959e+02 4.021e+02 58 2 2 2.093e+02 2.107e+02 12 2 1 4.326e+02 4.494e+02 156 2 3 2.682e+02 2.778e+02 89 2 3 6.795e+00 3.521e+01 264 2 3 1.788e+02 1.992e+02 190 2 2 2.830e+02 3.050e+02 204 2 2 3.188e+01 5.212e+01 188 2 4 1.512e+02 1.848e+02 312 2 1 2.117e+02 2.503e+02 358 2 4 2.726e+02 3.154e+02 398 2 1 4.408e+01 8.192e+01 351
7898 25 0 4 6.700e+02 6.740e+02 37 0 3 5.985e+02 6.195e+02 196 0 4 3.673e+02 3.887e+02 198 0 4 4.078e+02 4.322e+02 226 0 2 2.609e+01 5.791e+01 296 0 4 6.092e+02 6.508e+02 387 0 4 3.571e+02 3.989e+02 388 0 2 6.562e+02 6.878e+02 294 0 4 3.517e+02 4.043e+02 488 0 4 6.541e+02 6.899e+02 333 0 2 6.509e+02 6.931e+02 391 1 3 4.793e+02 4.867e+02 69 1 2 5.406e+02 5.514e+02 100 1 3 5.552e+02 5.788e+02 220 2 4 1.260e+02 1.260e+02 -10 2 4 3.699e+01 4.701e+01 93 2 4 7.087e+01 9.713e+01 244 2 3 9.709e+00 3.229e+01 210 2 3 8.456e+01 1.254e+02 380 2 2 2.905e+01 5.495e+01 240 2 2 6.032e+01 1.077e+02 440 2 4 2.658e+01 5.742e+01 286 2 1 4.655e+01 7.945e+01 306 2 1 5.445e+00 3.655e+01 289 2 3 3.291e+00 3.871e+01 329
7899 34 0 4 1.663e+02 1.697e+02 32 0 2 6.300e+02 6.300e+02 0 0 3 6.510e+02 6.510e+02 0 0 1 5.197e+02 5.303e+02 99 0 1 6.503e+02 6.517e+02 14 0 1 4.328e+02 4.492e+02 153 0 3 5.217e+02 5.283e+02 60 0 4 6.529e+02 6.911e+02 354 0 2 5.378e+02 5.542e+02 151 0 1 5.564e+02 5.776e+02 196 0 2 5.293e+02 5.627e+02 310 0 3 5.522e+02 5.818e+02 275 1 4 6.233e+02 6.367e+02 125 1 1 5.166e+02 5.334e+02 156 1 2 6.121e+02 6.479e+02 333 2 4 1.670e+02 1.690e+02 19 2 1 1.836e+02 1.944e+02 100 2 3 6.006e+02 6.174e+02 156 2 4 2.100e+02 2.100e+02 -7 2 3 4.344e+02 4.476e+02 122 2 3 5.126e+01 7.474e+01 218 2 4 4.508e+02 4.732e+02 209 2 2 7.652e+01 9.148e+01 139 2 4 6.185e+02 6.415e+02 213 2 3 1.784e+02 1.996e+02 197 2 2 4.114e+02 4.286e+02 159 2 3 2.228e+02 2.392e+02 152 2 4 4.075e+02 4.325e+02 231 2 3 2.955e+02 3.345e+02 362 2 1 1.074e+01 3.126e+01 190 2 4 7.558e+01 9.242e+01 156 2 4 2.323e+02 2.717e+02 366 2 1 5.095e+01 7.505e+01 224 2 2 1.942e+02 2.258e+02 293
7902 2 0 4 4.860e+02 5.220e+02 335 1 2 6.144e+02 6.456e+02 290
7903 7 0 3 6.495e+02 6.525e+02 27 0 3 6.325e+02 6.695e+02 344 2 3 1.045e+02 1.055e+02 9 2 1 5.754e+01 6.846e+01 101 2 4 7.136e+01 9.664e+01 235 2 2 1.091e+02 1.429e+02 314 2 4 1.090e+02 1.430e+02 316
7904 19 0 4 6.288e+02 6.312e+02 23 0 1 6.485e+02 6.535e+02 46 0 2 6.262e+02 6.338e+02 70 0 2 6.717e+02 6.723e+02 6 0 1 5.955e+02 6.225e+02 250 0 4 6.698e+02 6.742e+02 40 0 3 5.546e+02 5.794e+02 230 0 3 5.921e+02 6.259e+02 315 0 3 6.373e+02 6.647e+02 254 0 1 5.474e+02 5.866e+02 364 0 1 6.338e+02 6.682e+02 320 2 1 1.842e+02 1.938e+02 90 2 3 1.862e+02 1.918e+02 51 2 2 2.030e+02 2.170e+02 130 2 4 1.577e+02 1.783e+02 191 2 1 2.263e+02 2.357e+02 87 2 3 1.767e+02 2.013e+02 228 2 2 1.921e+02 2.279e+02 333 2 4 1.945e+02 2.255e+02 287
7905 4 0 3 6.510e+02 6.510e+02 -6 0 2 6.222e+02 6.378e+02 145 0 4 6.695e+02 6.745e+02 46 0 1 6.496e+02 6.524e+02 26
7906 0
7907 56 0 1 6.448e+02 6.572e+02 116 0 4 5.846e+02 5.914e+02 64 0 1 2.280e+02 2.340e+02 56 0 3 6.486e+02 6.534e+02 45 0 3 2.714e+02 2.746e+02 30 0 3 5.555e+02 5.785e+02 213 0 2 2.483e+02 2.557e+02 70 0 4 4.837e+02 5.243e+02 377 0 4 2.917e+02 2.963e+02 42 0 3 5.475e+02 5.865e+02 362 0 4 3.186e+02 3.534e+02 323 0 4 5.673e+02 6.087e+02 385 0 3 5.867e+02 6.313e+02 414 1 1 6.073e+02 6.107e+02 32 1 2 6.123e+02 6.477e+02 330 2 3 1.435e+02 1.505e+02 66 2 4 5.393e+02 5.527e+02 124 2 3 2.306e+02 2.314e+02 7 2 4 5.869e+02 5.891e+02 21 2 2 2.929e+02 2.951e+02 20 2 3 3.537e+02 3.603e+02 60 2 3 3.930e+02 4.050e+02 112 2 1 1.537e+01 2.663e+01 105 2 4 4.536e+02 4.704e+02 156 2 2 1.673e+02 1.687e+02 12 2 3 5.647e+02 5.693e+02 42 2 2 2.464e+02 2.576e+02 105 2 1 6.040e+02 6.140e+02 93 2 3 2.967e+02 3.333e+02 340 2 2 4.055e+02 4.345e+02 269 2 2 3.720e+02 3.840e+02 112 2 3 5.487e+02 5.853e+02 340 2 3 8.992e+00 3.301e+01 223 2 3 6.053e+02 6.127e+02 69 2 3 1.381e+02 1.559e+02 166 2 1 5.480e+02 5.860e+02 352 2 4 2.485e+02 2.555e+02 65 2 4 6.262e+02 6.338e+02 71 2 1 2.540e+02 2.920e+02 353 2 2 5.805e+02 5.955e+02 140 2 4 3.246e+02 3.474e+02 211 2 2 5.749e+02 6.011e+02 244 2 4 2.730e+01 5.670e+01 273 2 4 5.746e+02 6.014e+02 250 2 1 1.792e+02 1.988e+02 181 2 1 5.892e+02 6.288e+02 367 2 4 1.991e+02 2.209e+02 203 2 3 2.595e+02 2.865e+02 250 2 2 3.201e+02 3.519e+02 296 2 1 4.848e+01 7.752e+01 270 2 3 1.327e+02 1.613e+02 266 2 1 2.180e+02 2.440e+02 242 2 3 3.378e+02 3.762e+02 356 2 1 2.309e+00 3.969e+01 347 2 4 1.486e+02 1.874e+02 360 3 1 1.343e+01 2.857e+01 140
7908 2 0 2 6.634e+02 6.806e+02 159 0 4 6.564e+02 6.876e+02 289
7909 21 0 4 3.354e+02 3.366e+02 10 0 3 4.397e+02 4.423e+02 24 0 1 3.918e+02 4.062e+02 133 0 4 4.517e+02 4.723e+02 192 1 1 5.192e+02 5.308e+02 108 1 2 5.374e+02 5.546e+02 160 1 3 5.084e+02 5.416e+02 309 2 2 4.188e+02 4.212e+02 21 2 1 1.832e+01 2.368e+01 50 2 4 6.695e+02 6.745e+02 46 2 3 1.423e+02 1.517e+02 87 2 1 4.373e+02 4.447e+02 68 2 4 3.648e+02 3.912e+02 246 2 4 6.166e+02 6.434e+02 250 2 3 1.213e+01 2.987e+01 165 2 3 3.948e+02 4.032e+02 79 2 4 1.486e+02 1.874e+02 360 2 1 4.662e+02 4.998e+02 312 2 3 5.220e+01 7.380e+01 200 2 4 1.066e+02 1.454e+02 360 3 1 1.632e+00 4.037e+01 360
7910 7 0 2 4.576e+02 4.664e+02 81 0 1 4.278e+02 4.542e+02 245 0 4 4.596e+02 4.644e+02 45 0 3 4.213e+02 4.607e+02 366 1 2 6.163e+02 6.437e+02 254 2 4 3.676e+02 3.884e+02 193 2 4 2.016e+02 2.184e+02 156
7911 12 0 1 6.079e+02 6.101e+02 21 0 3 6.501e+02 6.519e+02 17 0 2 6.284e+02 6.316e+02 30 0 2 6.588e+02 6.852e+02 246 0 4 6.586e+02 6.854e+02 248 1 2 4.972e+02 5.108e+02 126 2 4 1.667e+02 1.693e+02 25 2 3 1.442e+01 2.758e+01 122 2 1 1.435e+02 1.505e+02 65 2 2 1.638e+02 1.722e+02 79 2 3 2.262e+00 3.974e+01 348 2 1 1.294e+02 1.646e+02 327
7912 1 0 1 2.298e+02 2.322e+02 23
7913 0
7914 0
7915 0
7916 72 0 1 3.147e+02 3.153e+02 6 0 1 6.492e+02 6.528e+02 34 0 3 3.957e+02 4.023e+02 60 0 4 3.305e+02 3.415e+02 102 0 1 5.222e+02 5.278e+02 51 0 2 3.200e+02 3.520e+02 297 0 1 6.090e+02 6.090e+02 0 0 2 6.670e+02 6.770e+02 93 0 1 3.922e+02 4.058e+02 127 0 2 4.974e+02 5.106e+02 123 0 3 5.234e+02 5.266e+02 29 0 3 6.070e+02 6.110e+02 37 0 4 6.691e+02 6.749e+02 54 0 4 4.057e+02 4.343e+02 266 0 4 4.961e+02 5.119e+02 147 0 2 5.421e+02 5.499e+02 72 0 2 6.133e+02 6.467e+02 310 0 3 6.369e+02 6.651e+02 262 0 4 4.512e+02 4.728e+02 200 0 3 5.607e+02 5.733e+02 117 0 2 4.867e+02 5.213e+02 320 0 1 5.558e+02 5.782e+02 207 0 3 5.115e+02 5.385e+02 251 0 2 5.278e+02 5.642e+02 337 1 4 5.860e+02 5.900e+02 37 1 1 6.090e+02 6.090e+02 -17 1 1 5.217e+02 5.283e+02 60 1 4 5.374e+02 5.546e+02 160 1 3 6.090e+02 6.090e+02 -20 1 3 5.222e+02 5.278e+02 51 1 1 5.591e+02 5.749e+02 146 1 2 6.276e+02 6.324e+02 45 1 3 5.535e+02 5.805e+02 250 1 4 6.282e+02 6.318e+02 34 1 2 5.733e+02 6.027e+02 272 2 4 3.340e+02 3.380e+02 38 2 4 5.446e+02 5.474e+02 26 2 2 8.375e+01 8.425e+01 5 2 2 5.001e+02 5.079e+02 73 2 3 1.468e+02 1.472e+02 4 2 4 2.094e+02 2.106e+02 10 2 4 4.969e+02 5.111e+02 132 2 2 2.905e+02 2.975e+02 65 2 1 5.094e+02 5.406e+02 290 2 2 3.328e+02 3.392e+02 59 2 2 4.849e+02 5.231e+02 356 2 3 5.732e+01 6.868e+01 106 2 3 5.096e+02 5.404e+02 286 2 2 1.665e+02 1.695e+02 28 2 2 5.291e+02 5.629e+02 314 2 4 2.474e+02 2.566e+02 85 2 4 2.937e+02 2.943e+02 6 2 3 3.513e+02 3.627e+02 106 2 3 1.595e+01 2.605e+01 94 2 4 7.060e+01 9.740e+01 249 2 4 1.669e+02 1.691e+02 20 2 2 2.074e+02 2.126e+02 49 2 3 3.099e+02 3.201e+02 95 2 4 3.596e+02 3.964e+02 341 2 1 1.168e+01 3.032e+01 173 2 4 1.095e+02 1.425e+02 306 2 3 1.873e+02 1.907e+02 32 2 1 2.226e+02 2.394e+02 156 2 1 3.025e+02 3.275e+02 231 2 4 3.174e+02 3.546e+02 346 2 2 2.595e+01 5.805e+01 298 2 1 1.455e+02 1.485e+02 27 2 3 2.159e+02 2.461e+02 280 2 3 2.976e+02 3.324e+02 323 2 2 1.507e+02 1.853e+02 322 2 4 1.546e+02 1.814e+02 250 2 1 1.726e+02 2.054e+02 305
7917 21 0 4 3.780e+02 3.780e+02 -18 0 1 5.243e+02 5.257e+02 14 0 3 5.186e+02 5.314e+02 119 0 2 5.285e+02 5.635e+02 325 1 4 6.300e+02 6.300e+02 -16 1 2 6.122e+02 6.478e+02 330 2 2 2.915e+02 2.965e+02 47 2 3 5.808e+01 6.792e+01 91 2 4 2.910e+02 2.970e+02 56 2 4 3.625e+02 3.935e+02 288 2 3 1.765e+01 2.435e+01 62 2 4 7.450e+01 9.350e+01 176 2 3 3.033e+02 3.267e+02 217 2 3 6.075e+00 3.593e+01 277 2 3 4.202e+01 8.398e+01 390 3 1 3.931e+02 4.049e+02 110 3 3 3.941e+02 4.039e+02 91 3 3 5.195e+02 5.305e+02 103 3 2 3.671e+02 3.889e+02 202 3 1 4.291e+02 4.529e+02 221 3 4 3.653e+02 3.907e+02 236
7918 0
7919 5 2 4 2.084e+02 2.116e+02 29 2 3 2.247e+02 2.373e+02 117 2 1 2.205e+02 2.415e+02 196 2 2 2.357e+02 2.683e+02 303 3 1 2.012e+01 2.188e+01 16
7920 0
7921 48 0 1 5.650e+02 5.690e+02 37 0 4 3.346e+02 3.374e+02 26 0 1 6.083e+02 6.097e+02 13 0 2 4.036e+01 4.364e+01 30 0 2 6.717e+02 6.723e+02 5 0 2 2.909e+01 5.491e+01 240 0 2 1.143e+02 1.377e+02 218 0 1 4.392e+02 4.428e+02 34 0 4 1.554e+02 1.806e+02 234 0 4 4.613e+02 4.627e+02 13 0 2 3.633e+02 3.927e+02 272 0 3 6.084e+02 6.096e+02 11 0 1 8.648e+01 1.235e+02 344 0 4 6.720e+02 6.720e+02 -0 0 1 3.990e+02 3.990e+02 0 0 2 6.276e+02 6.324e+02 44 0 1 6.503e+02 6.517e+02 13 0 3 3.977e+02 4.003e+02 24 0 2 4.463e+02 4.777e+02 292 0 4 6.267e+02 6.333e+02 61 0 3 6.507e+02 6.513e+02 6 0 4 4.169e+02 4.231e+02 57 0 4 5.869e+02 5.891e+02 20 0 3 3.868e+02 4.112e+02 227 0 4 5.765e+02 5.995e+02 213 0 3 4.252e+02 4.568e+02 293 0 4 5.683e+02 6.077e+02 366 0 4 4.010e+02 4.390e+02 353 1 3 5.654e+02 5.686e+02 29 1 2 5.864e+02 5.896e+02 30 1 4 8.303e+01 8.497e+01 18 1 2 2.853e+02 3.027e+02 161 1 2 6.300e+02 6.300e+02 -18 1 4 1.085e+02 1.435e+02 325 1 4 5.880e+02 5.880e+02 -10 1 4 6.300e+02 6.300e+02 0 1 4 5.434e+02 5.486e+02 48 1 3 6.090e+02 6.090e+02 -0 1 1 5.997e+02 6.183e+02 173 2 4 3.333e+02 3.387e+02 50 2 3 2.079e+01 2.121e+01 4 2 1 2.299e+02 2.321e+02 20 2 2 3.995e+01 4.405e+01 38 2 2 1.983e+02 2.217e+02 217 2 1 6.154e+01 6.446e+01 27 2 4 2.007e+02 2.193e+02 173 2 1 5.184e+01 7.416e+01 207 2 3 2.149e+02 2.471e+02 299
7922 19 0 2 6.241e+02 6.359e+02 109 0 4 6.213e+02 6.387e+02 161 0 3 6.393e+02 6.627e+02 217 1 1 1.877e+02 1.903e+02 25 1 3 2.289e+02 2.331e+02 39 1 4 2.408e+02 2.632e+02 208 2 3 1.900e+01 2.300e+01 37 2 2 5.033e+02 5.047e+02 14 2 4 8.384e+01 8.416e+01 3 2 3 5.654e+02 5.686e+02 30 2 3 5.364e+01 7.236e+01 174 2 4 4.133e+02 4.267e+02 125 2 2 7.558e+01 9.242e+01 156 2 4 4.555e+02 4.685e+02 120 2 1 4.516e+01 8.084e+01 331 2 3 4.323e+02 4.497e+02 161 2 3 4.696e+02 4.964e+02 249 2 3 5.066e+02 5.434e+02 341 2 2 5.283e+02 5.637e+02 329
7923 6 0 2 1.616e+02 1.744e+02 118 0 2 6.121e+02 6.479e+02 333 0 3 6.281e+02 6.739e+02 426 0 1 5.829e+02 6.351e+02 486 0 2 6.451e+02 6.989e+02 499 2 2 4.200e+01 4.200e+01 -13
7924 0
7925 34 0 1 6.068e+02 6.112e+02 40 0 2 6.697e+02 6.743e+02 43 0 4 4.176e+02 4.224e+02 45 0 4 7.352e+01 9.448e+01 195 0 2 4.583e+02 4.657e+02 68 0 3 6.058e+02 6.122e+02 59 0 1 9.084e+01 1.192e+02 263 0 4 6.690e+02 6.750e+02 56 0 3 8.680e+01 1.232e+02 338 0 1 4.402e+02 4.418e+02 16 0 3 4.716e+02 4.944e+02 212 0 4 6.168e+02 6.432e+02 246 0 3 6.337e+02 6.683e+02 322 0 1 3.979e+02 4.001e+02 21 0 4 4.450e+02 4.790e+02 316 0 2 6.112e+02 6.488e+02 349 0 3 3.861e+02 4.119e+02 239 1 3 6.067e+02 6.113e+02 43 1 4 5.715e+02 6.045e+02 306 2 3 2.251e+02 2.369e+02 110 2 3 5.422e+01 7.178e+01 163 2 2 7.576e+01 9.224e+01 153 2 2 2.488e+02 2.552e+02 59 2 1 1.195e+01 3.005e+01 168 2 4 7.069e+01 9.731e+01 247 2 4 2.337e+02 2.703e+02 340 2 3 7.377e+00 3.462e+01 253 2 2 1.905e+02 2.295e+02 362 2 1 4.740e+01 7.860e+01 290 2 4 1.942e+02 2.258e+02 293 2 1 1.858e+00 4.014e+01 356 2 1 2.137e+02 2.483e+02 321 3 1 1.040e+02 1.060e+02 19 3 1 9.196e+01 1.180e+02 242
7927 48 0 4 6.277e+02 6.323e+02 43 0 4 6.717e+02 6.723e+02 6 0 1 2.298e+02 2.322e+02 23 0 3 4.409e+02 4.411e+02 1 0 1 2.189e+02 2.431e+02 224 0 3 5.663e+02 5.677e+02 14 0 1 6.083e+02 6.097e+02 14 0 4 2.747e+02 3.133e+02 358 0 1 6.503e+02 6.517e+02 14 0 1 3.968e+02 4.012e+02 40 0 4 4.929e+02 5.151e+02 206 0 2 5.440e+02 5.480e+02 37 0 3 6.079e+02 6.101e+02 20 0 3 6.501e+02 6.519e+02 17 0 4 4.453e+02 4.787e+02 310 0 1 5.648e+02 5.692e+02 41 0 2 6.270e+02 6.330e+02 56 0 2 6.715e+02 6.725e+02 10 0 1 5.193e+02 5.307e+02 106 0 2 6.121e+02 6.479e+02 333 0 1 6.342e+02 6.678e+02 312 0 3 5.108e+02 5.392e+02 264 0 4 6.159e+02 6.441e+02 262 0 3 6.316e+02 6.704e+02 360 0 2 5.363e+02 5.557e+02 180 0 1 5.924e+02 6.256e+02 309 0 3 5.504e+02 5.836e+02 309 0 2 5.273e+02 5.647e+02 348 1 4 6.297e+02 6.303e+02 6 1 3 4.771e+02 4.889e+02 109 1 2 6.269e+02 6.331e+02 57 1 4 6.216e+02 6.384e+02 156 1 2 5.758e+02 6.002e+02 227 1 3 6.028e+02 6.152e+02 116 1 1 5.927e+02 6.253e+02 303 2 3 1.855e+01 2.345e+01 46 2 4 8.168e+01 8.632e+01 43 2 3 1.436e+02 1.504e+02 64 2 4 4.157e+02 4.243e+02 80 2 4 2.507e+02 2.533e+02 24 2 1 2.648e+02 2.812e+02 152 2 2 4.161e+01 4.239e+01 7 2 4 1.205e+02 1.315e+02 101 2 2 2.412e+02 2.628e+02 201 2 1 1.236e+01 2.964e+01 160 2 3 2.592e+02 2.868e+02 256 2 1 6.929e+00 3.507e+01 261 3 1 1.904e+01 2.296e+01 36
7928 1 0 4 6.708e+02 6.732e+02 22
7929 0
