43298 6 2 2 2.469e+02 2.571e+02 95 3 4 3.764e+02 3.796e+02 30 3 2 4.129e+02 4.271e+02 131 3 1 1.451e+02 1.489e+02 35 3 3 3.988e+02 3.992e+02 4 3 3 4.235e+02 4.585e+02 326
43300 0
43305 6 0 4 6.212e+02 6.388e+02 164 0 2 6.681e+02 6.759e+02 73 2 3 2.301e+02 2.319e+02 16 2 4 1.597e+02 1.763e+02 155 2 4 2.027e+02 2.173e+02 136 2 2 2.011e+02 2.189e+02 166
43307 5 0 2 6.217e+02 6.383e+02 155 0 1 6.473e+02 6.547e+02 68 0 4 6.273e+02 6.327e+02 50 2 3 3.548e+02 3.592e+02 41 2 4 3.203e+02 3.517e+02 291
43309 0
43310 12 0 1 5.556e+02 5.784e+02 211 2 4 8.400e+01 8.400e+01 -0 2 2 1.241e+02 1.279e+02 36 2 4 3.694e+02 3.866e+02 160 2 3 5.301e+01 7.299e+01 186 2 2 8.079e+01 8.721e+01 60 2 3 3.432e+02 3.708e+02 257 2 1 4.413e+01 8.187e+01 350 2 4 7.504e+01 9.296e+01 166 2 4 1.126e+02 1.394e+02 250 2 2 6.836e+01 9.964e+01 290 2 3 9.268e+01 1.173e+02 229
43311 3 0 3 6.008e+02 6.172e+02 153 0 4 5.763e+02 5.997e+02 218 0 1 5.975e+02 6.205e+02 214
43312 24 0 2 2.496e+02 2.544e+02 45 0 3 6.051e+02 6.129e+02 72 0 2 6.611e+02 6.829e+02 202 0 4 6.603e+02 6.837e+02 218 1 2 6.285e+02 6.315e+02 27 1 2 5.853e+02 5.907e+02 50 1 1 6.070e+02 6.110e+02 37 1 4 5.835e+02 5.925e+02 84 1 4 6.224e+02 6.376e+02 141 1 3 5.534e+02 5.806e+02 252 1 3 5.993e+02 6.187e+02 180 1 2 6.157e+02 6.443e+02 266 1 3 5.899e+02 6.281e+02 355 2 1 6.480e+02 6.540e+02 56 2 4 8.222e+01 8.578e+01 33 2 4 6.220e+02 6.380e+02 149 2 2 3.248e+02 3.472e+02 208 2 3 6.491e+02 6.529e+02 35 2 3 1.018e+02 1.082e+02 60 2 2 7.226e+01 9.574e+01 218 2 4 1.516e+02 1.844e+02 306 2 2 6.545e+02 6.895e+02 325 2 2 1.096e+02 1.424e+02 304 2 4 1.059e+02 1.461e+02 374
43315 30 0 1 6.459e+02 6.561e+02 96 0 1 4.784e+02 4.876e+02 86 0 4 6.625e+02 6.815e+02 176 0 3 4.722e+02 4.938e+02 201 0 1 5.142e+02 5.358e+02 201 0 3 6.412e+02 6.608e+02 182 0 4 4.977e+02 5.103e+02 117 0 2 6.599e+02 6.841e+02 224 0 2 4.910e+02 5.170e+02 241 1 4 6.288e+02 6.312e+02 23 1 2 6.263e+02 6.337e+02 70 2 2 3.578e+01 4.822e+01 116 2 3 4.786e+02 4.874e+02 81 2 4 1.255e+02 1.265e+02 10 2 1 5.237e+02 5.263e+02 25 2 4 2.095e+02 2.105e+02 9 2 1 6.051e+02 6.129e+02 73 2 4 3.058e+01 5.342e+01 212 2 4 4.190e+02 4.210e+02 19 2 2 5.023e+02 5.057e+02 31 2 1 5.001e+00 3.700e+01 297 2 3 5.242e+02 5.258e+02 16 2 4 4.940e+02 5.140e+02 186 2 2 5.404e+02 5.516e+02 104 2 4 4.508e+02 4.732e+02 207 2 4 5.418e+02 5.502e+02 78 2 2 5.315e+02 5.605e+02 270 2 1 5.515e+02 5.825e+02 288 2 3 5.549e+02 5.791e+02 225 3 1 3.338e+00 3.866e+01 328
43319 0
43320 2 1 4 5.019e+02 5.061e+02 40 1 3 4.739e+02 4.921e+02 169
43323 25 0 4 6.281e+02 6.319e+02 36 0 1 6.510e+02 6.510e+02 -14 0 4 5.040e+02 5.040e+02 -6 0 2 5.436e+02 5.484e+02 44 0 3 6.482e+02 6.538e+02 51 0 1 4.830e+02 4.830e+02 -18 0 3 5.158e+02 5.342e+02 170 0 4 5.827e+02 5.933e+02 99 0 2 6.693e+02 6.747e+02 50 0 2 4.919e+02 5.161e+02 226 0 1 5.082e+02 5.418e+02 312 0 3 5.962e+02 6.218e+02 237 0 4 6.699e+02 6.741e+02 39 0 2 6.207e+02 6.393e+02 172 0 1 5.933e+02 6.247e+02 292 1 2 1.255e+02 1.265e+02 10 1 3 1.286e+02 1.654e+02 341 1 4 1.485e+02 1.875e+02 362 2 4 8.182e+01 8.618e+01 40 2 2 2.092e+02 2.108e+02 16 2 4 2.042e+02 2.158e+02 107 2 1 5.580e+02 5.760e+02 168 2 3 9.440e+00 3.256e+01 215 2 3 1.745e+02 2.035e+02 270 3 4 6.638e+02 6.802e+02 153
43324 2 0 4 6.276e+02 6.324e+02 45 2 4 1.936e+02 2.264e+02 306
43326 28 0 1 3.960e+02 4.020e+02 56 0 1 2.283e+02 2.337e+02 50 0 3 3.962e+02 4.018e+02 51 0 3 2.259e+02 2.361e+02 94 0 2 3.600e+02 3.960e+02 335 0 2 6.525e+02 6.915e+02 363 0 4 2.433e+02 2.607e+02 161 0 4 3.650e+02 3.910e+02 242 0 4 6.501e+02 6.939e+02 407 1 1 3.513e+02 3.627e+02 106 1 2 4.196e+02 4.204e+02 8 1 3 5.222e+02 5.278e+02 51 1 4 3.740e+02 3.820e+02 75 1 2 5.880e+02 5.880e+02 -10 1 2 3.694e+02 3.866e+02 160 1 2 5.441e+02 5.479e+02 36 1 4 4.486e+02 4.754e+02 248 1 4 6.202e+02 6.398e+02 182 1 1 3.835e+02 4.145e+02 287 1 3 3.398e+02 3.742e+02 320 2 2 1.260e+02 1.260e+02 0 2 4 5.028e+02 5.052e+02 21 2 4 2.934e+02 2.946e+02 11 2 2 8.400e+01 8.400e+01 -24 2 1 1.407e+02 1.533e+02 116 2 4 4.493e+02 4.747e+02 236 2 3 9.169e+01 1.183e+02 247 2 4 1.145e+02 1.375e+02 214
43327 12 0 4 5.029e+02 5.051e+02 20 0 2 6.592e+02 6.848e+02 238 0 4 6.584e+02 6.856e+02 253 1 4 5.287e+02 5.633e+02 322 2 3 1.007e+02 1.093e+02 80 2 4 4.610e+02 4.630e+02 19 2 4 5.007e+02 5.073e+02 62 2 1 5.231e+02 5.269e+02 35 2 4 1.167e+02 1.353e+02 173 2 3 5.176e+02 5.324e+02 137 2 2 4.855e+02 5.225e+02 344 2 4 4.431e+02 4.809e+02 351
43331 12 0 2 6.695e+02 6.745e+02 46 0 4 6.706e+02 6.734e+02 26 0 1 6.385e+02 6.635e+02 233 0 3 6.344e+02 6.676e+02 309 0 1 6.285e+02 6.735e+02 418 0 2 6.492e+02 6.948e+02 424 2 2 1.232e+02 1.288e+02 51 2 1 1.467e+02 1.473e+02 6 2 4 1.230e+02 1.290e+02 56 2 3 1.355e+02 1.585e+02 213 2 3 1.007e+02 1.093e+02 80 2 4 7.222e+01 9.578e+01 219
43333 2 3 1 6.400e+02 6.620e+02 205 3 2 6.675e+02 6.765e+02 83
43334 2 0 2 1.680e+02 1.680e+02 -7 1 2 3.242e+02 3.478e+02 219
43335 8 2 2 2.512e+02 2.528e+02 15 2 2 6.263e+02 6.337e+02 70 2 2 2.449e+02 2.591e+02 131 2 1 2.567e+02 2.893e+02 302 2 4 2.435e+02 2.605e+02 158 2 4 2.803e+02 3.077e+02 255 2 1 2.127e+02 2.493e+02 340 2 3 2.137e+02 2.483e+02 320
43338 27 0 1 6.084e+02 6.096e+02 11 0 4 4.577e+02 4.663e+02 80 0 1 5.545e+02 5.795e+02 233 0 3 6.048e+02 6.132e+02 78 0 3 6.414e+02 6.606e+02 179 0 1 4.335e+02 4.485e+02 140 0 2 4.516e+02 4.724e+02 193 0 4 6.275e+02 6.325e+02 46 0 2 6.643e+02 6.797e+02 144 0 3 4.281e+02 4.539e+02 240 0 4 5.836e+02 5.924e+02 82 0 4 6.657e+02 6.783e+02 116 0 2 6.205e+02 6.395e+02 176 0 1 6.394e+02 6.626e+02 216 0 3 5.906e+02 6.274e+02 342 0 2 6.112e+02 6.488e+02 350 1 4 6.149e+02 6.451e+02 280 2 1 6.055e+01 6.545e+01 46 2 4 5.831e+02 5.929e+02 91 2 2 8.178e+01 8.622e+01 41 2 3 1.756e+01 2.444e+01 64 2 2 7.648e+01 9.152e+01 140 2 2 3.515e+01 4.885e+01 127 2 4 7.334e+01 9.466e+01 198 2 3 5.149e+01 7.451e+01 214 2 1 9.756e+00 3.224e+01 209 2 1 4.426e+01 8.174e+01 348
43339 0
43341 7 0 1 6.510e+02 6.510e+02 -17 0 3 6.467e+02 6.553e+02 80 0 4 6.609e+02 6.831e+02 206 0 2 6.573e+02 6.867e+02 272 2 3 5.988e+01 6.612e+01 58 2 4 8.352e+01 8.448e+01 9 2 4 2.909e+01 5.491e+01 240
43342 1 2 2 2.506e+02 2.534e+02 26
43345 0
