14619 1 2 2 3.865e+01 4.535e+01 62
14620 10 0 4 4.157e+02 4.243e+02 80 0 2 5.029e+02 5.051e+02 20 0 3 4.256e+02 4.564e+02 286 0 4 4.980e+02 5.100e+02 112 0 3 5.081e+02 5.419e+02 315 0 3 3.824e+02 4.156e+02 308 0 1 4.686e+02 4.974e+02 268 2 3 1.050e+02 1.050e+02 -18 2 4 7.383e+01 9.417e+01 189 3 3 1.858e+00 4.014e+01 356
14621 9 0 4 3.344e+02 3.376e+02 30 0 2 2.868e+02 3.012e+02 135 0 4 2.916e+02 2.964e+02 46 0 1 2.661e+02 2.799e+02 129 0 3 2.555e+02 2.905e+02 326 2 1 2.286e+02 2.334e+02 46 2 4 2.034e+02 2.166e+02 122 2 3 2.247e+02 2.373e+02 116 2 2 1.952e+02 2.248e+02 276
14622 23 0 1 4.820e+02 4.840e+02 18 0 2 3.330e+02 3.390e+02 56 0 2 6.678e+02 6.762e+02 79 0 4 6.641e+02 6.799e+02 146 0 2 6.573e+02 6.867e+02 273 0 2 6.517e+02 6.923e+02 376 1 3 5.666e+02 5.674e+02 7 1 2 5.403e+02 5.517e+02 106 2 4 2.507e+02 2.533e+02 25 2 1 2.715e+02 2.745e+02 27 2 3 3.970e+02 4.010e+02 37 2 4 3.760e+02 3.800e+02 36 2 3 1.788e+01 2.412e+01 58 2 4 8.047e+01 8.753e+01 66 2 2 2.451e+02 2.589e+02 128 2 4 2.930e+02 2.950e+02 18 2 4 3.329e+02 3.391e+02 58 2 3 9.115e+01 1.188e+02 257 2 2 2.365e+02 2.675e+02 288 2 3 2.601e+02 2.859e+02 240 2 4 3.601e+02 3.959e+02 332 2 2 6.782e+01 1.002e+02 300 3 1 2.100e+01 2.100e+01 -4
14623 29 0 1 5.649e+02 5.691e+02 40 0 3 1.866e+02 1.914e+02 45 0 2 6.283e+02 6.317e+02 32 0 3 6.503e+02 6.517e+02 13 0 2 1.589e+02 1.771e+02 170 0 1 4.368e+02 4.452e+02 77 0 4 1.965e+02 2.235e+02 251 0 4 5.030e+02 5.050e+02 19 0 1 1.296e+02 1.644e+02 324 0 3 5.633e+02 5.707e+02 68 0 4 6.296e+02 6.304e+02 7 0 4 6.682e+02 6.758e+02 70 0 3 4.314e+02 4.506e+02 179 0 4 4.536e+02 4.704e+02 156 0 2 5.360e+02 5.560e+02 186 0 1 5.914e+02 6.266e+02 326 0 1 6.481e+02 6.539e+02 54 0 1 4.746e+02 4.914e+02 156 0 3 5.892e+02 6.288e+02 368 0 2 6.658e+02 6.782e+02 115 0 2 4.504e+02 4.736e+02 216 0 4 6.573e+02 6.867e+02 274 0 3 4.651e+02 5.009e+02 332 1 2 6.160e+02 6.440e+02 260 2 1 2.088e+01 2.112e+01 2 2 3 1.859e+01 2.341e+01 45 2 3 5.606e+01 6.994e+01 129 2 3 5.358e+00 3.664e+01 290 2 2 2.811e+01 5.589e+01 258
14624 4 2 4 6.590e+02 6.850e+02 242 3 2 5.388e+02 5.532e+02 134 3 1 5.570e+02 5.770e+02 186 3 3 5.561e+02 5.779e+02 203
14625 7 0 3 4.604e+02 5.056e+02 419 0 1 5.448e+02 5.892e+02 412 0 4 5.649e+02 6.111e+02 429 0 4 4.798e+02 5.282e+02 450 0 2 6.097e+02 6.503e+02 376 0 3 6.261e+02 6.759e+02 463 0 4 6.083e+02 6.517e+02 403
14628 16 0 1 5.670e+02 5.670e+02 -7 0 4 5.880e+02 5.880e+02 -3 0 4 6.683e+02 6.757e+02 68 0 3 5.665e+02 5.675e+02 9 0 2 6.219e+02 6.381e+02 150 0 1 6.358e+02 6.662e+02 283 0 2 5.365e+02 5.555e+02 176 0 4 6.166e+02 6.434e+02 250 0 1 5.573e+02 5.767e+02 180 0 3 5.564e+02 5.776e+02 197 1 2 6.131e+02 6.469e+02 315 2 1 6.051e+01 6.549e+01 46 2 4 2.085e+02 2.115e+02 27 2 3 5.535e+01 7.065e+01 142 2 2 3.156e+01 5.244e+01 194 2 4 2.779e+01 5.621e+01 264
14629 0
14630 8 1 2 5.861e+02 5.899e+02 35 1 4 5.876e+02 5.884e+02 8 1 2 4.469e+02 4.771e+02 281 1 1 5.496e+02 5.844e+02 323 2 2 3.695e+01 4.705e+01 94 2 3 3.564e+02 3.576e+02 10 2 3 9.272e+01 1.173e+02 228 2 2 7.208e+01 9.592e+01 221
14631 0
14632 4 0 3 5.219e+02 5.281e+02 58 0 1 5.147e+02 5.353e+02 190 0 2 4.855e+02 5.225e+02 343 1 2 6.113e+02 6.487e+02 348
14633 29 0 4 6.257e+02 6.343e+02 80 0 2 6.718e+02 6.722e+02 3 0 2 5.015e+02 5.065e+02 46 0 3 5.638e+02 5.702e+02 60 0 4 5.817e+02 5.943e+02 116 0 1 6.504e+02 6.516e+02 11 0 3 5.220e+02 5.280e+02 56 0 1 6.077e+02 6.103e+02 24 0 3 6.484e+02 6.536e+02 48 0 2 4.906e+02 5.174e+02 249 0 1 5.129e+02 5.371e+02 225 0 3 6.009e+02 6.171e+02 150 0 4 6.702e+02 6.738e+02 34 0 2 4.841e+02 5.240e+02 370 0 2 6.228e+02 6.372e+02 133 0 2 6.600e+02 6.840e+02 222 0 4 4.820e+02 5.260e+02 409 0 3 5.951e+02 6.229e+02 258 0 4 6.575e+02 6.865e+02 269 0 1 5.914e+02 6.266e+02 327 0 3 6.324e+02 6.696e+02 346 0 3 6.272e+02 6.748e+02 441 2 4 2.094e+02 2.106e+02 11 2 4 3.726e+01 4.674e+01 88 2 1 1.703e+01 2.497e+01 74 2 3 1.528e+01 2.672e+01 106 2 2 3.547e+01 4.853e+01 121 2 3 2.487e+00 3.951e+01 344 2 2 2.192e+01 6.208e+01 373
14634 15 0 2 6.277e+02 6.323e+02 43 0 4 6.291e+02 6.309e+02 17 0 4 6.622e+02 6.818e+02 182 0 1 6.031e+02 6.149e+02 110 0 1 6.322e+02 6.698e+02 349 0 3 5.926e+02 6.254e+02 305 2 2 4.187e+02 4.213e+02 24 2 2 3.770e+02 3.790e+02 19 2 3 1.994e+01 2.206e+01 20 2 4 3.755e+02 3.805e+02 47 2 3 4.321e+02 4.499e+02 166 2 2 3.336e+01 5.064e+01 160 2 4 1.146e+02 1.374e+02 212 2 1 4.745e+01 7.855e+01 289 3 4 2.796e+02 3.084e+02 268
14635 3 0 1 5.239e+02 5.261e+02 20 0 3 5.188e+02 5.312e+02 115 0 1 4.985e+02 5.515e+02 491
14636 6 0 4 5.819e+02 5.941e+02 113 0 2 6.624e+02 6.816e+02 178 0 1 5.921e+02 6.259e+02 315 0 4 6.609e+02 6.831e+02 206 0 3 5.939e+02 6.241e+02 280 2 4 1.621e+02 1.739e+02 110
14637 0
14638 6 0 2 5.439e+02 5.481e+02 40 0 3 6.026e+02 6.154e+02 118 0 3 5.594e+02 5.746e+02 140 0 1 5.108e+02 5.392e+02 264 1 1 5.868e+02 6.312e+02 412 1 4 6.088e+02 6.512e+02 395
14639 5 0 4 6.300e+02 6.300e+02 -10 2 2 3.690e+01 4.710e+01 95 2 4 3.026e+01 5.374e+01 218 2 3 5.368e+01 7.232e+01 173 2 1 4.516e+01 8.084e+01 331
14640 13 0 1 5.233e+02 5.267e+02 32 0 2 6.616e+02 6.824e+02 194 1 1 1.461e+02 1.479e+02 16 1 2 1.674e+02 1.686e+02 10 1 3 1.441e+02 1.499e+02 55 1 4 1.656e+02 1.704e+02 46 1 2 4.472e+02 4.768e+02 275 1 4 1.165e+02 1.355e+02 177 1 4 1.512e+02 1.848e+02 312 1 3 1.742e+02 2.038e+02 275 2 1 1.788e+01 2.412e+01 58 2 3 6.795e+00 3.521e+01 264 2 1 4.259e+02 4.561e+02 280
14641 5 0 1 5.559e+02 5.781e+02 206 0 4 5.824e+02 5.936e+02 105 0 2 6.659e+02 6.781e+02 114 0 4 6.678e+02 6.762e+02 78 2 2 8.056e+01 8.744e+01 64
14642 3 2 2 1.253e+02 1.267e+02 13 2 3 9.084e+01 1.192e+02 263 2 4 1.079e+02 1.441e+02 336
14643 15 0 2 6.260e+02 6.340e+02 74 0 4 6.241e+02 6.359e+02 110 0 1 6.437e+02 6.583e+02 135 0 4 5.820e+02 5.940e+02 110 0 3 6.456e+02 6.564e+02 100 0 1 6.025e+02 6.155e+02 120 0 2 6.634e+02 6.806e+02 160 0 3 6.031e+02 6.149e+02 110 0 4 6.582e+02 6.858e+02 256 0 4 6.084e+02 6.516e+02 400 0 1 5.832e+02 6.348e+02 480 2 2 1.204e+02 1.316e+02 105 2 4 1.552e+02 1.808e+02 237 2 4 7.432e+01 9.368e+01 180 2 3 1.663e+02 2.117e+02 421
14644 6 0 2 3.176e+02 3.544e+02 342 0 2 6.106e+02 6.494e+02 360 0 4 3.168e+02 3.552e+02 356 0 3 6.345e+02 6.675e+02 306 2 1 3.454e+02 3.686e+02 216 2 2 3.619e+02 3.941e+02 299
14645 27 0 1 5.243e+02 5.257e+02 12 0 2 6.298e+02 6.302e+02 4 0 3 5.250e+02 5.250e+02 -21 0 4 6.255e+02 6.345e+02 83 0 4 4.137e+02 4.263e+02 117 0 2 4.922e+02 5.158e+02 219 0 3 4.296e+02 4.524e+02 212 0 3 5.656e+02 5.684e+02 26 0 3 6.483e+02 6.537e+02 50 0 3 5.127e+02 5.373e+02 229 0 2 6.626e+02 6.814e+02 174 0 4 6.668e+02 6.772e+02 96 0 1 6.397e+02 6.623e+02 210 1 4 6.284e+02 6.316e+02 30 1 1 5.222e+02 5.278e+02 51 1 4 3.274e+02 3.446e+02 160 1 2 6.262e+02 6.338e+02 70 1 3 5.206e+02 5.294e+02 82 1 2 5.336e+02 5.584e+02 230 1 1 5.972e+02 6.208e+02 220 1 4 5.357e+02 5.563e+02 192 1 3 5.964e+02 6.216e+02 234 2 1 1.850e+01 2.350e+01 46 2 4 8.052e+01 8.748e+01 65 2 1 5.736e+01 6.864e+01 105 2 3 5.709e+01 6.891e+01 110 2 3 1.298e+01 2.902e+01 149
14646 0
14647 11 0 2 6.822e+01 9.978e+01 293 2 1 2.712e+02 2.748e+02 34 2 3 1.440e+02 1.500e+02 56 2 1 1.370e+02 1.570e+02 186 2 3 6.300e+01 6.300e+01 -19 2 4 1.152e+02 1.368e+02 200 2 2 1.507e+02 1.853e+02 321 2 1 5.821e+01 6.779e+01 89 2 2 7.244e+01 9.556e+01 215 2 2 2.537e+01 5.863e+01 309 3 1 2.057e+01 2.143e+01 8
14648 6 0 2 6.207e+02 6.393e+02 173 0 2 6.658e+02 6.782e+02 115 0 4 6.663e+02 6.777e+02 106 1 3 6.054e+02 6.126e+02 66 1 2 6.257e+02 6.343e+02 80 2 4 1.192e+02 1.328e+02 127
14649 7 0 2 6.650e+02 6.790e+02 130 0 4 6.654e+02 6.786e+02 123 0 1 3.771e+02 4.209e+02 406 0 4 3.974e+02 4.426e+02 420 1 3 6.065e+02 6.115e+02 46 1 4 6.247e+02 6.353e+02 98 1 2 6.175e+02 6.425e+02 233
14650 20 0 2 6.256e+02 6.344e+02 82 0 2 6.683e+02 6.757e+02 69 0 4 6.216e+02 6.384e+02 156 0 4 6.674e+02 6.766e+02 86 0 3 6.410e+02 6.610e+02 186 0 1 6.370e+02 6.650e+02 260 1 2 6.276e+02 6.324e+02 44 2 1 3.990e+02 3.990e+02 -13 2 1 1.843e+02 1.937e+02 88 2 4 5.880e+02 5.880e+02 -3 2 2 3.780e+02 3.780e+02 -7 2 3 3.968e+02 4.012e+02 41 2 4 1.247e+02 1.273e+02 25 2 1 6.029e+02 6.151e+02 113 2 4 3.761e+02 3.799e+02 35 2 2 4.030e+02 4.370e+02 316 2 3 3.608e+00 3.839e+01 323 2 3 5.982e+02 6.198e+02 200 2 3 3.423e+02 3.717e+02 274 2 2 5.786e+02 5.974e+02 174
14651 66 0 3 4.820e+02 4.840e+02 18 0 2 5.447e+02 5.473e+02 25 0 1 6.087e+02 6.093e+02 6 0 2 6.709e+02 6.731e+02 20 0 4 4.174e+02 4.226e+02 48 0 2 5.015e+02 5.065e+02 47 0 1 5.556e+02 5.784e+02 212 0 3 6.079e+02 6.101e+02 20 0 4 6.696e+02 6.744e+02 45 0 1 4.398e+02 4.422e+02 22 0 4 4.898e+02 5.182e+02 264 0 4 6.212e+02 6.388e+02 164 0 1 6.481e+02 6.539e+02 54 0 1 4.329e+02 4.491e+02 150 0 3 5.525e+02 5.815e+02 269 0 4 5.767e+02 5.993e+02 210 0 3 6.490e+02 6.530e+02 38 0 1 3.869e+02 4.111e+02 226 0 1 5.058e+02 5.442e+02 356 0 1 5.922e+02 6.258e+02 311 0 3 6.340e+02 6.680e+02 316 0 3 3.791e+02 4.189e+02 369 0 2 6.142e+02 6.458e+02 293 0 4 6.558e+02 6.882e+02 300 0 3 5.890e+02 6.290e+02 370 1 2 6.278e+02 6.322e+02 40 1 2 4.188e+02 4.212e+02 21 1 4 6.265e+02 6.335e+02 65 1 2 5.752e+02 6.008e+02 238 1 3 6.058e+02 6.122e+02 59 1 4 5.798e+02 5.962e+02 153 1 1 6.013e+02 6.167e+02 142 1 2 6.127e+02 6.473e+02 322 1 4 6.159e+02 6.441e+02 262 1 3 5.915e+02 6.265e+02 325 1 4 6.097e+02 6.503e+02 376 2 4 2.939e+02 2.941e+02 1 2 4 4.121e+01 4.279e+01 15 2 4 4.583e+02 4.657e+02 69 2 4 2.479e+02 2.561e+02 76 2 1 5.228e+02 5.272e+02 40 2 3 2.673e+02 2.787e+02 106 2 3 6.036e+02 6.144e+02 100 2 1 6.113e+01 6.487e+01 35 2 2 5.405e+02 5.515e+02 103 2 4 2.377e+02 2.663e+02 265 2 4 6.554e+02 6.886e+02 308 2 2 2.924e+02 2.956e+02 30 2 2 3.218e+02 3.502e+02 263 2 4 5.396e+02 5.524e+02 120 2 1 1.604e+01 2.596e+01 92 2 2 5.701e+02 6.059e+02 333 2 1 3.062e+02 3.238e+02 164 2 3 1.420e+01 2.780e+01 126 2 4 4.381e+02 4.859e+02 444 2 3 3.069e+02 3.231e+02 150 2 3 5.552e+02 5.788e+02 220 2 2 2.887e+01 5.513e+01 244 2 1 5.090e+02 5.410e+02 298 2 4 2.786e+02 3.094e+02 286 2 3 4.969e+01 7.631e+01 247 2 1 2.950e+02 3.350e+02 371 3 2 3.982e+01 4.418e+01 40 3 1 5.201e+02 5.299e+02 90 3 4 2.209e+01 6.191e+01 370 3 3 8.407e+00 3.359e+01 234
14652 11 0 3 6.510e+02 6.510e+02 -17 0 1 6.507e+02 6.513e+02 6 0 2 6.124e+02 6.476e+02 326 0 4 1.442e+02 1.918e+02 441 0 3 6.410e+02 6.610e+02 186 0 4 3.516e+02 4.044e+02 490 0 2 6.568e+02 6.872e+02 283 1 4 7.257e+01 9.543e+01 212 2 3 9.546e+01 1.145e+02 177 2 3 4.081e+01 8.519e+01 412 2 4 1.417e+02 1.943e+02 489
14653 1 2 3 4.367e+02 4.453e+02 80
14654 15 1 2 5.842e+02 5.918e+02 70 1 3 6.004e+02 6.176e+02 159 1 4 5.706e+02 6.054e+02 324 1 1 5.903e+02 6.277e+02 346 2 4 1.235e+02 1.285e+02 46 2 3 4.370e+02 4.450e+02 75 2 4 2.088e+02 2.112e+02 22 2 3 6.059e+02 6.121e+02 58 2 4 8.070e+01 8.730e+01 61 2 3 2.264e+02 2.356e+02 86 2 3 4.270e+02 4.550e+02 260 2 4 1.145e+02 1.375e+02 213 2 4 1.986e+02 2.214e+02 211 2 2 2.373e+02 2.667e+02 274 3 1 3.141e+02 3.159e+02 17
14655 19 0 4 3.736e+02 3.824e+02 81 0 3 6.504e+02 6.516e+02 11 0 1 6.439e+02 6.581e+02 132 0 2 6.139e+02 6.461e+02 300 0 4 6.575e+02 6.865e+02 270 1 4 6.294e+02 6.306e+02 11 1 1 6.032e+02 6.148e+02 108 1 2 6.211e+02 6.389e+02 166 1 3 5.922e+02 6.258e+02 311 2 4 2.933e+02 2.947e+02 14 2 4 1.254e+02 1.266e+02 11 2 3 1.463e+02 1.477e+02 14 2 2 2.051e+02 2.149e+02 90 2 2 1.556e+02 1.804e+02 230 2 4 4.072e+02 4.328e+02 237 2 4 2.378e+02 2.662e+02 264 2 4 2.827e+02 3.053e+02 210 2 1 1.303e+02 1.637e+02 310 2 4 2.745e+02 3.135e+02 362
14659 13 0 2 3.337e+02 3.383e+02 43 0 1 3.933e+02 4.047e+02 106 0 1 3.513e+02 3.627e+02 106 0 3 3.930e+02 4.050e+02 111 0 2 3.565e+02 3.995e+02 400 0 4 3.568e+02 3.992e+02 395 0 2 3.145e+02 3.575e+02 399 0 4 3.146e+02 3.574e+02 398 1 1 3.469e+02 3.671e+02 187 1 3 3.479e+02 3.661e+02 170 1 3 2.988e+02 3.312e+02 301 1 2 3.181e+02 3.539e+02 333 1 4 3.183e+02 3.537e+02 330
14660 5 0 1 5.607e+02 5.733e+02 116 0 4 5.873e+02 5.887e+02 14 0 3 5.562e+02 5.778e+02 201 0 3 5.491e+02 5.849e+02 333 1 4 5.457e+02 5.463e+02 6
14661 0
