33209 56 0 4 6.292e+02 6.308e+02 15 0 1 6.041e+02 6.139e+02 91 0 4 6.720e+02 6.720e+02 -15 0 1 4.377e+02 4.443e+02 61 0 1 5.508e+02 5.832e+02 300 0 2 6.292e+02 6.308e+02 16 0 1 6.468e+02 6.552e+02 78 0 2 4.475e+02 4.765e+02 269 0 4 5.825e+02 5.935e+02 101 0 2 6.657e+02 6.783e+02 117 0 4 4.840e+02 5.240e+02 371 0 1 5.924e+02 6.256e+02 309 0 1 6.349e+02 6.671e+02 300 0 3 5.937e+02 6.243e+02 285 0 3 6.323e+02 6.697e+02 347 0 2 6.135e+02 6.465e+02 307 0 4 6.525e+02 6.915e+02 361 0 4 6.115e+02 6.485e+02 344 1 3 6.064e+02 6.116e+02 48 1 2 5.871e+02 5.889e+02 16 1 4 6.232e+02 6.368e+02 126 1 4 5.837e+02 5.923e+02 80 1 4 5.726e+02 6.034e+02 286 2 3 1.459e+02 1.481e+02 20 2 2 2.923e+02 2.957e+02 31 2 4 3.751e+02 3.809e+02 55 2 2 5.416e+02 5.504e+02 81 2 4 4.094e+01 4.306e+01 20 2 4 1.206e+02 1.314e+02 100 2 3 1.876e+02 1.904e+02 26 2 2 2.075e+02 2.125e+02 47 2 4 2.858e+02 3.022e+02 153 2 2 3.305e+02 3.415e+02 102 2 2 3.731e+01 4.669e+01 87 2 2 8.204e+01 8.596e+01 36 2 1 1.408e+02 1.532e+02 115 2 4 2.074e+02 2.126e+02 48 2 3 2.615e+02 2.845e+02 213 2 4 3.343e+02 3.377e+02 32 2 1 5.099e+01 7.501e+01 223 2 4 7.311e+01 9.489e+01 202 2 2 1.593e+02 1.767e+02 162 2 1 2.244e+02 2.376e+02 122 2 4 2.745e+02 3.135e+02 362 2 1 3.425e+02 3.715e+02 269 2 3 4.974e+01 7.626e+01 246 2 4 1.637e+02 1.723e+02 80 2 3 2.245e+02 2.375e+02 120 2 1 2.990e+02 3.310e+02 298 2 3 1.016e+01 3.184e+01 201 2 1 1.755e+02 2.025e+02 250 2 4 1.962e+02 2.238e+02 257 2 3 1.752e+02 2.028e+02 257 2 4 2.332e+02 2.708e+02 349 3 3 6.082e+01 6.518e+01 40 3 1 4.811e+02 4.849e+02 35
33210 38 0 1 6.083e+02 6.097e+02 14 0 2 6.708e+02 6.732e+02 23 0 3 6.088e+02 6.092e+02 5 0 4 6.709e+02 6.731e+02 20 0 2 6.291e+02 6.309e+02 17 0 2 6.571e+02 6.869e+02 277 0 4 6.300e+02 6.300e+02 -3 0 4 6.545e+02 6.895e+02 326 0 2 6.195e+02 6.405e+02 195 0 1 5.930e+02 6.250e+02 297 0 3 5.922e+02 6.258e+02 312 0 4 6.131e+02 6.469e+02 315 1 1 6.086e+02 6.094e+02 7 1 1 2.186e+02 2.434e+02 230 2 2 2.518e+02 2.522e+02 3 2 3 6.300e+01 6.300e+01 -20 2 4 4.200e+02 4.200e+02 -14 2 4 1.247e+02 1.273e+02 24 2 4 5.451e+02 5.469e+02 17 2 1 1.470e+02 1.470e+02 -0 2 1 4.393e+02 4.427e+02 31 2 2 3.766e+02 3.794e+02 26 2 4 4.563e+02 4.677e+02 106 2 3 1.011e+02 1.089e+02 72 2 3 5.583e+02 5.757e+02 162 2 3 1.407e+02 1.533e+02 117 2 1 4.273e+02 4.547e+02 254 2 3 2.219e+02 2.401e+02 169 2 1 5.537e+02 5.803e+02 246 2 4 2.837e+02 3.043e+02 192 2 2 5.729e+02 6.031e+02 280 2 4 3.748e+02 3.812e+02 59 2 3 3.813e+02 4.167e+02 328 2 4 1.167e+02 1.353e+02 173 2 4 2.382e+02 2.658e+02 257 2 1 2.578e+02 2.882e+02 282 2 4 3.606e+02 3.954e+02 324 2 2 1.071e+02 1.449e+02 351
33211 0
33214 0
33216 0
33217 13 0 3 6.462e+02 6.558e+02 90 0 4 3.595e+02 3.965e+02 343 0 3 3.825e+02 4.155e+02 306 0 4 6.522e+02 6.918e+02 368 1 2 6.134e+02 6.466e+02 309 2 1 1.931e+01 2.269e+01 31 2 2 8.142e+01 8.658e+01 48 2 3 3.105e+02 3.195e+02 83 2 2 3.255e+02 3.465e+02 196 2 1 2.992e+02 3.308e+02 293 2 3 2.487e+00 3.951e+01 344 2 4 2.738e+02 3.142e+02 375 2 1 3.419e+02 3.721e+02 280
33219 7 0 3 5.551e+02 5.789e+02 221 1 2 4.567e+02 4.673e+02 99 1 4 4.012e+02 4.388e+02 350 3 2 6.671e+02 6.769e+02 90 3 4 6.712e+02 6.728e+02 16 3 3 6.354e+02 6.666e+02 289 3 4 6.612e+02 6.828e+02 200
33221 0
33225 16 0 3 5.250e+02 5.250e+02 -23 0 3 6.074e+02 6.106e+02 30 0 1 6.035e+02 6.145e+02 103 2 4 5.811e+02 5.949e+02 128 2 1 6.066e+02 6.114e+02 44 2 2 5.789e+02 5.971e+02 169 2 3 5.897e+02 6.283e+02 359 3 2 3.731e+01 4.669e+01 87 3 3 1.460e+01 2.740e+01 119 3 1 1.361e+02 1.579e+02 203 3 3 5.813e+01 6.787e+01 90 3 2 1.085e+02 1.435e+02 326 3 4 3.076e+01 5.324e+01 209 3 3 4.902e+01 7.698e+01 260 3 2 6.737e+01 1.006e+02 309 3 1 4.539e+01 8.061e+01 327
33227 2 1 2 6.274e+02 6.326e+02 49 2 1 2.646e+02 2.814e+02 156
33228 14 0 1 6.090e+02 6.090e+02 -18 0 4 6.715e+02 6.725e+02 10 0 3 4.366e+02 4.454e+02 81 0 4 4.574e+02 4.666e+02 86 0 3 5.579e+02 5.761e+02 169 0 3 6.026e+02 6.154e+02 120 0 1 6.415e+02 6.605e+02 176 0 1 4.289e+02 4.531e+02 225 0 2 5.404e+02 5.516e+02 104 0 4 6.213e+02 6.387e+02 162 0 2 6.659e+02 6.781e+02 113 0 3 6.355e+02 6.665e+02 287 2 2 8.400e+01 8.400e+01 -8 2 3 4.839e+01 7.761e+01 271
33232 1 0 4 6.212e+02 6.388e+02 164
33236 3 0 2 5.408e+02 5.512e+02 97 0 3 6.026e+02 6.154e+02 118 0 3 5.518e+02 5.822e+02 282
33239 1 2 3 5.922e+02 6.258e+02 312
33240 5 1 2 6.270e+02 6.330e+02 56 1 1 5.945e+02 6.235e+02 269 2 4 6.701e+02 6.739e+02 36 2 4 4.999e+02 5.081e+02 76 2 4 4.885e+02 5.195e+02 287
33241 0
33242 29 0 1 6.498e+02 6.522e+02 23 0 3 2.305e+02 2.315e+02 10 0 1 3.979e+02 4.001e+02 20 0 3 2.714e+02 2.746e+02 30 0 1 4.808e+02 4.852e+02 40 0 3 1.826e+02 1.954e+02 118 0 2 5.444e+02 5.476e+02 29 0 2 3.658e+02 3.902e+02 227 0 1 6.061e+02 6.119e+02 55 0 4 1.532e+02 1.828e+02 275 0 3 6.485e+02 6.535e+02 47 0 3 2.571e+02 2.889e+02 296 0 3 3.880e+02 4.100e+02 204 0 4 3.682e+02 3.878e+02 181 0 3 4.815e+02 4.845e+02 27 0 4 3.184e+02 3.536e+02 327 0 3 6.068e+02 6.112e+02 41 0 4 6.606e+02 6.834e+02 212 0 3 4.759e+02 4.901e+02 131 0 3 5.530e+02 5.810e+02 260 0 4 6.149e+02 6.451e+02 280 0 1 6.351e+02 6.669e+02 295 0 2 4.890e+02 5.190e+02 278 0 1 5.089e+02 5.411e+02 300 0 4 5.698e+02 6.062e+02 337 0 2 6.578e+02 6.862e+02 263 0 4 4.888e+02 5.192e+02 283 0 2 6.137e+02 6.463e+02 302 0 2 4.467e+02 4.773e+02 284
33243 0
33244 50 0 4 3.789e+01 4.611e+01 76 0 3 4.929e+01 7.671e+01 255 0 1 6.477e+02 6.543e+02 61 0 1 3.985e+02 3.995e+02 10 0 2 4.997e+02 5.083e+02 80 0 3 5.147e+02 5.353e+02 192 0 2 6.652e+02 6.788e+02 126 0 4 4.900e+02 5.180e+02 260 0 4 6.672e+02 6.768e+02 89 0 1 4.644e+02 5.016e+02 345 0 4 6.590e+02 6.850e+02 242 1 3 5.646e+02 5.694e+02 44 1 4 5.868e+02 5.892e+02 23 1 3 1.626e+01 2.574e+01 88 1 4 6.282e+02 6.318e+02 34 1 1 5.605e+02 5.735e+02 121 1 1 6.081e+02 6.099e+02 17 1 2 5.816e+02 5.944e+02 118 1 3 6.079e+02 6.101e+02 20 1 3 5.504e+02 5.836e+02 308 1 2 6.240e+02 6.360e+02 111 1 2 5.698e+02 6.062e+02 338 1 3 5.980e+02 6.200e+02 205 1 4 5.746e+02 6.014e+02 250 1 4 6.161e+02 6.439e+02 259 1 1 5.911e+02 6.269e+02 332 1 2 6.103e+02 6.497e+02 366 2 3 1.707e+01 2.493e+01 73 2 4 8.186e+01 8.614e+01 40 2 4 5.026e+02 5.054e+02 26 2 1 2.294e+02 2.326e+02 30 2 3 3.546e+02 3.594e+02 46 2 4 3.856e+01 4.544e+01 64 2 3 1.044e+02 1.056e+02 10 2 4 1.651e+02 1.709e+02 53 2 3 2.263e+02 2.357e+02 88 2 4 3.295e+02 3.425e+02 121 2 1 5.674e+01 6.926e+01 116 2 2 7.940e+01 8.860e+01 86 2 4 2.436e+02 2.604e+02 156 2 2 3.633e+02 3.927e+02 273 2 3 5.337e+01 7.263e+01 179 2 4 7.217e+01 9.583e+01 220 2 3 1.703e+02 2.077e+02 348 2 4 1.981e+02 2.219e+02 221 2 4 3.222e+02 3.498e+02 256 2 2 2.887e+01 5.513e+01 244 2 2 1.129e+02 1.391e+02 243 2 2 1.920e+02 2.280e+02 335 3 1 2.021e+01 2.179e+01 15
33246 12 0 3 2.211e+02 2.409e+02 185 0 4 3.685e+02 3.875e+02 177 0 4 6.239e+02 6.361e+02 113 0 4 1.866e+02 2.334e+02 436 0 4 6.720e+02 6.720e+02 -20 0 1 3.320e+02 3.820e+02 465 0 1 6.034e+02 6.146e+02 104 0 2 6.652e+02 6.788e+02 126 0 3 6.009e+02 6.171e+02 150 0 4 6.629e+02 6.811e+02 170 1 4 5.760e+02 6.000e+02 223 1 2 5.206e+02 5.714e+02 472
33249 29 0 2 2.507e+02 2.533e+02 25 0 2 6.718e+02 6.722e+02 4 0 3 2.700e+02 2.760e+02 56 0 3 3.924e+02 4.056e+02 122 0 4 3.306e+02 3.414e+02 100 0 3 5.618e+02 5.722e+02 96 0 1 2.612e+02 2.848e+02 219 0 4 5.755e+02 6.005e+02 233 0 2 3.683e+02 3.877e+02 180 0 1 6.413e+02 6.607e+02 180 0 4 3.590e+02 3.970e+02 353 0 1 3.838e+02 4.142e+02 281 0 1 5.944e+02 6.236e+02 271 0 3 6.419e+02 6.601e+02 169 0 4 5.663e+02 6.097e+02 403 0 1 6.324e+02 6.696e+02 345 2 1 3.130e+02 3.170e+02 36 2 1 1.819e+01 2.381e+01 52 2 3 1.873e+02 1.907e+02 31 2 2 2.883e+02 2.997e+02 106 2 3 1.891e+01 2.309e+01 39 2 4 1.565e+02 1.795e+02 214 2 2 1.979e+02 2.221e+02 224 2 4 2.864e+02 3.016e+02 141 2 2 3.856e+01 4.544e+01 64 2 1 1.717e+02 2.063e+02 320 2 1 2.571e+02 2.889e+02 296 2 2 2.268e+01 6.132e+01 359 2 3 2.578e+02 2.882e+02 281
33252 6 0 2 2.460e+02 2.580e+02 111 0 3 2.689e+02 2.771e+02 76 0 4 2.790e+02 3.090e+02 279 0 4 3.203e+02 3.517e+02 292 0 1 2.140e+02 2.480e+02 316 2 1 1.276e+01 2.924e+01 153
33254 5 0 2 6.718e+02 6.722e+02 4 1 3 6.039e+02 6.141e+02 95 2 4 4.036e+01 4.364e+01 30 2 1 5.552e+01 7.048e+01 139 2 4 3.583e+02 3.977e+02 366
