7930 17 0 2 6.203e+02 6.397e+02 180 0 2 6.604e+02 6.836e+02 216 2 4 5.440e+02 5.480e+02 38 2 3 6.035e+02 6.145e+02 102 2 2 6.207e+02 6.393e+02 173 2 1 5.937e+02 6.243e+02 284 2 4 6.112e+02 6.488e+02 350 3 3 3.964e+02 4.016e+02 48 3 2 4.197e+02 4.203e+02 6 3 2 3.265e+02 3.455e+02 176 3 1 4.741e+02 4.919e+02 165 3 1 4.342e+02 4.478e+02 126 3 3 4.389e+02 4.431e+02 40 3 4 4.499e+02 4.741e+02 225 3 2 4.501e+02 4.739e+02 220 3 2 4.007e+02 4.393e+02 359 3 4 4.041e+02 4.359e+02 295
7931 2 2 4 4.004e+01 4.396e+01 36 2 4 6.535e+01 1.027e+02 346
7932 6 2 3 4.830e+02 4.830e+02 -22 2 4 4.491e+02 4.749e+02 240 3 2 3.111e+01 5.289e+01 202 3 3 5.358e+00 3.664e+01 290 3 4 3.125e+01 5.275e+01 200 3 1 5.001e+01 7.599e+01 241
7933 2 2 3 1.464e+02 1.476e+02 11 2 4 1.557e+02 1.803e+02 229
7934 1 1 4 6.129e+02 6.471e+02 318
7935 15 2 2 4.983e+02 5.097e+02 106 2 3 5.650e+02 5.690e+02 38 2 4 4.955e+02 5.125e+02 158 2 4 5.296e+02 5.624e+02 304 2 3 4.706e+02 4.954e+02 230 2 1 4.678e+02 4.982e+02 283 3 3 4.382e+02 4.438e+02 52 3 3 4.747e+02 4.913e+02 155 3 1 4.302e+02 4.518e+02 200 3 2 4.935e+02 5.145e+02 195 3 2 4.095e+02 4.305e+02 196 3 4 4.919e+02 5.161e+02 225 3 4 4.010e+02 4.390e+02 353 3 1 4.725e+02 4.935e+02 196 3 4 4.434e+02 4.806e+02 346
7936 0
7937 7 0 2 5.408e+02 5.512e+02 97 0 3 5.558e+02 5.782e+02 207 1 1 4.764e+02 4.896e+02 122 1 3 4.788e+02 4.872e+02 77 1 2 4.867e+02 5.213e+02 320 2 1 6.203e+01 6.397e+01 18 2 4 8.400e+01 8.400e+01 -16
7938 8 0 4 6.644e+02 6.796e+02 141 0 1 6.450e+02 6.570e+02 110 0 3 6.401e+02 6.619e+02 202 0 2 6.604e+02 6.836e+02 216 2 2 2.475e+02 2.565e+02 84 2 4 2.465e+02 2.575e+02 101 2 1 2.587e+02 2.873e+02 266 2 3 2.541e+02 2.919e+02 351
7939 6 0 3 2.281e+02 2.339e+02 55 0 4 2.470e+02 2.570e+02 92 0 3 6.462e+02 6.558e+02 90 0 1 2.239e+02 2.381e+02 132 0 4 6.633e+02 6.807e+02 161 0 2 1.934e+02 2.266e+02 308
7940 33 0 2 6.720e+02 6.720e+02 -14 0 2 5.040e+02 5.040e+02 -9 0 1 5.580e+02 5.760e+02 166 0 4 5.851e+02 5.909e+02 54 0 1 6.499e+02 6.521e+02 20 0 1 4.314e+02 4.506e+02 178 0 4 5.033e+02 5.047e+02 13 0 3 5.565e+02 5.775e+02 195 0 3 6.026e+02 6.154e+02 118 0 3 6.486e+02 6.534e+02 44 0 2 4.589e+02 4.651e+02 58 0 3 5.088e+02 5.412e+02 301 0 1 5.965e+02 6.215e+02 232 0 4 6.701e+02 6.739e+02 36 0 4 4.602e+02 4.638e+02 34 0 2 6.145e+02 6.455e+02 287 0 1 6.333e+02 6.687e+02 329 0 1 4.790e+02 4.870e+02 75 0 4 6.161e+02 6.439e+02 258 0 3 4.687e+02 4.973e+02 266 0 1 4.653e+02 5.007e+02 329 1 4 5.878e+02 5.882e+02 3 1 1 6.063e+02 6.117e+02 50 1 2 6.265e+02 6.335e+02 66 1 2 6.193e+02 6.407e+02 199 1 4 6.166e+02 6.434e+02 249 2 1 2.100e+01 2.100e+01 -16 2 3 9.352e+00 3.265e+01 216 2 3 6.506e+02 6.514e+02 7 2 2 7.670e+01 9.130e+01 136 2 4 6.208e+02 6.392e+02 171 2 4 7.904e+01 8.896e+01 92 2 4 6.702e+02 6.738e+02 33
7941 46 0 1 5.658e+02 5.682e+02 22 0 4 5.039e+02 5.041e+02 1 0 1 4.728e+02 4.932e+02 190 0 3 5.611e+02 5.729e+02 110 0 4 5.798e+02 5.962e+02 152 0 4 4.061e+02 4.339e+02 259 0 3 4.666e+02 4.994e+02 306 0 1 4.277e+02 4.543e+02 247 1 3 6.075e+02 6.105e+02 28 1 4 6.264e+02 6.336e+02 67 1 2 5.714e+02 6.046e+02 308 1 1 6.030e+02 6.150e+02 110 1 2 6.192e+02 6.408e+02 200 1 4 6.149e+02 6.451e+02 280 1 3 5.902e+02 6.278e+02 349 2 3 1.788e+01 2.412e+01 58 2 3 3.960e+02 4.020e+02 56 2 3 1.442e+02 1.498e+02 52 2 2 5.433e+02 5.487e+02 50 2 3 2.716e+02 2.744e+02 26 2 1 1.124e+01 3.076e+01 181 2 3 5.208e+02 5.292e+02 79 2 2 1.226e+02 1.294e+02 64 2 2 4.040e+02 4.360e+02 296 2 4 1.622e+02 1.738e+02 107 2 4 4.889e+02 5.191e+02 281 2 4 2.387e+02 2.653e+02 247 2 1 5.470e+02 5.870e+02 372 2 2 2.916e+02 2.964e+02 44 2 4 3.678e+02 3.882e+02 189 2 2 3.605e+01 4.795e+01 110 2 4 1.177e+02 1.343e+02 154 2 3 1.803e+02 1.977e+02 161 2 1 3.120e+02 3.180e+02 56 2 2 2.506e+01 5.894e+01 315 2 3 8.913e+01 1.209e+02 295 2 1 1.419e+02 1.521e+02 94 2 1 3.034e+02 3.266e+02 215 2 4 2.331e+01 6.069e+01 347 2 2 1.568e+02 1.792e+02 207 2 1 2.557e+02 2.903e+02 321 2 1 4.525e+01 8.075e+01 330 2 4 1.569e+02 1.791e+02 206 2 4 2.750e+02 3.130e+02 352 2 1 1.774e+02 2.006e+02 216 3 1 1.743e+01 2.457e+01 66
7942 5 0 3 6.081e+02 6.099e+02 17 0 4 6.706e+02 6.734e+02 26 0 1 6.028e+02 6.152e+02 116 0 3 6.462e+02 6.558e+02 89 1 4 5.779e+02 5.981e+02 187
7945 67 0 3 1.999e+01 2.201e+01 19 0 1 3.987e+02 3.993e+02 6 0 2 2.084e+02 2.116e+02 30 0 4 4.594e+02 4.646e+02 48 0 1 3.542e+02 3.598e+02 52 0 2 5.417e+02 5.503e+02 80 0 3 2.193e+02 2.427e+02 217 0 2 6.290e+02 6.310e+02 18 0 4 2.860e+02 3.020e+02 149 0 3 6.500e+02 6.520e+02 18 0 2 3.266e+02 3.454e+02 174 0 4 4.156e+02 4.244e+02 82 0 4 3.219e+01 5.181e+01 182 0 3 4.809e+02 4.851e+02 39 0 1 1.709e+02 2.071e+02 336 0 4 6.270e+02 6.330e+02 56 0 4 1.940e+02 2.260e+02 297 0 2 6.696e+02 6.744e+02 44 0 3 2.596e+02 2.864e+02 248 0 3 3.902e+02 4.078e+02 164 0 4 3.252e+02 3.468e+02 200 0 4 5.011e+02 5.069e+02 55 0 1 4.012e+00 3.799e+01 316 0 3 5.566e+02 5.774e+02 193 0 1 3.403e+02 3.737e+02 310 0 3 6.029e+02 6.151e+02 113 0 4 6.704e+02 6.736e+02 30 0 1 4.706e+02 4.954e+02 230 0 1 5.062e+02 5.438e+02 350 0 4 5.763e+02 5.997e+02 217 0 1 6.465e+02 6.555e+02 83 0 3 4.724e+02 4.936e+02 196 0 1 5.942e+02 6.238e+02 276 0 2 6.548e+02 6.892e+02 320 0 2 4.475e+02 4.765e+02 269 0 2 4.863e+02 5.217e+02 328 1 1 6.088e+02 6.092e+02 3 1 1 4.764e+02 4.896e+02 123 1 4 4.496e+02 4.744e+02 230 1 2 5.861e+02 5.899e+02 35 1 3 6.071e+02 6.109e+02 35 1 4 4.975e+02 5.105e+02 120 1 4 5.339e+02 5.581e+02 225 1 2 6.300e+02 6.300e+02 0 1 3 4.681e+02 4.979e+02 276 1 4 6.284e+02 6.316e+02 30 1 2 4.863e+02 5.217e+02 328 2 2 4.067e+01 4.333e+01 25 2 4 2.439e+02 2.601e+02 150 2 3 5.215e+02 5.285e+02 66 2 3 2.716e+02 2.744e+02 26 2 4 4.098e+02 4.302e+02 190 2 1 5.804e+01 6.796e+01 92 2 4 4.948e+02 5.132e+02 171 2 4 1.983e+02 2.217e+02 217 2 4 2.905e+02 2.975e+02 65 2 1 1.003e+01 3.197e+01 204 2 1 2.203e+02 2.417e+02 198 2 1 2.649e+02 2.811e+02 150 2 3 8.632e+00 3.337e+01 230 2 3 2.131e+02 2.489e+02 333 2 2 2.802e+02 3.078e+02 257 2 4 2.717e+01 5.683e+01 276 2 2 1.916e+02 2.284e+02 341 2 3 2.993e+02 3.307e+02 292 2 2 2.306e+02 2.734e+02 398 3 2 5.841e+02 5.919e+02 72
7946 45 0 3 9.340e+01 1.166e+02 216 0 2 6.192e+02 6.408e+02 201 0 4 6.600e+02 6.840e+02 222 0 2 7.082e+01 9.718e+01 245 0 1 3.843e+02 4.137e+02 274 0 2 2.352e+02 2.688e+02 311 0 4 6.188e+02 6.412e+02 207 0 1 2.493e+02 2.967e+02 440 0 1 6.398e+02 6.622e+02 207 0 2 3.633e+02 3.927e+02 273 0 1 5.031e+02 5.469e+02 406 0 4 1.443e+02 1.917e+02 440 0 1 5.979e+02 6.201e+02 206 0 4 2.354e+02 2.686e+02 309 0 3 6.405e+02 6.615e+02 196 0 3 5.934e+02 6.246e+02 289 0 2 6.608e+02 6.832e+02 208 0 2 6.131e+02 6.469e+02 315 0 4 5.645e+02 6.115e+02 436 1 4 6.193e+02 6.407e+02 198 1 2 5.777e+02 5.983e+02 192 1 3 2.525e+02 2.935e+02 380 1 1 5.971e+02 6.209e+02 220 1 4 2.281e+02 2.759e+02 445 1 1 5.441e+02 5.899e+02 426 1 3 5.978e+02 6.202e+02 208 1 1 5.000e+02 5.500e+02 464 1 2 6.189e+02 6.411e+02 206 2 4 7.280e+01 9.520e+01 208 2 2 5.335e+02 5.585e+02 231 2 3 2.157e+02 2.463e+02 285 2 2 5.754e+02 6.006e+02 235 2 3 9.326e+01 1.167e+02 218 2 4 6.567e+02 6.873e+02 284 2 1 1.287e+02 1.653e+02 340 2 4 4.053e+02 4.347e+02 274 2 2 2.401e+02 2.639e+02 221 2 2 4.421e+02 4.819e+02 369 2 1 2.464e+02 2.996e+02 494 2 4 5.752e+02 6.008e+02 237 2 2 1.037e+02 1.483e+02 415 2 3 4.238e+02 4.582e+02 320 2 4 1.861e+02 2.339e+02 445 2 1 4.638e+02 5.022e+02 356 2 3 5.866e+02 6.314e+02 416
7948 4 0 3 5.233e+02 5.267e+02 31 0 2 4.937e+02 5.143e+02 191 0 1 4.657e+02 5.003e+02 320 1 4 6.188e+02 6.412e+02 208
7949 8 0 2 6.254e+02 6.346e+02 85 0 2 3.716e+02 3.844e+02 120 0 4 6.286e+02 6.314e+02 26 0 4 3.764e+02 3.796e+02 30 0 1 5.952e+02 6.228e+02 257 0 1 3.397e+02 3.743e+02 320 0 3 5.916e+02 6.264e+02 324 2 4 6.695e+02 6.745e+02 46
7952 1 1 4 6.177e+02 6.423e+02 228
7953 21 0 4 6.288e+02 6.312e+02 23 0 2 6.275e+02 6.325e+02 47 0 3 5.609e+02 5.731e+02 114 0 2 5.355e+02 5.565e+02 196 0 1 5.927e+02 6.253e+02 303 0 1 5.551e+02 5.789e+02 220 0 3 5.912e+02 6.268e+02 331 1 4 6.289e+02 6.311e+02 20 1 1 5.983e+02 6.197e+02 198 1 2 6.209e+02 6.391e+02 170 1 3 5.965e+02 6.215e+02 231 2 4 8.272e+01 8.528e+01 24 2 4 2.507e+02 2.533e+02 25 2 3 1.020e+02 1.080e+02 56 2 4 1.114e+02 1.406e+02 271 2 2 1.120e+02 1.400e+02 260 3 2 7.859e+01 8.941e+01 100 3 1 5.220e+01 7.380e+01 200 3 3 5.570e+01 7.030e+01 136 3 4 7.401e+01 9.399e+01 186 3 1 4.368e+01 8.232e+01 359
7954 4 0 2 6.616e+02 6.824e+02 193 0 4 6.612e+02 6.828e+02 200 2 4 6.279e+02 6.321e+02 39 2 4 6.146e+02 6.454e+02 286
7955 1 1 1 1.351e+02 1.589e+02 221
7956 8 0 2 5.432e+02 5.488e+02 52 0 4 5.867e+02 5.893e+02 25 0 2 6.682e+02 6.758e+02 70 0 1 5.632e+02 5.708e+02 70 2 1 5.238e+02 5.262e+02 22 2 4 2.064e+02 2.136e+02 66 2 1 5.645e+02 5.695e+02 46 2 2 5.348e+02 5.572e+02 207
7957 26 0 3 4.694e+02 4.966e+02 252 0 3 5.976e+02 6.204e+02 211 0 4 6.576e+02 6.864e+02 268 0 4 4.903e+02 5.177e+02 254 0 2 5.274e+02 5.646e+02 346 0 1 5.921e+02 6.259e+02 315 0 3 6.315e+02 6.705e+02 363 0 3 5.002e+02 5.498e+02 460 0 4 6.468e+02 6.972e+02 467 2 1 2.725e+02 2.735e+02 9 2 1 2.057e+01 2.143e+01 8 2 2 2.509e+02 2.531e+02 21 2 3 3.126e+02 3.174e+02 44 2 3 5.822e+01 6.778e+01 89 2 4 1.231e+02 1.289e+02 54 2 3 1.417e+02 1.523e+02 98 2 4 2.435e+02 2.605e+02 158 2 3 2.644e+02 2.816e+02 160 2 1 5.229e+01 7.371e+01 199 2 2 7.262e+01 9.538e+01 211 2 3 2.195e+02 2.425e+02 213 2 4 2.846e+02 3.034e+02 174 2 3 1.949e+00 4.005e+01 354 2 4 6.629e+01 1.017e+02 329 2 2 2.392e+02 2.648e+02 238 2 4 2.365e+02 2.675e+02 288
7958 0
7959 90 0 3 4.819e+02 4.841e+02 20 0 4 2.493e+02 2.547e+02 50 0 4 3.738e+02 3.822e+02 79 0 3 6.090e+02 6.090e+02 -14 0 2 3.708e+02 3.852e+02 134 0 3 6.510e+02 6.510e+02 -20 0 4 1.493e+02 1.867e+02 347 0 4 1.980e+02 2.220e+02 222 0 2 5.011e+02 5.069e+02 53 0 4 3.623e+02 3.937e+02 291 0 2 3.202e+02 3.518e+02 294 0 2 6.284e+02 6.316e+02 30 0 4 6.698e+02 6.742e+02 40 0 1 3.929e+02 4.051e+02 113 0 2 4.603e+02 4.637e+02 31 0 1 5.670e+02 5.670e+02 -13 0 4 5.847e+02 5.913e+02 62 0 1 6.510e+02 6.510e+02 -13 0 1 4.353e+02 4.467e+02 106 0 4 4.603e+02 4.637e+02 31 0 3 5.619e+02 5.721e+02 96 0 1 6.062e+02 6.118e+02 52 0 2 6.694e+02 6.746e+02 49 0 3 4.295e+02 4.525e+02 213 0 1 4.810e+02 4.850e+02 38 0 1 5.103e+02 5.397e+02 272 0 4 6.233e+02 6.367e+02 124 0 2 6.556e+02 6.884e+02 304 0 1 3.869e+02 4.111e+02 225 0 2 4.944e+02 5.136e+02 178 0 3 5.124e+02 5.376e+02 235 0 4 5.736e+02 6.024e+02 268 0 3 3.843e+02 4.137e+02 272 0 4 4.971e+02 5.109e+02 129 0 2 4.483e+02 4.757e+02 255 0 4 4.480e+02 4.760e+02 260 0 1 4.713e+02 4.947e+02 218 0 2 4.882e+02 5.198e+02 293 1 3 5.670e+02 5.670e+02 -21 1 3 6.090e+02 6.090e+02 0 1 1 5.209e+02 5.291e+02 76 1 2 5.880e+02 5.880e+02 -23 1 2 6.300e+02 6.300e+02 -21 1 3 4.784e+02 4.876e+02 85 1 4 5.873e+02 5.887e+02 12 1 4 6.300e+02 6.300e+02 -10 1 1 5.134e+02 5.366e+02 216 1 2 5.460e+02 5.460e+02 -4 1 1 6.090e+02 6.090e+02 -10 1 4 5.397e+02 5.523e+02 117 1 3 5.627e+02 5.713e+02 80 1 1 5.497e+02 5.843e+02 321 1 3 5.518e+02 5.822e+02 282 1 2 5.714e+02 6.046e+02 308 2 3 1.050e+02 1.050e+02 -10 2 2 2.520e+02 2.520e+02 -10 2 1 4.403e+02 4.417e+02 14 2 4 2.940e+02 2.940e+02 -4 2 4 5.040e+02 5.040e+02 -11 2 4 3.780e+02 3.780e+02 -8 2 2 4.149e+02 4.251e+02 95 2 4 4.200e+01 4.200e+01 -7 2 3 4.802e+02 4.858e+02 52 2 2 1.260e+02 1.260e+02 -20 2 3 5.177e+02 5.323e+02 136 2 4 1.664e+02 1.696e+02 30 2 4 4.086e+02 4.314e+02 212 2 4 2.096e+02 2.104e+02 7 2 4 4.519e+02 4.721e+02 188 2 1 2.719e+02 2.741e+02 20 2 4 5.363e+02 5.557e+02 180 2 4 3.323e+02 3.397e+02 68 2 3 3.836e+02 4.144e+02 286 2 3 6.190e+01 6.410e+01 20 2 4 8.191e+01 8.609e+01 39 2 1 2.267e+02 2.353e+02 80 2 1 2.100e+01 2.100e+01 -12 2 2 1.195e+02 1.325e+02 121 2 1 1.322e+02 1.618e+02 276 2 3 2.252e+02 2.368e+02 108 2 2 3.493e+01 4.907e+01 131 2 4 1.092e+02 1.428e+02 312 2 4 2.365e+02 2.675e+02 287 2 1 5.660e+01 6.940e+01 119 2 2 6.894e+01 9.906e+01 280 2 2 1.925e+02 2.275e+02 325 2 3 4.736e+01 7.864e+01 290 3 3 3.981e+02 3.999e+02 16 3 4 4.102e+02 4.298e+02 181 3 3 9.726e+01 1.127e+02 144
7960 22 0 1 5.670e+02 5.670e+02 -9 0 4 6.288e+02 6.312e+02 22 0 2 4.571e+02 4.669e+02 90 0 3 5.660e+02 5.680e+02 18 0 2 6.206e+02 6.394e+02 175 0 1 6.378e+02 6.642e+02 245 0 3 4.735e+02 4.925e+02 176 0 1 5.540e+02 5.800e+02 240 0 4 6.179e+02 6.421e+02 225 0 3 6.411e+02 6.609e+02 185 0 4 4.476e+02 4.764e+02 267 0 1 5.136e+02 5.364e+02 212 0 1 5.959e+02 6.221e+02 243 0 1 4.637e+02 5.023e+02 358 0 4 5.638e+02 6.122e+02 450 1 4 6.296e+02 6.304e+02 7 2 4 4.121e+01 4.279e+01 15 2 3 3.036e+02 3.264e+02 212 2 1 1.949e+01 2.251e+01 28 2 4 1.533e+02 1.827e+02 272 2 3 1.868e+01 2.332e+01 43 2 1 1.088e+01 3.112e+01 188
7961 42 0 1 6.510e+02 6.510e+02 -12 0 4 3.677e+01 4.723e+01 97 0 4 4.620e+02 4.620e+02 -24 0 3 5.670e+02 5.670e+02 0 0 4 3.185e+02 3.535e+02 326 0 4 5.850e+02 5.910e+02 56 0 3 6.499e+02 6.521e+02 20 0 3 5.237e+02 5.263e+02 25 0 3 6.084e+02 6.096e+02 11 0 2 6.720e+02 6.720e+02 -20 0 1 3.938e+02 4.042e+02 97 0 2 5.442e+02 5.478e+02 34 0 1 6.039e+02 6.141e+02 95 0 4 6.718e+02 6.722e+02 4 0 1 4.306e+02 4.514e+02 194 0 1 5.523e+02 5.817e+02 273 0 4 6.170e+02 6.430e+02 240 0 3 6.441e+02 6.579e+02 128 0 2 6.645e+02 6.795e+02 140 0 1 6.332e+02 6.688e+02 330 0 2 6.539e+02 6.901e+02 336 1 2 6.294e+02 6.306e+02 11 1 3 2.679e+02 2.781e+02 94 1 2 5.858e+02 5.902e+02 41 1 4 6.244e+02 6.356e+02 105 1 4 2.807e+02 3.073e+02 247 1 1 6.031e+02 6.149e+02 110 1 3 6.047e+02 6.133e+02 80 2 3 1.462e+02 1.478e+02 16 2 3 2.309e+02 2.311e+02 1 2 4 2.936e+02 2.944e+02 8 2 2 6.667e+02 6.773e+02 99 2 4 7.549e+01 9.251e+01 158 2 4 6.619e+02 6.821e+02 187 2 3 1.401e+02 1.539e+02 128 2 1 3.145e+02 3.155e+02 9 2 4 1.151e+02 1.369e+02 203 2 2 1.946e+02 2.254e+02 286 2 3 3.064e+02 3.236e+02 159 2 2 3.176e+02 3.544e+02 342 2 4 1.972e+02 2.228e+02 238 2 2 2.765e+02 3.115e+02 325
7962 110 0 4 2.494e+02 2.546e+02 48 0 4 6.280e+02 6.320e+02 37 0 1 3.145e+02 3.155e+02 9 0 1 6.475e+02 6.545e+02 66 0 4 3.757e+02 3.803e+02 43 0 3 4.404e+02 4.416e+02 11 0 1 1.037e+02 1.063e+02 25 0 2 4.576e+02 4.664e+02 82 0 2 2.442e+02 2.598e+02 146 0 1 5.575e+02 5.765e+02 177 0 3 2.713e+02 2.747e+02 32 0 2 6.267e+02 6.333e+02 60 0 2 3.339e+02 3.381e+02 40 0 3 6.501e+02 6.519e+02 17 0 2 2.341e+02 2.699e+02 332 0 4 4.179e+02 4.221e+02 40 0 2 2.819e+02 3.061e+02 224 0 1 4.799e+02 4.861e+02 58 0 4 3.357e+02 3.363e+02 6 0 1 6.005e+02 6.175e+02 157 0 2 1.083e+02 1.437e+02 329 0 2 6.713e+02 6.727e+02 14 0 1 3.044e+02 3.256e+02 196 0 1 4.381e+02 4.439e+02 54 0 1 3.546e+02 3.594e+02 46 0 3 4.793e+02 4.867e+02 68 0 1 2.594e+02 2.866e+02 252 0 3 5.994e+02 6.186e+02 178 0 2 3.655e+02 3.905e+02 231 0 4 6.713e+02 6.727e+02 13 0 3 2.572e+02 2.888e+02 293 0 1 3.938e+02 4.042e+02 97 0 4 4.967e+02 5.113e+02 136 0 4 5.736e+02 6.024e+02 267 0 1 3.791e+02 4.189e+02 370 0 1 4.729e+02 4.931e+02 188 0 3 5.893e+02 6.287e+02 366 0 3 3.847e+02 4.133e+02 266 0 3 4.687e+02 4.973e+02 266 0 4 4.894e+02 5.186e+02 271 1 4 6.300e+02 6.300e+02 -0 1 2 3.780e+02 3.780e+02 -0 1 1 5.230e+02 5.270e+02 37 1 4 5.875e+02 5.885e+02 10 1 1 3.515e+02 3.625e+02 101 1 1 6.076e+02 6.104e+02 26 1 2 5.012e+02 5.068e+02 51 1 2 5.441e+02 5.479e+02 36 1 3 6.083e+02 6.097e+02 12 1 3 5.647e+02 5.693e+02 42 1 2 6.291e+02 6.309e+02 16 1 4 5.357e+02 5.563e+02 191 1 2 5.752e+02 6.008e+02 237 1 4 5.696e+02 6.064e+02 342 2 4 3.344e+02 3.376e+02 30 2 3 6.266e+01 6.334e+01 6 2 3 5.229e+02 5.271e+02 39 2 3 1.027e+02 1.073e+02 43 2 2 5.867e+02 5.893e+02 25 2 3 1.447e+02 1.493e+02 42 2 1 2.290e+02 2.330e+02 38 2 4 4.159e+02 4.241e+02 76 2 2 2.921e+02 2.959e+02 35 2 2 5.036e+02 5.044e+02 7 2 1 3.524e+02 3.616e+02 86 2 1 6.042e+02 6.138e+02 90 2 2 4.103e+01 4.297e+01 18 2 3 3.944e+02 4.036e+02 86 2 2 1.229e+02 1.291e+02 58 2 4 5.001e+02 5.079e+02 73 2 4 1.640e+02 1.720e+02 74 2 3 5.582e+02 5.758e+02 164 2 4 2.512e+02 2.528e+02 16 2 2 4.098e+02 4.302e+02 189 2 3 2.663e+02 2.797e+02 125 2 4 4.544e+02 4.696e+02 140 2 4 3.770e+02 3.790e+02 19 2 4 5.317e+02 5.603e+02 266 2 4 3.609e+01 4.791e+01 110 2 3 3.841e+02 4.139e+02 276 2 4 1.252e+02 1.268e+02 16 2 3 4.769e+02 4.891e+02 114 2 3 1.819e+02 1.961e+02 131 2 3 4.670e+02 4.990e+02 297 2 4 2.047e+02 2.153e+02 99 2 2 4.839e+02 5.241e+02 374 2 1 2.586e+02 2.874e+02 268 2 3 3.458e+02 3.682e+02 209 2 1 6.127e+01 6.473e+01 32 2 3 9.245e+01 1.175e+02 233 2 1 1.446e+02 1.494e+02 45 2 2 3.629e+02 3.931e+02 280 2 1 3.295e+00 3.871e+01 329 2 2 1.142e+02 1.378e+02 220 2 2 1.599e+02 1.761e+02 150 2 2 3.206e+02 3.514e+02 286 2 3 5.671e+00 3.633e+01 285 2 4 1.106e+02 1.414e+02 286 2 1 1.743e+02 2.037e+02 273 2 4 6.715e+01 1.009e+02 313 2 3 1.713e+02 2.067e+02 329 2 3 8.528e+01 1.247e+02 366 2 2 6.571e+01 1.023e+02 340 3 4 3.973e+01 4.427e+01 42 3 4 2.509e+02 2.531e+02 21 3 4 2.079e+02 2.121e+02 39 3 4 7.643e+01 9.157e+01 140 3 4 1.621e+02 1.739e+02 110 3 4 1.064e+02 1.456e+02 364 3 4 1.955e+02 2.245e+02 269
7963 43 0 1 3.977e+02 4.003e+02 24 0 1 6.090e+02 6.090e+02 -22 0 3 3.936e+02 4.044e+02 100 0 2 4.603e+02 4.637e+02 31 0 3 6.494e+02 6.526e+02 30 0 4 4.121e+02 4.279e+02 147 0 4 4.953e+02 5.127e+02 161 0 4 5.834e+02 5.926e+02 85 0 2 6.708e+02 6.732e+02 23 0 1 4.384e+02 4.436e+02 49 0 4 4.447e+02 4.793e+02 322 0 3 6.069e+02 6.111e+02 40 0 2 6.576e+02 6.864e+02 268 0 1 4.216e+02 4.604e+02 360 0 2 6.207e+02 6.393e+02 173 0 4 6.587e+02 6.853e+02 247 0 3 5.937e+02 6.243e+02 284 1 2 5.877e+02 5.883e+02 5 1 4 6.275e+02 6.325e+02 46 1 2 5.786e+02 5.974e+02 174 2 4 3.360e+02 3.360e+02 -11 2 4 1.251e+02 1.269e+02 17 2 1 5.209e+02 5.291e+02 76 2 4 4.884e+02 5.196e+02 290 2 3 2.730e+02 2.730e+02 -22 2 2 5.318e+02 5.602e+02 264 2 3 3.563e+02 3.577e+02 13 2 3 1.446e+01 2.754e+01 121 2 3 9.321e+01 1.168e+02 219 2 1 1.890e+02 1.890e+02 -24 2 4 2.417e+02 2.623e+02 190 2 2 2.940e+02 2.940e+02 -19 2 2 3.775e+02 3.785e+02 9 2 4 3.035e+01 5.365e+01 216 2 2 1.162e+02 1.358e+02 181 2 4 1.665e+02 1.695e+02 28 2 1 2.642e+02 2.818e+02 164 2 2 3.661e+02 3.899e+02 220 2 1 4.870e+01 7.730e+01 266 2 4 1.142e+02 1.378e+02 219 2 3 1.365e+02 1.575e+02 195 2 2 1.567e+02 1.793e+02 210 2 3 1.731e+02 2.049e+02 295
7964 1 2 4 2.095e+02 2.105e+02 9
7965 4 0 2 6.289e+02 6.311e+02 20 0 4 6.274e+02 6.326e+02 48 0 1 5.906e+02 6.274e+02 341 2 4 1.664e+02 1.696e+02 30
7966 3 0 1 6.493e+02 6.527e+02 32 0 3 6.472e+02 6.548e+02 71 0 2 6.539e+02 6.901e+02 336
7967 7 1 3 5.238e+02 5.262e+02 23 1 2 4.928e+02 5.152e+02 208 1 4 5.333e+02 5.587e+02 236 2 4 2.059e+02 2.141e+02 76 2 3 2.214e+02 2.406e+02 178 2 4 3.208e+02 3.512e+02 281 2 2 2.407e+02 2.633e+02 210
7968 45 0 1 6.507e+02 6.513e+02 6 0 2 6.290e+02 6.310e+02 19 0 3 6.487e+02 6.533e+02 42 0 4 4.192e+02 4.208e+02 15 0 4 6.285e+02 6.315e+02 28 0 3 6.413e+02 6.607e+02 180 0 1 5.905e+02 6.275e+02 343 0 2 6.634e+02 6.806e+02 160 0 4 6.630e+02 6.810e+02 168 0 2 6.525e+02 6.915e+02 361 1 1 2.225e+02 2.395e+02 158 2 1 3.120e+02 3.180e+02 56 2 1 5.640e+02 5.700e+02 56 2 3 3.546e+02 3.594e+02 46 2 4 6.273e+02 6.327e+02 50 2 4 4.063e+01 4.337e+01 26 2 4 4.588e+02 4.652e+02 60 2 2 1.249e+02 1.271e+02 21 2 3 4.760e+02 4.900e+02 130 2 3 1.854e+02 1.926e+02 66 2 3 5.604e+02 5.736e+02 123 2 2 2.055e+02 2.145e+02 83 2 1 6.344e+02 6.676e+02 309 2 2 2.900e+02 2.980e+02 74 2 2 4.982e+02 5.098e+02 108 2 4 3.335e+02 3.385e+02 47 2 1 5.160e+02 5.340e+02 166 2 3 5.938e+01 6.662e+01 67 2 3 6.337e+02 6.683e+02 321 2 4 1.258e+02 1.262e+02 4 2 3 4.661e+02 4.999e+02 314 2 4 1.521e+02 1.839e+02 296 2 3 5.071e+02 5.429e+02 333 2 4 2.075e+02 2.125e+02 47 2 4 4.859e+02 5.221e+02 336 2 4 2.833e+02 3.047e+02 199 2 4 5.252e+02 5.668e+02 387 2 2 3.218e+02 3.502e+02 263 2 3 4.785e+01 7.815e+01 281 2 2 7.293e+01 9.507e+01 206 2 1 1.315e+02 1.625e+02 287 2 1 2.271e+02 2.349e+02 72 2 3 2.564e+02 2.896e+02 308 2 3 8.707e+01 1.229e+02 333 2 3 2.141e+02 2.479e+02 314
