18357 12 0 4 6.295e+02 6.305e+02 9 0 1 6.077e+02 6.103e+02 24 0 1 6.437e+02 6.583e+02 136 0 2 6.267e+02 6.333e+02 60 0 3 6.430e+02 6.590e+02 148 0 3 5.899e+02 6.281e+02 356 0 2 6.588e+02 6.852e+02 246 2 1 2.093e+01 2.107e+01 1 2 2 2.894e+02 2.986e+02 86 2 4 2.821e+02 3.059e+02 221 2 1 2.574e+02 2.886e+02 289 2 3 2.602e+02 2.858e+02 237
18360 5 0 3 4.398e+02 4.422e+02 22 0 4 4.065e+02 4.335e+02 250 2 4 2.919e+02 2.961e+02 40 2 4 6.699e+02 6.741e+02 39 2 4 6.558e+02 6.882e+02 301
18365 37 0 1 6.073e+02 6.107e+02 31 0 3 6.040e+02 6.140e+02 93 0 2 6.634e+02 6.806e+02 159 0 4 6.185e+02 6.415e+02 213 0 4 6.579e+02 6.861e+02 261 0 2 6.112e+02 6.488e+02 349 1 3 2.702e+02 2.758e+02 51 1 4 2.361e+02 2.679e+02 295 1 4 6.100e+02 6.500e+02 370 2 4 4.619e+02 4.621e+02 2 2 2 1.672e+02 1.688e+02 16 2 3 4.797e+02 4.863e+02 62 2 1 2.303e+02 2.317e+02 14 2 3 5.663e+02 5.677e+02 14 2 4 4.076e+01 4.324e+01 23 2 4 4.999e+02 5.081e+02 76 2 2 1.233e+02 1.287e+02 50 2 4 5.326e+02 5.594e+02 250 2 3 1.837e+02 1.943e+02 99 2 4 4.884e+02 5.196e+02 289 2 2 2.080e+02 2.120e+02 36 2 3 5.929e+01 6.671e+01 69 2 4 1.151e+02 1.369e+02 203 2 1 1.467e+02 1.473e+02 6 2 4 2.034e+02 2.166e+02 122 2 2 3.148e+02 3.572e+02 393 2 2 3.040e+01 5.360e+01 216 2 2 7.329e+01 9.471e+01 199 2 3 1.451e+02 1.489e+02 36 2 1 2.146e+02 2.474e+02 304 2 4 2.770e+01 5.630e+01 266 2 3 8.756e+01 1.224e+02 324 2 4 1.616e+02 1.744e+02 119 2 4 1.906e+02 2.294e+02 360 2 1 1.781e+02 1.999e+02 203 2 1 1.366e+02 1.574e+02 194 2 3 1.332e+02 1.608e+02 256
18366 0
18367 5 0 4 6.223e+02 6.377e+02 143 0 1 6.020e+02 6.160e+02 130 0 2 6.192e+02 6.408e+02 201 0 2 6.544e+02 6.896e+02 326 0 4 6.532e+02 6.908e+02 349
18368 1 0 2 4.942e+02 5.138e+02 181
18370 9 0 2 6.712e+02 6.728e+02 15 0 4 6.686e+02 6.754e+02 64 0 1 3.774e+02 4.206e+02 401 0 3 3.743e+02 4.237e+02 459 0 3 5.430e+02 5.910e+02 446 2 1 2.510e+02 2.950e+02 409 2 2 6.329e+01 1.047e+02 385 2 3 2.063e+02 2.557e+02 459 2 2 2.321e+02 2.719e+02 370
18372 8 0 3 5.645e+02 5.695e+02 46 0 4 5.845e+02 5.915e+02 66 0 1 5.567e+02 5.773e+02 191 0 3 5.926e+02 6.254e+02 304 0 2 5.338e+02 5.582e+02 226 0 1 5.504e+02 5.836e+02 309 2 3 5.799e+01 6.801e+01 93 2 4 6.795e+01 1.000e+02 298
18373 0
18375 0
18377 5 0 2 3.321e+02 3.399e+02 73 0 4 3.261e+02 3.459e+02 183 0 4 6.589e+02 6.851e+02 243 1 1 1.703e+01 2.497e+01 74 2 3 1.958e+01 2.242e+01 26
18379 32 0 3 2.299e+02 2.321e+02 21 0 2 3.748e+02 3.812e+02 60 0 4 2.405e+02 2.635e+02 214 0 4 3.718e+02 3.842e+02 116 0 1 2.187e+02 2.433e+02 228 0 2 5.431e+02 5.489e+02 53 0 1 3.450e+02 3.690e+02 222 0 4 6.288e+02 6.312e+02 22 0 2 6.699e+02 6.741e+02 39 0 3 5.619e+02 5.721e+02 95 0 4 6.695e+02 6.745e+02 47 0 3 6.336e+02 6.684e+02 324 0 1 6.335e+02 6.685e+02 325 1 2 6.270e+02 6.330e+02 56 1 4 5.032e+02 5.048e+02 16 1 4 6.254e+02 6.346e+02 86 1 4 5.344e+02 5.576e+02 216 1 1 6.067e+02 6.113e+02 42 1 3 6.007e+02 6.173e+02 154 1 1 5.857e+02 6.323e+02 432 2 4 5.439e+02 5.481e+02 40 2 1 1.976e+01 2.224e+01 23 2 3 4.391e+02 4.429e+02 35 2 3 9.443e+01 1.156e+02 196 2 4 3.221e+02 3.499e+02 258 2 3 5.594e+02 5.746e+02 141 2 3 6.660e+00 3.534e+01 266 2 4 4.054e+02 4.346e+02 270 2 4 1.178e+02 1.342e+02 152 2 1 1.374e+02 1.566e+02 179 2 2 2.264e+01 6.136e+01 360 2 2 1.130e+02 1.390e+02 241
18381 12 0 4 7.630e+01 9.170e+01 143 0 3 9.165e+01 1.184e+02 248 0 2 7.276e+01 9.524e+01 209 2 2 2.934e+02 2.946e+02 11 2 4 8.016e+01 8.784e+01 71 2 4 2.892e+02 2.988e+02 90 2 3 2.553e+02 2.907e+02 329 2 4 6.535e+01 1.026e+02 346 2 1 2.974e+02 3.326e+02 327 3 3 4.663e+02 4.997e+02 310 3 2 4.862e+02 5.218e+02 330 3 4 4.814e+02 5.266e+02 419
18383 20 0 1 1.417e+02 1.523e+02 98 0 2 6.665e+02 6.775e+02 101 0 1 6.389e+02 6.631e+02 225 0 3 6.341e+02 6.679e+02 314 1 3 4.825e+02 4.835e+02 9 1 2 6.275e+02 6.325e+02 47 1 4 4.620e+02 4.620e+02 -3 1 3 5.245e+02 5.255e+02 10 1 2 5.827e+02 5.933e+02 98 1 3 5.992e+02 6.188e+02 181 1 2 4.976e+02 5.104e+02 119 1 2 5.435e+02 5.485e+02 47 1 1 5.951e+02 6.229e+02 259 1 1 5.559e+02 5.781e+02 206 1 3 5.902e+02 6.278e+02 350 1 4 5.809e+02 5.951e+02 132 1 2 5.312e+02 5.608e+02 276 1 4 5.306e+02 5.614e+02 286 1 4 5.707e+02 6.053e+02 321 2 4 3.282e+01 5.118e+01 170
18384 30 0 3 5.604e+02 5.736e+02 123 0 1 5.974e+02 6.206e+02 216 0 3 5.992e+02 6.188e+02 182 0 4 5.742e+02 6.018e+02 256 1 2 2.487e+02 2.553e+02 62 1 4 6.204e+02 6.396e+02 179 1 2 6.172e+02 6.428e+02 237 2 4 8.400e+01 8.400e+01 -1 2 2 6.710e+02 6.730e+02 18 2 1 1.862e+02 1.918e+02 52 2 2 5.023e+02 5.057e+02 31 2 4 2.518e+02 2.522e+02 3 2 4 6.224e+02 6.376e+02 140 2 4 3.354e+02 3.366e+02 10 2 3 6.506e+02 6.514e+02 7 2 2 1.247e+02 1.273e+02 24 2 4 6.589e+02 6.851e+02 244 2 3 1.837e+02 1.943e+02 98 2 2 6.094e+02 6.506e+02 382 2 3 2.681e+02 2.779e+02 90 2 1 3.514e+02 3.626e+02 105 2 4 1.248e+02 1.272e+02 23 2 3 1.435e+02 1.505e+02 65 2 4 2.349e+02 2.691e+02 318 2 3 3.488e+02 3.652e+02 152 2 3 9.434e+01 1.157e+02 198 2 2 1.604e+02 1.756e+02 140 2 2 3.583e+02 3.977e+02 366 2 2 7.047e+01 9.753e+01 251 2 4 1.618e+02 1.742e+02 116
18385 4 0 4 5.871e+02 5.889e+02 17 0 1 5.576e+02 5.764e+02 175 0 3 5.531e+02 5.809e+02 259 0 4 6.121e+02 6.479e+02 333
18386 0
18387 4 0 4 6.701e+02 6.739e+02 35 0 1 6.481e+02 6.539e+02 54 2 4 1.235e+02 1.285e+02 47 2 4 1.149e+02 1.371e+02 206
18390 3 0 1 3.781e+02 4.199e+02 389 0 3 3.738e+02 4.242e+02 468 2 4 2.822e+02 3.058e+02 220
18391 9 0 3 5.638e+02 5.702e+02 60 0 4 6.699e+02 6.741e+02 40 0 2 5.435e+02 5.485e+02 47 0 2 6.587e+02 6.853e+02 246 0 1 5.633e+02 5.707e+02 70 0 4 6.604e+02 6.836e+02 215 0 2 5.288e+02 5.632e+02 319 2 4 1.260e+02 1.260e+02 -2 2 4 3.189e+02 3.531e+02 317
18393 7 0 2 2.940e+02 2.940e+02 -24 0 4 2.905e+02 2.975e+02 66 0 1 2.583e+02 2.877e+02 274 0 4 6.300e+02 6.300e+02 -10 0 3 6.510e+02 6.510e+02 -4 2 4 1.260e+02 1.260e+02 -12 2 4 5.316e+02 5.604e+02 267
18396 1 1 4 5.435e+02 5.485e+02 46
18398 1 0 4 6.070e+02 6.530e+02 428
18400 8 0 3 5.654e+02 5.686e+02 30 0 4 5.873e+02 5.887e+02 13 0 2 5.388e+02 5.532e+02 134 0 4 6.212e+02 6.388e+02 163 0 1 5.564e+02 5.776e+02 197 0 4 5.743e+02 6.017e+02 254 2 4 7.801e+01 8.999e+01 111 2 1 1.426e+02 1.514e+02 82
18401 13 0 1 4.809e+02 4.851e+02 40 0 1 6.071e+02 6.109e+02 36 0 3 5.658e+02 5.682e+02 22 0 3 6.051e+02 6.129e+02 73 0 2 4.956e+02 5.124e+02 156 0 1 5.615e+02 5.725e+02 101 0 4 6.165e+02 6.435e+02 250 0 2 5.294e+02 5.626e+02 309 0 2 6.110e+02 6.490e+02 353 2 2 3.466e+01 4.934e+01 136 2 4 3.892e+01 4.508e+01 57 2 1 4.870e+01 7.730e+01 266 2 3 4.987e+01 7.613e+01 244
18402 33 0 4 3.547e+02 4.013e+02 432 2 3 1.457e+02 1.483e+02 24 2 3 6.492e+02 6.528e+02 34 2 4 2.088e+02 2.112e+02 23 2 3 5.977e+02 6.203e+02 210 2 1 2.691e+02 2.769e+02 73 2 2 6.700e+02 6.740e+02 37 2 4 4.049e+01 4.351e+01 28 2 4 5.757e+02 6.003e+02 228 2 2 1.241e+02 1.279e+02 36 2 4 6.614e+02 6.826e+02 197 2 1 1.831e+02 1.949e+02 110 2 3 6.382e+02 6.638e+02 237 2 3 2.285e+02 2.335e+02 47 2 4 3.681e+02 3.879e+02 183 2 1 5.606e+01 6.994e+01 129 2 4 8.070e+01 8.730e+01 61 2 3 1.870e+02 1.910e+02 37 2 2 2.492e+02 2.548e+02 52 2 2 3.598e+02 3.962e+02 338 2 1 1.595e+01 2.605e+01 94 2 3 9.663e+01 1.134e+02 156 2 1 1.308e+02 1.632e+02 301 2 4 1.968e+02 2.232e+02 246 2 3 5.198e+01 7.402e+01 205 2 4 1.129e+02 1.391e+02 243 2 2 1.485e+02 1.875e+02 362 2 1 2.110e+02 2.510e+02 372 2 2 2.416e+01 5.984e+01 331 2 2 6.710e+01 1.009e+02 314 2 4 1.541e+02 1.819e+02 258 2 2 1.899e+02 2.301e+02 373 2 4 6.535e+01 1.027e+02 346
18403 5 0 4 6.220e+02 6.380e+02 148 0 3 9.600e+01 1.140e+02 167 0 2 6.548e+02 6.892e+02 320 1 1 5.537e+02 5.803e+02 247 1 2 6.157e+02 6.443e+02 266
18404 8 0 4 6.276e+02 6.324e+02 44 0 3 6.510e+02 6.510e+02 -5 0 4 6.162e+02 6.438e+02 257 0 4 6.565e+02 6.875e+02 288 0 2 6.545e+02 6.895e+02 325 2 4 4.200e+01 4.200e+01 -11 2 2 3.407e+01 4.993e+01 147 2 3 7.512e+00 3.449e+01 250
18405 0
18406 8 0 4 6.625e+02 6.815e+02 177 2 4 3.772e+02 3.788e+02 16 2 1 2.277e+02 2.343e+02 61 2 4 3.825e+01 4.575e+01 70 2 4 1.566e+02 1.794e+02 212 2 1 5.678e+01 6.922e+01 116 2 2 3.093e+01 5.307e+01 206 2 3 5.032e+01 7.568e+01 236
18407 6 0 4 5.839e+02 5.921e+02 76 1 4 5.707e+02 6.053e+02 322 2 1 1.936e+01 2.264e+01 30 2 4 1.555e+02 1.805e+02 231 2 1 1.755e+02 2.025e+02 250 2 2 1.507e+02 1.853e+02 322
18408 17 0 2 1.241e+02 1.279e+02 35 0 3 5.626e+02 5.714e+02 81 0 1 9.048e+01 1.195e+02 270 0 2 5.419e+02 5.501e+02 76 0 4 1.464e+02 1.896e+02 401 2 3 1.461e+02 1.479e+02 17 2 4 2.065e+02 2.135e+02 66 2 2 2.905e+02 2.975e+02 65 2 2 1.568e+02 1.792e+02 207 2 1 2.281e+02 2.339e+02 55 2 4 2.872e+02 3.008e+02 127 2 4 1.103e+02 1.417e+02 291 2 1 1.322e+02 1.618e+02 276 2 2 2.001e+02 2.199e+02 183 2 1 3.058e+02 3.242e+02 171 2 3 2.142e+02 2.478e+02 311 2 3 2.558e+02 2.902e+02 320
18409 47 0 1 4.806e+02 4.854e+02 46 0 1 6.491e+02 6.529e+02 35 0 2 5.377e+02 5.543e+02 154 0 2 6.675e+02 6.765e+02 83 0 4 4.909e+02 5.171e+02 244 0 3 5.571e+02 5.769e+02 184 0 4 6.586e+02 6.854e+02 248 0 1 5.521e+02 5.819e+02 277 0 1 6.334e+02 6.686e+02 326 0 2 6.563e+02 6.877e+02 291 1 2 6.289e+02 6.311e+02 20 1 2 3.776e+02 3.784e+02 8 1 2 5.870e+02 5.890e+02 19 1 4 6.271e+02 6.329e+02 53 1 1 5.561e+02 5.779e+02 202 1 1 6.017e+02 6.163e+02 135 1 3 6.005e+02 6.175e+02 157 2 1 1.852e+02 1.928e+02 70 2 2 6.284e+02 6.316e+02 29 2 3 2.302e+02 2.318e+02 15 2 4 2.920e+02 2.960e+02 37 2 4 6.279e+02 6.321e+02 40 2 1 6.042e+01 6.558e+01 48 2 3 6.505e+02 6.515e+02 10 2 4 1.253e+02 1.267e+02 14 2 2 6.698e+02 6.742e+02 41 2 1 1.470e+02 1.470e+02 0 2 4 6.591e+02 6.849e+02 239 2 4 2.424e+02 2.616e+02 179 2 3 2.680e+02 2.780e+02 92 2 3 5.979e+01 6.621e+01 60 2 4 7.993e+01 8.807e+01 76 2 4 1.616e+02 1.744e+02 120 2 2 2.369e+02 2.671e+02 280 2 1 3.096e+02 3.204e+02 100 2 4 3.170e+01 5.230e+01 191 2 3 9.882e+01 1.112e+02 115 2 3 1.344e+02 1.596e+02 234 2 4 1.917e+02 2.283e+02 340 2 3 3.057e+02 3.243e+02 173 2 3 5.131e+01 7.469e+01 217 2 2 1.138e+02 1.382e+02 226 2 2 1.566e+02 1.794e+02 212 2 2 2.787e+02 3.093e+02 284 2 4 2.250e+01 6.150e+01 362 2 4 1.080e+02 1.440e+02 334 2 3 1.717e+02 2.063e+02 320
