37772 0
37774 14 0 1 4.828e+02 4.832e+02 3 0 1 6.499e+02 6.521e+02 21 0 4 4.587e+02 4.653e+02 60 0 3 6.467e+02 6.553e+02 80 0 3 4.739e+02 4.921e+02 169 0 2 6.553e+02 6.887e+02 310 0 2 4.462e+02 4.778e+02 294 0 4 6.576e+02 6.864e+02 268 2 3 1.438e+02 1.502e+02 60 2 1 1.410e+02 1.530e+02 112 2 4 1.144e+02 1.376e+02 216 2 2 1.490e+02 1.870e+02 353 3 2 6.274e+02 6.326e+02 49 3 1 6.387e+02 6.633e+02 229
37775 3 2 4 3.319e+02 3.401e+02 76 2 3 8.985e+01 1.202e+02 281 3 1 1.880e+02 1.900e+02 19
37777 9 0 2 7.092e+01 9.708e+01 243 0 1 5.970e+02 6.210e+02 222 0 4 6.957e+01 9.843e+01 268 0 2 6.145e+02 6.455e+02 287 0 4 6.126e+02 6.474e+02 323 2 4 1.614e+02 1.746e+02 122 2 1 1.865e+02 1.915e+02 46 2 4 3.657e+02 3.903e+02 229 2 2 1.504e+02 1.856e+02 327
37778 7 1 1 5.659e+02 5.681e+02 20 1 1 6.049e+02 6.131e+02 76 1 2 6.267e+02 6.333e+02 62 1 1 5.956e+02 6.224e+02 249 2 1 1.967e+01 2.233e+01 25 2 1 6.019e+01 6.581e+01 52 3 3 1.514e+01 2.686e+01 109
37781 19 0 3 4.394e+02 4.426e+02 29 0 4 4.604e+02 4.636e+02 30 0 1 4.391e+02 4.429e+02 35 0 2 4.425e+02 4.815e+02 361 1 2 6.232e+02 6.368e+02 127 1 4 6.159e+02 6.441e+02 261 3 4 3.461e+01 4.939e+01 137 3 4 1.222e+02 1.298e+02 71 3 1 1.029e+01 3.171e+01 199 3 2 1.651e+02 1.709e+02 55 3 2 3.327e+01 5.073e+01 162 3 1 1.462e+02 1.478e+02 15 3 3 8.185e+00 3.382e+01 238 3 4 1.522e+02 1.838e+02 293 3 3 4.821e+01 7.779e+01 275 3 3 1.452e+02 1.488e+02 34 3 1 1.763e+02 2.017e+02 236 3 2 1.165e+02 1.355e+02 176 3 4 1.114e+02 1.406e+02 271
37783 24 0 4 6.297e+02 6.303e+02 6 0 2 2.923e+02 2.957e+02 31 0 3 6.038e+02 6.142e+02 96 0 3 6.481e+02 6.539e+02 55 0 4 2.935e+02 2.945e+02 9 0 2 6.284e+02 6.316e+02 30 0 4 2.869e+02 3.011e+02 132 0 1 6.476e+02 6.544e+02 64 0 3 6.426e+02 6.594e+02 156 0 3 2.556e+02 2.904e+02 324 0 4 6.651e+02 6.789e+02 129 0 2 6.568e+02 6.872e+02 282 0 4 6.548e+02 6.892e+02 320 1 3 5.646e+02 5.694e+02 45 1 3 6.057e+02 6.123e+02 60 1 2 6.129e+02 6.471e+02 318 2 3 2.287e+02 2.333e+02 42 2 3 1.792e+02 1.988e+02 182 2 2 2.020e+02 2.180e+02 149 2 4 1.488e+02 1.872e+02 357 2 4 1.998e+02 2.202e+02 189 2 1 1.762e+02 2.018e+02 237 2 1 2.146e+02 2.474e+02 305 2 2 2.382e+02 2.658e+02 256
37784 0
37788 1 0 4 3.200e+02 3.520e+02 296
37789 0
37790 4 2 1 2.298e+02 2.322e+02 23 2 3 2.250e+02 2.370e+02 112 2 2 1.954e+02 2.246e+02 271 2 4 1.988e+02 2.212e+02 207
37791 8 0 4 4.200e+02 4.200e+02 -20 0 4 4.579e+02 4.661e+02 76 0 1 2.599e+02 2.861e+02 244 0 2 4.508e+02 4.732e+02 208 0 1 4.274e+02 4.546e+02 253 0 3 4.283e+02 4.537e+02 236 1 4 2.442e+02 2.598e+02 145 1 1 9.941e+01 1.106e+02 104
37793 0
37794 16 0 2 6.272e+02 6.328e+02 52 0 2 6.710e+02 6.730e+02 18 0 4 6.690e+02 6.750e+02 56 0 1 5.960e+02 6.220e+02 240 0 1 6.507e+02 6.513e+02 6 0 4 6.152e+02 6.448e+02 276 0 3 6.480e+02 6.540e+02 56 0 3 6.418e+02 6.602e+02 170 0 2 6.533e+02 6.907e+02 346 1 2 6.154e+02 6.446e+02 270 2 2 8.186e+01 8.614e+01 40 2 1 1.155e+01 3.045e+01 176 2 4 7.666e+01 9.134e+01 136 2 3 4.704e+01 7.896e+01 296 2 4 1.087e+02 1.433e+02 320 2 1 4.350e+01 8.250e+01 362
37797 0
37798 0
37799 20 0 3 3.955e+02 4.025e+02 66 0 3 5.657e+02 5.683e+02 25 0 2 3.685e+02 3.875e+02 177 0 4 5.851e+02 5.909e+02 54 0 4 6.953e+01 9.847e+01 269 0 2 5.415e+02 5.505e+02 83 0 1 3.369e+02 3.771e+02 374 0 1 6.084e+02 6.096e+02 11 0 4 2.506e+01 5.894e+01 315 0 1 5.148e+02 5.352e+02 189 0 3 6.080e+02 6.100e+02 18 0 2 4.831e+02 5.249e+02 388 0 3 5.064e+02 5.436e+02 346 0 4 6.268e+02 6.332e+02 60 0 1 4.997e+02 5.503e+02 470 0 2 6.152e+02 6.448e+02 276 0 4 6.064e+02 6.536e+02 439 1 2 4.617e+02 4.623e+02 6 2 1 2.100e+01 2.100e+01 -1 2 3 1.927e+01 2.273e+01 32
37801 74 0 2 6.297e+02 6.303e+02 6 0 1 2.682e+02 2.778e+02 89 0 4 6.711e+02 6.729e+02 16 0 2 3.338e+02 3.382e+02 41 0 2 4.614e+02 4.626e+02 11 0 2 2.058e+02 2.142e+02 79 0 1 5.221e+02 5.279e+02 53 0 4 2.860e+02 3.020e+02 148 0 4 6.289e+02 6.311e+02 20 0 1 3.106e+02 3.194e+02 82 0 1 6.504e+02 6.516e+02 11 0 4 3.193e+02 3.527e+02 310 0 2 5.011e+02 5.069e+02 55 0 3 2.651e+02 2.809e+02 146 0 2 5.450e+02 5.470e+02 18 0 2 2.788e+02 3.092e+02 282 0 4 5.854e+02 5.906e+02 49 0 3 6.486e+02 6.534e+02 45 0 1 4.234e+02 4.586e+02 327 0 4 4.953e+02 5.127e+02 161 0 1 5.603e+02 5.737e+02 125 0 1 6.074e+02 6.106e+02 29 0 2 6.713e+02 6.727e+02 13 0 4 4.535e+02 4.705e+02 157 0 3 5.163e+02 5.337e+02 162 0 3 6.014e+02 6.166e+02 141 0 1 4.728e+02 4.932e+02 189 0 3 5.479e+02 5.861e+02 354 0 4 5.765e+02 5.995e+02 213 0 3 4.709e+02 4.951e+02 226 0 3 5.079e+02 5.421e+02 317 0 4 6.109e+02 6.491e+02 356 1 3 4.812e+02 4.848e+02 34 1 3 4.362e+02 4.458e+02 90 1 2 5.862e+02 5.898e+02 33 1 1 6.076e+02 6.104e+02 26 1 3 4.256e+02 4.564e+02 286 1 4 5.012e+02 5.068e+02 51 1 2 5.460e+02 5.460e+02 0 1 3 6.086e+02 6.094e+02 7 1 4 5.430e+02 5.490e+02 56 1 2 6.300e+02 6.300e+02 0 1 4 5.783e+02 5.977e+02 180 1 4 6.265e+02 6.335e+02 66 1 1 5.564e+02 5.776e+02 196 1 4 5.710e+02 6.050e+02 316 2 2 3.345e+02 3.375e+02 27 2 3 3.962e+02 4.018e+02 52 2 4 8.195e+01 8.605e+01 38 2 1 1.463e+02 1.477e+02 14 2 3 3.814e+02 4.166e+02 326 2 3 2.306e+02 2.314e+02 8 2 3 3.116e+02 3.184e+02 64 2 4 3.349e+02 3.371e+02 20 2 3 1.016e+02 1.084e+02 63 2 4 1.647e+02 1.713e+02 62 2 4 2.018e+02 2.182e+02 153 2 4 2.807e+02 3.073e+02 247 2 3 3.528e+02 3.612e+02 77 2 3 5.624e+01 6.976e+01 126 2 4 1.240e+02 1.280e+02 37 2 3 1.349e+02 1.591e+02 224 2 2 2.397e+02 2.643e+02 229 2 1 3.435e+02 3.705e+02 250 2 3 4.817e+01 7.783e+01 276 2 2 8.029e+01 8.771e+01 69 2 1 2.176e+02 2.444e+02 250 2 3 1.992e+00 4.001e+01 353 2 2 1.169e+02 1.351e+02 169 2 4 2.254e+01 6.146e+01 361 2 4 7.141e+01 9.659e+01 234 3 4 3.080e+01 5.320e+01 208 3 1 2.644e+02 2.816e+02 159 3 3 5.053e+02 5.447e+02 366
37802 4 2 4 1.218e+02 1.302e+02 79 2 1 1.428e+02 1.512e+02 79 2 2 1.149e+02 1.371e+02 206 2 3 1.301e+02 1.639e+02 315
37803 11 0 4 1.678e+02 1.682e+02 4 0 4 6.701e+02 6.739e+02 35 0 4 5.830e+02 5.930e+02 92 0 3 6.481e+02 6.539e+02 53 0 1 5.480e+02 5.860e+02 352 0 2 6.238e+02 6.362e+02 115 0 2 6.584e+02 6.856e+02 253 0 4 6.568e+02 6.872e+02 281 0 3 5.443e+02 5.897e+02 422 1 4 5.830e+02 5.930e+02 92 2 3 9.963e+01 1.104e+02 100
37804 23 0 3 1.864e+02 1.916e+02 49 0 2 2.069e+02 2.131e+02 58 0 4 2.421e+02 2.619e+02 185 0 3 1.700e+02 2.080e+02 352 0 2 4.582e+02 4.658e+02 70 0 2 2.359e+02 2.681e+02 300 0 3 2.119e+02 2.501e+02 355 0 1 4.360e+02 4.460e+02 93 0 3 4.757e+02 4.903e+02 135 0 2 5.388e+02 5.532e+02 134 0 3 5.924e+02 6.256e+02 309 0 4 6.562e+02 6.878e+02 293 0 1 4.260e+02 4.560e+02 278 0 4 4.491e+02 4.749e+02 239 0 1 5.557e+02 5.783e+02 210 0 2 6.478e+02 6.962e+02 449 0 3 5.552e+02 5.788e+02 219 0 1 5.498e+02 5.842e+02 320 0 2 5.221e+02 5.699e+02 445 2 4 2.077e+02 2.123e+02 42 2 3 2.290e+02 2.330e+02 38 2 2 2.400e+02 2.640e+02 223 2 1 2.154e+02 2.466e+02 290
37805 16 0 4 2.721e+02 3.159e+02 406 0 3 5.624e+02 5.716e+02 85 0 4 5.719e+02 6.041e+02 299 0 2 6.537e+02 6.903e+02 340 0 1 5.006e+02 5.494e+02 453 0 1 5.920e+02 6.260e+02 316 0 4 6.546e+02 6.894e+02 324 0 3 5.001e+02 5.499e+02 463 0 3 5.906e+02 6.274e+02 341 0 1 6.271e+02 6.749e+02 444 0 2 6.120e+02 6.480e+02 335 0 3 6.304e+02 6.716e+02 382 0 4 6.096e+02 6.504e+02 380 2 2 1.515e+02 1.845e+02 306 2 3 4.012e+00 3.799e+01 316 2 3 1.728e+02 2.052e+02 300
37807 4 1 4 6.275e+02 6.325e+02 46 1 1 6.043e+02 6.137e+02 87 1 2 6.184e+02 6.416e+02 215 1 3 5.951e+02 6.229e+02 259
37808 64 0 3 4.821e+02 4.839e+02 17 0 1 1.457e+02 1.483e+02 25 0 4 5.020e+02 5.060e+02 36 0 3 2.239e+02 2.381e+02 131 0 1 5.232e+02 5.268e+02 34 0 2 3.718e+02 3.842e+02 115 0 4 5.861e+02 5.899e+02 35 0 3 6.443e+02 6.577e+02 125 0 1 3.370e+02 3.770e+02 371 0 4 4.607e+02 4.633e+02 24 0 1 5.627e+02 5.713e+02 80 0 2 6.224e+02 6.376e+02 141 0 2 6.700e+02 6.740e+02 36 0 3 4.261e+02 4.559e+02 276 0 4 4.433e+02 4.807e+02 347 0 2 5.272e+02 5.648e+02 350 0 4 6.258e+02 6.342e+02 77 0 4 6.687e+02 6.753e+02 60 0 1 3.810e+02 4.170e+02 334 0 1 5.996e+02 6.184e+02 174 0 1 6.381e+02 6.639e+02 239 0 3 6.354e+02 6.666e+02 290 1 1 6.090e+02 6.090e+02 -0 1 1 4.349e+02 4.471e+02 113 1 4 5.023e+02 5.057e+02 32 1 2 5.808e+02 5.952e+02 134 1 3 6.087e+02 6.093e+02 6 1 1 5.553e+02 5.787e+02 217 1 4 6.208e+02 6.392e+02 170 1 4 5.699e+02 6.061e+02 336 1 2 6.219e+02 6.381e+02 151 2 4 6.287e+02 6.313e+02 24 2 4 3.780e+02 3.780e+02 -4 2 3 3.986e+02 3.994e+02 7 2 2 8.213e+01 8.587e+01 35 2 2 5.437e+02 5.483e+02 42 2 4 1.638e+02 1.722e+02 79 2 4 5.842e+02 5.918e+02 71 2 4 2.457e+02 2.583e+02 117 2 4 6.691e+02 6.749e+02 55 2 3 2.707e+02 2.753e+02 43 2 3 5.192e+02 5.308e+02 108 2 4 4.027e+01 4.373e+01 32 2 2 5.795e+02 5.965e+02 157 2 4 8.400e+01 8.400e+01 -24 2 4 4.123e+02 4.277e+02 144 2 1 1.857e+02 1.923e+02 62 2 1 5.551e+02 5.789e+02 221 2 2 2.810e+02 3.070e+02 241 2 1 3.866e+02 4.114e+02 230 2 1 6.046e+01 6.554e+01 47 2 4 4.861e+02 5.219e+02 333 2 3 1.030e+02 1.070e+02 38 2 3 5.547e+02 5.793e+02 229 2 3 1.831e+02 1.949e+02 110 2 2 4.035e+02 4.365e+02 307 2 2 3.588e+02 3.972e+02 357 2 4 5.269e+02 5.651e+02 355 2 2 3.111e+01 5.289e+01 202 2 2 1.185e+02 1.335e+02 140 2 4 3.564e+02 3.996e+02 400 2 3 4.866e+01 7.734e+01 266 3 4 2.820e+02 3.060e+02 222 3 1 8.676e+01 1.232e+02 339
37810 2 0 4 6.717e+02 6.723e+02 6 1 2 6.284e+02 6.316e+02 29
37812 24 0 4 6.300e+02 6.300e+02 -10 0 1 5.625e+02 5.715e+02 84 0 3 6.090e+02 6.090e+02 -13 0 2 6.720e+02 6.720e+02 -14 0 1 5.227e+02 5.273e+02 43 0 2 6.297e+02 6.303e+02 6 0 4 6.720e+02 6.720e+02 -14 0 3 5.155e+02 5.345e+02 177 0 4 5.830e+02 5.930e+02 92 0 2 6.617e+02 6.823e+02 192 0 3 5.490e+02 5.850e+02 335 0 1 6.037e+02 6.143e+02 98 0 1 6.343e+02 6.677e+02 310 0 1 5.932e+02 6.248e+02 293 0 4 6.560e+02 6.880e+02 297 0 3 5.932e+02 6.248e+02 293 0 4 6.123e+02 6.477e+02 329 2 1 5.925e+01 6.675e+01 70 2 4 7.738e+01 9.062e+01 123 2 3 6.266e+01 6.334e+01 6 2 3 1.015e+02 1.085e+02 66 2 1 5.243e+01 7.357e+01 196 2 2 6.454e+01 1.035e+02 361 2 4 2.739e+01 5.661e+01 271
37813 15 0 3 2.262e+02 2.358e+02 90 0 2 5.010e+02 5.070e+02 56 0 1 6.021e+02 6.159e+02 129 0 4 6.626e+02 6.814e+02 175 0 4 5.040e+02 5.040e+02 -1 0 1 5.645e+02 5.695e+02 46 0 4 5.782e+02 5.978e+02 181 0 4 4.939e+02 5.141e+02 188 0 3 5.168e+02 5.332e+02 152 0 3 5.976e+02 6.204e+02 212 0 2 5.391e+02 5.529e+02 129 2 2 1.260e+02 1.260e+02 -22 2 1 1.586e+01 2.614e+01 96 3 4 2.413e+02 2.627e+02 199 3 4 1.982e+02 2.218e+02 220
37816 13 0 1 5.236e+02 5.264e+02 26 0 4 5.027e+02 5.053e+02 25 0 3 5.238e+02 5.262e+02 23 0 3 5.111e+02 5.389e+02 259 0 1 5.952e+02 6.228e+02 256 0 4 6.538e+02 6.902e+02 338 0 2 4.858e+02 5.222e+02 337 1 4 6.110e+02 6.490e+02 353 2 4 1.660e+02 1.700e+02 38 2 3 5.638e+01 6.962e+01 123 2 2 7.522e+01 9.278e+01 163 2 4 1.497e+02 1.863e+02 340 2 4 6.795e+01 1.000e+02 298
37818 1 2 2 6.625e+01 1.018e+02 330
37819 9 2 2 4.194e+02 4.206e+02 10 2 4 7.612e+01 9.188e+01 146 2 1 4.377e+02 4.443e+02 62 2 3 1.445e+02 1.495e+02 47 2 3 3.919e+02 4.061e+02 131 2 4 1.154e+02 1.366e+02 196 2 2 1.559e+02 1.801e+02 226 2 4 3.584e+02 3.976e+02 364 2 4 7.046e+01 9.754e+01 251
37820 6 1 4 1.674e+02 1.686e+02 10 2 4 8.101e+01 8.699e+01 56 2 1 5.692e+01 6.908e+01 113 2 3 5.710e+01 6.890e+01 110 2 2 2.950e+01 5.450e+01 232 2 4 3.327e+01 5.073e+01 162
37821 1 2 2 3.292e+02 3.428e+02 126
37822 13 2 1 1.466e+02 1.474e+02 7 2 4 4.190e+02 4.210e+02 19 2 4 2.086e+02 2.114e+02 26 2 2 1.233e+02 1.287e+02 50 2 4 4.014e+02 4.386e+02 346 2 3 9.308e+01 1.169e+02 221 2 1 3.407e+02 3.733e+02 302 2 1 5.952e+01 6.648e+01 65 2 4 1.095e+02 1.424e+02 306 2 3 5.795e+01 6.805e+01 94 2 1 1.590e+01 2.610e+01 95 2 3 1.608e+01 2.592e+01 91 2 4 3.448e+01 4.952e+01 140
37825 3 0 4 1.615e+02 1.745e+02 121 0 3 4.338e+02 4.482e+02 135 0 2 4.539e+02 4.701e+02 150
37826 0
37827 0
37829 10 0 3 1.842e+02 1.938e+02 89 0 4 1.993e+02 2.207e+02 198 0 2 6.587e+02 6.853e+02 247 0 4 6.574e+02 6.866e+02 270 1 3 6.070e+02 6.110e+02 37 1 2 5.861e+02 5.899e+02 35 1 4 6.232e+02 6.368e+02 126 1 1 5.596e+02 5.744e+02 137 2 1 1.545e+01 2.655e+01 103 2 3 1.792e+01 2.408e+01 57
37830 5 0 3 5.240e+02 5.260e+02 19 0 2 5.019e+02 5.061e+02 39 0 4 6.540e+02 6.900e+02 334 2 1 2.061e+01 2.139e+01 7 2 4 1.679e+02 1.681e+02 1
37831 12 0 1 6.504e+02 6.516e+02 10 0 3 6.055e+02 6.125e+02 66 0 3 6.490e+02 6.530e+02 38 0 2 6.147e+02 6.453e+02 285 0 4 5.678e+02 6.082e+02 375 0 2 6.565e+02 6.875e+02 287 0 4 6.124e+02 6.476e+02 327 0 4 6.542e+02 6.898e+02 331 2 3 6.060e+01 6.540e+01 45 2 2 8.146e+01 8.654e+01 47 2 2 7.312e+01 9.488e+01 202 2 4 2.452e+01 5.948e+01 325
37832 0
