21574 19 0 4 3.768e+02 3.792e+02 21 0 2 6.261e+02 6.339e+02 72 0 1 5.485e+02 5.855e+02 344 0 2 3.636e+02 3.924e+02 268 0 4 5.786e+02 5.974e+02 174 0 3 6.416e+02 6.604e+02 174 0 3 3.800e+02 4.180e+02 352 0 2 6.623e+02 6.817e+02 180 0 4 6.593e+02 6.847e+02 236 2 2 3.237e+01 5.163e+01 179 2 4 4.195e+02 4.205e+02 10 2 2 1.199e+02 1.321e+02 114 2 1 4.397e+02 4.423e+02 25 2 1 7.781e+00 3.422e+01 246 2 4 1.240e+02 1.280e+02 38 2 2 4.086e+02 4.314e+02 211 2 3 1.294e+02 1.646e+02 327 2 1 4.276e+02 4.544e+02 248 2 3 4.227e+02 4.593e+02 340
21575 0
21576 14 0 1 5.644e+02 5.696e+02 48 0 1 6.057e+02 6.123e+02 61 0 4 4.998e+02 5.082e+02 79 0 3 5.595e+02 5.745e+02 139 0 3 6.033e+02 6.147e+02 106 0 1 4.736e+02 4.924e+02 175 0 4 5.732e+02 6.028e+02 275 0 2 4.949e+02 5.131e+02 170 0 2 6.099e+02 6.501e+02 373 0 4 6.119e+02 6.481e+02 336 2 1 6.467e+02 6.553e+02 80 2 2 6.617e+02 6.823e+02 191 2 4 6.627e+02 6.813e+02 173 3 1 4.729e+02 4.931e+02 188
21577 1 0 4 4.430e+02 4.810e+02 352
21579 0
21580 5 0 4 6.156e+02 6.444e+02 268 1 2 6.147e+02 6.453e+02 284 2 2 3.740e+01 4.660e+01 86 2 4 2.863e+02 3.017e+02 143 2 4 2.768e+02 3.112e+02 320
21581 0
21584 0
21585 0
21589 0
21590 3 0 4 6.300e+02 6.300e+02 -2 2 4 6.177e+02 6.423e+02 229 2 1 3.853e+02 4.127e+02 254
21591 9 2 1 6.406e+02 6.614e+02 193 3 3 5.656e+02 5.684e+02 26 3 2 5.870e+02 5.890e+02 19 3 3 5.164e+02 5.336e+02 160 3 4 5.437e+02 5.483e+02 42 3 1 5.975e+02 6.205e+02 213 3 3 5.078e+02 5.422e+02 319 3 4 5.308e+02 5.612e+02 283 3 1 4.656e+02 5.004e+02 323
21592 0
21595 16 0 1 6.499e+02 6.521e+02 21 0 4 5.876e+02 5.884e+02 8 0 3 6.510e+02 6.510e+02 -1 0 4 2.841e+02 3.039e+02 183 0 1 5.561e+02 5.779e+02 202 0 2 6.175e+02 6.425e+02 231 0 2 6.720e+02 6.720e+02 -2 0 4 6.152e+02 6.448e+02 275 0 4 6.719e+02 6.721e+02 2 0 3 5.487e+02 5.853e+02 340 0 4 6.600e+02 6.840e+02 222 0 1 6.329e+02 6.691e+02 336 1 1 5.908e+02 6.272e+02 338 2 4 1.662e+02 1.698e+02 34 2 3 3.553e+02 3.587e+02 31 2 2 3.761e+02 3.799e+02 35
21596 0
21597 0
21598 7 0 4 2.924e+02 2.956e+02 29 0 2 6.679e+02 6.761e+02 76 0 1 2.668e+02 2.792e+02 115 0 4 6.673e+02 6.767e+02 87 0 2 2.862e+02 3.018e+02 145 0 3 2.556e+02 2.904e+02 324 1 2 6.119e+02 6.481e+02 336
21600 17 0 1 6.476e+02 6.544e+02 64 0 2 2.841e+02 3.039e+02 183 0 3 6.453e+02 6.567e+02 106 0 2 6.565e+02 6.875e+02 288 2 4 3.802e+01 4.598e+01 74 2 1 4.791e+02 4.869e+02 72 2 4 2.385e+02 2.655e+02 250 2 2 6.648e+02 6.792e+02 134 2 4 3.650e+02 3.910e+02 242 2 1 4.331e+02 4.489e+02 147 2 2 3.195e+02 3.525e+02 307 2 2 4.519e+02 4.721e+02 187 2 4 1.912e+02 2.288e+02 350 2 3 6.356e+02 6.664e+02 286 2 3 4.255e+02 4.565e+02 288 2 4 4.477e+02 4.763e+02 266 2 4 6.575e+02 6.865e+02 269
21601 0
21602 4 2 1 1.409e+02 1.531e+02 114 2 3 1.413e+02 1.527e+02 106 2 2 1.540e+02 1.820e+02 260 2 4 1.536e+02 1.824e+02 268
21603 2 0 2 6.698e+02 6.742e+02 40 0 1 6.332e+02 6.688e+02 330
21604 14 2 1 3.138e+02 3.162e+02 22 2 3 3.928e+02 4.052e+02 115 2 4 7.720e+01 9.080e+01 126 2 2 2.022e+02 2.178e+02 145 2 2 3.671e+02 3.889e+02 203 2 3 9.707e+01 1.129e+02 147 2 1 2.266e+02 2.354e+02 81 2 2 2.808e+02 3.072e+02 245 2 4 3.669e+02 3.891e+02 206 2 2 6.567e+01 1.023e+02 340 2 3 2.229e+02 2.391e+02 150 2 3 3.393e+02 3.747e+02 329 2 2 2.411e+02 2.629e+02 203 2 4 2.378e+02 2.662e+02 263
21606 0
21607 0
21610 0
21611 21 0 2 6.197e+02 6.403e+02 192 0 1 5.129e+02 5.371e+02 225 0 3 5.912e+02 6.268e+02 330 0 3 6.332e+02 6.688e+02 330 0 3 5.113e+02 5.387e+02 255 0 4 5.615e+02 6.145e+02 493 0 4 6.519e+02 6.921e+02 374 0 2 5.292e+02 5.628e+02 312 0 1 5.857e+02 6.323e+02 433 0 1 6.288e+02 6.732e+02 413 0 3 5.471e+02 5.869e+02 369 0 4 6.040e+02 6.560e+02 482 0 2 6.513e+02 6.927e+02 384 2 2 2.937e+01 5.463e+01 235 2 4 2.937e+01 5.463e+01 235 2 3 4.390e+01 8.210e+01 355 2 3 -3.123e+00 4.512e+01 448 2 1 3.964e+01 8.636e+01 434 3 2 5.454e+02 5.466e+02 10 3 3 5.118e+02 5.382e+02 245 3 4 5.283e+02 5.637e+02 328
21613 20 0 2 6.287e+02 6.313e+02 24 0 1 3.557e+02 3.583e+02 24 0 3 6.499e+02 6.521e+02 21 0 2 3.738e+02 3.822e+02 79 0 4 6.268e+02 6.332e+02 60 0 1 6.504e+02 6.516e+02 11 0 4 4.142e+02 4.258e+02 107 0 2 6.182e+02 6.418e+02 220 0 4 6.621e+02 6.819e+02 185 0 4 6.211e+02 6.389e+02 165 0 1 6.368e+02 6.652e+02 264 0 1 5.921e+02 6.259e+02 315 0 2 6.564e+02 6.876e+02 290 0 3 5.924e+02 6.256e+02 308 0 4 6.144e+02 6.456e+02 289 1 3 5.225e+02 5.275e+02 46 1 4 5.399e+02 5.521e+02 113 1 3 5.076e+02 5.424e+02 323 2 1 2.100e+01 2.100e+01 -2 2 3 1.604e+01 2.596e+01 92
21614 17 0 3 6.064e+02 6.116e+02 49 0 4 5.800e+02 5.960e+02 149 0 1 6.060e+02 6.120e+02 56 0 3 5.890e+02 6.290e+02 370 0 2 6.117e+02 6.483e+02 340 0 4 6.098e+02 6.502e+02 375 1 2 6.178e+02 6.422e+02 227 1 2 5.734e+02 6.026e+02 270 1 2 5.624e+02 6.136e+02 475 1 2 5.203e+02 5.717e+02 477 2 4 2.492e+02 2.548e+02 52 2 1 2.003e+01 2.197e+01 18 2 4 1.240e+02 1.280e+02 36 2 3 2.270e+02 2.350e+02 74 2 3 1.635e+01 2.565e+01 86 2 4 1.680e+02 1.680e+02 -10 3 1 1.451e+02 1.489e+02 35
21615 5 2 4 1.678e+02 1.682e+02 4 2 4 3.960e+01 4.440e+01 45 2 2 1.610e+02 1.750e+02 130 2 1 1.793e+02 1.987e+02 180 2 3 1.730e+02 2.050e+02 297
21616 1 1 2 6.135e+02 6.465e+02 307
21617 0
21624 0
21625 8 0 1 6.006e+02 6.174e+02 156 0 3 5.983e+02 6.197e+02 200 0 2 6.547e+02 6.893e+02 320 0 3 5.915e+02 6.265e+02 326 0 4 6.495e+02 6.945e+02 418 0 4 6.066e+02 6.534e+02 434 0 1 6.247e+02 6.773e+02 489 0 2 6.032e+02 6.568e+02 498
21626 1 2 4 3.213e+02 3.507e+02 272
21633 0
21634 14 0 4 5.030e+02 5.050e+02 18 0 1 5.582e+02 5.758e+02 164 0 2 6.249e+02 6.351e+02 96 0 1 6.393e+02 6.627e+02 218 0 1 4.376e+02 4.444e+02 64 0 4 4.588e+02 4.652e+02 59 0 2 5.347e+02 5.573e+02 210 0 4 6.230e+02 6.370e+02 130 0 3 6.376e+02 6.644e+02 250 0 2 4.456e+02 4.784e+02 306 2 3 2.249e+02 2.371e+02 113 2 1 2.190e+02 2.430e+02 223 2 2 2.434e+02 2.606e+02 160 2 4 2.417e+02 2.623e+02 191
21636 8 0 2 6.707e+02 6.733e+02 25 0 1 5.142e+02 5.358e+02 200 0 4 6.711e+02 6.729e+02 16 0 2 5.378e+02 5.542e+02 152 0 1 6.313e+02 6.707e+02 366 0 3 5.098e+02 5.402e+02 283 2 1 1.729e+01 2.471e+01 69 2 3 1.267e+01 2.933e+01 155
21639 13 0 2 6.683e+02 6.757e+02 68 0 3 5.610e+02 5.730e+02 112 0 4 6.698e+02 6.742e+02 40 0 2 5.265e+02 5.655e+02 363 0 1 6.480e+02 6.540e+02 56 2 4 4.090e+01 4.310e+01 20 2 1 1.467e+02 1.473e+02 6 2 1 1.819e+01 2.381e+01 52 2 2 1.212e+02 1.308e+02 89 2 3 1.972e+01 2.228e+01 24 2 3 8.940e+01 1.206e+02 290 2 2 2.479e+01 5.921e+01 320 2 3 1.767e+00 4.023e+01 357
