39764 7 0 4 4.891e+02 5.189e+02 276 0 2 1.909e+02 2.291e+02 356 0 1 5.852e+02 6.328e+02 442 0 2 6.460e+02 6.980e+02 483 0 3 5.849e+02 6.331e+02 447 0 4 6.055e+02 6.545e+02 456 2 1 1.761e+01 2.439e+01 63
39766 13 0 1 6.505e+02 6.515e+02 10 0 1 4.778e+02 4.882e+02 96 0 4 5.869e+02 5.891e+02 20 0 3 4.780e+02 4.880e+02 93 0 1 6.070e+02 6.110e+02 37 0 2 5.017e+02 5.063e+02 42 0 3 6.045e+02 6.135e+02 83 0 4 4.510e+02 4.730e+02 205 0 2 4.434e+02 4.806e+02 346 2 1 1.559e+01 2.641e+01 100 2 4 2.844e+02 3.036e+02 178 2 3 1.254e+01 2.946e+01 157 2 1 2.618e+00 3.938e+01 341
39767 4 1 1 6.030e+02 6.150e+02 111 1 3 6.009e+02 6.171e+02 150 1 2 6.206e+02 6.394e+02 174 1 4 6.205e+02 6.395e+02 176
39769 2 2 2 6.300e+02 6.300e+02 -5 2 2 6.226e+02 6.374e+02 137
39770 22 0 1 5.657e+02 5.683e+02 25 0 4 6.645e+02 6.795e+02 140 0 3 5.573e+02 5.767e+02 180 0 4 3.647e+02 3.913e+02 246 0 4 5.808e+02 5.952e+02 134 0 1 6.451e+02 6.569e+02 109 0 3 3.836e+02 4.144e+02 286 0 3 6.405e+02 6.615e+02 195 0 2 6.595e+02 6.845e+02 231 0 4 6.566e+02 6.874e+02 286 0 2 6.536e+02 6.904e+02 342 1 2 6.116e+02 6.484e+02 342 2 1 1.823e+01 2.377e+01 51 2 1 4.817e+02 4.843e+02 24 2 4 8.258e+01 8.542e+01 26 2 3 1.994e+01 2.206e+01 20 2 2 3.502e+01 4.898e+01 130 2 2 7.109e+01 9.691e+01 240 2 4 3.452e+01 4.948e+01 139 2 1 4.503e+00 3.750e+01 306 2 2 2.295e+01 6.105e+01 354 3 4 2.409e+02 2.631e+02 206
39771 9 0 1 6.084e+02 6.096e+02 10 0 2 6.185e+02 6.415e+02 213 1 1 5.658e+02 5.682e+02 23 1 4 6.295e+02 6.305e+02 9 1 2 5.860e+02 5.900e+02 37 1 1 6.003e+02 6.177e+02 162 1 3 5.967e+02 6.213e+02 228 2 2 5.018e+02 5.062e+02 41 2 3 5.241e+02 5.259e+02 16
39772 10 0 1 1.886e+02 1.894e+02 8 0 1 6.090e+02 6.090e+02 -0 0 3 1.846e+02 1.934e+02 82 0 3 6.063e+02 6.117e+02 50 0 4 2.048e+02 2.152e+02 96 0 4 6.165e+02 6.435e+02 251 0 2 6.121e+02 6.479e+02 333 0 2 1.911e+02 2.289e+02 351 1 2 5.878e+02 5.882e+02 5 1 2 6.272e+02 6.328e+02 51
39774 4 0 3 5.665e+02 5.675e+02 9 0 4 5.848e+02 5.912e+02 59 0 1 6.446e+02 6.574e+02 120 0 3 6.424e+02 6.596e+02 160
39775 4 2 3 2.710e+02 2.750e+02 38 2 3 2.201e+02 2.419e+02 203 2 4 2.911e+02 2.969e+02 55 2 4 2.373e+02 2.667e+02 272
39776 4 1 1 5.926e+02 6.254e+02 305 2 3 4.296e+02 4.524e+02 212 2 2 7.096e+01 9.704e+01 242 2 4 4.517e+02 4.723e+02 192
39777 9 0 3 6.070e+02 6.110e+02 36 0 3 2.066e+01 2.134e+01 6 0 4 4.187e+02 4.213e+02 25 0 1 6.045e+02 6.135e+02 83 0 1 3.854e+02 4.126e+02 253 0 4 2.910e+01 5.490e+01 240 0 4 6.546e+02 6.894e+02 323 0 4 5.701e+02 6.059e+02 332 2 3 1.016e+01 3.184e+01 201
39778 0
39779 2 2 4 2.658e+01 5.742e+01 286 2 3 4.162e+01 8.438e+01 397
39780 19 0 2 6.720e+02 6.720e+02 -14 0 2 4.543e+02 4.697e+02 142 0 3 5.229e+02 5.271e+02 40 0 4 5.842e+02 5.918e+02 70 0 4 6.703e+02 6.737e+02 31 0 1 4.746e+02 4.914e+02 156 0 1 5.164e+02 5.336e+02 159 0 3 6.052e+02 6.128e+02 71 0 1 6.471e+02 6.549e+02 73 0 3 4.768e+02 4.892e+02 116 0 2 6.112e+02 6.488e+02 349 0 4 4.454e+02 4.786e+02 308 0 2 4.901e+02 5.179e+02 259 2 3 6.140e+01 6.460e+01 30 2 3 2.100e+01 2.100e+01 -19 2 1 3.492e+02 3.648e+02 146 2 4 3.107e+01 5.293e+01 203 2 2 6.917e+01 9.883e+01 276 2 1 5.104e+01 7.496e+01 222
39781 0
39782 15 0 4 2.930e+02 2.950e+02 19 0 1 5.573e+02 5.767e+02 180 0 3 2.707e+02 2.753e+02 42 0 4 5.864e+02 5.896e+02 30 0 4 6.192e+02 6.408e+02 200 0 3 5.519e+02 5.821e+02 281 0 1 5.985e+02 6.195e+02 196 0 3 5.962e+02 6.218e+02 237 0 3 6.249e+02 6.771e+02 486 2 3 4.388e+02 4.432e+02 41 2 4 3.834e+01 4.566e+01 68 2 1 2.239e+02 2.381e+02 131 2 2 4.428e+02 4.812e+02 356 2 2 2.360e+02 2.680e+02 297 2 4 4.029e+02 4.371e+02 318
39783 4 0 2 6.703e+02 6.737e+02 31 0 4 6.704e+02 6.736e+02 30 2 2 4.996e+02 5.084e+02 81 2 3 4.703e+02 4.957e+02 236
39784 5 0 2 2.899e+02 2.981e+02 76 0 3 2.595e+02 2.865e+02 251 1 1 2.310e+02 2.310e+02 -7 1 2 2.789e+02 3.091e+02 281 3 4 4.097e+02 4.303e+02 190
39785 17 0 2 6.228e+02 6.372e+02 135 0 3 5.409e+01 7.191e+01 166 0 4 6.288e+02 6.312e+02 22 0 4 2.954e+01 5.446e+01 231 0 1 6.399e+02 6.621e+02 206 0 3 6.345e+02 6.675e+02 307 2 4 1.669e+02 1.691e+02 20 2 2 2.503e+02 2.537e+02 32 2 1 3.986e+02 3.994e+02 8 2 3 1.850e+02 1.930e+02 75 2 2 2.039e+02 2.161e+02 113 2 4 1.538e+02 1.822e+02 264 3 1 4.408e+02 4.412e+02 4 3 4 4.604e+02 4.636e+02 30 3 1 5.971e+02 6.209e+02 221 3 3 4.297e+02 4.523e+02 210 3 2 4.495e+02 4.745e+02 231
39788 0
39790 0
39791 6 0 3 1.050e+02 1.050e+02 -20 0 1 6.230e+01 6.370e+01 13 0 2 8.227e+01 8.573e+01 32 0 4 1.664e+02 1.696e+02 30 0 1 5.028e+01 7.572e+01 236 3 1 2.631e+02 2.829e+02 183
39794 0
39795 40 0 4 6.300e+02 6.300e+02 -4 0 1 6.510e+02 6.510e+02 -22 0 2 5.435e+02 5.485e+02 47 0 4 5.844e+02 5.916e+02 67 0 3 6.495e+02 6.525e+02 28 0 2 4.541e+02 4.699e+02 147 0 1 5.593e+02 5.747e+02 143 0 2 6.292e+02 6.308e+02 15 0 2 6.704e+02 6.736e+02 30 0 4 4.572e+02 4.668e+02 90 0 1 5.144e+02 5.356e+02 196 0 1 6.008e+02 6.172e+02 152 0 4 6.673e+02 6.767e+02 88 0 4 4.445e+02 4.795e+02 326 0 3 6.000e+02 6.180e+02 166 0 3 6.411e+02 6.609e+02 184 0 1 4.677e+02 4.983e+02 284 0 1 5.930e+02 6.250e+02 297 1 4 6.165e+02 6.435e+02 250 2 1 2.100e+01 2.100e+01 -23 2 2 8.400e+01 8.400e+01 -18 2 4 1.674e+02 1.686e+02 11 2 2 4.992e+02 5.088e+02 89 2 3 2.279e+02 2.341e+02 57 2 4 4.992e+02 5.088e+02 90 2 1 3.543e+02 3.597e+02 50 2 2 4.200e+01 4.200e+01 -12 2 4 4.475e+02 4.765e+02 269 2 4 8.213e+01 8.587e+01 35 2 3 4.696e+02 4.964e+02 248 2 2 2.508e+02 2.532e+02 21 2 4 3.327e+02 3.393e+02 61 2 4 3.995e+01 4.405e+01 38 2 2 2.414e+02 2.626e+02 196 2 2 3.252e+02 3.468e+02 201 2 3 1.823e+01 2.377e+01 51 2 4 1.934e+02 2.266e+02 309 2 3 3.411e+02 3.729e+02 295 2 1 4.965e+01 7.635e+01 248 2 3 5.265e+01 7.335e+01 192
39798 2 0 4 8.400e+01 8.400e+01 -9 0 3 4.265e+02 4.555e+02 269
39799 0
39800 2 2 1 3.394e+02 3.746e+02 326 2 1 4.597e+00 3.740e+01 305
39806 5 1 3 2.723e+02 2.737e+02 12 1 2 2.515e+02 2.525e+02 10 1 2 2.861e+02 3.019e+02 146 1 1 2.672e+02 2.788e+02 107 1 4 2.829e+02 3.051e+02 206
39807 10 0 1 6.505e+02 6.515e+02 9 0 3 6.455e+02 6.565e+02 103 0 3 4.280e+02 4.540e+02 241 0 2 6.560e+02 6.880e+02 298 0 3 3.804e+02 4.176e+02 346 1 2 6.156e+02 6.444e+02 268 1 4 6.125e+02 6.475e+02 325 2 4 4.117e+01 4.283e+01 16 2 2 7.715e+01 9.085e+01 127 2 3 9.797e+01 1.120e+02 130
39808 1 2 4 7.998e+01 8.802e+01 75
39809 9 2 4 6.262e+02 6.338e+02 70 2 2 3.802e+01 4.598e+01 74 2 4 4.185e+02 4.215e+02 28 2 4 3.865e+01 4.535e+01 62 2 4 6.109e+02 6.491e+02 355 2 3 1.796e+02 1.984e+02 175 2 2 4.431e+02 4.809e+02 351 2 1 5.005e+01 7.595e+01 240 2 3 4.421e+01 8.179e+01 349
39810 29 0 3 6.504e+02 6.516e+02 11 0 4 6.660e+02 6.780e+02 112 2 2 2.518e+02 2.522e+02 3 2 2 4.580e+02 4.660e+02 74 2 2 3.769e+02 3.791e+02 20 2 2 1.663e+02 1.697e+02 32 2 1 3.896e+02 4.084e+02 174 2 4 2.060e+02 2.140e+02 75 2 4 4.580e+02 4.660e+02 74 2 3 2.687e+02 2.773e+02 80 2 1 4.682e+02 4.978e+02 276 2 2 3.319e+02 3.401e+02 76 2 3 4.713e+02 4.947e+02 218 2 3 9.061e+01 1.194e+02 267 2 1 1.865e+02 1.915e+02 47 2 4 2.478e+02 2.562e+02 78 2 2 2.924e+02 2.956e+02 30 2 3 3.513e+02 3.627e+02 106 2 2 1.144e+02 1.376e+02 215 2 3 1.411e+02 1.529e+02 109 2 3 2.220e+02 2.400e+02 167 2 1 3.133e+02 3.167e+02 31 2 4 3.193e+02 3.527e+02 310 2 4 1.125e+02 1.395e+02 250 2 1 1.752e+02 2.028e+02 256 2 2 2.399e+02 2.641e+02 224 2 1 2.614e+02 2.846e+02 216 2 1 1.287e+02 1.653e+02 340 2 4 1.508e+02 1.852e+02 319
39811 17 0 4 6.282e+02 6.318e+02 33 0 3 6.038e+02 6.142e+02 97 0 3 4.321e+02 4.499e+02 166 0 1 5.485e+02 5.855e+02 343 0 4 5.758e+02 6.002e+02 226 0 4 6.535e+02 6.905e+02 343 0 3 5.442e+02 5.898e+02 424 0 4 5.632e+02 6.128e+02 460 0 2 6.518e+02 6.922e+02 375 0 4 4.795e+02 5.285e+02 456 0 1 5.054e+02 5.446e+02 364 0 1 5.845e+02 6.335e+02 456 0 4 6.452e+02 6.988e+02 498 0 3 5.843e+02 6.337e+02 458 2 4 2.468e+02 2.572e+02 96 2 4 6.639e+02 6.801e+02 150 3 1 1.954e+01 2.246e+01 27
39813 15 0 1 6.510e+02 6.510e+02 -12 0 3 6.468e+02 6.552e+02 77 0 1 6.013e+02 6.167e+02 143 0 2 6.720e+02 6.720e+02 -13 0 4 6.154e+02 6.446e+02 270 0 4 6.713e+02 6.727e+02 13 0 4 6.619e+02 6.821e+02 187 0 1 6.337e+02 6.683e+02 322 0 3 6.335e+02 6.685e+02 326 0 2 6.582e+02 6.858e+02 256 1 4 6.235e+02 6.365e+02 120 1 2 6.243e+02 6.357e+02 106 2 3 2.100e+01 2.100e+01 -7 2 1 1.895e+01 2.305e+01 38 2 2 2.577e+01 5.823e+01 301
39814 30 0 4 6.720e+02 6.720e+02 -10 0 1 5.631e+02 5.709e+02 72 0 2 6.271e+02 6.329e+02 53 0 1 6.510e+02 6.510e+02 -11 0 1 4.334e+02 4.486e+02 141 0 2 4.562e+02 4.678e+02 107 0 3 5.587e+02 5.753e+02 154 0 4 6.236e+02 6.364e+02 120 0 3 4.272e+02 4.548e+02 257 0 4 5.816e+02 5.944e+02 118 0 2 6.705e+02 6.735e+02 27 0 1 5.977e+02 6.203e+02 210 0 3 6.008e+02 6.172e+02 153 0 2 6.136e+02 6.464e+02 305 0 4 6.153e+02 6.447e+02 274 0 3 5.925e+02 6.255e+02 306 1 3 1.883e+02 1.897e+02 13 1 4 6.293e+02 6.307e+02 12 1 1 6.025e+02 6.155e+02 121 1 3 5.987e+02 6.193e+02 191 1 2 6.225e+02 6.375e+02 139 1 2 6.150e+02 6.450e+02 278 2 2 2.100e+02 2.100e+02 -14 2 4 3.704e+01 4.696e+01 92 2 4 1.244e+02 1.276e+02 29 2 4 2.072e+02 2.128e+02 51 2 1 7.555e+00 3.444e+01 250 2 4 1.116e+02 1.404e+02 268 2 3 1.736e+02 2.044e+02 286 2 3 2.275e+02 2.345e+02 66
39815 0
39816 14 0 1 1.050e+02 1.050e+02 -10 0 2 1.102e+02 1.418e+02 293 0 1 8.474e+01 1.253e+02 376 1 2 5.824e+02 5.936e+02 105 1 3 5.548e+02 5.792e+02 226 2 4 3.360e+02 3.360e+02 -7 2 3 6.104e+01 6.496e+01 36 2 2 2.933e+02 2.947e+02 12 2 4 2.933e+02 2.947e+02 14 2 4 2.766e+01 5.634e+01 266 2 4 2.820e+02 3.060e+02 223 2 3 4.915e+01 7.685e+01 257 2 1 3.049e+02 3.251e+02 187 2 3 2.594e+02 2.866e+02 252
