24038 1 0 2 6.478e+02 6.962e+02 450
24041 14 0 3 5.241e+02 5.259e+02 17 0 2 6.720e+02 6.720e+02 -20 0 4 4.195e+02 4.205e+02 9 0 2 5.456e+02 5.464e+02 7 0 4 5.767e+02 5.993e+02 210 0 4 6.683e+02 6.757e+02 69 0 2 4.925e+02 5.155e+02 213 0 1 5.118e+02 5.382e+02 245 0 1 5.966e+02 6.214e+02 230 0 3 6.450e+02 6.570e+02 110 0 3 6.002e+02 6.178e+02 163 0 1 6.377e+02 6.643e+02 247 1 4 5.726e+02 6.034e+02 286 2 4 2.417e+02 2.623e+02 190
24042 2 0 1 5.134e+02 5.366e+02 215 1 1 6.057e+02 6.123e+02 60
24044 9 0 2 6.634e+02 6.806e+02 160 1 2 6.251e+02 6.349e+02 91 1 3 3.834e+02 4.146e+02 289 1 3 5.890e+02 6.290e+02 371 2 3 1.006e+02 1.094e+02 82 2 4 1.216e+02 1.304e+02 81 2 3 9.223e+01 1.178e+02 237 2 2 3.186e+02 3.534e+02 324 2 4 6.643e+01 1.016e+02 326
24047 3 0 4 6.240e+02 6.360e+02 111 0 2 1.625e+02 1.735e+02 101 0 3 5.899e+02 6.281e+02 354
24048 40 0 4 6.284e+02 6.316e+02 30 0 1 6.477e+02 6.543e+02 62 0 1 4.811e+02 4.849e+02 35 0 3 5.246e+02 5.254e+02 7 0 4 3.194e+02 3.526e+02 308 0 4 5.855e+02 5.905e+02 46 0 2 6.701e+02 6.739e+02 35 0 3 4.804e+02 4.856e+02 48 0 1 5.655e+02 5.685e+02 28 0 2 6.290e+02 6.310e+02 18 0 4 6.701e+02 6.739e+02 35 0 4 4.948e+02 5.132e+02 171 0 1 5.199e+02 5.301e+02 96 0 3 5.986e+02 6.194e+02 194 0 3 6.462e+02 6.558e+02 90 0 3 4.736e+02 4.924e+02 176 0 2 5.320e+02 5.600e+02 260 0 1 5.904e+02 6.276e+02 346 0 3 6.346e+02 6.674e+02 304 0 2 4.878e+02 5.202e+02 300 0 1 4.686e+02 4.974e+02 268 0 4 4.849e+02 5.231e+02 354 1 2 6.287e+02 6.313e+02 24 1 2 5.862e+02 5.898e+02 33 1 4 6.259e+02 6.341e+02 76 1 1 5.884e+02 6.296e+02 383 2 4 8.307e+01 8.493e+01 17 2 3 5.992e+01 6.608e+01 57 2 4 4.170e+02 4.230e+02 56 2 3 9.928e+01 1.107e+02 106 2 3 1.862e+02 1.918e+02 52 2 2 2.042e+02 2.158e+02 108 2 3 4.234e+02 4.586e+02 326 2 4 3.582e+01 4.818e+01 115 2 4 1.530e+02 1.830e+02 278 2 4 2.418e+02 2.622e+02 190 2 3 4.772e+01 7.828e+01 284 2 2 1.112e+02 1.408e+02 276 2 1 1.714e+02 2.066e+02 326 3 1 5.314e+00 3.669e+01 291
24049 26 0 4 1.664e+02 1.696e+02 30 0 2 1.640e+02 1.720e+02 74 0 1 5.207e+02 5.293e+02 80 0 1 6.053e+02 6.127e+02 68 0 3 6.505e+02 6.515e+02 10 0 1 1.316e+02 1.624e+02 286 0 3 4.338e+02 4.482e+02 135 0 3 5.153e+02 5.347e+02 180 0 3 6.054e+02 6.126e+02 66 0 2 6.688e+02 6.752e+02 59 0 2 6.179e+02 6.421e+02 226 0 4 6.679e+02 6.761e+02 76 0 1 4.202e+02 4.618e+02 386 0 4 6.179e+02 6.421e+02 224 0 1 6.424e+02 6.596e+02 159 0 4 5.683e+02 6.077e+02 366 0 1 5.892e+02 6.288e+02 367 1 4 5.879e+02 5.881e+02 2 1 1 5.144e+02 5.356e+02 196 1 2 5.409e+02 5.511e+02 94 1 3 5.603e+02 5.737e+02 125 2 4 3.755e+02 3.805e+02 47 2 3 1.514e+01 2.686e+01 109 2 2 3.340e+01 5.060e+01 160 2 1 6.886e+00 3.511e+01 262 2 4 2.371e+01 6.029e+01 340
24050 10 0 4 2.813e+02 3.067e+02 236 0 4 6.569e+02 6.871e+02 281 0 1 4.241e+02 4.579e+02 313 1 1 4.744e+02 4.916e+02 160 1 2 4.925e+02 5.155e+02 214 1 1 4.616e+02 5.044e+02 397 2 4 2.502e+02 2.538e+02 34 2 1 2.678e+02 2.782e+02 96 2 3 2.648e+02 2.812e+02 153 2 2 2.341e+02 2.699e+02 333
24052 2 0 2 2.098e+02 2.102e+02 4 0 4 2.098e+02 2.102e+02 3
24053 0
24054 2 0 4 2.883e+02 2.997e+02 106 0 2 6.547e+02 6.893e+02 321
24055 1 2 1 1.204e+01 2.996e+01 166
24057 1 1 4 2.022e+02 2.178e+02 145
24059 0
24060 0
24061 8 0 3 4.404e+02 4.416e+02 10 0 4 4.544e+02 4.696e+02 141 2 4 3.919e+01 4.481e+01 52 2 2 2.016e+02 2.184e+02 156 2 1 5.920e+01 6.680e+01 70 2 4 2.015e+02 2.185e+02 157 2 2 2.353e+01 6.047e+01 343 2 3 2.208e+02 2.412e+02 190
24062 45 0 1 6.076e+02 6.104e+02 26 0 1 4.372e+02 4.448e+02 70 0 4 6.198e+02 6.402e+02 190 0 3 6.447e+02 6.573e+02 117 0 3 4.329e+02 4.491e+02 150 0 2 6.117e+02 6.483e+02 340 0 4 6.625e+02 6.815e+02 177 0 4 4.058e+02 4.342e+02 263 1 1 6.090e+02 6.090e+02 -1 1 2 4.502e+02 4.738e+02 220 1 2 5.807e+02 5.953e+02 136 1 3 6.054e+02 6.126e+02 67 1 2 6.275e+02 6.325e+02 46 1 3 5.925e+02 6.255e+02 306 1 4 6.144e+02 6.456e+02 290 2 3 1.048e+02 1.052e+02 4 2 1 6.225e+01 6.375e+01 14 2 4 5.006e+02 5.074e+02 63 2 2 1.245e+02 1.275e+02 27 2 1 1.428e+02 1.512e+02 77 2 4 4.619e+02 4.621e+02 1 2 3 6.032e+01 6.568e+01 50 2 1 5.138e+02 5.362e+02 207 2 4 1.240e+02 1.280e+02 38 2 1 4.790e+02 4.870e+02 74 2 4 1.637e+02 1.723e+02 80 2 3 5.141e+02 5.359e+02 203 2 4 2.328e+02 2.712e+02 357 2 3 4.801e+02 4.859e+02 54 2 3 1.487e+01 2.713e+01 114 2 2 5.297e+02 5.623e+02 303 2 2 8.400e+01 8.400e+01 -8 2 2 4.892e+02 5.188e+02 275 2 3 1.843e+02 1.937e+02 87 2 2 1.936e+02 2.264e+02 305 2 4 3.955e+01 4.445e+01 46 2 4 8.101e+01 8.699e+01 56 2 3 1.361e+02 1.579e+02 202 2 3 5.311e+00 3.669e+01 291 2 4 6.988e+01 9.812e+01 262 2 2 1.588e+02 1.772e+02 171 2 2 2.479e+01 5.921e+01 320 2 2 6.548e+01 1.025e+02 344 2 1 1.779e+02 2.001e+02 206 3 4 3.334e+02 3.386e+02 49
24063 48 0 2 6.284e+02 6.316e+02 30 0 4 3.897e+01 4.503e+01 56 0 2 6.687e+02 6.753e+02 62 0 4 6.698e+02 6.742e+02 40 0 1 6.499e+02 6.521e+02 20 0 3 6.326e+02 6.694e+02 342 1 4 6.274e+02 6.326e+02 48 1 1 6.006e+02 6.174e+02 156 1 4 6.136e+02 6.464e+02 305 1 3 5.902e+02 6.278e+02 349 2 3 2.299e+02 2.321e+02 20 2 2 5.018e+02 5.062e+02 40 2 3 3.556e+02 3.584e+02 26 2 1 5.247e+02 5.253e+02 6 2 3 6.122e+01 6.478e+01 33 2 4 4.177e+02 4.223e+02 43 2 2 8.056e+01 8.744e+01 64 2 1 4.798e+02 4.862e+02 59 2 1 1.462e+02 1.478e+02 15 2 3 4.290e+02 4.530e+02 223 2 2 2.063e+02 2.137e+02 68 2 3 4.796e+02 4.864e+02 63 2 1 3.525e+02 3.615e+02 83 2 1 4.293e+02 4.527e+02 218 2 4 3.569e+01 4.831e+01 117 2 4 4.495e+02 4.745e+02 231 2 3 1.027e+02 1.073e+02 43 2 2 3.990e+02 4.410e+02 390 2 2 1.648e+02 1.712e+02 59 2 4 2.075e+02 2.125e+02 46 2 2 3.680e+02 3.880e+02 186 2 1 1.164e+01 3.036e+01 174 2 2 1.208e+02 1.312e+02 97 2 4 1.655e+02 1.705e+02 47 2 2 2.462e+02 2.578e+02 108 2 4 3.679e+02 3.881e+02 188 2 4 1.176e+02 1.344e+02 156 2 1 1.825e+02 1.955e+02 120 2 1 2.143e+02 2.477e+02 310 2 4 3.257e+02 3.463e+02 191 2 3 9.205e+01 1.180e+02 240 2 3 1.833e+02 1.947e+02 106 2 2 2.400e+02 2.640e+02 223 2 4 6.814e+01 9.986e+01 295 2 3 1.334e+02 1.606e+02 252 2 2 1.925e+02 2.275e+02 326 2 1 1.299e+02 1.641e+02 317 2 4 1.494e+02 1.866e+02 345
24064 11 0 4 5.040e+02 5.040e+02 -1 0 1 4.393e+02 4.427e+02 32 0 4 4.609e+02 4.631e+02 20 0 2 4.584e+02 4.656e+02 67 0 3 4.212e+02 4.608e+02 368 0 3 4.641e+02 5.019e+02 350 0 4 4.847e+02 5.233e+02 359 0 4 4.423e+02 4.817e+02 366 2 1 1.878e+01 2.322e+01 41 2 3 1.909e+01 2.291e+01 36 2 2 2.290e+01 6.110e+01 355
24067 17 0 2 6.300e+02 6.300e+02 -2 0 4 6.300e+02 6.300e+02 -1 0 3 6.501e+02 6.519e+02 17 0 4 5.855e+02 5.905e+02 46 0 2 6.712e+02 6.728e+02 15 0 1 5.485e+02 5.855e+02 343 0 2 6.248e+02 6.352e+02 96 0 4 6.692e+02 6.748e+02 52 0 1 5.999e+02 6.181e+02 169 0 1 6.389e+02 6.631e+02 226 0 3 5.951e+02 6.229e+02 259 0 2 6.570e+02 6.870e+02 278 0 1 5.930e+02 6.250e+02 298 0 1 6.329e+02 6.691e+02 336 0 3 5.893e+02 6.287e+02 366 0 3 6.337e+02 6.683e+02 320 0 4 6.529e+02 6.911e+02 356
24068 2 2 3 1.458e+02 1.482e+02 23 2 3 8.689e+01 1.231e+02 336
24069 3 2 4 2.893e+02 2.987e+02 88 2 3 3.077e+02 3.223e+02 136 2 2 2.749e+02 3.131e+02 354
24070 1 2 4 3.698e+02 3.862e+02 152
24071 3 0 4 6.609e+02 6.831e+02 206 2 3 5.896e+00 3.610e+01 280 2 4 5.718e+01 1.108e+02 498
24072 9 2 2 3.968e+01 4.432e+01 43 2 3 6.026e+02 6.154e+02 118 2 3 1.424e+01 2.776e+01 126 2 3 5.603e+02 5.737e+02 125 2 1 4.817e+01 7.783e+01 276 2 3 5.970e+02 6.210e+02 222 2 4 5.339e+02 5.581e+02 224 2 4 6.113e+02 6.487e+02 347 3 1 1.427e+02 1.513e+02 80
24074 0
24075 4 0 4 2.425e+02 2.615e+02 176 2 1 1.478e+01 2.722e+01 116 2 3 1.887e+01 2.313e+01 40 2 4 1.115e+02 1.405e+02 270
24077 25 0 4 2.908e+02 2.972e+02 60 0 2 6.295e+02 6.305e+02 9 0 2 6.710e+02 6.730e+02 18 0 4 6.282e+02 6.318e+02 33 0 4 6.645e+02 6.795e+02 140 0 1 6.358e+02 6.662e+02 282 0 2 6.572e+02 6.868e+02 276 0 4 6.560e+02 6.880e+02 298 1 2 1.649e+02 1.711e+02 58 1 1 1.377e+02 1.563e+02 173 1 4 1.643e+02 1.717e+02 70 1 3 1.360e+02 1.580e+02 205 2 1 1.889e+02 1.891e+02 2 2 2 3.829e+01 4.571e+01 69 2 1 3.965e+02 4.015e+02 47 2 4 8.146e+01 8.654e+01 47 2 4 2.429e+02 2.611e+02 170 2 4 4.185e+02 4.215e+02 27 2 4 4.054e+01 4.346e+01 27 2 3 9.640e+01 1.136e+02 160 2 3 1.372e+02 1.568e+02 182 2 4 2.370e+02 2.670e+02 278 2 3 4.539e+01 8.061e+01 327 2 2 1.537e+02 1.823e+02 266 3 1 3.833e+00 3.817e+01 319
24078 8 0 2 5.018e+02 5.062e+02 40 0 3 5.113e+02 5.387e+02 255 0 3 6.388e+02 6.632e+02 227 0 1 4.670e+02 4.990e+02 296 0 2 6.594e+02 6.846e+02 234 2 4 1.904e+02 2.296e+02 364 2 1 2.137e+02 2.483e+02 321 2 3 2.144e+02 2.476e+02 308
24079 6 0 4 3.309e+01 5.091e+01 166 0 1 4.672e+02 4.988e+02 294 2 4 2.096e+02 2.104e+02 7 2 1 4.374e+02 4.446e+02 66 2 3 2.272e+02 2.348e+02 70 2 3 6.285e+02 6.735e+02 418
24080 0
24081 9 0 2 5.460e+02 5.460e+02 -17 0 2 6.720e+02 6.720e+02 0 0 2 5.011e+02 5.069e+02 53 0 3 6.017e+02 6.163e+02 136 0 4 6.712e+02 6.728e+02 16 0 1 6.376e+02 6.644e+02 249 0 4 5.703e+02 6.057e+02 329 2 4 7.801e+01 8.999e+01 111 2 1 7.781e+00 3.422e+01 246
