28091 4 0 3 4.791e+02 4.869e+02 72 0 4 4.941e+02 5.139e+02 183 0 2 4.485e+02 4.755e+02 251 0 1 4.638e+02 5.022e+02 357
28092 13 0 1 1.857e+02 1.923e+02 60 0 2 3.330e+02 3.390e+02 56 0 4 3.296e+02 3.424e+02 120 0 3 5.557e+02 5.783e+02 210 0 1 1.755e+02 2.025e+02 250 0 2 6.547e+02 6.893e+02 320 0 2 1.989e+02 2.211e+02 206 0 4 6.542e+02 6.898e+02 331 0 3 1.708e+02 2.072e+02 337 0 4 1.934e+02 2.266e+02 308 0 3 2.112e+02 2.508e+02 368 1 2 6.150e+02 6.450e+02 278 2 4 7.989e+01 8.811e+01 76
28093 2 1 1 4.379e+02 4.441e+02 58 3 1 6.266e+01 6.334e+01 6
28094 16 0 1 6.506e+02 6.514e+02 7 0 2 6.220e+02 6.380e+02 149 0 3 6.477e+02 6.543e+02 61 0 4 6.217e+02 6.383e+02 154 0 2 6.712e+02 6.728e+02 15 0 4 6.677e+02 6.763e+02 80 0 1 6.372e+02 6.648e+02 256 2 3 1.994e+01 2.206e+01 20 2 3 1.443e+02 1.497e+02 50 2 4 3.789e+01 4.611e+01 76 2 2 7.688e+01 9.112e+01 132 2 4 1.623e+02 1.737e+02 106 2 1 9.978e+00 3.202e+01 205 2 2 1.100e+02 1.420e+02 298 2 3 1.836e+02 1.944e+02 100 2 2 2.676e+01 5.724e+01 283
28095 14 0 2 2.795e+02 3.085e+02 270 0 1 3.012e+02 3.288e+02 256 0 2 6.520e+02 6.920e+02 372 0 3 2.506e+02 2.954e+02 416 0 4 6.551e+02 6.889e+02 314 2 1 1.985e+01 2.215e+01 21 2 4 8.317e+01 8.483e+01 16 2 1 2.294e+02 2.326e+02 29 2 2 7.864e+01 8.936e+01 100 2 3 5.193e+01 7.407e+01 206 2 2 7.033e+01 9.767e+01 254 2 1 2.117e+02 2.503e+02 359 2 4 6.760e+01 1.004e+02 305 2 2 1.070e+02 1.450e+02 352
28096 5 0 3 5.220e+02 5.280e+02 56 0 2 4.889e+02 5.191e+02 280 2 2 3.888e+01 4.512e+01 58 2 3 5.521e+01 7.079e+01 145 2 3 7.195e+00 3.480e+01 256
28097 7 0 3 4.764e+02 4.896e+02 122 0 4 4.468e+02 4.772e+02 282 1 3 5.661e+02 5.679e+02 17 1 4 6.300e+02 6.300e+02 -20 1 3 5.925e+02 6.255e+02 306 1 3 4.287e+02 4.533e+02 229 2 4 2.068e+02 2.132e+02 60
28098 6 0 4 6.680e+02 6.760e+02 74 0 2 6.657e+02 6.783e+02 116 0 1 6.382e+02 6.638e+02 238 0 3 6.356e+02 6.664e+02 286 0 4 3.954e+02 4.446e+02 456 2 3 2.062e+01 2.138e+01 7
28099 5 0 3 6.419e+02 6.601e+02 169 2 3 6.140e+01 6.460e+01 30 2 1 5.476e+01 7.124e+01 153 2 2 7.029e+01 9.771e+01 255 2 4 2.757e+01 5.643e+01 268
28100 0
28101 4 1 2 6.247e+02 6.353e+02 99 1 4 6.201e+02 6.399e+02 184 1 4 5.733e+02 6.027e+02 274 1 3 5.931e+02 6.249e+02 296
28102 86 0 2 3.359e+02 3.361e+02 1 0 1 5.643e+02 5.697e+02 50 0 1 2.295e+02 2.325e+02 28 0 1 6.075e+02 6.105e+02 27 0 4 3.772e+02 3.788e+02 16 0 3 6.501e+02 6.519e+02 17 0 3 2.215e+02 2.405e+02 176 0 1 4.394e+02 4.426e+02 29 0 1 3.512e+02 3.628e+02 108 0 4 5.034e+02 5.046e+02 11 0 4 2.390e+02 2.650e+02 242 0 1 5.180e+02 5.320e+02 130 0 2 3.683e+02 3.877e+02 180 0 3 6.087e+02 6.093e+02 5 0 4 3.253e+02 3.467e+02 199 0 2 6.706e+02 6.734e+02 26 0 1 3.373e+02 3.767e+02 366 0 3 4.345e+02 4.475e+02 120 0 4 4.577e+02 4.663e+02 80 0 3 5.221e+02 5.279e+02 55 0 2 6.284e+02 6.316e+02 30 0 4 6.685e+02 6.755e+02 65 0 4 4.006e+02 4.394e+02 360 0 1 4.801e+02 4.859e+02 54 0 2 5.367e+02 5.553e+02 172 0 4 6.260e+02 6.340e+02 74 0 1 6.497e+02 6.523e+02 25 0 1 4.232e+02 4.588e+02 330 0 2 4.482e+02 4.758e+02 257 0 3 5.112e+02 5.388e+02 257 0 4 5.854e+02 5.906e+02 48 0 1 4.699e+02 4.961e+02 244 0 3 5.482e+02 5.858e+02 350 0 1 5.919e+02 6.261e+02 317 0 2 4.887e+02 5.193e+02 284 0 3 5.952e+02 6.228e+02 256 0 4 4.848e+02 5.232e+02 357 0 2 6.107e+02 6.493e+02 358 1 2 6.300e+02 6.300e+02 -4 1 3 1.830e+02 1.950e+02 111 1 4 5.024e+02 5.056e+02 29 1 4 1.982e+02 2.218e+02 220 1 2 5.856e+02 5.904e+02 44 1 3 2.185e+02 2.435e+02 232 1 4 6.293e+02 6.307e+02 13 1 1 1.326e+02 1.614e+02 268 1 1 5.219e+02 5.281e+02 57 1 2 1.942e+02 2.258e+02 294 1 4 5.847e+02 5.913e+02 60 1 1 6.088e+02 6.092e+02 4 1 3 4.748e+02 4.912e+02 151 1 1 5.640e+02 5.700e+02 56 1 3 6.061e+02 6.119e+02 53 1 2 4.993e+02 5.087e+02 88 1 2 5.310e+02 5.610e+02 278 1 3 5.517e+02 5.823e+02 285 2 3 1.050e+02 1.050e+02 -0 2 4 3.768e+02 3.792e+02 21 2 3 3.943e+02 4.037e+02 87 2 4 1.225e+02 1.295e+02 66 2 1 1.441e+02 1.499e+02 55 2 3 3.842e+02 4.138e+02 276 2 4 2.059e+02 2.141e+02 76 2 4 6.100e+02 6.500e+02 371 2 3 2.672e+02 2.788e+02 108 2 4 6.580e+02 6.860e+02 260 2 4 8.047e+01 8.753e+01 66 2 2 4.066e+02 4.334e+02 249 2 3 1.363e+02 1.577e+02 199 2 4 4.897e+02 5.183e+02 265 2 2 2.913e+02 2.967e+02 50 2 2 3.642e+02 3.918e+02 256 2 1 4.249e+02 4.571e+02 300 2 3 4.493e+01 8.107e+01 336 2 2 4.478e+02 4.762e+02 263 2 2 7.248e+01 9.552e+01 214 2 3 4.279e+02 4.541e+02 243 2 4 2.775e+02 3.105e+02 306 2 1 3.833e+02 4.147e+02 291 2 4 3.623e+02 3.937e+02 292 2 2 1.074e+02 1.446e+02 345 3 3 3.990e+02 3.990e+02 -2 3 2 1.666e+02 1.694e+02 26 3 3 6.145e+01 6.455e+01 29 3 3 8.958e+01 1.204e+02 286 3 3 4.269e+01 8.331e+01 377
28105 14 0 3 5.209e+02 5.291e+02 76 0 2 4.914e+02 5.166e+02 234 0 1 5.134e+02 5.366e+02 216 0 4 3.615e+02 3.945e+02 306 0 3 5.893e+02 6.287e+02 366 0 4 4.832e+02 5.248e+02 386 0 1 5.895e+02 6.285e+02 361 1 1 6.052e+02 6.128e+02 71 1 1 5.956e+02 6.224e+02 249 1 2 6.120e+02 6.480e+02 334 2 3 1.451e+02 1.489e+02 36 2 4 1.186e+02 1.334e+02 137 2 1 1.408e+02 1.532e+02 116 2 2 1.507e+02 1.853e+02 322
28106 5 0 4 2.036e+02 2.164e+02 120 0 3 2.202e+02 2.418e+02 201 1 4 1.663e+02 1.697e+02 32 1 3 1.854e+02 1.926e+02 66 1 3 1.722e+02 2.058e+02 311
28107 30 0 3 1.990e+01 2.210e+01 20 0 2 2.518e+02 2.522e+02 4 0 1 5.622e+02 5.718e+02 89 0 1 3.553e+02 3.587e+02 31 0 4 5.876e+02 5.884e+02 8 0 4 3.825e+01 4.575e+01 70 0 1 6.493e+02 6.527e+02 31 0 3 2.189e+02 2.431e+02 225 0 3 5.606e+02 5.734e+02 118 0 4 3.741e+02 3.819e+02 72 0 3 6.004e+02 6.176e+02 160 0 4 2.404e+02 2.636e+02 215 0 2 6.612e+02 6.828e+02 200 0 2 3.593e+02 3.967e+02 347 0 1 5.242e+02 5.258e+02 16 0 4 5.771e+02 5.989e+02 202 0 4 6.636e+02 6.804e+02 156 0 2 4.860e+02 5.220e+02 334 0 3 5.228e+02 5.272e+02 41 0 1 5.912e+02 6.268e+02 330 0 4 6.584e+02 6.856e+02 253 0 1 5.531e+02 5.809e+02 259 0 4 5.690e+02 6.070e+02 353 0 1 5.136e+02 5.364e+02 211 0 2 5.278e+02 5.642e+02 337 0 3 5.489e+02 5.851e+02 336 2 2 2.083e+02 2.117e+02 32 2 4 3.618e+01 4.782e+01 108 2 4 6.138e+02 6.462e+02 300 2 1 8.676e+00 3.332e+01 229
28108 3 1 2 2.892e+01 5.508e+01 243 2 2 2.671e+01 5.729e+01 284 2 4 4.957e+02 5.123e+02 155
28109 8 1 1 6.090e+02 6.090e+02 -14 2 3 1.680e+01 2.520e+01 78 2 3 3.940e+02 4.040e+02 92 2 1 5.245e+02 5.255e+02 10 2 2 4.110e+02 4.290e+02 168 2 4 4.031e+02 4.369e+02 314 2 1 5.054e+02 5.446e+02 365 2 1 3.827e+02 4.153e+02 303
28110 68 0 4 3.778e+02 3.782e+02 4 0 4 5.040e+02 5.040e+02 -15 0 2 3.771e+02 3.789e+02 16 0 1 5.692e+01 6.908e+01 113 0 4 5.856e+02 5.904e+02 44 0 1 3.459e+02 3.681e+02 206 0 3 6.507e+02 6.513e+02 5 0 1 5.117e+01 7.483e+01 220 0 3 4.402e+02 4.418e+02 15 0 2 6.701e+01 1.010e+02 316 0 1 4.830e+02 4.830e+02 -18 0 1 1.123e+01 3.077e+01 181 0 2 5.460e+02 5.460e+02 -6 0 3 6.070e+02 6.110e+02 38 0 2 6.689e+02 6.751e+02 57 0 4 4.103e+02 4.297e+02 180 0 2 4.979e+02 5.101e+02 113 0 3 5.661e+02 5.679e+02 17 0 2 6.296e+02 6.304e+02 8 0 4 6.675e+02 6.765e+02 83 0 3 3.856e+02 4.124e+02 249 0 2 4.593e+02 4.647e+02 50 0 1 5.572e+02 5.768e+02 182 0 1 5.980e+02 6.200e+02 204 0 1 6.462e+02 6.558e+02 90 0 3 4.724e+02 4.936e+02 197 0 1 5.501e+02 5.839e+02 315 0 3 5.963e+02 6.217e+02 236 0 3 6.368e+02 6.652e+02 264 0 4 4.473e+02 4.767e+02 274 0 4 6.150e+02 6.450e+02 278 0 2 6.135e+02 6.465e+02 307 1 4 5.040e+02 5.040e+02 -18 1 3 6.090e+02 6.090e+02 -14 1 4 4.453e+02 4.787e+02 310 1 3 5.623e+02 5.717e+02 86 1 2 5.839e+02 5.921e+02 76 1 4 6.300e+02 6.300e+02 -19 1 4 5.872e+02 5.888e+02 15 1 2 5.405e+02 5.515e+02 103 1 4 5.733e+02 6.027e+02 274 2 4 4.620e+02 4.620e+02 -10 2 4 8.379e+01 8.421e+01 4 2 4 2.099e+02 2.101e+02 1 2 1 4.372e+02 4.448e+02 70 2 3 1.050e+02 1.050e+02 -0 2 2 5.040e+02 5.040e+02 -18 2 1 2.305e+02 2.315e+02 10 2 1 5.205e+02 5.295e+02 84 2 4 3.239e+02 3.481e+02 225 2 4 4.150e+02 4.250e+02 93 2 2 1.260e+02 1.260e+02 -24 2 4 4.998e+02 5.082e+02 77 2 1 1.376e+02 1.564e+02 174 2 3 5.241e+02 5.259e+02 17 2 2 1.992e+02 2.208e+02 200 2 4 6.157e+02 6.443e+02 266 2 3 3.009e+02 3.291e+02 261 2 2 4.102e+02 4.298e+02 181 2 3 4.727e+01 7.873e+01 292 2 3 4.788e+02 4.872e+02 77 2 2 8.227e+01 8.573e+01 32 2 2 5.323e+02 5.597e+02 255 2 2 1.541e+02 1.819e+02 258 2 3 4.260e+02 4.560e+02 279 2 3 2.169e+02 2.451e+02 262 2 4 1.159e+02 1.361e+02 188 2 2 7.082e+01 9.718e+01 245
28111 12 0 1 2.700e+02 2.760e+02 56 0 2 6.278e+02 6.322e+02 40 0 4 2.933e+02 2.947e+02 14 0 2 6.691e+02 6.749e+02 55 0 4 6.273e+02 6.327e+02 50 0 4 6.689e+02 6.751e+02 57 0 2 2.771e+02 3.109e+02 313 0 1 5.960e+02 6.220e+02 241 0 1 6.464e+02 6.556e+02 86 0 3 6.318e+02 6.702e+02 356 0 2 6.533e+02 6.907e+02 347 2 4 1.676e+02 1.684e+02 8
28112 10 0 4 6.714e+02 6.726e+02 10 0 2 2.936e+02 2.944e+02 8 0 4 2.781e+02 3.099e+02 295 0 4 5.777e+02 5.983e+02 191 1 4 6.228e+02 6.372e+02 133 1 3 5.505e+02 5.835e+02 306 2 4 2.466e+02 2.574e+02 100 2 1 1.267e+01 2.933e+01 155 2 3 2.665e+00 3.933e+01 340 2 3 2.159e+02 2.461e+02 280
28113 11 0 1 6.090e+02 6.090e+02 -13 0 4 5.866e+02 5.894e+02 26 0 3 6.047e+02 6.133e+02 80 0 3 6.510e+02 6.510e+02 0 0 2 6.249e+02 6.351e+02 96 0 1 6.483e+02 6.537e+02 50 0 2 6.687e+02 6.753e+02 60 1 1 5.931e+02 6.249e+02 295 2 2 2.520e+02 2.520e+02 -14 2 3 5.650e+02 5.690e+02 38 2 4 5.408e+02 5.512e+02 97
28114 12 0 3 5.230e+02 5.270e+02 37 0 4 5.807e+02 5.953e+02 136 0 3 5.948e+02 6.232e+02 263 0 2 4.867e+02 5.213e+02 320 0 4 6.169e+02 6.431e+02 243 0 1 5.938e+02 6.242e+02 282 2 4 5.447e+02 5.473e+02 24 2 2 5.001e+02 5.079e+02 73 2 3 5.650e+02 5.690e+02 37 2 4 5.004e+02 5.076e+02 66 2 3 5.146e+02 5.354e+02 193 2 2 4.863e+02 5.217e+02 329
28115 25 0 4 6.300e+02 6.300e+02 -4 0 4 1.680e+02 1.680e+02 -10 0 4 5.014e+02 5.066e+02 49 0 3 5.662e+02 5.678e+02 16 0 4 5.843e+02 5.917e+02 70 0 2 1.126e+02 1.394e+02 250 0 3 6.449e+02 6.571e+02 113 0 3 5.231e+02 5.269e+02 36 0 2 6.266e+02 6.334e+02 63 0 2 6.715e+02 6.725e+02 9 0 1 5.513e+02 5.827e+02 292 0 3 5.924e+02 6.256e+02 309 0 4 6.709e+02 6.731e+02 20 0 1 6.412e+02 6.608e+02 181 0 2 6.595e+02 6.845e+02 231 1 4 6.249e+02 6.351e+02 95 2 4 6.281e+02 6.319e+02 35 2 2 2.917e+02 2.963e+02 43 2 3 1.245e+01 2.955e+01 159 2 4 1.260e+02 1.260e+02 -19 2 2 2.833e+02 3.047e+02 198 2 3 1.679e+00 4.032e+01 359 2 3 3.055e+02 3.245e+02 176 2 1 1.185e+00 4.082e+01 368 2 4 2.770e+02 3.110e+02 316
28116 0
28117 32 0 4 6.287e+02 6.313e+02 25 0 1 6.082e+01 6.518e+01 40 0 1 3.042e+02 3.258e+02 200 0 3 3.968e+02 4.012e+02 41 0 2 6.269e+02 6.331e+02 58 0 2 2.798e+02 3.082e+02 264 0 3 6.454e+02 6.566e+02 105 0 1 6.363e+02 6.657e+02 272 0 3 6.348e+02 6.672e+02 300 1 1 4.818e+02 4.842e+02 22 1 4 5.869e+02 5.891e+02 20 1 1 6.081e+02 6.099e+02 17 1 2 5.019e+02 5.061e+02 39 1 4 5.444e+02 5.476e+02 29 1 3 6.087e+02 6.093e+02 6 1 3 5.227e+02 5.273e+02 42 1 1 5.630e+02 5.710e+02 74 1 4 6.278e+02 6.322e+02 40 1 1 5.167e+02 5.333e+02 155 1 2 5.813e+02 5.947e+02 124 1 2 6.173e+02 6.427e+02 236 1 4 5.732e+02 6.028e+02 275 1 4 6.212e+02 6.388e+02 163 1 3 5.509e+02 5.831e+02 300 1 1 5.965e+02 6.215e+02 233 2 2 2.501e+02 2.539e+02 35 2 1 2.701e+02 2.759e+02 53 2 2 3.358e+02 3.362e+02 4 2 1 2.643e+02 2.817e+02 162 2 4 3.303e+02 3.417e+02 106 2 3 2.978e+02 3.322e+02 319 2 1 3.420e+02 3.720e+02 279
28118 1 0 4 4.787e+02 5.293e+02 470
28119 14 0 1 1.026e+02 1.074e+02 45 0 2 5.420e+02 5.500e+02 75 0 3 5.561e+02 5.779e+02 202 0 1 5.169e+02 5.331e+02 150 0 1 5.491e+02 5.849e+02 333 0 3 5.090e+02 5.410e+02 297 1 4 3.359e+02 3.361e+02 2 1 2 6.289e+02 6.311e+02 20 1 4 6.208e+02 6.392e+02 170 2 4 1.257e+02 1.263e+02 6 2 2 1.176e+02 1.344e+02 156 2 1 1.409e+02 1.531e+02 114 2 4 7.446e+01 9.354e+01 177 2 3 1.341e+02 1.599e+02 239
28120 20 0 1 4.830e+02 4.830e+02 -7 0 2 6.720e+02 6.720e+02 -22 0 4 6.718e+02 6.722e+02 4 0 4 4.930e+02 5.150e+02 204 0 1 6.473e+02 6.547e+02 69 0 2 4.871e+02 5.209e+02 314 0 1 6.349e+02 6.671e+02 299 1 1 6.039e+02 6.141e+02 96 2 1 5.650e+02 5.690e+02 36 2 1 1.927e+01 2.273e+01 32 2 3 5.234e+02 5.266e+02 30 2 2 1.260e+02 1.260e+02 -20 2 3 1.038e+02 1.062e+02 23 2 2 5.458e+02 5.462e+02 3 2 1 1.413e+02 1.527e+02 106 2 4 4.877e+02 5.203e+02 302 2 1 6.075e+00 3.593e+01 277 2 4 5.422e+02 5.498e+02 70 2 2 1.172e+02 1.348e+02 163 2 1 5.510e+02 5.830e+02 297
28121 13 0 3 5.581e+02 5.759e+02 166 0 1 5.133e+02 5.367e+02 218 2 3 3.963e+02 4.017e+02 50 2 3 4.830e+02 4.830e+02 -8 2 2 4.967e+02 5.113e+02 136 2 2 4.044e+02 4.356e+02 290 2 3 3.145e+02 3.155e+02 10 2 1 4.708e+02 4.952e+02 227 2 2 3.296e+02 3.424e+02 119 2 4 4.488e+02 4.752e+02 245 2 4 1.260e+02 1.260e+02 -6 2 1 3.458e+02 3.682e+02 208 2 3 9.371e+01 1.163e+02 210
28122 5 0 4 4.984e+02 5.096e+02 105 2 2 1.258e+02 1.262e+02 4 2 3 9.218e+01 1.178e+02 238 2 1 1.316e+02 1.624e+02 286 2 4 1.165e+02 1.355e+02 176
28123 0
28124 8 0 2 5.454e+02 5.466e+02 11 0 3 3.882e+02 4.098e+02 201 0 4 4.109e+02 4.291e+02 169 0 3 5.506e+02 5.834e+02 304 1 4 6.178e+02 6.422e+02 227 2 3 1.976e+01 2.224e+01 23 2 2 3.233e+01 5.167e+01 180 2 1 4.709e+01 7.891e+01 296
28125 17 0 2 2.503e+02 2.537e+02 31 0 3 5.653e+02 5.687e+02 31 0 4 5.747e+02 6.013e+02 247 0 3 5.502e+02 5.838e+02 311 0 3 5.904e+02 6.276e+02 346 1 3 5.646e+02 5.694e+02 44 1 3 1.404e+02 1.536e+02 122 1 4 5.849e+02 5.911e+02 58 1 4 6.199e+02 6.401e+02 188 1 3 5.148e+02 5.352e+02 189 1 3 5.472e+02 5.868e+02 367 2 3 4.765e+02 4.895e+02 121 2 2 1.244e+02 1.276e+02 29 2 1 1.332e+02 1.608e+02 256 2 2 5.000e+02 5.080e+02 74 2 4 4.512e+02 4.728e+02 200 2 2 1.069e+02 1.451e+02 356
28126 1 0 3 4.804e+02 4.856e+02 48
28127 0
28128 2 0 3 6.283e+02 6.737e+02 421 0 4 6.520e+02 6.920e+02 372
28129 7 0 3 5.663e+02 5.677e+02 13 0 2 5.311e+02 5.609e+02 277 1 4 3.234e+02 3.486e+02 235 2 3 1.900e+01 2.300e+01 37 2 1 9.171e+00 3.283e+01 220 2 3 3.429e+00 3.857e+01 326 2 2 2.753e+01 5.647e+01 269
