7331 10 2 2 2.912e+02 2.968e+02 51 2 2 3.551e+01 4.849e+01 120 2 1 3.127e+02 3.173e+02 43 2 4 2.954e+01 5.446e+01 231 2 4 6.401e+01 1.040e+02 371 2 4 2.798e+02 3.082e+02 263 2 1 7.421e+00 3.458e+01 252 2 3 2.597e+02 2.863e+02 247 2 3 2.844e+00 3.916e+01 337 2 1 -1.686e+00 4.369e+01 421
7332 6 0 4 5.027e+02 5.053e+02 25 0 3 5.664e+02 5.676e+02 11 0 4 6.710e+02 6.730e+02 19 0 2 5.006e+02 5.074e+02 63 0 2 6.720e+02 6.720e+02 0 2 2 3.978e+01 4.422e+01 41
7333 2 3 3 2.052e+01 2.148e+01 9 3 1 3.473e+00 3.853e+01 326
7334 1 0 1 5.228e+02 5.272e+02 41
7335 6 0 2 5.454e+02 5.466e+02 11 0 1 5.138e+02 5.362e+02 208 0 3 5.549e+02 5.791e+02 224 0 3 5.478e+02 5.862e+02 357 1 3 2.310e+02 2.310e+02 -9 1 1 3.523e+02 3.617e+02 88
7336 0
7337 31 0 4 6.277e+02 6.323e+02 43 0 4 2.929e+02 2.951e+02 20 0 2 6.720e+02 6.720e+02 0 0 4 2.774e+02 3.106e+02 309 0 1 6.080e+02 6.100e+02 18 0 4 3.198e+02 3.522e+02 300 0 4 6.691e+02 6.749e+02 53 0 1 6.332e+02 6.688e+02 331 1 3 5.554e+02 5.786e+02 216 1 4 6.135e+02 6.465e+02 306 2 1 6.300e+01 6.300e+01 -15 2 4 5.852e+02 5.908e+02 51 2 4 2.100e+02 2.100e+02 -21 2 4 5.006e+02 5.074e+02 64 2 2 3.762e+01 4.638e+01 81 2 3 5.632e+02 5.708e+02 71 2 2 8.092e+01 8.708e+01 57 2 1 6.050e+02 6.130e+02 74 2 3 1.855e+02 1.925e+02 65 2 4 4.534e+02 4.706e+02 160 2 1 2.273e+02 2.347e+02 69 2 3 5.197e+02 5.303e+02 98 2 3 6.006e+01 6.594e+01 55 2 3 6.052e+02 6.128e+02 71 2 3 1.119e+01 3.081e+01 182 2 3 5.081e+02 5.419e+02 313 2 4 3.295e+01 5.105e+01 168 2 2 5.847e+02 5.913e+02 61 2 1 5.762e+00 3.624e+01 283 2 2 2.806e+01 5.594e+01 259 2 4 2.730e+01 5.670e+01 273
7338 3 0 2 6.709e+02 6.731e+02 20 1 3 6.060e+02 6.120e+02 56 1 2 5.746e+02 6.014e+02 250
7339 15 0 2 6.287e+02 6.313e+02 24 0 4 6.277e+02 6.323e+02 42 0 1 6.311e+02 6.709e+02 369 0 3 6.320e+02 6.700e+02 353 1 1 6.074e+02 6.106e+02 30 1 2 6.214e+02 6.386e+02 159 1 4 6.228e+02 6.372e+02 133 1 3 5.973e+02 6.207e+02 217 2 3 1.002e+02 1.098e+02 90 2 2 1.119e+02 1.401e+02 262 2 4 1.113e+02 1.407e+02 272 3 2 7.486e+01 9.314e+01 170 3 4 7.464e+01 9.336e+01 174 3 1 5.113e+01 7.487e+01 220 3 3 5.252e+01 7.348e+01 195
7340 0
7341 1 2 3 3.160e+00 3.884e+01 331
7342 5 2 1 6.248e+01 6.352e+01 10 2 3 1.981e+01 2.219e+01 22 2 2 3.107e+01 5.293e+01 203 2 1 5.090e+01 7.510e+01 225 2 1 3.248e+00 3.875e+01 330
7343 5 0 3 5.641e+02 5.699e+02 55 0 1 9.935e+00 3.207e+01 206 0 3 5.558e+02 5.782e+02 207 0 2 5.268e+02 5.652e+02 357 1 4 2.453e+02 2.587e+02 125
7344 10 0 1 6.084e+02 6.096e+02 10 0 4 6.259e+02 6.341e+02 76 0 4 6.720e+02 6.720e+02 -4 0 3 6.017e+02 6.163e+02 136 0 2 6.117e+02 6.483e+02 340 2 1 2.053e+01 2.147e+01 9 2 2 4.200e+01 4.200e+01 -24 2 3 1.474e+01 2.726e+01 116 2 2 3.596e+01 4.804e+01 112 2 3 5.113e+01 7.487e+01 220
7345 1 0 4 5.821e+02 5.939e+02 109
7346 0
7347 9 0 4 6.615e+02 6.825e+02 195 0 3 5.085e+02 5.415e+02 306 0 4 3.991e+02 4.409e+02 389 1 2 5.861e+02 5.899e+02 36 1 4 5.401e+02 5.519e+02 109 1 4 5.322e+02 5.598e+02 256 2 1 5.641e+02 5.699e+02 53 2 1 4.732e+00 3.727e+01 302 2 2 2.254e+01 6.146e+01 361
7348 35 0 2 6.286e+02 6.314e+02 26 0 1 3.970e+02 4.010e+02 38 0 4 5.005e+02 5.075e+02 66 0 4 6.297e+02 6.303e+02 5 0 2 6.695e+02 6.745e+02 46 0 3 3.951e+02 4.029e+02 72 0 4 4.585e+02 4.655e+02 65 0 3 5.624e+02 5.716e+02 86 0 4 6.179e+02 6.421e+02 225 0 4 6.692e+02 6.748e+02 52 0 1 4.327e+02 4.493e+02 155 0 1 4.784e+02 4.876e+02 85 0 1 5.962e+02 6.218e+02 238 0 2 6.582e+02 6.858e+02 257 0 2 4.522e+02 4.718e+02 181 0 3 5.910e+02 6.270e+02 334 0 1 6.368e+02 6.652e+02 263 0 3 4.723e+02 4.937e+02 199 0 4 6.121e+02 6.479e+02 333 0 3 6.335e+02 6.685e+02 326 0 2 4.906e+02 5.174e+02 250 0 4 5.725e+02 6.035e+02 287 0 1 5.889e+02 6.291e+02 373 1 4 6.214e+02 6.386e+02 159 1 2 6.098e+02 6.502e+02 375 2 3 1.891e+01 2.309e+01 39 2 3 1.470e+02 1.470e+02 -2 2 4 2.065e+02 2.135e+02 66 2 1 1.756e+01 2.444e+01 64 2 4 1.192e+02 1.328e+02 126 2 2 1.652e+02 1.708e+02 51 2 2 2.026e+02 2.174e+02 138 2 2 2.205e+01 6.195e+01 370 2 1 1.884e+02 1.896e+02 10 2 3 2.125e+02 2.495e+02 343
7349 8 2 4 8.294e+01 8.506e+01 20 2 3 5.983e+01 6.617e+01 59 2 3 4.664e+01 7.936e+01 304 3 4 4.614e+02 4.626e+02 10 3 4 5.436e+02 5.484e+02 45 3 1 4.364e+02 4.456e+02 86 3 2 4.540e+02 4.700e+02 148 3 3 4.293e+02 4.527e+02 218
7350 0
7351 25 0 4 6.286e+02 6.314e+02 26 0 4 4.980e+02 5.100e+02 112 0 3 2.623e+02 2.837e+02 198 0 4 5.818e+02 5.942e+02 116 0 3 5.991e+02 6.189e+02 185 0 4 2.811e+02 3.069e+02 240 0 3 6.365e+02 6.655e+02 270 0 4 5.682e+02 6.078e+02 367 2 1 1.958e+01 2.242e+01 26 2 1 6.508e+02 6.512e+02 3 2 2 6.221e+02 6.379e+02 146 2 3 1.317e+01 2.883e+01 146 2 3 6.479e+02 6.541e+02 57 2 2 7.190e+01 9.610e+01 225 2 4 6.182e+02 6.418e+02 220 2 1 1.767e+00 4.023e+01 357 2 1 5.992e+02 6.188e+02 182 2 2 6.133e+02 6.467e+02 310 3 3 5.234e+02 5.266e+02 29 3 2 5.460e+02 5.460e+02 -4 3 2 5.000e+02 5.080e+02 74 3 4 5.430e+02 5.490e+02 56 3 4 4.956e+02 5.124e+02 156 3 3 5.147e+02 5.353e+02 192 3 3 5.091e+02 5.409e+02 295
7352 0
7353 2 0 3 6.086e+02 6.094e+02 7 2 3 1.047e+01 3.153e+01 196
7354 16 0 3 4.383e+02 4.437e+02 50 0 1 4.353e+02 4.467e+02 106 0 1 3.786e+02 4.194e+02 380 0 4 4.471e+02 4.769e+02 276 0 1 6.083e+02 6.097e+02 14 0 3 6.504e+02 6.516e+02 11 0 4 6.565e+02 6.875e+02 287 1 1 6.085e+02 6.095e+02 9 1 2 6.238e+02 6.362e+02 115 1 4 6.179e+02 6.421e+02 226 2 1 2.017e+01 2.183e+01 16 2 4 1.260e+02 1.260e+02 -20 2 3 9.223e+01 1.178e+02 237 2 4 3.080e+01 5.320e+01 208 2 2 5.720e+02 6.040e+02 297 2 2 2.671e+01 5.729e+01 284
7355 6 0 2 6.639e+02 6.801e+02 150 0 4 6.621e+02 6.819e+02 185 2 2 1.612e+02 1.748e+02 127 2 3 1.360e+02 1.580e+02 205 2 4 1.548e+02 1.812e+02 245 2 1 1.319e+02 1.621e+02 280
7356 8 0 3 4.384e+02 4.436e+02 49 0 4 4.571e+02 4.669e+02 91 0 2 4.533e+02 4.707e+02 162 2 1 1.468e+02 1.472e+02 4 2 4 1.181e+02 1.339e+02 147 2 3 1.400e+02 1.540e+02 130 2 4 1.979e+02 2.221e+02 225 2 2 1.088e+02 1.432e+02 319
7357 0
7358 12 0 1 6.510e+02 6.510e+02 -18 0 4 6.198e+02 6.402e+02 190 0 3 6.424e+02 6.596e+02 160 2 4 4.166e+01 4.234e+01 6 2 3 2.238e+02 2.382e+02 134 2 1 2.100e+01 2.100e+01 -15 2 4 2.010e+02 2.190e+02 168 2 3 1.945e+01 2.255e+01 29 2 3 1.719e+02 2.061e+02 317 2 1 4.902e+01 7.698e+01 260 3 1 1.985e+01 2.215e+01 21 3 1 4.910e+00 3.709e+01 299
7359 0
7360 5 0 1 5.602e+02 5.738e+02 126 0 3 5.592e+02 5.748e+02 145 0 4 5.787e+02 5.973e+02 172 0 2 6.562e+02 6.878e+02 293 0 4 6.549e+02 6.891e+02 318
7361 17 2 1 3.975e+02 4.005e+02 27 2 2 4.591e+02 4.649e+02 53 2 3 3.990e+02 3.990e+02 -2 2 4 4.597e+02 4.643e+02 43 2 1 4.240e+02 4.580e+02 316 2 4 3.567e+02 3.993e+02 396 2 4 4.963e+02 5.117e+02 144 2 3 4.235e+02 4.585e+02 325 2 2 4.937e+02 5.143e+02 192 2 2 4.010e+02 4.390e+02 353 3 2 4.189e+02 4.211e+02 20 3 3 3.934e+02 4.046e+02 105 3 4 4.142e+02 4.258e+02 108 3 4 3.638e+02 3.922e+02 264 3 1 3.836e+02 4.144e+02 286 3 1 4.244e+02 4.576e+02 308 3 3 3.842e+02 4.138e+02 275
7362 15 1 2 6.286e+02 6.314e+02 26 1 1 5.985e+02 6.195e+02 195 2 1 1.869e+02 1.911e+02 39 2 4 6.283e+02 6.317e+02 32 2 1 6.501e+02 6.519e+02 16 2 1 1.159e+01 3.041e+01 175 2 2 5.879e+02 5.881e+02 2 2 3 6.502e+02 6.518e+02 15 2 2 2.555e+01 5.845e+01 306 2 4 5.323e+02 5.597e+02 255 2 4 5.740e+02 6.020e+02 260 2 2 1.063e+02 1.457e+02 366 2 3 5.545e+02 5.795e+02 232 2 1 5.969e+02 6.211e+02 224 2 2 6.540e+02 6.900e+02 334
7363 9 3 3 4.809e+02 4.851e+02 39 3 1 3.982e+02 3.998e+02 15 3 3 4.394e+02 4.426e+02 29 3 4 4.588e+02 4.652e+02 60 3 2 3.172e+02 3.548e+02 349 3 3 4.630e+02 5.030e+02 372 3 2 3.589e+02 3.971e+02 354 3 4 4.141e+02 4.259e+02 110 3 3 3.798e+02 4.182e+02 357
7364 3 0 4 1.496e+02 1.864e+02 341 0 2 1.065e+02 1.455e+02 363 3 3 1.698e+02 2.082e+02 356
7365 17 0 1 4.399e+02 4.421e+02 20 0 2 3.699e+02 3.861e+02 150 0 4 4.582e+02 4.658e+02 70 0 1 6.446e+02 6.574e+02 120 0 3 4.312e+02 4.508e+02 182 0 1 3.917e+02 4.063e+02 136 0 2 4.450e+02 4.790e+02 316 0 1 4.289e+02 4.531e+02 224 0 4 4.457e+02 4.783e+02 303 0 1 3.779e+02 4.201e+02 391 1 3 5.538e+02 5.802e+02 245 1 4 5.702e+02 6.058e+02 331 2 3 1.788e+01 2.412e+01 58 2 1 1.572e+01 2.628e+01 98 2 4 3.689e+02 3.871e+02 170 2 2 3.466e+01 4.934e+01 136 2 3 -3.399e-01 4.234e+01 396
7366 10 0 2 2.403e+02 2.637e+02 217 0 3 2.689e+02 2.771e+02 76 0 4 2.850e+02 3.030e+02 168 0 2 1.884e+02 2.316e+02 401 2 1 3.987e+02 3.993e+02 6 2 3 3.950e+02 4.030e+02 75 2 3 1.185e+00 4.082e+01 368 2 2 4.033e+02 4.367e+02 310 2 4 4.049e+02 4.351e+02 280 3 4 4.603e+02 4.637e+02 31
7367 2 1 1 5.661e+02 5.679e+02 17 2 4 3.351e+02 3.369e+02 17
7368 43 0 4 3.335e+02 3.385e+02 46 0 3 6.493e+02 6.527e+02 32 0 2 5.028e+02 5.052e+02 22 0 1 5.239e+02 5.261e+02 20 0 2 6.719e+02 6.721e+02 2 0 4 5.001e+02 5.079e+02 72 0 4 6.714e+02 6.726e+02 10 0 3 4.776e+02 4.884e+02 100 0 1 6.485e+02 6.535e+02 46 0 3 4.669e+02 4.991e+02 300 0 2 6.548e+02 6.892e+02 320 0 4 6.529e+02 6.911e+02 356 1 2 6.167e+02 6.433e+02 246 2 3 1.039e+02 1.061e+02 20 2 1 1.876e+02 1.904e+02 26 2 2 3.336e+02 3.384e+02 44 2 2 6.709e+02 6.731e+02 20 2 4 1.219e+02 1.301e+02 76 2 4 4.155e+02 4.245e+02 84 2 2 1.669e+02 1.691e+02 20 2 4 6.636e+02 6.804e+02 156 2 4 3.360e+02 3.360e+02 0 2 1 4.342e+02 4.478e+02 126 2 4 3.937e+01 4.463e+01 49 2 2 4.442e+02 4.798e+02 331 2 4 8.312e+01 8.488e+01 16 2 3 6.397e+02 6.623e+02 210 2 4 1.647e+02 1.713e+02 62 2 3 4.356e+02 4.464e+02 100 2 4 1.945e+02 2.255e+02 287 2 2 6.559e+02 6.881e+02 299 2 1 3.445e+02 3.695e+02 231 2 3 9.756e+00 3.224e+01 209 2 3 9.524e+01 1.148e+02 181 2 3 1.747e+02 2.033e+02 266 2 3 3.412e+02 3.728e+02 293 2 2 2.793e+01 5.607e+01 261 2 4 7.554e+01 9.246e+01 157 3 4 1.666e+02 1.694e+02 26 3 1 1.862e+02 1.918e+02 51 3 2 1.609e+02 1.751e+02 131 3 3 1.767e+02 2.013e+02 228 3 2 1.874e+02 2.326e+02 420
7369 0
7370 10 0 4 3.340e+02 3.380e+02 36 0 2 5.381e+02 5.539e+02 146 0 2 4.971e+02 5.109e+02 129 0 1 5.155e+02 5.345e+02 176 0 4 6.593e+02 6.847e+02 236 0 4 4.900e+02 5.180e+02 260 0 3 5.150e+02 5.350e+02 186 0 1 5.068e+02 5.432e+02 339 0 3 5.080e+02 5.420e+02 316 1 2 6.121e+02 6.479e+02 332
7372 5 1 4 6.137e+02 6.463e+02 303 2 3 5.242e+02 5.258e+02 16 2 1 5.160e+02 5.340e+02 168 2 4 4.903e+02 5.177e+02 254 2 2 5.305e+02 5.615e+02 287
7373 0
7374 3 1 2 2.424e+02 2.616e+02 179 1 4 3.230e+02 3.490e+02 242 1 4 2.423e+02 2.617e+02 180
7375 7 0 2 6.462e+02 6.978e+02 480 0 4 6.474e+02 6.966e+02 457 2 4 3.179e+01 5.221e+01 190 2 4 2.274e+02 2.766e+02 456 2 2 2.358e+01 6.042e+01 342 2 1 -4.335e+00 4.633e+01 470 2 3 -5.590e+00 4.759e+01 494
7376 4 1 4 3.297e+02 3.423e+02 117 1 4 6.268e+02 6.332e+02 60 1 3 5.999e+02 6.181e+02 170 1 2 5.729e+02 6.031e+02 280
7378 0
7380 2 0 4 3.641e+01 4.759e+01 104 2 3 5.597e+01 7.003e+01 130
7381 8 0 4 6.220e+02 6.380e+02 148 0 2 6.717e+02 6.723e+02 5 0 1 6.004e+02 6.176e+02 159 0 4 6.679e+02 6.761e+02 76 0 3 5.975e+02 6.205e+02 214 0 3 6.359e+02 6.661e+02 280 0 2 6.198e+02 6.402e+02 190 3 3 1.295e+02 1.645e+02 326
7382 0
7383 5 0 3 6.327e+02 6.693e+02 340 2 1 6.501e+02 6.519e+02 16 2 4 6.243e+02 6.357e+02 106 2 3 6.457e+02 6.563e+02 99 2 2 6.116e+02 6.484e+02 341
7384 14 0 1 6.074e+02 6.106e+02 29 0 3 6.510e+02 6.510e+02 -14 0 2 5.001e+02 5.079e+02 72 0 2 5.424e+02 5.496e+02 66 0 1 6.510e+02 6.510e+02 -6 0 4 5.031e+02 5.049e+02 17 0 1 5.588e+02 5.752e+02 151 0 2 6.123e+02 6.477e+02 329 0 2 6.683e+02 6.757e+02 68 0 1 4.705e+02 4.955e+02 233 0 1 5.910e+02 6.270e+02 334 0 4 6.555e+02 6.885e+02 306 2 4 2.914e+02 2.966e+02 49 3 3 3.608e+00 3.839e+01 323
