42320 14 0 1 5.250e+02 5.250e+02 -14 0 3 6.437e+02 6.583e+02 136 0 3 5.174e+02 5.326e+02 140 0 1 6.441e+02 6.579e+02 129 0 2 5.333e+02 5.587e+02 236 0 2 6.620e+02 6.820e+02 186 2 4 4.200e+01 4.200e+01 -11 2 3 6.300e+01 6.300e+01 -20 2 1 1.882e+01 2.318e+01 40 2 2 4.179e+01 4.221e+01 4 2 1 1.056e+01 3.144e+01 194 2 3 1.501e+01 2.699e+01 111 2 2 2.694e+01 5.706e+01 280 2 4 2.429e+01 5.971e+01 329
42321 15 0 1 4.818e+02 4.842e+02 23 0 2 6.272e+02 6.328e+02 51 0 4 4.190e+02 4.210e+02 18 0 2 4.946e+02 5.134e+02 175 0 4 6.203e+02 6.397e+02 180 0 1 3.915e+02 4.065e+02 140 0 4 4.991e+02 5.089e+02 91 0 3 3.857e+02 4.123e+02 247 0 3 4.639e+02 5.021e+02 356 2 3 6.158e+01 6.442e+01 26 2 3 1.353e+01 2.847e+01 139 2 2 3.376e+01 5.024e+01 153 2 2 6.450e+01 1.035e+02 362 2 4 2.869e+01 5.531e+01 247 2 1 5.301e+01 7.299e+01 186
42324 14 0 3 3.970e+02 4.010e+02 38 0 2 3.701e+02 3.859e+02 146 0 3 5.622e+02 5.718e+02 89 0 4 5.825e+02 5.935e+02 103 0 2 6.673e+02 6.767e+02 88 0 4 4.105e+02 4.295e+02 176 0 1 5.527e+02 5.813e+02 265 0 3 5.923e+02 6.257e+02 310 0 4 6.654e+02 6.786e+02 122 0 1 3.852e+02 4.128e+02 256 0 2 6.616e+02 6.824e+02 193 1 4 5.878e+02 5.882e+02 4 2 3 1.572e+01 2.628e+01 98 2 3 4.234e+00 3.777e+01 311
42325 13 0 2 6.254e+02 6.346e+02 86 0 4 6.240e+02 6.360e+02 110 1 2 6.194e+02 6.406e+02 196 1 4 6.203e+02 6.397e+02 180 1 1 5.993e+02 6.187e+02 180 1 3 5.983e+02 6.197e+02 198 2 3 1.028e+02 1.072e+02 40 2 2 6.670e+01 1.013e+02 321 2 4 6.652e+01 1.015e+02 325 3 1 5.669e+01 6.931e+01 117 3 3 5.853e+01 6.747e+01 83 3 2 6.903e+01 9.897e+01 278 3 4 6.611e+01 1.019e+02 332
42326 10 1 3 5.665e+02 5.675e+02 10 1 2 5.859e+02 5.901e+02 39 1 1 6.021e+02 6.159e+02 128 1 4 5.777e+02 5.983e+02 190 1 1 5.045e+01 7.555e+01 233 2 4 2.514e+02 2.526e+02 10 2 1 2.704e+02 2.756e+02 49 2 3 2.639e+02 2.821e+02 170 2 4 3.212e+02 3.508e+02 276 2 2 2.349e+02 2.691e+02 317
42327 15 0 2 6.240e+02 6.360e+02 110 0 1 6.464e+02 6.556e+02 85 0 4 6.239e+02 6.361e+02 113 2 3 5.250e+02 5.250e+02 -6 2 4 7.599e+01 9.201e+01 149 2 1 4.754e+02 4.906e+02 141 2 2 5.460e+02 5.460e+02 -21 2 3 4.772e+02 4.888e+02 107 2 2 5.293e+02 5.627e+02 310 2 2 4.986e+02 5.094e+02 100 2 4 4.871e+02 5.209e+02 315 2 4 4.446e+02 4.794e+02 323 2 1 4.630e+02 5.030e+02 371 3 2 6.274e+02 6.326e+02 49 3 2 6.125e+02 6.475e+02 326
42329 18 0 3 3.988e+02 3.992e+02 5 0 2 6.268e+02 6.332e+02 60 0 4 6.710e+02 6.730e+02 19 0 1 3.973e+02 4.007e+02 31 0 4 6.215e+02 6.385e+02 158 0 1 5.897e+02 6.283e+02 358 0 3 5.959e+02 6.221e+02 243 0 4 3.984e+02 4.416e+02 401 1 2 6.268e+02 6.332e+02 60 1 3 4.776e+02 4.884e+02 100 1 3 6.053e+02 6.127e+02 70 1 2 5.763e+02 5.997e+02 218 1 1 5.965e+02 6.215e+02 232 1 4 5.690e+02 6.070e+02 352 1 4 6.093e+02 6.507e+02 385 2 1 1.785e+02 1.995e+02 195 2 1 2.298e+02 2.322e+02 22 3 1 6.504e+02 6.516e+02 11
42330 0
42333 5 0 4 3.865e+01 4.535e+01 62 0 3 1.518e+01 2.682e+01 108 2 4 7.468e+01 9.332e+01 173 2 1 1.704e+02 2.076e+02 345 3 2 4.081e+01 4.319e+01 22
42334 21 0 3 4.737e+02 4.923e+02 173 0 1 6.424e+02 6.596e+02 159 0 2 4.493e+02 4.747e+02 236 0 1 5.963e+02 6.217e+02 236 0 3 6.398e+02 6.622e+02 208 0 1 4.707e+02 4.953e+02 228 0 3 5.965e+02 6.215e+02 232 0 3 6.310e+02 6.710e+02 372 0 1 4.145e+02 4.675e+02 493 0 2 4.857e+02 5.223e+02 340 0 2 6.177e+02 6.423e+02 229 0 1 6.258e+02 6.762e+02 469 0 2 4.417e+02 4.823e+02 376 0 4 6.114e+02 6.486e+02 346 0 4 4.402e+02 4.838e+02 406 0 2 6.088e+02 6.512e+02 394 2 1 5.449e+01 7.151e+01 158 2 3 4.678e+01 7.922e+01 301 2 4 2.456e+01 5.944e+01 324 2 3 -5.412e+00 4.741e+01 490 2 2 1.940e+01 6.460e+01 420
42335 17 0 2 6.289e+02 6.311e+02 20 0 1 5.604e+02 5.736e+02 123 0 4 6.280e+02 6.320e+02 38 0 2 5.297e+02 5.623e+02 302 0 3 6.065e+02 6.115e+02 47 0 3 6.367e+02 6.653e+02 266 0 1 5.548e+02 5.792e+02 227 0 1 5.995e+02 6.185e+02 176 0 2 6.619e+02 6.821e+02 188 0 3 5.917e+02 6.263e+02 322 0 4 6.610e+02 6.830e+02 204 0 4 6.117e+02 6.483e+02 340 0 1 6.359e+02 6.661e+02 280 1 2 6.298e+02 6.302e+02 4 1 2 6.144e+02 6.456e+02 290 2 4 2.941e+01 5.459e+01 234 2 2 6.616e+01 1.018e+02 331
42336 7 0 1 4.672e+02 4.988e+02 294 0 4 4.897e+02 5.183e+02 266 0 4 1.895e+02 2.305e+02 380 0 3 1.662e+02 2.118e+02 423 0 4 3.959e+02 4.441e+02 447 0 2 4.795e+02 5.285e+02 456 0 4 5.612e+02 6.148e+02 497
42337 6 2 3 1.725e+01 2.475e+01 70 2 2 2.083e+02 2.117e+02 32 2 2 2.986e+01 5.414e+01 226 2 4 2.474e+01 5.926e+01 320 2 1 4.728e+00 3.727e+01 302 2 3 4.506e+00 3.749e+01 306
42338 43 0 3 1.030e+02 1.070e+02 37 0 1 3.126e+02 3.174e+02 46 0 1 6.083e+02 6.097e+02 13 0 4 3.280e+02 3.440e+02 148 0 3 6.496e+02 6.524e+02 26 0 4 3.631e+02 3.929e+02 277 0 3 4.353e+02 4.467e+02 106 0 4 7.096e+01 9.704e+01 242 0 4 5.037e+02 5.043e+02 6 0 2 3.628e+02 3.932e+02 282 0 2 5.450e+02 5.470e+02 19 0 2 1.078e+02 1.442e+02 339 0 3 6.059e+02 6.121e+02 57 0 1 6.471e+02 6.549e+02 73 0 1 3.949e+02 4.031e+02 76 0 1 4.755e+02 4.905e+02 139 0 1 5.661e+02 5.679e+02 17 0 4 6.252e+02 6.348e+02 89 0 2 6.685e+02 6.755e+02 65 0 3 3.935e+02 4.045e+02 102 0 2 4.945e+02 5.135e+02 177 0 3 5.231e+02 5.269e+02 35 0 4 5.834e+02 5.926e+02 86 0 4 6.579e+02 6.861e+02 261 0 4 4.013e+02 4.387e+02 348 0 3 4.669e+02 4.991e+02 299 1 3 6.032e+02 6.148e+02 108 1 2 5.804e+02 5.956e+02 140 1 2 6.201e+02 6.399e+02 184 1 4 6.198e+02 6.402e+02 189 1 4 6.126e+02 6.474e+02 324 1 1 5.901e+02 6.279e+02 350 2 2 4.200e+01 4.200e+01 -4 2 1 1.981e+01 2.219e+01 22 2 2 1.246e+02 1.274e+02 26 2 4 1.603e+02 1.757e+02 143 2 4 4.449e+02 4.791e+02 317 2 3 1.438e+01 2.762e+01 123 2 4 1.148e+02 1.372e+02 207 2 4 3.951e+01 4.449e+01 46 2 3 8.868e+01 1.213e+02 303 2 4 3.035e+01 5.365e+01 216 2 3 4.834e+01 7.766e+01 272
42339 15 0 3 6.068e+02 6.112e+02 41 0 2 4.539e+02 4.701e+02 150 0 1 4.296e+02 4.524e+02 211 0 4 4.568e+02 4.672e+02 96 0 3 4.281e+02 4.539e+02 240 1 3 4.725e+02 4.935e+02 195 1 4 6.129e+02 6.471e+02 317 1 3 4.222e+02 4.598e+02 349 2 2 2.518e+02 2.522e+02 3 2 2 2.933e+02 2.947e+02 14 2 2 3.352e+02 3.368e+02 15 2 1 1.441e+02 1.499e+02 55 2 4 2.080e+02 2.120e+02 38 2 3 2.176e+02 2.444e+02 250 2 2 3.197e+02 3.523e+02 303
42342 1 2 3 5.185e+02 5.315e+02 121
42344 13 0 4 3.319e+02 3.401e+02 76 0 3 6.501e+02 6.519e+02 17 0 2 6.124e+02 6.476e+02 326 0 4 6.545e+02 6.895e+02 325 1 4 5.865e+02 5.895e+02 27 1 2 5.841e+02 5.919e+02 72 1 1 5.522e+02 5.818e+02 275 1 3 5.479e+02 5.861e+02 355 2 3 3.520e+02 3.620e+02 92 2 2 7.832e+01 8.968e+01 106 2 4 3.308e+02 3.412e+02 97 2 3 9.048e+01 1.195e+02 270 2 2 3.217e+02 3.503e+02 265
42345 13 0 3 4.399e+02 4.421e+02 20 0 4 3.692e+02 3.868e+02 163 0 4 6.180e+02 6.420e+02 222 0 4 4.086e+02 4.314e+02 212 1 4 5.795e+02 5.965e+02 158 2 2 4.200e+01 4.200e+01 -14 2 4 3.924e+01 4.476e+01 51 2 3 4.394e+02 4.426e+02 29 2 2 2.467e+02 2.573e+02 99 2 1 1.402e+01 2.798e+01 130 2 3 2.258e+02 2.362e+02 96 2 3 1.631e+01 2.569e+01 87 2 2 2.654e+01 5.746e+01 287
42346 12 0 1 6.062e+02 6.118e+02 52 0 3 6.502e+02 6.518e+02 15 0 3 6.090e+02 6.090e+02 -4 0 3 6.440e+02 6.580e+02 130 0 4 5.731e+02 6.029e+02 277 0 4 6.656e+02 6.784e+02 118 0 4 6.530e+02 6.910e+02 353 1 4 6.092e+02 6.508e+02 387 2 3 8.454e+00 3.355e+01 233 2 2 1.968e+02 2.232e+02 245 2 1 6.478e+00 3.552e+01 270 2 1 1.665e+02 2.115e+02 417
42347 10 0 2 6.300e+02 6.300e+02 -22 0 3 6.510e+02 6.510e+02 -20 0 3 5.169e+02 5.331e+02 151 0 2 5.425e+02 5.495e+02 65 0 2 6.138e+02 6.462e+02 300 0 2 6.606e+02 6.834e+02 211 0 1 5.155e+02 5.345e+02 176 0 4 6.593e+02 6.847e+02 236 2 4 4.200e+01 4.200e+01 -4 2 1 4.812e+01 7.788e+01 276
42352 3 0 4 6.289e+02 6.311e+02 20 0 2 6.284e+02 6.316e+02 30 2 4 7.765e+01 9.035e+01 118
42355 4 2 3 4.402e+02 4.418e+02 15 2 4 3.825e+01 4.575e+01 70 2 4 4.184e+02 4.216e+02 30 2 3 4.960e+01 7.640e+01 249
42356 20 0 3 2.289e+02 2.331e+02 39 0 1 6.025e+02 6.155e+02 121 0 3 5.979e+02 6.201e+02 206 0 2 6.604e+02 6.836e+02 216 0 4 1.918e+02 2.282e+02 338 0 1 4.645e+02 5.015e+02 343 0 4 6.134e+02 6.466e+02 309 0 2 6.064e+02 6.536e+02 439 2 1 2.057e+01 2.143e+01 8 2 4 7.877e+01 8.923e+01 97 2 3 2.057e+01 2.143e+01 8 2 2 1.174e+02 1.346e+02 160 2 3 2.998e+02 3.302e+02 282 2 1 9.935e+00 3.207e+01 206 2 4 1.175e+02 1.345e+02 158 2 3 1.261e+02 1.679e+02 388 2 3 4.462e+01 8.138e+01 341 2 2 7.177e+01 9.623e+01 227 2 2 2.600e+01 5.800e+01 297 2 4 2.376e+01 6.024e+01 339
42357 0
42358 7 0 2 6.228e+02 6.372e+02 133 0 4 6.258e+02 6.342e+02 79 0 4 4.915e+02 5.165e+02 232 0 4 5.743e+02 6.017e+02 254 0 3 5.955e+02 6.225e+02 251 0 1 5.931e+02 6.249e+02 296 0 3 5.893e+02 6.287e+02 366
42360 5 0 4 6.550e+02 6.890e+02 316 2 4 1.667e+02 1.693e+02 25 2 1 1.883e+02 1.897e+02 12 2 3 1.770e+02 2.010e+02 222 2 2 1.545e+02 1.815e+02 250
42362 2 2 4 1.673e+02 1.687e+02 13 2 1 1.671e+01 2.529e+01 80
42363 4 0 3 5.244e+02 5.256e+02 10 0 2 5.446e+02 5.474e+02 26 2 2 8.231e+01 8.569e+01 31 2 4 7.841e+01 8.959e+01 104
42364 3 0 4 6.705e+02 6.735e+02 27 0 4 6.212e+02 6.388e+02 163 0 2 6.594e+02 6.846e+02 234
