16304 50 0 3 4.830e+02 4.830e+02 -23 0 2 4.580e+02 4.660e+02 74 0 4 4.462e+02 4.778e+02 293 0 2 6.582e+02 6.858e+02 256 0 1 4.596e+02 5.064e+02 436 0 4 6.563e+02 6.877e+02 292 2 4 2.518e+02 2.522e+02 4 2 4 6.294e+02 6.306e+02 11 2 2 1.658e+02 1.702e+02 40 2 1 6.494e+02 6.526e+02 29 2 1 2.264e+02 2.356e+02 86 2 3 4.403e+02 4.417e+02 14 2 4 3.749e+02 3.811e+02 57 2 3 5.659e+02 5.681e+02 21 2 3 1.834e+02 1.946e+02 104 2 3 6.055e+02 6.125e+02 66 2 3 2.220e+02 2.400e+02 167 2 1 4.320e+02 4.500e+02 166 2 1 3.496e+02 3.644e+02 138 2 2 4.959e+02 5.121e+02 151 2 4 1.902e+02 2.298e+02 367 2 3 5.225e+02 5.275e+02 46 2 2 3.687e+02 3.873e+02 173 2 2 6.273e+02 6.327e+02 50 2 2 2.337e+02 2.703e+02 340 2 4 4.945e+02 5.135e+02 177 2 3 3.392e+02 3.748e+02 330 2 2 5.448e+02 5.472e+02 22 2 2 5.703e+02 6.057e+02 328 2 2 4.437e+02 4.803e+02 340 2 4 5.439e+02 5.481e+02 39 2 1 5.630e+02 5.710e+02 75 2 1 5.166e+02 5.334e+02 156 2 1 5.536e+02 5.804e+02 248 2 3 5.499e+02 5.841e+02 318 2 4 5.265e+02 5.655e+02 362 3 2 4.617e+02 4.623e+02 6 3 1 4.805e+02 4.855e+02 46 3 4 4.610e+02 4.630e+02 19 3 2 5.006e+02 5.074e+02 64 3 3 3.881e+02 4.099e+02 202 3 3 4.735e+02 4.925e+02 176 3 4 4.200e+02 4.200e+02 -0 3 4 3.598e+02 3.962e+02 339 3 4 4.960e+02 5.120e+02 149 3 3 4.367e+02 4.453e+02 80 3 3 5.064e+02 5.436e+02 346 3 1 4.339e+02 4.481e+02 132 3 2 4.048e+02 4.352e+02 282 3 4 4.017e+02 4.383e+02 340
16305 11 0 4 6.300e+02 6.300e+02 -17 0 3 6.040e+02 6.140e+02 93 0 3 5.982e+02 6.198e+02 201 0 2 6.615e+02 6.825e+02 195 0 4 6.571e+02 6.869e+02 276 2 1 2.100e+01 2.100e+01 -16 2 4 1.656e+02 1.704e+02 45 2 3 1.734e+01 2.466e+01 68 2 3 1.365e+02 1.575e+02 196 2 4 6.603e+02 6.837e+02 217 2 2 1.581e+02 1.779e+02 184
16307 44 0 3 2.717e+02 2.743e+02 25 0 2 5.457e+02 5.463e+02 6 0 2 6.235e+02 6.365e+02 120 0 4 3.230e+02 3.490e+02 241 0 4 6.669e+02 6.771e+02 94 0 3 2.592e+02 2.868e+02 257 0 3 5.606e+02 5.734e+02 120 0 4 6.202e+02 6.398e+02 182 0 1 6.422e+02 6.598e+02 164 0 1 5.123e+02 5.377e+02 236 0 3 6.401e+02 6.619e+02 202 0 2 6.638e+02 6.802e+02 152 1 4 5.371e+02 5.549e+02 166 1 2 6.184e+02 6.416e+02 216 1 4 5.746e+02 6.014e+02 248 1 3 5.518e+02 5.822e+02 282 2 3 1.021e+02 1.079e+02 54 2 3 6.051e+02 6.129e+02 72 2 2 1.667e+02 1.693e+02 25 2 4 4.543e+02 4.697e+02 144 2 2 2.504e+02 2.536e+02 29 2 4 5.801e+02 5.959e+02 146 2 2 2.917e+02 2.963e+02 43 2 2 5.735e+02 6.025e+02 270 2 2 3.348e+02 3.372e+02 23 2 2 1.223e+02 1.297e+02 69 2 3 1.423e+02 1.517e+02 87 2 2 2.074e+02 2.126e+02 49 2 3 3.109e+02 3.191e+02 76 2 1 3.467e+02 3.673e+02 192 2 3 9.083e+00 3.292e+01 221 2 4 7.554e+01 9.246e+01 157 2 1 1.369e+02 1.571e+02 187 2 3 2.226e+02 2.394e+02 156 2 1 3.088e+02 3.212e+02 115 2 2 3.204e+02 3.516e+02 290 2 4 1.182e+02 1.338e+02 145 2 4 2.369e+02 2.671e+02 280 2 1 2.641e+02 2.819e+02 165 2 4 3.190e+02 3.530e+02 316 2 4 6.688e+01 1.011e+02 318 2 2 1.895e+02 2.305e+02 381 2 3 2.998e+02 3.302e+02 282 2 4 1.903e+02 2.297e+02 366
16308 2 0 2 6.519e+02 6.921e+02 373 0 4 6.465e+02 6.975e+02 474
16309 18 0 3 5.211e+02 5.289e+02 73 0 3 6.507e+02 6.513e+02 6 0 2 6.682e+02 6.758e+02 70 0 2 4.935e+02 5.145e+02 196 0 1 5.108e+02 5.392e+02 264 0 4 6.703e+02 6.737e+02 31 0 1 6.438e+02 6.582e+02 134 0 2 6.529e+02 6.911e+02 354 1 2 6.170e+02 6.430e+02 240 1 4 6.157e+02 6.443e+02 266 2 2 4.076e+01 4.324e+01 23 2 4 1.641e+02 1.719e+02 73 2 4 3.870e+01 4.530e+01 61 2 1 1.869e+02 1.911e+02 39 2 1 7.151e+00 3.485e+01 257 2 3 1.747e+02 2.033e+02 265 2 3 7.959e+00 3.404e+01 242 2 2 1.536e+02 1.824e+02 267
16310 7 0 3 6.050e+02 6.130e+02 74 0 4 6.678e+02 6.762e+02 78 0 1 6.031e+02 6.149e+02 110 0 2 6.651e+02 6.789e+02 128 0 1 6.389e+02 6.631e+02 226 0 4 5.694e+02 6.066e+02 346 0 3 6.359e+02 6.661e+02 281
16311 11 0 4 6.632e+02 6.808e+02 163 0 1 3.383e+02 3.757e+02 346 0 2 6.579e+02 6.861e+02 262 1 2 6.276e+02 6.324e+02 44 1 4 6.280e+02 6.320e+02 36 1 3 5.952e+02 6.228e+02 257 2 4 7.679e+01 9.121e+01 134 2 3 4.346e+02 4.474e+02 119 2 3 2.943e+02 3.357e+02 385 2 4 3.153e+02 3.567e+02 384 2 1 3.383e+02 3.757e+02 346
16313 7 0 2 6.693e+02 6.747e+02 50 0 4 6.676e+02 6.764e+02 81 0 4 6.536e+02 6.904e+02 341 0 2 6.523e+02 6.917e+02 366 2 3 1.913e+01 2.287e+01 35 2 2 3.340e+01 5.060e+01 160 2 1 4.281e+00 3.772e+01 310
16314 0
16316 13 0 2 4.583e+02 4.657e+02 69 0 4 4.498e+02 4.742e+02 226 0 3 4.293e+02 4.527e+02 217 1 1 6.073e+02 6.107e+02 32 1 1 5.192e+02 5.308e+02 108 1 2 5.853e+02 5.907e+02 50 1 1 5.986e+02 6.194e+02 194 1 2 5.340e+02 5.580e+02 223 1 3 5.923e+02 6.257e+02 310 1 4 5.295e+02 5.625e+02 307 1 3 5.487e+02 5.853e+02 340 2 4 2.484e+02 2.556e+02 66 2 1 2.557e+02 2.903e+02 320
16317 2 2 4 5.839e+02 5.921e+02 76 2 3 5.995e+02 6.185e+02 176
16318 18 0 3 4.818e+02 4.842e+02 21 0 4 2.497e+02 2.543e+02 43 0 3 6.090e+02 6.090e+02 -20 0 1 5.602e+02 5.738e+02 126 0 4 5.829e+02 5.931e+02 94 0 2 6.675e+02 6.765e+02 84 0 4 4.902e+02 5.178e+02 256 0 3 2.537e+02 2.923e+02 358 0 3 5.549e+02 5.791e+02 225 0 2 6.168e+02 6.432e+02 246 0 4 6.141e+02 6.459e+02 295 0 2 6.112e+02 6.488e+02 349 1 3 6.071e+02 6.109e+02 35 1 2 5.875e+02 5.885e+02 10 1 4 6.202e+02 6.398e+02 181 1 1 5.629e+02 5.711e+02 76 2 3 1.994e+01 2.206e+01 20 2 2 2.281e+01 6.119e+01 356
16319 0
16321 1 2 1 7.377e+00 3.462e+01 253
16322 3 1 3 5.641e+02 5.699e+02 54 1 3 6.078e+02 6.102e+02 21 1 3 5.527e+02 5.813e+02 266
16323 41 0 1 5.199e+02 5.301e+02 96 0 2 6.673e+02 6.767e+02 88 0 3 5.207e+02 5.293e+02 80 0 4 6.636e+02 6.804e+02 156 0 2 5.433e+02 5.487e+02 50 0 1 6.427e+02 6.593e+02 154 0 1 5.521e+02 5.819e+02 276 0 3 6.388e+02 6.632e+02 226 1 1 5.670e+02 5.670e+02 -8 1 4 6.300e+02 6.300e+02 -7 1 1 6.043e+02 6.137e+02 88 1 2 5.802e+02 5.958e+02 146 1 2 6.172e+02 6.428e+02 237 1 4 5.770e+02 5.990e+02 205 1 4 6.165e+02 6.435e+02 250 1 1 5.553e+02 5.787e+02 218 1 3 5.930e+02 6.250e+02 296 2 1 6.300e+01 6.300e+01 -14 2 3 4.401e+02 4.419e+02 17 2 4 8.400e+01 8.400e+01 -10 2 3 4.793e+02 4.867e+02 68 2 3 1.890e+02 1.890e+02 0 2 3 5.249e+02 5.251e+02 2 2 4 4.076e+01 4.324e+01 23 2 2 4.186e+02 4.214e+02 26 2 2 1.232e+02 1.288e+02 51 2 4 4.514e+02 4.726e+02 196 2 3 1.412e+02 1.528e+02 108 2 4 4.180e+02 4.220e+02 37 2 4 3.618e+02 3.942e+02 301 2 3 3.894e+02 4.086e+02 178 2 1 4.920e+01 7.680e+01 256 2 1 4.318e+02 4.502e+02 171 2 2 8.025e+01 8.775e+01 70 2 4 4.019e+02 4.381e+02 336 2 1 1.773e+02 2.007e+02 218 2 2 1.969e+02 2.231e+02 244 2 3 5.018e+01 7.582e+01 238 2 4 7.226e+01 9.574e+01 218 2 4 1.920e+02 2.280e+02 334 2 2 2.712e+01 5.688e+01 276
16324 7 1 1 6.078e+02 6.102e+02 23 2 4 1.646e+02 1.714e+02 64 2 4 2.932e+02 2.948e+02 15 2 3 1.836e+02 1.944e+02 100 2 1 5.539e+01 7.061e+01 141 2 3 5.144e+01 7.456e+01 215 2 2 1.909e+02 2.291e+02 354
16325 16 0 1 2.707e+02 2.753e+02 42 0 3 5.226e+02 5.274e+02 44 0 1 6.450e+02 6.570e+02 111 0 1 1.445e+02 1.495e+02 46 0 1 4.760e+02 4.900e+02 130 0 2 2.883e+02 2.997e+02 106 0 2 6.629e+02 6.811e+02 169 0 1 1.363e+02 1.577e+02 199 0 2 4.919e+02 5.161e+02 224 0 4 2.849e+02 3.031e+02 169 0 4 6.631e+02 6.809e+02 166 0 4 4.930e+02 5.150e+02 204 2 4 4.107e+01 4.293e+01 17 2 3 6.136e+01 6.464e+01 30 2 3 8.568e+01 1.243e+02 359 3 1 1.040e+02 1.060e+02 19
16326 17 0 2 6.184e+02 6.416e+02 215 0 4 1.459e+02 1.901e+02 410 0 4 6.133e+02 6.467e+02 310 0 3 6.347e+02 6.673e+02 302 0 1 6.308e+02 6.712e+02 376 2 2 4.608e+02 4.632e+02 22 2 4 4.458e+02 4.782e+02 300 2 4 6.589e+01 1.021e+02 336 3 3 5.670e+02 5.670e+02 -4 3 1 3.961e+02 4.019e+02 53 3 2 5.829e+02 5.931e+02 94 3 3 3.957e+02 4.023e+02 61 3 4 5.416e+02 5.504e+02 82 3 1 4.320e+02 4.500e+02 167 3 1 5.977e+02 6.203e+02 210 3 4 4.080e+02 4.320e+02 223 3 2 4.031e+02 4.369e+02 313
16327 0
16328 7 0 1 6.418e+02 6.602e+02 171 2 1 2.683e+02 2.777e+02 87 2 4 5.039e+02 5.041e+02 1 2 3 1.390e+02 1.550e+02 149 2 1 4.304e+02 4.516e+02 197 2 1 2.561e+02 2.899e+02 314 3 3 2.214e+02 2.406e+02 178
16329 6 0 3 4.754e+02 4.906e+02 140 0 2 4.972e+02 5.108e+02 127 0 4 4.979e+02 5.101e+02 113 1 2 6.185e+02 6.415e+02 214 1 1 5.961e+02 6.219e+02 240 2 1 4.493e+01 8.107e+01 336
16330 1 3 2 6.521e+02 6.919e+02 370
16331 10 0 2 1.215e+02 1.305e+02 83 0 3 4.397e+02 4.423e+02 24 0 2 6.551e+02 6.889e+02 315 0 4 4.044e+02 4.356e+02 289 2 4 1.666e+02 1.694e+02 26 2 2 3.753e+02 3.807e+02 50 2 2 3.569e+01 4.831e+01 117 2 3 1.796e+02 1.984e+02 176 2 4 2.748e+01 5.652e+01 270 2 1 4.819e+00 3.718e+01 300
16332 14 0 2 5.453e+02 5.467e+02 14 0 4 6.686e+02 6.754e+02 64 0 1 6.044e+02 6.136e+02 85 0 1 6.437e+02 6.583e+02 135 0 4 5.739e+02 6.021e+02 262 0 3 6.421e+02 6.599e+02 166 0 2 6.592e+02 6.848e+02 238 0 3 6.319e+02 6.701e+02 355 0 2 6.503e+02 6.937e+02 404 1 3 6.004e+02 6.176e+02 160 1 2 2.821e+02 3.059e+02 220 2 3 2.716e+02 2.744e+02 26 2 3 1.388e+01 2.812e+01 132 2 4 2.820e+02 3.060e+02 222
16333 12 2 4 3.352e+02 3.368e+02 16 2 1 1.792e+01 2.408e+01 57 2 4 1.251e+02 1.269e+02 17 2 3 1.429e+02 1.511e+02 76 2 1 5.959e+02 6.221e+02 243 2 1 3.528e+02 3.612e+02 77 2 3 1.397e+01 2.803e+01 130 2 2 1.630e+02 1.730e+02 93 2 2 1.952e+02 2.248e+02 276 2 2 3.256e+02 3.464e+02 194 2 2 1.067e+02 1.453e+02 359 2 3 3.404e+02 3.736e+02 309
16334 11 0 2 5.453e+02 5.467e+02 12 0 4 2.457e+02 2.583e+02 116 0 3 6.461e+02 6.559e+02 91 0 4 2.875e+02 3.005e+02 120 0 3 5.111e+02 5.389e+02 258 0 2 6.678e+02 6.762e+02 77 0 2 5.355e+02 5.565e+02 196 1 4 1.674e+02 1.686e+02 11 1 1 1.859e+02 1.921e+02 57 1 2 1.566e+02 1.794e+02 211 1 3 1.782e+02 1.998e+02 200
16336 35 0 3 6.068e+02 6.112e+02 40 0 1 5.982e+02 6.198e+02 200 1 1 6.016e+02 6.164e+02 138 2 2 4.063e+01 4.337e+01 26 2 1 3.976e+02 4.004e+02 26 2 1 2.286e+02 2.334e+02 45 2 3 5.222e+02 5.278e+02 51 2 4 3.750e+02 3.810e+02 56 2 4 6.273e+02 6.327e+02 50 2 4 4.040e+01 4.360e+01 30 2 4 6.705e+02 6.735e+02 28 2 2 2.080e+02 2.120e+02 36 2 2 3.664e+02 3.896e+02 216 2 4 4.962e+02 5.118e+02 146 2 1 6.059e+01 6.541e+01 45 2 2 5.448e+02 5.472e+02 21 2 4 2.027e+02 2.173e+02 136 2 2 5.803e+02 5.957e+02 142 2 3 1.770e+01 2.430e+01 61 2 4 1.962e+02 2.238e+02 256 2 1 3.843e+02 4.137e+02 274 2 3 5.445e+01 7.155e+01 159 2 3 5.640e+02 5.700e+02 56 2 3 2.157e+02 2.463e+02 284 2 4 5.838e+02 5.922e+02 77 2 3 4.421e+01 8.179e+01 349 2 3 3.870e+02 4.110e+02 222 2 4 4.871e+02 5.209e+02 315 2 1 5.579e+02 5.761e+02 170 2 4 5.741e+02 6.019e+02 258 2 3 5.104e+02 5.396e+02 271 2 4 5.302e+02 5.618e+02 294 2 1 5.474e+02 5.866e+02 365 3 3 6.113e+01 6.487e+01 35 3 2 3.188e+01 5.212e+01 188
16338 0
16340 5 0 2 6.272e+02 6.328e+02 52 0 4 6.296e+02 6.304e+02 7 0 4 2.437e+02 2.603e+02 154 0 1 5.938e+02 6.242e+02 283 0 3 5.903e+02 6.277e+02 348
16342 39 0 4 6.241e+02 6.359e+02 110 0 4 4.173e+02 4.227e+02 50 0 4 5.776e+02 5.984e+02 193 0 3 6.450e+02 6.570e+02 111 0 3 3.842e+02 4.138e+02 276 0 3 5.982e+02 6.198e+02 200 0 2 6.617e+02 6.823e+02 190 0 1 3.806e+02 4.174e+02 341 0 4 6.149e+02 6.451e+02 280 0 3 6.324e+02 6.696e+02 345 1 1 6.075e+02 6.105e+02 27 2 2 1.665e+02 1.695e+02 28 2 4 5.451e+02 5.469e+02 17 2 1 2.297e+02 2.323e+02 24 2 4 4.175e+01 4.225e+01 5 2 2 5.425e+02 5.495e+02 65 2 4 2.075e+02 2.125e+02 46 2 4 5.796e+02 5.964e+02 156 2 1 2.605e+02 2.855e+02 233 2 3 5.961e+01 6.639e+01 63 2 2 1.956e+02 2.244e+02 268 2 3 4.283e+02 4.537e+02 236 2 3 1.644e+01 2.556e+01 85 2 1 5.604e+02 5.736e+02 123 2 2 6.517e+01 1.028e+02 350 2 1 6.060e+02 6.120e+02 56 2 3 1.293e+02 1.647e+02 328 2 3 5.502e+02 5.838e+02 311 2 3 2.192e+02 2.428e+02 220 2 2 5.755e+02 6.005e+02 233 2 2 3.349e+01 5.051e+01 158 2 3 5.886e+02 6.294e+02 380 2 1 5.750e+01 6.850e+01 102 3 3 1.050e+02 1.050e+02 0 3 1 1.922e+01 2.278e+01 33 3 1 1.820e+02 1.960e+02 130 3 3 1.895e+01 2.305e+01 38 3 3 1.271e+02 1.669e+02 369 3 4 7.504e+01 9.296e+01 166
16343 17 0 4 6.279e+02 6.321e+02 40 0 2 6.707e+02 6.733e+02 24 0 3 6.044e+02 6.136e+02 85 0 4 6.695e+02 6.745e+02 47 0 2 6.185e+02 6.415e+02 214 0 1 6.320e+02 6.700e+02 353 0 4 6.130e+02 6.470e+02 316 2 4 8.065e+01 8.735e+01 62 2 1 4.391e+02 4.429e+02 35 2 4 1.664e+02 1.696e+02 30 2 4 4.595e+02 4.645e+02 47 2 4 2.904e+02 2.976e+02 66 2 3 4.780e+02 4.880e+02 93 2 1 1.363e+02 1.577e+02 198 2 2 4.443e+02 4.797e+02 328 2 2 1.522e+02 1.838e+02 294 2 1 4.636e+02 5.024e+02 360
16344 0
16345 0
16346 9 0 1 3.149e+02 3.151e+02 1 0 3 2.701e+02 2.759e+02 54 0 2 2.912e+02 2.968e+02 51 2 3 1.050e+02 1.050e+02 -1 2 4 1.673e+02 1.687e+02 12 2 2 1.182e+02 1.338e+02 146 2 3 1.763e+02 2.017e+02 236 2 4 2.321e+01 6.079e+01 349 3 3 2.021e+01 2.179e+01 15
