32521 10 0 4 6.624e+02 6.816e+02 179 0 1 6.359e+02 6.661e+02 281 0 2 6.594e+02 6.846e+02 235 2 4 3.347e+02 3.373e+02 25 2 2 3.277e+02 3.443e+02 154 2 3 3.436e+02 3.704e+02 249 2 3 -4.745e-01 4.247e+01 399 3 2 5.864e+02 5.896e+02 30 3 4 5.815e+02 5.945e+02 121 3 3 5.951e+02 6.229e+02 258
32525 0
32526 1 2 4 1.140e+02 1.380e+02 223
32527 1 0 4 4.040e+02 4.360e+02 298
32529 5 0 4 5.849e+02 5.911e+02 57 2 2 6.257e+02 6.343e+02 80 2 1 3.101e+02 3.199e+02 90 2 2 1.118e+02 1.402e+02 264 3 4 3.152e+01 5.248e+01 195
32530 8 0 4 2.920e+02 2.960e+02 36 0 4 5.755e+02 6.005e+02 231 0 4 3.177e+02 3.543e+02 340 2 4 3.753e+01 4.647e+01 83 2 1 5.359e+01 7.241e+01 175 2 4 1.493e+02 1.867e+02 347 2 2 3.349e+01 5.051e+01 158 2 3 4.920e+01 7.680e+01 256
32532 2 3 1 3.489e+02 3.651e+02 151 3 2 3.232e+02 3.488e+02 237
32533 12 0 4 4.144e+02 4.256e+02 104 0 4 6.135e+02 6.465e+02 307 0 3 6.341e+02 6.679e+02 315 0 3 4.240e+02 4.580e+02 316 0 1 6.310e+02 6.710e+02 371 0 1 3.807e+02 4.173e+02 340 2 1 6.261e+01 6.339e+01 7 2 3 1.018e+02 1.082e+02 60 2 4 7.325e+01 9.475e+01 200 2 2 1.788e+01 6.612e+01 448 2 2 1.074e+02 1.446e+02 346 2 4 1.788e+01 6.612e+01 448
32539 8 0 2 6.300e+02 6.300e+02 0 0 4 6.198e+02 6.402e+02 190 1 3 5.669e+02 5.671e+02 1 1 4 5.753e+02 6.007e+02 236 2 4 4.143e+01 4.257e+01 10 2 2 5.431e+02 5.489e+02 55 2 1 1.626e+01 2.574e+01 88 3 1 5.179e+00 3.682e+01 294
32540 4 0 1 5.233e+02 5.267e+02 31 0 2 7.334e+01 9.466e+01 198 0 3 5.162e+02 5.338e+02 164 0 2 5.325e+02 5.595e+02 251
32548 6 0 2 5.448e+02 5.472e+02 22 0 2 6.697e+02 6.743e+02 43 0 4 6.715e+02 6.725e+02 10 0 3 5.517e+02 5.823e+02 284 0 1 6.368e+02 6.652e+02 265 0 1 5.482e+02 5.858e+02 349
32549 21 0 3 2.714e+02 2.746e+02 30 0 4 2.338e+02 2.702e+02 337 0 2 6.134e+02 6.466e+02 309 0 1 6.366e+02 6.654e+02 268 0 4 5.668e+02 6.092e+02 394 0 2 6.504e+02 6.936e+02 401 0 3 5.435e+02 5.905e+02 436 0 4 6.049e+02 6.551e+02 466 1 2 5.040e+02 5.040e+02 -22 1 1 6.035e+02 6.145e+02 103 1 1 6.122e+01 6.478e+01 33 1 3 4.357e+02 4.463e+02 98 1 3 5.127e+02 5.373e+02 228 1 2 6.217e+02 6.383e+02 155 1 1 4.716e+02 4.944e+02 211 1 4 6.096e+02 6.504e+02 378 1 4 4.940e+02 5.140e+02 186 2 3 5.315e+01 7.285e+01 183 2 2 3.408e+01 4.992e+01 147 2 4 6.849e+01 9.951e+01 288 2 4 3.183e+01 5.217e+01 189
32550 4 0 1 1.886e+02 1.894e+02 7 0 3 1.879e+02 1.901e+02 20 0 4 3.237e+02 3.483e+02 229 2 3 8.541e+00 3.346e+01 231
32553 29 0 1 6.080e+02 6.100e+02 19 0 2 6.704e+02 6.736e+02 30 0 4 5.017e+02 5.063e+02 43 0 2 5.397e+02 5.523e+02 116 0 3 6.050e+02 6.130e+02 74 0 4 6.707e+02 6.733e+02 25 0 1 4.767e+02 4.893e+02 117 0 2 6.187e+02 6.413e+02 210 0 1 6.479e+02 6.541e+02 57 0 2 4.965e+02 5.115e+02 139 0 4 6.157e+02 6.443e+02 265 0 3 6.480e+02 6.540e+02 56 0 3 4.655e+02 5.005e+02 326 0 4 5.737e+02 6.023e+02 266 0 4 6.533e+02 6.907e+02 348 0 2 6.135e+02 6.465e+02 306 1 4 6.262e+02 6.338e+02 71 1 1 6.070e+02 6.110e+02 38 1 1 5.178e+02 5.322e+02 134 1 3 6.026e+02 6.154e+02 118 1 3 4.706e+02 4.954e+02 230 1 2 6.159e+02 6.441e+02 262 2 2 3.838e+01 4.562e+01 67 2 4 3.928e+01 4.472e+01 50 2 2 7.338e+01 9.462e+01 197 2 1 5.306e+01 7.294e+01 185 2 4 6.661e+01 1.014e+02 323 2 3 5.750e+01 6.850e+01 102 2 3 4.848e+01 7.752e+01 270
32554 11 0 3 3.950e+02 4.030e+02 74 0 1 6.022e+02 6.158e+02 126 0 1 6.413e+02 6.607e+02 180 0 4 4.178e+02 4.222e+02 41 0 3 6.068e+02 6.112e+02 40 0 3 6.393e+02 6.627e+02 217 0 3 3.799e+02 4.181e+02 354 0 4 6.148e+02 6.452e+02 281 0 2 6.622e+02 6.818e+02 182 1 1 6.063e+02 6.117e+02 50 1 2 6.253e+02 6.347e+02 87
32556 9 0 2 3.776e+02 3.784e+02 7 0 1 3.410e+02 3.730e+02 297 2 4 3.350e+02 3.370e+02 18 2 1 1.954e+01 2.246e+01 27 2 2 4.200e+01 4.200e+01 -10 2 2 2.370e+02 2.670e+02 278 2 4 3.811e+01 4.589e+01 72 2 3 1.168e+01 3.032e+01 173 2 1 4.954e+00 3.705e+01 298
32559 0
32563 14 0 2 6.699e+02 6.741e+02 40 0 1 5.202e+02 5.298e+02 89 0 4 6.720e+02 6.720e+02 -15 0 2 6.578e+02 6.862e+02 264 1 2 4.911e+02 5.170e+02 240 2 4 4.161e+01 4.239e+01 7 2 3 6.074e+02 6.106e+02 29 2 3 1.017e+02 1.083e+02 61 2 1 5.324e+01 7.276e+01 181 2 4 6.214e+02 6.386e+02 160 2 4 7.222e+01 9.578e+01 219 2 3 1.218e+01 2.982e+01 164 2 4 2.788e+01 5.612e+01 262 2 3 5.852e+00 3.615e+01 281
32564 6 2 2 2.470e+02 2.570e+02 92 2 1 3.124e+02 3.176e+02 49 2 3 1.372e+02 1.568e+02 182 2 3 2.187e+02 2.433e+02 228 2 1 2.697e+02 2.763e+02 60 2 4 2.355e+02 2.685e+02 307
32565 5 0 3 3.964e+02 4.016e+02 48 0 4 4.132e+02 4.268e+02 126 0 2 3.653e+02 3.907e+02 236 1 2 1.175e+02 1.345e+02 157 3 1 2.048e+01 2.152e+01 10
32566 0
32570 0
32571 4 2 4 5.880e+02 5.880e+02 -8 2 2 5.846e+02 5.914e+02 63 2 1 5.969e+02 6.211e+02 225 2 3 5.917e+02 6.263e+02 321
32572 0
32573 0
32574 66 0 1 6.504e+02 6.516e+02 10 0 1 4.821e+02 4.839e+02 16 0 4 2.485e+02 2.555e+02 65 0 3 5.235e+02 5.265e+02 28 0 2 3.307e+02 3.413e+02 99 0 4 5.867e+02 5.893e+02 24 0 4 3.631e+02 3.929e+02 277 0 3 6.503e+02 6.517e+02 13 0 3 2.166e+02 2.454e+02 267 0 4 4.152e+02 4.248e+02 89 0 3 4.817e+02 4.843e+02 24 0 2 5.458e+02 5.462e+02 3 0 2 6.300e+02 6.300e+02 -1 0 2 6.705e+02 6.735e+02 27 0 1 4.297e+02 4.523e+02 210 0 2 5.030e+02 5.050e+02 18 0 1 5.661e+02 5.679e+02 16 0 4 6.294e+02 6.306e+02 10 0 4 6.702e+02 6.738e+02 34 0 1 3.852e+02 4.128e+02 256 0 4 5.030e+02 5.050e+02 18 0 1 5.169e+02 5.331e+02 150 0 1 6.046e+02 6.134e+02 81 0 2 6.559e+02 6.881e+02 300 0 3 4.220e+02 4.600e+02 353 0 2 4.930e+02 5.150e+02 205 0 2 5.307e+02 5.613e+02 284 0 3 6.016e+02 6.164e+02 138 0 4 4.903e+02 5.177e+02 254 0 3 5.500e+02 5.840e+02 316 0 4 5.740e+02 6.020e+02 260 0 3 4.664e+02 4.996e+02 309 0 4 4.840e+02 5.240e+02 372 1 3 5.637e+02 5.703e+02 62 1 3 6.072e+02 6.108e+02 33 1 4 5.038e+02 5.042e+02 3 1 2 5.822e+02 5.938e+02 107 1 2 6.285e+02 6.315e+02 28 1 3 4.789e+02 4.871e+02 76 1 4 5.800e+02 5.960e+02 148 1 4 6.294e+02 6.306e+02 11 1 4 5.269e+02 5.651e+02 355 1 1 6.013e+02 6.167e+02 142 2 2 4.112e+01 4.288e+01 16 2 2 1.680e+02 1.680e+02 0 2 3 6.037e+01 6.563e+01 49 2 4 8.056e+01 8.744e+01 64 2 1 1.443e+02 1.497e+02 50 2 3 5.110e+02 5.390e+02 260 2 4 3.596e+01 4.804e+01 112 2 4 4.891e+02 5.189e+02 276 2 3 9.676e+01 1.132e+02 153 2 1 5.082e+02 5.418e+02 312 2 3 1.346e+02 1.594e+02 230 2 1 5.037e+01 7.563e+01 235 2 4 4.433e+02 4.807e+02 347 2 2 1.152e+02 1.368e+02 200 2 2 5.278e+02 5.642e+02 338 2 1 1.759e+02 2.021e+02 243 2 4 1.174e+02 1.346e+02 160 2 2 6.899e+01 9.901e+01 279 2 3 8.456e+01 1.254e+02 380 3 4 1.259e+02 1.261e+02 1 3 4 1.680e+02 1.680e+02 0 3 1 1.532e+01 2.668e+01 106 3 1 7.370e-01 4.126e+01 376
32577 0
32581 1 1 2 6.265e+02 6.335e+02 65
