23820 16 0 2 5.446e+02 5.474e+02 26 0 3 6.061e+02 6.119e+02 53 0 1 5.169e+02 5.331e+02 150 0 4 6.242e+02 6.358e+02 107 0 2 6.621e+02 6.819e+02 183 0 3 5.155e+02 5.345e+02 177 0 4 6.581e+02 6.859e+02 259 0 4 4.864e+02 5.216e+02 326 0 2 5.330e+02 5.590e+02 241 0 1 5.086e+02 5.415e+02 306 0 3 5.488e+02 5.852e+02 338 2 4 4.597e+02 4.643e+02 42 2 1 1.133e+01 3.067e+01 180 2 4 1.988e+02 2.212e+02 209 2 3 8.185e+00 3.382e+01 238 2 2 5.708e+02 6.052e+02 319
23821 18 0 1 4.727e+02 4.933e+02 191 0 4 4.891e+02 5.189e+02 277 0 2 6.513e+02 6.927e+02 384 0 2 4.859e+02 5.221e+02 336 0 4 6.483e+02 6.957e+02 440 2 2 4.192e+02 4.208e+02 16 2 2 6.227e+02 6.373e+02 136 2 1 1.132e+01 3.068e+01 180 2 1 6.400e+02 6.620e+02 204 2 3 7.151e+00 3.485e+01 257 2 4 4.158e+02 4.242e+02 79 2 4 1.465e+02 1.895e+02 400 2 4 6.234e+02 6.366e+02 123 2 4 1.883e+02 2.317e+02 403 2 3 6.401e+02 6.619e+02 203 2 2 2.766e+01 5.634e+01 266 2 3 4.316e+02 4.504e+02 176 3 4 5.765e+02 5.995e+02 214
23822 29 2 3 6.073e+02 6.107e+02 31 2 4 4.991e+02 5.089e+02 91 2 3 5.191e+02 5.309e+02 109 2 2 6.232e+02 6.368e+02 126 2 4 6.579e+02 6.861e+02 262 2 1 6.004e+02 6.176e+02 159 2 4 6.135e+02 6.465e+02 306 3 3 5.667e+02 5.673e+02 6 3 4 3.349e+02 3.371e+02 21 3 3 4.814e+02 4.846e+02 29 3 3 3.972e+02 4.008e+02 34 3 4 5.420e+02 5.500e+02 74 3 2 4.200e+02 4.200e+02 -3 3 2 3.288e+02 3.432e+02 134 3 4 5.000e+02 5.080e+02 74 3 3 3.566e+02 3.574e+02 8 3 2 5.809e+02 5.951e+02 131 3 3 4.387e+02 4.433e+02 42 3 1 4.749e+02 4.911e+02 151 3 1 3.014e+02 3.286e+02 253 3 1 5.938e+02 6.242e+02 282 3 2 3.710e+02 3.850e+02 130 3 2 4.086e+02 4.314e+02 212 3 4 3.750e+02 3.810e+02 56 3 4 4.112e+02 4.288e+02 164 3 1 3.401e+02 3.739e+02 313 3 1 4.277e+02 4.543e+02 247 3 3 4.248e+02 4.572e+02 301 3 4 4.429e+02 4.811e+02 354
23823 11 0 1 2.162e+02 2.458e+02 276 0 4 6.540e+02 6.900e+02 334 2 2 3.355e+02 3.365e+02 10 2 2 4.191e+02 4.209e+02 16 2 3 3.142e+02 3.158e+02 15 2 4 4.573e+02 4.667e+02 87 2 4 2.861e+02 3.019e+02 146 2 1 4.735e+02 4.925e+02 176 2 1 3.422e+02 3.718e+02 276 2 3 4.762e+02 4.898e+02 126 2 2 4.914e+02 5.166e+02 234
23825 31 0 4 5.019e+02 5.061e+02 39 0 3 5.639e+02 5.701e+02 58 0 3 4.742e+02 4.918e+02 164 0 1 5.624e+02 5.716e+02 86 0 4 4.543e+02 4.697e+02 143 0 2 5.275e+02 5.645e+02 343 1 2 5.866e+02 5.894e+02 26 1 1 6.037e+02 6.143e+02 99 1 4 5.877e+02 5.883e+02 6 1 3 5.516e+02 5.824e+02 286 1 1 5.920e+02 6.260e+02 316 2 3 1.037e+02 1.063e+02 25 2 2 4.173e+02 4.227e+02 50 2 4 4.188e+01 4.212e+01 2 2 4 5.023e+02 5.057e+02 32 2 2 1.182e+02 1.338e+02 145 2 1 5.240e+02 5.260e+02 18 2 4 2.342e+02 2.698e+02 331 2 1 6.048e+02 6.132e+02 78 2 1 6.145e+01 6.455e+01 29 2 1 4.773e+02 4.887e+02 106 2 4 6.966e+01 9.834e+01 266 2 3 5.121e+02 5.379e+02 240 2 1 1.282e+02 1.658e+02 350 2 3 4.809e+02 4.851e+02 40 2 3 5.054e+01 7.546e+01 231 2 2 5.003e+02 5.077e+02 68 2 3 8.873e+01 1.213e+02 302 2 4 4.537e+02 4.703e+02 155 2 2 2.761e+01 5.639e+01 267 3 1 2.714e+02 2.746e+02 30
23826 15 0 4 6.720e+02 6.720e+02 -15 0 1 1.625e+02 2.155e+02 493 0 1 5.413e+02 5.927e+02 478 0 1 5.841e+02 6.339e+02 463 0 2 6.481e+02 6.959e+02 445 0 4 1.841e+02 2.359e+02 480 0 3 5.842e+02 6.338e+02 460 0 4 6.472e+02 6.968e+02 461 0 2 6.051e+02 6.549e+02 463 0 4 6.048e+02 6.552e+02 467 2 3 1.469e+01 2.731e+01 117 2 4 2.308e+01 6.092e+01 351 2 1 1.225e+02 1.715e+02 456 2 4 3.946e+02 4.454e+02 472 3 4 5.380e+02 5.540e+02 148
23833 0
23836 14 0 4 6.634e+02 6.806e+02 159 0 4 4.890e+02 5.190e+02 278 0 2 4.454e+02 4.786e+02 309 0 4 3.955e+02 4.445e+02 456 0 3 4.639e+02 5.021e+02 355 1 1 5.998e+02 6.182e+02 171 1 2 6.165e+02 6.435e+02 251 2 3 4.826e+02 4.834e+02 7 2 1 6.051e+01 6.549e+01 46 2 4 4.570e+02 4.670e+02 93 2 4 3.825e+01 4.575e+01 70 2 2 3.147e+01 5.253e+01 196 2 3 4.924e+01 7.676e+01 256 2 2 1.025e+02 1.495e+02 437
23838 16 0 2 6.253e+02 6.347e+02 88 0 1 6.465e+02 6.555e+02 83 0 4 6.208e+02 6.392e+02 170 0 3 6.485e+02 6.535e+02 46 0 4 6.607e+02 6.833e+02 210 0 3 5.505e+02 5.835e+02 306 0 1 6.359e+02 6.661e+02 281 0 1 5.078e+02 5.422e+02 320 0 3 6.394e+02 6.626e+02 216 0 2 5.232e+02 5.688e+02 424 0 2 6.570e+02 6.870e+02 279 0 4 6.549e+02 6.891e+02 317 2 1 5.252e+01 7.348e+01 195 2 2 2.936e+01 5.464e+01 235 2 4 2.618e+01 5.782e+01 294 2 3 -5.455e+00 4.746e+01 491
23839 0
23842 13 0 2 6.281e+02 6.319e+02 35 0 1 3.150e+02 3.150e+02 -4 0 4 6.265e+02 6.335e+02 65 0 4 6.682e+02 6.758e+02 70 0 2 6.174e+02 6.426e+02 234 0 3 6.350e+02 6.670e+02 296 0 2 6.532e+02 6.908e+02 349 1 4 6.256e+02 6.344e+02 81 1 4 5.715e+02 6.045e+02 306 2 4 3.780e+02 3.780e+02 -6 2 1 3.972e+02 4.008e+02 33 2 3 3.877e+02 4.103e+02 210 2 2 3.641e+02 3.919e+02 259
23843 16 0 4 6.717e+02 6.723e+02 6 0 1 6.455e+02 6.565e+02 103 0 2 6.121e+02 6.479e+02 333 0 2 6.627e+02 6.813e+02 172 1 3 1.884e+02 1.896e+02 11 1 1 1.815e+02 1.965e+02 139 1 4 1.501e+02 1.859e+02 332 1 2 1.480e+02 1.880e+02 372 2 3 3.118e+02 3.182e+02 60 2 2 8.047e+01 8.753e+01 66 2 4 2.815e+02 3.065e+02 233 2 3 5.270e+01 7.330e+01 191 2 4 6.907e+01 9.893e+01 277 2 1 4.421e+01 8.179e+01 349 2 2 2.739e+02 3.141e+02 373 2 1 4.325e+00 3.768e+01 310
23844 18 2 4 7.962e+01 8.838e+01 81 2 3 9.227e+01 1.177e+02 236 2 2 7.145e+01 9.655e+01 233 3 1 3.570e+02 3.570e+02 -3 3 3 4.823e+02 4.837e+02 14 3 3 2.277e+02 2.343e+02 62 3 1 3.980e+02 4.000e+02 18 3 3 5.228e+02 5.272e+02 40 3 1 4.398e+02 4.422e+02 21 3 1 4.658e+02 5.002e+02 320 3 4 1.628e+02 1.732e+02 96 3 4 2.853e+02 3.027e+02 161 3 2 4.517e+02 4.723e+02 191 3 4 1.493e+02 1.867e+02 347 3 1 2.535e+02 2.925e+02 361 3 1 3.090e+02 3.210e+02 112 3 3 3.056e+02 3.244e+02 176 3 2 2.801e+02 3.079e+02 259
23845 20 0 2 6.300e+02 6.300e+02 -4 0 3 5.640e+02 5.700e+02 56 0 4 6.296e+02 6.304e+02 8 0 2 5.439e+02 5.481e+02 40 0 4 5.771e+02 5.989e+02 203 0 3 6.353e+02 6.667e+02 292 0 1 5.112e+02 5.388e+02 256 0 3 5.086e+02 5.415e+02 306 1 2 6.100e+02 6.500e+02 371 2 4 1.257e+02 1.263e+02 5 2 1 1.441e+02 1.499e+02 54 2 3 2.100e+01 2.100e+01 -16 2 4 8.400e+01 8.400e+01 -16 2 4 4.036e+01 4.364e+01 30 2 2 1.194e+02 1.326e+02 123 2 3 1.309e+02 1.631e+02 299 2 1 5.117e+01 7.483e+01 220 2 2 7.868e+01 8.932e+01 99 2 3 4.646e+01 7.954e+01 307 2 3 4.910e+00 3.709e+01 299
23847 6 0 3 5.670e+02 5.670e+02 -24 0 2 5.376e+02 5.544e+02 156 0 1 5.603e+02 5.737e+02 124 0 3 5.509e+02 5.831e+02 299 1 2 6.223e+02 6.377e+02 142 1 1 5.955e+02 6.225e+02 251
23848 6 0 2 6.200e+02 6.400e+02 186 0 3 6.468e+02 6.552e+02 79 0 1 6.346e+02 6.674e+02 304 0 4 6.563e+02 6.877e+02 292 1 3 1.793e+02 1.987e+02 180 1 4 1.568e+02 1.792e+02 208
23849 12 0 4 4.469e+02 4.771e+02 281 1 3 2.078e+02 2.542e+02 430 1 1 5.909e+02 6.271e+02 336 2 2 1.520e+02 1.840e+02 297 2 4 2.351e+02 2.689e+02 313 2 1 1.743e+02 2.037e+02 273 2 2 1.899e+02 2.301e+02 373 2 3 1.756e+02 2.024e+02 250 2 3 1.295e+02 1.645e+02 325 2 1 1.651e+02 2.129e+02 443 2 2 1.413e+02 1.947e+02 496 3 1 3.013e+02 3.287e+02 255
23851 8 1 3 5.639e+02 5.701e+02 58 1 4 5.733e+02 6.027e+02 274 1 4 6.121e+02 6.479e+02 333 2 3 6.044e+02 6.136e+02 86 2 4 2.471e+02 2.569e+02 91 2 3 6.239e+01 6.361e+01 11 2 2 6.176e+02 6.424e+02 230 2 4 6.157e+02 6.443e+02 265
23852 7 0 3 6.485e+02 6.535e+02 46 0 2 6.170e+02 6.430e+02 240 0 1 6.439e+02 6.581e+02 131 0 4 6.110e+02 6.490e+02 352 0 2 6.575e+02 6.865e+02 270 0 4 6.552e+02 6.888e+02 312 2 1 4.330e+02 4.490e+02 148
23853 10 0 2 6.693e+02 6.747e+02 50 0 4 6.705e+02 6.735e+02 27 0 1 6.341e+02 6.679e+02 315 0 3 6.325e+02 6.695e+02 344 2 3 1.030e+02 1.070e+02 37 2 4 6.656e+01 1.014e+02 324 3 1 6.149e+01 6.451e+01 28 3 3 5.956e+01 6.644e+01 64 3 4 2.676e+01 5.724e+01 283 3 2 2.492e+01 5.908e+01 317
23854 16 0 1 5.195e+02 5.305e+02 101 0 2 6.654e+02 6.786e+02 123 0 3 5.135e+02 5.365e+02 213 0 4 6.592e+02 6.848e+02 238 2 1 2.728e+02 2.732e+02 4 2 3 1.870e+02 1.910e+02 36 2 4 2.077e+02 2.123e+02 43 2 3 6.503e+02 6.517e+02 12 2 4 3.713e+01 4.687e+01 90 2 4 6.175e+02 6.425e+02 233 2 2 2.479e+02 2.561e+02 76 2 2 6.612e+02 6.828e+02 200 2 2 1.997e+02 2.203e+02 192 2 4 2.290e+01 6.110e+01 355 2 3 2.170e+02 2.450e+02 260 2 4 2.320e+02 2.720e+02 372
23858 8 0 2 6.598e+02 6.842e+02 226 0 4 6.586e+02 6.854e+02 250 2 4 1.196e+02 1.324e+02 120 2 1 1.689e+02 2.091e+02 374 2 4 2.342e+02 2.698e+02 331 2 3 8.563e+01 1.244e+02 360 2 1 1.313e+02 1.627e+02 291 3 4 4.613e+02 4.627e+02 12
23859 0
23860 18 0 3 4.788e+02 4.872e+02 79 0 2 6.660e+02 6.780e+02 112 0 3 3.834e+02 4.146e+02 290 0 4 4.867e+02 5.213e+02 320 0 4 4.424e+02 4.816e+02 365 0 4 5.621e+02 6.139e+02 480 0 4 6.470e+02 6.970e+02 465 1 1 4.210e+02 4.610e+02 371 2 3 1.348e+01 2.852e+01 140 2 1 5.187e+02 5.313e+02 116 2 1 1.168e+01 3.032e+01 173 2 3 9.048e+01 1.195e+02 270 2 3 5.164e+02 5.336e+02 160 2 2 2.663e+01 5.737e+01 286 2 2 5.327e+02 5.593e+02 247 2 1 1.992e+00 4.001e+01 353 2 4 5.295e+02 5.625e+02 306 2 3 -4.786e+00 4.679e+01 479
23862 0
23864 4 3 1 4.394e+02 4.426e+02 30 3 2 4.121e+02 4.279e+02 147 3 1 4.294e+02 4.526e+02 216 3 2 4.028e+02 4.372e+02 319
23865 15 0 2 2.785e+02 3.095e+02 287 1 2 6.291e+02 6.309e+02 16 1 1 5.899e+02 6.281e+02 356 2 3 6.293e+01 6.307e+01 1 2 4 2.076e+02 2.124e+02 46 2 4 6.220e+02 6.380e+02 149 2 3 1.783e+01 2.417e+01 59 2 3 2.244e+02 2.376e+02 123 2 1 1.321e+01 2.879e+01 145 2 3 1.730e+02 2.050e+02 296 2 4 1.928e+02 2.272e+02 319 2 3 8.003e+00 3.400e+01 241 2 2 2.838e+01 5.562e+01 253 2 4 2.887e+01 5.513e+01 244 3 1 1.761e+01 2.439e+01 63
23866 14 0 2 2.932e+02 2.948e+02 15 0 4 1.655e+02 1.705e+02 46 0 3 6.047e+02 6.133e+02 80 0 4 2.910e+02 2.970e+02 56 0 1 2.578e+02 2.882e+02 283 0 1 6.001e+02 6.179e+02 166 0 4 5.721e+02 6.039e+02 296 1 4 6.218e+02 6.382e+02 152 1 2 6.192e+02 6.408e+02 200 2 1 1.846e+01 2.354e+01 47 2 4 3.244e+02 3.476e+02 216 2 3 1.819e+01 2.381e+01 52 2 4 2.030e+02 2.170e+02 130 2 4 1.949e+02 2.251e+02 280
23867 16 0 3 3.974e+02 4.006e+02 30 0 2 3.692e+02 3.868e+02 164 0 3 5.142e+02 5.358e+02 201 0 1 5.090e+02 5.410e+02 296 0 1 3.379e+02 3.761e+02 354 0 3 3.756e+02 4.224e+02 436 0 2 4.836e+02 5.244e+02 380 0 4 4.790e+02 5.290e+02 464 2 3 1.021e+02 1.079e+02 55 2 1 5.642e+01 6.958e+01 122 2 3 4.335e+02 4.485e+02 139 2 4 7.495e+01 9.305e+01 168 2 3 5.490e+01 7.110e+01 150 2 3 9.326e+01 1.167e+02 218 2 2 1.100e+02 1.420e+02 297 2 2 6.540e+01 1.026e+02 346
23869 21 0 3 2.039e+01 2.161e+01 11 0 4 3.208e+02 3.512e+02 282 0 3 4.772e+00 3.723e+01 301 0 4 5.704e+02 6.056e+02 326 0 2 6.534e+02 6.906e+02 345 0 4 6.521e+02 6.919e+02 370 1 4 3.360e+02 3.360e+02 -4 1 2 4.993e+02 5.087e+02 86 1 3 6.015e+02 6.165e+02 140 1 2 5.821e+02 5.939e+02 110 1 1 4.670e+02 4.990e+02 296 1 1 5.525e+02 5.815e+02 269 1 4 5.695e+02 6.065e+02 344 2 4 8.043e+01 8.757e+01 66 2 1 1.450e+02 1.490e+02 37 2 4 3.255e+02 3.465e+02 196 2 4 7.347e+01 9.453e+01 196 2 3 1.379e+02 1.561e+02 169 2 4 1.141e+02 1.379e+02 220 2 4 2.456e+01 5.944e+01 324 2 2 1.064e+02 1.456e+02 364
23870 3 0 1 6.413e+02 6.607e+02 180 0 3 6.407e+02 6.613e+02 190 0 4 6.606e+02 6.834e+02 211
23871 15 0 4 4.949e+02 5.131e+02 170 2 3 4.823e+02 4.837e+02 13 2 3 6.001e+01 6.599e+01 56 2 3 1.815e+01 2.385e+01 53 2 3 4.334e+02 4.486e+02 141 2 2 7.702e+01 9.098e+01 130 2 4 4.504e+02 4.736e+02 216 2 2 3.031e+01 5.369e+01 217 2 4 4.029e+02 4.371e+02 318 2 4 7.190e+01 9.610e+01 225 2 1 4.695e+02 4.965e+02 250 2 1 5.001e+01 7.599e+01 241 2 2 4.906e+02 5.174e+02 248 2 4 6.517e+01 1.028e+02 350 2 4 2.353e+01 6.047e+01 343
23873 12 0 3 4.387e+02 4.433e+02 42 0 2 4.562e+02 4.678e+02 108 0 3 5.653e+02 5.687e+02 32 0 4 4.613e+02 4.627e+02 13 0 1 5.591e+02 5.749e+02 146 0 4 5.764e+02 5.996e+02 215 0 1 4.280e+02 4.540e+02 241 2 2 8.231e+01 8.569e+01 31 2 4 8.272e+01 8.528e+01 24 2 2 6.728e+01 1.007e+02 310 2 1 4.579e+01 8.021e+01 320 2 3 4.426e+01 8.174e+01 348
23874 9 0 4 5.802e+02 5.958e+02 145 0 2 6.563e+02 6.877e+02 292 0 4 5.682e+02 6.078e+02 367 2 2 3.426e+01 4.974e+01 144 2 4 3.592e+01 4.808e+01 113 2 4 1.546e+02 1.814e+02 250 2 1 5.157e+01 7.443e+01 212 2 3 5.072e+01 7.528e+01 228 2 1 6.435e+00 3.557e+01 270
23876 10 0 1 6.468e+02 6.552e+02 77 0 3 2.712e+02 2.748e+02 33 0 3 6.457e+02 6.563e+02 99 0 4 2.837e+02 3.043e+02 191 0 2 6.598e+02 6.842e+02 226 0 4 6.590e+02 6.850e+02 240 2 3 3.971e+02 4.009e+02 36 2 2 4.061e+02 4.339e+02 258 2 4 3.664e+02 3.896e+02 216 2 1 3.838e+02 4.142e+02 283
23877 0
23878 6 0 1 6.088e+02 6.092e+02 4 0 3 6.039e+02 6.141e+02 96 0 2 2.746e+02 3.134e+02 360 0 4 6.170e+02 6.430e+02 242 0 2 6.124e+02 6.476e+02 326 2 3 1.693e+01 2.507e+01 76
23880 30 0 4 6.619e+02 6.821e+02 188 0 4 4.103e+02 4.297e+02 180 0 2 6.615e+02 6.825e+02 196 0 1 3.868e+02 4.112e+02 227 0 1 6.247e+02 6.773e+02 489 0 3 3.756e+02 4.224e+02 436 2 1 1.439e+02 1.501e+02 57 2 3 3.039e+02 3.261e+02 206 2 2 3.755e+02 3.805e+02 47 2 4 1.179e+02 1.341e+02 150 2 3 1.363e+02 1.577e+02 200 2 2 1.972e+02 2.228e+02 237 2 3 3.447e+02 3.693e+02 228 2 2 4.390e+02 4.850e+02 428 2 2 1.133e+02 1.387e+02 236 2 3 2.074e+02 2.546e+02 438 2 4 2.700e+02 3.180e+02 446 2 4 3.664e+02 3.896e+02 216 2 1 2.053e+02 2.567e+02 477 3 2 8.249e+01 8.551e+01 28 3 1 1.024e+02 1.076e+02 49 3 3 9.578e+00 3.242e+01 212 3 3 1.050e+02 1.050e+02 -8 3 4 8.227e+01 8.573e+01 32 3 1 5.987e+00 3.601e+01 279 3 1 6.033e+01 6.567e+01 50 3 3 5.956e+01 6.644e+01 64 3 4 6.652e+01 1.015e+02 325 3 2 2.465e+01 5.935e+01 322 3 4 2.587e+01 5.813e+01 300
23881 18 0 3 4.410e+02 4.410e+02 -4 0 4 6.606e+02 6.834e+02 212 2 3 3.143e+02 3.157e+02 14 2 4 3.326e+02 3.394e+02 63 2 2 4.619e+02 4.621e+02 2 2 2 3.856e+01 4.544e+01 64 2 4 4.503e+02 4.737e+02 218 2 3 1.451e+02 1.489e+02 35 2 1 3.084e+02 3.216e+02 122 2 3 4.248e+02 4.572e+02 300 2 1 5.907e+01 6.693e+01 73 2 4 1.202e+02 1.318e+02 107 2 2 1.641e+02 1.719e+02 73 2 3 3.473e+02 3.667e+02 180 2 1 1.820e+02 1.960e+02 130 2 2 3.197e+02 3.523e+02 302 2 4 3.164e+02 3.556e+02 365 3 1 5.622e+02 5.718e+02 90
