50889 0
50890 0
50893 1 2 4 5.396e+02 5.524e+02 120
50894 9 0 2 6.233e+02 6.367e+02 124 0 3 6.393e+02 6.627e+02 217 0 1 6.375e+02 6.645e+02 251 1 2 5.867e+02 5.893e+02 24 1 1 5.668e+02 5.672e+02 4 1 1 6.002e+02 6.178e+02 163 1 3 5.555e+02 5.785e+02 214 2 2 1.203e+02 1.317e+02 106 2 2 2.058e+02 2.142e+02 77
50895 13 1 4 6.289e+02 6.311e+02 20 2 1 2.070e+01 2.130e+01 6 2 3 4.808e+02 4.852e+02 41 2 1 5.235e+02 5.265e+02 28 2 2 3.798e+01 4.602e+01 75 2 2 4.997e+02 5.083e+02 80 2 4 7.486e+01 9.314e+01 170 2 4 4.512e+02 4.728e+02 200 2 3 1.025e+01 3.175e+01 200 2 3 9.820e+01 1.118e+02 126 2 4 3.246e+01 5.154e+01 177 2 2 6.845e+01 9.955e+01 289 2 1 7.808e-01 4.122e+01 376
50897 7 1 4 5.281e+02 5.639e+02 333 2 2 4.170e+02 4.230e+02 56 2 4 5.864e+02 5.896e+02 29 2 3 5.553e+02 5.787e+02 218 2 1 3.782e+02 4.198e+02 386 2 4 6.719e+01 1.008e+02 312 2 2 5.781e+01 1.102e+02 486
50898 0
50900 5 0 2 6.529e+02 6.911e+02 354 1 3 1.833e+02 1.947e+02 106 1 3 2.725e+02 2.735e+02 10 1 4 2.940e+02 2.940e+02 -13 1 2 2.872e+02 3.008e+02 126
50901 10 1 4 6.262e+02 6.338e+02 71 1 3 5.945e+02 6.235e+02 270 2 3 5.768e+01 6.832e+01 99 2 1 1.834e+02 1.946e+02 105 2 2 7.298e+01 9.502e+01 205 2 3 1.804e+02 1.976e+02 160 2 1 4.426e+01 8.174e+01 348 2 4 6.463e+01 1.034e+02 360 2 2 1.918e+02 2.282e+02 337 2 4 1.909e+02 2.291e+02 355
50902 33 0 2 3.339e+02 3.381e+02 40 0 1 5.582e+02 5.758e+02 164 0 4 3.348e+02 3.372e+02 22 0 4 6.300e+02 6.300e+02 -17 0 2 2.013e+02 2.187e+02 161 0 1 6.452e+02 6.568e+02 107 0 2 2.811e+02 3.069e+02 240 0 3 5.602e+02 5.738e+02 126 0 4 3.202e+02 3.518e+02 294 0 4 5.850e+02 5.910e+02 56 0 3 2.209e+02 2.411e+02 188 0 3 6.476e+02 6.544e+02 64 0 4 4.040e+02 4.360e+02 296 0 1 5.531e+02 5.809e+02 258 0 1 6.083e+02 6.097e+02 14 0 4 6.668e+02 6.772e+02 97 0 3 6.037e+02 6.143e+02 99 0 4 5.767e+02 5.993e+02 210 0 1 5.987e+02 6.193e+02 190 1 4 6.300e+02 6.300e+02 -8 1 4 5.863e+02 5.897e+02 32 1 1 6.090e+02 6.090e+02 -4 1 3 5.990e+02 6.190e+02 186 1 2 6.127e+02 6.473e+02 322 2 4 1.680e+02 1.680e+02 -24 2 3 1.890e+02 1.890e+02 -14 2 4 3.641e+01 4.759e+01 104 2 4 4.959e+02 5.121e+02 150 2 2 7.311e+01 9.489e+01 202 2 1 6.194e+01 6.406e+01 20 2 3 1.302e+02 1.638e+02 311 2 4 1.932e+02 2.268e+02 311 2 3 5.642e+01 6.958e+01 122
50903 61 0 4 2.509e+02 2.531e+02 20 0 4 6.294e+02 6.306e+02 11 0 3 3.972e+02 4.008e+02 34 0 2 2.481e+02 2.559e+02 72 0 4 4.612e+02 4.628e+02 16 0 2 1.203e+02 1.317e+02 106 0 3 5.228e+02 5.272e+02 40 0 1 2.220e+02 2.400e+02 166 0 4 5.880e+02 5.880e+02 -0 0 1 9.299e+01 1.170e+02 223 0 1 6.414e+02 6.606e+02 178 0 4 1.489e+02 1.871e+02 356 0 4 4.165e+02 4.235e+02 65 0 1 8.648e+01 1.235e+02 344 0 1 4.800e+02 4.860e+02 56 0 2 5.427e+02 5.493e+02 61 0 1 6.086e+02 6.094e+02 7 0 3 6.455e+02 6.565e+02 103 0 1 4.400e+02 4.420e+02 18 0 2 4.971e+02 5.109e+02 129 0 1 5.223e+02 5.277e+02 50 0 3 6.077e+02 6.103e+02 25 0 4 6.606e+02 6.834e+02 211 0 3 4.267e+02 4.553e+02 266 0 4 4.890e+02 5.190e+02 279 0 3 5.154e+02 5.346e+02 178 0 2 6.271e+02 6.329e+02 55 0 2 6.533e+02 6.907e+02 347 0 2 4.842e+02 5.238e+02 367 0 1 5.574e+02 5.766e+02 179 0 3 5.976e+02 6.204e+02 211 0 1 5.103e+02 5.397e+02 272 0 4 6.143e+02 6.457e+02 292 0 3 5.063e+02 5.437e+02 348 0 3 5.495e+02 5.845e+02 326 1 1 4.814e+02 4.846e+02 30 1 2 5.880e+02 5.880e+02 -4 1 1 6.089e+02 6.091e+02 2 1 2 4.997e+02 5.083e+02 80 1 4 5.868e+02 5.892e+02 22 1 3 6.078e+02 6.102e+02 22 1 3 5.083e+02 5.417e+02 310 1 2 5.356e+02 5.564e+02 194 1 2 6.297e+02 6.303e+02 6 1 1 5.581e+02 5.759e+02 165 1 4 6.300e+02 6.300e+02 0 1 3 5.526e+02 5.814e+02 267 1 4 5.303e+02 5.617e+02 292 2 4 2.511e+02 2.529e+02 16 2 4 2.926e+02 2.954e+02 26 2 2 3.311e+02 3.409e+02 90 2 4 3.973e+01 4.427e+01 42 2 4 1.205e+02 1.315e+02 102 2 3 1.408e+02 1.532e+02 116 2 3 3.127e+02 3.173e+02 43 2 3 6.167e+01 6.433e+01 25 2 3 2.612e+02 2.848e+02 220 2 1 3.435e+02 3.705e+02 251 2 1 5.463e+01 7.137e+01 156 2 3 2.994e+02 3.306e+02 289 2 2 2.582e+01 5.818e+01 300
50904 0
50905 0
50907 35 0 4 3.318e+02 3.402e+02 79 0 3 4.830e+02 4.830e+02 -6 0 1 3.135e+02 3.165e+02 28 0 2 5.441e+02 5.479e+02 36 0 1 4.399e+02 4.421e+02 21 0 2 3.182e+02 3.538e+02 330 0 2 4.508e+02 4.732e+02 209 0 1 4.667e+02 4.993e+02 302 0 3 5.511e+02 5.829e+02 295 1 4 5.447e+02 5.473e+02 24 1 4 6.291e+02 6.309e+02 17 1 3 5.647e+02 5.693e+02 43 1 4 5.796e+02 5.964e+02 156 1 3 5.927e+02 6.253e+02 303 2 4 2.100e+02 2.100e+02 -0 2 4 4.185e+02 4.215e+02 28 2 3 2.729e+02 2.731e+02 1 2 1 1.213e+01 2.987e+01 165 2 3 4.407e+02 4.413e+02 5 2 4 1.260e+02 1.260e+02 0 2 4 4.489e+02 4.751e+02 244 2 3 1.369e+02 1.571e+02 188 2 3 4.303e+02 4.517e+02 198 2 1 2.310e+02 2.310e+02 -10 2 2 2.835e+02 3.045e+02 195 2 2 7.908e+01 8.892e+01 91 2 4 1.597e+02 1.763e+02 154 2 2 2.062e+02 2.138e+02 70 2 1 2.556e+02 2.904e+02 323 2 4 7.388e+01 9.412e+01 188 2 3 2.223e+02 2.397e+02 162 2 3 9.411e+01 1.159e+02 202 2 4 2.414e+02 2.626e+02 197 2 2 1.973e+02 2.227e+02 236 3 1 7.242e+00 3.476e+01 256
50909 32 0 2 6.691e+02 6.749e+02 54 0 1 6.043e+02 6.137e+02 87 0 4 6.701e+02 6.739e+02 36 0 1 6.338e+02 6.682e+02 320 0 3 6.325e+02 6.695e+02 343 0 2 6.502e+02 6.938e+02 406 1 1 5.666e+02 5.674e+02 7 1 2 6.268e+02 6.332e+02 59 1 4 5.838e+02 5.922e+02 79 1 4 6.200e+02 6.400e+02 186 1 4 5.720e+02 6.040e+02 298 1 1 5.911e+02 6.269e+02 332 1 2 5.717e+02 6.043e+02 303 2 2 4.143e+01 4.257e+01 10 2 1 3.143e+02 3.157e+02 12 2 2 3.755e+02 3.805e+02 47 2 1 5.840e+01 6.760e+01 86 2 2 1.253e+02 1.267e+02 14 2 3 1.852e+02 1.928e+02 70 2 4 3.324e+02 3.396e+02 67 2 3 6.073e+01 6.527e+01 42 2 2 7.338e+01 9.462e+01 197 2 4 1.546e+02 1.814e+02 249 2 3 1.657e+01 2.543e+01 82 2 4 3.771e+01 4.629e+01 80 2 3 5.485e+01 7.115e+01 151 2 1 1.254e+01 2.946e+01 157 2 3 8.137e+00 3.386e+01 239 2 2 2.676e+01 5.724e+01 283 2 4 2.012e+01 6.388e+01 406 3 1 3.009e+02 3.291e+02 262 3 2 2.708e+02 3.172e+02 431
50910 0
50912 0
50913 0
50915 16 0 4 4.620e+02 4.620e+02 -7 0 2 6.713e+02 6.727e+02 14 0 4 6.656e+02 6.784e+02 118 0 3 4.306e+02 4.514e+02 194 0 2 4.477e+02 4.763e+02 266 0 3 6.376e+02 6.644e+02 249 2 3 1.039e+02 1.061e+02 21 2 4 4.186e+02 4.214e+02 26 2 1 1.290e+01 2.910e+01 150 2 1 4.410e+02 4.410e+02 -18 2 4 7.199e+01 9.601e+01 223 2 3 9.396e+00 3.260e+01 216 2 3 4.326e+02 4.494e+02 156 2 2 6.728e+01 1.007e+02 310 2 2 4.055e+02 4.345e+02 269 2 4 3.138e+01 5.262e+01 197
50917 4 1 3 5.658e+02 5.682e+02 23 1 1 6.090e+02 6.090e+02 -4 1 2 5.836e+02 5.924e+02 82 1 4 5.712e+02 6.048e+02 312
50919 4 2 4 4.200e+01 4.200e+01 -6 2 1 2.012e+01 2.188e+01 16 2 2 3.313e+01 5.087e+01 165 2 3 8.319e+00 3.368e+01 236
50924 0
50926 12 2 3 6.185e+01 6.415e+01 21 2 2 5.458e+02 5.462e+02 4 2 4 2.911e+02 2.969e+02 55 2 2 3.210e+01 5.190e+01 184 2 4 5.424e+02 5.496e+02 66 2 1 3.086e+02 3.214e+02 118 2 1 4.763e+01 7.837e+01 286 2 3 3.063e+02 3.237e+02 161 2 3 5.475e+02 5.865e+02 363 2 1 2.555e+02 2.905e+02 326 2 2 2.789e+02 3.091e+02 281 2 1 2.953e+02 3.347e+02 366
50927 0
