48221 0
48223 3 0 2 6.709e+02 6.731e+02 20 0 4 6.716e+02 6.724e+02 7 2 3 2.665e+00 3.933e+01 340
48225 0
48226 29 0 4 6.264e+02 6.336e+02 67 0 4 1.632e+02 1.728e+02 90 0 3 5.234e+02 5.266e+02 29 0 4 3.639e+02 3.921e+02 262 0 2 4.948e+02 5.132e+02 170 0 4 5.759e+02 6.001e+02 225 0 3 4.241e+02 4.579e+02 313 0 4 4.939e+02 5.141e+02 188 0 1 5.078e+02 5.422e+02 320 0 3 5.969e+02 6.211e+02 225 0 4 3.940e+02 4.460e+02 483 0 1 5.839e+02 6.341e+02 466 0 1 6.441e+02 6.579e+02 129 0 1 3.735e+02 4.245e+02 474 0 4 6.037e+02 6.563e+02 489 0 4 6.627e+02 6.813e+02 173 0 3 6.403e+02 6.617e+02 198 0 2 6.565e+02 6.875e+02 288 0 3 6.310e+02 6.710e+02 371 0 4 6.470e+02 6.970e+02 465 1 4 6.103e+02 6.497e+02 366 2 1 1.878e+02 1.902e+02 22 2 4 8.186e+01 8.614e+01 40 2 1 5.633e+01 6.967e+01 124 2 1 1.375e+02 1.565e+02 176 2 4 2.076e+02 2.124e+02 44 2 1 1.397e+01 2.803e+01 130 2 4 2.481e+02 2.559e+02 72 2 2 6.042e+01 1.076e+02 438
48227 61 0 2 6.284e+02 6.316e+02 30 0 4 6.720e+02 6.720e+02 -5 0 2 3.687e+02 3.873e+02 173 0 4 4.590e+02 4.650e+02 56 0 4 2.821e+02 3.059e+02 220 0 3 5.654e+02 5.686e+02 30 0 1 3.399e+02 3.741e+02 318 0 4 6.300e+02 6.300e+02 -4 0 3 6.471e+02 6.549e+02 73 0 3 4.325e+02 4.495e+02 157 0 2 4.935e+02 5.145e+02 195 0 3 5.192e+02 5.308e+02 108 0 4 5.846e+02 5.914e+02 63 0 1 6.412e+02 6.608e+02 182 0 1 3.882e+02 4.098e+02 201 0 4 4.884e+02 5.196e+02 290 0 1 5.582e+02 5.758e+02 163 0 2 6.193e+02 6.407e+02 199 0 2 6.546e+02 6.894e+02 323 0 1 4.265e+02 4.555e+02 270 0 1 5.143e+02 5.357e+02 198 0 4 5.753e+02 6.007e+02 236 0 2 5.307e+02 5.613e+02 285 0 1 5.979e+02 6.201e+02 206 0 3 5.927e+02 6.253e+02 302 1 4 6.268e+02 6.332e+02 59 1 2 5.002e+02 5.078e+02 71 1 4 5.873e+02 5.887e+02 12 1 3 6.056e+02 6.124e+02 63 1 3 5.480e+02 5.860e+02 352 1 2 6.217e+02 6.383e+02 155 1 2 5.707e+02 6.053e+02 320 1 4 6.124e+02 6.476e+02 327 2 1 6.234e+01 6.366e+01 12 2 1 1.463e+02 1.477e+02 12 2 3 5.637e+02 5.703e+02 61 2 2 2.086e+02 2.114e+02 26 2 3 6.498e+02 6.522e+02 22 2 2 3.707e+02 3.853e+02 136 2 1 3.905e+02 4.075e+02 158 2 1 2.070e+01 2.130e+01 6 2 4 5.414e+02 5.506e+02 85 2 2 1.188e+02 1.332e+02 134 2 4 6.179e+02 6.421e+02 224 2 3 1.470e+02 1.470e+02 0 2 3 3.789e+02 4.191e+02 373 2 1 2.268e+02 2.352e+02 77 2 4 3.675e+02 3.885e+02 195 2 4 3.803e+01 4.597e+01 74 2 4 1.152e+02 1.368e+02 200 2 1 1.866e+02 1.914e+02 44 2 4 1.927e+02 2.273e+02 321 2 3 3.376e+02 3.764e+02 360 2 1 5.297e+01 7.303e+01 186 2 3 9.236e+01 1.176e+02 235 2 3 1.776e+02 2.004e+02 212 2 3 5.507e+01 7.093e+01 147 2 2 1.525e+02 1.835e+02 288 2 3 1.290e+01 2.910e+01 150 2 2 2.793e+01 5.607e+01 261 2 1 7.555e+00 3.444e+01 250
48230 0
48231 26 0 3 6.057e+02 6.123e+02 61 0 4 6.701e+02 6.739e+02 35 0 1 6.057e+02 6.123e+02 61 0 1 6.482e+02 6.538e+02 51 0 4 5.707e+02 6.053e+02 320 0 2 6.546e+02 6.894e+02 323 0 1 5.971e+02 6.209e+02 221 1 2 6.293e+02 6.307e+02 12 1 1 6.076e+02 6.104e+02 26 2 1 5.653e+02 5.687e+02 32 2 3 1.416e+02 1.524e+02 100 2 1 4.402e+02 4.418e+02 15 2 3 1.240e+01 2.960e+01 160 2 2 5.025e+02 5.055e+02 28 2 1 5.212e+02 5.288e+02 71 2 3 3.291e+00 3.871e+01 329 2 1 6.071e+02 6.109e+02 35 2 2 1.108e+02 1.412e+02 281 2 4 4.176e+02 4.224e+02 46 2 4 1.129e+02 1.391e+02 244 2 3 4.804e+02 4.856e+02 48 2 2 4.057e+02 4.343e+02 266 2 4 4.845e+02 5.235e+02 361 2 1 5.912e+02 6.268e+02 330 2 3 4.270e+02 4.550e+02 260 2 4 4.432e+02 4.808e+02 349
48233 1 3 1 9.106e+01 1.189e+02 259
48234 0
48235 4 0 3 6.090e+02 6.090e+02 -10 0 4 5.829e+02 5.931e+02 95 0 1 5.976e+02 6.204e+02 212 1 2 6.146e+02 6.454e+02 286
48236 1 2 4 2.351e+02 2.689e+02 314
48237 3 0 1 8.653e+01 1.235e+02 343 3 3 3.029e+02 3.271e+02 226 3 4 2.764e+02 3.116e+02 327
48240 0
48241 7 0 1 1.297e+02 1.643e+02 321 0 2 1.059e+02 1.461e+02 374 1 3 2.556e+02 2.904e+02 324 2 4 2.506e+02 2.534e+02 26 2 1 4.399e+02 4.421e+02 20 2 4 2.080e+02 2.120e+02 36 3 2 4.018e+01 4.382e+01 34
48242 0
48243 4 0 1 5.880e+02 6.300e+02 390 0 2 6.099e+02 6.501e+02 374 0 3 5.827e+02 6.353e+02 489 2 3 5.223e+00 3.678e+01 293
48245 4 1 4 5.832e+02 5.928e+02 90 2 4 5.743e+02 6.017e+02 254 3 1 1.050e+02 1.050e+02 -3 3 1 8.779e+01 1.222e+02 320
48246 3 0 2 6.590e+02 6.850e+02 241 0 3 5.916e+02 6.264e+02 323 0 4 6.569e+02 6.871e+02 281
48248 3 1 2 1.922e+02 2.278e+02 331 3 1 6.127e+01 6.473e+01 32 3 3 5.301e+01 7.299e+01 186
48249 3 2 4 5.875e+02 5.885e+02 10 2 3 3.869e+02 4.111e+02 225 2 3 5.927e+02 6.253e+02 302
48250 4 0 2 6.596e+02 6.844e+02 230 0 4 6.625e+02 6.815e+02 177 2 4 1.245e+02 1.275e+02 27 2 4 1.112e+02 1.408e+02 275
48251 13 0 2 5.460e+02 5.460e+02 -24 0 1 5.670e+02 5.670e+02 -2 0 3 5.125e+02 5.375e+02 232 1 1 6.035e+02 6.145e+02 102 1 2 5.761e+02 5.999e+02 221 1 3 6.032e+02 6.148e+02 107 2 2 2.475e+02 2.565e+02 84 2 2 2.089e+01 6.311e+01 392 3 1 3.963e+02 4.017e+02 50 3 2 4.118e+02 4.282e+02 152 3 3 3.942e+02 4.038e+02 89 3 4 4.138e+02 4.262e+02 116 3 2 4.018e+02 4.382e+02 339
48252 0
48253 20 0 1 6.476e+02 6.544e+02 63 0 3 6.495e+02 6.525e+02 27 0 3 5.628e+02 5.712e+02 78 0 4 2.836e+02 3.044e+02 193 0 4 6.613e+02 6.827e+02 199 0 2 6.093e+02 6.507e+02 385 0 1 6.373e+02 6.647e+02 255 0 4 6.510e+02 6.930e+02 390 1 4 6.294e+02 6.306e+02 10 1 3 5.471e+02 5.869e+02 370 1 2 6.108e+02 6.492e+02 356 2 3 1.039e+02 1.061e+02 20 2 4 1.642e+02 1.718e+02 71 2 3 1.662e+01 2.538e+01 81 2 2 1.631e+02 1.729e+02 91 2 3 4.655e+01 7.945e+01 306 2 2 1.113e+02 1.407e+02 273 2 1 1.686e+02 2.094e+02 379 2 4 2.088e+01 6.312e+01 392 2 3 1.721e+02 2.059e+02 315
48254 2 3 2 3.334e+02 3.386e+02 48 3 1 2.955e+02 3.345e+02 363
48255 18 0 4 4.596e+02 4.644e+02 46 0 1 5.651e+02 5.689e+02 35 0 2 6.715e+02 6.725e+02 10 0 2 4.553e+02 4.687e+02 125 0 3 5.584e+02 5.756e+02 160 0 2 6.146e+02 6.454e+02 286 0 4 6.692e+02 6.748e+02 51 0 1 4.329e+02 4.491e+02 150 0 4 4.889e+02 5.191e+02 280 0 2 5.379e+02 5.541e+02 151 0 2 6.582e+02 6.858e+02 257 0 3 4.289e+02 4.531e+02 224 0 3 4.670e+02 4.990e+02 296 0 3 5.120e+02 5.380e+02 242 0 1 6.316e+02 6.704e+02 360 0 3 5.047e+02 5.453e+02 377 1 1 6.079e+02 6.101e+02 20 1 2 6.283e+02 6.317e+02 32
48257 3 0 4 6.711e+02 6.729e+02 17 0 2 6.641e+02 6.799e+02 147 0 1 6.411e+02 6.609e+02 184
48258 22 0 1 6.471e+02 6.549e+02 73 0 3 6.450e+02 6.570e+02 110 1 3 6.090e+02 6.090e+02 -0 1 1 6.055e+02 6.125e+02 66 1 2 6.125e+02 6.475e+02 326 1 4 6.152e+02 6.448e+02 275 2 4 1.673e+02 1.687e+02 12 2 4 4.195e+02 4.205e+02 10 2 3 1.870e+02 1.910e+02 36 2 2 1.196e+02 1.324e+02 119 2 1 1.831e+02 1.949e+02 109 2 2 3.708e+01 4.692e+01 91 2 2 1.580e+02 1.780e+02 186 2 2 1.915e+02 2.285e+02 343 2 4 3.569e+01 4.831e+01 117 2 3 1.301e+02 1.639e+02 313 2 1 5.548e+01 7.052e+01 140 2 2 1.500e+02 1.860e+02 335 2 3 2.622e+00 3.938e+01 341 3 4 8.070e+01 8.730e+01 61 3 4 1.662e+02 1.698e+02 33 3 4 1.488e+02 1.872e+02 357
48260 7 0 3 3.974e+02 4.006e+02 30 0 1 3.514e+02 3.626e+02 105 0 2 3.751e+02 3.809e+02 55 0 4 4.054e+02 4.346e+02 271 2 3 1.808e+02 1.972e+02 152 2 4 2.071e+02 2.129e+02 55 2 3 1.739e+02 2.041e+02 280
48261 8 0 4 5.875e+02 5.885e+02 9 0 1 2.272e+02 2.348e+02 70 0 3 5.545e+02 5.795e+02 233 0 3 2.228e+02 2.392e+02 152 0 2 2.449e+02 2.591e+02 132 2 1 1.177e+01 3.023e+01 171 2 3 5.849e+00 3.615e+01 281 2 4 4.081e+02 4.319e+02 221
48262 0
48264 81 0 3 4.804e+02 4.856e+02 48 0 2 2.939e+02 2.941e+02 1 0 1 6.090e+02 6.090e+02 -19 0 4 6.705e+02 6.735e+02 28 0 1 4.806e+02 4.854e+02 46 0 3 5.659e+02 5.681e+02 21 0 1 6.478e+02 6.542e+02 59 0 2 4.928e+02 5.152e+02 209 0 1 5.217e+02 5.283e+02 60 0 2 6.295e+02 6.305e+02 10 0 3 6.450e+02 6.570e+02 111 0 4 4.937e+02 5.143e+02 190 0 3 5.208e+02 5.292e+02 79 0 4 6.294e+02 6.306e+02 11 0 3 6.339e+02 6.681e+02 318 0 2 5.356e+02 5.564e+02 193 0 4 6.194e+02 6.406e+02 197 0 2 6.600e+02 6.840e+02 223 0 3 5.567e+02 5.773e+02 192 0 4 5.747e+02 6.013e+02 247 0 1 5.135e+02 5.365e+02 213 1 1 5.666e+02 5.674e+02 7 1 3 6.090e+02 6.090e+02 -4 1 4 5.029e+02 5.051e+02 21 1 3 5.652e+02 5.688e+02 33 1 3 5.240e+02 5.260e+02 19 1 2 5.880e+02 5.880e+02 -15 1 1 4.769e+02 4.891e+02 113 1 4 5.875e+02 5.885e+02 9 1 1 6.083e+02 6.097e+02 13 1 4 4.940e+02 5.140e+02 186 1 3 5.553e+02 5.787e+02 218 1 1 5.934e+02 6.246e+02 290 1 4 5.315e+02 5.605e+02 269 2 2 4.200e+01 4.200e+01 -15 2 4 1.680e+02 1.680e+02 -3 2 1 2.310e+02 2.310e+02 -24 2 4 4.588e+02 4.652e+02 59 2 2 2.940e+02 2.940e+02 -17 2 4 5.395e+02 5.525e+02 120 2 2 3.359e+02 3.361e+02 2 2 4 4.149e+02 4.251e+02 94 2 3 6.257e+01 6.343e+01 8 2 3 4.725e+02 4.935e+02 195 2 1 1.890e+02 1.890e+02 -24 2 2 4.875e+02 5.205e+02 306 2 4 2.512e+02 2.528e+02 16 2 4 2.939e+02 2.941e+02 1 2 4 3.303e+02 3.417e+02 106 2 1 2.066e+01 2.134e+01 6 2 2 7.697e+01 9.103e+01 130 2 1 1.447e+02 1.493e+02 43 2 2 2.087e+02 2.113e+02 25 2 3 3.141e+02 3.159e+02 17 2 1 3.515e+02 3.625e+02 102 2 4 4.076e+01 4.324e+01 23 2 4 7.572e+01 9.228e+01 154 2 3 1.817e+02 1.963e+02 136 2 2 2.476e+02 2.564e+02 82 2 3 2.700e+02 2.760e+02 56 2 3 3.537e+02 3.603e+02 60 2 3 5.189e+01 7.411e+01 206 2 2 1.143e+02 1.377e+02 217 2 3 1.373e+02 1.567e+02 180 2 4 2.420e+02 2.620e+02 186 2 2 3.709e+02 3.851e+02 132 2 2 2.964e+01 5.436e+01 230 2 2 1.044e+02 1.476e+02 400 2 2 1.585e+02 1.775e+02 176 2 1 2.210e+02 2.410e+02 186 2 4 3.609e+02 3.951e+02 317 2 4 2.779e+01 5.621e+01 264 2 4 1.009e+02 1.511e+02 466 2 4 1.527e+02 1.833e+02 284 2 3 2.183e+02 2.437e+02 236 2 1 4.960e+01 7.640e+01 249 2 1 2.622e+00 3.938e+01 341 2 3 4.012e+00 3.799e+01 316 2 3 4.166e+01 8.434e+01 396 3 3 2.100e+01 2.100e+01 -10 3 1 3.134e+02 3.166e+02 30
