10332 5 0 1 3.986e+02 3.994e+02 7 0 4 4.185e+02 4.215e+02 27 0 3 3.796e+02 4.184e+02 360 1 4 5.867e+02 5.893e+02 25 1 4 5.702e+02 6.058e+02 331
10333 18 0 2 4.604e+02 4.636e+02 30 0 3 5.192e+02 5.308e+02 107 0 4 4.543e+02 4.697e+02 142 0 3 5.108e+02 5.392e+02 263 0 3 4.689e+02 4.971e+02 261 1 3 5.242e+02 5.258e+02 16 1 2 5.869e+02 5.891e+02 20 1 1 6.078e+02 6.102e+02 22 1 3 5.656e+02 5.684e+02 26 1 4 6.227e+02 6.373e+02 135 1 3 5.093e+02 5.407e+02 292 1 2 5.778e+02 5.982e+02 189 1 1 5.994e+02 6.186e+02 179 1 2 5.376e+02 5.544e+02 156 1 3 6.022e+02 6.158e+02 126 1 1 5.520e+02 5.820e+02 278 1 2 6.146e+02 6.454e+02 286 3 1 4.055e+00 3.794e+01 315
10334 17 0 2 5.458e+02 5.462e+02 4 0 1 6.085e+02 6.095e+02 10 0 3 6.069e+02 6.111e+02 40 0 3 3.835e+02 4.145e+02 287 0 1 5.093e+02 5.407e+02 292 0 4 6.144e+02 6.456e+02 290 0 3 5.484e+02 5.856e+02 346 0 2 6.103e+02 6.497e+02 366 2 4 5.432e+02 5.488e+02 51 2 2 3.942e+01 4.458e+01 48 2 2 8.375e+01 8.425e+01 5 2 2 5.856e+02 5.904e+02 44 2 3 9.396e+00 3.260e+01 216 2 3 5.528e+02 5.812e+02 263 2 4 2.869e+01 5.531e+01 247 2 2 6.225e+02 6.375e+02 139 2 2 5.300e+02 5.620e+02 296
10335 58 0 3 1.021e+02 1.079e+02 53 0 2 1.609e+02 1.751e+02 132 0 4 4.968e+02 5.112e+02 133 0 1 3.540e+02 3.600e+02 56 0 2 1.220e+02 1.300e+02 74 0 2 3.638e+02 3.922e+02 265 0 4 3.174e+02 3.546e+02 346 1 4 6.287e+02 6.313e+02 24 1 4 5.847e+02 5.913e+02 61 1 1 6.073e+02 6.107e+02 32 1 1 1.324e+02 1.616e+02 271 1 4 5.001e+02 5.079e+02 73 1 1 5.598e+02 5.742e+02 135 1 2 6.264e+02 6.336e+02 66 1 1 5.169e+02 5.331e+02 150 1 3 5.573e+02 5.767e+02 180 1 4 6.154e+02 6.446e+02 270 1 4 5.378e+02 5.542e+02 152 1 1 5.930e+02 6.250e+02 298 1 2 5.746e+02 6.014e+02 250 1 3 5.903e+02 6.277e+02 348 2 4 3.311e+02 3.409e+02 91 2 1 2.043e+01 2.157e+01 10 2 3 4.408e+02 4.412e+02 3 2 2 8.088e+01 8.712e+01 58 2 4 5.040e+02 5.040e+02 -4 2 2 2.096e+02 2.104e+02 8 2 4 5.843e+02 5.917e+02 69 2 4 3.751e+02 3.809e+02 53 2 3 6.480e+02 6.540e+02 56 2 3 8.770e+00 3.323e+01 227 2 1 3.961e+02 4.019e+02 55 2 4 1.532e+02 1.828e+02 275 2 2 4.567e+02 4.673e+02 99 2 4 2.060e+02 2.140e+02 74 2 3 6.084e+02 6.096e+02 11 2 3 3.466e+02 3.674e+02 193 2 4 6.711e+02 6.729e+02 16 2 4 3.376e+01 5.024e+01 153 2 4 4.151e+02 4.249e+02 90 2 4 7.024e+01 9.776e+01 256 2 3 4.668e+02 4.992e+02 301 2 3 1.717e+02 2.063e+02 321 2 2 6.274e+02 6.326e+02 48 2 3 2.270e+02 2.350e+02 74 2 2 3.619e+02 3.941e+02 300 2 3 4.857e+01 7.743e+01 268 2 1 3.841e+02 4.139e+02 276 2 1 2.185e+02 2.435e+02 233 2 1 6.322e+02 6.698e+02 349 2 2 3.198e+02 3.522e+02 301 2 3 3.850e+02 4.130e+02 260 2 2 2.413e+02 2.627e+02 198 2 3 6.307e+02 6.713e+02 376 2 1 4.219e+02 4.601e+02 354 3 2 4.200e+01 4.200e+01 -2 3 3 1.433e+01 2.767e+01 124 3 1 4.467e+01 8.133e+01 340
10336 0
10338 3 0 2 5.021e+02 5.059e+02 35 2 4 3.768e+02 3.792e+02 23 2 2 1.979e+02 2.221e+02 226
10339 21 0 3 5.898e+01 6.702e+01 75 0 2 6.720e+02 6.720e+02 -24 0 2 7.967e+01 8.833e+01 80 0 4 6.691e+02 6.749e+02 55 0 4 7.150e+01 9.650e+01 232 0 1 6.396e+02 6.624e+02 211 1 2 1.680e+02 1.680e+02 0 1 3 1.704e+02 2.076e+02 345 1 1 1.276e+02 1.664e+02 360 2 4 2.520e+02 2.520e+02 -22 2 3 1.024e+02 1.076e+02 48 2 4 5.809e+02 5.951e+02 132 2 4 1.680e+02 1.680e+02 -4 2 4 2.100e+02 2.100e+02 -22 2 3 5.531e+02 5.809e+02 258 2 1 1.415e+01 2.785e+01 127 2 4 1.227e+02 1.293e+02 62 2 2 2.940e+02 2.940e+02 -15 2 3 5.674e+00 3.633e+01 285 2 2 7.765e+01 9.035e+01 118 2 4 1.099e+02 1.421e+02 300
10340 6 0 1 5.427e+02 5.913e+02 452 0 3 5.440e+02 5.900e+02 428 3 1 3.942e+02 4.038e+02 90 3 3 4.399e+02 4.421e+02 20 3 2 4.053e+02 4.347e+02 273 3 1 4.224e+02 4.596e+02 346
10341 4 0 3 6.055e+02 6.125e+02 66 0 1 6.022e+02 6.158e+02 126 0 4 6.214e+02 6.386e+02 160 0 2 6.135e+02 6.465e+02 306
10342 30 2 2 6.284e+02 6.316e+02 29 2 4 2.513e+02 2.527e+02 12 2 4 2.937e+02 2.943e+02 6 2 4 6.272e+02 6.328e+02 51 2 2 4.004e+01 4.396e+01 36 2 4 4.917e+02 5.163e+02 228 2 2 1.249e+02 1.271e+02 20 2 1 5.164e+02 5.336e+02 159 2 4 1.648e+02 1.712e+02 59 2 4 5.760e+02 6.000e+02 223 2 2 2.066e+02 2.134e+02 63 2 4 4.521e+02 4.719e+02 185 2 1 5.283e+01 7.317e+01 189 2 3 5.459e+02 5.881e+02 392 2 4 1.229e+02 1.291e+02 58 2 2 5.728e+02 6.032e+02 283 2 1 1.341e+02 1.599e+02 239 2 4 6.526e+02 6.914e+02 360 2 1 2.245e+02 2.375e+02 120 2 3 4.647e+02 5.013e+02 340 2 2 3.080e+01 5.320e+01 208 2 4 5.683e+02 6.077e+02 366 2 4 1.128e+02 1.392e+02 246 2 2 4.857e+02 5.223e+02 340 2 3 1.729e+02 2.051e+02 300 2 4 1.977e+02 2.223e+02 229 2 3 2.565e+02 2.895e+02 306 2 4 2.250e+01 6.150e+01 362 2 3 9.263e+01 1.174e+02 230 2 3 2.195e+02 2.425e+02 214
10343 19 0 3 2.700e+02 2.760e+02 56 0 2 6.242e+02 6.358e+02 108 0 1 6.469e+02 6.551e+02 76 0 4 2.912e+02 2.968e+02 52 0 1 5.201e+02 5.299e+02 91 0 4 6.223e+02 6.377e+02 144 0 3 6.448e+02 6.572e+02 115 0 4 4.895e+02 5.185e+02 270 0 3 5.097e+02 5.403e+02 285 0 3 5.987e+02 6.193e+02 190 0 4 6.583e+02 6.857e+02 254 0 4 5.731e+02 6.029e+02 277 0 1 6.350e+02 6.670e+02 297 0 2 6.584e+02 6.856e+02 252 2 3 6.145e+01 6.455e+01 29 2 4 8.177e+01 8.623e+01 41 2 1 1.747e+01 2.453e+01 66 2 3 1.348e+01 2.852e+01 140 2 1 5.440e+01 7.160e+01 160
10344 62 0 3 4.803e+02 4.857e+02 50 0 1 6.461e+02 6.559e+02 90 0 1 3.967e+02 4.013e+02 43 0 1 5.243e+02 5.257e+02 14 0 4 5.802e+02 5.958e+02 146 0 3 3.890e+02 4.090e+02 186 0 2 4.955e+02 5.125e+02 158 0 3 5.201e+02 5.299e+02 91 0 1 5.921e+02 6.259e+02 313 0 2 6.591e+02 6.849e+02 239 0 3 4.206e+02 4.614e+02 378 0 4 4.953e+02 5.127e+02 162 0 2 5.332e+02 5.588e+02 237 0 3 5.943e+02 6.237e+02 274 0 4 6.582e+02 6.858e+02 256 0 3 3.805e+02 4.175e+02 343 0 2 4.470e+02 4.770e+02 279 0 2 6.158e+02 6.442e+02 263 0 2 6.528e+02 6.912e+02 356 0 4 4.521e+02 4.719e+02 184 0 1 4.717e+02 4.943e+02 210 1 2 6.284e+02 6.316e+02 29 1 1 4.399e+02 4.421e+02 20 1 4 2.862e+02 3.018e+02 145 1 4 5.027e+02 5.053e+02 24 1 2 4.581e+02 4.659e+02 73 1 2 5.867e+02 5.893e+02 24 1 1 6.037e+02 6.143e+02 98 1 1 4.819e+02 4.841e+02 20 1 4 5.858e+02 5.902e+02 40 1 3 6.084e+02 6.096e+02 10 1 3 4.811e+02 4.849e+02 35 1 1 5.627e+02 5.713e+02 80 1 4 6.256e+02 6.344e+02 82 1 3 5.509e+02 5.831e+02 300 1 1 5.953e+02 6.227e+02 255 1 3 5.975e+02 6.205e+02 214 2 4 2.511e+02 2.529e+02 16 2 3 6.088e+02 6.092e+02 5 2 4 3.349e+02 3.371e+02 20 2 4 6.218e+02 6.382e+02 152 2 4 4.166e+01 4.234e+01 6 2 4 4.176e+02 4.224e+02 45 2 4 8.370e+01 8.430e+01 6 2 4 6.599e+02 6.841e+02 225 2 1 1.870e+02 1.910e+02 37 2 3 4.378e+02 4.442e+02 59 2 4 2.071e+02 2.129e+02 54 2 3 4.210e+02 4.610e+02 371 2 1 3.550e+02 3.590e+02 37 2 3 6.073e+01 6.527e+01 42 2 4 2.349e+02 2.691e+02 317 2 3 3.476e+02 3.664e+02 174 2 1 1.137e+01 3.063e+01 179 2 2 7.015e+01 9.785e+01 257 2 3 1.736e+02 2.044e+02 286 2 2 1.959e+02 2.241e+02 261 2 2 3.188e+02 3.532e+02 319 2 3 1.092e+01 3.108e+01 187 2 4 1.911e+02 2.289e+02 350 2 2 3.085e+01 5.315e+01 207 2 1 5.108e+01 7.492e+01 221
10345 0
10346 0
10347 0
10348 30 0 4 6.198e+02 6.402e+02 189 0 4 4.148e+02 4.252e+02 96 0 1 5.977e+02 6.203e+02 210 0 2 1.471e+02 1.889e+02 389 0 4 6.622e+02 6.818e+02 182 0 3 2.092e+02 2.528e+02 406 0 3 4.240e+02 4.580e+02 316 0 3 1.626e+02 2.154e+02 490 0 1 5.421e+02 5.919e+02 462 0 2 6.060e+02 6.540e+02 446 0 3 5.450e+02 5.890e+02 409 0 3 6.273e+02 6.747e+02 440 2 4 3.350e+02 3.370e+02 19 2 3 9.856e+01 1.114e+02 120 2 4 1.624e+02 1.736e+02 104 2 4 6.160e+02 6.440e+02 260 2 3 3.564e+02 3.576e+02 11 2 4 3.901e+01 4.499e+01 56 2 1 1.870e+02 1.910e+02 38 2 3 3.444e+02 3.696e+02 234 2 1 1.325e+01 2.875e+01 144 2 2 1.153e+02 1.367e+02 199 2 2 1.614e+02 1.746e+02 123 2 3 1.635e+01 2.565e+01 86 2 4 1.100e+02 1.420e+02 298 2 3 1.210e+02 1.730e+02 483 2 2 3.291e+01 5.109e+01 169 2 3 5.984e+00 3.602e+01 279 2 1 -2.854e+00 4.485e+01 443 2 2 1.976e+01 6.424e+01 413
10349 5 0 1 1.879e+02 1.901e+02 20 0 3 1.754e+02 2.026e+02 253 0 2 1.549e+02 1.811e+02 243 1 1 6.118e+01 6.482e+01 34 1 2 7.437e+01 9.363e+01 179
10350 8 1 2 6.176e+02 6.424e+02 230 2 2 2.086e+02 2.114e+02 26 2 3 6.131e+01 6.469e+01 31 2 4 2.061e+02 2.139e+02 73 2 1 5.149e+01 7.451e+01 214 2 2 7.159e+01 9.641e+01 230 2 4 2.609e+01 5.791e+01 296 2 3 1.717e+02 2.063e+02 321
10351 0
10352 15 0 1 2.712e+02 2.748e+02 34 0 3 3.976e+02 4.004e+02 26 0 4 2.929e+02 2.951e+02 20 0 1 3.942e+02 4.038e+02 90 0 3 2.618e+02 2.842e+02 207 0 4 6.565e+02 6.875e+02 287 0 2 2.792e+02 3.088e+02 275 0 4 4.075e+02 4.325e+02 231 0 2 3.610e+02 3.950e+02 316 1 4 6.296e+02 6.304e+02 8 2 4 4.022e+01 4.378e+01 33 2 4 6.152e+02 6.448e+02 276 2 4 3.662e+02 3.898e+02 220 2 1 1.110e+01 3.090e+01 184 2 4 2.784e+01 5.616e+01 263
10353 8 0 2 6.277e+02 6.323e+02 42 0 4 6.216e+02 6.384e+02 156 0 2 6.575e+02 6.865e+02 269 0 1 6.325e+02 6.695e+02 343 2 3 3.113e+02 3.187e+02 68 2 4 2.406e+02 2.634e+02 211 2 3 2.588e+02 2.872e+02 265 2 3 2.951e+02 3.349e+02 370
10354 5 0 3 6.064e+02 6.116e+02 49 0 4 2.882e+02 2.998e+02 107 0 4 6.144e+02 6.456e+02 290 0 1 5.895e+02 6.285e+02 363 3 2 6.679e+02 6.761e+02 76
10355 10 2 2 1.666e+02 1.694e+02 26 2 2 2.071e+02 2.129e+02 53 2 2 2.889e+02 2.991e+02 96 2 2 6.970e+01 9.830e+01 266 2 3 1.804e+02 1.976e+02 160 2 1 4.857e+01 7.743e+01 268 2 3 1.344e+02 1.596e+02 234 2 4 1.906e+02 2.294e+02 360 2 4 1.528e+02 1.832e+02 283 2 1 1.700e+02 2.080e+02 353
10356 0
10357 4 2 1 1.595e+01 2.605e+01 94 2 3 1.815e+01 2.385e+01 53 2 2 2.443e+01 5.957e+01 326 2 4 2.559e+01 5.841e+01 305
10358 37 0 4 2.510e+02 2.530e+02 19 0 2 6.300e+02 6.300e+02 -3 0 1 6.488e+02 6.532e+02 41 0 4 2.100e+02 2.100e+02 -14 0 3 5.665e+02 5.675e+02 9 0 4 2.363e+02 2.677e+02 291 0 4 5.851e+02 5.909e+02 53 0 3 6.473e+02 6.547e+02 68 0 2 4.990e+02 5.090e+02 93 0 2 5.457e+02 5.463e+02 6 0 3 6.046e+02 6.134e+02 81 0 2 6.720e+02 6.720e+02 -21 0 1 5.667e+02 5.673e+02 6 0 4 6.210e+02 6.390e+02 166 0 4 6.720e+02 6.720e+02 -12 0 1 5.218e+02 5.282e+02 59 0 1 5.967e+02 6.213e+02 229 0 4 6.617e+02 6.823e+02 191 0 2 5.393e+02 5.527e+02 125 0 1 5.534e+02 5.806e+02 253 0 1 5.118e+02 5.382e+02 246 0 2 5.287e+02 5.633e+02 320 0 3 5.493e+02 5.847e+02 328 1 4 5.880e+02 5.880e+02 -17 1 1 6.090e+02 6.090e+02 -2 1 1 5.632e+02 5.708e+02 71 1 3 6.062e+02 6.118e+02 52 1 4 5.816e+02 5.944e+02 120 1 4 6.181e+02 6.419e+02 220 1 3 5.564e+02 5.776e+02 197 1 2 5.750e+02 6.010e+02 240 1 4 5.712e+02 6.048e+02 312 2 3 3.990e+02 3.990e+02 -22 2 4 8.388e+01 8.412e+01 2 2 4 3.780e+02 3.780e+02 -2 2 2 7.693e+01 9.107e+01 131 2 3 9.344e+01 1.166e+02 215
10359 69 0 3 4.817e+02 4.843e+02 24 0 3 2.272e+02 2.348e+02 71 0 4 2.937e+02 2.943e+02 6 0 3 4.390e+02 4.430e+02 38 0 4 2.513e+02 2.527e+02 14 0 2 4.985e+02 5.095e+02 103 0 1 3.112e+02 3.188e+02 71 0 4 5.844e+02 5.916e+02 67 0 2 2.342e+02 2.698e+02 331 0 1 4.317e+02 4.503e+02 172 0 1 2.700e+02 2.760e+02 56 0 4 4.995e+02 5.085e+02 83 0 2 3.176e+02 3.544e+02 341 0 3 5.125e+02 5.375e+02 232 0 2 2.838e+02 3.042e+02 189 0 3 6.010e+02 6.170e+02 148 0 3 2.587e+02 2.873e+02 265 0 4 4.570e+02 4.670e+02 92 0 3 5.945e+02 6.235e+02 270 0 3 6.320e+02 6.700e+02 352 0 4 4.909e+02 5.171e+02 244 0 2 4.489e+02 4.751e+02 243 0 1 4.714e+02 4.946e+02 216 1 1 5.645e+02 5.695e+02 47 1 4 6.279e+02 6.321e+02 40 1 2 5.879e+02 5.881e+02 2 1 1 6.018e+02 6.162e+02 133 1 4 5.850e+02 5.910e+02 56 1 3 6.057e+02 6.123e+02 62 1 3 5.605e+02 5.735e+02 121 1 2 6.250e+02 6.350e+02 92 1 4 5.685e+02 6.075e+02 363 1 1 5.919e+02 6.261e+02 317 2 2 4.175e+01 4.225e+01 5 2 3 1.032e+02 1.068e+02 33 2 3 2.057e+01 2.143e+01 8 2 2 5.016e+02 5.064e+02 44 2 1 1.427e+02 1.513e+02 80 2 1 5.221e+02 5.279e+02 55 2 1 2.286e+02 2.334e+02 45 2 4 2.873e+02 3.007e+02 125 2 3 3.546e+02 3.594e+02 44 2 4 4.608e+02 4.632e+02 23 2 1 5.476e+01 7.124e+01 153 2 4 5.733e+02 6.027e+02 272 2 4 6.939e+01 9.861e+01 271 2 4 6.551e+02 6.889e+02 313 2 3 2.275e+02 2.345e+02 65 2 3 3.416e+02 3.724e+02 286 2 3 4.806e+02 4.854e+02 45 2 2 3.013e+01 5.387e+01 220 2 2 1.137e+02 1.383e+02 229 2 4 4.975e+02 5.105e+02 120 2 1 1.282e+02 1.658e+02 350 2 4 1.968e+02 2.232e+02 246 2 1 4.692e+02 4.968e+02 257 2 4 2.622e+01 5.778e+01 293 2 2 2.338e+02 2.702e+02 338 2 1 3.968e+00 3.803e+01 316 2 2 1.925e+02 2.275e+02 325 3 2 8.267e+01 8.533e+01 25 3 4 1.234e+02 1.286e+02 48 3 3 1.191e+01 3.009e+01 169 3 1 8.577e+01 1.242e+02 357 3 2 4.166e+01 4.234e+01 6 3 1 5.862e+01 6.738e+01 81 3 3 5.454e+01 7.146e+01 157 3 4 3.049e+01 5.351e+01 214 3 2 2.443e+01 5.957e+01 326
10360 12 0 4 4.569e+02 4.671e+02 96 0 3 6.491e+02 6.529e+02 35 0 2 6.640e+02 6.800e+02 148 0 4 1.476e+02 1.884e+02 379 0 4 6.654e+02 6.786e+02 122 0 1 6.430e+02 6.590e+02 149 1 2 5.845e+02 5.915e+02 66 1 1 4.699e+02 4.961e+02 244 1 1 5.591e+02 5.749e+02 147 1 3 5.977e+02 6.203e+02 210 1 1 4.626e+02 5.034e+02 379 1 4 6.115e+02 6.485e+02 344
10361 5 0 4 6.244e+02 6.356e+02 105 0 1 5.983e+02 6.197e+02 199 0 3 5.953e+02 6.227e+02 254 1 2 5.859e+02 5.901e+02 40 1 1 6.069e+02 6.111e+02 40
10362 10 0 1 6.499e+02 6.521e+02 20 0 3 5.669e+02 5.671e+02 2 0 2 1.221e+02 1.299e+02 72 0 4 5.876e+02 5.884e+02 7 0 3 6.475e+02 6.545e+02 66 0 1 5.651e+02 5.689e+02 35 0 4 5.758e+02 6.002e+02 227 0 4 6.674e+02 6.766e+02 85 0 3 5.575e+02 5.765e+02 176 0 2 6.574e+02 6.866e+02 270
10363 0
10364 0
10365 22 0 1 2.308e+02 2.312e+02 3 0 2 6.700e+02 6.740e+02 38 0 3 3.939e+02 4.041e+02 94 0 3 5.187e+02 5.313e+02 117 0 1 6.417e+02 6.603e+02 172 0 2 3.604e+02 3.956e+02 326 0 4 4.085e+02 4.315e+02 214 0 3 6.413e+02 6.607e+02 180 0 4 6.652e+02 6.788e+02 126 1 4 6.109e+02 6.491e+02 355 2 3 1.043e+02 1.057e+02 13 2 2 4.197e+02 4.203e+02 5 2 1 3.118e+02 3.182e+02 59 2 3 3.931e+02 4.049e+02 110 2 4 7.594e+01 9.206e+01 150 2 2 2.872e+02 3.008e+02 126 2 1 4.359e+02 4.461e+02 96 2 4 3.642e+02 3.918e+02 256 2 3 1.029e+01 3.171e+01 199 2 2 1.195e+02 1.325e+02 120 2 3 2.582e+02 2.878e+02 275 2 4 2.788e+02 3.092e+02 282
10366 0
10367 1 0 4 3.747e+02 3.813e+02 61
10368 0
10369 3 3 1 3.066e+02 3.234e+02 156 3 3 3.079e+02 3.221e+02 131 3 2 2.814e+02 3.066e+02 235
10370 1 1 4 6.256e+02 6.344e+02 81
10371 0
