11283 8 0 1 6.078e+02 6.102e+02 22 0 3 6.507e+02 6.513e+02 6 0 3 6.090e+02 6.090e+02 -0 0 1 6.458e+02 6.562e+02 97 0 4 6.098e+02 6.502e+02 376 0 4 6.610e+02 6.830e+02 205 0 2 6.583e+02 6.857e+02 255 2 4 3.357e+02 3.363e+02 6
11284 6 0 3 5.645e+02 5.695e+02 46 2 1 3.937e+02 4.043e+02 98 2 1 1.204e+01 2.996e+01 166 2 3 3.935e+02 4.045e+02 102 2 3 1.222e+01 2.978e+01 163 2 2 4.051e+02 4.349e+02 277
11285 4 0 1 9.665e+00 3.233e+01 210 2 3 2.299e+02 2.321e+02 21 2 3 9.578e+00 3.242e+01 212 2 4 1.990e+02 2.210e+02 205
11286 7 0 2 4.577e+02 4.663e+02 80 0 2 6.651e+02 6.789e+02 128 0 1 4.361e+02 4.459e+02 91 0 4 6.633e+02 6.807e+02 161 0 3 4.288e+02 4.532e+02 227 2 1 4.059e+00 3.794e+01 315 2 2 2.156e+01 6.244e+01 380
11287 2 0 4 6.591e+02 6.849e+02 240 0 4 3.185e+02 3.535e+02 326
11288 75 0 1 1.870e+02 1.910e+02 36 0 1 5.659e+02 5.681e+02 20 0 4 3.773e+02 3.787e+02 12 0 1 3.986e+02 3.994e+02 8 0 3 6.154e+01 6.446e+01 27 0 2 5.038e+02 5.042e+02 3 0 3 1.025e+02 1.075e+02 46 0 2 5.458e+02 5.462e+02 3 0 4 2.075e+02 2.125e+02 47 0 4 5.857e+02 5.903e+02 43 0 1 3.552e+02 3.588e+02 33 0 2 6.706e+02 6.734e+02 26 0 3 1.795e+02 1.985e+02 177 0 3 3.938e+02 4.042e+02 97 0 4 2.414e+02 2.626e+02 196 0 4 4.550e+02 4.690e+02 130 0 2 3.716e+02 3.844e+02 120 0 1 5.575e+02 5.765e+02 177 0 3 2.150e+02 2.470e+02 298 0 1 6.088e+02 6.092e+02 5 0 4 2.741e+02 3.139e+02 370 0 4 6.693e+02 6.747e+02 50 0 4 3.265e+02 3.455e+02 177 0 4 4.120e+02 4.280e+02 148 0 2 1.922e+02 2.278e+02 331 0 3 5.620e+02 5.720e+02 92 0 2 3.224e+02 3.496e+02 253 0 3 6.071e+02 6.109e+02 36 0 1 6.407e+02 6.613e+02 190 0 1 4.337e+02 4.483e+02 136 0 1 5.126e+02 5.374e+02 230 0 2 6.279e+02 6.321e+02 40 0 3 6.434e+02 6.586e+02 140 0 3 4.368e+02 4.452e+02 79 0 3 5.179e+02 5.321e+02 131 0 4 6.264e+02 6.336e+02 67 0 3 6.350e+02 6.670e+02 296 0 1 4.269e+02 4.551e+02 261 0 3 5.503e+02 5.837e+02 310 0 2 6.115e+02 6.485e+02 344 0 3 5.104e+02 5.396e+02 271 1 3 5.668e+02 5.672e+02 5 1 2 5.037e+02 5.043e+02 6 1 2 5.872e+02 5.888e+02 16 1 1 6.088e+02 6.092e+02 4 1 3 5.199e+02 5.301e+02 94 1 2 5.436e+02 5.484e+02 45 1 3 6.084e+02 6.096e+02 11 1 1 4.701e+02 4.959e+02 240 1 4 5.435e+02 5.485e+02 46 1 2 6.289e+02 6.311e+02 21 1 4 5.773e+02 5.987e+02 199 1 4 6.285e+02 6.315e+02 27 2 4 8.245e+01 8.555e+01 29 2 4 6.708e+02 6.732e+02 22 2 1 1.839e+02 1.941e+02 96 2 4 4.145e+02 4.255e+02 103 2 4 2.926e+02 2.954e+02 26 2 2 6.639e+02 6.801e+02 150 2 4 3.803e+01 4.597e+01 74 2 4 1.244e+02 1.276e+02 30 2 1 1.434e+02 1.506e+02 67 2 2 2.053e+02 2.147e+02 87 2 3 6.010e+01 6.590e+01 54 2 2 8.191e+01 8.609e+01 39 2 3 1.352e+02 1.588e+02 220 2 4 2.005e+02 2.195e+02 177 2 1 4.318e+01 8.282e+01 368 2 3 9.609e+01 1.139e+02 166 2 3 2.112e+02 2.508e+02 367 2 4 1.134e+02 1.386e+02 234 2 4 6.522e+01 1.028e+02 349 2 2 1.065e+02 1.455e+02 363 3 1 9.083e+00 3.292e+01 221 3 1 4.866e+01 7.734e+01 266
11289 0
11290 23 0 3 4.830e+02 4.830e+02 -8 0 4 5.026e+02 5.054e+02 26 0 2 5.449e+02 5.471e+02 20 0 4 5.880e+02 5.880e+02 -4 0 1 6.450e+02 6.570e+02 110 0 1 4.789e+02 4.871e+02 76 0 3 5.164e+02 5.336e+02 160 0 1 6.033e+02 6.147e+02 106 0 1 3.862e+02 4.118e+02 238 0 2 4.947e+02 5.133e+02 172 0 3 6.086e+02 6.094e+02 8 0 3 4.741e+02 4.919e+02 165 0 2 6.205e+02 6.395e+02 176 2 4 3.728e+02 3.832e+02 96 2 3 3.990e+02 3.990e+02 -1 2 1 5.180e+02 5.320e+02 130 2 2 6.663e+02 6.777e+02 106 2 2 4.926e+02 5.154e+02 212 2 3 5.184e+02 5.316e+02 122 2 4 4.935e+02 5.145e+02 196 3 3 2.100e+01 2.100e+01 -19 3 4 4.184e+01 4.216e+01 3 3 3 1.884e+02 1.896e+02 11
11291 10 0 3 2.310e+02 2.310e+02 -3 0 2 6.720e+02 6.720e+02 -17 0 3 5.170e+02 5.330e+02 149 0 4 6.712e+02 6.728e+02 16 0 2 4.865e+02 5.215e+02 325 1 4 6.281e+02 6.319e+02 36 1 1 6.051e+02 6.129e+02 73 1 3 5.958e+02 6.222e+02 246 1 2 6.132e+02 6.468e+02 311 2 4 4.200e+01 4.200e+01 -24
11292 56 0 3 4.410e+02 4.410e+02 -20 0 1 1.409e+02 1.531e+02 114 0 2 5.451e+02 5.469e+02 17 0 4 1.590e+02 1.770e+02 168 0 4 5.866e+02 5.894e+02 26 0 3 6.494e+02 6.526e+02 30 0 4 4.159e+02 4.241e+02 76 0 2 4.984e+02 5.096e+02 104 0 1 5.664e+02 5.676e+02 10 0 2 6.295e+02 6.305e+02 10 0 2 6.706e+02 6.734e+02 26 0 4 5.003e+02 5.077e+02 69 0 3 5.619e+02 5.721e+02 94 0 4 6.292e+02 6.308e+02 15 0 4 6.703e+02 6.737e+02 31 0 1 3.970e+02 4.010e+02 37 0 2 4.547e+02 4.693e+02 135 0 1 5.194e+02 5.306e+02 104 0 1 6.034e+02 6.146e+02 105 0 1 6.503e+02 6.517e+02 14 0 3 3.821e+02 4.159e+02 315 0 4 4.593e+02 4.647e+02 50 0 3 5.216e+02 5.284e+02 64 0 3 5.972e+02 6.208e+02 219 0 2 6.577e+02 6.863e+02 266 0 2 4.464e+02 4.776e+02 289 0 1 5.477e+02 5.863e+02 359 0 2 6.190e+02 6.410e+02 205 0 4 6.544e+02 6.896e+02 326 0 4 4.488e+02 4.752e+02 245 0 3 5.509e+02 5.831e+02 299 0 1 5.910e+02 6.270e+02 335 0 1 6.316e+02 6.704e+02 360 0 1 4.650e+02 5.010e+02 334 0 3 5.901e+02 6.279e+02 351 0 3 6.328e+02 6.692e+02 337 0 2 4.868e+02 5.212e+02 319 0 4 4.865e+02 5.215e+02 325 1 2 6.291e+02 6.309e+02 17 1 1 5.238e+02 5.262e+02 22 1 2 5.394e+02 5.526e+02 123 1 4 5.399e+02 5.521e+02 114 1 3 5.576e+02 5.764e+02 175 2 4 1.251e+02 1.269e+02 17 2 4 1.631e+02 1.729e+02 91 2 4 3.659e+01 4.741e+01 100 2 2 1.171e+02 1.349e+02 166 2 1 1.405e+02 1.535e+02 121 2 1 1.406e+01 2.794e+01 129 2 3 1.350e+02 1.590e+02 223 2 4 1.929e+02 2.271e+02 317 2 3 8.992e+00 3.301e+01 223 2 3 1.288e+02 1.652e+02 337 2 1 4.992e+01 7.608e+01 243 2 3 1.514e-01 4.185e+01 387 3 1 2.861e-01 4.171e+01 385
11293 7 1 2 1.229e+02 1.291e+02 57 1 2 7.836e+01 8.964e+01 105 1 4 1.236e+02 1.284e+02 45 1 4 5.322e+02 5.598e+02 256 1 3 8.366e+01 1.263e+02 396 1 1 1.279e+02 1.661e+02 355 1 3 1.260e+02 1.680e+02 390
11294 0
11295 0
11296 11 0 4 6.705e+02 6.735e+02 28 0 2 6.699e+02 6.741e+02 40 0 4 6.641e+02 6.799e+02 146 0 1 6.359e+02 6.661e+02 280 1 2 6.169e+02 6.431e+02 244 1 4 6.116e+02 6.484e+02 342 1 1 5.844e+02 6.336e+02 456 1 3 5.825e+02 6.355e+02 492 2 3 1.035e+02 1.065e+02 28 2 2 1.143e+02 1.377e+02 218 2 2 6.773e+01 1.003e+02 302
11297 1 2 2 2.029e+02 2.171e+02 132
11298 3 0 1 6.070e+02 6.110e+02 36 0 1 5.200e+02 5.300e+02 92 0 3 6.058e+02 6.122e+02 60
11299 9 2 4 2.839e+02 3.041e+02 188 2 3 3.025e+02 3.275e+02 232 3 3 5.241e+02 5.259e+02 17 3 1 6.074e+02 6.106e+02 30 3 1 5.240e+02 5.260e+02 18 3 2 5.875e+02 5.885e+02 10 3 4 5.789e+02 5.971e+02 169 3 4 5.271e+02 5.649e+02 351 3 3 5.506e+02 5.834e+02 305
11300 0
11301 14 0 1 3.939e+02 4.041e+02 94 0 1 5.657e+02 5.683e+02 25 0 2 6.279e+02 6.321e+02 39 0 1 6.462e+02 6.558e+02 89 0 3 3.957e+02 4.023e+02 62 0 4 4.992e+02 5.088e+02 89 0 3 5.670e+02 5.670e+02 -20 0 1 4.779e+02 4.881e+02 94 1 3 5.662e+02 5.678e+02 15 1 3 5.588e+02 5.752e+02 152 1 3 6.037e+02 6.143e+02 98 2 4 4.112e+01 4.288e+01 16 3 3 2.999e+02 3.301e+02 281 3 4 3.609e+02 3.951e+02 317
11302 8 0 2 6.696e+02 6.744e+02 44 2 2 4.121e+01 4.279e+01 15 2 2 1.639e+02 1.721e+02 76 2 4 3.215e+01 5.185e+01 183 2 3 1.351e+02 1.589e+02 220 2 3 6.882e+00 3.512e+01 262 2 1 1.291e+02 1.649e+02 332 2 1 4.713e+01 7.887e+01 295
11303 0
11304 1 0 4 6.697e+02 6.743e+02 43
11305 25 0 2 5.460e+02 5.460e+02 -22 0 2 3.690e+02 3.870e+02 166 0 3 6.471e+02 6.549e+02 73 0 1 1.676e+01 2.524e+01 79 0 1 3.891e+02 4.089e+02 183 0 4 6.163e+02 6.437e+02 255 0 1 6.459e+02 6.561e+02 94 0 3 3.907e+02 4.073e+02 154 1 2 4.997e+02 5.083e+02 80 1 2 5.875e+02 5.885e+02 10 1 1 6.059e+02 6.121e+02 57 1 4 5.880e+02 5.880e+02 -23 1 3 6.042e+02 6.138e+02 90 1 1 5.648e+02 5.692e+02 41 1 2 6.300e+02 6.300e+02 -20 1 2 5.791e+02 5.969e+02 166 1 4 6.275e+02 6.325e+02 46 1 2 5.392e+02 5.528e+02 126 1 2 6.177e+02 6.423e+02 228 1 1 5.539e+02 5.801e+02 243 1 4 6.176e+02 6.424e+02 230 1 3 5.545e+02 5.795e+02 232 1 3 5.947e+02 6.233e+02 265 2 4 4.919e+02 5.161e+02 225 2 1 4.662e+02 4.998e+02 312
11306 12 0 4 6.693e+02 6.747e+02 50 1 2 5.415e+02 5.505e+02 84 2 4 1.260e+02 1.260e+02 -7 2 3 5.454e+01 7.146e+01 157 2 4 8.312e+01 8.488e+01 16 2 1 1.442e+01 2.758e+01 122 2 3 1.017e+02 1.083e+02 62 2 3 1.329e+02 1.611e+02 262 2 1 5.140e+01 7.460e+01 216 2 2 7.612e+01 9.188e+01 146 2 4 7.289e+01 9.511e+01 206 2 3 8.693e+01 1.231e+02 336
11307 10 0 4 6.284e+02 6.316e+02 30 0 4 6.720e+02 6.720e+02 -4 0 2 6.710e+02 6.730e+02 18 0 2 6.590e+02 6.850e+02 242 0 1 6.315e+02 6.705e+02 361 0 3 6.317e+02 6.703e+02 358 1 4 6.223e+02 6.377e+02 142 2 4 5.415e+02 5.505e+02 83 2 3 5.560e+02 5.780e+02 205 2 2 5.275e+02 5.645e+02 344
11308 24 0 3 6.077e+02 6.103e+02 24 0 4 6.714e+02 6.726e+02 10 0 2 6.300e+02 6.300e+02 -1 0 1 6.485e+02 6.535e+02 46 0 4 6.282e+02 6.318e+02 34 0 3 6.498e+02 6.522e+02 23 0 1 6.013e+02 6.167e+02 144 0 2 6.706e+02 6.734e+02 26 0 2 6.189e+02 6.411e+02 206 0 1 6.322e+02 6.698e+02 349 0 1 5.897e+02 6.283e+02 359 0 3 6.319e+02 6.701e+02 354 0 4 6.528e+02 6.912e+02 357 2 3 9.896e+01 1.110e+02 112 2 1 5.494e+01 7.106e+01 150 2 3 5.880e+01 6.720e+01 78 2 2 6.926e+01 9.874e+01 274 2 1 1.465e+01 2.735e+01 118 2 3 9.800e+00 3.220e+01 208 2 2 2.838e+01 5.562e+01 253 2 4 2.802e+01 5.598e+01 260 3 1 3.941e+02 4.039e+02 90 3 2 4.094e+02 4.306e+02 196 3 3 3.937e+02 4.043e+02 99
11314 17 0 3 1.048e+02 1.052e+02 4 0 2 6.696e+02 6.744e+02 44 0 4 2.092e+02 2.108e+02 16 0 4 3.778e+02 3.782e+02 4 0 4 6.716e+02 6.724e+02 7 0 1 3.477e+02 3.663e+02 173 0 1 6.346e+02 6.674e+02 305 0 2 3.698e+02 3.862e+02 153 0 2 6.553e+02 6.887e+02 310 0 3 6.322e+02 6.698e+02 349 1 2 6.282e+02 6.318e+02 34 1 2 6.197e+02 6.403e+02 191 1 4 6.216e+02 6.384e+02 156 1 1 5.931e+02 6.249e+02 295 2 4 3.764e+02 3.796e+02 30 2 2 5.343e+02 5.577e+02 217 3 3 4.146e+00 3.785e+01 313
11315 11 0 1 5.606e+02 5.734e+02 118 0 4 5.846e+02 5.914e+02 63 0 1 6.447e+02 6.573e+02 117 0 3 6.429e+02 6.591e+02 150 0 3 5.535e+02 5.805e+02 251 0 2 6.581e+02 6.859e+02 259 0 4 6.605e+02 6.835e+02 213 2 4 3.767e+01 4.633e+01 80 2 4 6.122e+02 6.478e+02 331 2 2 6.524e+02 6.916e+02 364 2 4 6.544e+02 6.896e+02 326
11318 0
11319 11 2 3 3.554e+02 3.586e+02 30 2 3 1.599e+01 2.601e+01 93 2 3 1.880e+02 1.900e+02 18 2 2 2.041e+02 2.159e+02 110 2 4 3.342e+02 3.378e+02 34 2 1 1.039e+01 3.161e+01 197 2 4 2.100e+02 2.100e+02 -0 2 2 3.031e+01 5.369e+01 217 2 3 1.706e+02 2.074e+02 342 2 1 2.286e+02 2.334e+02 45 2 4 2.353e+01 6.047e+01 343
11320 2 0 4 1.657e+02 1.703e+02 42 2 2 1.188e+02 1.332e+02 134
11321 16 0 4 3.750e+02 3.810e+02 56 0 4 4.988e+02 5.092e+02 96 0 1 9.479e+01 1.152e+02 190 0 3 9.739e+01 1.126e+02 141 0 2 6.656e+02 6.784e+02 119 0 4 1.930e+02 2.270e+02 316 0 1 5.654e+02 5.686e+02 30 0 2 1.068e+02 1.452e+02 356 0 4 6.666e+02 6.774e+02 100 1 3 5.212e+02 5.288e+02 70 1 4 5.450e+02 5.470e+02 18 1 1 4.806e+02 4.854e+02 44 1 2 4.960e+02 5.120e+02 148 2 2 7.823e+01 8.977e+01 107 2 1 5.940e+00 3.606e+01 280 2 3 1.945e+00 4.005e+01 354
11323 22 0 4 3.259e+02 3.461e+02 187 1 3 1.464e+02 1.476e+02 10 1 2 1.219e+02 1.301e+02 76 1 4 1.095e+02 1.425e+02 307 2 3 9.645e+01 1.136e+02 159 2 2 5.875e+02 5.885e+02 9 2 4 7.060e+01 9.740e+01 249 2 3 5.536e+02 5.804e+02 249 2 4 5.786e+02 5.974e+02 174 3 4 2.512e+02 2.528e+02 15 3 3 6.086e+01 6.514e+01 40 3 2 3.358e+02 3.362e+02 4 3 1 2.692e+02 2.768e+02 70 3 4 8.400e+01 8.400e+01 -1 3 4 3.238e+02 3.482e+02 226 3 1 3.414e+02 3.726e+02 290 3 4 2.007e+02 2.193e+02 173 3 1 2.978e+00 3.902e+01 335 3 3 2.630e+02 2.830e+02 186 3 2 3.560e+01 4.840e+01 119 3 3 3.016e+02 3.284e+02 249 3 2 2.352e+02 2.688e+02 312
11324 7 2 3 3.111e+02 3.189e+02 72 2 2 3.331e+02 3.389e+02 54 2 2 1.234e+02 1.286e+02 48 2 3 1.372e+02 1.568e+02 181 2 4 1.217e+02 1.303e+02 80 2 4 2.791e+02 3.089e+02 277 2 1 3.424e+02 3.716e+02 271
11327 2 0 4 3.598e+02 3.962e+02 339 1 2 6.143e+02 6.457e+02 292
11328 9 0 2 6.270e+02 6.330e+02 56 0 4 6.299e+02 6.301e+02 1 0 4 2.343e+02 2.697e+02 330 0 1 5.944e+02 6.236e+02 270 0 2 6.578e+02 6.862e+02 263 0 3 5.907e+02 6.273e+02 340 0 4 6.559e+02 6.881e+02 300 2 1 1.658e+01 2.542e+01 82 2 3 1.079e+01 3.121e+01 190
11329 18 0 1 6.501e+02 6.519e+02 16 0 2 5.444e+02 5.476e+02 29 0 3 6.494e+02 6.526e+02 30 0 3 5.616e+02 5.724e+02 100 0 4 5.824e+02 5.936e+02 105 0 2 6.695e+02 6.745e+02 47 0 3 4.276e+02 4.544e+02 250 0 2 5.334e+02 5.586e+02 235 0 2 6.151e+02 6.449e+02 276 0 4 6.696e+02 6.744e+02 45 0 1 5.559e+02 5.781e+02 206 0 3 5.903e+02 6.277e+02 346 0 2 6.542e+02 6.898e+02 330 0 1 5.126e+02 5.374e+02 230 0 4 6.123e+02 6.477e+02 328 2 4 2.505e+02 2.535e+02 28 2 4 5.019e+02 5.061e+02 40 2 3 5.136e+02 5.364e+02 212
11330 10 0 4 4.581e+02 4.659e+02 73 0 2 6.637e+02 6.803e+02 155 1 1 5.899e+02 6.281e+02 355 2 4 8.119e+01 8.681e+01 52 2 4 4.553e+02 4.687e+02 125 2 3 1.024e+02 1.076e+02 48 2 1 1.438e+02 1.502e+02 60 2 3 4.678e+02 4.982e+02 281 2 2 1.238e+02 1.282e+02 40 2 1 1.359e+02 1.581e+02 206
11331 4 1 3 3.120e+02 3.180e+02 56 3 1 1.015e+02 1.085e+02 66 3 2 7.563e+01 9.237e+01 156 3 3 8.761e+01 1.224e+02 323
11333 35 0 4 6.246e+02 6.354e+02 100 0 1 5.661e+02 5.679e+02 16 0 1 5.194e+02 5.306e+02 105 0 2 5.377e+02 5.543e+02 155 1 2 6.272e+02 6.328e+02 52 1 4 5.841e+02 5.919e+02 73 1 4 6.295e+02 6.305e+02 9 1 3 5.965e+02 6.215e+02 233 1 4 6.104e+02 6.496e+02 365 2 3 1.038e+02 1.062e+02 23 2 3 1.470e+02 1.470e+02 -9 2 3 4.396e+02 4.424e+02 26 2 4 2.100e+02 2.100e+02 -4 2 2 4.557e+02 4.683e+02 117 2 3 6.082e+01 6.518e+01 40 2 2 6.240e+02 6.360e+02 112 2 4 1.219e+02 1.301e+02 76 2 1 6.406e+02 6.614e+02 193 2 4 1.664e+02 1.696e+02 29 2 3 4.308e+02 4.512e+02 189 2 2 2.036e+02 2.164e+02 118 2 4 4.588e+02 4.652e+02 59 2 2 2.905e+02 2.975e+02 65 2 4 4.076e+02 4.324e+02 230 2 4 7.612e+01 9.188e+01 146 2 1 4.236e+02 4.584e+02 324 2 1 1.410e+02 1.530e+02 111 2 1 2.287e+02 2.333e+02 43 2 4 2.837e+02 3.043e+02 191 2 2 1.200e+02 1.320e+02 111 2 2 1.606e+02 1.754e+02 137 2 3 2.207e+02 2.413e+02 191 2 3 2.626e+02 2.834e+02 193 2 4 1.590e+02 1.770e+02 166 3 1 4.821e+02 4.839e+02 16
11335 1 2 4 4.184e+01 4.216e+01 3
11336 0
