48113 5 2 3 2.247e+02 2.373e+02 116 2 4 2.031e+02 2.169e+02 129 2 3 5.614e+02 5.726e+02 104 2 4 5.785e+02 5.975e+02 176 2 1 -1.642e+00 4.364e+01 420
48114 15 0 1 6.477e+02 6.543e+02 60 0 3 6.436e+02 6.584e+02 138 0 2 6.575e+02 6.865e+02 269 0 4 6.604e+02 6.836e+02 216 2 2 8.218e+01 8.582e+01 34 2 4 5.440e+02 5.480e+02 36 2 1 1.631e+01 2.569e+01 87 2 3 6.026e+02 6.154e+02 119 2 4 7.702e+01 9.098e+01 130 2 3 5.631e+02 5.709e+02 73 2 3 1.375e+01 2.825e+01 135 2 3 5.950e+02 6.230e+02 260 2 3 4.718e+01 7.882e+01 294 2 4 6.170e+02 6.430e+02 240 2 1 4.395e+01 8.205e+01 354
48118 0
48119 41 0 2 2.520e+02 2.520e+02 -0 0 2 6.288e+02 6.312e+02 22 0 4 6.270e+02 6.330e+02 56 0 4 2.430e+02 2.610e+02 166 0 2 6.610e+02 6.830e+02 204 0 3 2.558e+02 2.902e+02 319 0 4 6.598e+02 6.842e+02 226 0 3 6.325e+02 6.695e+02 343 1 2 2.079e+02 2.121e+02 40 2 1 2.048e+01 2.152e+01 10 2 1 6.494e+02 6.526e+02 30 2 4 2.056e+02 2.144e+02 81 2 3 1.994e+01 2.206e+01 20 2 4 4.620e+02 4.620e+02 -5 2 3 2.290e+02 2.330e+02 38 2 3 5.242e+02 5.258e+02 16 2 4 2.795e+02 3.085e+02 269 2 2 5.842e+02 5.918e+02 70 2 2 4.134e+01 4.266e+01 12 2 2 2.494e+02 2.546e+02 48 2 4 4.189e+02 4.211e+02 20 2 1 2.593e+02 2.867e+02 255 2 3 4.808e+02 4.852e+02 40 2 4 2.900e+01 5.500e+01 241 2 2 5.396e+02 5.524e+02 120 2 1 4.529e+01 8.071e+01 329 2 2 6.246e+02 6.354e+02 100 2 3 4.328e+02 4.492e+02 152 2 4 4.985e+02 5.095e+02 101 2 3 5.113e+02 5.387e+02 255 2 3 5.977e+02 6.203e+02 210 2 2 4.495e+02 4.745e+02 231 2 4 5.363e+02 5.557e+02 180 2 4 5.709e+02 6.051e+02 318 2 3 4.720e+02 4.940e+02 205 2 1 5.565e+02 5.775e+02 196 2 1 4.669e+02 4.991e+02 299 2 3 5.475e+02 5.865e+02 363 3 2 3.982e+01 4.418e+01 40 3 1 1.850e+01 2.350e+01 46 3 1 3.069e+00 3.893e+01 333
48122 22 0 1 6.499e+02 6.521e+02 20 0 4 2.427e+02 2.613e+02 172 0 2 6.701e+02 6.739e+02 35 0 3 2.681e+02 2.779e+02 91 0 2 6.126e+02 6.474e+02 323 0 2 6.564e+02 6.876e+02 289 1 3 5.964e+02 6.216e+02 235 1 2 6.203e+02 6.397e+02 180 1 4 6.162e+02 6.438e+02 256 2 3 2.310e+02 2.310e+02 -12 2 2 8.400e+01 8.400e+01 -4 2 4 5.426e+02 5.494e+02 64 2 1 5.947e+01 6.653e+01 66 2 4 7.944e+01 8.856e+01 85 2 4 2.019e+02 2.181e+02 150 2 3 5.104e+01 7.496e+01 222 2 3 1.030e+02 1.070e+02 37 2 1 1.346e+02 1.594e+02 230 2 1 2.201e+02 2.419e+02 202 2 3 5.449e+00 3.655e+01 289 2 2 1.191e+02 1.329e+02 129 2 2 2.409e+02 2.631e+02 206
48123 6 0 1 3.979e+02 4.001e+02 20 0 2 3.658e+02 3.902e+02 227 1 1 5.597e+02 5.743e+02 135 1 2 5.851e+02 5.909e+02 55 1 4 5.831e+02 5.929e+02 91 1 3 5.898e+02 6.282e+02 356
48124 29 0 2 6.297e+02 6.303e+02 5 0 4 5.028e+02 5.052e+02 21 0 2 5.441e+02 5.479e+02 36 0 4 6.294e+02 6.306e+02 10 0 2 2.019e+02 2.181e+02 150 0 4 2.006e+02 2.194e+02 176 0 2 4.979e+02 5.101e+02 113 0 1 5.208e+02 5.292e+02 79 0 1 2.224e+02 2.396e+02 160 0 1 6.033e+02 6.147e+02 106 0 4 6.708e+02 6.732e+02 23 0 1 4.736e+02 4.924e+02 174 0 3 5.529e+02 5.811e+02 262 0 2 6.235e+02 6.365e+02 120 0 1 6.459e+02 6.561e+02 96 0 3 4.654e+02 5.006e+02 326 0 1 5.079e+02 5.421e+02 318 0 4 5.785e+02 5.975e+02 176 2 2 4.058e+01 4.342e+01 26 2 3 1.050e+02 1.050e+02 -3 2 4 3.753e+02 3.807e+02 50 2 4 4.193e+01 4.207e+01 1 2 1 5.848e+01 6.752e+01 84 2 4 6.970e+01 9.830e+01 266 2 1 1.245e+01 2.955e+01 159 2 2 1.111e+02 1.409e+02 276 2 3 5.108e+01 7.492e+01 221 2 1 4.459e+00 3.754e+01 307 2 3 7.017e+00 3.498e+01 260
48126 4 2 3 1.927e+01 2.273e+01 32 2 1 5.373e+01 7.227e+01 172 2 2 2.887e+01 5.513e+01 244 2 1 5.136e+00 3.686e+01 295
48130 11 0 2 6.145e+02 6.455e+02 287 0 4 3.604e+02 3.956e+02 326 0 4 4.444e+02 4.796e+02 327 0 1 5.058e+02 5.442e+02 356 0 4 6.170e+02 6.430e+02 241 0 3 5.021e+02 5.479e+02 425 0 1 5.824e+02 6.356e+02 494 0 2 5.223e+02 5.697e+02 440 2 2 2.842e+01 5.558e+01 252 2 4 6.979e+01 9.821e+01 264 2 4 2.717e+01 5.683e+01 276
48131 4 2 3 1.815e+01 2.385e+01 53 2 4 2.394e+02 2.646e+02 235 2 2 3.417e+01 4.983e+01 146 2 1 2.083e+00 3.992e+01 351
48135 0
48137 2 0 1 5.466e+02 5.874e+02 378 0 3 5.409e+02 5.931e+02 485
48138 2 1 4 7.442e+01 9.358e+01 178 1 1 1.360e+02 1.580e+02 205
48140 4 2 2 3.556e+01 4.844e+01 120 2 4 3.623e+01 4.777e+01 107 2 1 5.471e+01 7.129e+01 154 2 3 6.899e-01 4.131e+01 377
48141 26 0 2 6.266e+02 6.334e+02 64 0 2 3.645e+01 4.755e+01 103 0 4 6.270e+02 6.330e+02 56 0 4 3.596e+01 4.804e+01 112 0 1 6.030e+02 6.150e+02 112 0 3 4.960e+01 7.640e+01 249 0 2 6.564e+02 6.876e+02 289 0 4 6.159e+02 6.441e+02 262 0 1 4.754e+01 7.846e+01 287 0 4 6.529e+02 6.911e+02 356 0 1 5.949e+02 6.231e+02 261 0 3 5.916e+02 6.264e+02 323 0 2 6.142e+02 6.458e+02 293 2 4 3.299e+02 3.421e+02 113 2 1 1.761e+01 2.439e+01 63 2 2 1.236e+02 1.284e+02 45 2 4 4.542e+02 4.698e+02 146 2 2 3.736e+02 3.824e+02 82 2 4 4.069e+02 4.331e+02 243 2 3 5.386e+01 7.214e+01 170 2 3 1.020e+02 1.080e+02 56 2 2 2.820e+01 5.580e+01 256 2 2 1.163e+02 1.357e+02 180 2 1 1.314e+02 1.626e+02 290 2 4 6.953e+01 9.847e+01 269 3 4 3.300e+01 5.100e+01 167
48142 18 0 4 6.250e+02 6.350e+02 92 0 1 6.492e+02 6.528e+02 34 0 3 6.502e+02 6.518e+02 16 0 3 5.969e+02 6.211e+02 226 0 2 6.105e+02 6.495e+02 361 1 4 5.880e+02 5.880e+02 0 1 3 6.077e+02 6.103e+02 24 1 4 6.271e+02 6.329e+02 55 1 1 6.022e+02 6.158e+02 126 1 1 5.943e+02 6.237e+02 273 1 2 6.112e+02 6.488e+02 350 2 3 9.757e+01 1.124e+02 138 2 3 5.476e+01 7.124e+01 153 2 4 1.165e+02 1.355e+02 177 2 1 4.857e+01 7.743e+01 268 2 2 7.424e+01 9.376e+01 181 2 1 2.487e+00 3.951e+01 344 2 4 7.796e+01 9.004e+01 112
48144 10 0 4 6.671e+02 6.769e+02 90 0 3 4.364e+02 4.456e+02 86 0 1 5.221e+02 5.279e+02 54 0 2 6.675e+02 6.765e+02 84 0 3 5.161e+02 5.339e+02 166 0 1 6.349e+02 6.671e+02 300 0 1 3.804e+02 4.176e+02 345 0 2 5.323e+02 5.597e+02 254 0 3 6.361e+02 6.659e+02 277 2 4 1.541e+02 1.819e+02 258
48147 16 0 2 4.595e+02 4.645e+02 46 0 2 6.289e+02 6.311e+02 21 0 4 6.671e+02 6.769e+02 90 0 4 4.542e+02 4.698e+02 146 0 1 6.433e+02 6.587e+02 144 0 3 4.701e+02 4.959e+02 239 0 2 6.630e+02 6.810e+02 167 0 4 6.598e+02 6.842e+02 227 0 1 6.336e+02 6.684e+02 323 0 3 6.374e+02 6.646e+02 252 2 3 1.033e+02 1.067e+02 32 2 1 6.176e+01 6.424e+01 23 2 3 5.763e+01 6.837e+01 100 2 4 6.858e+01 9.942e+01 286 2 2 2.452e+01 5.948e+01 325 2 4 2.833e+01 5.567e+01 254
48149 10 0 4 1.432e+02 1.928e+02 461 1 2 6.196e+02 6.404e+02 193 1 3 1.365e+02 1.575e+02 195 1 4 6.217e+02 6.383e+02 154 1 3 5.940e+02 6.240e+02 278 2 1 4.749e+02 4.911e+02 150 2 2 4.980e+02 5.100e+02 111 2 3 4.718e+02 4.942e+02 207 2 4 4.422e+02 4.818e+02 367 3 1 6.241e+02 6.779e+02 500
48150 15 0 1 5.648e+02 5.692e+02 41 0 4 5.868e+02 5.892e+02 23 0 4 5.773e+02 5.987e+02 198 1 2 6.088e+02 6.512e+02 393 2 2 3.986e+01 4.414e+01 40 2 3 2.716e+02 2.744e+02 26 2 3 5.117e+01 7.483e+01 220 2 2 7.392e+01 9.408e+01 187 2 4 2.353e+02 2.687e+02 310 2 1 2.640e+02 2.820e+02 166 2 2 1.824e+01 6.576e+01 441 2 4 6.755e+01 1.005e+02 306 2 2 2.798e+02 3.082e+02 264 2 1 4.345e+01 8.255e+01 363 2 3 4.036e+01 8.564e+01 420
48151 2 0 1 6.498e+02 6.522e+02 22 0 2 6.151e+02 6.449e+02 277
48152 0
48155 10 2 2 3.278e+02 3.442e+02 153 2 4 3.253e+02 3.467e+02 200 2 1 3.430e+02 3.710e+02 260 2 3 3.452e+02 3.688e+02 220 3 1 3.985e+02 3.995e+02 10 3 3 3.143e+02 3.157e+02 12 3 3 3.926e+02 4.054e+02 120 3 4 3.265e+02 3.455e+02 177 3 2 3.651e+02 3.909e+02 240 3 4 3.632e+02 3.928e+02 275
48156 3 0 4 6.254e+02 6.346e+02 86 0 2 6.208e+02 6.392e+02 170 0 2 6.534e+02 6.906e+02 346
48158 8 0 3 5.658e+02 5.682e+02 23 0 4 5.866e+02 5.894e+02 26 0 3 5.553e+02 5.787e+02 217 2 3 1.455e+02 1.485e+02 28 2 4 1.174e+02 1.346e+02 160 2 2 1.621e+02 1.739e+02 110 2 1 1.376e+02 1.564e+02 176 2 1 -1.508e+00 4.351e+01 418
48160 4 0 3 5.207e+02 5.293e+02 80 2 2 8.209e+01 8.591e+01 36 2 4 7.769e+01 9.031e+01 117 2 3 4.556e+01 8.044e+01 324
