915 3 0 3 2.100e+01 2.100e+01 -10 1 1 1.470e+02 1.470e+02 0 1 2 1.166e+02 1.354e+02 175
916 49 0 4 2.500e+02 2.540e+02 38 0 4 5.036e+02 5.044e+02 7 0 2 6.713e+02 6.727e+02 13 0 1 3.567e+02 3.573e+02 6 0 3 3.922e+02 4.058e+02 127 0 2 3.692e+02 3.868e+02 163 0 4 6.706e+02 6.734e+02 26 0 4 4.081e+02 4.319e+02 221 0 3 6.360e+02 6.660e+02 279 1 2 6.203e+02 6.397e+02 180 1 4 5.260e+02 5.660e+02 372 1 4 6.149e+02 6.451e+02 280 2 2 3.350e+02 3.370e+02 18 2 1 3.979e+02 4.001e+02 20 2 3 6.266e+01 6.334e+01 6 2 2 5.439e+02 5.481e+02 40 2 2 8.227e+01 8.573e+01 32 2 2 1.663e+02 1.697e+02 31 2 3 3.960e+02 4.020e+02 56 2 4 2.927e+02 2.953e+02 25 2 2 4.961e+02 5.119e+02 147 2 4 3.716e+02 3.844e+02 118 2 2 4.176e+02 4.224e+02 46 2 2 4.153e+01 4.247e+01 9 2 2 5.262e+02 5.658e+02 368 2 4 8.326e+01 8.474e+01 14 2 4 4.198e+02 4.202e+02 3 2 1 1.437e+02 1.503e+02 62 2 4 4.092e+02 4.308e+02 200 2 2 2.050e+02 2.150e+02 92 2 1 4.316e+02 4.504e+02 175 2 3 3.108e+02 3.192e+02 79 2 3 3.816e+02 4.164e+02 323 2 2 3.661e+02 3.899e+02 220 2 4 3.820e+01 4.580e+01 70 2 3 1.012e+02 1.088e+02 70 2 3 1.387e+02 1.553e+02 154 2 1 2.229e+02 2.391e+02 150 2 1 6.091e+01 6.509e+01 39 2 4 1.234e+02 1.286e+02 49 2 1 1.744e+02 2.036e+02 271 2 3 2.229e+02 2.391e+02 150 2 1 1.056e+01 3.144e+01 194 2 4 1.114e+02 1.406e+02 270 2 4 1.967e+02 2.233e+02 246 2 3 1.622e+01 2.578e+01 89 2 2 1.078e+02 1.442e+02 339 2 3 5.896e+00 3.610e+01 280 3 4 7.926e+01 8.874e+01 88
917 12 0 4 6.686e+02 6.754e+02 63 0 1 6.499e+02 6.521e+02 21 0 3 6.476e+02 6.544e+02 64 0 2 6.660e+02 6.780e+02 111 0 1 6.387e+02 6.633e+02 228 0 2 6.531e+02 6.909e+02 350 0 4 6.555e+02 6.885e+02 306 1 1 6.090e+02 6.090e+02 -19 2 2 3.645e+01 4.755e+01 103 2 4 3.744e+01 4.656e+01 85 2 1 5.207e+01 7.393e+01 203 2 3 1.767e+00 4.023e+01 357
919 6 0 4 6.280e+02 6.320e+02 38 0 3 5.501e+02 5.839e+02 315 0 3 6.332e+02 6.688e+02 330 2 4 4.049e+01 4.351e+01 28 2 4 1.193e+02 1.327e+02 124 2 3 1.339e+02 1.601e+02 244
920 5 0 4 6.281e+02 6.319e+02 35 0 4 4.571e+02 4.669e+02 90 0 4 6.611e+02 6.829e+02 203 2 3 6.158e+01 6.442e+01 26 2 4 2.811e+01 5.589e+01 258
921 6 0 2 1.664e+02 1.696e+02 30 0 1 1.463e+02 1.477e+02 12 0 4 5.790e+02 5.970e+02 166 0 3 1.748e+02 2.032e+02 263 0 4 1.537e+02 1.823e+02 266 2 1 9.396e+00 3.260e+01 216
922 6 0 2 6.590e+02 6.850e+02 241 2 4 8.267e+01 8.533e+01 25 2 4 2.903e+02 2.977e+02 68 2 4 3.600e+02 3.960e+02 334 3 4 1.661e+02 1.699e+02 35 3 1 5.125e+02 5.375e+02 232
923 6 0 4 6.119e+02 6.481e+02 336 0 4 5.730e+02 6.030e+02 278 0 3 5.892e+02 6.288e+02 367 0 3 6.284e+02 6.736e+02 420 2 3 1.850e+01 2.350e+01 46 2 4 2.321e+01 6.079e+01 349
924 2 2 3 1.388e+02 1.552e+02 151 2 4 7.186e+01 9.614e+01 226
925 16 0 3 3.958e+02 4.022e+02 60 0 4 4.092e+02 4.308e+02 200 0 2 3.608e+02 3.952e+02 319 1 4 6.297e+02 6.303e+02 6 1 2 6.237e+02 6.363e+02 117 1 1 4.338e+02 4.482e+02 133 1 1 5.997e+02 6.183e+02 173 1 3 5.929e+02 6.251e+02 300 2 4 5.455e+02 5.465e+02 9 2 1 1.833e+01 2.367e+01 50 2 4 4.556e+02 4.684e+02 119 2 4 8.119e+01 8.681e+01 52 2 1 4.808e+02 4.852e+02 40 2 4 3.004e+01 5.396e+01 222 2 4 4.999e+02 5.081e+02 76 2 2 4.567e+02 4.673e+02 99
926 16 0 4 5.874e+02 5.886e+02 10 0 2 6.717e+02 6.723e+02 6 0 2 4.615e+02 4.625e+02 10 0 1 6.509e+02 6.511e+02 1 0 1 4.302e+02 4.518e+02 201 0 3 4.741e+02 4.919e+02 165 0 3 5.907e+02 6.273e+02 340 0 3 6.473e+02 6.547e+02 68 0 2 4.851e+02 5.229e+02 351 0 4 6.584e+02 6.856e+02 252 0 4 4.429e+02 4.811e+02 355 1 2 6.293e+02 6.307e+02 13 1 4 6.250e+02 6.350e+02 92 2 4 2.466e+02 2.574e+02 100 2 3 5.795e+01 6.805e+01 94 2 4 2.779e+01 5.621e+01 264
927 10 0 2 6.713e+02 6.727e+02 13 0 4 4.530e+02 4.710e+02 167 0 4 6.690e+02 6.750e+02 56 0 1 6.315e+02 6.705e+02 363 1 4 6.151e+02 6.449e+02 277 2 3 1.040e+02 1.060e+02 19 2 1 6.300e+01 6.300e+01 -2 2 4 7.679e+01 9.121e+01 134 2 3 1.101e+01 3.099e+01 186 2 4 1.122e+02 1.398e+02 256
928 6 1 1 5.640e+02 5.700e+02 56 1 2 5.737e+02 6.023e+02 266 2 1 1.424e+02 1.516e+02 85 2 4 1.603e+02 1.757e+02 144 2 3 1.360e+02 1.580e+02 205 2 2 1.559e+02 1.801e+02 224
929 0
930 4 0 2 5.438e+02 5.482e+02 40 2 3 6.300e+01 6.300e+01 -8 2 2 3.829e+01 4.571e+01 69 2 4 3.421e+01 4.979e+01 145
931 0
932 2 2 4 5.869e+02 5.891e+02 20 2 3 1.786e+02 1.994e+02 194
933 4 0 2 5.022e+02 5.058e+02 34 0 4 4.983e+02 5.097e+02 106 0 1 4.650e+02 5.010e+02 335 0 3 5.074e+02 5.426e+02 326
934 20 0 2 6.267e+02 6.333e+02 61 0 4 4.168e+02 4.232e+02 59 0 3 5.638e+02 5.702e+02 59 0 4 6.214e+02 6.386e+02 160 0 3 6.448e+02 6.572e+02 115 0 4 4.101e+02 4.299e+02 183 0 2 5.412e+02 5.508e+02 90 0 1 6.393e+02 6.627e+02 218 0 1 5.552e+02 5.788e+02 219 0 2 6.058e+02 6.542e+02 450 0 2 6.614e+02 6.826e+02 197 0 4 6.038e+02 6.562e+02 487 0 4 6.587e+02 6.853e+02 247 1 3 5.593e+02 5.747e+02 142 1 3 5.480e+02 5.860e+02 353 1 3 5.947e+02 6.233e+02 265 1 2 5.685e+02 6.075e+02 363 1 2 5.265e+02 5.655e+02 362 1 1 5.487e+02 5.853e+02 340 2 1 -5.815e+00 4.782e+01 498
935 2 0 3 2.238e+02 2.382e+02 134 2 4 2.860e+02 3.020e+02 149
936 8 2 3 1.886e+02 1.894e+02 7 2 4 6.117e+02 6.483e+02 340 3 1 5.662e+02 5.678e+02 15 3 3 5.615e+02 5.725e+02 101 3 3 5.179e+02 5.321e+02 131 3 2 5.770e+02 5.990e+02 204 3 4 5.326e+02 5.594e+02 249 3 2 5.291e+02 5.629e+02 315
937 23 0 1 4.830e+02 4.830e+02 0 0 4 5.007e+02 5.073e+02 61 0 4 6.665e+02 6.775e+02 101 0 1 3.490e+02 3.650e+02 149 0 3 4.739e+02 4.921e+02 170 0 2 3.231e+02 3.489e+02 240 0 1 5.544e+02 5.796e+02 234 0 4 5.764e+02 5.996e+02 216 0 4 3.614e+02 3.946e+02 309 0 1 6.428e+02 6.592e+02 153 0 3 5.961e+02 6.219e+02 240 0 3 6.396e+02 6.624e+02 212 0 2 6.622e+02 6.818e+02 182 0 2 6.533e+02 6.907e+02 348 1 4 6.300e+02 6.300e+02 -0 1 4 5.452e+02 5.468e+02 15 1 2 6.173e+02 6.427e+02 236 2 4 1.612e+02 1.748e+02 126 2 4 3.681e+01 4.719e+01 96 2 3 1.844e+02 1.936e+02 86 2 1 5.449e+01 7.151e+01 158 2 3 5.553e+01 7.047e+01 139 2 2 2.331e+01 6.069e+01 347
938 0
939 11 0 4 6.680e+02 6.760e+02 75 0 2 6.195e+02 6.405e+02 196 0 1 6.487e+02 6.533e+02 43 0 4 6.123e+02 6.477e+02 329 0 3 6.470e+02 6.550e+02 75 0 2 6.692e+02 6.748e+02 51 0 1 6.307e+02 6.713e+02 377 1 2 6.280e+02 6.320e+02 38 1 4 6.285e+02 6.315e+02 27 1 2 6.125e+02 6.475e+02 325 3 1 9.937e+01 1.106e+02 105
940 27 0 3 6.062e+02 6.118e+02 51 0 4 6.706e+02 6.734e+02 26 0 2 5.393e+02 5.527e+02 124 0 2 6.289e+02 6.311e+02 20 0 1 6.498e+02 6.522e+02 23 0 1 5.105e+02 5.395e+02 269 0 4 6.272e+02 6.328e+02 51 0 3 6.477e+02 6.543e+02 61 0 2 6.222e+02 6.378e+02 146 0 2 6.674e+02 6.766e+02 85 0 2 6.112e+02 6.488e+02 350 0 3 6.379e+02 6.641e+02 244 0 4 5.696e+02 6.064e+02 342 0 3 6.313e+02 6.707e+02 366 1 4 6.299e+02 6.301e+02 2 1 3 5.229e+02 5.271e+02 39 1 4 5.828e+02 5.932e+02 97 1 1 6.083e+02 6.097e+02 14 1 2 5.390e+02 5.530e+02 130 1 3 6.035e+02 6.145e+02 101 1 3 5.494e+02 5.846e+02 327 1 2 6.152e+02 6.448e+02 275 2 4 2.937e+02 2.943e+02 6 2 3 5.628e+02 5.712e+02 77 2 2 2.442e+02 2.598e+02 145 2 3 7.286e+00 3.471e+01 255 2 4 5.339e+02 5.581e+02 224
943 5 0 2 4.985e+02 5.095e+02 101 0 4 4.897e+02 5.183e+02 266 0 1 5.090e+02 5.410e+02 296 2 3 3.980e+02 4.000e+02 18 2 4 3.712e+02 3.848e+02 126
944 11 0 1 6.086e+02 6.094e+02 8 0 1 6.449e+02 6.571e+02 114 0 4 6.260e+02 6.340e+02 75 0 2 6.192e+02 6.408e+02 201 1 1 1.431e+02 1.509e+02 73 1 2 1.545e+02 1.815e+02 251 2 1 1.448e+02 1.492e+02 40 2 4 1.214e+02 1.306e+02 86 2 2 1.108e+02 1.412e+02 282 2 3 1.279e+02 1.661e+02 354 2 3 8.581e+01 1.242e+02 356
945 1 0 4 2.679e+02 3.201e+02 484
946 2 0 1 3.381e+02 3.759e+02 351 1 1 5.192e+02 5.308e+02 108
947 7 0 3 5.236e+02 5.264e+02 26 0 3 6.056e+02 6.124e+02 64 0 3 9.034e+01 1.197e+02 272 0 2 5.282e+02 5.638e+02 330 0 1 5.981e+02 6.199e+02 202 0 4 5.676e+02 6.084e+02 379 3 1 3.091e+02 3.209e+02 110
948 4 0 4 2.046e+02 2.154e+02 100 2 3 1.050e+02 1.050e+02 -5 2 4 1.191e+02 1.329e+02 129 2 3 9.340e+01 1.166e+02 216
949 8 0 4 2.466e+02 2.574e+02 100 0 2 1.256e+02 1.264e+02 7 0 3 2.242e+02 2.378e+02 126 0 2 3.225e+02 3.495e+02 251 0 1 6.417e+02 6.603e+02 172 0 1 5.970e+02 6.210e+02 222 0 3 6.415e+02 6.605e+02 176 0 3 4.278e+02 4.542e+02 245
950 2 2 4 4.011e+02 4.389e+02 350 3 1 1.976e+01 2.224e+01 23
951 8 1 4 6.098e+02 6.502e+02 375 2 1 6.113e+01 6.487e+01 35 2 3 1.006e+02 1.094e+02 81 2 4 7.504e+01 9.296e+01 166 2 4 1.540e+02 1.820e+02 260 2 4 4.075e+02 4.325e+02 232 2 4 2.781e+02 3.099e+02 295 2 2 1.063e+02 1.457e+02 366
952 12 0 4 4.972e+02 5.108e+02 126 0 3 5.568e+02 5.772e+02 189 0 4 4.881e+02 5.199e+02 295 0 2 5.338e+02 5.582e+02 226 0 2 4.460e+02 4.780e+02 296 0 1 5.494e+02 5.846e+02 326 0 4 4.441e+02 4.799e+02 332 0 3 4.639e+02 5.021e+02 356 3 4 5.448e+02 5.472e+02 22 3 4 6.691e+02 6.749e+02 55 3 1 4.782e+02 4.878e+02 90 3 1 4.340e+02 4.480e+02 130
953 30 0 3 2.110e+02 2.510e+02 372 0 2 2.279e+02 2.761e+02 447 0 1 2.078e+02 2.542e+02 431 1 3 5.632e+02 5.708e+02 70 1 2 6.207e+02 6.393e+02 172 1 1 5.961e+02 6.219e+02 239 1 3 5.919e+02 6.261e+02 318 2 2 4.179e+02 4.221e+02 40 2 2 8.321e+01 8.479e+01 15 2 3 2.299e+02 2.321e+02 21 2 1 4.396e+02 4.424e+02 26 2 4 2.905e+02 2.975e+02 65 2 2 4.530e+02 4.710e+02 167 2 3 3.567e+02 3.573e+02 6 2 3 3.911e+02 4.069e+02 147 2 4 3.780e+01 4.620e+01 78 2 4 4.555e+02 4.685e+02 121 2 4 7.419e+01 9.381e+01 182 2 3 4.694e+02 4.966e+02 252 2 3 1.437e+02 1.503e+02 62 2 3 3.129e+02 3.171e+02 40 2 2 3.343e+02 3.377e+02 31 2 2 3.215e+01 5.185e+01 183 2 4 1.591e+02 1.769e+02 165 2 3 3.059e+02 3.241e+02 170 2 4 3.635e+02 3.925e+02 270 2 3 5.018e+01 7.582e+01 238 2 3 1.363e+02 1.577e+02 199 2 3 5.267e+00 3.673e+01 292 2 1 4.749e+01 7.851e+01 288
954 8 0 2 6.282e+02 6.318e+02 33 0 3 6.029e+02 6.151e+02 114 0 1 6.382e+02 6.638e+02 237 0 2 6.217e+02 6.383e+02 155 0 4 6.135e+02 6.465e+02 306 0 1 5.913e+02 6.267e+02 330 2 3 3.742e+00 3.826e+01 320 3 1 5.920e+01 6.680e+01 70
955 77 0 3 4.814e+02 4.846e+02 30 0 4 2.931e+02 2.949e+02 17 0 3 5.247e+02 5.253e+02 6 0 4 3.775e+02 3.785e+02 10 0 4 5.860e+02 5.900e+02 36 0 1 2.720e+02 2.740e+02 18 0 3 2.680e+02 2.780e+02 93 0 2 4.550e+02 4.690e+02 130 0 4 3.611e+02 3.949e+02 313 0 2 5.454e+02 5.466e+02 10 0 2 2.876e+02 3.004e+02 119 0 3 6.090e+02 6.090e+02 0 0 1 3.016e+02 3.284e+02 250 0 2 2.783e+02 3.097e+02 292 0 1 4.748e+02 4.912e+02 151 0 3 5.656e+02 5.684e+02 26 0 2 6.257e+02 6.343e+02 80 0 3 6.493e+02 6.527e+02 32 0 2 4.926e+02 5.154e+02 211 0 1 5.226e+02 5.274e+02 44 0 1 6.046e+02 6.134e+02 81 0 2 6.698e+02 6.742e+02 41 0 1 4.680e+02 4.980e+02 278 0 1 5.525e+02 5.815e+02 270 0 4 6.212e+02 6.388e+02 164 0 4 4.879e+02 5.201e+02 300 0 4 5.712e+02 6.048e+02 311 0 4 6.661e+02 6.779e+02 110 0 1 6.372e+02 6.648e+02 257 0 3 6.368e+02 6.652e+02 263 0 2 6.537e+02 6.903e+02 340 0 4 6.574e+02 6.866e+02 271 1 4 5.449e+02 5.471e+02 20 1 3 6.090e+02 6.090e+02 -3 1 3 5.627e+02 5.713e+02 80 1 2 6.288e+02 6.312e+02 23 1 1 5.132e+02 5.368e+02 219 1 2 5.880e+02 5.880e+02 -7 1 4 6.300e+02 6.300e+02 -4 1 4 5.868e+02 5.892e+02 23 1 1 6.081e+02 6.099e+02 17 1 2 5.329e+02 5.591e+02 244 1 1 5.530e+02 5.810e+02 260 1 3 5.488e+02 5.852e+02 338 2 3 1.044e+02 1.056e+02 10 2 2 2.519e+02 2.521e+02 1 2 4 4.188e+02 4.212e+02 21 2 1 3.117e+02 3.183e+02 60 2 2 4.596e+02 4.644e+02 44 2 4 3.776e+02 3.784e+02 7 2 4 5.390e+02 5.530e+02 130 2 4 4.179e+01 4.221e+01 4 2 3 4.290e+02 4.530e+02 222 2 2 1.259e+02 1.261e+02 1 2 1 4.797e+02 4.863e+02 61 2 3 1.890e+02 1.890e+02 -1 2 4 4.442e+02 4.798e+02 330 2 4 2.089e+02 2.111e+02 20 2 1 2.710e+02 2.750e+02 36 2 1 2.100e+01 2.100e+01 -24 2 4 1.251e+02 1.269e+02 16 2 1 1.467e+02 1.473e+02 5 2 3 2.285e+02 2.335e+02 46 2 2 2.905e+02 2.975e+02 66 2 3 2.021e+01 2.179e+01 15 2 4 6.854e+01 9.946e+01 287 2 4 1.626e+02 1.734e+02 100 2 2 2.040e+02 2.160e+02 112 2 3 2.656e+02 2.804e+02 138 2 2 3.677e+01 4.723e+01 97 2 3 1.366e+02 1.574e+02 194 2 4 2.809e+02 3.071e+02 243 2 1 5.741e+01 6.859e+01 104 2 1 2.964e+02 3.336e+02 346 2 3 4.973e+01 7.627e+01 246 2 3 2.566e+02 2.894e+02 305 3 4 4.063e+01 4.337e+01 26
956 3 0 3 6.063e+02 6.117e+02 50 0 1 6.006e+02 6.174e+02 156 0 4 5.737e+02 6.023e+02 266
957 10 2 3 1.009e+02 1.091e+02 76 2 2 1.152e+02 1.368e+02 200 2 4 1.134e+02 1.386e+02 234 2 4 6.688e+01 1.011e+02 318 2 2 1.089e+02 1.431e+02 318 3 1 3.099e+02 3.201e+02 94 3 2 4.108e+02 4.292e+02 170 3 3 3.128e+02 3.172e+02 41 3 4 3.315e+02 3.405e+02 83 3 2 2.750e+02 3.130e+02 353
958 21 0 1 6.374e+02 6.646e+02 252 0 4 3.608e+02 3.952e+02 320 0 2 4.904e+02 5.176e+02 253 0 3 2.594e+02 2.866e+02 252 0 4 6.067e+02 6.533e+02 432 0 3 6.346e+02 6.674e+02 304 0 3 5.016e+02 5.484e+02 435 0 4 6.516e+02 6.924e+02 378 0 4 4.771e+02 5.309e+02 499 0 1 6.314e+02 6.706e+02 364 0 2 6.470e+02 6.970e+02 464 1 1 1.868e+02 1.912e+02 41 1 2 2.071e+02 2.129e+02 55 1 2 1.964e+02 2.236e+02 252 2 4 4.184e+02 4.216e+02 30 2 3 5.270e+01 7.330e+01 191 2 2 2.331e+01 6.069e+01 347 2 4 4.046e+02 4.354e+02 286 2 1 -2.272e+00 4.427e+01 432 2 3 2.083e+00 3.992e+01 351 2 4 1.801e+01 6.599e+01 446
