46315 11 0 4 6.700e+02 6.740e+02 38 0 1 5.602e+02 5.738e+02 126 0 2 6.680e+02 6.760e+02 75 0 1 6.411e+02 6.609e+02 185 0 2 6.607e+02 6.833e+02 210 0 4 6.587e+02 6.853e+02 246 1 3 6.035e+02 6.145e+02 101 1 2 4.489e+02 4.751e+02 244 1 2 6.236e+02 6.364e+02 118 2 2 2.939e+02 2.941e+02 1 2 4 2.377e+02 2.663e+02 266
46318 0
46320 16 0 1 6.363e+02 6.657e+02 272 0 3 6.335e+02 6.685e+02 325 0 2 6.510e+02 6.930e+02 390 1 3 6.075e+02 6.105e+02 27 1 2 5.855e+02 5.905e+02 46 1 4 6.272e+02 6.328e+02 51 1 1 5.483e+02 5.857e+02 346 2 1 1.518e+01 2.682e+01 108 2 3 4.737e+02 4.923e+02 172 2 3 1.994e+01 2.206e+01 20 2 2 4.972e+02 5.108e+02 126 2 4 6.988e+01 9.812e+01 262 2 2 3.403e+01 4.997e+01 148 2 2 6.302e+01 1.050e+02 390 2 4 2.663e+01 5.737e+01 286 2 3 8.415e+01 1.258e+02 387
46326 9 2 3 1.406e+02 1.534e+02 119 2 2 1.541e+02 1.819e+02 259 2 4 4.837e+02 5.243e+02 377 2 4 1.081e+02 1.439e+02 332 3 1 3.962e+02 4.018e+02 51 3 4 5.842e+02 5.918e+02 70 3 3 6.027e+02 6.153e+02 116 3 1 3.843e+02 4.137e+02 274 3 2 5.793e+02 5.967e+02 162
46332 6 2 1 4.811e+02 4.849e+02 36 2 4 2.939e+02 2.941e+02 2 2 1 6.421e+02 6.599e+02 166 2 1 3.131e+02 3.169e+02 36 2 3 3.057e+02 3.243e+02 172 2 2 2.819e+02 3.061e+02 226
46335 21 0 1 5.670e+02 5.670e+02 -20 0 1 3.117e+02 3.183e+02 61 0 4 5.880e+02 5.880e+02 -21 0 4 3.775e+02 3.785e+02 9 0 1 6.490e+02 6.530e+02 37 0 2 3.348e+02 3.372e+02 22 0 4 5.040e+02 5.040e+02 0 0 3 6.483e+02 6.537e+02 50 0 2 4.932e+02 5.148e+02 200 0 2 6.162e+02 6.438e+02 256 0 4 6.631e+02 6.809e+02 166 0 3 4.692e+02 4.968e+02 256 0 3 5.506e+02 5.834e+02 305 0 4 6.133e+02 6.467e+02 310 0 2 6.590e+02 6.850e+02 241 2 4 3.663e+01 4.737e+01 100 3 3 6.072e+02 6.108e+02 33 3 2 6.672e+02 6.768e+02 89 3 3 6.375e+02 6.645e+02 250 3 4 6.654e+02 6.786e+02 123 3 1 6.335e+02 6.685e+02 325
46337 6 0 3 4.827e+02 4.833e+02 6 0 2 5.024e+02 5.056e+02 30 0 3 5.185e+02 5.315e+02 120 0 1 6.616e+00 3.538e+01 267 0 2 6.571e+02 6.869e+02 277 0 4 6.558e+02 6.882e+02 300
46339 5 0 1 2.293e+02 2.327e+02 31 0 3 2.700e+02 2.760e+02 56 0 3 5.183e+02 5.317e+02 125 0 2 2.502e+02 2.538e+02 34 0 4 2.842e+02 3.038e+02 182
46342 2 0 1 6.027e+02 6.153e+02 116 0 4 5.741e+02 6.019e+02 259
46343 13 0 4 2.044e+02 2.156e+02 104 1 2 5.009e+02 5.071e+02 57 2 3 6.078e+02 6.102e+02 22 2 3 1.200e+01 3.000e+01 167 2 4 4.174e+02 4.226e+02 48 2 2 4.557e+02 4.683e+02 117 2 4 6.103e+02 6.497e+02 366 2 3 4.325e+02 4.495e+02 157 2 4 4.865e+02 5.215e+02 326 2 3 5.087e+02 5.413e+02 303 2 1 4.215e+02 4.605e+02 361 2 4 4.431e+02 4.809e+02 351 3 3 4.996e+01 7.604e+01 242
46345 0
46347 9 1 4 6.288e+02 6.312e+02 22 1 1 6.055e+02 6.125e+02 66 1 1 5.994e+02 6.186e+02 178 1 3 5.990e+02 6.190e+02 186 1 2 6.194e+02 6.406e+02 197 3 2 4.049e+01 4.351e+01 28 3 2 8.272e+01 8.528e+01 24 3 1 1.133e+01 3.067e+01 180 3 2 3.035e+01 5.365e+01 216
46348 6 0 1 6.466e+02 6.554e+02 82 0 3 6.466e+02 6.554e+02 82 0 2 6.138e+02 6.462e+02 301 0 4 6.127e+02 6.473e+02 320 2 4 4.107e+01 4.293e+01 17 2 4 4.423e+02 4.817e+02 366
46350 30 0 1 5.655e+02 5.685e+02 27 0 2 6.290e+02 6.310e+02 19 0 1 1.462e+02 1.478e+02 16 0 3 5.642e+02 5.698e+02 51 0 4 2.089e+02 2.111e+02 20 0 4 6.282e+02 6.318e+02 34 0 4 2.880e+02 3.000e+02 111 0 2 6.698e+02 6.742e+02 40 0 3 1.767e+02 2.013e+02 228 0 2 1.910e+02 2.290e+02 353 0 3 4.372e+02 4.448e+02 71 0 2 1.478e+02 1.882e+02 375 0 1 5.593e+02 5.747e+02 142 0 1 1.700e+02 2.080e+02 353 0 4 6.188e+02 6.412e+02 209 0 4 6.677e+02 6.763e+02 80 0 4 4.453e+02 4.787e+02 310 0 1 5.915e+02 6.265e+02 326 0 1 6.435e+02 6.585e+02 139 0 3 6.413e+02 6.607e+02 180 0 2 6.596e+02 6.844e+02 230 0 3 6.359e+02 6.661e+02 280 1 4 6.270e+02 6.330e+02 56 1 3 5.996e+02 6.184e+02 175 1 2 5.759e+02 6.001e+02 226 1 1 6.266e+01 6.334e+01 6 2 3 1.833e+01 2.367e+01 50 2 1 1.258e+01 2.942e+01 156 2 4 7.926e+01 8.874e+01 88 2 1 2.443e+00 3.956e+01 345
46351 10 0 1 6.455e+02 6.565e+02 101 0 4 6.641e+02 6.799e+02 146 0 3 6.395e+02 6.625e+02 214 0 4 4.010e+02 4.390e+02 352 0 2 6.588e+02 6.852e+02 246 1 2 6.198e+02 6.402e+02 190 2 1 1.492e+01 2.708e+01 113 2 3 1.375e+01 2.825e+01 135 2 4 3.515e+01 4.885e+01 127 2 3 7.017e+00 3.498e+01 260
46353 2 0 2 4.958e+02 5.122e+02 153 2 2 1.259e+02 1.261e+02 2
46354 3 2 3 3.145e+02 3.155e+02 10 2 4 6.472e+01 1.033e+02 358 2 4 5.687e+02 6.073e+02 358
46357 5 2 4 7.751e+01 9.049e+01 120 2 2 1.174e+02 1.346e+02 160 2 1 1.317e+02 1.623e+02 285 2 3 9.133e+01 1.187e+02 254 2 2 1.109e+02 1.411e+02 280
46359 3 2 2 1.907e+02 2.293e+02 358 2 4 1.910e+02 2.290e+02 352 2 3 2.081e+02 2.539e+02 426
46361 19 0 2 6.224e+02 6.376e+02 140 0 4 6.173e+02 6.427e+02 236 0 1 6.365e+02 6.655e+02 270 0 1 6.267e+02 6.753e+02 452 0 3 6.269e+02 6.751e+02 448 2 1 5.663e+02 5.677e+02 14 2 2 4.521e+02 4.719e+02 185 2 3 5.632e+02 5.708e+02 70 2 2 5.277e+02 5.643e+02 340 2 4 5.315e+02 5.605e+02 270 3 4 4.613e+02 4.627e+02 14 3 3 4.410e+02 4.410e+02 -5 3 3 5.564e+02 5.776e+02 196 3 2 4.171e+02 4.229e+02 53 3 4 5.269e+02 5.651e+02 354 3 1 4.287e+02 4.533e+02 229 3 4 5.680e+02 6.080e+02 372 3 4 4.478e+02 4.762e+02 263 3 2 4.062e+02 4.338e+02 256
46362 6 2 3 1.035e+02 1.065e+02 27 2 3 5.224e+02 5.276e+02 49 2 4 4.976e+02 5.104e+02 118 2 1 5.161e+02 5.339e+02 165 2 4 6.732e+01 1.007e+02 310 2 2 5.308e+02 5.612e+02 282
46364 1 3 3 3.570e+02 3.570e+02 -0
46367 8 0 4 5.037e+02 5.043e+02 6 0 4 6.210e+02 6.390e+02 166 0 2 6.582e+02 6.858e+02 257 0 4 6.543e+02 6.897e+02 329 1 4 6.110e+02 6.490e+02 353 2 4 2.062e+02 2.138e+02 71 3 2 3.789e+01 4.611e+01 76 3 1 1.142e+01 3.058e+01 178
46368 34 0 4 6.710e+02 6.730e+02 19 0 3 6.487e+02 6.533e+02 43 0 4 5.786e+02 5.974e+02 175 0 2 6.694e+02 6.746e+02 48 0 1 5.981e+02 6.199e+02 203 0 1 6.333e+02 6.687e+02 328 0 3 6.324e+02 6.696e+02 346 1 2 5.424e+02 5.496e+02 66 1 1 6.046e+02 6.134e+02 81 1 3 6.090e+02 6.090e+02 -0 1 2 6.230e+02 6.370e+02 130 1 3 7.908e+01 1.309e+02 481 1 4 6.209e+02 6.391e+02 169 1 1 5.982e+02 6.198e+02 200 2 3 2.017e+01 2.183e+01 16 2 4 5.873e+02 5.887e+02 14 2 4 1.243e+02 1.277e+02 31 2 2 4.566e+02 4.674e+02 100 2 3 1.469e+02 1.471e+02 2 2 1 5.981e+02 6.199e+02 202 2 1 2.276e+02 2.344e+02 64 2 3 4.303e+02 4.517e+02 200 2 4 3.702e+02 3.858e+02 145 2 4 4.477e+02 4.763e+02 266 2 3 5.831e+01 6.769e+01 87 2 3 6.003e+02 6.177e+02 161 2 2 8.231e+01 8.569e+01 31 2 2 5.689e+02 6.071e+02 356 2 1 1.375e+02 1.565e+02 176 2 2 2.977e+01 5.423e+01 227 2 2 1.576e+02 1.784e+02 193 2 1 5.243e+01 7.357e+01 196 2 1 4.012e+00 3.799e+01 316 3 3 1.462e+02 1.478e+02 15
46369 0
46370 1 1 1 6.027e+02 6.153e+02 117
46371 5 0 2 5.030e+02 5.050e+02 19 0 4 5.786e+02 5.974e+02 174 2 2 4.146e+02 4.254e+02 100 2 1 3.858e+02 4.122e+02 245 3 2 3.310e+02 3.410e+02 92
46372 5 2 1 1.886e+02 1.894e+02 8 2 4 2.073e+02 2.127e+02 50 2 2 2.060e+02 2.140e+02 75 2 1 2.212e+02 2.408e+02 181 2 3 2.153e+02 2.467e+02 292
46374 2 0 2 6.300e+02 6.300e+02 -22 0 4 6.282e+02 6.318e+02 33
46376 11 0 3 1.904e+01 2.296e+01 36 0 2 6.679e+02 6.761e+02 76 0 4 4.167e+02 4.233e+02 60 0 4 3.004e+01 5.396e+01 222 0 2 5.015e+02 5.065e+02 47 0 3 5.173e+02 5.327e+02 142 0 4 6.639e+02 6.801e+02 150 0 4 5.012e+02 5.068e+02 51 0 4 4.492e+02 4.748e+02 238 0 1 4.737e+02 4.923e+02 172 0 1 4.675e+02 4.985e+02 288
46379 0
46380 4 1 3 1.039e+02 1.061e+02 20 1 2 7.751e+01 9.049e+01 120 1 4 1.253e+02 1.267e+02 12 1 1 9.331e+01 1.167e+02 217
