44857 0
44859 11 0 4 4.557e+02 4.683e+02 116 0 4 2.863e+02 3.017e+02 142 0 1 4.347e+02 4.473e+02 117 0 2 2.395e+02 2.645e+02 232 0 3 4.359e+02 4.461e+02 94 0 2 2.793e+02 3.087e+02 272 0 2 4.446e+02 4.794e+02 324 0 4 2.375e+02 2.665e+02 269 0 3 2.565e+02 2.895e+02 306 2 1 2.671e+02 2.789e+02 109 2 1 2.567e+02 2.893e+02 302
44862 46 0 2 6.575e+02 6.865e+02 270 0 1 3.453e+02 3.687e+02 217 0 4 3.182e+02 3.538e+02 330 0 4 6.579e+02 6.861e+02 262 1 3 6.028e+02 6.152e+02 115 2 2 4.172e+02 4.228e+02 51 2 3 1.468e+02 1.472e+02 5 2 4 6.257e+02 6.343e+02 80 2 4 2.079e+02 2.121e+02 39 2 3 2.719e+02 2.741e+02 20 2 3 3.909e+02 4.071e+02 151 2 2 3.773e+02 3.787e+02 13 2 3 4.265e+02 4.555e+02 270 2 4 4.157e+01 4.243e+01 8 2 3 5.587e+02 5.753e+02 155 2 4 1.230e+02 1.290e+02 56 2 1 3.843e+02 4.137e+02 274 2 2 1.673e+02 1.687e+02 13 2 2 4.849e+02 5.231e+02 354 2 2 2.071e+02 2.129e+02 54 2 2 4.058e+02 4.342e+02 264 2 1 3.124e+02 3.176e+02 48 2 4 4.040e+02 4.360e+02 296 2 3 3.443e+02 3.697e+02 236 2 1 4.260e+02 4.560e+02 279 2 1 6.185e+01 6.415e+01 21 2 2 8.214e+01 8.586e+01 35 2 1 1.827e+02 1.953e+02 117 2 3 2.179e+02 2.441e+02 244 2 1 2.589e+02 2.871e+02 262 2 4 3.616e+02 3.944e+02 306 2 3 6.212e+01 6.388e+01 16 2 2 7.065e+01 9.735e+01 248 2 3 1.790e+02 1.990e+02 186 2 4 2.419e+02 2.621e+02 188 2 2 2.804e+02 3.076e+02 253 2 1 1.945e+01 2.255e+01 29 2 4 7.015e+01 9.785e+01 257 2 4 1.493e+02 1.867e+02 348 2 4 1.985e+02 2.215e+02 213 2 3 4.906e+01 7.694e+01 259 2 1 1.708e+02 2.072e+02 338 2 1 2.137e+02 2.483e+02 321 2 3 7.289e+00 3.471e+01 255 3 1 2.070e+01 2.130e+01 6 3 2 3.192e+02 3.528e+02 311
44864 7 0 1 6.085e+02 6.095e+02 9 0 3 6.076e+02 6.104e+02 26 0 4 6.117e+02 6.483e+02 340 0 3 8.173e+01 1.283e+02 432 2 2 2.514e+02 2.526e+02 10 2 1 2.611e+02 2.849e+02 220 2 2 6.885e+01 9.915e+01 281
44866 2 0 2 5.460e+02 5.460e+02 -5 0 1 5.140e+02 5.360e+02 205
44868 21 0 2 6.693e+02 6.747e+02 50 0 2 4.546e+02 4.694e+02 138 0 4 4.498e+02 4.742e+02 226 0 1 4.649e+02 5.011e+02 336 0 3 4.673e+02 4.987e+02 291 2 4 4.190e+02 4.210e+02 19 2 4 1.630e+02 1.730e+02 92 2 3 9.447e+01 1.155e+02 196 2 1 4.325e+02 4.495e+02 158 2 1 1.848e+02 1.932e+02 79 2 2 4.104e+02 4.296e+02 179 2 1 3.021e+02 3.279e+02 240 2 4 3.608e+02 3.952e+02 320 2 3 4.260e+02 4.560e+02 278 2 4 6.629e+01 1.017e+02 329 2 3 3.829e+02 4.151e+02 299 2 3 1.754e+02 2.026e+02 252 2 4 3.140e+02 3.580e+02 408 2 4 1.050e+02 1.470e+02 390 2 2 1.516e+02 1.844e+02 306 2 3 3.355e+02 3.785e+02 399
44869 8 0 3 6.486e+02 6.534e+02 44 0 4 6.674e+02 6.766e+02 86 0 1 6.417e+02 6.603e+02 172 0 3 6.387e+02 6.633e+02 229 0 2 6.629e+02 6.811e+02 169 2 1 1.985e+01 2.215e+01 21 2 3 1.819e+01 2.381e+01 52 2 2 3.381e+01 5.019e+01 152
44870 28 0 2 6.278e+02 6.322e+02 41 0 4 6.262e+02 6.338e+02 71 0 4 6.708e+02 6.732e+02 23 0 4 5.754e+02 6.006e+02 234 0 1 6.324e+02 6.696e+02 345 0 3 6.334e+02 6.686e+02 327 1 3 5.650e+02 5.690e+02 37 1 1 6.057e+02 6.123e+02 62 1 4 5.301e+02 5.619e+02 295 1 3 6.038e+02 6.142e+02 97 1 4 6.167e+02 6.433e+02 246 1 1 5.957e+02 6.223e+02 246 1 2 6.141e+02 6.459e+02 295 2 3 1.038e+02 1.062e+02 22 2 4 6.604e+02 6.836e+02 216 2 3 6.312e+02 6.708e+02 367 2 2 6.502e+02 6.938e+02 406 3 3 3.784e+02 4.196e+02 382 3 4 4.411e+02 4.829e+02 389 3 1 5.046e+02 5.454e+02 379 3 1 3.371e+02 3.769e+02 370 3 4 5.656e+02 6.104e+02 416 3 4 4.003e+02 4.397e+02 366 3 3 5.042e+02 5.458e+02 386 3 2 3.567e+02 3.993e+02 396 3 3 4.630e+02 5.030e+02 372 3 2 4.368e+02 4.872e+02 468 3 1 4.584e+02 5.076e+02 457
44871 4 0 3 5.634e+02 5.706e+02 67 0 2 5.399e+02 5.521e+02 114 0 4 5.769e+02 5.991e+02 206 3 3 5.992e+01 6.608e+01 57
44873 1 3 1 6.467e+02 6.553e+02 80
44874 2 0 4 2.472e+02 2.568e+02 89 2 4 1.256e+02 1.264e+02 7
44875 5 0 1 6.017e+02 6.163e+02 136 0 3 5.983e+02 6.197e+02 199 0 2 6.116e+02 6.484e+02 341 0 4 6.152e+02 6.448e+02 275 2 3 1.399e+02 1.541e+02 132
44876 10 0 2 6.694e+02 6.746e+02 48 0 4 6.692e+02 6.748e+02 51 2 2 8.389e+01 8.411e+01 2 2 4 8.339e+01 8.461e+01 11 2 1 4.404e+01 8.196e+01 352 2 3 4.426e+01 8.174e+01 348 3 1 6.024e+01 6.576e+01 51 3 3 5.907e+01 6.693e+01 73 3 2 2.663e+01 5.737e+01 286 3 4 2.743e+01 5.657e+01 270
44877 4 2 2 3.906e+01 4.494e+01 55 2 3 1.227e+01 2.973e+01 162 2 4 2.658e+01 5.742e+01 286 2 1 4.835e+01 7.765e+01 272
44878 4 0 2 6.200e+02 6.400e+02 186 0 3 6.421e+02 6.599e+02 165 0 4 6.182e+02 6.418e+02 219 0 1 6.396e+02 6.624e+02 211
44880 0
44882 0
44883 8 2 3 6.056e+02 6.124e+02 63 2 2 5.024e+02 5.056e+02 30 2 4 4.927e+02 5.153e+02 210 2 3 5.071e+02 5.429e+02 333 2 2 5.727e+02 6.033e+02 285 2 4 5.702e+02 6.058e+02 330 3 1 6.087e+02 6.093e+02 6 3 3 5.965e+02 6.215e+02 231
44884 17 1 1 6.076e+02 6.104e+02 26 2 1 2.100e+01 2.100e+01 -3 2 3 2.100e+01 2.100e+01 -10 2 2 2.420e+01 5.980e+01 330 2 4 2.438e+01 5.962e+01 327 3 3 1.049e+02 1.051e+02 2 3 3 1.788e+01 2.412e+01 58 3 2 1.260e+02 1.260e+02 -2 3 3 6.104e+01 6.496e+01 36 3 1 1.272e+01 2.928e+01 154 3 4 1.260e+02 1.260e+02 -4 3 2 7.603e+01 9.197e+01 148 3 3 1.330e+02 1.610e+02 260 3 4 6.885e+01 9.915e+01 281 3 2 6.742e+01 1.006e+02 308 3 2 1.123e+02 1.397e+02 254 3 1 1.306e+02 1.634e+02 306
44886 0
44889 15 0 3 6.360e+02 6.660e+02 278 0 1 6.296e+02 6.724e+02 398 0 3 6.270e+02 6.750e+02 446 1 4 5.707e+02 6.053e+02 322 1 4 6.131e+02 6.469e+02 315 1 1 5.523e+02 5.817e+02 272 1 3 5.493e+02 5.847e+02 329 1 2 5.217e+02 5.703e+02 451 2 3 8.658e+01 1.234e+02 342 2 4 4.896e+02 5.184e+02 267 2 1 4.146e+00 3.785e+01 313 2 4 1.030e+02 1.490e+02 427 2 3 1.992e+00 4.001e+01 353 2 4 6.037e+01 1.076e+02 439 2 2 1.009e+02 1.511e+02 466
44891 18 0 2 5.421e+02 5.499e+02 73 0 2 6.670e+02 6.770e+02 93 0 4 6.299e+02 6.301e+02 2 0 4 6.574e+02 6.866e+02 270 0 4 4.119e+02 4.281e+02 151 0 3 5.530e+02 5.810e+02 260 0 3 6.068e+02 6.112e+02 40 0 3 6.315e+02 6.705e+02 361 0 3 4.241e+02 4.579e+02 313 0 1 5.496e+02 5.844e+02 323 0 1 3.863e+02 4.117e+02 236 2 4 6.242e+02 6.358e+02 108 2 4 3.865e+01 4.535e+01 62 2 1 6.474e+02 6.546e+02 66 2 2 6.184e+02 6.416e+02 216 2 2 1.143e+02 1.377e+02 217 2 3 6.408e+02 6.612e+02 189 2 1 3.386e+00 3.861e+01 327
44892 13 0 1 5.637e+02 5.703e+02 60 0 4 5.842e+02 5.918e+02 70 0 4 4.915e+02 5.165e+02 233 0 2 6.198e+02 6.402e+02 189 0 1 6.495e+02 6.525e+02 28 0 1 4.740e+02 4.920e+02 167 0 4 6.233e+02 6.367e+02 125 0 3 6.398e+02 6.622e+02 208 0 2 4.475e+02 4.765e+02 269 0 2 6.573e+02 6.867e+02 273 2 3 3.570e+02 3.570e+02 -1 2 1 1.110e+01 3.090e+01 184 2 4 3.260e+02 3.460e+02 186
44893 0
44894 50 0 2 6.720e+02 6.720e+02 -24 0 2 3.322e+02 3.398e+02 71 0 4 1.613e+02 1.747e+02 124 0 1 6.038e+02 6.142e+02 96 0 3 2.270e+02 2.350e+02 75 0 4 6.713e+02 6.727e+02 14 0 4 2.458e+02 2.582e+02 116 0 1 4.769e+02 4.891e+02 114 0 1 2.974e+02 3.326e+02 326 0 3 6.077e+02 6.103e+02 24 0 4 3.189e+02 3.531e+02 318 0 1 6.399e+02 6.621e+02 206 0 4 4.952e+02 5.128e+02 163 0 3 5.104e+02 5.396e+02 271 0 2 6.224e+02 6.376e+02 140 0 3 6.447e+02 6.573e+02 116 0 4 6.212e+02 6.388e+02 163 0 2 6.625e+02 6.815e+02 177 0 4 5.719e+02 6.041e+02 299 1 1 3.984e+02 3.996e+02 11 1 3 4.410e+02 4.410e+02 -8 1 1 5.250e+02 5.250e+02 -12 1 4 4.620e+02 4.620e+02 -21 1 2 5.423e+02 5.497e+02 70 1 1 4.733e+02 4.927e+02 180 1 2 4.530e+02 4.710e+02 168 1 1 5.604e+02 5.736e+02 123 1 2 6.297e+02 6.303e+02 6 1 3 4.754e+02 4.906e+02 141 1 4 5.844e+02 5.916e+02 67 1 4 6.287e+02 6.313e+02 25 1 1 4.657e+02 5.003e+02 322 1 4 5.373e+02 5.547e+02 161 1 4 6.204e+02 6.396e+02 179 1 2 5.773e+02 5.987e+02 198 1 1 5.954e+02 6.226e+02 252 2 4 1.260e+02 1.260e+02 -14 2 3 4.798e+02 4.862e+02 59 2 1 1.837e+01 2.363e+01 49 2 4 5.878e+02 5.882e+02 5 2 3 1.537e+01 2.663e+01 105 2 3 6.076e+02 6.104e+02 26 2 4 7.415e+01 9.385e+01 183 2 2 1.142e+02 1.378e+02 219 2 2 4.894e+02 5.186e+02 270 2 4 1.152e+02 1.368e+02 201 2 4 4.446e+02 4.794e+02 323 3 2 8.397e+01 8.403e+01 0 3 4 3.717e+01 4.683e+01 90 3 3 5.135e+01 7.465e+01 216
44896 0
44897 6 0 3 2.730e+02 2.730e+02 -2 0 1 2.691e+02 2.769e+02 72 0 2 2.357e+02 2.683e+02 302 0 4 2.812e+02 3.068e+02 238 2 4 1.599e+02 1.761e+02 150 2 3 1.768e+02 2.012e+02 226
44898 16 0 2 6.679e+02 6.761e+02 76 0 4 7.518e+01 9.282e+01 164 0 3 4.758e+01 7.842e+01 286 0 4 6.671e+02 6.769e+02 91 1 3 6.067e+02 6.113e+02 43 1 4 3.715e+02 3.845e+02 120 2 2 1.257e+02 1.263e+02 5 2 1 1.448e+02 1.492e+02 41 2 4 2.084e+02 2.116e+02 30 2 4 1.222e+02 1.298e+02 70 2 3 1.393e+02 1.547e+02 142 2 3 2.262e+02 2.358e+02 90 2 1 2.553e+02 2.907e+02 328 2 3 9.707e+01 1.129e+02 147 2 4 1.532e+02 1.828e+02 275 2 2 2.496e+02 2.544e+02 45
44899 15 0 1 6.029e+02 6.151e+02 113 0 3 5.554e+02 5.786e+02 215 0 3 6.044e+02 6.136e+02 86 0 4 6.199e+02 6.401e+02 187 0 2 6.169e+02 6.431e+02 243 1 1 6.048e+02 6.132e+02 77 1 3 6.028e+02 6.152e+02 116 1 2 6.162e+02 6.438e+02 257 1 4 6.170e+02 6.430e+02 242 2 2 3.270e+02 3.450e+02 166 2 1 3.025e+02 3.275e+02 233 3 4 2.486e+02 2.554e+02 64 3 2 2.459e+02 2.581e+02 113 3 1 2.605e+02 2.855e+02 232 3 3 2.578e+02 2.882e+02 282
44900 23 0 4 6.297e+02 6.303e+02 6 0 4 2.918e+02 2.962e+02 41 0 1 5.240e+02 5.260e+02 18 0 1 1.779e+02 2.001e+02 206 0 1 6.068e+02 6.112e+02 41 0 2 2.064e+02 2.136e+02 66 0 1 6.507e+02 6.513e+02 6 0 2 5.039e+02 5.041e+02 1 0 2 5.435e+02 5.485e+02 47 0 3 6.022e+02 6.158e+02 127 0 3 5.555e+02 5.785e+02 213 0 2 6.137e+02 6.463e+02 303 0 4 6.704e+02 6.736e+02 30 0 1 5.089e+02 5.411e+02 299 0 2 6.669e+02 6.771e+02 95 0 2 6.526e+02 6.914e+02 360 1 2 6.199e+02 6.401e+02 188 1 3 5.931e+02 6.249e+02 296 1 1 5.887e+02 6.293e+02 376 2 4 1.155e+02 1.365e+02 196 2 4 7.388e+01 9.412e+01 188 2 4 2.272e+01 6.128e+01 358 2 2 6.270e+01 1.053e+02 396
