47260 0
47261 4 2 3 5.644e+02 5.696e+02 49 2 2 2.286e+01 6.114e+01 356 2 4 5.396e+02 5.524e+02 118 2 2 5.683e+02 6.077e+02 366
47262 0
47263 14 0 1 6.045e+02 6.135e+02 83 0 2 6.695e+02 6.745e+02 47 0 1 5.521e+02 5.819e+02 277 0 2 6.237e+02 6.363e+02 116 0 4 6.668e+02 6.772e+02 97 0 4 6.277e+02 6.323e+02 42 0 3 5.474e+02 5.866e+02 365 0 4 5.822e+02 5.938e+02 107 0 3 6.303e+02 6.717e+02 385 0 1 5.979e+02 6.201e+02 206 0 3 6.009e+02 6.171e+02 150 0 2 6.157e+02 6.443e+02 265 0 3 5.930e+02 6.250e+02 297 1 4 6.174e+02 6.426e+02 234
47264 6 0 4 6.699e+02 6.741e+02 40 0 2 4.875e+02 5.205e+02 307 1 2 6.205e+02 6.395e+02 177 2 4 4.517e+02 4.723e+02 190 2 3 4.316e+02 4.504e+02 175 2 2 4.476e+02 4.764e+02 268
47265 14 0 4 3.268e+02 3.452e+02 170 0 4 5.850e+02 5.910e+02 56 0 1 5.670e+02 5.670e+02 0 1 1 3.147e+02 3.153e+02 6 2 4 6.666e+02 6.774e+02 100 2 2 6.615e+02 6.825e+02 196 3 2 4.185e+02 4.215e+02 27 3 1 4.794e+02 4.866e+02 67 3 3 4.821e+02 4.839e+02 16 3 1 4.243e+02 4.577e+02 310 3 4 4.872e+02 5.208e+02 311 3 3 4.239e+02 4.581e+02 318 3 2 4.425e+02 4.815e+02 362 3 4 4.454e+02 4.786e+02 309
47266 23 0 2 5.430e+02 5.490e+02 56 0 4 2.474e+02 2.566e+02 85 0 1 5.098e+02 5.402e+02 283 0 4 1.931e+02 2.269e+02 313 0 3 5.890e+02 6.290e+02 371 0 3 6.325e+02 6.695e+02 343 0 3 5.059e+02 5.441e+02 356 0 2 6.549e+02 6.891e+02 318 0 4 6.525e+02 6.915e+02 363 0 1 6.249e+02 6.771e+02 486 0 3 6.276e+02 6.744e+02 435 0 2 6.465e+02 6.975e+02 473 1 1 1.786e+02 1.994e+02 194 1 3 1.817e+02 1.963e+02 136 1 2 2.010e+02 2.190e+02 167 1 4 6.049e+02 6.551e+02 466 2 1 1.434e+02 1.506e+02 67 2 1 5.117e+01 7.483e+01 220 2 4 1.146e+02 1.374e+02 212 2 3 1.398e+02 1.542e+02 135 2 2 2.735e+01 5.665e+01 272 2 2 1.070e+02 1.450e+02 352 2 3 -1.821e+00 4.382e+01 424
47267 4 0 1 4.668e+01 7.932e+01 303 2 2 6.885e+01 9.915e+01 281 2 3 1.676e+00 4.032e+01 359 2 1 -3.662e+00 4.566e+01 458
47268 0
47269 9 0 1 6.489e+02 6.531e+02 40 0 3 6.456e+02 6.564e+02 100 0 4 6.584e+02 6.856e+02 252 0 2 6.562e+02 6.878e+02 294 2 1 4.821e+02 4.839e+02 17 2 2 1.583e+02 1.777e+02 180 2 1 1.213e+01 2.987e+01 165 2 4 1.585e+02 1.775e+02 176 2 1 1.362e+02 1.578e+02 200
47270 18 0 1 6.067e+02 6.113e+02 42 0 4 2.881e+02 2.999e+02 109 0 4 3.964e+01 4.436e+01 44 0 3 6.033e+02 6.147e+02 106 0 1 5.759e+01 6.841e+01 100 0 2 6.600e+02 6.840e+02 222 0 3 5.162e+01 7.438e+01 211 0 4 6.225e+02 6.375e+02 140 0 4 6.629e+02 6.811e+02 169 0 2 2.779e+01 5.621e+01 264 1 2 6.154e+02 6.446e+02 271 2 2 4.200e+01 4.200e+01 -21 2 2 5.040e+02 5.040e+02 -3 2 4 3.847e+01 4.553e+01 66 2 4 6.809e+01 9.991e+01 296 2 2 3.017e+01 5.383e+01 220 2 2 4.862e+02 5.218e+02 330 2 1 4.863e+00 3.714e+01 300
47272 18 0 3 5.989e+02 6.191e+02 188 0 1 5.955e+02 6.225e+02 251 1 1 5.581e+02 5.759e+02 166 1 2 5.776e+02 5.984e+02 193 1 3 5.963e+02 6.217e+02 236 1 4 5.782e+02 5.978e+02 182 1 3 5.468e+02 5.872e+02 376 2 3 1.033e+02 1.067e+02 32 2 4 5.340e+02 5.580e+02 222 2 1 5.104e+02 5.396e+02 271 2 2 5.261e+02 5.659e+02 370 2 3 5.014e+02 5.486e+02 439 3 3 5.975e+02 6.205e+02 213 3 2 5.324e+02 5.596e+02 253 3 3 6.372e+02 6.648e+02 256 3 2 6.075e+02 6.525e+02 418 3 2 6.507e+02 6.933e+02 396 3 4 6.481e+02 6.959e+02 445
47274 0
47275 9 0 3 5.227e+02 5.273e+02 42 0 3 2.643e+02 2.817e+02 161 0 4 2.377e+02 2.663e+02 266 0 2 5.379e+02 5.541e+02 151 0 4 4.846e+02 5.234e+02 360 1 4 5.716e+02 6.044e+02 305 2 2 8.101e+01 8.699e+01 56 2 4 4.557e+02 4.683e+02 116 2 2 3.187e+02 3.533e+02 320
47276 7 2 4 1.590e+02 1.770e+02 168 3 2 4.612e+02 4.628e+02 16 3 1 4.788e+02 4.872e+02 79 3 4 4.569e+02 4.671e+02 95 3 3 4.765e+02 4.895e+02 120 3 2 4.510e+02 4.730e+02 205 3 1 4.251e+02 4.569e+02 295
47278 10 0 1 6.503e+02 6.517e+02 12 0 4 3.348e+02 3.372e+02 21 0 4 6.706e+02 6.734e+02 26 0 4 3.169e+02 3.551e+02 354 0 3 6.358e+02 6.662e+02 281 0 2 6.582e+02 6.858e+02 256 2 4 1.197e+02 1.323e+02 116 2 2 3.257e+02 3.463e+02 192 2 4 6.578e+02 6.862e+02 263 2 1 3.390e+02 3.750e+02 334
47282 6 0 2 6.258e+02 6.342e+02 78 0 2 6.691e+02 6.749e+02 53 0 3 6.014e+02 6.166e+02 140 0 4 6.706e+02 6.734e+02 26 0 1 6.344e+02 6.676e+02 309 0 3 6.329e+02 6.691e+02 336
47283 0
47284 1 0 4 3.597e+02 3.963e+02 340
47285 31 0 4 2.499e+02 2.541e+02 39 0 3 6.078e+02 6.102e+02 22 0 1 3.108e+02 3.192e+02 78 0 2 6.708e+02 6.732e+02 23 0 4 3.302e+02 3.418e+02 107 0 1 6.070e+02 6.110e+02 37 0 3 2.251e+02 2.369e+02 110 0 1 6.502e+02 6.518e+02 16 0 3 4.331e+02 4.489e+02 147 0 1 5.483e+02 5.857e+02 347 0 3 6.487e+02 6.533e+02 43 0 4 4.046e+02 4.354e+02 286 0 4 6.668e+02 6.772e+02 97 0 1 4.278e+02 4.542e+02 246 0 2 6.573e+02 6.867e+02 272 0 4 6.559e+02 6.881e+02 300 1 3 5.650e+02 5.690e+02 36 1 2 5.430e+02 5.490e+02 56 1 3 6.055e+02 6.125e+02 66 1 1 5.129e+02 5.371e+02 225 1 2 5.813e+02 5.947e+02 125 1 2 6.219e+02 6.381e+02 151 1 4 5.816e+02 5.944e+02 118 1 4 6.266e+02 6.334e+02 63 1 1 5.895e+02 6.285e+02 361 2 4 1.241e+02 1.279e+02 36 2 1 1.412e+02 1.528e+02 107 2 3 4.987e+01 7.613e+01 244 2 2 1.152e+02 1.368e+02 201 2 3 1.339e+02 1.601e+02 243 2 3 -5.142e+00 4.714e+01 486
47288 5 0 3 2.724e+02 2.736e+02 10 0 4 2.915e+02 2.965e+02 47 0 3 5.144e+02 5.356e+02 197 2 4 2.520e+02 2.520e+02 -3 2 4 2.788e+02 3.092e+02 283
47289 38 0 2 3.354e+02 3.366e+02 10 0 1 3.987e+02 3.993e+02 6 0 1 6.475e+02 6.545e+02 65 0 2 3.183e+02 3.537e+02 329 0 4 3.165e+02 3.555e+02 362 1 1 1.887e+02 1.893e+02 6 1 3 5.634e+02 5.706e+02 67 1 2 6.289e+02 6.311e+02 21 1 3 1.856e+02 1.924e+02 64 1 4 2.008e+02 2.192e+02 170 1 4 6.213e+02 6.387e+02 161 1 3 5.112e+02 5.388e+02 257 1 4 5.312e+02 5.608e+02 276 2 1 4.811e+02 4.849e+02 35 2 4 2.508e+02 2.532e+02 23 2 2 4.103e+02 4.297e+02 180 2 1 2.705e+02 2.755e+02 46 2 2 4.539e+02 4.701e+02 150 2 2 7.617e+01 9.183e+01 146 2 3 5.991e+02 6.189e+02 184 2 2 2.063e+02 2.137e+02 69 2 3 6.481e+02 6.539e+02 53 2 3 2.706e+02 2.754e+02 45 2 4 4.119e+02 4.281e+02 150 2 4 1.160e+02 1.360e+02 186 2 4 4.579e+02 4.661e+02 76 2 4 2.050e+02 2.150e+02 93 2 2 6.226e+02 6.374e+02 138 2 3 4.615e+01 7.985e+01 313 2 3 4.232e+02 4.588e+02 330 2 4 7.226e+01 9.574e+01 218 2 3 4.650e+02 5.010e+02 335 2 3 1.283e+02 1.657e+02 347 2 4 6.157e+02 6.443e+02 265 2 2 2.420e+02 2.620e+02 186 2 3 8.837e+01 1.216e+02 309 2 4 2.426e+02 2.614e+02 175 2 3 2.136e+02 2.484e+02 324
47293 5 0 4 4.149e+02 4.251e+02 95 2 4 8.146e+01 8.654e+01 47 2 2 7.607e+01 9.193e+01 147 2 1 5.131e+01 7.469e+01 217 2 3 4.834e+01 7.766e+01 272
47298 30 0 1 5.659e+02 5.681e+02 20 0 4 3.760e+02 3.800e+02 36 0 4 2.042e+02 2.158e+02 107 0 1 6.510e+02 6.510e+02 -17 0 2 6.236e+02 6.364e+02 118 0 3 6.484e+02 6.536e+02 48 0 3 2.079e+02 2.541e+02 430 0 4 4.506e+02 4.734e+02 212 0 3 5.585e+02 5.755e+02 158 0 4 6.218e+02 6.382e+02 152 0 2 6.632e+02 6.808e+02 163 0 1 4.722e+02 4.938e+02 200 0 3 5.512e+02 5.828e+02 293 0 4 5.751e+02 6.009e+02 239 0 4 6.682e+02 6.758e+02 71 0 2 4.459e+02 4.781e+02 300 0 2 5.282e+02 5.638e+02 330 0 4 6.079e+02 6.521e+02 410 0 1 5.450e+02 5.890e+02 409 1 2 6.172e+02 6.428e+02 238 1 4 6.082e+02 6.518e+02 406 2 2 8.312e+01 8.488e+01 16 2 4 5.873e+02 5.887e+02 14 2 2 1.637e+02 1.723e+02 80 2 3 6.026e+02 6.154e+02 119 2 1 6.300e+01 6.300e+01 -0 2 4 7.760e+01 9.040e+01 119 2 2 5.714e+02 6.046e+02 309 2 3 5.310e+01 7.290e+01 184 2 2 2.918e+01 5.482e+01 238
47301 2 0 2 6.691e+02 6.749e+02 54 0 1 6.388e+02 6.632e+02 226
47302 22 0 2 6.254e+02 6.346e+02 86 0 3 5.635e+02 5.705e+02 66 0 4 3.639e+02 3.921e+02 262 0 1 6.000e+02 6.180e+02 166 0 2 3.611e+02 3.949e+02 313 0 3 6.438e+02 6.582e+02 134 0 3 3.784e+02 4.196e+02 382 0 2 5.363e+02 5.557e+02 180 0 4 6.634e+02 6.806e+02 160 0 2 6.566e+02 6.874e+02 286 0 1 6.312e+02 6.708e+02 367 0 3 6.293e+02 6.727e+02 403 1 2 6.046e+02 6.554e+02 472 2 1 1.568e+01 2.632e+01 99 2 3 5.203e+02 5.297e+02 87 2 3 1.774e+01 2.426e+01 60 2 1 2.119e+02 2.501e+02 356 2 4 3.399e+01 5.001e+01 149 2 4 4.849e+02 5.231e+02 355 2 2 2.999e+01 5.401e+01 223 2 1 4.301e+01 8.299e+01 371 2 3 3.807e+01 8.793e+01 463
47303 9 0 4 3.345e+02 3.375e+02 27 0 3 5.240e+02 5.260e+02 19 0 2 2.917e+02 2.963e+02 43 0 1 5.160e+02 5.340e+02 167 0 2 4.877e+02 5.203e+02 303 1 3 1.151e+01 3.049e+01 176 2 4 4.514e+02 4.726e+02 196 2 3 4.232e+02 4.588e+02 330 2 3 4.683e+02 4.977e+02 274
47304 9 1 4 4.592e+02 4.648e+02 52 1 4 5.408e+02 5.512e+02 97 1 1 5.225e+02 5.275e+02 46 1 2 5.406e+02 5.514e+02 100 1 2 4.919e+02 5.161e+02 224 1 2 5.301e+02 5.619e+02 295 1 3 5.093e+02 5.407e+02 291 2 4 2.094e+02 2.106e+02 11 2 4 1.917e+02 2.283e+02 340
47305 4 2 4 8.195e+01 8.605e+01 38 2 1 6.015e+01 6.585e+01 53 2 2 7.993e+01 8.807e+01 76 2 3 4.408e+01 8.192e+01 351
47306 9 0 2 5.430e+02 5.490e+02 56 0 2 6.687e+02 6.753e+02 61 0 4 6.602e+02 6.838e+02 219 0 3 5.540e+02 5.800e+02 240 0 1 5.055e+02 5.445e+02 362 2 3 1.867e+02 1.913e+02 43 2 2 2.078e+02 2.122e+02 41 2 4 1.508e+02 1.852e+02 320 2 1 2.161e+02 2.459e+02 277
47308 5 0 2 2.470e+02 2.570e+02 93 0 3 2.604e+02 2.856e+02 235 0 1 2.553e+02 2.907e+02 329 1 1 3.985e+02 3.995e+02 9 2 3 1.119e+01 3.081e+01 182
47311 0
47313 3 3 2 4.147e+02 4.253e+02 98 3 3 4.324e+02 4.496e+02 159 3 4 4.023e+02 4.377e+02 329
47315 3 0 4 6.646e+02 6.794e+02 137 0 1 6.442e+02 6.578e+02 127 0 2 6.620e+02 6.820e+02 186
