26280 3 0 4 4.027e+01 4.373e+01 32 0 3 9.800e+00 3.220e+01 208 0 2 2.763e+02 3.117e+02 328
26281 0
26282 1 2 1 2.003e+01 2.197e+01 18
26285 0
26286 12 2 3 6.483e+02 6.537e+02 50 2 2 4.998e+02 5.082e+02 79 2 1 5.221e+02 5.279e+02 54 2 4 6.197e+02 6.403e+02 192 2 2 6.712e+02 6.728e+02 16 2 1 4.295e+02 4.525e+02 214 2 4 4.998e+02 5.082e+02 79 2 3 5.182e+02 5.318e+02 126 2 2 6.555e+02 6.885e+02 307 2 1 5.113e+02 5.387e+02 255 2 3 5.079e+02 5.421e+02 317 3 1 4.822e+02 4.838e+02 15
26287 3 0 3 4.388e+02 4.432e+02 40 0 4 6.656e+02 6.784e+02 120 2 1 1.020e+01 3.180e+01 200
26288 9 1 2 6.122e+02 6.478e+02 330 2 2 1.671e+02 1.689e+02 16 2 4 1.675e+02 1.685e+02 9 2 4 1.125e+02 1.395e+02 251 2 1 1.834e+02 1.946e+02 104 2 3 1.881e+02 1.899e+02 16 2 3 1.452e+02 1.488e+02 33 2 2 1.506e+02 1.854e+02 323 2 3 1.732e+02 2.048e+02 294
26289 5 0 3 3.902e+02 4.078e+02 163 0 3 3.834e+02 4.146e+02 290 0 4 4.038e+02 4.362e+02 301 3 2 3.357e+02 3.363e+02 5 3 1 2.193e+02 2.427e+02 217
26290 17 0 3 4.402e+02 4.418e+02 15 0 1 5.615e+02 5.725e+02 103 0 4 4.478e+02 4.762e+02 264 2 1 1.868e+02 1.912e+02 40 2 4 2.504e+02 2.536e+02 30 2 4 4.582e+02 4.658e+02 70 2 1 1.712e+01 2.488e+01 72 2 2 1.258e+02 1.262e+02 5 2 3 4.694e+02 4.966e+02 252 2 1 1.449e+02 1.491e+02 39 2 2 2.463e+02 2.577e+02 106 2 3 1.146e+01 3.054e+01 177 2 4 1.257e+02 1.263e+02 6 2 3 1.356e+02 1.584e+02 211 2 2 1.147e+02 1.373e+02 210 2 2 1.496e+02 1.864e+02 342 2 3 2.564e+02 2.896e+02 309
26291 13 0 1 5.243e+02 5.257e+02 13 0 3 6.510e+02 6.510e+02 -5 0 4 4.155e+02 4.245e+02 84 0 3 5.207e+02 5.293e+02 80 0 4 6.675e+02 6.765e+02 83 0 2 5.311e+02 5.609e+02 277 0 2 6.131e+02 6.469e+02 314 0 1 6.484e+02 6.536e+02 48 0 4 4.043e+02 4.357e+02 291 0 2 6.659e+02 6.781e+02 113 0 1 6.391e+02 6.629e+02 220 0 3 6.370e+02 6.650e+02 260 0 4 6.533e+02 6.907e+02 347
26292 5 0 4 5.873e+02 5.887e+02 14 0 1 6.074e+02 6.106e+02 30 1 1 5.639e+02 5.701e+02 58 1 1 6.023e+02 6.157e+02 125 1 3 5.624e+02 5.716e+02 85
26293 23 0 4 6.279e+02 6.321e+02 40 0 1 6.510e+02 6.510e+02 -0 0 1 6.038e+02 6.142e+02 97 0 3 6.488e+02 6.532e+02 41 0 3 5.987e+02 6.193e+02 190 0 4 6.631e+02 6.809e+02 166 0 2 6.250e+02 6.350e+02 93 0 2 6.611e+02 6.829e+02 203 0 2 6.174e+02 6.426e+02 234 0 4 6.538e+02 6.902e+02 338 0 4 6.141e+02 6.459e+02 296 1 3 5.995e+02 6.185e+02 177 2 2 3.780e+02 3.780e+02 -0 2 1 1.455e+02 1.485e+02 28 2 3 5.656e+01 6.944e+01 120 2 3 1.453e+02 1.487e+02 32 2 1 5.310e+01 7.290e+01 184 2 2 8.285e+01 8.515e+01 21 2 2 1.472e+02 1.888e+02 387 2 3 3.429e+00 3.857e+01 326 2 4 7.486e+01 9.314e+01 170 2 4 1.076e+02 1.444e+02 342 3 1 1.357e+01 2.843e+01 138
26294 63 0 1 6.499e+02 6.521e+02 20 0 1 3.968e+02 4.012e+02 40 0 1 2.650e+02 2.810e+02 149 0 4 5.033e+02 5.047e+02 13 0 1 3.529e+02 3.611e+02 76 0 2 5.403e+02 5.517e+02 106 0 3 2.666e+02 2.794e+02 120 0 4 5.859e+02 5.901e+02 39 0 2 3.762e+02 3.798e+02 33 0 3 6.454e+02 6.566e+02 104 0 2 2.807e+02 3.073e+02 246 0 4 4.139e+02 4.261e+02 113 0 4 3.733e+02 3.827e+02 87 0 4 4.603e+02 4.637e+02 31 0 4 3.137e+02 3.583e+02 415 0 1 5.568e+02 5.772e+02 189 0 2 6.237e+02 6.363e+02 117 0 2 6.710e+02 6.730e+02 19 0 3 3.886e+02 4.094e+02 193 0 1 4.644e+02 5.016e+02 346 0 3 5.545e+02 5.795e+02 231 0 4 6.270e+02 6.330e+02 56 0 4 6.710e+02 6.730e+02 18 0 1 4.279e+02 4.541e+02 244 0 2 4.808e+02 5.272e+02 430 0 1 5.964e+02 6.216e+02 234 0 4 6.614e+02 6.826e+02 197 0 4 5.687e+02 6.073e+02 358 0 3 5.924e+02 6.256e+02 308 1 2 4.620e+02 4.620e+02 -2 1 3 5.222e+02 5.278e+02 51 1 4 5.879e+02 5.881e+02 2 1 1 6.078e+02 6.102e+02 23 1 3 5.652e+02 5.688e+02 34 1 2 6.279e+02 6.321e+02 40 1 2 5.841e+02 5.919e+02 73 1 4 6.293e+02 6.307e+02 12 1 4 5.345e+02 5.575e+02 214 1 3 5.987e+02 6.193e+02 190 1 4 6.156e+02 6.444e+02 268 1 3 5.899e+02 6.281e+02 354 2 3 4.823e+02 4.837e+02 13 2 1 1.990e+01 2.210e+01 20 2 1 2.283e+02 2.337e+02 50 2 4 4.181e+02 4.219e+02 36 2 4 2.903e+02 2.977e+02 68 2 3 5.146e+02 5.354e+02 194 2 2 3.302e+02 3.418e+02 107 2 3 4.384e+02 4.436e+02 49 2 3 1.981e+01 2.219e+01 22 2 3 6.357e+02 6.663e+02 284 2 4 1.589e+02 1.771e+02 170 2 3 3.889e+02 4.091e+02 188 2 2 2.031e+02 2.169e+02 129 2 3 3.135e+02 3.165e+02 27 2 2 3.192e+02 3.528e+02 312 2 1 5.876e+01 6.724e+01 79 2 4 1.982e+02 2.218e+02 220 2 3 5.871e+01 6.729e+01 80 2 3 1.721e+02 2.059e+02 315 2 2 3.008e+01 5.392e+01 221 2 4 3.291e+01 5.109e+01 169 3 4 1.231e+02 1.289e+02 55
26295 4 1 2 6.258e+02 6.342e+02 79 2 2 7.581e+01 9.219e+01 152 3 4 5.369e+02 5.551e+02 169 3 2 5.797e+02 5.963e+02 155
26296 6 0 1 5.592e+02 5.748e+02 145 0 4 6.298e+02 6.302e+02 4 0 2 6.245e+02 6.355e+02 102 0 1 6.503e+02 6.517e+02 13 0 3 6.436e+02 6.584e+02 138 0 4 6.612e+02 6.828e+02 200
26297 5 0 3 4.789e+02 4.871e+02 76 0 1 6.067e+02 6.113e+02 42 0 1 5.969e+02 6.211e+02 225 0 4 4.898e+02 5.182e+02 264 0 2 6.540e+02 6.900e+02 334
26298 2 0 4 3.947e+02 4.453e+02 470 2 4 4.064e+02 4.336e+02 253
26299 15 0 1 6.429e+02 6.591e+02 150 0 2 6.199e+02 6.401e+02 188 0 2 6.608e+02 6.832e+02 209 0 4 6.202e+02 6.398e+02 182 0 3 6.383e+02 6.637e+02 236 0 2 6.080e+02 6.520e+02 409 0 4 6.559e+02 6.881e+02 299 0 1 5.852e+02 6.328e+02 442 0 4 6.048e+02 6.552e+02 469 2 3 1.173e+01 3.027e+01 172 2 4 6.872e+01 9.928e+01 284 2 3 2.587e+02 2.873e+02 266 2 1 -6.529e-01 4.265e+01 402 2 3 8.312e+01 1.269e+02 406 2 4 1.427e+02 1.933e+02 470
26300 6 0 1 5.143e+02 5.357e+02 198 0 2 6.602e+02 6.838e+02 219 0 4 4.110e+02 4.290e+02 166 0 3 5.107e+02 5.393e+02 266 0 3 4.283e+02 4.537e+02 236 0 2 5.306e+02 5.614e+02 286
26301 4 2 3 2.290e+02 2.330e+02 38 2 4 1.980e+02 2.220e+02 222 2 2 2.363e+02 2.677e+02 292 2 1 2.151e+02 2.469e+02 296
26302 5 0 1 6.500e+02 6.520e+02 18 0 4 3.191e+02 3.529e+02 315 0 3 6.485e+02 6.535e+02 47 0 2 6.634e+02 6.806e+02 159 0 4 6.577e+02 6.863e+02 266
26303 17 0 3 4.823e+02 4.837e+02 13 0 2 6.712e+02 6.728e+02 15 0 3 4.722e+02 4.938e+02 201 0 1 6.350e+02 6.670e+02 298 0 2 4.951e+02 5.129e+02 165 0 4 4.442e+02 4.798e+02 330 0 3 4.623e+02 5.037e+02 385 2 1 2.307e+02 2.313e+02 6 2 3 3.136e+02 3.164e+02 26 2 4 5.010e+02 5.070e+02 56 2 2 2.061e+02 2.139e+02 73 2 4 2.911e+02 2.969e+02 53 2 2 7.477e+01 9.323e+01 171 2 3 1.760e+02 2.020e+02 241 2 4 1.975e+02 2.225e+02 233 2 4 7.473e+01 9.327e+01 172 2 3 8.648e+01 1.235e+02 344
26304 11 0 1 4.821e+02 4.839e+02 16 0 3 5.217e+02 5.283e+02 62 0 2 6.685e+02 6.755e+02 66 0 4 6.712e+02 6.728e+02 15 0 1 6.350e+02 6.670e+02 296 0 3 6.299e+02 6.721e+02 392 1 2 6.206e+02 6.394e+02 175 2 3 4.396e+02 4.424e+02 26 2 4 4.139e+02 4.261e+02 113 2 2 4.514e+02 4.726e+02 196 2 1 4.225e+02 4.595e+02 343
26305 8 1 2 6.173e+02 6.427e+02 236 2 2 8.159e+01 8.641e+01 45 2 1 6.090e+02 6.090e+02 -15 2 2 5.810e+02 5.950e+02 130 2 3 5.519e+02 5.821e+02 280 2 4 5.749e+02 6.011e+02 243 3 3 1.035e+02 1.065e+02 28 3 2 1.240e+02 1.280e+02 36
26306 21 0 4 6.300e+02 6.300e+02 -24 0 2 5.414e+02 5.506e+02 86 0 1 6.083e+02 6.097e+02 12 0 2 6.693e+02 6.747e+02 50 0 3 6.019e+02 6.161e+02 132 0 1 6.423e+02 6.597e+02 161 0 3 5.534e+02 5.806e+02 252 0 2 6.170e+02 6.430e+02 242 0 3 6.431e+02 6.589e+02 146 0 2 5.275e+02 5.645e+02 344 0 2 6.575e+02 6.865e+02 270 0 1 5.493e+02 5.847e+02 328 0 4 6.599e+02 6.841e+02 226 0 1 5.010e+02 5.490e+02 446 1 2 5.787e+02 5.973e+02 173 2 3 5.231e+02 5.269e+02 36 2 1 8.141e+00 3.386e+01 239 2 3 4.316e+02 4.504e+02 174 2 4 5.300e+02 5.620e+02 296 2 3 3.248e+00 3.875e+01 330 2 4 4.041e+02 4.359e+02 296
26307 43 0 1 6.451e+02 6.569e+02 109 0 1 4.794e+02 4.866e+02 67 0 1 5.212e+02 5.288e+02 71 0 4 5.848e+02 5.912e+02 59 0 3 6.499e+02 6.521e+02 20 0 3 4.293e+02 4.527e+02 217 0 3 4.745e+02 4.915e+02 158 0 3 5.230e+02 5.270e+02 37 0 1 6.069e+02 6.111e+02 39 0 2 6.672e+02 6.768e+02 90 0 2 4.902e+02 5.178e+02 256 0 2 5.440e+02 5.480e+02 38 0 3 5.991e+02 6.189e+02 185 0 4 6.699e+02 6.741e+02 40 0 2 4.844e+02 5.236e+02 365 0 3 5.135e+02 5.365e+02 213 0 2 6.249e+02 6.351e+02 95 0 1 6.337e+02 6.683e+02 321 0 3 5.499e+02 5.841e+02 317 0 4 6.231e+02 6.369e+02 129 0 4 6.522e+02 6.918e+02 368 0 3 5.069e+02 5.431e+02 336 0 2 6.166e+02 6.434e+02 248 0 1 5.466e+02 5.874e+02 379 0 4 6.115e+02 6.485e+02 344 1 4 4.613e+02 4.627e+02 14 1 3 4.687e+02 4.973e+02 266 1 2 6.187e+02 6.413e+02 210 1 4 6.129e+02 6.471e+02 318 2 3 1.038e+02 1.062e+02 23 2 4 1.649e+02 1.711e+02 57 2 4 4.058e+01 4.342e+01 26 2 2 7.962e+01 8.838e+01 81 2 1 1.847e+02 1.933e+02 80 2 3 5.831e+01 6.769e+01 87 2 4 7.396e+01 9.404e+01 186 2 3 1.788e+02 1.992e+02 190 2 2 3.264e+01 5.136e+01 174 2 2 1.163e+02 1.357e+02 180 2 4 2.658e+01 5.742e+01 286 2 4 1.092e+02 1.428e+02 312 2 1 5.409e+01 7.191e+01 166 2 2 2.371e+01 6.029e+01 340
26308 16 0 1 5.628e+02 5.712e+02 78 0 4 6.708e+02 6.732e+02 22 0 3 5.639e+02 5.701e+02 58 0 4 5.817e+02 5.943e+02 116 0 2 6.693e+02 6.747e+02 50 0 2 5.299e+02 5.621e+02 299 0 1 5.991e+02 6.189e+02 185 0 3 6.346e+02 6.674e+02 304 0 3 5.997e+02 6.183e+02 172 0 4 6.583e+02 6.857e+02 255 0 2 6.201e+02 6.399e+02 184 0 1 6.353e+02 6.667e+02 292 1 4 6.180e+02 6.420e+02 223 1 2 6.109e+02 6.491e+02 354 2 3 1.734e+01 2.466e+01 68 2 1 8.319e+00 3.368e+01 236
26309 3 0 1 6.354e+02 6.666e+02 290 0 1 3.846e+02 4.134e+02 267 2 4 3.692e+02 3.868e+02 164
26310 3 0 1 3.977e+02 4.003e+02 25 0 2 3.760e+02 3.800e+02 37 0 4 6.589e+02 6.851e+02 243
26311 23 0 1 9.860e+01 1.114e+02 119 0 4 5.825e+02 5.935e+02 102 0 3 9.604e+01 1.140e+02 166 0 4 6.700e+02 6.740e+02 37 0 2 3.231e+02 3.489e+02 240 0 1 6.459e+02 6.561e+02 96 0 2 1.126e+02 1.394e+02 249 0 1 5.907e+02 6.273e+02 340 0 4 3.582e+02 3.978e+02 367 0 3 6.442e+02 6.578e+02 126 0 3 5.918e+02 6.262e+02 319 0 4 6.592e+02 6.848e+02 237 0 1 6.368e+02 6.652e+02 263 0 3 6.313e+02 6.707e+02 366 1 2 6.174e+02 6.426e+02 235 1 4 6.111e+02 6.489e+02 350 2 4 4.126e+01 4.274e+01 14 2 2 7.504e+01 9.296e+01 166 2 1 5.589e+01 7.011e+01 132 2 3 6.068e+01 6.532e+01 43 2 2 3.152e+01 5.248e+01 195 2 3 4.884e+01 7.716e+01 263 2 1 4.238e+01 8.362e+01 383
26312 7 0 3 1.677e+02 2.103e+02 396 0 1 1.660e+02 2.120e+02 427 1 3 5.165e+02 5.335e+02 158 1 4 5.347e+02 5.573e+02 210 1 1 3.820e+01 8.780e+01 460 2 1 2.292e+02 2.328e+02 33 2 1 6.325e+02 6.695e+02 344
26314 6 0 1 5.597e+02 5.743e+02 135 0 4 5.848e+02 5.912e+02 59 0 1 5.908e+02 6.272e+02 338 0 3 5.898e+02 6.282e+02 356 1 2 6.297e+02 6.303e+02 6 1 1 5.140e+02 5.360e+02 205
26315 4 0 2 6.202e+02 6.398e+02 182 0 1 6.403e+02 6.617e+02 199 0 4 6.156e+02 6.444e+02 267 0 3 6.426e+02 6.594e+02 156
26317 10 2 1 1.806e+02 1.974e+02 156 2 1 1.608e+01 2.592e+01 91 2 3 1.818e+02 1.962e+02 135 2 2 2.025e+02 2.175e+02 139 2 3 6.212e+00 3.579e+01 275 2 4 2.009e+02 2.191e+02 169 3 1 1.402e+02 1.538e+02 127 3 2 1.586e+02 1.774e+02 174 3 3 1.419e+02 1.521e+02 94 3 4 1.567e+02 1.793e+02 210
26319 1 0 1 4.814e+02 4.846e+02 30
26323 1 0 2 3.311e+02 3.409e+02 91
26325 17 0 3 3.970e+02 4.010e+02 36 0 3 5.662e+02 5.678e+02 15 0 4 5.860e+02 5.900e+02 38 0 2 3.639e+02 3.921e+02 262 0 1 5.637e+02 5.703e+02 60 0 1 3.869e+02 4.111e+02 224 0 3 5.120e+02 5.380e+02 242 0 4 4.009e+02 4.391e+02 354 1 2 5.814e+02 5.946e+02 123 1 4 5.832e+02 5.928e+02 90 1 3 5.958e+02 6.222e+02 245 1 4 5.711e+02 6.049e+02 315 2 3 4.386e+02 4.434e+02 45 2 4 4.101e+02 4.299e+02 183 2 2 4.485e+02 4.755e+02 250 2 4 6.578e+02 6.862e+02 264 2 1 4.298e+02 4.522e+02 207
26327 1 0 2 6.557e+02 6.883e+02 302
26330 23 0 2 6.720e+02 6.720e+02 -7 0 4 7.706e+01 9.094e+01 129 0 1 6.045e+02 6.135e+02 84 0 3 4.363e+01 8.237e+01 360 0 4 6.705e+02 6.735e+02 27 0 1 9.470e+01 1.153e+02 191 0 2 6.575e+02 6.865e+02 269 1 2 1.661e+02 1.699e+02 35 1 3 1.700e+02 2.080e+02 353 2 2 5.431e+02 5.489e+02 54 2 3 6.300e+01 6.300e+01 -2 2 3 6.090e+02 6.090e+02 -8 2 4 1.260e+02 1.260e+02 -21 2 4 5.443e+02 5.477e+02 31 2 1 5.982e+02 6.198e+02 200 2 4 3.816e+01 4.584e+01 71 2 3 5.158e+02 5.342e+02 171 2 2 1.207e+02 1.313e+02 98 2 4 5.723e+02 6.037e+02 291 2 1 4.771e+01 7.829e+01 284 2 2 6.122e+02 6.478e+02 331 2 2 7.410e+01 9.390e+01 184 2 3 1.310e+02 1.630e+02 296
26331 33 0 1 4.395e+02 4.425e+02 27 0 4 4.596e+02 4.644e+02 46 0 3 4.319e+02 4.501e+02 170 0 2 4.472e+02 4.768e+02 276 1 4 5.875e+02 5.885e+02 9 1 3 5.501e+02 5.839e+02 313 2 3 3.148e+02 3.152e+02 3 2 2 4.197e+02 4.203e+02 6 2 2 4.139e+01 4.261e+01 11 2 2 5.460e+02 5.460e+02 -15 2 4 3.761e+02 3.799e+02 35 2 3 4.370e+02 4.450e+02 74 2 4 4.170e+01 4.230e+01 6 2 3 4.686e+02 4.974e+02 267 2 2 1.214e+02 1.306e+02 86 2 2 5.817e+02 5.943e+02 117 2 1 1.431e+02 1.509e+02 73 2 3 3.886e+02 4.094e+02 194 2 4 2.825e+02 3.055e+02 213 2 2 4.495e+02 4.745e+02 232 2 2 3.632e+02 3.928e+02 276 2 3 5.572e+02 5.768e+02 182 2 1 1.756e+01 2.444e+01 64 2 2 4.059e+02 4.341e+02 261 2 3 8.752e+01 1.225e+02 325 2 4 4.472e+02 4.768e+02 276 2 1 3.073e+02 3.227e+02 143 2 2 3.202e+02 3.518e+02 293 2 3 1.029e+01 3.171e+01 199 2 4 2.909e+01 5.491e+01 240 2 1 4.550e+00 3.745e+01 306 2 2 2.730e+01 5.670e+01 273 2 3 4.579e+01 8.021e+01 320
26333 1 2 3 1.448e+02 1.492e+02 40
26334 10 0 3 6.008e+02 6.172e+02 153 0 2 2.100e+02 2.100e+02 -18 0 4 5.757e+02 6.003e+02 228 0 1 5.941e+02 6.239e+02 276 2 1 1.836e+02 1.944e+02 100 2 4 1.229e+02 1.291e+02 57 2 1 1.731e+02 2.049e+02 295 2 3 1.345e+02 1.595e+02 232 2 2 1.071e+02 1.449e+02 350 2 2 1.524e+02 1.836e+02 290
26336 2 1 3 5.986e+02 6.194e+02 193 1 4 3.197e+01 5.203e+01 186
26337 2 0 4 6.244e+02 6.356e+02 104 0 3 6.403e+02 6.617e+02 200
26338 1 0 4 4.838e+02 5.242e+02 375
26339 0
26340 0
26341 5 2 3 5.709e+01 6.891e+01 110 2 3 3.921e+00 3.808e+01 317 2 4 2.443e+01 5.957e+01 326 2 1 -3.305e+00 4.530e+01 451 2 3 -3.527e+00 4.553e+01 456
