6891 0
6892 0
6893 75 0 2 1.678e+02 1.682e+02 4 0 3 4.819e+02 4.841e+02 20 0 2 2.932e+02 2.948e+02 15 0 2 5.443e+02 5.477e+02 31 0 1 1.783e+02 1.997e+02 200 0 4 5.874e+02 5.886e+02 10 0 2 3.671e+02 3.889e+02 202 0 3 6.501e+02 6.519e+02 16 0 3 1.789e+02 1.991e+02 187 0 2 4.566e+02 4.674e+02 100 0 4 2.803e+02 3.077e+02 254 0 3 5.652e+02 5.688e+02 33 0 4 3.641e+02 3.919e+02 258 0 1 6.090e+02 6.090e+02 -2 0 4 1.539e+02 1.821e+02 261 0 2 6.712e+02 6.728e+02 15 0 4 4.531e+02 4.709e+02 165 0 1 5.601e+02 5.739e+02 128 0 3 6.079e+02 6.101e+02 20 0 4 6.706e+02 6.734e+02 26 0 3 4.233e+02 4.587e+02 328 0 1 4.705e+02 4.955e+02 233 0 3 5.139e+02 5.361e+02 206 0 2 6.293e+02 6.307e+02 14 0 1 6.497e+02 6.523e+02 24 0 1 4.642e+02 5.018e+02 350 0 1 5.061e+02 5.439e+02 351 0 4 6.274e+02 6.326e+02 48 0 4 5.738e+02 6.022e+02 265 1 2 6.296e+02 6.304e+02 8 1 2 5.866e+02 5.894e+02 26 1 4 6.291e+02 6.309e+02 16 1 4 5.853e+02 5.907e+02 50 1 1 6.085e+02 6.095e+02 10 1 3 5.580e+02 5.760e+02 166 1 3 6.076e+02 6.104e+02 26 1 2 5.361e+02 5.559e+02 185 1 4 5.300e+02 5.620e+02 296 1 1 5.562e+02 5.778e+02 200 1 3 5.506e+02 5.834e+02 305 1 2 5.706e+02 6.054e+02 324 2 4 2.488e+02 2.552e+02 59 2 4 3.344e+02 3.376e+02 29 2 4 4.192e+02 4.208e+02 15 2 3 1.572e+01 2.628e+01 98 2 2 4.611e+02 4.629e+02 16 2 2 1.237e+02 1.283e+02 42 2 4 5.448e+02 5.472e+02 22 2 3 1.858e+02 1.922e+02 59 2 3 4.358e+02 4.462e+02 97 2 4 2.045e+02 2.155e+02 101 2 1 4.821e+02 4.839e+02 17 2 2 3.257e+02 3.463e+02 192 2 4 5.691e+02 6.069e+02 350 2 2 3.515e+01 4.885e+01 127 2 4 1.241e+02 1.279e+02 36 2 3 1.421e+02 1.519e+02 90 2 3 2.153e+02 2.467e+02 291 2 4 3.659e+01 4.741e+01 100 2 2 8.299e+01 8.501e+01 19 2 2 1.656e+02 1.704e+02 44 2 2 1.906e+02 2.294e+02 360 2 3 3.384e+02 3.756e+02 346 2 3 5.916e+01 6.684e+01 71 2 4 8.379e+01 8.421e+01 4 2 4 1.639e+02 1.721e+02 76 2 4 1.908e+02 2.292e+02 357 2 4 2.896e+01 5.504e+01 242 2 3 1.024e+02 1.076e+02 48 2 1 1.354e+02 1.586e+02 216 2 1 4.597e+00 3.740e+01 305 2 4 7.374e+01 9.426e+01 190 2 3 1.327e+02 1.613e+02 266 2 4 2.299e+01 6.101e+01 353 2 2 1.514e+02 1.846e+02 308
6894 9 0 3 6.496e+02 6.524e+02 26 0 3 4.350e+02 4.470e+02 111 0 1 6.447e+02 6.573e+02 116 0 4 6.122e+02 6.478e+02 330 0 2 6.556e+02 6.884e+02 305 0 4 4.036e+02 4.364e+02 305 0 1 4.228e+02 4.592e+02 337 2 1 2.716e+02 2.744e+02 26 2 2 1.192e+02 1.328e+02 126
6895 0
6896 6 2 3 3.003e+02 3.297e+02 273 2 4 2.786e+02 3.094e+02 286 3 3 3.984e+02 3.996e+02 10 3 3 4.380e+02 4.440e+02 56 3 2 4.162e+02 4.238e+02 70 3 1 4.235e+02 4.585e+02 325
6898 45 0 4 6.678e+02 6.762e+02 77 0 2 6.646e+02 6.794e+02 138 2 4 1.676e+02 1.684e+02 8 2 4 6.296e+02 6.304e+02 8 2 4 3.349e+02 3.371e+02 20 2 3 4.803e+02 4.857e+02 50 2 1 6.006e+01 6.594e+01 55 2 1 5.229e+02 5.271e+02 39 2 2 1.230e+02 1.290e+02 56 2 3 6.472e+02 6.548e+02 70 2 1 1.437e+02 1.503e+02 60 2 2 4.964e+02 5.116e+02 141 2 1 3.549e+02 3.591e+02 39 2 3 5.221e+02 5.279e+02 55 2 3 5.826e+01 6.774e+01 88 2 4 5.727e+02 6.033e+02 285 2 4 8.182e+01 8.618e+01 40 2 4 6.668e+02 6.772e+02 97 2 1 1.787e+02 1.993e+02 192 2 4 4.986e+02 5.094e+02 100 2 4 3.668e+02 3.892e+02 207 2 4 5.382e+02 5.538e+02 146 2 1 1.752e+01 2.448e+01 65 2 3 5.972e+02 6.208e+02 219 2 3 1.024e+02 1.076e+02 49 2 1 6.398e+02 6.622e+02 208 2 2 1.577e+02 1.783e+02 191 2 2 4.859e+02 5.221e+02 336 2 3 3.439e+02 3.701e+02 244 2 1 5.621e+02 5.719e+02 91 2 2 3.681e+01 4.719e+01 96 2 2 6.612e+02 6.828e+02 200 2 2 6.764e+01 1.004e+02 304 2 3 4.633e+02 5.027e+02 366 2 2 3.611e+02 3.949e+02 314 2 2 5.337e+02 5.583e+02 229 2 3 5.059e+01 7.541e+01 230 2 3 5.478e+02 5.862e+02 357 2 4 6.463e+01 1.034e+02 360 2 4 3.614e+02 3.946e+02 309 2 3 8.814e+00 3.319e+01 226 2 2 3.216e+02 3.504e+02 268 2 2 2.519e+01 5.881e+01 312 2 4 2.865e+01 5.535e+01 248 2 1 1.901e+00 4.010e+01 355
6899 15 0 4 6.268e+02 6.332e+02 59 0 2 5.432e+02 5.488e+02 52 0 4 5.880e+02 5.880e+02 -3 0 4 6.647e+02 6.793e+02 135 0 2 4.958e+02 5.122e+02 151 0 1 5.516e+02 5.824e+02 286 0 3 6.024e+02 6.156e+02 122 0 2 6.606e+02 6.834e+02 212 0 3 4.658e+02 5.002e+02 319 0 3 5.495e+02 5.845e+02 326 0 4 5.726e+02 6.034e+02 286 0 4 4.826e+02 5.254e+02 397 0 3 5.084e+02 5.416e+02 308 0 1 5.969e+02 6.211e+02 225 3 1 3.157e+00 3.884e+01 331
6900 12 0 2 6.713e+02 6.727e+02 13 1 3 6.011e+02 6.169e+02 146 2 4 5.838e+02 5.922e+02 78 2 1 6.038e+02 6.142e+02 96 2 4 7.280e+01 9.520e+01 208 2 4 3.771e+01 4.629e+01 80 2 2 5.834e+02 5.926e+02 85 2 2 6.997e+01 9.803e+01 260 2 3 5.483e+02 5.857e+02 347 2 3 5.566e+01 7.034e+01 136 2 1 9.800e+00 3.220e+01 208 2 1 4.982e+01 7.618e+01 245
6901 15 0 4 6.720e+02 6.720e+02 -23 0 4 3.659e+02 3.901e+02 225 0 4 3.236e+02 3.484e+02 230 0 1 5.419e+02 5.921e+02 466 0 4 5.644e+02 6.116e+02 438 0 1 5.863e+02 6.317e+02 421 0 1 5.003e+02 5.497e+02 458 0 3 5.855e+02 6.325e+02 436 0 2 6.034e+02 6.566e+02 494 1 4 6.051e+02 6.549e+02 463 2 4 1.260e+02 1.260e+02 -0 2 1 1.425e+02 1.515e+02 83 2 2 1.204e+02 1.316e+02 104 2 3 1.353e+02 1.587e+02 217 2 4 1.859e+02 2.341e+02 448
6903 13 0 4 3.780e+02 3.780e+02 -20 0 1 5.247e+02 5.253e+02 6 0 2 3.352e+02 3.368e+02 16 0 2 6.709e+02 6.731e+02 20 0 3 5.211e+02 5.289e+02 73 0 4 6.708e+02 6.732e+02 21 0 2 5.268e+02 5.652e+02 357 2 1 1.449e+02 1.491e+02 39 2 4 1.111e+02 1.409e+02 277 2 2 1.548e+02 1.812e+02 246 2 2 1.999e+02 2.201e+02 187 2 1 2.575e+00 3.943e+01 342 2 4 6.867e+01 9.933e+01 285
6905 10 2 1 4.820e+02 4.840e+02 18 2 2 4.494e+02 4.746e+02 234 2 1 5.534e+02 5.806e+02 252 2 4 4.535e+02 4.705e+02 157 2 2 5.725e+02 6.035e+02 288 2 3 4.683e+02 4.977e+02 272 3 4 5.036e+02 5.044e+02 7 3 1 5.240e+02 5.260e+02 19 3 3 5.132e+02 5.368e+02 220 3 2 4.892e+02 5.188e+02 275
6906 0
6908 28 0 3 5.983e+02 6.197e+02 198 0 4 3.207e+02 3.513e+02 284 0 1 6.339e+02 6.681e+02 317 0 3 5.572e+02 5.768e+02 182 0 2 6.159e+02 6.441e+02 261 0 4 6.570e+02 6.870e+02 278 0 1 5.524e+02 5.816e+02 270 0 4 5.716e+02 6.044e+02 304 0 2 6.515e+02 6.925e+02 381 0 2 5.219e+02 5.701e+02 448 2 3 4.367e+02 4.453e+02 80 2 2 5.443e+02 5.477e+02 32 2 1 4.372e+02 4.448e+02 70 2 4 4.472e+02 4.768e+02 275 2 4 5.427e+02 5.493e+02 61 2 4 6.547e+02 6.893e+02 321 2 2 4.467e+02 4.773e+02 285 2 1 5.058e+02 5.442e+02 357 2 3 5.079e+02 5.421e+02 317 3 1 5.250e+02 5.250e+02 0 3 3 5.574e+02 5.766e+02 179 3 3 5.247e+02 5.253e+02 6 3 4 5.788e+02 5.972e+02 170 3 3 4.820e+02 4.840e+02 19 3 2 5.027e+02 5.053e+02 25 3 4 4.998e+02 5.082e+02 79 3 1 4.720e+02 4.940e+02 204 3 3 5.075e+02 5.425e+02 325
6909 1 0 4 4.378e+02 4.862e+02 450
6910 0
6911 32 0 2 5.459e+02 5.461e+02 2 0 3 6.082e+02 6.098e+02 15 0 1 6.470e+02 6.550e+02 75 0 1 4.401e+02 4.419e+02 17 0 2 3.602e+02 3.958e+02 331 0 1 4.795e+02 4.865e+02 65 0 1 5.240e+02 5.260e+02 19 0 1 3.990e+02 3.990e+02 -1 0 3 5.562e+02 5.778e+02 201 0 1 5.970e+02 6.210e+02 222 0 4 6.543e+02 6.897e+02 328 0 3 3.990e+02 3.990e+02 -14 0 1 4.652e+02 5.008e+02 331 0 1 5.487e+02 5.853e+02 340 0 4 6.153e+02 6.447e+02 273 0 2 6.499e+02 6.941e+02 410 0 4 4.057e+02 4.343e+02 265 2 3 6.279e+01 6.321e+01 4 2 2 8.290e+01 8.510e+01 20 2 3 2.310e+02 2.310e+02 -10 2 4 2.881e+02 2.999e+02 110 2 1 6.131e+01 6.469e+01 31 2 2 2.403e+02 2.637e+02 217 2 3 3.046e+02 3.254e+02 193 2 4 1.957e+02 2.243e+02 266 2 2 2.734e+02 3.146e+02 383 2 4 2.461e+01 5.939e+01 323 2 1 2.133e+02 2.487e+02 329 3 4 4.143e+01 4.257e+01 10 3 3 6.300e+01 6.300e+01 -6 3 1 9.663e+01 1.134e+02 156 3 2 8.321e+01 8.479e+01 15
6912 6 0 2 6.672e+02 6.768e+02 90 0 3 6.055e+02 6.125e+02 65 0 4 6.680e+02 6.760e+02 74 3 1 2.698e+02 2.762e+02 59 3 3 3.923e+02 4.057e+02 125 3 2 4.173e+02 4.227e+02 50
6913 13 0 4 3.666e+02 3.894e+02 212 0 1 5.207e+02 5.293e+02 80 0 4 4.540e+02 4.700e+02 148 0 2 5.338e+02 5.582e+02 226 0 1 6.471e+02 6.549e+02 72 0 4 6.633e+02 6.807e+02 161 0 1 6.372e+02 6.648e+02 256 0 3 6.425e+02 6.595e+02 157 0 2 6.590e+02 6.850e+02 242 0 4 6.575e+02 6.865e+02 269 1 2 5.850e+02 5.910e+02 56 1 1 5.643e+02 5.697e+02 50 1 4 5.763e+02 5.997e+02 216
6914 6 0 3 6.508e+02 6.512e+02 4 0 2 6.225e+02 6.375e+02 140 0 1 6.482e+02 6.538e+02 52 0 4 6.568e+02 6.872e+02 283 1 2 3.682e+02 3.878e+02 181 2 1 2.100e+01 2.100e+01 -10
6915 35 0 1 2.622e+02 2.838e+02 200 0 4 6.271e+02 6.329e+02 53 0 3 6.480e+02 6.540e+02 56 0 3 5.150e+02 5.350e+02 186 0 2 6.271e+02 6.329e+02 55 0 1 6.403e+02 6.617e+02 199 0 1 4.810e+02 4.850e+02 36 0 3 6.345e+02 6.675e+02 306 1 4 6.300e+02 6.300e+02 -18 1 2 6.197e+02 6.403e+02 192 1 3 4.298e+02 4.522e+02 209 1 3 5.114e+02 5.386e+02 252 1 2 4.049e+02 4.351e+02 280 2 4 5.447e+02 5.473e+02 24 2 4 2.089e+02 2.111e+02 21 2 2 5.870e+02 5.890e+02 18 2 2 2.907e+02 2.973e+02 60 2 4 6.696e+02 6.744e+02 44 2 4 4.063e+01 4.337e+01 26 2 2 6.279e+02 6.321e+02 39 2 2 1.252e+02 1.268e+02 15 2 3 5.568e+02 5.772e+02 190 2 3 1.437e+02 1.503e+02 61 2 2 6.551e+02 6.889e+02 313 2 2 2.081e+02 2.119e+02 36 2 4 4.853e+02 5.227e+02 348 2 3 2.673e+02 2.787e+02 106 2 2 8.088e+01 8.712e+01 58 2 4 1.481e+02 1.879e+02 369 2 1 2.251e+02 2.369e+02 109 2 1 2.991e+02 3.309e+02 295 2 3 2.220e+02 2.400e+02 166 2 4 2.325e+02 2.715e+02 361 2 2 1.905e+02 2.295e+02 361 3 1 4.237e+00 3.776e+01 311
6916 17 0 1 5.663e+02 5.677e+02 12 0 3 1.559e+01 2.641e+01 100 0 4 5.819e+02 5.941e+02 113 0 4 3.784e+01 4.616e+01 77 0 4 6.631e+02 6.809e+02 166 0 2 4.520e+02 4.720e+02 186 0 3 5.562e+02 5.778e+02 201 0 2 6.249e+02 6.351e+02 94 0 2 6.628e+02 6.812e+02 170 0 3 5.953e+02 6.227e+02 254 0 1 5.913e+02 6.267e+02 328 2 4 3.352e+02 3.368e+02 15 2 1 3.986e+02 3.994e+02 7 2 3 3.560e+02 3.580e+02 18 2 2 3.773e+02 3.787e+02 12 2 1 3.490e+02 3.650e+02 148 2 2 3.213e+02 3.507e+02 272
6917 0
6919 6 0 4 1.680e+02 1.680e+02 0 1 3 5.936e+02 6.244e+02 286 1 4 5.732e+02 6.028e+02 276 1 4 6.062e+02 6.538e+02 441 2 3 4.775e+00 3.722e+01 301 2 2 1.936e+02 2.264e+02 305
6920 0
6921 28 1 3 6.027e+02 6.153e+02 117 1 2 6.278e+02 6.322e+02 41 1 3 5.963e+02 6.217e+02 236 1 2 6.149e+02 6.451e+02 281 1 4 6.196e+02 6.404e+02 194 2 3 1.881e+02 1.899e+02 17 2 1 3.989e+02 3.991e+02 2 2 2 2.092e+02 2.108e+02 16 2 4 6.682e+02 6.758e+02 71 2 3 3.069e+02 3.231e+02 151 2 2 4.176e+02 4.224e+02 45 2 2 3.329e+02 3.391e+02 57 2 2 4.562e+02 4.678e+02 107 2 4 4.200e+01 4.200e+01 -15 2 3 3.945e+02 4.035e+02 84 2 4 1.560e+02 1.800e+02 223 2 1 2.292e+02 2.328e+02 33 2 4 3.649e+02 3.911e+02 243 2 1 6.104e+01 6.496e+01 36 2 1 1.713e+02 2.067e+02 328 2 3 2.259e+02 2.361e+02 95 2 4 3.186e+02 3.534e+02 323 2 3 5.669e+01 6.931e+01 117 2 4 1.990e+02 2.210e+02 205 2 3 1.335e+01 2.865e+01 142 2 2 2.430e+02 2.610e+02 167 2 2 3.322e+01 5.078e+01 163 2 3 4.691e+01 7.909e+01 299
6922 13 0 4 5.854e+02 5.906e+02 48 0 1 5.522e+02 5.818e+02 276 0 3 5.505e+02 5.835e+02 307 1 4 5.843e+02 5.917e+02 70 1 2 5.830e+02 5.930e+02 92 1 1 5.525e+02 5.815e+02 270 1 3 5.520e+02 5.820e+02 279 2 2 3.888e+01 4.512e+01 58 2 4 3.978e+01 4.422e+01 41 2 1 4.691e+01 7.909e+01 299 2 3 4.597e+01 8.003e+01 316 3 1 1.474e+01 2.726e+01 116 3 3 1.370e+01 2.830e+01 136
6923 7 0 1 6.081e+02 6.099e+02 16 0 3 6.049e+02 6.131e+02 76 0 2 6.167e+02 6.433e+02 246 0 4 6.199e+02 6.401e+02 187 2 4 4.200e+01 4.200e+01 -1 2 1 2.613e+02 2.847e+02 218 2 3 6.275e+01 6.325e+01 5
6924 28 0 4 6.697e+02 6.743e+02 42 1 2 6.285e+02 6.315e+02 28 1 3 5.903e+02 6.277e+02 348 2 4 3.762e+02 3.798e+02 33 2 4 5.441e+02 5.479e+02 36 2 3 1.041e+02 1.059e+02 17 2 2 5.850e+02 5.910e+02 56 2 3 1.884e+02 1.896e+02 10 2 2 3.747e+02 3.813e+02 60 2 4 4.178e+02 4.222e+02 41 2 1 9.847e+00 3.215e+01 207 2 3 5.576e+02 5.764e+02 175 2 2 1.236e+02 1.284e+02 44 2 4 1.674e+02 1.686e+02 11 2 2 2.002e+02 2.198e+02 182 2 1 3.938e+02 4.042e+02 97 2 4 2.811e+02 3.069e+02 239 2 3 3.418e+02 3.722e+02 283 2 3 8.905e+00 3.310e+01 225 2 4 6.989e+01 9.811e+01 262 2 1 1.879e+02 1.901e+02 20 2 4 2.038e+02 2.162e+02 116 2 1 1.361e+02 1.579e+02 203 2 2 1.554e+02 1.806e+02 234 2 3 1.783e+02 1.997e+02 198 3 1 6.149e+01 6.451e+01 28 3 3 4.372e+00 3.763e+01 309 3 2 3.479e+01 4.921e+01 134
6926 3 0 1 1.859e+02 1.921e+02 58 0 3 1.811e+02 1.969e+02 147 0 2 1.555e+02 1.805e+02 231
6927 8 0 3 6.073e+02 6.107e+02 31 0 2 6.625e+02 6.815e+02 176 0 4 6.566e+02 6.874e+02 286 1 3 5.670e+02 5.670e+02 -0 1 1 3.970e+02 4.010e+02 36 1 2 6.292e+02 6.308e+02 15 1 4 6.280e+02 6.320e+02 38 1 1 5.924e+02 6.256e+02 309
6929 1 2 4 4.494e+02 4.746e+02 234
