35020 17 1 2 7.558e+01 9.242e+01 156 2 1 3.990e+02 3.990e+02 -10 2 2 5.020e+02 5.060e+02 38 2 2 5.830e+02 5.930e+02 93 2 3 3.919e+02 4.061e+02 131 2 4 5.020e+02 5.060e+02 36 2 4 5.868e+02 5.892e+02 21 2 2 4.113e+02 4.287e+02 162 2 3 4.681e+02 4.979e+02 277 2 1 5.957e+02 6.223e+02 246 2 4 4.119e+02 4.281e+02 150 2 3 5.942e+02 6.238e+02 275 3 1 4.395e+02 4.425e+02 28 3 3 4.410e+02 4.410e+02 -14 3 4 4.158e+02 4.242e+02 77 3 2 4.050e+02 4.350e+02 279 3 4 4.097e+02 4.303e+02 191
35022 0
35023 1 2 1 1.857e+02 1.923e+02 61
35024 41 0 2 6.258e+02 6.342e+02 77 0 1 5.577e+02 5.763e+02 173 0 4 6.294e+02 6.306e+02 11 0 2 6.674e+02 6.766e+02 85 0 3 5.540e+02 5.800e+02 242 0 4 5.847e+02 5.913e+02 61 0 4 6.542e+02 6.898e+02 331 0 3 5.994e+02 6.186e+02 178 0 2 6.092e+02 6.508e+02 386 2 1 2.303e+02 2.317e+02 13 2 1 2.725e+02 2.735e+02 10 2 2 4.559e+02 4.681e+02 113 2 2 8.290e+01 8.510e+01 20 2 4 5.375e+02 5.545e+02 157 2 2 2.508e+02 2.532e+02 21 2 4 5.828e+02 5.932e+02 96 2 1 2.587e+02 2.873e+02 266 2 3 4.302e+02 4.518e+02 200 2 4 3.677e+01 4.723e+01 97 2 4 4.468e+02 4.772e+02 281 2 4 1.152e+02 1.368e+02 200 2 1 5.600e+02 5.740e+02 130 2 3 1.831e+02 1.949e+02 110 2 4 6.196e+02 6.404e+02 193 2 2 2.090e+02 2.110e+02 18 2 3 6.395e+02 6.625e+02 213 2 3 5.490e+01 7.110e+01 150 2 1 4.224e+02 4.596e+02 345 2 1 1.709e+02 2.071e+02 336 2 1 4.638e+02 5.022e+02 356 2 4 2.036e+02 2.164e+02 120 2 3 5.516e+02 5.824e+02 286 2 3 1.115e+01 3.085e+01 183 2 2 6.159e+02 6.441e+02 261 2 3 2.220e+02 2.400e+02 167 2 2 5.282e+02 5.638e+02 330 2 4 2.446e+02 2.594e+02 138 2 2 1.981e+02 2.219e+02 220 2 4 1.952e+02 2.248e+02 275 2 3 2.141e+02 2.479e+02 315 3 3 8.711e+01 1.229e+02 332
35025 13 0 3 4.804e+02 4.856e+02 48 0 1 4.408e+02 4.412e+02 3 0 3 1.890e+02 1.890e+02 -19 0 4 4.994e+02 5.086e+02 85 0 4 2.022e+02 2.178e+02 145 0 1 6.381e+02 6.639e+02 239 0 1 5.077e+01 7.523e+01 227 0 2 4.587e+02 4.653e+02 62 0 3 1.730e+02 2.050e+02 296 0 3 6.410e+02 6.610e+02 186 0 1 4.236e+02 4.584e+02 324 0 4 4.579e+02 4.661e+02 76 2 1 2.192e+02 2.428e+02 220
35026 0
35027 34 0 1 6.504e+02 6.516e+02 11 0 3 1.039e+02 1.061e+02 20 0 3 5.250e+02 5.250e+02 -0 0 4 3.281e+02 3.439e+02 147 0 3 6.499e+02 6.521e+02 20 0 2 5.442e+02 5.478e+02 33 0 4 1.515e+02 1.845e+02 306 0 4 5.793e+02 5.967e+02 161 0 4 4.915e+02 5.165e+02 231 0 3 5.567e+02 5.773e+02 192 0 3 5.994e+02 6.186e+02 179 0 2 6.542e+02 6.898e+02 331 0 1 5.078e+02 5.422e+02 320 0 4 6.540e+02 6.900e+02 335 0 2 5.279e+02 5.641e+02 336 1 1 3.038e+02 3.262e+02 208 1 4 1.117e+02 1.403e+02 266 1 3 9.021e+01 1.198e+02 275 2 4 8.379e+01 8.421e+01 4 2 3 6.089e+02 6.091e+02 1 2 2 2.512e+02 2.528e+02 16 2 3 2.717e+02 2.743e+02 24 2 1 5.911e+01 6.689e+01 72 2 3 9.488e+01 1.151e+02 188 2 3 1.423e+02 1.517e+02 88 2 4 2.470e+02 2.570e+02 93 2 1 2.687e+02 2.773e+02 80 2 3 3.877e+00 3.812e+01 318 2 4 1.160e+02 1.360e+02 186 2 3 2.182e+02 2.438e+02 238 2 2 2.779e+02 3.101e+02 300 2 1 4.102e+00 3.790e+01 314 2 2 6.966e+01 9.834e+01 266 2 2 1.096e+02 1.424e+02 305
35028 6 0 4 4.593e+02 4.647e+02 50 0 3 4.348e+02 4.472e+02 115 2 4 1.677e+02 1.683e+02 6 2 2 3.349e+02 3.371e+02 21 2 3 3.058e+02 3.242e+02 170 2 2 3.244e+02 3.476e+02 216
35029 0
35030 7 0 4 4.892e+02 5.188e+02 275 0 2 4.818e+02 5.262e+02 413 0 3 5.430e+02 5.910e+02 446 0 1 4.616e+02 5.044e+02 398 0 1 5.428e+02 5.912e+02 450 3 4 4.030e+02 4.370e+02 316 3 3 3.822e+02 4.158e+02 312
35031 18 0 2 2.486e+02 2.554e+02 64 0 1 2.727e+02 2.733e+02 6 0 1 5.563e+02 5.777e+02 199 0 4 2.507e+02 2.533e+02 24 0 3 6.017e+02 6.163e+02 136 0 3 2.173e+02 2.447e+02 254 0 3 5.086e+02 5.414e+02 305 0 4 2.780e+02 3.100e+02 296 0 1 5.923e+02 6.257e+02 310 0 2 5.306e+02 5.614e+02 286 0 4 5.709e+02 6.051e+02 318 1 1 1.010e+02 1.090e+02 75 1 1 1.388e+02 1.552e+02 153 2 2 8.361e+01 8.439e+01 7 2 3 5.629e+01 6.971e+01 125 2 4 2.349e+02 2.691e+02 317 2 2 7.082e+01 9.718e+01 245 2 2 4.861e+02 5.219e+02 332
35032 14 0 3 5.660e+02 5.680e+02 19 0 2 5.354e+02 5.566e+02 196 0 1 5.518e+02 5.822e+02 282 2 3 6.185e+01 6.415e+01 21 2 3 2.268e+02 2.352e+02 77 2 2 4.058e+01 4.342e+01 26 2 4 2.054e+02 2.146e+02 85 2 4 4.049e+01 4.351e+01 28 2 2 6.764e+01 1.004e+02 304 2 2 1.942e+02 2.258e+02 294 2 1 5.947e+01 6.653e+01 66 2 1 5.342e+01 7.258e+01 178 2 3 4.960e+01 7.640e+01 249 2 4 2.681e+01 5.719e+01 282
35035 2 0 2 5.269e+02 5.651e+02 354 0 4 5.618e+02 6.142e+02 487
35036 6 1 2 4.565e+02 4.675e+02 102 1 1 5.632e+02 5.708e+02 70 2 2 3.754e+02 3.806e+02 49 2 3 4.376e+02 4.444e+02 64 2 3 3.498e+02 3.642e+02 133 2 4 3.199e+02 3.521e+02 300
35037 0
35038 21 0 2 6.718e+02 6.722e+02 3 0 2 1.595e+02 1.765e+02 158 0 1 3.062e+02 3.238e+02 164 0 4 6.705e+02 6.735e+02 27 0 4 3.655e+02 3.905e+02 232 0 1 6.357e+02 6.663e+02 284 0 2 3.234e+02 3.486e+02 235 0 3 5.523e+02 5.817e+02 273 0 3 6.341e+02 6.679e+02 313 0 4 6.529e+02 6.911e+02 356 1 4 6.220e+02 6.380e+02 149 1 2 4.801e+02 5.279e+02 445 1 2 6.073e+02 6.527e+02 421 2 4 8.290e+01 8.510e+01 20 2 1 1.115e+01 3.085e+01 183 2 2 7.908e+01 8.892e+01 91 2 3 1.271e+01 2.929e+01 154 2 3 8.684e+01 1.232e+02 337 2 2 2.515e+01 5.885e+01 313 2 4 1.788e+01 6.612e+01 448 2 1 2.861e-01 4.171e+01 385
35039 6 0 3 5.670e+02 5.670e+02 -2 0 4 6.248e+02 6.352e+02 97 0 1 5.627e+02 5.713e+02 80 0 3 5.986e+02 6.194e+02 194 0 3 5.557e+02 5.783e+02 210 0 2 5.263e+02 5.657e+02 366
35040 14 0 2 6.694e+02 6.746e+02 48 0 3 3.896e+02 4.084e+02 176 0 1 6.007e+02 6.173e+02 154 0 3 6.494e+02 6.526e+02 29 0 2 6.192e+02 6.408e+02 200 0 4 6.538e+02 6.902e+02 339 0 4 6.232e+02 6.368e+02 127 0 3 5.965e+02 6.215e+02 233 0 2 6.136e+02 6.464e+02 304 0 4 6.112e+02 6.488e+02 350 2 1 1.433e+02 1.507e+02 69 2 4 3.596e+01 4.804e+01 112 2 4 1.149e+02 1.371e+02 206 2 3 1.434e+02 1.506e+02 67
35041 1 0 4 6.612e+02 6.828e+02 201
35042 50 0 1 3.570e+02 3.570e+02 -8 0 2 2.930e+02 2.950e+02 19 0 2 3.359e+02 3.361e+02 2 0 4 5.035e+02 5.045e+02 10 0 1 3.043e+02 3.257e+02 200 0 2 3.683e+02 3.877e+02 180 0 2 6.293e+02 6.307e+02 13 0 4 3.279e+02 3.441e+02 150 0 4 3.584e+02 3.976e+02 365 0 3 5.563e+02 5.777e+02 199 0 4 6.291e+02 6.309e+02 16 0 2 6.676e+02 6.764e+02 82 0 4 4.899e+02 5.181e+02 262 0 1 5.913e+02 6.267e+02 329 0 4 6.709e+02 6.731e+02 20 0 2 4.474e+02 4.766e+02 270 0 1 6.398e+02 6.622e+02 209 0 3 6.420e+02 6.600e+02 168 1 4 5.868e+02 5.892e+02 23 1 1 6.083e+02 6.097e+02 12 1 3 5.596e+02 5.744e+02 138 1 3 6.053e+02 6.127e+02 69 1 2 5.832e+02 5.928e+02 89 1 4 6.281e+02 6.319e+02 36 1 2 6.184e+02 6.416e+02 216 2 1 2.100e+01 2.100e+01 -12 2 3 4.410e+02 4.410e+02 -5 2 3 1.450e+02 1.490e+02 38 2 4 4.605e+02 4.635e+02 28 2 2 2.096e+02 2.104e+02 8 2 4 4.200e+02 4.200e+02 -3 2 4 2.938e+02 2.942e+02 4 2 1 4.816e+02 4.844e+02 26 2 4 3.741e+02 3.819e+02 73 2 2 4.580e+02 4.660e+02 75 2 4 3.592e+01 4.808e+01 113 2 2 1.668e+02 1.692e+02 23 2 2 2.474e+02 2.566e+02 85 2 4 3.266e+02 3.454e+02 175 2 3 5.790e+01 6.810e+01 95 2 4 1.126e+02 1.394e+02 249 2 4 1.642e+02 1.718e+02 70 2 4 1.965e+02 2.235e+02 250 2 1 5.368e+01 7.232e+01 173 2 2 6.688e+01 1.011e+02 318 2 1 1.873e+02 1.907e+02 32 2 4 6.513e+01 1.029e+02 350 2 3 1.873e+02 1.907e+02 31 2 1 1.774e+02 2.006e+02 215 3 3 2.239e+02 2.381e+02 131
35043 5 2 4 5.851e+02 5.909e+02 55 2 1 6.065e+02 6.115e+02 46 2 2 5.798e+02 5.962e+02 151 2 3 5.908e+02 6.272e+02 337 3 2 6.717e+02 6.723e+02 6
35044 2 2 4 1.604e+02 1.756e+02 140 2 3 1.742e+02 2.038e+02 276
35045 0
35046 59 0 1 5.641e+02 5.699e+02 54 0 2 8.222e+01 8.578e+01 33 0 3 5.640e+02 5.700e+02 56 0 2 6.201e+02 6.399e+02 185 0 4 7.962e+01 8.838e+01 81 0 1 6.380e+02 6.640e+02 240 0 3 5.018e+01 7.582e+01 238 0 2 5.383e+02 5.537e+02 142 0 4 5.729e+02 6.031e+02 281 0 2 6.607e+02 6.833e+02 210 0 4 6.127e+02 6.473e+02 321 0 4 6.549e+02 6.891e+02 317 0 1 5.833e+02 6.347e+02 477 0 3 6.345e+02 6.675e+02 306 0 2 6.518e+02 6.922e+02 376 1 1 5.624e+02 5.716e+02 86 1 3 5.596e+02 5.744e+02 138 1 1 6.007e+02 6.173e+02 155 1 4 5.758e+02 6.002e+02 227 2 3 3.140e+02 3.160e+02 18 2 3 1.716e+01 2.484e+01 71 2 2 8.187e+01 8.613e+01 40 2 1 5.240e+02 5.260e+02 19 2 2 1.640e+02 1.720e+02 75 2 4 6.263e+02 6.337e+02 69 2 3 2.293e+02 2.327e+02 32 2 1 6.490e+02 6.530e+02 36 2 3 3.554e+02 3.586e+02 30 2 2 3.874e+01 4.526e+01 60 2 3 6.463e+02 6.557e+02 87 2 3 1.032e+02 1.068e+02 33 2 4 1.617e+02 1.743e+02 117 2 3 4.278e+02 4.542e+02 246 2 4 2.028e+02 2.172e+02 133 2 2 6.561e+02 6.879e+02 295 2 4 2.818e+02 3.062e+02 227 2 1 3.848e+02 4.132e+02 265 2 2 3.714e+02 3.846e+02 123 2 4 3.973e+01 4.427e+01 42 2 2 1.219e+02 1.301e+02 76 2 1 1.834e+02 1.946e+02 105 2 4 3.239e+02 3.481e+02 226 2 2 3.120e+01 5.280e+01 200 2 4 1.234e+02 1.286e+02 48 2 3 1.872e+02 1.908e+02 34 2 4 3.582e+02 3.978e+02 367 2 1 5.099e+01 7.501e+01 223 2 4 7.056e+01 9.744e+01 250 2 1 1.742e+02 2.038e+02 275 2 3 5.270e+01 7.330e+01 191 2 4 1.075e+02 1.445e+02 344 2 1 1.295e+02 1.645e+02 325 2 1 9.352e+00 3.265e+01 216 2 3 1.280e+02 1.660e+02 353 2 3 4.550e+00 3.745e+01 306 3 3 2.039e+01 2.161e+01 11 3 2 3.897e+01 4.503e+01 56 3 1 6.145e+01 6.455e+01 29 3 3 5.970e+01 6.630e+01 61
35047 12 0 4 6.300e+02 6.300e+02 -17 0 4 3.771e+02 3.789e+02 17 0 2 6.263e+02 6.337e+02 68 0 2 6.673e+02 6.767e+02 87 0 2 5.406e+02 5.514e+02 100 0 2 3.684e+02 3.876e+02 179 0 4 6.720e+02 6.720e+02 -10 0 2 3.208e+02 3.512e+02 282 0 4 4.497e+02 4.743e+02 229 0 1 5.537e+02 5.803e+02 246 0 1 6.422e+02 6.598e+02 163 3 4 7.711e+01 9.089e+01 128
35048 0
35049 29 0 4 4.529e+02 4.711e+02 170 0 1 6.403e+02 6.617e+02 199 0 4 3.067e+01 5.333e+01 210 0 4 4.468e+02 4.772e+02 282 0 2 6.547e+02 6.893e+02 322 0 1 4.200e+02 4.620e+02 390 0 2 4.431e+02 4.809e+02 350 0 4 6.533e+02 6.907e+02 348 0 3 4.200e+02 4.620e+02 390 0 2 6.457e+02 6.983e+02 489 1 1 2.727e+02 2.733e+02 6 1 2 2.066e+02 2.134e+02 64 1 3 2.697e+02 2.763e+02 62 1 1 1.840e+02 1.940e+02 92 1 2 2.810e+02 3.070e+02 241 1 4 1.943e+02 2.257e+02 291 1 3 2.067e+02 2.553e+02 452 1 1 2.046e+02 2.574e+02 490 2 4 6.257e+02 6.343e+02 80 2 4 3.764e+02 3.796e+02 30 2 4 1.252e+02 1.268e+02 16 2 4 6.674e+02 6.766e+02 85 2 2 3.729e+02 3.831e+02 95 2 3 4.328e+01 8.272e+01 366 2 3 3.814e+02 4.166e+02 327 2 4 6.199e+01 1.060e+02 409 2 1 3.901e+01 8.699e+01 446 2 2 6.082e+01 1.072e+02 430 3 4 6.306e+01 1.049e+02 389
35050 8 0 2 6.695e+02 6.745e+02 47 0 4 6.652e+02 6.788e+02 126 0 4 4.063e+02 4.337e+02 254 0 3 4.303e+02 4.517e+02 199 0 1 3.821e+02 4.159e+02 313 2 1 1.465e+01 2.735e+01 118 2 4 1.588e+02 1.772e+02 171 2 3 1.348e+01 2.852e+01 140
35051 2 0 4 2.510e+02 2.530e+02 18 0 3 2.209e+02 2.411e+02 188
35052 11 0 2 5.344e+02 5.576e+02 215 0 2 5.268e+02 5.652e+02 356 1 4 5.863e+02 5.897e+02 32 1 2 5.813e+02 5.947e+02 124 1 1 5.995e+02 6.185e+02 177 1 4 5.306e+02 5.614e+02 286 1 3 5.920e+02 6.260e+02 316 1 4 5.252e+02 5.668e+02 386 1 2 6.116e+02 6.484e+02 342 2 1 5.511e+02 5.829e+02 295 2 2 5.299e+02 5.621e+02 300
35053 5 0 4 6.702e+02 6.738e+02 33 1 4 6.300e+02 6.300e+02 -10 2 1 2.003e+01 2.197e+01 18 2 4 1.212e+02 1.308e+02 89 2 3 9.978e+00 3.202e+01 205
35054 17 0 4 7.823e+01 8.977e+01 107 0 1 9.730e+01 1.127e+02 143 0 3 6.392e+02 6.628e+02 220 0 3 9.241e+01 1.176e+02 234 0 2 7.334e+01 9.466e+01 198 1 4 4.094e+01 4.306e+01 20 1 3 2.048e+01 2.152e+01 10 1 3 9.676e+01 1.132e+02 153 1 3 5.768e+01 6.832e+01 99 1 4 8.079e+01 8.721e+01 60 1 4 2.313e+01 6.087e+01 350 1 1 2.800e+00 3.920e+01 338 1 3 4.642e+01 7.958e+01 308 2 2 2.504e+02 2.536e+02 30 2 3 2.730e+02 2.730e+02 0 2 4 2.480e+02 2.560e+02 74 2 3 2.226e+02 2.394e+02 156
35055 15 0 2 5.445e+02 5.475e+02 27 0 4 5.873e+02 5.887e+02 14 0 4 6.704e+02 6.736e+02 29 0 2 6.276e+02 6.324e+02 44 0 1 6.485e+02 6.535e+02 46 0 3 5.548e+02 5.792e+02 227 0 4 6.180e+02 6.420e+02 222 0 4 6.616e+02 6.824e+02 193 0 1 5.078e+02 5.422e+02 320 0 1 6.393e+02 6.627e+02 216 0 2 6.571e+02 6.869e+02 276 2 4 2.461e+02 2.579e+02 109 2 1 1.599e+01 2.601e+01 93 2 3 2.660e+02 2.800e+02 130 3 4 4.022e+02 4.378e+02 330
35056 35 0 1 5.181e+02 5.319e+02 128 0 4 5.830e+02 5.930e+02 92 0 1 5.553e+02 5.787e+02 216 0 3 5.532e+02 5.808e+02 257 0 4 5.642e+02 6.118e+02 441 0 3 6.318e+02 6.702e+02 357 0 3 5.148e+02 5.352e+02 189 0 2 5.341e+02 5.579e+02 221 0 2 5.269e+02 5.651e+02 355 1 4 6.277e+02 6.323e+02 43 1 4 5.405e+02 5.515e+02 102 1 2 6.264e+02 6.336e+02 66 1 1 5.949e+02 6.231e+02 261 1 4 5.278e+02 5.642e+02 338 1 3 5.908e+02 6.272e+02 338 2 4 1.669e+02 1.691e+02 20 2 3 6.050e+01 6.550e+01 46 2 4 1.227e+02 1.293e+02 61 2 4 6.199e+02 6.401e+02 187 2 1 1.443e+02 1.497e+02 50 2 3 5.175e+02 5.325e+02 140 2 3 2.261e+02 2.359e+02 90 2 2 3.964e+01 4.436e+01 44 2 2 8.065e+01 8.735e+01 62 2 2 1.550e+02 1.810e+02 241 2 2 1.987e+02 2.213e+02 210 2 4 3.865e+01 4.535e+01 62 2 2 1.230e+02 1.290e+02 56 2 1 2.155e+02 2.465e+02 287 2 1 5.651e+01 6.949e+01 120 2 3 9.214e+01 1.179e+02 239 2 4 2.373e+02 2.667e+02 274 2 3 1.016e+01 3.184e+01 201 2 4 1.944e+02 2.256e+02 289 2 1 4.637e+01 7.963e+01 309
35057 64 0 3 5.246e+02 5.254e+02 7 0 4 2.936e+02 2.944e+02 8 0 2 5.003e+02 5.077e+02 68 0 1 2.697e+02 2.763e+02 60 0 1 5.668e+02 5.672e+02 3 0 4 5.842e+02 5.918e+02 70 0 3 2.606e+02 2.854e+02 230 0 4 4.915e+02 5.165e+02 231 0 2 2.784e+02 3.096e+02 290 0 3 5.594e+02 5.746e+02 140 0 1 6.061e+02 6.119e+02 55 0 3 6.383e+02 6.637e+02 236 0 4 4.845e+02 5.235e+02 363 0 2 5.358e+02 5.562e+02 190 0 3 6.017e+02 6.163e+02 136 0 4 6.531e+02 6.909e+02 350 0 1 5.086e+02 5.414e+02 304 0 2 6.210e+02 6.390e+02 166 0 2 6.538e+02 6.902e+02 339 0 4 6.218e+02 6.382e+02 152 0 4 5.689e+02 6.071e+02 354 1 4 5.880e+02 5.880e+02 -6 1 1 6.079e+02 6.101e+02 20 1 4 5.415e+02 5.505e+02 84 1 3 6.070e+02 6.110e+02 38 1 1 5.621e+02 5.719e+02 91 1 2 6.229e+02 6.371e+02 132 1 2 5.817e+02 5.943e+02 117 1 4 6.265e+02 6.335e+02 66 1 1 5.526e+02 5.814e+02 267 1 4 6.153e+02 6.447e+02 274 1 3 5.537e+02 5.803e+02 247 2 2 6.295e+02 6.305e+02 10 2 4 3.759e+02 3.801e+02 39 2 2 3.762e+01 4.638e+01 81 2 4 1.247e+02 1.273e+02 24 2 3 6.023e+02 6.157e+02 124 2 1 1.450e+02 1.490e+02 36 2 4 2.409e+02 2.631e+02 206 2 3 3.908e+02 4.072e+02 153 2 3 2.688e+02 2.772e+02 77 2 4 5.332e+02 5.588e+02 238 2 4 3.299e+02 3.421e+02 114 2 3 5.958e+02 6.222e+02 245 2 3 1.209e+01 2.991e+01 166 2 4 8.061e+01 8.739e+01 63 2 2 4.048e+02 4.352e+02 281 2 3 1.451e+02 1.489e+02 35 2 3 5.501e+02 5.839e+02 313 2 1 4.758e+01 7.842e+01 286 2 3 9.582e+01 1.142e+02 170 2 4 4.104e+02 4.296e+02 179 2 1 1.729e+02 2.051e+02 299 2 1 3.861e+02 4.119e+02 240 2 4 2.452e+01 5.948e+01 325 2 2 6.777e+01 1.002e+02 301 3 1 1.020e+02 1.080e+02 56 3 3 1.945e+01 2.255e+01 29 3 4 8.334e+01 8.466e+01 12 3 3 9.793e+01 1.121e+02 131 3 2 1.073e+02 1.447e+02 347 3 3 5.498e+01 7.102e+01 149 3 3 4.942e+01 7.658e+01 252 3 2 6.961e+01 9.839e+01 267
35058 14 0 1 6.080e+02 6.100e+02 18 0 3 6.507e+02 6.513e+02 6 0 2 2.087e+02 2.113e+02 25 0 3 6.067e+02 6.113e+02 43 0 2 6.574e+02 6.866e+02 271 0 1 2.168e+02 2.452e+02 263 0 4 6.119e+02 6.481e+02 336 0 4 6.624e+02 6.816e+02 178 0 2 6.103e+02 6.497e+02 366 1 4 5.880e+02 5.880e+02 -4 2 2 2.520e+02 2.520e+02 -22 2 1 2.699e+02 2.761e+02 57 2 4 2.446e+02 2.594e+02 137 2 3 2.214e+02 2.406e+02 178
35061 1 1 4 4.491e+02 4.749e+02 239
35063 22 0 4 6.675e+02 6.765e+02 83 0 1 5.575e+02 5.765e+02 176 0 4 5.829e+02 5.931e+02 94 0 1 6.476e+02 6.544e+02 63 0 3 6.454e+02 6.566e+02 105 0 3 5.865e+02 6.315e+02 417 0 2 6.664e+02 6.776e+02 105 0 3 6.323e+02 6.697e+02 348 0 2 6.511e+02 6.929e+02 388 2 4 4.094e+01 4.306e+01 20 2 3 9.815e+01 1.118e+02 127 2 3 1.405e+02 1.535e+02 121 2 3 1.999e+01 2.201e+01 19 2 2 7.096e+01 9.704e+01 242 2 2 1.650e+02 1.710e+02 56 2 4 6.899e+01 9.901e+01 279 2 1 1.848e+02 1.932e+02 78 2 2 1.946e+02 2.254e+02 286 2 4 1.086e+02 1.434e+02 323 2 3 1.832e+02 1.948e+02 108 2 4 1.877e+02 2.323e+02 415 2 1 1.760e+02 2.020e+02 242
35065 9 0 1 5.632e+02 5.708e+02 71 0 1 2.235e+02 2.385e+02 139 0 3 5.657e+02 5.683e+02 25 0 2 5.429e+02 5.491e+02 58 0 3 5.555e+02 5.785e+02 214 0 3 5.825e+02 6.355e+02 491 0 1 5.136e+02 5.364e+02 211 0 2 5.300e+02 5.620e+02 296 3 4 6.560e+02 6.880e+02 298
35066 27 0 3 5.925e+02 6.255e+02 306 0 2 6.136e+02 6.464e+02 304 2 1 6.190e+01 6.410e+01 20 2 3 3.916e+02 4.064e+02 138 2 4 1.572e+02 1.788e+02 200 2 4 5.378e+02 5.542e+02 153 2 1 2.238e+02 2.382e+02 134 2 1 3.896e+02 4.084e+02 175 2 4 3.655e+02 3.905e+02 231 2 1 5.548e+02 5.792e+02 227 2 4 3.197e+01 5.203e+01 186 2 2 7.118e+01 9.682e+01 238 2 3 5.466e+02 5.874e+02 380 2 1 1.810e+02 1.970e+02 148 2 3 2.231e+02 2.389e+02 147 2 3 5.651e+01 6.949e+01 120 2 3 1.276e+02 1.664e+02 360 2 2 1.992e+02 2.208e+02 201 2 1 2.490e+02 2.970e+02 446 2 2 3.534e+02 4.026e+02 456 2 2 2.546e+01 5.854e+01 307 2 4 1.443e+02 1.917e+02 440 2 2 1.871e+02 2.329e+02 425 2 3 4.790e+01 7.810e+01 280 2 4 1.908e+02 2.292e+02 357 2 2 2.301e+02 2.739e+02 406 3 1 2.352e+00 3.965e+01 346
35067 2 2 2 6.231e+02 6.369e+02 128 2 1 6.385e+02 6.635e+02 231
35068 6 0 4 5.829e+02 5.931e+02 94 0 3 5.986e+02 6.194e+02 194 2 2 3.228e+01 5.172e+01 180 2 4 3.345e+01 5.055e+01 159 2 1 -1.013e+00 4.301e+01 409 2 3 -4.738e+00 4.674e+01 478
35069 10 0 2 6.718e+02 6.722e+02 4 0 1 6.490e+02 6.530e+02 38 0 3 6.464e+02 6.556e+02 85 0 2 6.627e+02 6.813e+02 173 2 1 5.647e+02 5.693e+02 42 2 3 6.131e+01 6.469e+01 31 2 2 7.603e+01 9.197e+01 148 2 2 5.750e+02 6.010e+02 240 2 4 2.492e+01 5.908e+01 317 2 2 5.683e+02 6.077e+02 366
35070 38 0 1 5.195e+02 5.305e+02 101 0 2 6.642e+02 6.798e+02 146 0 4 6.622e+02 6.818e+02 182 2 3 2.310e+02 2.310e+02 -4 2 4 5.450e+02 5.470e+02 18 2 1 2.685e+02 2.775e+02 83 2 4 6.712e+02 6.728e+02 15 2 4 3.772e+02 3.788e+02 15 2 4 4.180e+02 4.220e+02 36 2 1 6.300e+01 6.300e+01 -2 2 4 5.002e+02 5.078e+02 71 2 2 7.899e+01 8.901e+01 93 2 4 5.348e+02 5.572e+02 207 2 3 1.876e+02 1.904e+02 26 2 4 5.855e+02 5.905e+02 46 2 2 2.520e+02 2.520e+02 -8 2 1 3.977e+02 4.003e+02 25 2 3 2.652e+02 2.808e+02 145 2 3 6.002e+02 6.178e+02 163 2 4 3.236e+02 3.484e+02 230 2 2 5.737e+02 6.023e+02 266 2 2 3.354e+01 5.046e+01 157 2 4 1.589e+02 1.771e+02 170 2 4 2.465e+02 2.575e+02 102 2 1 2.598e+02 2.862e+02 245 2 3 3.441e+02 3.699e+02 240 2 4 3.452e+01 4.948e+01 139 2 4 6.562e+01 1.024e+02 341 2 3 1.802e+02 1.978e+02 163 2 2 2.037e+02 2.163e+02 116 2 2 3.597e+02 3.963e+02 340 2 3 5.167e+01 7.433e+01 210 2 3 1.711e+02 2.069e+02 333 2 1 2.273e+02 2.347e+02 69 2 4 2.829e+01 5.571e+01 255 2 3 1.283e+02 1.657e+02 348 2 4 1.993e+02 2.207e+02 199 2 3 3.204e+00 3.880e+01 330
