11600 5 0 3 3.974e+02 4.006e+02 29 1 1 3.556e+02 3.584e+02 26 1 4 4.603e+02 4.637e+02 32 1 3 3.496e+02 3.644e+02 137 1 2 3.658e+02 3.902e+02 226
11601 17 0 3 6.084e+02 6.096e+02 10 0 4 6.284e+02 6.316e+02 30 0 2 6.685e+02 6.755e+02 66 0 2 6.238e+02 6.362e+02 115 0 4 6.551e+02 6.889e+02 315 0 4 5.801e+02 5.959e+02 146 0 2 6.547e+02 6.893e+02 322 0 1 5.974e+02 6.206e+02 216 0 1 5.901e+02 6.279e+02 350 1 4 6.280e+02 6.320e+02 36 1 1 5.969e+02 6.211e+02 226 1 1 5.490e+02 5.850e+02 334 1 3 5.938e+02 6.242e+02 283 2 3 1.501e+01 2.699e+01 111 2 2 3.268e+01 5.132e+01 173 2 1 5.852e+00 3.615e+01 281 2 4 2.407e+01 5.993e+01 333
11602 13 0 2 4.490e+02 4.750e+02 242 1 2 6.292e+02 6.308e+02 15 1 1 5.250e+02 5.250e+02 -5 1 1 6.049e+02 6.131e+02 76 2 1 2.691e+02 2.769e+02 72 2 4 7.984e+01 8.816e+01 77 2 2 2.940e+02 2.940e+02 0 2 2 7.563e+01 9.237e+01 156 2 3 3.077e+02 3.223e+02 136 2 4 4.884e+02 5.196e+02 290 2 2 3.675e+02 3.885e+02 196 2 3 8.832e+01 1.217e+02 310 2 4 2.841e+02 3.039e+02 185
11603 22 0 1 4.800e+02 4.860e+02 56 0 3 6.483e+02 6.537e+02 50 0 2 4.541e+02 4.699e+02 147 0 4 6.153e+02 6.447e+02 274 0 2 6.713e+02 6.727e+02 12 0 3 4.728e+02 4.932e+02 190 0 1 6.337e+02 6.683e+02 320 1 4 5.434e+02 5.486e+02 49 2 3 5.723e+01 6.877e+01 107 2 4 1.235e+02 1.285e+02 46 2 3 1.890e+02 1.890e+02 -20 2 3 5.095e+01 7.505e+01 224 2 4 8.160e+01 8.640e+01 45 2 3 1.447e+02 1.493e+02 42 2 3 9.587e+01 1.141e+02 170 2 2 1.603e+02 1.757e+02 143 2 2 7.329e+01 9.471e+01 199 2 4 1.637e+02 1.723e+02 80 2 4 6.692e+01 1.011e+02 317 2 1 1.791e+02 1.989e+02 185 2 1 1.383e+02 1.557e+02 161 2 2 1.496e+02 1.864e+02 341
11604 0
11605 5 0 1 2.300e+02 2.320e+02 18 0 1 2.122e+02 2.498e+02 349 2 2 2.473e+02 2.567e+02 87 2 4 4.490e+02 4.750e+02 241 2 3 2.126e+02 2.494e+02 342
11606 13 0 1 6.394e+02 6.626e+02 216 0 4 1.552e+02 1.808e+02 237 0 1 4.711e+02 4.949e+02 221 0 3 6.404e+02 6.616e+02 197 0 3 4.645e+02 5.015e+02 344 0 1 6.327e+02 6.693e+02 340 0 4 4.882e+02 5.198e+02 294 0 4 6.044e+02 6.556e+02 475 0 1 6.261e+02 6.759e+02 463 0 2 4.816e+02 5.264e+02 416 2 4 8.092e+01 8.708e+01 57 2 3 1.025e+01 3.175e+01 200 2 1 8.858e+00 3.314e+01 226
11607 10 3 1 4.401e+02 4.419e+02 17 3 1 5.195e+02 5.305e+02 102 3 4 5.874e+02 5.886e+02 10 3 3 6.061e+02 6.119e+02 55 3 3 5.221e+02 5.279e+02 53 3 1 4.211e+02 4.609e+02 369 3 2 5.300e+02 5.620e+02 297 3 1 5.969e+02 6.211e+02 226 3 2 5.707e+02 6.053e+02 320 3 4 5.272e+02 5.648e+02 350
11608 5 0 1 4.810e+02 4.850e+02 37 0 3 5.224e+02 5.276e+02 49 0 2 4.970e+02 5.110e+02 130 0 1 2.542e+02 2.918e+02 349 0 1 4.667e+02 4.993e+02 303
11609 27 0 3 6.053e+02 6.127e+02 68 1 4 5.274e+02 5.646e+02 345 2 4 3.344e+02 3.376e+02 29 2 2 1.654e+02 1.706e+02 49 2 1 3.546e+02 3.594e+02 45 2 4 4.148e+01 4.252e+01 10 2 2 7.653e+01 9.147e+01 139 2 2 6.534e+02 6.906e+02 346 2 4 1.666e+02 1.694e+02 26 2 2 2.054e+02 2.146e+02 85 2 4 6.550e+02 6.890e+02 316 2 3 2.639e+02 2.821e+02 170 2 2 3.245e+02 3.475e+02 213 2 1 5.795e+01 6.805e+01 94 2 4 6.464e+01 1.034e+02 360 2 4 1.559e+02 1.801e+02 225 2 4 2.031e+02 2.169e+02 129 2 2 2.889e+02 2.991e+02 96 2 3 3.427e+02 3.713e+02 266 2 2 2.964e+01 5.436e+01 230 2 1 1.299e+02 1.641e+02 318 2 1 2.215e+02 2.405e+02 177 2 4 2.781e+02 3.099e+02 296 2 3 5.274e+01 7.326e+01 190 2 3 1.334e+02 1.606e+02 253 2 4 2.187e+01 6.213e+01 374 2 3 1.690e+02 2.090e+02 372
11610 4 0 3 6.510e+02 6.510e+02 0 0 1 6.473e+02 6.547e+02 68 0 2 6.152e+02 6.448e+02 276 0 4 6.539e+02 6.901e+02 336
11611 8 0 1 5.647e+02 5.693e+02 43 1 2 6.175e+02 6.425e+02 231 1 4 6.167e+02 6.433e+02 246 2 4 2.940e+02 2.940e+02 -18 2 4 3.697e+02 3.863e+02 155 2 4 3.354e+01 5.046e+01 157 2 2 7.154e+01 9.646e+01 231 2 3 3.016e+02 3.284e+02 248
11612 8 2 3 1.047e+02 1.053e+02 6 2 4 1.620e+02 1.740e+02 112 2 3 5.979e+01 6.621e+01 60 2 2 1.213e+02 1.307e+02 88 2 1 5.346e+01 7.254e+01 177 2 4 7.837e+01 8.963e+01 105 2 2 7.231e+01 9.569e+01 217 2 4 6.544e+01 1.026e+02 345
11613 11 0 1 6.270e+02 6.750e+02 446 0 4 3.095e+02 3.625e+02 493 0 2 4.810e+02 5.270e+02 426 0 3 5.018e+02 5.482e+02 431 0 3 6.263e+02 6.757e+02 460 0 4 4.776e+02 5.304e+02 490 0 2 6.473e+02 6.967e+02 459 1 2 4.155e+02 4.245e+02 84 1 4 6.034e+02 6.566e+02 494 2 4 1.510e+02 1.850e+02 316 2 4 5.979e+01 1.082e+02 450
11614 10 0 4 6.716e+02 6.724e+02 7 0 4 4.990e+02 5.090e+02 92 0 2 6.228e+02 6.372e+02 134 0 3 6.496e+02 6.524e+02 26 0 3 5.132e+02 5.368e+02 219 0 4 6.184e+02 6.416e+02 215 0 1 6.385e+02 6.635e+02 231 2 3 2.100e+01 2.100e+01 -4 2 2 2.766e+01 5.634e+01 266 2 2 6.966e+01 9.834e+01 266
11615 0
11616 26 0 2 3.716e+02 3.844e+02 120 0 3 3.973e+02 4.007e+02 32 0 1 3.379e+02 3.761e+02 356 0 4 4.193e+02 4.207e+02 14 0 2 3.532e+02 4.028e+02 460 0 3 5.615e+02 5.725e+02 102 0 4 5.861e+02 5.899e+02 35 0 2 6.706e+02 6.734e+02 26 0 1 3.848e+02 4.132e+02 264 0 2 5.356e+02 5.564e+02 193 0 2 6.173e+02 6.427e+02 236 0 1 6.471e+02 6.549e+02 73 0 4 4.800e+02 5.280e+02 446 0 1 5.523e+02 5.817e+02 274 0 1 5.835e+02 6.345e+02 473 0 2 6.641e+02 6.799e+02 146 0 3 5.836e+02 6.344e+02 471 0 4 6.621e+02 6.819e+02 183 2 4 8.397e+01 8.403e+01 0 2 2 8.115e+01 8.685e+01 53 2 2 2.054e+02 2.146e+02 86 2 3 8.684e+01 1.232e+02 337 2 3 1.808e+02 1.972e+02 153 2 1 2.139e+02 2.481e+02 317 2 4 1.490e+02 1.870e+02 353 3 1 1.393e+01 2.807e+01 131
11617 17 0 2 6.203e+02 6.397e+02 180 0 2 2.097e+02 2.103e+02 6 0 3 2.277e+02 2.343e+02 62 0 4 6.157e+02 6.443e+02 265 0 3 6.427e+02 6.593e+02 155 0 4 2.485e+02 2.555e+02 66 0 1 6.380e+02 6.640e+02 241 0 4 2.760e+02 3.120e+02 334 0 2 1.925e+02 2.275e+02 326 2 3 1.004e+02 1.096e+02 85 2 2 1.203e+02 1.317e+02 106 2 4 5.399e+02 5.521e+02 113 2 1 1.393e+02 1.547e+02 143 2 4 1.207e+02 1.313e+02 98 2 3 5.568e+02 5.772e+02 189 2 4 6.593e+01 1.021e+02 336 2 3 8.563e+01 1.244e+02 360
11618 8 0 4 4.589e+02 4.651e+02 58 0 4 4.885e+02 5.195e+02 287 1 2 2.092e+02 2.108e+02 15 1 4 2.100e+02 2.100e+02 -8 1 3 1.711e+02 2.069e+02 333 2 4 2.814e+02 3.066e+02 234 2 4 3.657e+02 3.903e+02 228 2 4 3.165e+02 3.555e+02 363
11619 4 0 1 6.055e+02 6.125e+02 65 0 1 2.959e+02 3.341e+02 355 0 3 6.042e+02 6.138e+02 89 0 4 5.720e+02 6.040e+02 296
11620 36 0 3 5.510e+02 5.830e+02 298 1 1 5.926e+02 6.254e+02 304 2 4 3.360e+02 3.360e+02 -14 2 3 1.460e+02 1.480e+02 19 2 4 5.460e+02 5.460e+02 -4 2 1 3.541e+02 3.599e+02 53 2 4 4.040e+01 4.360e+01 30 2 4 1.223e+02 1.297e+02 69 2 4 4.187e+02 4.213e+02 25 2 4 1.680e+02 1.680e+02 -10 2 4 5.015e+02 5.065e+02 46 2 2 3.778e+02 3.782e+02 5 2 4 5.339e+02 5.581e+02 224 2 2 3.744e+01 4.656e+01 85 2 2 6.636e+02 6.804e+02 156 2 2 8.191e+01 8.609e+01 39 2 1 1.890e+02 1.890e+02 -16 2 1 4.410e+02 4.410e+02 -8 2 1 3.449e+02 3.691e+02 226 2 4 6.619e+02 6.821e+02 188 2 1 5.638e+01 6.962e+01 123 2 2 4.115e+02 4.285e+02 158 2 4 7.500e+01 9.300e+01 167 2 3 6.385e+02 6.635e+02 233 2 1 1.432e+02 1.508e+02 71 2 3 4.273e+02 4.547e+02 254 2 2 3.177e+02 3.543e+02 340 2 1 3.818e+02 4.162e+02 320 2 3 4.695e+01 7.905e+01 298 2 2 4.057e+02 4.343e+02 266 2 2 1.570e+02 1.790e+02 204 2 3 1.769e+02 2.011e+02 226 2 2 1.520e+02 1.840e+02 297 3 3 1.626e+01 2.574e+01 88 3 2 3.906e+01 4.494e+01 55 3 2 2.537e+01 5.863e+01 309
11621 1 0 2 6.300e+02 6.300e+02 -1
11625 5 0 2 2.496e+02 2.544e+02 46 0 2 8.254e+01 8.546e+01 27 0 3 2.199e+02 2.421e+02 206 0 1 2.138e+02 2.482e+02 320 2 3 2.025e+01 2.175e+01 14
11628 7 0 1 6.510e+02 6.510e+02 0 0 1 6.341e+02 6.679e+02 315 2 4 2.063e+02 2.137e+02 70 2 2 1.206e+02 1.314e+02 100 2 2 2.782e+02 3.098e+02 294 2 3 9.474e+01 1.153e+02 190 2 4 1.115e+02 1.405e+02 270
11629 17 0 4 5.032e+02 5.048e+02 15 0 2 6.233e+02 6.367e+02 124 0 3 6.474e+02 6.546e+02 67 0 1 4.779e+02 4.881e+02 94 0 4 6.243e+02 6.357e+02 106 0 2 6.682e+02 6.758e+02 71 0 2 4.939e+02 5.141e+02 188 0 1 5.967e+02 6.213e+02 228 0 3 5.926e+02 6.254e+02 304 2 4 2.451e+02 2.589e+02 128 2 4 3.870e+01 4.530e+01 61 2 3 2.240e+02 2.380e+02 130 2 1 5.907e+01 6.693e+01 73 2 4 7.002e+01 9.798e+01 260 2 3 5.750e+01 6.850e+01 102 2 2 2.789e+01 5.611e+01 262 2 4 2.286e+01 6.114e+01 356
11631 10 0 1 2.298e+02 2.322e+02 22 0 2 2.417e+02 2.623e+02 191 0 4 2.430e+02 2.610e+02 166 0 2 6.532e+02 6.908e+02 349 0 3 2.126e+02 2.494e+02 341 2 2 2.504e+02 2.536e+02 29 2 1 1.810e+01 2.390e+01 54 2 4 8.155e+01 8.645e+01 46 2 3 1.083e+01 3.117e+01 189 2 3 2.185e+02 2.435e+02 232
11633 1 1 2 6.181e+02 6.419e+02 221
11634 1 3 1 3.873e+02 4.107e+02 218
11636 6 0 2 2.058e+02 2.142e+02 79 0 3 1.758e+02 2.022e+02 246 0 4 2.026e+02 2.174e+02 138 1 2 6.297e+02 6.303e+02 6 1 1 5.233e+02 5.267e+02 32 3 1 1.288e+02 1.652e+02 339
11637 10 0 1 6.090e+02 6.090e+02 -11 0 3 6.510e+02 6.510e+02 -10 0 1 4.345e+02 4.475e+02 121 0 4 4.589e+02 4.651e+02 57 0 3 6.061e+02 6.119e+02 55 0 2 6.608e+02 6.832e+02 208 0 3 4.707e+02 4.953e+02 229 0 4 6.237e+02 6.363e+02 117 0 4 6.616e+02 6.824e+02 194 0 2 6.204e+02 6.396e+02 178
11639 72 0 2 3.341e+02 3.379e+02 36 0 1 6.500e+02 6.520e+02 18 0 4 3.261e+02 3.459e+02 184 0 1 5.248e+02 5.252e+02 3 0 2 1.939e+02 2.261e+02 300 0 1 6.059e+02 6.121e+02 57 0 1 3.396e+02 3.744e+02 324 0 3 6.497e+02 6.523e+02 25 0 1 2.150e+02 2.470e+02 297 0 4 4.173e+02 4.227e+02 50 0 3 4.767e+02 4.893e+02 116 0 2 5.426e+02 5.494e+02 63 0 3 6.055e+02 6.125e+02 65 0 2 6.706e+02 6.734e+02 26 0 1 4.402e+02 4.418e+02 15 0 4 4.957e+02 5.123e+02 154 0 1 5.081e+02 5.419e+02 315 0 4 6.138e+02 6.462e+02 301 0 4 6.690e+02 6.750e+02 56 0 4 4.500e+02 4.740e+02 223 0 2 6.125e+02 6.475e+02 325 0 3 6.337e+02 6.683e+02 322 0 2 4.431e+02 4.809e+02 350 1 1 6.083e+02 6.097e+02 12 1 4 4.596e+02 4.644e+02 46 1 3 5.207e+02 5.293e+02 80 1 2 5.867e+02 5.893e+02 25 1 4 6.257e+02 6.343e+02 80 1 3 5.092e+02 5.408e+02 293 1 4 5.350e+02 5.570e+02 204 1 3 6.029e+02 6.151e+02 113 1 4 5.757e+02 6.003e+02 229 1 2 6.202e+02 6.398e+02 181 1 1 5.903e+02 6.277e+02 348 2 4 3.357e+02 3.363e+02 5 2 3 4.801e+02 4.859e+02 54 2 2 4.036e+01 4.364e+01 30 2 4 5.452e+02 5.468e+02 15 2 2 2.097e+02 2.103e+02 6 2 4 5.869e+02 5.891e+02 21 2 1 2.717e+02 2.743e+02 24 2 4 4.971e+02 5.109e+02 128 2 3 3.561e+02 3.579e+02 17 2 3 5.625e+02 5.715e+02 83 2 4 2.478e+02 2.562e+02 77 2 3 6.065e+02 6.115e+02 46 2 3 2.652e+02 2.808e+02 146 2 3 6.455e+02 6.565e+02 102 2 4 3.642e+02 3.918e+02 257 2 2 4.971e+02 5.109e+02 128 2 4 3.044e+01 5.356e+01 215 2 1 5.228e+02 5.272e+02 41 2 3 1.778e+02 2.002e+02 207 2 4 5.699e+02 6.061e+02 336 2 4 2.005e+02 2.195e+02 177 2 4 6.663e+02 6.777e+02 106 2 2 3.257e+02 3.463e+02 192 2 4 4.493e+02 4.747e+02 236 2 1 6.882e+00 3.512e+01 262 2 3 5.190e+02 5.310e+02 110 2 1 2.218e+02 2.402e+02 171 2 3 5.936e+02 6.244e+02 286 2 2 3.142e+02 3.578e+02 406 2 3 6.319e+02 6.701e+02 356 2 3 8.723e+00 3.328e+01 228 2 1 5.123e+02 5.377e+02 236 2 3 2.118e+02 2.502e+02 357 2 4 6.120e+02 6.480e+02 334 2 4 2.344e+01 6.056e+01 345 2 1 4.457e+01 8.143e+01 342 3 1 2.699e+02 2.761e+02 58 3 1 9.497e+01 1.150e+02 186
11640 8 0 3 4.402e+02 4.418e+02 15 0 3 6.477e+02 6.543e+02 61 0 4 4.000e+01 4.400e+01 37 0 4 6.653e+02 6.787e+02 125 0 4 4.433e+02 4.807e+02 347 0 2 6.130e+02 6.470e+02 316 0 1 3.795e+02 4.185e+02 362 3 3 5.224e+02 5.276e+02 49
11641 1 3 4 4.898e+02 5.182e+02 263
