37284 5 0 3 4.384e+02 4.436e+02 49 0 4 4.013e+02 4.387e+02 347 0 1 4.268e+02 4.552e+02 263 2 1 8.006e+00 3.399e+01 241 2 3 3.968e+00 3.803e+01 316
37286 1 3 1 1.445e+02 1.495e+02 46
37288 4 0 1 6.502e+02 6.518e+02 16 0 2 2.924e+02 2.956e+02 30 1 4 6.244e+02 6.356e+02 105 1 3 5.923e+02 6.257e+02 310
37291 44 0 1 6.086e+02 6.094e+02 8 0 3 2.704e+02 2.756e+02 48 0 4 6.268e+02 6.332e+02 59 0 2 6.630e+02 6.810e+02 166 0 3 5.977e+02 6.203e+02 210 0 1 6.427e+02 6.593e+02 155 0 2 6.175e+02 6.425e+02 231 0 4 6.564e+02 6.876e+02 290 0 1 6.356e+02 6.664e+02 286 1 2 5.854e+02 5.906e+02 48 1 1 6.054e+02 6.126e+02 66 1 1 3.807e+02 4.173e+02 340 1 4 5.880e+02 5.880e+02 -19 1 3 5.990e+02 6.190e+02 186 1 3 5.527e+02 5.813e+02 266 2 1 2.687e+02 2.773e+02 80 2 4 3.780e+02 3.780e+02 -16 2 3 6.300e+01 6.300e+01 -3 2 4 4.484e+02 4.756e+02 252 2 2 1.260e+02 1.260e+02 -16 2 3 1.880e+02 1.900e+02 19 2 4 4.065e+02 4.335e+02 250 2 3 2.688e+02 2.772e+02 79 2 1 2.100e+01 2.100e+01 -14 2 3 9.914e+01 1.109e+02 109 2 1 1.429e+02 1.511e+02 76 2 2 2.007e+02 2.193e+02 173 2 4 2.916e+02 2.964e+02 45 2 2 3.179e+02 3.541e+02 336 2 1 5.534e+01 7.066e+01 142 2 4 1.218e+02 1.302e+02 79 2 3 1.431e+02 1.509e+02 73 2 4 2.342e+02 2.698e+02 330 2 1 3.082e+02 3.218e+02 126 2 4 2.806e+01 5.594e+01 259 2 4 6.643e+01 1.016e+02 326 2 4 1.608e+02 1.752e+02 133 2 3 3.086e+02 3.214e+02 120 2 3 3.204e+00 3.880e+01 330 2 4 1.539e+02 1.821e+02 261 2 2 2.838e+02 3.042e+02 189 2 1 1.759e+02 2.021e+02 243 2 3 1.292e+02 1.648e+02 330 3 3 1.886e+02 1.894e+02 8
37292 6 0 1 5.615e+02 5.725e+02 101 0 2 6.198e+02 6.402e+02 190 0 2 2.014e+02 2.186e+02 160 0 4 6.188e+02 6.412e+02 208 0 3 6.414e+02 6.606e+02 178 0 3 5.898e+02 6.282e+02 357
37293 8 0 2 6.284e+02 6.316e+02 30 0 4 6.259e+02 6.341e+02 76 0 4 6.671e+02 6.769e+02 90 0 3 6.332e+02 6.688e+02 331 0 1 6.313e+02 6.707e+02 366 2 3 6.136e+01 6.464e+01 30 2 2 7.231e+01 9.569e+01 217 2 4 7.316e+01 9.484e+01 201
37295 21 0 3 6.113e+01 6.487e+01 35 0 3 6.084e+02 6.096e+02 11 0 4 8.236e+01 8.564e+01 30 0 4 5.847e+02 5.913e+02 62 0 4 6.720e+02 6.720e+02 -8 0 2 4.510e+02 4.730e+02 205 0 1 5.155e+02 5.345e+02 177 0 1 6.035e+02 6.145e+02 103 0 2 6.713e+02 6.727e+02 13 0 4 4.910e+02 5.170e+02 242 0 1 5.519e+02 5.821e+02 281 0 3 5.978e+02 6.202e+02 207 0 1 6.424e+02 6.596e+02 159 0 4 6.110e+02 6.490e+02 352 0 2 6.617e+02 6.823e+02 191 0 1 5.912e+02 6.268e+02 330 0 1 6.331e+02 6.689e+02 333 0 3 6.317e+02 6.703e+02 358 1 2 6.224e+02 6.376e+02 141 2 4 2.485e+02 2.555e+02 65 2 1 1.348e+02 1.592e+02 227
37296 8 0 3 5.658e+02 5.682e+02 22 0 3 5.184e+02 5.316e+02 123 1 1 2.676e+02 2.784e+02 100 1 3 4.394e+02 4.426e+02 29 1 3 2.685e+02 2.775e+02 84 2 2 4.169e+02 4.231e+02 57 2 4 4.153e+02 4.247e+02 88 2 3 3.954e+02 4.026e+02 67
37297 0
37299 6 0 3 5.204e+02 5.296e+02 86 0 4 6.691e+02 6.749e+02 54 0 1 5.122e+02 5.378e+02 238 0 2 4.902e+02 5.178e+02 257 0 4 4.854e+02 5.226e+02 346 1 2 1.246e+02 1.274e+02 26
37300 4 2 2 4.094e+01 4.306e+01 20 2 3 6.190e+01 6.410e+01 20 2 2 8.240e+01 8.560e+01 30 2 4 6.652e+01 1.015e+02 325
37301 23 0 3 6.083e+02 6.097e+02 12 0 4 6.715e+02 6.725e+02 9 0 1 5.585e+02 5.755e+02 158 0 4 6.286e+02 6.314e+02 26 0 3 6.465e+02 6.555e+02 84 0 4 5.880e+02 5.880e+02 -15 0 2 6.716e+02 6.724e+02 8 0 3 5.528e+02 5.812e+02 263 0 1 6.043e+02 6.137e+02 88 0 1 6.450e+02 6.570e+02 110 0 1 5.466e+02 5.874e+02 379 0 2 6.261e+02 6.339e+02 72 0 4 6.586e+02 6.854e+02 248 0 4 6.205e+02 6.395e+02 176 0 1 6.357e+02 6.663e+02 284 0 4 5.752e+02 6.008e+02 238 0 3 6.311e+02 6.709e+02 370 0 2 6.143e+02 6.457e+02 291 0 4 6.533e+02 6.907e+02 346 1 3 6.058e+02 6.122e+02 60 2 4 7.980e+01 8.820e+01 78 2 2 7.186e+01 9.614e+01 226 2 3 8.774e+01 1.223e+02 320
37302 23 0 4 2.496e+02 2.544e+02 46 0 3 2.276e+02 2.344e+02 64 0 4 5.847e+02 5.913e+02 60 0 3 2.699e+02 2.761e+02 57 0 2 6.695e+02 6.745e+02 46 0 4 3.208e+02 3.512e+02 283 0 1 5.980e+02 6.200e+02 205 0 3 2.532e+02 2.928e+02 367 0 4 6.681e+02 6.759e+02 72 0 2 3.148e+02 3.572e+02 393 0 3 5.890e+02 6.290e+02 371 0 1 2.949e+02 3.351e+02 374 0 3 6.289e+02 6.731e+02 410 0 4 4.795e+02 5.285e+02 456 0 4 6.494e+02 6.946e+02 420 1 4 5.866e+02 5.894e+02 26 1 4 2.046e+02 2.154e+02 100 1 4 1.952e+02 2.248e+02 275 1 4 5.725e+02 6.035e+02 287 2 4 2.058e+02 2.142e+02 79 2 4 5.816e+02 5.944e+02 118 3 3 3.570e+02 3.570e+02 -6 3 3 3.983e+02 3.997e+02 14
37303 12 0 4 4.620e+02 4.620e+02 -17 0 3 6.510e+02 6.510e+02 -7 0 3 4.302e+02 4.518e+02 201 0 3 5.571e+02 5.769e+02 184 0 1 4.263e+02 4.557e+02 273 0 2 4.458e+02 4.782e+02 301 0 2 5.364e+02 5.556e+02 178 2 3 2.003e+01 2.197e+01 18 2 2 5.040e+02 5.040e+02 -7 2 1 5.250e+02 5.250e+02 -11 2 3 4.815e+02 4.845e+02 27 2 4 4.529e+02 4.711e+02 170
37304 4 2 3 1.005e+02 1.095e+02 84 2 1 1.020e+01 3.180e+01 200 2 2 1.140e+02 1.380e+02 223 2 4 1.121e+02 1.399e+02 259
37305 11 0 1 6.510e+02 6.510e+02 -9 0 3 6.488e+02 6.532e+02 41 0 2 6.678e+02 6.762e+02 77 0 4 6.699e+02 6.741e+02 39 0 4 6.598e+02 6.842e+02 226 0 1 6.380e+02 6.640e+02 240 0 2 6.567e+02 6.873e+02 284 1 2 6.258e+02 6.342e+02 77 1 4 6.203e+02 6.397e+02 180 2 4 3.341e+02 3.379e+02 36 2 4 3.185e+02 3.535e+02 326
37306 0
37308 27 0 1 6.508e+02 6.512e+02 4 0 2 4.594e+02 4.646e+02 48 0 3 6.020e+02 6.160e+02 130 0 3 6.465e+02 6.555e+02 83 0 1 4.348e+02 4.472e+02 115 0 3 4.728e+02 4.932e+02 189 0 1 5.942e+02 6.238e+02 276 0 2 6.693e+02 6.747e+02 50 0 4 4.056e+02 4.344e+02 268 0 4 4.465e+02 4.775e+02 288 0 2 6.186e+02 6.414e+02 211 0 4 6.707e+02 6.733e+02 25 0 1 4.249e+02 4.571e+02 300 0 4 6.149e+02 6.451e+02 281 0 1 6.350e+02 6.670e+02 296 0 3 4.212e+02 4.608e+02 367 0 4 5.692e+02 6.068e+02 350 0 3 6.325e+02 6.695e+02 344 0 2 6.525e+02 6.915e+02 361 1 2 6.151e+02 6.449e+02 276 2 1 2.003e+01 2.197e+01 18 2 3 1.999e+01 2.201e+01 19 2 4 1.551e+02 1.809e+02 240 2 2 3.228e+01 5.172e+01 180 2 1 7.242e+00 3.476e+01 256 2 3 9.174e+00 3.283e+01 220 2 4 1.918e+01 6.482e+01 424
37309 5 0 2 6.270e+02 6.330e+02 56 1 1 5.943e+02 6.237e+02 274 1 3 5.938e+02 6.242e+02 282 1 2 6.159e+02 6.441e+02 261 2 4 2.898e+02 2.982e+02 77
37312 12 0 3 5.991e+02 6.189e+02 185 0 1 5.512e+02 5.828e+02 294 0 4 5.708e+02 6.052e+02 319 1 2 8.343e+01 8.457e+01 10 1 3 1.008e+02 1.092e+02 78 3 3 1.463e+02 1.477e+02 12 3 3 5.741e+01 6.859e+01 104 3 3 1.008e+02 1.092e+02 78 3 2 6.845e+01 9.955e+01 289 3 2 1.244e+02 1.276e+02 29 3 4 7.011e+01 9.789e+01 258 3 1 1.452e+02 1.488e+02 34
37314 57 0 4 5.852e+02 5.908e+02 52 0 3 6.504e+02 6.516e+02 10 0 1 4.672e+02 4.988e+02 294 0 2 6.219e+02 6.381e+02 151 0 2 6.612e+02 6.828e+02 200 0 1 5.894e+02 6.286e+02 364 0 4 6.604e+02 6.836e+02 215 0 3 5.887e+02 6.293e+02 376 0 2 6.108e+02 6.492e+02 356 1 1 6.075e+02 6.105e+02 28 1 2 6.254e+02 6.346e+02 86 1 2 5.752e+02 6.008e+02 237 1 3 5.973e+02 6.207e+02 218 1 2 5.312e+02 5.608e+02 275 1 2 6.179e+02 6.421e+02 226 2 4 3.764e+02 3.796e+02 30 2 2 4.604e+02 4.636e+02 30 2 2 1.639e+02 1.721e+02 76 2 2 5.410e+02 5.510e+02 93 2 2 2.077e+02 2.123e+02 42 2 2 6.280e+02 6.320e+02 38 2 3 2.692e+02 2.768e+02 70 2 4 4.499e+02 4.741e+02 224 2 2 3.347e+02 3.373e+02 24 2 4 5.426e+02 5.494e+02 64 2 4 4.148e+01 4.252e+01 10 2 2 6.141e+02 6.459e+02 296 2 4 1.626e+02 1.734e+02 100 2 3 6.464e+02 6.556e+02 85 2 2 2.473e+02 2.567e+02 88 2 4 4.066e+02 4.334e+02 250 2 4 2.924e+02 2.956e+02 29 2 1 5.659e+02 5.681e+02 20 2 1 3.535e+02 3.605e+02 66 2 1 6.270e+01 6.330e+01 6 2 3 3.823e+02 4.157e+02 310 2 3 1.833e+02 1.947e+02 106 2 3 5.154e+02 5.346e+02 179 2 4 2.491e+02 2.549e+02 54 2 2 4.006e+02 4.394e+02 360 2 1 3.090e+02 3.210e+02 112 2 3 5.509e+02 5.831e+02 299 2 2 3.707e+02 3.853e+02 136 2 3 4.206e+02 4.614e+02 380 2 1 5.422e+01 7.178e+01 163 2 3 1.725e+02 2.055e+02 306 2 3 2.125e+02 2.495e+02 344 2 3 3.081e+02 3.219e+02 129 2 3 3.492e+02 3.648e+02 146 2 3 5.144e+01 7.456e+01 215 2 3 1.299e+02 1.641e+02 317 2 1 2.690e+02 2.770e+02 75 2 2 3.219e+02 3.501e+02 262 2 2 2.277e+01 6.123e+01 357 2 3 2.603e+02 2.857e+02 236 3 1 1.028e+02 1.072e+02 41 3 1 4.775e+00 3.722e+01 301
37316 4 2 2 3.778e+02 3.782e+02 3 2 4 3.725e+02 3.835e+02 103 2 1 3.501e+02 3.639e+02 128 2 3 3.387e+02 3.753e+02 340
37317 16 0 1 6.483e+02 6.537e+02 50 0 1 6.288e+02 6.732e+02 412 0 2 6.035e+02 6.565e+02 491 0 2 2.703e+02 3.177e+02 440 0 3 6.246e+02 6.774e+02 490 0 2 6.468e+02 6.972e+02 469 2 1 2.053e+01 2.147e+01 9 2 3 1.042e+02 1.058e+02 16 2 3 1.985e+01 2.215e+01 21 2 4 3.780e+01 4.620e+01 78 2 2 1.143e+02 1.377e+02 217 2 2 2.721e+01 5.679e+01 275 2 4 6.759e+01 1.004e+02 305 2 3 1.219e+02 1.721e+02 466 2 4 1.868e+02 2.332e+02 431 2 2 6.064e+01 1.074e+02 434
37318 0
37321 4 3 3 5.641e+02 5.699e+02 54 3 4 4.962e+02 5.118e+02 146 3 4 5.350e+02 5.570e+02 205 3 2 5.780e+02 5.980e+02 186
37323 3 0 2 6.625e+02 6.815e+02 176 1 4 2.712e+01 5.688e+01 276 3 3 3.100e+02 3.200e+02 93
37326 2 0 1 3.965e+02 4.015e+02 47 0 4 4.166e+02 4.234e+02 64
37327 9 1 2 6.289e+02 6.311e+02 21 1 4 6.231e+02 6.369e+02 129 2 3 1.050e+02 1.050e+02 0 2 2 2.081e+02 2.119e+02 36 2 4 2.006e+02 2.194e+02 174 2 1 4.954e+00 3.705e+01 298 2 4 7.235e+01 9.565e+01 216 2 1 2.154e+02 2.466e+02 290 3 2 4.022e+01 4.378e+01 33
37329 12 0 3 3.856e+02 4.124e+02 249 0 2 6.592e+02 6.848e+02 237 0 4 4.092e+02 4.308e+02 200 1 4 6.291e+02 6.309e+02 16 1 4 5.861e+02 5.899e+02 36 2 2 2.478e+02 2.562e+02 79 2 3 2.720e+02 2.740e+02 19 2 4 2.478e+02 2.562e+02 78 2 2 2.920e+02 2.960e+02 36 2 2 2.362e+02 2.678e+02 294 2 1 2.644e+02 2.816e+02 160 2 3 2.546e+02 2.914e+02 341
37331 3 0 1 1.884e+02 1.896e+02 10 0 4 2.097e+02 2.103e+02 6 0 3 2.297e+02 2.323e+02 25
37332 0
37333 0
37335 26 0 2 3.892e+01 4.508e+01 57 0 3 5.660e+02 5.680e+02 19 0 4 5.875e+02 5.885e+02 10 0 4 2.770e+01 5.630e+01 266 0 4 4.997e+02 5.083e+02 80 0 1 5.210e+02 5.290e+02 75 0 3 4.534e+01 8.066e+01 328 0 2 5.334e+02 5.586e+02 235 0 4 5.693e+02 6.067e+02 347 0 1 5.511e+02 5.829e+02 295 0 3 5.064e+02 5.436e+02 345 0 2 5.267e+02 5.653e+02 358 0 3 5.483e+02 5.857e+02 347 1 2 5.879e+02 5.881e+02 2 1 3 5.660e+02 5.680e+02 19 1 3 5.962e+02 6.218e+02 238 1 4 5.774e+02 5.986e+02 197 1 1 5.959e+02 6.221e+02 244 1 2 5.342e+02 5.578e+02 219 1 2 6.141e+02 6.459e+02 295 1 1 5.506e+02 5.834e+02 304 1 4 6.108e+02 6.492e+02 357 2 3 5.544e+02 5.796e+02 235 2 4 5.303e+02 5.617e+02 292 3 3 1.806e+01 2.394e+01 55 3 2 8.047e+01 8.753e+01 66
37336 15 0 2 6.296e+02 6.304e+02 7 0 4 6.274e+02 6.326e+02 49 0 2 6.712e+02 6.728e+02 16 0 1 6.013e+02 6.167e+02 142 0 4 6.700e+02 6.740e+02 38 0 3 6.047e+02 6.133e+02 80 0 3 6.411e+02 6.609e+02 185 0 4 5.725e+02 6.035e+02 287 0 2 6.574e+02 6.866e+02 270 0 4 6.554e+02 6.886e+02 308 0 3 6.334e+02 6.686e+02 326 2 2 8.400e+01 8.400e+01 -20 2 3 1.590e+01 2.610e+01 95 2 4 2.407e+02 2.633e+02 210 2 3 5.001e+01 7.599e+01 241
