33546 10 0 1 5.656e+02 5.684e+02 26 2 3 1.030e+02 1.070e+02 37 2 4 4.600e+02 4.640e+02 36 2 3 4.796e+02 4.864e+02 64 2 2 1.200e+02 1.320e+02 112 2 3 9.443e+01 1.156e+02 196 2 3 4.675e+02 4.985e+02 288 2 2 4.873e+02 5.207e+02 310 2 2 1.092e+02 1.428e+02 311 2 2 4.432e+02 4.808e+02 349
33547 25 0 2 6.194e+02 6.406e+02 197 0 1 5.490e+02 5.850e+02 335 0 4 6.244e+02 6.356e+02 104 0 3 5.978e+02 6.202e+02 209 0 4 6.563e+02 6.877e+02 291 0 1 6.344e+02 6.676e+02 308 1 4 6.289e+02 6.311e+02 20 1 3 3.143e+02 3.157e+02 14 1 2 6.261e+02 6.339e+02 72 1 4 3.210e+02 3.510e+02 278 2 2 2.512e+02 2.528e+02 16 2 3 1.725e+01 2.475e+01 70 2 4 6.684e+02 6.756e+02 66 2 4 2.070e+02 2.130e+02 56 2 3 4.329e+02 4.491e+02 150 2 4 4.193e+01 4.207e+01 1 2 1 5.500e+02 5.840e+02 316 2 3 2.285e+02 2.335e+02 46 2 4 4.045e+02 4.355e+02 288 2 1 2.602e+02 2.858e+02 238 2 1 6.032e+01 6.568e+01 50 2 2 3.349e+01 5.051e+01 158 2 3 4.632e+01 7.968e+01 310 2 1 4.055e+00 3.794e+01 315 2 4 2.245e+01 6.155e+01 363
33548 10 0 1 5.670e+02 5.670e+02 -19 0 3 5.648e+02 5.692e+02 40 0 4 5.795e+02 5.965e+02 157 1 1 1.035e+02 1.065e+02 27 1 2 1.224e+02 1.296e+02 66 1 4 1.224e+02 1.296e+02 67 1 3 8.967e+01 1.203e+02 285 2 4 1.617e+02 1.743e+02 117 2 4 4.200e+01 4.200e+01 -24 2 3 1.852e+02 1.928e+02 70
33549 10 0 3 2.261e+02 2.359e+02 90 0 4 2.475e+02 2.565e+02 84 0 3 6.021e+02 6.159e+02 128 0 4 6.187e+02 6.413e+02 210 0 2 2.015e+02 2.185e+02 158 0 4 5.727e+02 6.033e+02 285 2 3 6.300e+01 6.300e+01 -4 2 1 5.826e+01 6.774e+01 88 2 2 6.984e+01 9.816e+01 263 2 4 2.649e+01 5.751e+01 288
33550 3 0 2 6.610e+02 6.830e+02 205 0 4 6.635e+02 6.805e+02 157 2 4 4.579e+02 4.661e+02 76
33551 23 0 3 6.074e+02 6.106e+02 30 0 4 6.714e+02 6.726e+02 11 0 4 6.271e+02 6.329e+02 54 0 2 6.708e+02 6.732e+02 21 0 1 6.060e+02 6.120e+02 56 0 3 4.241e+02 4.579e+02 315 0 3 5.536e+02 5.804e+02 249 0 2 6.219e+02 6.381e+02 150 0 1 5.454e+02 5.886e+02 400 0 2 6.168e+02 6.432e+02 246 0 4 5.686e+02 6.074e+02 360 1 3 3.501e+02 3.639e+02 128 2 4 1.253e+02 1.267e+02 13 2 3 6.060e+02 6.120e+02 56 2 4 2.940e+02 2.940e+02 0 2 3 1.802e+02 1.978e+02 164 2 2 2.041e+02 2.159e+02 109 2 3 3.031e+02 3.269e+02 220 2 1 1.749e+02 2.031e+02 262 2 4 1.947e+02 2.253e+02 285 2 1 4.480e+01 8.120e+01 338 3 3 5.250e+02 5.250e+02 -24 3 4 5.323e+02 5.597e+02 255
33552 22 0 4 6.285e+02 6.315e+02 27 0 2 6.236e+02 6.364e+02 118 0 1 6.391e+02 6.629e+02 221 0 1 5.109e+02 5.391e+02 261 0 1 5.851e+02 6.329e+02 444 0 3 6.326e+02 6.694e+02 342 0 3 5.052e+02 5.448e+02 367 0 4 6.061e+02 6.539e+02 445 0 2 6.550e+02 6.890e+02 316 0 2 5.290e+02 5.630e+02 316 0 4 6.482e+02 6.958e+02 442 1 3 5.495e+02 5.845e+02 326 1 4 6.176e+02 6.424e+02 230 1 3 5.837e+02 6.343e+02 470 2 3 5.795e+01 6.805e+01 94 2 4 4.168e+02 4.232e+02 60 2 3 2.653e+02 2.807e+02 143 2 4 3.412e+01 4.988e+01 146 2 2 6.786e+01 1.001e+02 300 2 4 2.323e+02 2.717e+02 366 2 2 2.763e+02 3.117e+02 329 2 1 4.507e+01 8.093e+01 333
33553 25 0 3 3.977e+02 4.003e+02 25 0 2 6.251e+02 6.349e+02 90 0 2 6.717e+02 6.723e+02 5 0 1 5.553e+02 5.787e+02 218 0 4 5.832e+02 5.928e+02 89 0 4 6.710e+02 6.730e+02 19 0 4 4.134e+02 4.266e+02 122 0 3 5.531e+02 5.809e+02 259 0 1 6.028e+02 6.152e+02 116 0 1 6.446e+02 6.574e+02 118 0 4 6.224e+02 6.376e+02 140 0 3 6.449e+02 6.571e+02 113 0 1 6.381e+02 6.639e+02 240 0 3 6.367e+02 6.653e+02 266 1 2 6.276e+02 6.324e+02 45 1 2 6.198e+02 6.402e+02 190 1 4 6.188e+02 6.412e+02 208 1 4 4.904e+02 5.176e+02 253 2 3 4.394e+02 4.426e+02 30 2 4 3.695e+01 4.705e+01 94 2 3 5.857e+01 6.743e+01 82 2 4 4.086e+02 4.314e+02 211 2 2 6.921e+01 9.879e+01 275 2 1 4.228e+02 4.592e+02 339 2 1 4.965e+01 7.635e+01 248
33554 11 0 2 6.700e+02 6.740e+02 38 0 2 5.028e+02 5.052e+02 23 0 4 6.701e+02 6.739e+02 36 0 4 5.030e+02 5.050e+02 19 0 1 5.137e+02 5.363e+02 210 0 1 6.356e+02 6.664e+02 286 0 3 5.075e+02 5.425e+02 326 1 1 6.085e+02 6.095e+02 10 1 3 6.090e+02 6.090e+02 -13 2 4 7.536e+01 9.264e+01 160 2 3 5.131e+01 7.469e+01 217
33555 21 0 4 4.615e+02 4.625e+02 10 0 3 6.090e+02 6.090e+02 -20 0 2 4.613e+02 4.627e+02 14 0 4 6.292e+02 6.308e+02 16 0 1 4.339e+02 4.481e+02 131 0 1 6.502e+02 6.518e+02 15 0 3 4.269e+02 4.551e+02 262 0 3 6.495e+02 6.525e+02 27 0 2 6.622e+02 6.818e+02 182 0 1 6.392e+02 6.628e+02 219 0 3 6.379e+02 6.641e+02 244 1 2 6.171e+02 6.429e+02 240 1 4 6.163e+02 6.437e+02 254 2 4 2.100e+02 2.100e+02 -20 2 3 2.719e+02 2.741e+02 20 2 4 5.406e+02 5.514e+02 100 2 4 2.465e+02 2.575e+02 101 2 4 5.811e+02 5.949e+02 128 2 2 1.979e+02 2.221e+02 226 2 3 2.221e+02 2.399e+02 166 2 3 2.103e+02 2.517e+02 385
33556 54 0 3 2.079e+01 2.121e+01 4 0 3 4.805e+02 4.855e+02 46 0 1 3.126e+02 3.174e+02 44 0 1 4.786e+02 4.874e+02 81 0 4 5.852e+02 5.908e+02 52 0 2 3.650e+02 3.910e+02 241 0 2 4.463e+02 4.777e+02 291 0 2 2.767e+02 3.113e+02 320 0 1 5.525e+02 5.815e+02 269 0 4 2.788e+02 3.092e+02 282 0 3 5.498e+02 5.842e+02 320 1 2 6.280e+02 6.320e+02 38 1 4 5.022e+02 5.058e+02 33 1 4 6.299e+02 6.301e+02 2 1 1 6.032e+02 6.148e+02 108 1 3 5.060e+02 5.440e+02 353 1 2 5.691e+02 6.069e+02 351 1 3 6.079e+02 6.101e+02 20 1 2 6.203e+02 6.397e+02 180 2 4 2.488e+02 2.552e+02 59 2 1 2.698e+02 2.762e+02 60 2 4 3.765e+02 3.795e+02 28 2 1 1.815e+01 2.385e+01 53 2 3 1.039e+02 1.061e+02 20 2 4 4.895e+02 5.185e+02 269 2 4 1.661e+02 1.699e+02 35 2 1 5.924e+02 6.256e+02 309 2 2 2.080e+02 2.120e+02 36 2 3 2.692e+02 2.768e+02 70 2 1 3.552e+02 3.588e+02 33 2 4 4.049e+01 4.351e+01 28 2 4 1.146e+02 1.374e+02 212 2 3 1.795e+02 1.985e+02 177 2 1 2.304e+02 2.316e+02 10 2 2 2.915e+02 2.965e+02 47 2 3 3.456e+02 3.684e+02 211 2 1 5.943e+01 6.657e+01 66 2 4 7.468e+01 9.332e+01 173 2 3 1.353e+02 1.587e+02 217 2 3 2.270e+02 2.350e+02 74 2 4 2.811e+02 3.069e+02 239 2 2 3.640e+02 3.920e+02 260 2 3 5.148e+01 7.452e+01 214 2 2 1.139e+02 1.381e+02 224 2 4 1.514e+02 1.846e+02 308 2 2 2.467e+02 2.573e+02 98 2 3 3.005e+02 3.295e+02 269 2 2 3.196e+02 3.524e+02 305 2 3 7.915e+00 3.408e+01 243 2 3 1.707e+02 2.073e+02 340 2 4 1.989e+02 2.211e+02 206 2 2 2.878e+01 5.522e+01 246 3 4 2.465e+01 5.935e+01 322 3 3 3.007e+02 3.293e+02 265
33560 5 0 3 6.008e+02 6.172e+02 152 0 2 6.562e+02 6.878e+02 293 1 2 6.205e+02 6.395e+02 176 2 1 1.469e+01 2.731e+01 117 2 2 3.721e+01 4.679e+01 89
33561 15 0 4 6.298e+02 6.302e+02 4 0 2 6.254e+02 6.346e+02 86 0 2 6.680e+02 6.760e+02 75 0 3 4.719e+02 4.941e+02 206 0 4 5.780e+02 5.980e+02 186 0 4 6.652e+02 6.788e+02 126 0 1 5.966e+02 6.214e+02 230 0 1 6.361e+02 6.659e+02 276 0 2 4.415e+02 4.825e+02 381 0 3 5.457e+02 5.883e+02 396 0 2 6.136e+02 6.464e+02 304 0 4 6.481e+02 6.959e+02 444 0 1 4.578e+02 5.082e+02 469 0 3 5.904e+02 6.276e+02 345 1 2 7.231e+01 9.569e+01 217
33563 23 0 4 6.259e+02 6.341e+02 76 0 4 6.720e+02 6.720e+02 -24 0 3 3.913e+02 4.067e+02 144 0 2 3.716e+02 3.844e+02 119 0 1 5.553e+02 5.787e+02 218 0 4 3.596e+02 3.964e+02 341 0 4 5.851e+02 5.909e+02 54 0 2 6.656e+02 6.784e+02 119 0 4 3.528e+02 4.032e+02 468 0 1 4.362e+02 4.458e+02 90 0 3 5.610e+02 5.730e+02 111 0 2 6.238e+02 6.362e+02 115 0 3 6.357e+02 6.663e+02 285 0 1 3.804e+02 4.176e+02 346 0 1 5.954e+02 6.226e+02 252 0 1 6.355e+02 6.665e+02 288 0 3 5.931e+02 6.249e+02 296 1 3 5.500e+02 5.840e+02 316 1 4 6.184e+02 6.416e+02 216 2 4 2.420e+02 2.620e+02 186 2 3 1.267e+01 2.933e+01 155 2 3 7.424e+00 3.458e+01 252 2 2 2.609e+01 5.791e+01 296
33564 0
33565 6 0 1 6.508e+02 6.512e+02 4 0 4 4.609e+02 4.631e+02 20 0 1 3.555e+02 3.585e+02 27 0 2 6.616e+02 6.824e+02 193 0 4 6.591e+02 6.849e+02 240 0 2 6.553e+02 6.887e+02 310
33566 3 0 3 1.012e+02 1.088e+02 71 2 2 5.707e+02 6.053e+02 321 2 4 5.622e+02 6.138e+02 479
33568 4 0 1 6.421e+02 6.599e+02 165 0 2 6.171e+02 6.429e+02 239 0 3 6.445e+02 6.575e+02 121 0 4 6.144e+02 6.456e+02 290
33569 7 0 2 6.716e+02 6.724e+02 7 0 4 6.591e+02 6.849e+02 239 0 1 6.365e+02 6.655e+02 269 1 3 5.987e+02 6.193e+02 190 2 2 2.918e+02 2.962e+02 41 2 3 2.653e+02 2.807e+02 143 2 4 2.810e+02 3.070e+02 241
33574 16 0 2 6.720e+02 6.720e+02 -9 0 3 4.806e+02 4.854e+02 44 0 4 6.674e+02 6.766e+02 86 0 2 4.876e+02 5.204e+02 305 0 4 6.608e+02 6.832e+02 208 0 1 6.347e+02 6.673e+02 303 2 4 8.317e+01 8.483e+01 16 2 4 6.702e+02 6.738e+02 33 2 2 1.680e+02 1.680e+02 -18 2 2 7.666e+01 9.134e+01 136 2 2 6.670e+02 6.770e+02 92 2 3 1.879e+02 1.901e+02 21 2 3 8.967e+01 1.203e+02 285 2 1 1.783e+02 1.997e+02 200 2 3 1.719e+02 2.061e+02 317 3 3 1.470e+02 1.470e+02 -14
33575 0
33576 29 0 3 9.340e+01 1.166e+02 216 0 2 3.676e+02 3.884e+02 194 0 1 6.339e+02 6.681e+02 318 0 4 2.342e+02 2.698e+02 331 0 1 3.390e+02 3.750e+02 334 0 3 3.773e+02 4.207e+02 403 0 4 3.544e+02 4.016e+02 439 0 1 5.849e+02 6.331e+02 447 0 3 6.299e+02 6.721e+02 392 0 2 6.465e+02 6.975e+02 473 0 4 6.463e+02 6.977e+02 477 2 2 8.097e+01 8.703e+01 56 2 1 5.884e+01 6.716e+01 77 2 3 3.948e+02 4.032e+02 79 2 2 4.113e+02 4.287e+02 161 2 1 3.859e+02 4.121e+02 243 2 4 4.017e+02 4.383e+02 340 3 1 1.999e+01 2.201e+01 19 3 4 1.256e+02 1.264e+02 8 3 4 4.013e+01 4.387e+01 35 3 3 9.797e+01 1.120e+02 130 3 3 5.534e+01 7.066e+01 142 3 2 1.189e+02 1.331e+02 131 3 1 1.398e+02 1.542e+02 133 3 2 2.887e+01 5.513e+01 244 3 4 1.085e+02 1.435e+02 325 3 1 4.942e+01 7.658e+01 252 3 3 1.306e+02 1.634e+02 305 3 1 8.806e+01 1.219e+02 315
33577 50 0 3 6.073e+02 6.107e+02 31 0 4 7.594e+01 9.206e+01 150 0 3 6.499e+02 6.521e+02 21 0 2 5.032e+02 5.048e+02 16 0 3 5.636e+02 5.704e+02 64 0 4 6.653e+02 6.787e+02 125 0 3 4.263e+02 4.557e+02 274 0 1 4.778e+02 4.882e+02 96 0 3 5.213e+02 5.287e+02 70 0 3 5.941e+02 6.239e+02 277 0 3 6.413e+02 6.607e+02 180 0 1 3.797e+02 4.183e+02 359 0 4 4.445e+02 4.795e+02 326 0 1 5.487e+02 5.853e+02 340 0 3 5.480e+02 5.860e+02 352 1 4 6.280e+02 6.320e+02 36 1 1 6.087e+02 6.093e+02 6 1 3 6.051e+02 6.129e+02 72 1 2 5.698e+02 6.062e+02 337 1 2 6.263e+02 6.337e+02 69 1 3 5.941e+02 6.239e+02 277 2 1 1.870e+02 1.910e+02 38 2 1 3.134e+02 3.166e+02 29 2 4 1.648e+02 1.712e+02 60 2 3 4.379e+02 4.441e+02 58 2 2 2.461e+02 2.579e+02 110 2 2 4.609e+02 4.631e+02 20 2 3 2.686e+02 2.774e+02 81 2 2 1.541e+02 1.819e+02 258 2 4 2.475e+02 2.565e+02 83 2 1 4.752e+02 4.908e+02 145 2 2 2.928e+02 2.952e+02 22 2 4 5.330e+02 5.590e+02 241 2 3 4.736e+01 7.864e+01 290 2 3 1.741e+02 2.039e+02 277 2 4 4.081e+02 4.319e+02 221 2 1 2.600e+02 2.860e+02 242 2 3 2.543e+02 2.917e+02 347 3 1 1.967e+01 2.233e+01 25 3 1 1.450e+02 1.490e+02 38 3 2 2.100e+02 2.100e+02 -1 3 3 2.282e+02 2.338e+02 52 3 3 9.127e+00 3.287e+01 220 3 1 1.020e+02 1.080e+02 56 3 1 6.185e+01 6.415e+01 21 3 1 1.850e+02 1.930e+02 74 3 4 2.492e+02 2.548e+02 52 3 1 1.289e+02 1.651e+02 336 3 4 3.493e+01 4.907e+01 131 3 1 1.782e+02 1.998e+02 201
33580 27 0 4 4.160e+02 4.240e+02 75 0 4 6.151e+02 6.449e+02 276 0 4 5.739e+02 6.021e+02 262 0 1 5.903e+02 6.277e+02 346 2 1 2.727e+02 2.733e+02 6 2 3 2.263e+02 2.357e+02 86 2 3 1.441e+02 1.499e+02 53 2 2 2.513e+02 2.527e+02 14 2 4 3.199e+02 3.521e+02 299 2 4 2.053e+02 2.147e+02 88 2 2 4.970e+02 5.110e+02 130 2 1 5.149e+02 5.351e+02 188 3 4 4.188e+01 4.212e+01 2 3 3 1.850e+01 2.350e+01 46 3 4 1.260e+02 1.260e+02 -11 3 1 6.300e+01 6.300e+01 -2 3 1 1.406e+02 1.534e+02 118 3 1 1.330e+01 2.870e+01 143 3 3 6.185e+01 6.415e+01 21 3 4 1.070e+02 1.450e+02 353 3 4 1.925e+02 2.275e+02 326 3 2 1.502e+02 1.858e+02 330 3 4 7.881e+01 8.919e+01 96 3 2 4.076e+01 4.324e+01 23 3 2 2.811e+01 5.589e+01 258 3 2 6.912e+01 9.888e+01 276 3 4 6.706e+01 1.009e+02 315
33583 24 0 4 2.487e+02 2.553e+02 62 0 4 1.557e+02 1.803e+02 229 0 4 6.588e+02 6.852e+02 246 0 4 2.799e+02 3.081e+02 261 0 2 6.565e+02 6.875e+02 287 0 2 4.779e+02 5.301e+02 484 1 2 4.127e+02 4.273e+02 136 1 3 6.052e+02 6.128e+02 71 1 2 5.764e+02 5.996e+02 215 1 1 5.934e+02 6.246e+02 289 1 4 4.856e+02 5.224e+02 341 1 4 5.339e+02 5.581e+02 225 1 4 6.122e+02 6.478e+02 330 1 3 5.434e+02 5.906e+02 438 2 4 8.025e+01 8.775e+01 70 2 2 7.451e+01 9.349e+01 176 2 2 2.368e+02 2.672e+02 283 2 2 3.185e+02 3.535e+02 325 2 1 3.564e+00 3.844e+01 324 2 3 8.649e+01 1.235e+02 344 2 1 1.627e+02 2.153e+02 489 2 2 1.946e+02 2.254e+02 286 2 4 3.185e+02 3.535e+02 325 2 4 6.405e+01 1.040e+02 370
33586 13 0 4 6.293e+02 6.307e+02 13 0 3 6.456e+02 6.564e+02 100 0 4 6.187e+02 6.413e+02 210 0 2 6.144e+02 6.456e+02 289 2 3 1.801e+01 2.399e+01 56 2 3 2.300e+02 2.320e+02 18 2 3 2.718e+02 2.742e+02 22 2 4 2.438e+02 2.602e+02 152 2 1 2.630e+02 2.830e+02 186 2 2 2.368e+02 2.672e+02 281 2 4 2.317e+01 6.083e+01 350 2 4 1.970e+02 2.230e+02 241 2 1 2.159e+02 2.461e+02 280
33587 8 0 3 6.441e+02 6.579e+02 128 0 3 4.289e+02 4.531e+02 224 0 4 6.155e+02 6.445e+02 269 0 1 6.426e+02 6.594e+02 156 0 4 4.061e+02 4.339e+02 258 0 1 3.817e+02 4.163e+02 320 1 2 6.242e+02 6.358e+02 108 1 2 6.105e+02 6.495e+02 361
33588 2 0 2 6.614e+02 6.826e+02 197 0 4 6.586e+02 6.854e+02 249
33589 5 0 3 5.064e+02 5.436e+02 346 0 2 6.052e+02 6.548e+02 461 0 1 4.981e+02 5.519e+02 499 0 3 4.989e+02 5.511e+02 486 0 2 5.217e+02 5.703e+02 451
33590 6 2 3 1.936e+01 2.264e+01 30 2 3 2.310e+02 2.310e+02 -20 2 4 3.777e+02 3.783e+02 5 2 2 2.520e+02 2.520e+02 -3 2 3 5.401e+00 3.660e+01 290 2 4 1.982e+02 2.218e+02 219
33591 8 2 3 3.538e+02 3.602e+02 59 2 1 3.976e+02 4.004e+02 26 2 3 5.920e+01 6.680e+01 70 2 2 8.285e+01 8.515e+01 21 2 2 3.747e+02 3.813e+02 60 2 3 9.223e+01 1.178e+02 237 2 4 3.311e+02 3.409e+02 91 2 4 2.555e+01 5.845e+01 306
33593 0
33594 3 0 2 6.691e+02 6.749e+02 55 0 4 6.619e+02 6.821e+02 188 0 1 6.314e+02 6.706e+02 365
33596 4 0 2 6.677e+02 6.763e+02 80 0 2 5.020e+02 5.060e+02 38 0 1 4.648e+02 5.012e+02 339 0 3 5.101e+02 5.399e+02 276
33597 0
33599 2 2 2 6.520e+02 6.920e+02 371 2 1 5.845e+02 6.335e+02 456
33601 11 0 2 6.297e+02 6.303e+02 6 0 4 6.262e+02 6.338e+02 71 0 4 6.186e+02 6.414e+02 212 0 3 6.430e+02 6.590e+02 149 1 4 6.293e+02 6.307e+02 12 2 1 2.100e+01 2.100e+01 -7 2 1 2.635e+02 2.825e+02 177 2 2 4.076e+01 4.324e+01 23 2 1 5.701e+01 6.899e+01 111 2 3 1.604e+01 2.596e+01 92 2 3 5.185e+01 7.415e+01 207
33602 2 2 4 3.320e+02 3.400e+02 74 2 3 5.054e+02 5.446e+02 365
