6850 8 1 4 6.272e+02 6.328e+02 51 1 3 5.965e+02 6.215e+02 231 1 1 4.278e+02 4.542e+02 246 1 2 5.689e+02 6.071e+02 354 1 2 6.130e+02 6.470e+02 316 2 3 9.681e+01 1.132e+02 152 2 2 1.183e+02 1.337e+02 142 2 4 1.115e+02 1.405e+02 270
6851 8 0 4 6.713e+02 6.727e+02 12 0 4 2.879e+02 3.001e+02 114 0 1 6.489e+02 6.531e+02 40 0 2 6.687e+02 6.753e+02 62 0 2 6.604e+02 6.836e+02 216 0 3 6.327e+02 6.693e+02 340 0 2 6.534e+02 6.906e+02 346 0 4 6.521e+02 6.919e+02 369
6852 10 0 3 5.971e+02 6.209e+02 220 1 3 6.075e+02 6.105e+02 27 1 4 5.380e+02 5.540e+02 148 1 4 6.230e+02 6.370e+02 130 1 3 5.521e+02 5.819e+02 277 1 2 6.118e+02 6.482e+02 339 2 2 2.439e+02 2.601e+02 150 2 4 5.002e+02 5.078e+02 70 2 3 2.180e+02 2.440e+02 242 2 4 2.415e+02 2.625e+02 195
6853 17 0 1 6.090e+02 6.090e+02 -8 0 2 6.718e+02 6.722e+02 3 0 3 6.090e+02 6.090e+02 -19 0 4 6.720e+02 6.720e+02 -20 0 2 6.254e+02 6.346e+02 86 0 1 6.427e+02 6.593e+02 155 0 4 6.277e+02 6.323e+02 42 0 3 6.430e+02 6.590e+02 149 0 1 5.984e+02 6.196e+02 197 0 3 6.349e+02 6.671e+02 300 0 3 5.960e+02 6.220e+02 240 0 4 6.201e+02 6.399e+02 184 0 4 6.140e+02 6.460e+02 297 2 1 6.087e+02 6.093e+02 5 2 3 5.628e+02 5.712e+02 77 2 2 5.880e+02 5.880e+02 -12 2 4 5.341e+02 5.579e+02 220
6854 21 0 3 2.100e+01 2.100e+01 -7 0 4 2.474e+02 2.566e+02 86 0 4 6.693e+02 6.747e+02 50 0 4 3.067e+01 5.333e+01 210 0 2 6.678e+02 6.762e+02 79 0 1 6.377e+02 6.643e+02 246 0 1 9.578e+00 3.242e+01 212 1 3 1.470e+02 1.470e+02 -18 1 4 3.789e+01 4.611e+01 76 2 1 3.134e+02 3.166e+02 30 2 3 3.150e+02 3.150e+02 -7 2 2 3.200e+02 3.520e+02 297 2 4 3.184e+02 3.536e+02 327 3 1 3.986e+02 3.994e+02 7 3 4 4.200e+02 4.200e+02 -12 3 3 3.985e+02 3.995e+02 10 3 1 4.407e+02 4.413e+02 6 3 2 3.681e+02 3.879e+02 185 3 2 4.117e+02 4.283e+02 154 3 4 3.624e+02 3.936e+02 289 3 3 4.273e+02 4.547e+02 254
6856 19 0 3 5.659e+02 5.681e+02 20 0 4 5.804e+02 5.956e+02 141 0 2 6.717e+02 6.723e+02 6 0 1 5.600e+02 5.740e+02 130 0 4 6.159e+02 6.441e+02 262 0 4 6.669e+02 6.771e+02 94 0 2 6.052e+02 6.548e+02 460 0 2 6.602e+02 6.838e+02 220 0 1 6.406e+02 6.614e+02 193 0 4 6.583e+02 6.857e+02 254 0 3 6.312e+02 6.708e+02 367 0 1 6.250e+02 6.770e+02 482 1 1 5.979e+02 6.201e+02 206 2 3 2.100e+01 2.100e+01 -16 2 1 1.689e+01 2.511e+01 76 2 2 3.179e+01 5.221e+01 190 2 4 6.813e+01 9.987e+01 295 2 1 4.552e+01 8.048e+01 325 2 3 3.517e+00 3.848e+01 325
6858 2 1 2 6.248e+02 6.352e+02 97 1 4 6.122e+02 6.478e+02 330
6861 6 0 1 6.467e+02 6.553e+02 80 0 3 6.445e+02 6.575e+02 121 0 2 6.700e+02 6.740e+02 38 0 4 6.686e+02 6.754e+02 63 0 2 6.605e+02 6.835e+02 213 0 4 6.560e+02 6.880e+02 296
6862 22 0 4 6.700e+02 6.740e+02 38 0 2 6.598e+02 6.842e+02 227 0 4 6.586e+02 6.854e+02 248 1 2 6.104e+02 6.496e+02 365 2 4 2.485e+02 2.555e+02 65 2 1 2.694e+02 2.766e+02 67 2 3 5.651e+02 5.689e+02 35 2 3 3.559e+02 3.581e+02 20 2 4 5.403e+02 5.517e+02 106 2 3 1.725e+01 2.475e+01 70 2 4 1.648e+02 1.712e+02 60 2 2 2.418e+02 2.622e+02 189 2 4 3.287e+02 3.433e+02 136 2 2 3.309e+01 5.091e+01 166 2 3 1.831e+02 1.949e+02 109 2 1 3.414e+02 3.726e+02 289 2 1 4.728e+00 3.727e+01 302 2 4 1.133e+02 1.387e+02 236 2 2 1.493e+02 1.867e+02 347 2 4 1.935e+02 2.265e+02 307 2 3 2.562e+02 2.898e+02 311 2 2 3.659e+02 3.901e+02 226
6864 0
6865 0
6866 6 0 2 4.554e+02 4.686e+02 123 0 3 5.190e+02 5.310e+02 110 0 3 4.715e+02 4.945e+02 214 0 3 5.568e+02 5.772e+02 190 0 4 4.498e+02 4.742e+02 226 0 1 5.499e+02 5.841e+02 317
6867 15 0 4 6.300e+02 6.300e+02 -4 0 4 5.880e+02 5.880e+02 -9 0 1 5.549e+02 5.791e+02 226 0 2 6.300e+02 6.300e+02 -8 0 3 5.506e+02 5.834e+02 304 0 1 5.991e+02 6.189e+02 184 0 3 6.018e+02 6.162e+02 134 0 3 5.923e+02 6.257e+02 310 2 2 1.248e+02 1.272e+02 23 2 1 1.449e+02 1.491e+02 39 2 3 3.081e+02 3.219e+02 129 2 4 1.260e+02 1.260e+02 -4 2 3 1.341e+02 1.599e+02 240 2 4 2.781e+02 3.099e+02 296 2 3 8.774e+01 1.223e+02 320
6868 0
6869 5 0 1 6.437e+02 6.583e+02 135 0 3 6.380e+02 6.640e+02 242 0 2 6.076e+02 6.524e+02 416 0 2 6.571e+02 6.869e+02 277 0 4 6.039e+02 6.561e+02 484
6870 3 0 3 5.216e+02 5.284e+02 63 0 2 5.332e+02 5.588e+02 237 2 1 1.056e+01 3.144e+01 194
6871 18 0 4 3.350e+02 3.370e+02 19 0 2 6.235e+02 6.365e+02 120 0 4 3.706e+02 3.854e+02 137 0 3 6.502e+02 6.518e+02 16 0 4 6.157e+02 6.443e+02 266 0 2 6.714e+02 6.726e+02 10 0 3 3.803e+02 4.177e+02 347 0 4 6.685e+02 6.755e+02 65 0 1 6.418e+02 6.602e+02 171 0 2 6.643e+02 6.797e+02 142 0 3 6.376e+02 6.644e+02 248 1 2 6.253e+02 6.347e+02 88 2 4 1.671e+02 1.689e+02 17 2 3 1.437e+02 1.503e+02 62 2 4 2.908e+02 2.972e+02 59 2 2 2.843e+02 3.037e+02 180 2 3 1.301e+02 1.639e+02 315 2 3 3.004e+02 3.296e+02 270
6872 46 0 1 6.500e+02 6.520e+02 19 0 2 6.284e+02 6.316e+02 29 0 3 2.100e+01 2.100e+01 -20 0 1 6.399e+02 6.621e+02 206 0 4 3.328e+02 3.392e+02 59 0 4 6.250e+02 6.350e+02 92 0 4 4.162e+01 4.238e+01 7 0 2 6.634e+02 6.806e+02 160 0 1 3.057e+02 3.243e+02 172 0 2 1.922e+02 2.278e+02 331 1 1 5.165e+02 5.335e+02 157 1 2 6.050e+02 6.550e+02 464 2 3 1.013e+02 1.087e+02 68 2 4 6.282e+02 6.318e+02 34 2 3 1.470e+02 1.470e+02 -14 2 3 4.406e+02 4.414e+02 8 2 4 2.090e+02 2.110e+02 19 2 2 6.169e+02 6.431e+02 243 2 4 3.766e+02 3.794e+02 26 2 1 6.353e+02 6.667e+02 291 2 3 6.185e+01 6.415e+01 21 2 4 4.111e+02 4.289e+02 165 2 2 1.236e+02 1.284e+02 45 2 2 4.491e+02 4.749e+02 240 2 2 1.670e+02 1.690e+02 18 2 3 5.948e+02 6.232e+02 263 2 3 2.268e+02 2.352e+02 79 2 1 4.284e+02 4.536e+02 234 2 3 2.638e+02 2.822e+02 171 2 4 6.114e+02 6.486e+02 346 2 3 3.460e+02 3.680e+02 205 2 2 3.282e+01 5.118e+01 170 2 4 7.998e+01 8.802e+01 75 2 1 1.387e+02 1.553e+02 154 2 1 2.236e+02 2.384e+02 138 2 2 2.894e+02 2.986e+02 85 2 4 2.977e+01 5.423e+01 227 2 4 1.145e+02 1.375e+02 213 2 1 1.324e+02 1.616e+02 271 2 2 2.374e+02 2.666e+02 271 2 4 2.751e+02 3.129e+02 351 2 3 5.131e+01 7.469e+01 217 2 2 7.374e+01 9.426e+01 190 2 1 1.732e+02 2.048e+02 294 2 1 9.531e+00 3.247e+01 213 2 2 1.098e+02 1.422e+02 300
6873 8 0 2 2.821e+02 3.059e+02 220 0 4 3.175e+02 3.545e+02 343 0 1 3.004e+02 3.296e+02 271 1 3 1.742e+02 2.038e+02 276 2 3 1.050e+02 1.050e+02 -2 2 1 1.456e+02 1.484e+02 26 2 4 2.095e+02 2.105e+02 9 2 3 9.156e+01 1.184e+02 250
6874 4 0 3 4.812e+02 4.848e+02 33 0 2 4.493e+02 4.747e+02 236 0 1 4.708e+02 4.952e+02 226 0 4 4.852e+02 5.228e+02 350
6875 19 2 2 5.020e+02 5.060e+02 38 2 4 3.318e+01 5.082e+01 164 2 3 5.232e+02 5.268e+02 33 2 2 6.680e+02 6.760e+02 74 2 4 5.039e+02 5.041e+02 2 2 3 6.379e+02 6.641e+02 244 2 4 6.606e+02 6.834e+02 211 2 1 6.320e+02 6.700e+02 352 3 2 4.620e+02 4.620e+02 0 3 3 4.815e+02 4.845e+02 28 3 2 4.193e+02 4.207e+02 14 3 1 4.711e+02 4.949e+02 221 3 4 4.508e+02 4.732e+02 207 3 3 4.683e+02 4.977e+02 273 3 4 4.098e+02 4.302e+02 190 3 2 4.933e+02 5.147e+02 199 3 3 4.238e+02 4.582e+02 320 3 4 4.871e+02 5.209e+02 314 3 1 4.639e+02 5.021e+02 355
6876 14 0 4 2.850e+02 3.030e+02 166 0 3 6.451e+02 6.569e+02 109 0 1 2.574e+02 2.886e+02 289 0 2 6.126e+02 6.474e+02 324 0 1 6.415e+02 6.605e+02 177 0 3 2.617e+02 2.843e+02 210 0 4 6.093e+02 6.507e+02 385 1 2 6.264e+02 6.336e+02 67 1 4 6.170e+02 6.430e+02 241 2 3 6.279e+01 6.321e+01 4 2 1 5.938e+01 6.662e+01 67 2 4 2.470e+01 5.930e+01 321 2 2 6.535e+01 1.026e+02 346 3 2 3.385e+01 5.015e+01 151
6878 34 0 4 4.620e+02 4.620e+02 0 0 1 6.071e+02 6.109e+02 35 0 1 3.540e+02 3.600e+02 56 0 2 6.713e+02 6.727e+02 14 0 4 3.750e+02 3.810e+02 56 0 3 5.623e+02 5.717e+02 88 0 4 1.932e+02 2.268e+02 311 0 3 6.058e+02 6.122e+02 60 0 2 3.205e+02 3.515e+02 287 0 4 6.711e+02 6.729e+02 16 0 1 -3.483e+00 4.548e+01 455 0 1 5.587e+02 5.753e+02 155 0 2 3.621e+02 3.939e+02 296 0 2 6.291e+02 6.309e+02 16 0 4 3.586e+02 3.974e+02 360 0 1 6.501e+02 6.519e+02 16 0 3 5.545e+02 5.795e+02 233 0 4 6.265e+02 6.335e+02 65 0 3 6.471e+02 6.549e+02 73 0 2 5.323e+02 5.597e+02 254 0 4 5.827e+02 5.933e+02 99 0 2 6.454e+02 6.986e+02 494 0 4 6.160e+02 6.440e+02 260 1 3 6.084e+02 6.096e+02 11 1 2 5.860e+02 5.900e+02 36 1 4 4.508e+02 4.732e+02 208 1 2 6.295e+02 6.305e+02 9 1 1 5.635e+02 5.705e+02 65 1 1 6.065e+02 6.115e+02 46 1 2 5.688e+02 6.072e+02 357 1 4 6.205e+02 6.395e+02 176 2 2 4.071e+01 4.329e+01 24 2 3 5.821e+01 6.779e+01 89 2 4 2.411e+01 5.989e+01 332
6879 20 0 2 2.088e+02 2.112e+02 21 0 1 3.551e+02 3.589e+02 36 0 2 6.610e+02 6.830e+02 204 0 3 2.274e+02 2.346e+02 66 0 2 3.637e+02 3.923e+02 266 0 4 6.541e+02 6.899e+02 333 0 3 1.702e+02 2.078e+02 350 0 4 3.648e+02 3.912e+02 245 0 2 1.054e+02 1.466e+02 382 1 4 2.520e+02 2.520e+02 0 1 1 1.865e+02 1.915e+02 47 1 3 1.880e+02 1.900e+02 18 1 1 2.243e+02 2.377e+02 125 1 4 2.047e+02 2.153e+02 98 1 3 2.187e+02 2.433e+02 228 1 2 1.990e+02 2.210e+02 204 1 4 1.535e+02 1.825e+02 269 1 2 1.902e+02 2.298e+02 368 2 4 1.136e+02 1.384e+02 230 3 2 5.279e+02 5.641e+02 336
6880 9 0 3 6.481e+02 6.539e+02 53 0 4 6.689e+02 6.751e+02 57 0 2 6.110e+02 6.490e+02 353 0 1 6.463e+02 6.557e+02 87 0 2 6.666e+02 6.774e+02 100 0 1 6.346e+02 6.674e+02 304 2 4 4.603e+02 4.637e+02 32 2 4 4.503e+02 4.737e+02 218 2 3 4.695e+02 4.965e+02 251
6881 23 0 4 6.261e+02 6.339e+02 72 0 1 6.489e+02 6.531e+02 40 0 4 2.049e+02 2.151e+02 96 0 3 4.366e+02 4.454e+02 82 0 1 6.061e+02 6.119e+02 53 0 3 6.484e+02 6.536e+02 49 0 4 4.172e+02 4.228e+02 51 0 3 6.061e+02 6.119e+02 53 0 4 6.560e+02 6.880e+02 296 0 3 5.527e+02 5.813e+02 266 2 3 1.003e+02 1.097e+02 87 2 3 5.996e+01 6.604e+01 56 2 2 1.225e+02 1.295e+02 65 2 3 1.396e+02 1.544e+02 137 2 2 2.802e+01 5.598e+01 260 2 4 1.106e+02 1.414e+02 286 2 2 1.581e+02 1.779e+02 183 2 4 1.926e+02 2.274e+02 324 2 1 7.108e+00 3.489e+01 258 2 1 1.347e+02 1.593e+02 228 2 3 7.599e+00 3.440e+01 249 2 4 1.511e+02 1.849e+02 315 2 4 2.380e+01 6.020e+01 338
6882 9 0 4 5.700e+02 6.060e+02 334 0 2 6.063e+02 6.537e+02 440 1 3 5.640e+02 5.700e+02 56 2 1 1.780e+02 2.000e+02 204 2 3 4.525e+01 8.075e+01 330 2 4 6.513e+01 1.029e+02 350 2 1 3.910e+01 8.690e+01 444 2 2 5.893e+01 1.091e+02 466 3 2 8.218e+01 8.582e+01 34
6883 0
6885 11 0 2 4.554e+02 4.686e+02 122 0 4 4.496e+02 4.744e+02 230 0 1 4.688e+02 4.972e+02 263 0 3 4.718e+02 4.942e+02 207 1 1 5.617e+02 5.723e+02 98 2 4 4.585e+02 4.655e+02 65 2 3 4.804e+02 4.856e+02 49 2 2 4.999e+02 5.081e+02 76 2 1 5.127e+02 5.373e+02 229 2 2 4.915e+02 5.165e+02 232 2 2 5.308e+02 5.612e+02 282
6886 12 0 1 6.463e+02 6.557e+02 86 0 1 6.078e+02 6.102e+02 23 0 3 6.464e+02 6.556e+02 85 0 2 6.691e+02 6.749e+02 54 2 4 3.314e+02 3.406e+02 86 2 2 3.793e+01 4.607e+01 76 2 1 1.445e+02 1.495e+02 47 2 4 3.452e+01 4.948e+01 139 2 2 1.200e+02 1.319e+02 110 2 3 6.344e+00 3.566e+01 272 2 4 1.163e+02 1.357e+02 180 2 3 9.344e+01 1.166e+02 215
6888 18 0 3 5.642e+02 5.698e+02 51 0 4 5.742e+02 6.018e+02 256 0 3 6.347e+02 6.673e+02 303 0 4 5.670e+02 6.090e+02 390 0 2 6.475e+02 6.965e+02 456 0 3 5.851e+02 6.329e+02 443 0 4 6.456e+02 6.984e+02 490 1 3 5.548e+02 5.792e+02 227 1 2 6.182e+02 6.418e+02 219 1 4 5.652e+02 6.108e+02 423 2 4 2.386e+02 2.654e+02 248 2 4 4.892e+02 5.188e+02 275 2 3 2.602e+02 2.858e+02 238 2 4 2.977e+01 5.423e+01 227 2 2 2.727e+02 3.153e+02 396 2 3 -7.438e-01 4.274e+01 404 2 2 5.880e+01 1.092e+02 468 2 3 3.847e+01 8.753e+01 456
6889 15 0 2 3.346e+02 3.374e+02 26 0 2 2.880e+02 3.000e+02 111 0 4 3.349e+02 3.371e+02 20 0 1 2.624e+02 2.836e+02 196 0 1 2.951e+02 3.349e+02 370 0 1 3.404e+02 3.736e+02 309 1 2 1.663e+02 1.697e+02 32 1 4 2.514e+02 2.526e+02 10 1 1 1.434e+02 1.506e+02 67 1 2 2.045e+02 2.155e+02 101 1 1 2.562e+02 2.898e+02 311 1 4 2.067e+02 2.133e+02 61 1 1 2.170e+02 2.450e+02 260 1 4 3.616e+02 3.944e+02 306 1 3 2.159e+02 2.461e+02 280
6890 15 0 1 4.797e+02 4.863e+02 62 0 3 5.650e+02 5.690e+02 37 0 2 6.716e+02 6.724e+02 8 0 3 4.734e+02 4.926e+02 178 0 2 5.386e+02 5.534e+02 138 0 4 6.703e+02 6.737e+02 32 0 2 5.007e+02 5.073e+02 60 0 1 5.108e+02 5.392e+02 265 0 1 6.422e+02 6.598e+02 163 0 4 4.957e+02 5.123e+02 155 0 3 6.391e+02 6.629e+02 221 0 2 4.853e+02 5.227e+02 348 1 3 6.064e+02 6.116e+02 49 2 4 1.069e+02 1.451e+02 355 3 3 4.889e+01 7.711e+01 262
