22378 13 0 1 2.295e+02 2.325e+02 27 0 3 2.306e+02 2.314e+02 7 0 2 2.392e+02 2.648e+02 238 0 4 2.335e+02 2.705e+02 344 1 3 6.127e+01 6.473e+01 32 1 2 1.629e+02 1.731e+02 96 1 4 8.400e+01 8.400e+01 -4 1 4 1.672e+02 1.688e+02 15 1 1 1.328e+02 1.612e+02 264 1 1 1.854e+02 1.926e+02 66 1 3 1.312e+02 1.628e+02 294 1 2 1.922e+02 2.278e+02 330 2 2 1.601e+02 1.759e+02 147
22382 14 0 3 6.510e+02 6.510e+02 -9 0 4 6.720e+02 6.720e+02 -4 0 2 6.135e+02 6.465e+02 306 0 1 6.498e+02 6.522e+02 22 0 2 6.565e+02 6.875e+02 287 2 2 8.124e+01 8.676e+01 51 2 3 5.620e+01 6.980e+01 126 2 3 2.184e+02 2.436e+02 234 2 4 6.863e+01 9.937e+01 286 2 4 2.258e+02 2.782e+02 486 2 2 1.863e+02 2.337e+02 440 2 1 2.073e+02 2.547e+02 440 3 2 5.297e+02 5.623e+02 302 3 1 5.026e+02 5.474e+02 416
22383 38 0 2 6.216e+02 6.384e+02 156 0 4 6.708e+02 6.732e+02 22 0 4 6.214e+02 6.386e+02 160 0 3 6.398e+02 6.622e+02 209 0 1 5.987e+02 6.193e+02 191 0 2 6.629e+02 6.811e+02 169 0 3 3.751e+02 4.229e+02 445 0 3 5.942e+02 6.238e+02 275 0 4 6.617e+02 6.823e+02 192 0 4 6.111e+02 6.489e+02 351 0 3 6.320e+02 6.700e+02 353 0 2 6.509e+02 6.931e+02 392 0 4 6.489e+02 6.951e+02 430 0 1 6.286e+02 6.734e+02 416 0 3 6.252e+02 6.768e+02 479 1 1 6.087e+02 6.093e+02 5 1 2 6.214e+02 6.386e+02 160 1 4 6.211e+02 6.389e+02 165 2 2 3.219e+01 5.181e+01 182 2 4 4.530e+02 4.710e+02 167 2 3 9.627e+01 1.137e+02 162 2 3 1.362e+02 1.578e+02 201 2 1 4.699e+02 4.961e+02 243 2 3 2.233e+02 2.387e+02 142 2 3 4.619e+02 5.041e+02 391 2 2 2.853e+02 3.027e+02 162 2 1 5.413e+01 7.187e+01 165 2 2 4.421e+02 4.819e+02 370 2 3 1.799e+02 1.981e+02 169 2 1 2.185e+02 2.435e+02 233 2 4 2.855e+02 3.025e+02 158 2 2 3.140e+02 3.580e+02 409 2 3 4.785e+01 7.815e+01 281 2 4 5.920e+01 1.088e+02 460 2 4 1.457e+02 1.903e+02 414 2 2 1.900e+02 2.300e+02 372 2 3 3.064e+02 3.236e+02 160 2 4 2.398e+01 6.002e+01 335
22384 6 0 2 6.135e+02 6.465e+02 307 0 2 5.272e+02 5.648e+02 349 0 4 6.134e+02 6.466e+02 308 2 3 3.924e+00 3.808e+01 317 2 1 3.160e+00 3.884e+01 331 2 4 1.981e+01 6.419e+01 412
22386 6 0 1 6.056e+02 6.124e+02 63 0 3 6.488e+02 6.532e+02 40 0 3 6.075e+02 6.105e+02 28 0 1 6.422e+02 6.598e+02 163 0 2 6.154e+02 6.446e+02 270 0 4 6.142e+02 6.458e+02 293
22388 21 0 4 2.417e+02 2.623e+02 191 0 3 5.095e+01 7.505e+01 224 0 1 9.438e+01 1.156e+02 197 0 2 1.561e+02 1.799e+02 221 0 2 2.385e+02 2.655e+02 251 0 1 7.690e+00 3.431e+01 247 0 2 6.849e+01 9.951e+01 288 0 4 1.502e+02 1.858e+02 330 0 2 2.564e+01 5.836e+01 304 0 4 6.400e+01 1.040e+02 371 1 4 1.551e+02 1.809e+02 240 1 3 2.160e+02 2.460e+02 278 1 4 1.141e+02 1.379e+02 221 1 1 1.765e+02 2.015e+02 231 1 1 1.340e+02 1.600e+02 242 1 3 1.753e+02 2.027e+02 255 1 3 8.213e+01 1.279e+02 425 1 4 1.885e+02 2.315e+02 400 1 3 1.238e+02 1.702e+02 430 2 4 2.517e+02 2.523e+02 6 2 4 2.408e+02 2.632e+02 207
22389 4 0 2 4.970e+02 5.110e+02 130 0 3 5.146e+02 5.354e+02 193 0 4 4.930e+02 5.150e+02 204 0 1 5.074e+02 5.426e+02 327
22390 0
22393 0
22394 0
22395 19 0 3 4.801e+02 4.859e+02 55 0 3 6.088e+02 6.092e+02 5 0 1 6.472e+02 6.548e+02 71 0 4 3.233e+01 5.167e+01 180 0 4 5.040e+02 5.040e+02 -1 0 3 4.889e+01 7.711e+01 262 0 2 6.288e+02 6.312e+02 22 0 2 4.585e+02 4.655e+02 66 0 4 6.262e+02 6.338e+02 71 0 2 6.598e+02 6.842e+02 226 0 1 4.206e+02 4.614e+02 379 0 4 4.522e+02 4.718e+02 181 0 1 6.065e+02 6.115e+02 47 0 4 6.584e+02 6.856e+02 252 0 1 4.683e+02 4.977e+02 274 0 4 6.159e+02 6.441e+02 261 0 3 6.325e+02 6.695e+02 344 0 3 4.675e+02 4.985e+02 288 1 2 6.205e+02 6.395e+02 176
22398 26 0 2 6.205e+02 6.395e+02 176 0 4 6.189e+02 6.411e+02 206 0 2 6.591e+02 6.849e+02 239 0 1 5.955e+02 6.225e+02 250 0 4 6.614e+02 6.826e+02 197 0 2 6.140e+02 6.460e+02 298 0 1 6.337e+02 6.683e+02 320 0 3 5.905e+02 6.275e+02 343 0 3 6.308e+02 6.712e+02 375 2 1 1.922e+01 2.278e+01 33 2 2 4.004e+01 4.396e+01 36 2 4 1.568e+02 1.792e+02 207 2 2 2.058e+02 2.142e+02 78 2 4 2.842e+02 3.038e+02 182 2 3 9.800e+00 3.220e+01 208 2 2 6.580e+01 1.022e+02 338 2 1 2.239e+02 2.381e+02 132 2 1 5.292e+01 7.308e+01 187 2 4 6.356e+01 1.044e+02 380 2 4 1.904e+02 2.296e+02 365 2 3 2.518e+02 2.942e+02 394 2 3 5.023e+01 7.577e+01 237 2 1 8.814e+00 3.319e+01 226 2 3 1.319e+00 4.068e+01 366 3 1 5.505e+02 5.835e+02 306 3 1 5.438e+02 5.902e+02 430
22399 3 1 3 5.666e+02 5.674e+02 8 1 4 5.269e+02 5.651e+02 354 2 4 1.544e+02 1.816e+02 253
22400 39 0 3 1.879e+02 1.901e+02 20 0 4 2.086e+02 2.114e+02 26 0 1 6.469e+02 6.551e+02 76 0 2 1.649e+02 1.711e+02 57 0 2 6.135e+02 6.465e+02 307 0 3 6.490e+02 6.530e+02 38 0 4 6.120e+02 6.480e+02 335 1 2 6.300e+02 6.300e+02 -5 1 4 5.035e+02 5.045e+02 10 1 4 6.299e+02 6.301e+02 1 1 1 5.200e+02 5.300e+02 93 1 4 6.123e+02 6.477e+02 328 1 4 5.728e+02 6.032e+02 281 2 3 3.140e+02 3.160e+02 18 2 3 1.457e+02 1.483e+02 25 2 3 6.044e+02 6.136e+02 85 2 3 2.245e+02 2.375e+02 121 2 3 6.465e+02 6.555e+02 84 2 4 2.896e+02 2.984e+02 81 2 1 1.536e+01 2.664e+01 105 2 4 4.960e+02 5.120e+02 149 2 2 1.235e+02 1.285e+02 46 2 1 5.196e+02 5.304e+02 100 2 2 1.652e+02 1.708e+02 52 2 2 2.000e+02 2.200e+02 186 2 1 3.871e+02 4.109e+02 221 2 3 9.138e+01 1.186e+02 253 2 2 4.915e+02 5.165e+02 232 2 4 1.632e+02 1.728e+02 90 2 3 5.078e+02 5.422e+02 319 2 4 1.993e+02 2.207e+02 199 2 4 1.153e+02 1.367e+02 198 2 3 1.843e+02 1.937e+02 87 2 1 1.722e+02 2.058e+02 311 2 3 1.757e+02 2.023e+02 246 2 1 1.344e+02 1.596e+02 234 2 3 1.287e+02 1.653e+02 340 3 2 3.102e+01 5.298e+01 204 3 3 4.848e+01 7.752e+01 270
22401 6 0 4 8.400e+01 8.400e+01 -4 0 4 4.141e+02 4.259e+02 110 0 3 3.861e+02 4.119e+02 239 1 2 5.876e+02 5.884e+02 8 1 1 6.001e+02 6.179e+02 165 1 2 6.214e+02 6.386e+02 159
22402 8 0 4 5.033e+02 5.047e+02 12 0 2 5.332e+02 5.588e+02 237 0 4 6.705e+02 6.735e+02 28 0 3 6.340e+02 6.680e+02 316 1 2 5.736e+02 6.024e+02 267 2 3 1.958e+01 2.242e+01 26 2 1 1.577e+01 2.623e+01 97 2 2 2.389e+01 6.011e+01 336
22405 1 1 2 6.140e+02 6.460e+02 296
22406 2 2 4 2.911e+02 2.969e+02 54 2 4 2.752e+02 3.128e+02 350
22407 4 3 2 4.180e+02 4.220e+02 36 3 1 3.857e+02 4.123e+02 246 3 3 4.295e+02 4.525e+02 214 3 4 4.007e+02 4.393e+02 358
22412 13 0 4 6.712e+02 6.728e+02 16 0 3 4.794e+02 4.866e+02 66 0 4 3.684e+02 3.876e+02 179 0 4 4.477e+02 4.763e+02 266 0 2 3.217e+02 3.503e+02 266 2 4 4.152e+01 4.248e+01 9 2 3 1.918e+01 2.282e+01 34 2 2 4.027e+01 4.373e+01 32 2 1 4.825e+01 7.775e+01 274 2 3 4.372e+01 8.228e+01 358 2 3 2.214e+00 3.979e+01 349 2 2 2.371e+01 6.029e+01 340 2 4 2.402e+01 5.998e+01 334
22413 13 0 1 5.670e+02 5.670e+02 -22 0 2 6.276e+02 6.324e+02 44 0 2 1.646e+02 1.714e+02 64 0 3 6.508e+02 6.512e+02 5 0 4 1.525e+02 1.835e+02 288 0 3 5.631e+02 5.709e+02 72 0 4 5.785e+02 5.975e+02 176 0 2 6.615e+02 6.825e+02 195 0 4 6.640e+02 6.800e+02 149 1 1 8.679e+00 3.332e+01 229 2 1 6.284e+01 6.316e+01 3 2 1 1.972e+01 2.228e+01 24 2 3 3.564e+00 3.844e+01 324
22415 28 0 3 5.574e+02 5.766e+02 179 0 4 5.747e+02 6.013e+02 247 0 3 6.423e+02 6.597e+02 162 0 3 5.971e+02 6.209e+02 220 0 2 6.581e+02 6.859e+02 259 0 3 5.427e+02 5.913e+02 450 0 4 6.143e+02 6.457e+02 292 0 4 6.578e+02 6.862e+02 264 0 3 5.005e+02 5.495e+02 455 0 3 5.871e+02 6.309e+02 406 0 1 6.357e+02 6.663e+02 285 1 1 6.019e+02 6.161e+02 131 1 3 5.974e+02 6.206e+02 216 1 4 5.210e+02 5.710e+02 465 1 2 6.072e+02 6.528e+02 424 1 3 5.858e+02 6.322e+02 431 2 3 1.164e+01 3.036e+01 174 2 4 4.182e+02 4.218e+02 33 2 2 3.233e+01 5.167e+01 180 2 1 4.352e+02 4.468e+02 108 2 1 5.355e+01 7.245e+01 176 2 3 3.897e+02 4.083e+02 173 2 1 2.352e+00 3.965e+01 346 2 2 4.110e+02 4.290e+02 168 2 3 -1.104e+00 4.310e+01 410 2 4 4.022e+02 4.378e+02 330 2 3 4.224e+02 4.596e+02 346 2 3 3.737e+02 4.243e+02 470
22416 33 0 2 3.351e+02 3.369e+02 17 0 1 4.782e+02 4.878e+02 89 0 1 6.087e+02 6.093e+02 6 0 4 3.294e+02 3.426e+02 123 0 2 6.693e+02 6.747e+02 50 0 1 2.997e+02 3.303e+02 285 0 3 3.908e+02 4.072e+02 153 0 4 5.007e+02 5.073e+02 60 0 1 5.222e+02 5.278e+02 51 0 3 6.074e+02 6.106e+02 30 0 4 6.672e+02 6.768e+02 89 0 4 4.119e+02 4.281e+02 150 0 3 4.705e+02 4.955e+02 233 0 2 5.328e+02 5.592e+02 246 0 2 6.277e+02 6.323e+02 43 0 1 6.409e+02 6.611e+02 188 0 1 3.882e+02 4.098e+02 200 0 2 4.928e+02 5.152e+02 209 0 4 6.271e+02 6.329e+02 54 0 3 6.453e+02 6.567e+02 106 0 4 6.146e+02 6.454e+02 286 0 2 6.614e+02 6.826e+02 196 0 3 6.366e+02 6.654e+02 268 0 4 6.524e+02 6.916e+02 364 1 3 3.983e+02 3.997e+02 12 1 2 3.686e+02 3.874e+02 174 2 2 4.139e+01 4.261e+01 11 2 4 3.313e+02 3.407e+02 88 2 4 7.765e+01 9.035e+01 118 2 1 5.018e+01 7.582e+01 238 2 4 7.087e+01 9.713e+01 244 2 3 8.410e+00 3.359e+01 234 2 4 2.824e+01 5.576e+01 256
22417 0
22420 2 2 4 1.155e+02 1.365e+02 196 2 3 1.318e+02 1.622e+02 283
22425 7 0 4 4.620e+02 4.620e+02 -16 0 3 4.350e+02 4.470e+02 112 2 1 1.465e+02 1.475e+02 9 2 4 1.205e+02 1.315e+02 103 2 3 1.436e+02 1.504e+02 63 2 2 1.088e+02 1.432e+02 319 2 4 1.629e+02 1.731e+02 94
22426 1 1 4 6.197e+02 6.403e+02 190
22427 0
