20521 8 0 1 4.819e+02 4.841e+02 20 0 3 6.494e+02 6.526e+02 29 0 4 5.002e+02 5.078e+02 71 0 2 4.562e+02 4.678e+02 108 0 3 6.335e+02 6.685e+02 326 1 4 5.460e+02 5.460e+02 -4 2 1 4.184e+02 4.636e+02 420 2 2 3.973e+02 4.427e+02 421
20522 0
20524 0
20525 6 0 3 5.244e+02 5.256e+02 11 0 2 4.908e+02 5.172e+02 245 0 1 5.122e+02 5.378e+02 238 0 2 6.568e+02 6.872e+02 282 0 4 6.551e+02 6.889e+02 313 2 4 3.646e+02 3.914e+02 250
20527 19 0 3 6.510e+02 6.510e+02 -10 0 1 5.214e+02 5.286e+02 66 0 1 6.497e+02 6.523e+02 25 0 1 6.090e+02 6.090e+02 -10 0 3 6.082e+02 6.098e+02 16 0 2 6.201e+02 6.399e+02 183 0 4 6.229e+02 6.371e+02 132 0 4 5.711e+02 6.049e+02 313 1 2 6.293e+02 6.307e+02 14 2 4 6.281e+02 6.319e+02 35 2 3 1.815e+01 2.385e+01 53 2 2 2.084e+02 2.116e+02 30 2 4 4.045e+01 4.355e+01 29 2 4 2.053e+02 2.147e+02 88 2 1 1.438e+01 2.762e+01 123 2 3 1.705e+02 2.075e+02 343 2 1 2.166e+02 2.454e+02 267 2 2 2.636e+01 5.764e+01 290 2 4 2.272e+01 6.128e+01 358
20528 4 0 2 6.720e+02 6.720e+02 -21 0 2 6.670e+02 6.770e+02 93 0 4 6.652e+02 6.788e+02 126 2 4 6.713e+02 6.727e+02 14
20533 4 0 2 6.634e+02 6.806e+02 160 0 3 6.370e+02 6.650e+02 260 0 2 6.520e+02 6.920e+02 371 0 4 6.492e+02 6.948e+02 423
20535 1 2 1 1.258e+01 2.942e+01 156
20537 17 0 3 2.100e+01 2.100e+01 -5 0 3 4.381e+02 4.439e+02 55 0 2 6.213e+02 6.387e+02 161 0 4 3.789e+01 4.611e+01 76 0 1 6.367e+02 6.653e+02 266 0 1 3.864e+02 4.116e+02 234 0 4 4.525e+02 4.715e+02 176 0 4 6.171e+02 6.429e+02 239 0 4 4.040e+02 4.360e+02 298 0 2 4.463e+02 4.777e+02 292 0 1 4.285e+02 4.535e+02 231 2 3 1.025e+02 1.075e+02 47 2 4 3.968e+01 4.432e+01 43 2 3 9.344e+01 1.166e+02 215 2 4 2.827e+02 3.053e+02 210 2 2 1.092e+02 1.428e+02 312 2 4 1.074e+02 1.446e+02 345
20542 30 1 2 4.593e+02 4.647e+02 50 2 1 1.887e+02 1.893e+02 6 2 1 5.653e+02 5.687e+02 32 2 3 2.289e+02 2.331e+02 40 2 4 5.031e+02 5.049e+02 17 2 2 2.935e+02 2.945e+02 10 2 3 5.240e+02 5.260e+02 18 2 2 3.768e+02 3.792e+02 22 2 1 6.060e+02 6.120e+02 56 2 2 1.254e+02 1.266e+02 10 2 2 5.427e+02 5.493e+02 62 2 3 1.873e+02 1.907e+02 32 2 4 6.109e+02 6.491e+02 354 2 2 2.495e+02 2.545e+02 46 2 1 3.815e+02 4.165e+02 325 2 1 3.131e+02 3.169e+02 36 2 3 3.470e+02 3.670e+02 186 2 4 1.196e+02 1.324e+02 118 2 3 1.457e+02 1.483e+02 24 2 4 2.423e+02 2.617e+02 180 2 3 2.693e+02 2.767e+02 68 2 4 3.237e+02 3.483e+02 229 2 3 8.895e+01 1.210e+02 298 2 2 1.543e+02 1.817e+02 255 2 2 2.794e+02 3.086e+02 270 2 4 3.164e+02 3.556e+02 365 2 3 1.731e+02 2.049e+02 296 2 4 2.798e+02 3.082e+02 264 2 1 1.326e+02 1.614e+02 268 2 1 2.569e+02 2.891e+02 299
20544 6 0 3 4.830e+02 4.830e+02 0 0 2 4.518e+02 4.722e+02 190 0 4 4.926e+02 5.154e+02 211 0 1 4.226e+02 4.594e+02 342 0 1 4.635e+02 5.025e+02 362 0 2 4.880e+02 5.200e+02 296
20545 0
20546 28 0 4 6.258e+02 6.342e+02 78 0 4 3.820e+01 4.580e+01 70 0 3 4.351e+02 4.469e+02 110 0 1 6.052e+02 6.128e+02 70 0 2 3.675e+02 3.885e+02 195 0 2 6.237e+02 6.363e+02 117 0 3 8.050e+00 3.395e+01 240 0 1 3.793e+02 4.187e+02 366 0 2 3.111e+01 5.289e+01 202 0 3 5.897e+02 6.283e+02 359 0 1 3.359e+02 3.781e+02 391 0 4 5.695e+02 6.065e+02 344 0 1 4.325e+00 3.768e+01 310 0 2 2.034e+01 6.366e+01 402 0 1 5.886e+02 6.294e+02 378 1 4 5.839e+02 5.921e+02 76 1 2 6.208e+02 6.392e+02 171 1 2 5.816e+02 5.944e+02 118 1 1 6.006e+02 6.174e+02 156 1 3 5.063e+02 5.437e+02 346 1 2 5.746e+02 6.014e+02 250 1 3 5.943e+02 6.237e+02 272 1 4 6.162e+02 6.438e+02 257 1 1 5.899e+02 6.281e+02 356 1 2 6.083e+02 6.517e+02 402 2 2 1.643e+02 1.717e+02 69 2 3 5.872e+02 6.308e+02 406 2 1 2.514e+02 2.946e+02 401
20548 7 0 4 6.300e+02 6.300e+02 -3 0 1 5.245e+02 5.255e+02 9 0 3 5.150e+02 5.350e+02 186 0 3 6.493e+02 6.527e+02 32 0 2 4.460e+02 4.780e+02 297 0 2 5.318e+02 5.602e+02 265 0 3 6.325e+02 6.695e+02 344
20549 90 0 4 2.518e+02 2.522e+02 3 0 4 6.289e+02 6.311e+02 20 0 4 3.332e+02 3.388e+02 51 0 1 4.782e+02 4.878e+02 89 0 1 2.266e+02 2.354e+02 81 0 1 5.233e+02 5.267e+02 32 0 1 3.141e+02 3.159e+02 16 0 1 6.089e+02 6.091e+02 1 0 2 3.773e+02 3.787e+02 12 0 3 6.497e+02 6.523e+02 24 0 3 2.172e+02 2.448e+02 256 0 4 4.142e+02 4.258e+02 107 0 4 3.689e+02 3.871e+02 169 0 3 4.814e+02 4.846e+02 30 0 2 2.414e+02 2.626e+02 196 0 3 5.194e+02 5.306e+02 105 0 1 3.448e+02 3.692e+02 226 0 3 6.088e+02 6.092e+02 5 0 2 3.226e+02 3.494e+02 248 0 2 6.712e+02 6.728e+02 15 0 4 3.156e+02 3.564e+02 379 0 1 3.901e+02 4.079e+02 165 0 4 5.003e+02 5.077e+02 70 0 1 5.576e+02 5.764e+02 174 0 4 5.838e+02 5.922e+02 78 0 4 6.695e+02 6.745e+02 46 0 3 3.833e+02 4.147e+02 292 0 2 4.947e+02 5.133e+02 173 0 3 5.531e+02 5.809e+02 259 0 1 5.992e+02 6.188e+02 182 0 1 6.481e+02 6.539e+02 54 0 4 4.022e+02 4.378e+02 331 0 4 4.876e+02 5.204e+02 304 0 2 6.170e+02 6.430e+02 242 0 4 6.573e+02 6.867e+02 274 0 2 4.469e+02 4.771e+02 281 0 4 5.729e+02 6.031e+02 281 0 1 6.324e+02 6.696e+02 345 1 1 5.250e+02 5.250e+02 0 1 4 5.437e+02 5.483e+02 43 1 2 4.576e+02 4.664e+02 82 1 1 6.087e+02 6.093e+02 6 1 4 4.027e+02 4.373e+02 321 1 3 3.806e+02 4.174e+02 341 1 3 5.229e+02 5.271e+02 39 1 1 5.643e+02 5.697e+02 50 1 3 6.074e+02 6.106e+02 30 1 3 4.784e+02 4.876e+02 86 1 3 5.665e+02 5.675e+02 10 1 2 6.290e+02 6.310e+02 19 1 4 5.791e+02 5.969e+02 166 1 4 6.295e+02 6.305e+02 10 1 2 5.427e+02 5.493e+02 62 1 2 5.792e+02 5.968e+02 164 1 2 5.713e+02 6.047e+02 310 2 3 3.976e+02 4.004e+02 26 2 4 2.094e+02 2.106e+02 10 2 4 5.867e+02 5.893e+02 24 2 4 3.712e+02 3.848e+02 126 2 2 4.146e+02 4.254e+02 100 2 4 1.244e+02 1.276e+02 30 2 2 4.995e+02 5.085e+02 84 2 1 2.294e+02 2.326e+02 29 2 4 5.354e+02 5.566e+02 196 2 3 3.022e+02 3.278e+02 238 2 1 6.043e+02 6.137e+02 87 2 1 3.538e+02 3.602e+02 59 2 3 4.283e+02 4.537e+02 236 2 3 4.857e+01 7.743e+01 268 2 4 4.600e+02 4.640e+02 38 2 2 8.330e+01 8.470e+01 13 2 4 6.175e+02 6.425e+02 233 2 3 2.219e+02 2.401e+02 169 2 2 4.014e+02 4.386e+02 345 2 4 2.774e+02 3.106e+02 308 2 4 4.893e+02 5.187e+02 274 2 2 3.261e+02 3.459e+02 184 2 1 5.042e+02 5.458e+02 387 2 4 8.020e+01 8.780e+01 70 2 3 5.939e+02 6.241e+02 280 2 1 2.193e+02 2.427e+02 218 2 3 6.307e+02 6.713e+02 376 2 4 3.151e+02 3.569e+02 388 2 4 4.073e+02 4.327e+02 236 2 3 8.667e+01 1.233e+02 340 2 3 4.666e+02 4.994e+02 306 2 2 1.916e+02 2.284e+02 342 2 1 4.269e+02 4.551e+02 261 2 2 4.420e+02 4.820e+02 372 2 3 3.798e+02 4.182e+02 356
20550 2 2 1 6.485e+02 6.535e+02 47 2 1 5.903e+02 6.277e+02 347
20551 0
20552 8 0 2 5.457e+02 5.463e+02 6 0 4 2.898e+02 2.982e+02 77 0 1 4.402e+02 4.418e+02 15 0 2 4.526e+02 4.714e+02 176 0 1 5.229e+02 5.271e+02 39 2 3 9.941e+01 1.106e+02 104 2 4 2.334e+02 2.706e+02 346 2 2 1.108e+02 1.412e+02 282
20553 8 0 1 6.090e+02 6.090e+02 -5 0 4 6.300e+02 6.300e+02 -4 0 3 6.025e+02 6.155e+02 121 0 2 6.186e+02 6.414e+02 211 0 4 5.756e+02 6.004e+02 230 0 1 5.941e+02 6.239e+02 277 2 4 4.200e+01 4.200e+01 -20 2 4 2.761e+01 5.639e+01 267
20554 9 2 2 1.669e+02 1.691e+02 20 2 4 1.600e+02 1.760e+02 149 2 3 1.776e+02 2.004e+02 212 3 3 5.669e+02 5.671e+02 2 3 2 3.301e+02 3.419e+02 110 3 4 3.202e+02 3.518e+02 294 3 3 3.497e+02 3.643e+02 136 3 3 5.914e+02 6.266e+02 326 3 1 3.426e+02 3.714e+02 268
20557 0
20558 51 0 1 6.477e+02 6.543e+02 60 0 3 9.963e+01 1.104e+02 100 0 3 5.225e+02 5.275e+02 46 0 2 7.338e+01 9.462e+01 197 0 3 6.506e+02 6.514e+02 8 0 4 3.175e+02 3.545e+02 343 0 4 4.156e+02 4.244e+02 81 0 2 1.921e+02 2.279e+02 333 0 2 6.691e+02 6.749e+02 53 0 3 3.815e+02 4.165e+02 325 0 1 5.469e+02 5.871e+02 373 0 1 6.374e+02 6.646e+02 252 0 2 4.840e+02 5.240e+02 371 0 2 6.566e+02 6.874e+02 286 0 4 6.604e+02 6.836e+02 215 1 3 5.670e+02 5.670e+02 -1 1 4 6.288e+02 6.312e+02 23 1 1 5.247e+02 5.253e+02 5 1 2 5.873e+02 5.887e+02 13 1 2 6.262e+02 6.338e+02 70 1 4 5.838e+02 5.922e+02 78 1 1 5.952e+02 6.228e+02 256 1 1 5.124e+02 5.376e+02 234 1 2 5.431e+02 5.489e+02 53 1 3 5.929e+02 6.251e+02 299 1 2 5.760e+02 6.000e+02 223 1 2 6.110e+02 6.490e+02 352 1 4 6.117e+02 6.483e+02 340 2 4 3.770e+02 3.790e+02 19 2 3 3.958e+02 4.022e+02 60 2 3 2.026e+01 2.174e+01 14 2 2 8.227e+01 8.573e+01 32 2 1 6.384e+02 6.636e+02 234 2 3 2.245e+02 2.375e+02 120 2 2 3.798e+01 4.602e+01 75 2 4 8.204e+01 8.596e+01 36 2 4 1.534e+02 1.826e+02 271 2 1 2.247e+02 2.373e+02 117 2 2 3.657e+02 3.903e+02 229 2 4 3.717e+01 4.683e+01 90 2 2 1.198e+02 1.322e+02 115 2 2 2.393e+02 2.647e+02 236 2 1 5.925e+01 6.675e+01 70 2 3 9.088e+01 1.191e+02 262 2 4 2.348e+02 2.692e+02 320 2 3 5.032e+01 7.568e+01 236 2 2 1.097e+02 1.423e+02 302 2 1 2.305e+00 3.969e+01 347 2 2 6.907e+01 9.893e+01 277 2 4 6.557e+01 1.024e+02 342 3 1 6.498e+02 6.522e+02 23
20560 62 0 1 5.656e+02 5.684e+02 26 0 1 4.408e+02 4.412e+02 4 0 3 2.723e+02 2.737e+02 13 0 3 4.807e+02 4.853e+02 43 0 3 5.647e+02 5.693e+02 43 0 4 2.887e+02 2.993e+02 99 0 3 6.510e+02 6.510e+02 -6 0 1 2.639e+02 2.821e+02 170 0 3 3.955e+02 4.025e+02 66 0 2 4.997e+02 5.083e+02 80 0 3 2.538e+02 2.922e+02 356 0 3 5.209e+02 5.291e+02 76 0 4 5.803e+02 5.957e+02 143 0 2 6.696e+02 6.744e+02 45 0 3 4.313e+02 4.507e+02 180 0 2 4.554e+02 4.686e+02 123 0 4 6.709e+02 6.731e+02 20 0 4 4.543e+02 4.697e+02 142 0 1 6.404e+02 6.616e+02 196 0 1 4.695e+02 4.965e+02 251 0 3 6.361e+02 6.659e+02 277 0 3 4.684e+02 4.976e+02 271 0 4 4.874e+02 5.206e+02 309 1 4 5.853e+02 5.907e+02 50 1 3 4.391e+02 4.429e+02 36 1 1 6.074e+02 6.106e+02 30 1 3 5.198e+02 5.302e+02 96 1 2 5.425e+02 5.495e+02 65 1 3 6.070e+02 6.110e+02 36 1 1 5.130e+02 5.370e+02 223 1 4 5.437e+02 5.483e+02 43 1 2 6.258e+02 6.342e+02 78 1 2 4.863e+02 5.217e+02 328 1 1 5.668e+02 5.672e+02 5 1 4 6.289e+02 6.311e+02 20 1 3 5.628e+02 5.712e+02 78 1 2 5.820e+02 5.940e+02 110 1 3 5.525e+02 5.815e+02 270 1 2 5.697e+02 6.063e+02 340 2 4 8.182e+01 8.618e+01 40 2 2 4.614e+02 4.626e+02 10 2 1 1.462e+02 1.478e+02 16 2 4 6.253e+02 6.347e+02 88 2 1 2.294e+02 2.326e+02 29 2 4 4.189e+02 4.211e+02 21 2 3 3.120e+02 3.180e+02 56 2 1 4.783e+02 4.877e+02 87 2 4 3.610e+01 4.790e+01 110 2 3 4.373e+02 4.447e+02 69 2 2 1.242e+02 1.278e+02 34 2 4 4.942e+02 5.138e+02 181 2 2 2.066e+02 2.134e+02 64 2 3 4.655e+02 5.005e+02 326 2 2 3.242e+02 3.478e+02 219 2 3 5.458e+01 7.142e+01 156 2 4 1.234e+02 1.286e+02 48 2 3 1.774e+02 2.006e+02 216 2 4 1.947e+02 2.253e+02 285 2 3 9.762e+01 1.124e+02 137 2 2 6.804e+01 9.996e+01 296 2 4 6.544e+01 1.026e+02 345 2 4 1.053e+02 1.467e+02 385
20561 3 0 3 6.064e+02 6.116e+02 48 0 1 6.067e+02 6.113e+02 43 0 4 6.141e+02 6.459e+02 295
20563 0
20564 1 2 4 3.645e+02 3.915e+02 251
20565 0
20566 0
20568 26 0 2 5.454e+02 5.466e+02 10 0 1 4.386e+02 4.434e+02 46 0 3 5.660e+02 5.680e+02 19 0 2 6.244e+02 6.356e+02 105 0 1 6.510e+02 6.510e+02 -14 0 3 4.357e+02 4.463e+02 99 0 4 4.516e+02 4.724e+02 193 0 1 5.617e+02 5.723e+02 99 0 4 6.234e+02 6.366e+02 122 0 2 6.596e+02 6.844e+02 230 0 2 4.425e+02 4.815e+02 363 0 1 5.141e+02 5.359e+02 202 0 3 6.332e+02 6.688e+02 330 0 3 5.103e+02 5.397e+02 274 0 1 6.265e+02 6.755e+02 455 0 1 5.076e+02 5.424e+02 324 0 2 5.242e+02 5.678e+02 405 1 1 5.741e+01 6.859e+01 104 2 3 2.088e+01 2.112e+01 2 2 2 2.788e+01 5.612e+01 262 2 1 1.865e+02 1.915e+02 47 2 1 6.569e+00 3.543e+01 268 2 3 1.811e+02 1.969e+02 146 2 2 1.544e+02 1.816e+02 253 2 4 1.552e+02 1.808e+02 238 2 1 1.778e+02 2.002e+02 208
20569 4 0 1 6.018e+02 6.162e+02 134 0 3 5.965e+02 6.215e+02 232 0 2 6.101e+02 6.499e+02 369 2 1 1.755e+02 2.025e+02 251
20570 7 0 3 6.034e+02 6.146e+02 104 0 1 5.991e+02 6.189e+02 183 0 4 4.033e+02 4.367e+02 310 0 4 5.689e+02 6.071e+02 355 2 3 1.958e+01 2.242e+01 26 2 3 6.158e+01 6.442e+01 26 2 3 6.795e+00 3.521e+01 264
20572 6 0 3 2.216e+02 2.404e+02 176 0 2 6.648e+02 6.792e+02 134 0 4 6.621e+02 6.819e+02 185 0 2 6.516e+02 6.924e+02 379 1 3 5.166e+02 5.334e+02 156 1 4 5.358e+02 5.562e+02 190
20573 0
20574 2 3 1 1.335e+02 1.605e+02 251 3 1 9.030e+01 1.197e+02 273
20575 4 0 3 2.552e+02 2.908e+02 331 0 1 2.491e+02 2.969e+02 444 1 2 6.295e+02 6.305e+02 10 1 3 6.059e+02 6.121e+02 58
