28825 23 0 4 4.599e+02 4.641e+02 40 0 4 1.678e+02 1.682e+02 4 0 1 6.083e+02 6.097e+02 12 0 2 3.314e+02 3.406e+02 85 0 2 6.718e+02 6.722e+02 4 0 3 1.871e+02 1.909e+02 35 0 3 5.663e+02 5.677e+02 14 0 4 1.581e+02 1.779e+02 185 0 3 6.044e+02 6.136e+02 86 0 4 6.685e+02 6.755e+02 66 0 2 5.367e+02 5.553e+02 173 0 2 6.162e+02 6.438e+02 256 0 1 6.491e+02 6.529e+02 36 0 1 5.563e+02 5.777e+02 199 0 4 6.214e+02 6.386e+02 160 0 3 6.453e+02 6.567e+02 106 0 4 6.611e+02 6.829e+02 202 0 2 6.591e+02 6.849e+02 240 1 2 6.128e+02 6.472e+02 320 2 1 2.003e+01 2.197e+01 18 2 4 6.211e+02 6.389e+02 166 2 3 1.909e+01 2.291e+01 36 2 3 6.482e+02 6.538e+02 52
28826 7 0 4 5.867e+02 5.893e+02 24 0 1 5.535e+02 5.805e+02 251 0 3 5.501e+02 5.839e+02 314 2 4 5.851e+02 5.909e+02 55 2 1 5.994e+02 6.186e+02 178 2 3 5.986e+02 6.194e+02 193 2 2 5.789e+02 5.971e+02 169
28827 10 0 4 3.648e+02 3.912e+02 246 0 3 4.652e+02 5.008e+02 331 0 1 5.971e+02 6.209e+02 220 0 1 3.432e+02 3.708e+02 256 0 2 4.428e+02 4.812e+02 357 0 1 4.564e+02 5.096e+02 495 2 4 8.294e+01 8.506e+01 20 2 4 1.661e+02 1.699e+02 36 2 4 3.757e+01 4.643e+01 82 2 4 1.214e+02 1.306e+02 86
28830 1 0 1 5.927e+02 6.253e+02 302
28832 0
28833 0
28834 10 2 1 5.988e+01 6.612e+01 58 2 4 1.257e+02 1.263e+02 6 2 1 1.420e+02 1.520e+02 93 2 3 1.505e+01 2.695e+01 110 2 3 1.386e+02 1.554e+02 156 2 2 3.645e+01 4.755e+01 103 2 2 1.120e+02 1.400e+02 260 2 3 1.314e+02 1.626e+02 290 2 2 2.833e+01 5.567e+01 254 2 1 4.314e+01 8.286e+01 369
28837 9 0 3 5.169e+02 5.331e+02 150 0 2 4.956e+02 5.124e+02 156 0 4 4.909e+02 5.171e+02 244 2 2 3.852e+01 4.548e+01 65 2 2 5.373e+02 5.547e+02 161 2 4 3.183e+01 5.217e+01 189 2 1 5.506e+02 5.834e+02 305 2 1 4.982e+01 7.618e+01 245 2 3 4.237e+00 3.776e+01 311
28838 0
28839 0
28840 4 0 2 6.300e+02 6.300e+02 -21 0 4 6.252e+02 6.348e+02 90 0 3 6.411e+02 6.609e+02 183 0 1 6.333e+02 6.687e+02 328
28841 0
28842 10 0 3 5.247e+02 5.253e+02 6 0 4 6.648e+02 6.792e+02 133 0 2 4.973e+02 5.107e+02 125 0 2 1.095e+02 1.425e+02 307 0 2 6.552e+02 6.888e+02 311 0 1 5.031e+02 5.469e+02 407 2 1 5.786e+01 6.814e+01 96 2 3 5.584e+01 7.016e+01 133 2 2 2.779e+01 5.621e+01 264 2 4 2.901e+01 5.499e+01 241
28843 21 0 4 6.262e+02 6.338e+02 71 0 2 6.660e+02 6.780e+02 111 0 4 6.707e+02 6.733e+02 24 0 1 5.930e+02 6.250e+02 298 0 1 6.324e+02 6.696e+02 346 0 2 6.092e+02 6.508e+02 386 0 3 6.329e+02 6.691e+02 336 2 4 8.200e+01 8.600e+01 37 2 2 5.452e+02 5.468e+02 16 2 1 1.872e+02 1.908e+02 33 2 2 2.500e+02 2.540e+02 37 2 1 2.710e+02 2.750e+02 38 2 3 1.033e+02 1.067e+02 32 2 4 4.059e+02 4.341e+02 262 2 4 1.616e+02 1.744e+02 120 2 3 2.173e+02 2.447e+02 254 2 4 1.197e+02 1.323e+02 117 2 2 2.409e+02 2.631e+02 206 2 3 8.604e+01 1.240e+02 352 2 4 2.417e+02 2.623e+02 191 2 3 2.527e+02 2.933e+02 377
28844 2 0 3 5.963e+02 6.217e+02 236 1 3 5.206e+02 5.294e+02 82
28845 32 0 4 6.274e+02 6.326e+02 49 0 1 6.471e+02 6.549e+02 72 0 4 5.038e+02 5.042e+02 5 0 4 5.866e+02 5.894e+02 26 0 3 6.465e+02 6.555e+02 83 0 2 4.977e+02 5.103e+02 117 0 3 5.148e+02 5.352e+02 190 0 1 6.059e+02 6.121e+02 57 0 2 6.705e+02 6.735e+02 28 0 3 5.536e+02 5.804e+02 249 0 3 6.058e+02 6.122e+02 59 0 4 6.695e+02 6.745e+02 46 0 1 5.105e+02 5.395e+02 270 0 2 6.115e+02 6.485e+02 344 0 2 6.627e+02 6.813e+02 173 0 4 5.708e+02 6.052e+02 320 0 4 6.560e+02 6.880e+02 298 1 3 5.655e+02 5.685e+02 27 1 4 5.777e+02 5.983e+02 192 2 3 1.824e+01 2.376e+01 51 2 2 4.143e+01 4.257e+01 10 2 4 2.039e+02 2.161e+02 114 2 4 4.441e+02 4.799e+02 332 2 4 4.139e+01 4.261e+01 11 2 3 2.123e+02 2.497e+02 347 2 1 6.167e+01 6.433e+01 25 2 3 5.642e+01 6.958e+01 122 2 1 1.469e+01 2.731e+01 117 2 4 3.515e+01 4.885e+01 127 2 3 5.943e+00 3.606e+01 280 2 2 2.649e+01 5.751e+01 288 2 1 4.534e+01 8.066e+01 328
28846 3 1 3 6.212e+01 6.388e+01 16 1 4 3.053e+01 5.347e+01 213 1 2 6.885e+01 9.915e+01 281
28847 77 0 4 2.932e+02 2.948e+02 15 0 4 4.619e+02 4.621e+02 2 0 1 3.549e+02 3.591e+02 39 0 3 2.629e+02 2.831e+02 187 0 4 6.255e+02 6.345e+02 84 0 4 3.257e+02 3.463e+02 191 0 2 2.820e+02 3.060e+02 223 0 4 4.189e+02 4.211e+02 21 0 1 2.973e+02 3.327e+02 330 0 3 4.812e+02 4.848e+02 33 0 3 5.661e+02 5.679e+02 16 0 4 5.854e+02 5.906e+02 48 0 2 6.707e+02 6.733e+02 24 0 1 3.966e+02 4.014e+02 46 0 1 4.751e+02 4.909e+02 146 0 3 5.237e+02 5.263e+02 24 0 1 6.004e+02 6.176e+02 160 0 1 6.510e+02 6.510e+02 -0 0 3 3.948e+02 4.032e+02 79 0 2 4.934e+02 5.146e+02 197 0 2 5.427e+02 5.493e+02 60 0 3 6.018e+02 6.162e+02 133 0 3 6.501e+02 6.519e+02 16 0 1 4.360e+02 4.460e+02 92 0 2 4.526e+02 4.714e+02 175 0 1 5.556e+02 5.784e+02 212 0 4 5.768e+02 5.992e+02 207 0 4 6.556e+02 6.884e+02 305 0 3 3.835e+02 4.145e+02 287 0 4 4.888e+02 5.192e+02 282 0 3 5.553e+02 5.787e+02 218 0 2 6.153e+02 6.447e+02 272 0 3 4.254e+02 4.566e+02 289 0 2 4.450e+02 4.790e+02 316 0 3 5.112e+02 5.388e+02 257 0 4 6.150e+02 6.450e+02 279 1 1 5.650e+02 5.690e+02 37 1 2 6.291e+02 6.309e+02 17 1 2 5.871e+02 5.889e+02 16 1 4 6.300e+02 6.300e+02 -2 1 3 5.178e+02 5.322e+02 135 1 2 5.440e+02 5.480e+02 36 1 1 6.061e+02 6.119e+02 54 1 4 5.764e+02 5.996e+02 216 1 3 6.040e+02 6.140e+02 93 1 2 5.690e+02 6.070e+02 353 2 4 2.500e+02 2.540e+02 38 2 4 6.272e+02 6.328e+02 52 2 2 4.200e+01 4.200e+01 -4 2 2 8.357e+01 8.443e+01 8 2 3 4.378e+02 4.442e+02 60 2 4 2.924e+02 2.956e+02 30 2 3 4.819e+02 4.841e+02 20 2 1 1.133e+01 3.067e+01 180 2 4 6.189e+02 6.411e+02 206 2 2 1.239e+02 1.281e+02 39 2 3 6.492e+02 6.528e+02 34 2 3 9.665e+00 3.233e+01 210 2 3 9.376e+01 1.162e+02 209 2 2 5.014e+02 5.066e+02 49 2 3 2.548e+02 2.912e+02 339 2 3 5.161e+02 5.339e+02 166 2 4 2.833e+01 5.567e+01 254 2 2 1.115e+02 1.405e+02 270 2 4 4.074e+02 4.326e+02 234 2 1 3.968e+00 3.803e+01 316 2 4 4.937e+02 5.143e+02 192 2 4 1.076e+02 1.444e+02 341 2 3 3.742e+00 3.826e+01 320 2 2 4.550e+02 4.690e+02 130 2 4 4.543e+02 4.697e+02 144 2 1 4.690e+02 4.970e+02 260 3 4 2.513e+02 2.527e+02 13 3 1 2.008e+01 2.192e+01 17 3 1 5.912e+01 6.688e+01 72 3 1 8.454e+00 3.355e+01 233 3 1 4.449e+01 8.151e+01 344
28848 25 0 1 4.734e+02 4.926e+02 178 0 3 4.677e+02 4.983e+02 284 0 4 4.864e+02 5.216e+02 327 2 3 3.906e+02 4.074e+02 156 2 2 3.663e+02 3.897e+02 216 2 3 6.004e+02 6.176e+02 160 2 1 3.894e+02 4.086e+02 179 2 4 3.651e+02 3.909e+02 240 2 3 5.583e+02 5.757e+02 161 2 2 6.205e+02 6.395e+02 176 2 4 5.224e+02 5.696e+02 439 2 4 6.152e+02 6.448e+02 276 2 1 5.948e+02 6.232e+02 263 2 2 5.657e+02 6.103e+02 415 3 4 3.765e+02 3.795e+02 27 3 4 5.019e+02 5.061e+02 40 3 3 4.403e+02 4.417e+02 12 3 3 3.973e+02 4.007e+02 32 3 1 4.351e+02 4.469e+02 109 3 1 3.504e+02 3.636e+02 122 3 4 4.035e+02 4.365e+02 306 3 3 3.509e+02 3.631e+02 114 3 2 4.466e+02 4.774e+02 286 3 2 3.655e+02 3.905e+02 232 3 4 3.645e+02 3.915e+02 251
28849 0
28850 0
28851 14 0 2 2.504e+02 2.536e+02 29 0 3 2.693e+02 2.767e+02 68 0 4 2.811e+02 3.069e+02 239 0 2 2.564e+01 5.836e+01 304 0 2 6.538e+02 6.902e+02 339 0 4 6.551e+02 6.889e+02 315 1 2 4.530e+02 4.710e+02 167 2 3 1.035e+02 1.065e+02 28 2 2 2.480e+02 2.560e+02 74 2 4 3.991e+01 4.409e+01 39 2 4 7.756e+01 9.044e+01 120 2 3 3.833e+00 3.817e+01 319 2 4 4.027e+02 4.373e+02 321 2 4 3.599e+02 3.961e+02 336
28852 5 0 2 5.460e+02 5.460e+02 -16 0 3 5.647e+02 5.693e+02 42 0 1 5.228e+02 5.272e+02 40 2 4 6.260e+02 6.340e+02 75 2 3 6.440e+02 6.580e+02 130
28853 9 2 1 6.181e+01 6.419e+01 22 2 2 3.816e+01 4.584e+01 71 2 2 6.563e+02 6.877e+02 292 2 3 1.182e+01 3.018e+01 170 2 2 1.890e+02 2.310e+02 390 2 4 6.562e+02 6.878e+02 293 2 4 2.533e+01 5.867e+01 310 2 1 1.636e+00 4.036e+01 360 3 4 6.540e+02 6.900e+02 335
28854 38 0 4 7.836e+01 8.964e+01 105 0 2 2.915e+02 2.965e+02 47 0 1 2.627e+02 2.833e+02 190 0 4 2.838e+01 5.562e+01 253 0 1 5.223e+02 5.277e+02 50 0 4 6.463e+01 1.034e+02 360 0 4 5.855e+02 5.905e+02 46 0 4 2.782e+02 3.098e+02 294 0 2 5.441e+02 5.479e+02 36 0 4 5.757e+02 6.003e+02 229 0 2 6.708e+02 6.732e+02 22 0 3 5.602e+02 5.738e+02 127 0 1 5.931e+02 6.249e+02 295 0 4 6.691e+02 6.749e+02 55 0 2 6.593e+02 6.847e+02 236 0 4 6.578e+02 6.862e+02 263 0 1 6.381e+02 6.639e+02 240 0 3 6.348e+02 6.672e+02 300 1 3 5.482e+02 5.858e+02 350 1 1 4.246e+02 4.574e+02 304 2 3 2.075e+01 2.125e+01 5 2 4 8.182e+01 8.618e+01 40 2 4 2.489e+02 2.551e+02 57 2 4 6.663e+02 6.777e+02 106 2 4 3.770e+02 3.790e+02 19 2 1 3.847e+02 4.133e+02 265 2 1 6.104e+01 6.496e+01 36 2 3 3.877e+02 4.103e+02 210 2 3 1.035e+02 1.065e+02 28 2 3 2.657e+02 2.803e+02 136 2 2 4.032e+02 4.368e+02 311 2 1 9.083e+00 3.292e+01 221 2 2 7.563e+01 9.237e+01 156 2 4 2.811e+02 3.069e+02 239 2 3 8.992e+00 3.301e+01 223 2 4 6.652e+01 1.015e+02 325 2 2 2.411e+01 5.989e+01 332 3 4 3.696e+02 3.864e+02 156
28855 13 0 4 4.591e+02 4.649e+02 53 0 2 3.773e+02 3.787e+02 13 0 1 4.402e+02 4.418e+02 16 0 1 5.977e+02 6.203e+02 210 0 4 3.666e+02 3.894e+02 212 0 4 6.647e+02 6.793e+02 136 0 1 3.406e+02 3.734e+02 305 0 3 4.290e+02 4.530e+02 223 0 3 5.544e+02 5.796e+02 235 0 2 6.543e+02 6.897e+02 329 0 4 6.529e+02 6.911e+02 355 2 1 1.918e+01 2.282e+01 34 2 3 7.915e+00 3.408e+01 243
28856 15 0 1 4.825e+02 4.835e+02 10 0 2 6.703e+02 6.737e+02 31 0 2 4.997e+02 5.083e+02 80 0 3 6.447e+02 6.573e+02 116 0 4 4.893e+02 5.187e+02 272 0 3 5.096e+02 5.404e+02 286 0 2 6.099e+02 6.501e+02 374 0 4 6.633e+02 6.807e+02 161 0 2 6.537e+02 6.903e+02 340 0 4 6.548e+02 6.892e+02 319 1 3 5.974e+02 6.206e+02 216 2 3 1.254e+01 2.946e+01 157 2 2 3.188e+01 5.212e+01 188 2 4 3.349e+01 5.051e+01 158 2 1 9.756e+00 3.224e+01 209
28857 1 0 3 5.936e+02 6.244e+02 286
28858 9 1 1 6.036e+02 6.144e+02 100 1 2 6.196e+02 6.404e+02 193 1 4 6.113e+02 6.487e+02 346 2 4 1.674e+02 1.686e+02 10 2 3 2.696e+02 2.764e+02 63 2 3 1.782e+02 1.998e+02 200 2 4 1.903e+02 2.297e+02 366 3 2 3.946e+01 4.454e+01 47 3 4 3.035e+01 5.365e+01 216
28859 0
28860 5 2 3 2.310e+02 2.310e+02 -7 2 4 4.610e+02 4.630e+02 18 2 4 2.067e+02 2.133e+02 62 2 3 2.693e+02 2.767e+02 69 2 4 2.434e+01 5.966e+01 328
28864 1 2 4 3.764e+02 3.796e+02 29
28870 0
28871 0
28872 16 2 2 3.779e+02 3.781e+02 2 2 1 3.963e+02 4.017e+02 50 2 3 2.021e+01 2.179e+01 15 2 2 2.054e+02 2.146e+02 85 2 4 3.697e+02 3.863e+02 155 2 3 3.781e+02 4.199e+02 389 2 3 5.445e+01 7.155e+01 159 2 2 7.482e+01 9.318e+01 170 2 3 1.830e+02 1.950e+02 112 2 2 2.990e+01 5.410e+01 225 2 4 6.961e+01 9.839e+01 267 2 4 1.490e+02 1.870e+02 353 2 1 2.139e+02 2.481e+02 317 2 3 3.384e+02 3.756e+02 345 2 1 5.167e+01 7.433e+01 210 2 1 6.660e+00 3.534e+01 266
28873 8 2 2 2.492e+02 2.548e+02 51 2 4 2.493e+02 2.547e+02 50 2 1 2.167e+02 2.453e+02 266 2 3 2.169e+02 2.451e+02 262 3 2 2.468e+02 2.572e+02 96 3 4 2.458e+02 2.582e+02 116 3 1 2.193e+02 2.427e+02 217 3 3 2.199e+02 2.421e+02 206
28876 21 0 4 5.040e+02 5.040e+02 -21 0 4 3.756e+02 3.804e+02 46 0 2 5.454e+02 5.466e+02 11 0 2 1.248e+02 1.272e+02 23 0 1 6.484e+02 6.536e+02 49 0 2 3.641e+02 3.919e+02 258 0 3 4.705e+02 4.955e+02 232 0 3 6.413e+02 6.607e+02 180 0 2 4.908e+02 5.172e+02 245 0 1 5.145e+02 5.355e+02 195 0 2 6.617e+02 6.823e+02 191 0 3 5.135e+02 5.365e+02 213 0 4 6.642e+02 6.798e+02 145 0 1 6.398e+02 6.622e+02 207 0 4 6.588e+02 6.852e+02 246 1 2 6.156e+02 6.444e+02 267 2 4 4.166e+01 4.234e+01 6 2 1 6.226e+01 6.374e+01 14 2 2 2.833e+01 5.567e+01 254 2 3 4.924e+01 7.676e+01 256 2 1 5.358e+00 3.664e+01 290
28877 6 0 4 5.040e+02 5.040e+02 -13 0 1 5.250e+02 5.250e+02 -3 0 3 4.710e+02 4.950e+02 222 0 2 5.393e+02 5.527e+02 124 0 3 5.097e+02 5.403e+02 284 1 2 6.274e+02 6.326e+02 48
28878 37 0 4 4.616e+02 4.624e+02 8 0 1 6.071e+02 6.109e+02 35 0 2 6.688e+02 6.752e+02 60 0 1 4.806e+02 4.854e+02 46 0 3 6.035e+02 6.145e+02 101 0 4 6.697e+02 6.743e+02 42 0 4 4.952e+02 5.128e+02 163 0 2 6.291e+02 6.309e+02 16 0 1 6.461e+02 6.559e+02 91 0 1 4.234e+02 4.586e+02 327 0 2 4.568e+02 4.672e+02 96 0 4 6.284e+02 6.316e+02 29 0 3 6.438e+02 6.582e+02 134 0 3 4.232e+02 4.588e+02 331 0 3 4.737e+02 4.923e+02 173 0 1 5.902e+02 6.278e+02 350 0 4 6.635e+02 6.805e+02 157 0 2 4.908e+02 5.172e+02 245 0 2 6.118e+02 6.482e+02 339 0 2 6.571e+02 6.869e+02 277 1 3 6.079e+02 6.101e+02 20 1 2 6.271e+02 6.329e+02 55 1 4 6.285e+02 6.315e+02 27 1 1 5.957e+02 6.223e+02 247 2 4 5.451e+02 5.469e+02 16 2 4 3.306e+02 3.414e+02 100 2 2 4.997e+02 5.083e+02 80 2 3 1.653e+01 2.547e+01 83 2 3 5.658e+02 5.682e+02 23 2 2 3.196e+01 5.204e+01 186 2 4 4.915e+02 5.165e+02 233 2 4 6.867e+01 9.933e+01 285 2 1 5.200e+02 5.300e+02 92 2 4 3.834e+01 4.566e+01 68 2 3 4.667e+02 4.993e+02 303 2 3 9.281e+01 1.172e+02 226 2 3 4.731e+01 7.869e+01 291
28879 20 0 4 6.695e+02 6.745e+02 46 0 4 2.061e+02 2.139e+02 72 0 2 6.649e+02 6.791e+02 131 0 2 5.358e+02 5.562e+02 189 0 1 6.341e+02 6.679e+02 314 0 1 5.535e+02 5.805e+02 251 0 3 6.325e+02 6.695e+02 343 2 3 3.944e+02 4.036e+02 86 2 4 4.620e+02 4.620e+02 -7 2 1 1.568e+01 2.632e+01 99 2 3 4.358e+02 4.462e+02 96 2 2 2.047e+02 2.153e+02 98 2 1 3.931e+02 4.049e+02 109 2 3 1.258e+01 2.942e+01 156 2 4 6.549e+01 1.025e+02 344 2 2 4.079e+02 4.321e+02 226 2 4 2.013e+02 2.187e+02 162 2 1 4.954e+00 3.705e+01 298 2 1 2.172e+02 2.448e+02 256 2 3 4.237e+00 3.776e+01 311
