16092 30 0 2 5.453e+02 5.467e+02 14 0 2 6.283e+02 6.317e+02 31 0 2 6.703e+02 6.737e+02 31 0 3 3.981e+02 3.999e+02 17 0 1 5.565e+02 5.775e+02 195 0 4 5.872e+02 5.888e+02 16 0 4 6.713e+02 6.727e+02 13 0 3 4.349e+02 4.471e+02 113 0 1 5.995e+02 6.185e+02 176 0 1 6.448e+02 6.572e+02 116 0 4 4.062e+02 4.338e+02 256 0 3 5.496e+02 5.844e+02 323 0 3 6.010e+02 6.170e+02 148 0 3 6.458e+02 6.562e+02 97 0 1 4.256e+02 4.564e+02 286 0 1 5.090e+02 5.410e+02 298 0 4 6.164e+02 6.436e+02 253 0 1 6.389e+02 6.631e+02 224 0 4 5.774e+02 5.986e+02 197 0 2 6.591e+02 6.849e+02 240 0 4 6.551e+02 6.889e+02 313 2 1 1.756e+01 2.444e+01 64 2 4 1.257e+02 1.263e+02 6 2 3 5.732e+01 6.868e+01 106 2 2 1.215e+02 1.305e+02 84 2 3 9.982e+00 3.202e+01 205 2 2 7.262e+01 9.538e+01 211 2 3 1.285e+02 1.655e+02 344 2 1 5.162e+01 7.438e+01 211 2 4 6.688e+01 1.011e+02 318
16094 18 0 4 6.622e+02 6.818e+02 182 0 2 6.117e+02 6.483e+02 340 0 1 6.434e+02 6.586e+02 141 0 3 6.423e+02 6.597e+02 162 0 2 6.591e+02 6.849e+02 239 0 3 6.292e+02 6.728e+02 405 0 4 6.522e+02 6.918e+02 368 2 3 6.198e+01 6.402e+01 19 2 3 1.457e+02 1.483e+02 24 2 4 4.103e+01 4.297e+01 18 2 2 1.580e+02 1.780e+02 186 2 3 7.868e+00 3.413e+01 244 2 4 6.903e+01 9.897e+01 278 2 1 1.292e+02 1.648e+02 330 2 3 1.296e+02 1.644e+02 324 3 4 4.598e+02 4.642e+02 41 3 2 4.596e+02 4.644e+02 46 3 3 4.265e+02 4.555e+02 270
16095 0
16096 21 0 4 6.271e+02 6.329e+02 55 0 2 6.259e+02 6.341e+02 76 0 4 6.654e+02 6.786e+02 123 0 3 5.922e+02 6.258e+02 312 0 1 6.386e+02 6.634e+02 230 0 1 5.905e+02 6.275e+02 344 0 3 6.380e+02 6.640e+02 240 1 3 6.068e+02 6.112e+02 40 1 2 6.148e+02 6.452e+02 282 1 4 6.127e+02 6.473e+02 322 1 1 5.925e+02 6.255e+02 306 2 3 6.300e+01 6.300e+01 -4 2 4 5.846e+02 5.914e+02 63 2 2 4.125e+01 4.275e+01 14 2 2 7.868e+01 8.932e+01 99 2 3 6.054e+02 6.126e+02 66 2 1 1.761e+01 2.439e+01 63 2 2 6.133e+02 6.467e+02 310 2 4 6.970e+01 9.830e+01 266 2 3 1.992e+00 4.001e+01 353 2 1 4.224e+01 8.376e+01 386
16097 6 0 1 6.500e+02 6.520e+02 19 1 4 2.289e+02 2.751e+02 430 2 4 2.520e+02 2.520e+02 -2 2 4 4.189e+02 4.211e+02 20 2 1 2.719e+02 2.741e+02 20 2 2 1.546e+02 1.814e+02 250
16098 23 2 3 4.829e+02 4.831e+02 1 2 4 3.751e+02 3.809e+02 54 2 2 4.180e+02 4.220e+02 37 2 1 4.792e+02 4.868e+02 70 2 4 4.171e+02 4.229e+02 53 2 1 4.276e+02 4.544e+02 249 2 2 4.860e+02 5.220e+02 334 2 3 4.232e+02 4.588e+02 330 3 2 4.619e+02 4.621e+02 1 3 4 5.040e+02 5.040e+02 -2 3 3 3.115e+02 3.185e+02 66 3 1 4.812e+02 4.848e+02 34 3 4 4.596e+02 4.644e+02 44 3 1 3.819e+02 4.161e+02 318 3 3 4.830e+02 4.830e+02 -0 3 2 4.200e+02 4.200e+02 -6 3 2 5.726e+02 6.034e+02 286 3 4 4.157e+02 4.243e+02 80 3 1 5.192e+02 5.308e+02 108 3 1 4.366e+02 4.454e+02 81 3 3 5.092e+02 5.408e+02 294 3 3 4.390e+02 4.430e+02 36 3 2 4.093e+02 4.307e+02 199
16100 13 0 2 6.713e+02 6.727e+02 14 0 4 6.659e+02 6.781e+02 113 2 3 2.100e+01 2.100e+01 -2 2 2 2.493e+02 2.547e+02 50 2 3 4.388e+02 4.432e+02 41 2 3 2.701e+02 2.759e+02 54 2 1 1.492e+01 2.708e+01 113 2 4 4.074e+02 4.326e+02 234 2 4 2.391e+02 2.649e+02 239 2 1 2.679e+02 2.781e+02 94 2 1 2.604e+02 2.856e+02 234 2 2 2.746e+02 3.134e+02 360 2 4 2.780e+02 3.100e+02 297
16101 29 0 1 6.510e+02 6.510e+02 -21 0 4 4.603e+02 4.637e+02 31 0 3 4.398e+02 4.422e+02 23 0 2 2.869e+02 3.011e+02 132 0 3 5.650e+02 5.690e+02 38 0 2 6.195e+02 6.405e+02 196 0 3 6.411e+02 6.609e+02 183 0 4 2.731e+02 3.149e+02 388 0 2 4.456e+02 4.784e+02 304 0 4 6.221e+02 6.379e+02 146 0 4 6.618e+02 6.822e+02 189 0 2 6.127e+02 6.473e+02 320 0 2 6.604e+02 6.836e+02 215 2 1 1.876e+02 1.904e+02 26 2 4 3.353e+02 3.367e+02 13 2 3 1.876e+02 1.904e+02 26 2 1 3.556e+02 3.584e+02 26 2 4 7.522e+01 9.278e+01 163 2 2 1.649e+02 1.711e+02 57 2 3 3.454e+02 3.686e+02 215 2 3 4.982e+01 7.618e+01 245 2 3 1.377e+02 1.563e+02 173 2 2 1.927e+02 2.273e+02 322 2 4 1.517e+02 1.843e+02 303 3 4 2.512e+02 2.528e+02 15 3 4 2.899e+02 2.981e+02 76 3 4 2.053e+02 2.147e+02 88 3 3 2.627e+02 2.833e+02 192 3 4 1.943e+02 2.257e+02 291
16102 8 0 4 4.774e+02 5.306e+02 494 0 1 4.572e+02 5.088e+02 480 1 4 5.708e+02 6.052e+02 319 2 2 3.973e+01 4.427e+01 42 2 4 4.103e+01 4.297e+01 18 2 4 1.585e+02 1.775e+02 176 2 2 6.899e+01 9.901e+01 279 2 3 4.404e+01 8.196e+01 352
16105 5 0 2 6.469e+02 6.971e+02 466 2 2 6.885e+01 9.915e+01 281 2 4 7.199e+01 9.601e+01 223 2 3 3.632e+01 8.968e+01 496 2 3 7.926e+01 1.307e+02 478
16106 16 0 4 6.682e+02 6.758e+02 70 0 4 4.966e+02 5.114e+02 137 2 1 2.713e+02 2.747e+02 32 2 2 4.161e+01 4.239e+01 7 2 2 8.245e+01 8.555e+01 29 2 1 1.448e+02 1.492e+02 40 2 1 3.096e+02 3.204e+02 100 2 4 8.146e+01 8.654e+01 47 2 4 1.677e+02 1.683e+02 6 2 2 2.430e+02 2.610e+02 167 2 3 1.045e+02 1.055e+02 9 2 1 1.734e+02 2.046e+02 289 2 2 1.240e+02 1.280e+02 36 2 3 1.728e+02 2.052e+02 300 2 4 1.227e+02 1.293e+02 62 2 3 1.339e+02 1.601e+02 244
16107 51 0 1 4.803e+02 4.857e+02 50 0 1 3.113e+02 3.187e+02 69 0 2 6.694e+02 6.746e+02 49 0 4 3.268e+02 3.452e+02 170 0 1 4.403e+02 4.417e+02 13 0 1 9.676e+01 1.132e+02 153 0 3 4.804e+02 4.856e+02 49 0 3 5.658e+02 5.682e+02 23 0 2 3.169e+02 3.551e+02 354 0 2 6.199e+02 6.401e+02 188 0 1 6.443e+02 6.577e+02 124 0 4 5.014e+02 5.066e+02 49 0 1 5.220e+02 5.280e+02 56 0 4 6.186e+02 6.414e+02 211 0 3 6.455e+02 6.565e+02 103 0 1 4.220e+02 4.600e+02 352 0 4 4.581e+02 4.659e+02 73 0 3 5.125e+02 5.375e+02 232 0 4 6.637e+02 6.803e+02 154 0 2 4.954e+02 5.126e+02 160 0 1 5.059e+02 5.441e+02 356 0 2 6.548e+02 6.892e+02 319 0 2 4.526e+02 4.714e+02 176 0 2 4.444e+02 4.796e+02 327 1 4 4.189e+02 4.211e+02 20 1 3 6.088e+02 6.092e+02 3 1 3 3.987e+02 3.993e+02 5 1 2 6.284e+02 6.316e+02 29 1 4 6.279e+02 6.321e+02 39 1 2 3.621e+02 3.939e+02 295 1 2 5.732e+02 6.028e+02 276 1 1 5.981e+02 6.199e+02 202 2 3 4.393e+02 4.427e+02 32 2 4 1.259e+02 1.261e+02 1 2 2 4.616e+02 4.624e+02 7 2 3 1.865e+02 1.915e+02 46 2 3 3.978e+02 4.002e+02 23 2 2 2.057e+02 2.143e+02 80 2 4 4.476e+02 4.764e+02 268 2 4 3.730e+02 3.830e+02 93 2 4 4.142e+02 4.258e+02 107 2 1 1.263e+01 2.937e+01 156 2 1 4.218e+02 4.602e+02 356 2 2 8.236e+01 8.564e+01 30 2 3 4.276e+02 4.544e+02 249 2 4 1.595e+02 1.765e+02 158 2 4 3.171e+02 3.549e+02 350 2 4 2.488e+01 5.912e+01 318 2 3 1.014e+02 1.086e+02 67 2 4 7.437e+01 9.363e+01 179 2 2 1.074e+02 1.446e+02 346
16108 4 2 1 6.042e+01 6.558e+01 48 2 3 6.104e+01 6.496e+01 36 2 4 2.465e+01 5.935e+01 322 2 1 4.399e+01 8.201e+01 353
16109 5 0 4 6.155e+02 6.445e+02 269 0 3 4.592e+01 8.008e+01 317 0 1 5.869e+02 6.311e+02 410 0 4 1.860e+01 6.540e+01 435 0 2 6.093e+02 6.507e+02 385
16110 10 0 1 5.615e+02 5.725e+02 102 0 2 6.720e+02 6.720e+02 -1 0 3 5.611e+02 5.729e+02 109 0 4 6.714e+02 6.726e+02 11 0 2 5.426e+02 5.494e+02 63 2 4 6.713e+02 6.727e+02 13 2 2 8.101e+01 8.699e+01 56 2 4 8.182e+01 8.618e+01 40 2 3 8.864e+01 1.214e+02 304 2 4 1.099e+02 1.421e+02 300
16111 7 0 2 3.740e+02 3.820e+02 75 0 4 3.717e+02 3.843e+02 117 0 1 3.466e+02 3.674e+02 194 0 3 5.842e+02 6.338e+02 461 2 2 3.538e+01 4.862e+01 123 2 4 3.601e+01 4.799e+01 111 2 3 4.775e+00 3.722e+01 301
16112 10 2 2 1.651e+02 1.709e+02 53 2 4 1.659e+02 1.701e+02 39 2 4 3.194e+02 3.526e+02 308 2 3 1.742e+02 2.038e+02 276 2 4 1.891e+02 2.309e+02 389 2 3 1.279e+02 1.661e+02 355 3 1 4.363e+02 4.457e+02 88 3 4 4.106e+02 4.294e+02 176 3 3 4.318e+02 4.502e+02 171 3 2 4.068e+02 4.332e+02 245
16113 4 2 1 3.096e+02 3.204e+02 100 2 2 2.890e+02 2.990e+02 93 2 4 2.863e+02 3.017e+02 142 2 3 2.534e+02 2.926e+02 365
16114 0
16115 32 0 2 6.259e+02 6.341e+02 76 0 2 6.717e+02 6.723e+02 6 0 3 4.407e+02 4.413e+02 6 0 4 4.545e+02 4.695e+02 140 0 1 6.074e+02 6.106e+02 30 0 4 6.699e+02 6.741e+02 39 0 3 6.048e+02 6.132e+02 79 0 1 6.480e+02 6.540e+02 56 0 4 6.164e+02 6.436e+02 252 0 3 6.475e+02 6.545e+02 66 0 4 5.743e+02 6.017e+02 255 0 2 6.564e+02 6.876e+02 289 0 1 5.944e+02 6.236e+02 270 0 4 6.590e+02 6.850e+02 241 0 2 6.130e+02 6.470e+02 316 0 1 6.325e+02 6.695e+02 344 1 4 2.333e+02 2.707e+02 348 1 2 2.327e+02 2.713e+02 359 1 3 2.484e+02 2.976e+02 457 1 4 2.681e+02 3.199e+02 480 2 3 1.013e+02 1.087e+02 70 2 3 1.435e+02 1.505e+02 66 2 4 7.805e+01 8.995e+01 110 2 1 1.838e+02 1.942e+02 96 2 3 9.003e+01 1.200e+02 278 2 3 1.858e+02 1.922e+02 60 2 2 1.912e+02 2.288e+02 350 2 4 1.065e+02 1.455e+02 361 2 3 1.367e+02 1.573e+02 192 2 2 1.594e+02 1.766e+02 160 2 4 1.584e+02 1.776e+02 179 2 1 1.292e+02 1.648e+02 331
16116 4 0 3 4.781e+02 4.879e+02 90 0 2 4.541e+02 4.699e+02 146 0 4 4.844e+02 5.236e+02 365 0 1 4.648e+02 5.012e+02 338
16117 4 0 4 6.713e+02 6.727e+02 12 0 1 6.449e+02 6.571e+02 114 0 2 6.621e+02 6.819e+02 184 0 3 6.343e+02 6.677e+02 310
16118 49 0 1 5.646e+02 5.694e+02 45 0 1 3.570e+02 3.570e+02 -3 0 4 5.872e+02 5.888e+02 16 0 4 3.292e+02 3.428e+02 126 0 3 6.087e+02 6.093e+02 6 0 3 4.281e+02 4.539e+02 240 0 2 3.258e+02 3.462e+02 190 0 2 5.350e+02 5.570e+02 204 0 2 6.281e+02 6.319e+02 35 0 4 6.299e+02 6.301e+02 1 0 1 5.913e+02 6.267e+02 329 0 3 5.920e+02 6.260e+02 316 1 3 5.629e+02 5.711e+02 76 1 2 6.236e+02 6.364e+02 119 1 1 5.175e+02 5.325e+02 139 1 2 5.859e+02 5.901e+02 40 1 4 6.250e+02 6.350e+02 93 1 2 5.399e+02 5.521e+02 114 1 4 6.168e+02 6.432e+02 245 1 4 5.758e+02 6.002e+02 227 2 3 1.050e+02 1.050e+02 -7 2 1 5.670e+02 5.670e+02 -24 2 4 4.200e+01 4.200e+01 -20 2 4 6.720e+02 6.720e+02 -16 2 1 1.470e+02 1.470e+02 -20 2 3 5.988e+01 6.612e+01 58 2 3 4.403e+02 4.417e+02 14 2 2 1.187e+02 1.333e+02 136 2 2 4.620e+02 4.620e+02 -5 2 3 1.437e+02 1.503e+02 60 2 1 5.234e+02 5.266e+02 29 2 1 5.997e+01 6.603e+01 56 2 4 1.197e+02 1.323e+02 117 2 1 1.372e+02 1.568e+02 182 2 4 4.114e+02 4.286e+02 159 2 4 7.217e+01 9.583e+01 220 2 1 4.822e+02 4.838e+02 15 2 2 1.580e+02 1.780e+02 186 2 3 5.213e+02 5.287e+02 69 2 2 6.697e+01 1.010e+02 316 2 4 4.921e+02 5.159e+02 221 2 4 1.510e+02 1.850e+02 316 2 2 5.455e+02 5.465e+02 10 2 1 5.158e+02 5.342e+02 170 2 3 1.292e+02 1.648e+02 330 3 2 4.200e+01 4.200e+01 -24 3 1 1.326e+01 2.874e+01 144 3 3 5.611e+01 6.989e+01 128 3 3 1.303e+01 2.897e+01 148
16119 5 0 3 6.495e+02 6.525e+02 28 2 3 9.932e+01 1.107e+02 106 2 3 1.436e+02 1.504e+02 64 2 2 1.161e+02 1.359e+02 184 2 2 1.608e+02 1.752e+02 135
16120 0
16121 2 2 1 2.307e+02 2.313e+02 5 2 4 3.582e+01 4.818e+01 115
16122 8 0 1 1.442e+01 2.758e+01 122 0 4 3.367e+01 5.033e+01 155 0 2 2.591e+01 5.809e+01 299 1 4 1.660e+02 1.700e+02 36 1 4 1.570e+02 1.790e+02 205 3 3 3.839e+02 4.141e+02 280 3 4 4.942e+02 5.138e+02 181 3 1 5.921e+02 6.259e+02 315
16123 7 0 2 6.265e+02 6.335e+02 66 0 2 6.717e+02 6.723e+02 6 0 4 6.290e+02 6.310e+02 18 0 4 6.714e+02 6.726e+02 11 0 1 5.948e+02 6.232e+02 263 0 3 5.928e+02 6.252e+02 300 2 3 5.153e+01 7.447e+01 213
16124 12 0 2 6.254e+02 6.346e+02 86 0 2 4.600e+02 4.640e+02 36 0 1 5.181e+02 5.319e+02 128 0 4 6.227e+02 6.373e+02 136 0 1 6.429e+02 6.591e+02 150 0 4 4.547e+02 4.693e+02 135 0 3 5.141e+02 5.359e+02 202 0 3 5.918e+02 6.262e+02 320 0 3 6.370e+02 6.650e+02 260 0 1 4.261e+02 4.559e+02 277 0 3 4.652e+02 5.008e+02 330 0 2 5.343e+02 5.577e+02 218
16125 6 0 1 6.506e+02 6.514e+02 7 0 3 6.476e+02 6.544e+02 63 0 2 6.561e+02 6.879e+02 296 0 4 6.594e+02 6.846e+02 235 2 2 5.417e+02 5.503e+02 80 2 4 5.392e+02 5.528e+02 126
16126 2 0 1 1.001e+02 1.099e+02 91 0 3 6.047e+02 6.133e+02 80
16127 4 0 2 6.646e+02 6.794e+02 137 0 4 6.672e+02 6.768e+02 89 0 1 6.397e+02 6.623e+02 210 0 3 6.369e+02 6.651e+02 262
16128 11 0 2 6.282e+02 6.318e+02 34 0 3 5.639e+02 5.701e+02 57 0 4 5.846e+02 5.914e+02 63 0 4 6.714e+02 6.726e+02 10 0 2 4.931e+02 5.149e+02 202 0 1 5.630e+02 5.710e+02 75 0 3 6.324e+02 6.696e+02 345 1 2 5.449e+02 5.471e+02 21 1 1 6.078e+02 6.102e+02 22 1 2 5.805e+02 5.955e+02 140 1 3 5.942e+02 6.238e+02 276
16129 6 0 1 6.480e+02 6.540e+02 56 0 2 6.564e+02 6.876e+02 290 2 4 4.031e+01 4.369e+01 31 2 2 3.197e+01 5.203e+01 186 2 1 5.234e+01 7.366e+01 198 2 3 4.785e+01 7.815e+01 281
16130 0
