25666 0
25670 4 0 1 3.137e+02 3.163e+02 24 0 4 3.318e+02 3.402e+02 79 0 2 3.261e+02 3.459e+02 184 2 3 1.393e+01 2.807e+01 131
25671 1 0 3 6.450e+02 6.570e+02 112
25674 2 2 4 8.061e+01 8.739e+01 63 2 3 5.220e+01 7.380e+01 200
25675 7 0 2 6.699e+02 6.741e+02 40 0 4 6.708e+02 6.732e+02 23 0 4 4.150e+02 4.250e+02 92 0 1 6.506e+02 6.514e+02 8 0 3 6.469e+02 6.551e+02 76 0 2 6.539e+02 6.901e+02 336 0 4 6.569e+02 6.871e+02 280
25676 7 1 4 5.857e+02 5.903e+02 42 1 3 5.620e+02 5.720e+02 93 2 2 3.843e+01 4.557e+01 66 2 4 1.659e+02 1.701e+02 40 2 3 4.334e+02 4.486e+02 141 2 4 3.771e+01 4.629e+01 80 2 4 4.562e+02 4.678e+02 108
25678 11 0 4 2.498e+02 2.542e+02 41 0 3 2.158e+02 2.462e+02 281 1 2 6.287e+02 6.313e+02 25 1 4 6.262e+02 6.338e+02 70 1 1 5.890e+02 6.290e+02 370 2 1 1.725e+01 2.475e+01 70 2 2 3.910e+01 4.490e+01 54 2 3 1.017e+02 1.083e+02 61 2 3 6.405e+02 6.615e+02 195 2 4 2.752e+01 5.648e+01 269 2 3 5.104e+01 7.496e+01 222
25680 1 0 2 6.676e+02 6.764e+02 82
25681 0
25683 6 0 3 5.627e+02 5.713e+02 80 0 3 6.017e+02 6.163e+02 136 0 1 3.903e+02 4.077e+02 161 0 2 5.433e+02 5.487e+02 50 0 1 5.953e+02 6.227e+02 255 0 1 5.128e+02 5.372e+02 227
25688 13 0 4 2.067e+02 2.133e+02 62 0 4 1.916e+02 2.284e+02 342 2 3 2.294e+02 2.326e+02 30 2 3 3.936e+02 4.044e+02 100 2 4 3.707e+02 3.853e+02 136 2 2 1.222e+02 1.298e+02 71 2 2 4.131e+02 4.269e+02 128 2 3 1.379e+02 1.561e+02 170 2 4 2.053e+02 2.147e+02 86 2 3 9.438e+01 1.156e+02 197 2 2 1.600e+02 1.760e+02 149 2 4 1.131e+02 1.389e+02 240 2 1 1.336e+02 1.604e+02 248
25689 21 0 1 6.490e+02 6.530e+02 37 0 1 6.069e+02 6.111e+02 39 0 3 6.501e+02 6.519e+02 16 0 3 4.371e+02 4.449e+02 72 0 4 4.582e+02 4.658e+02 71 0 3 6.064e+02 6.116e+02 48 0 2 6.712e+02 6.728e+02 15 0 1 4.321e+02 4.499e+02 166 0 2 6.269e+02 6.331e+02 57 0 4 6.707e+02 6.733e+02 24 0 4 6.229e+02 6.371e+02 131 0 3 6.355e+02 6.665e+02 288 0 4 6.138e+02 6.462e+02 300 0 2 6.096e+02 6.504e+02 379 2 1 1.990e+01 2.210e+01 20 2 4 1.241e+02 1.279e+02 35 2 1 1.436e+02 1.504e+02 64 2 3 1.595e+01 2.605e+01 94 2 3 1.354e+02 1.586e+02 216 2 2 3.937e+01 4.463e+01 49 2 2 1.113e+02 1.407e+02 273
25690 7 1 2 6.192e+02 6.408e+02 200 2 2 2.909e+02 2.971e+02 57 2 3 6.059e+02 6.121e+02 57 2 2 6.274e+02 6.326e+02 48 2 1 6.030e+02 6.150e+02 111 3 3 6.060e+02 6.120e+02 56 3 2 6.249e+02 6.351e+02 96
25691 5 0 4 6.692e+02 6.748e+02 52 0 2 6.545e+02 6.895e+02 325 0 1 6.276e+02 6.744e+02 434 1 4 6.293e+02 6.307e+02 14 2 4 6.180e+02 6.420e+02 222
25692 0
25694 0
25696 9 0 2 6.717e+02 6.723e+02 5 0 4 5.880e+02 5.880e+02 -17 0 3 6.001e+02 6.179e+02 166 1 3 6.002e+02 6.178e+02 164 2 2 3.829e+01 4.571e+01 69 2 4 3.511e+01 4.889e+01 128 2 4 4.109e+02 4.291e+02 169 2 3 1.361e+01 2.839e+01 137 2 1 7.915e+00 3.408e+01 243
25697 4 0 1 6.507e+02 6.513e+02 6 1 3 1.470e+02 1.470e+02 -3 1 1 2.657e+02 2.803e+02 136 1 4 1.139e+02 1.381e+02 226
25698 17 0 4 5.880e+02 5.880e+02 -3 0 3 5.586e+02 5.754e+02 156 0 2 6.293e+02 6.307e+02 12 0 3 6.405e+02 6.615e+02 195 0 4 6.146e+02 6.454e+02 286 0 1 6.320e+02 6.700e+02 353 0 1 5.943e+02 6.237e+02 272 0 3 6.305e+02 6.715e+02 380 0 2 6.574e+02 6.866e+02 271 0 4 6.543e+02 6.897e+02 329 0 2 6.489e+02 6.951e+02 430 2 3 1.395e+02 1.545e+02 140 2 2 1.572e+02 1.788e+02 201 2 1 3.964e+01 8.636e+01 434 2 3 3.829e+01 8.771e+01 459 3 4 4.853e+02 5.227e+02 346 3 1 6.268e+02 6.752e+02 449
25699 0
25703 12 0 4 5.868e+02 5.892e+02 23 0 3 6.475e+02 6.545e+02 66 0 2 6.264e+02 6.336e+02 67 0 1 6.373e+02 6.647e+02 254 0 4 6.245e+02 6.355e+02 102 0 3 6.388e+02 6.632e+02 226 0 3 5.984e+02 6.196e+02 197 0 4 5.733e+02 6.027e+02 274 2 3 5.239e+02 5.261e+02 20 2 4 6.674e+02 6.766e+02 85 2 4 5.268e+02 5.652e+02 356 2 4 4.889e+02 5.191e+02 280
25704 1 0 2 5.296e+02 5.624e+02 304
25706 0
25708 9 0 2 5.010e+02 5.070e+02 56 0 3 5.135e+02 5.365e+02 213 0 3 5.960e+02 6.220e+02 242 0 4 4.857e+02 5.223e+02 340 2 3 3.137e+02 3.163e+02 24 2 2 3.310e+02 3.410e+02 92 2 4 2.847e+02 3.033e+02 172 2 1 3.535e+02 3.605e+02 66 2 2 1.427e+02 1.933e+02 470
25709 1 0 2 6.083e+02 6.517e+02 404
25710 30 0 2 4.613e+02 4.627e+02 13 0 1 5.970e+01 6.630e+01 61 0 2 6.689e+02 6.751e+02 58 0 4 7.962e+01 8.838e+01 81 0 3 4.830e+02 4.830e+02 -2 0 3 4.843e+01 7.757e+01 270 0 4 6.681e+02 6.759e+02 73 0 2 6.872e+01 9.928e+01 284 0 4 5.011e+02 5.069e+02 53 0 2 6.573e+02 6.867e+02 273 2 2 2.508e+02 2.532e+02 23 2 4 6.708e+02 6.732e+02 22 2 1 2.700e+02 2.760e+02 56 2 1 1.631e+01 2.569e+01 87 2 4 1.237e+02 1.283e+02 43 2 4 6.095e+02 6.505e+02 380 2 1 1.470e+02 1.470e+02 0 2 3 2.209e+02 2.411e+02 187 2 2 3.677e+01 4.723e+01 97 2 2 8.294e+01 8.506e+01 20 2 4 1.602e+02 1.758e+02 146 2 4 2.340e+02 2.700e+02 335 2 4 3.789e+01 4.611e+01 76 2 4 8.312e+01 8.488e+01 16 2 3 1.356e+02 1.584e+02 212 2 3 5.081e+01 7.519e+01 226 2 2 1.120e+02 1.400e+02 260 2 3 1.695e+02 2.085e+02 363 2 3 8.545e+00 3.346e+01 231 2 1 3.564e+00 3.844e+01 324
25711 0
25712 5 0 3 5.670e+02 5.670e+02 -2 0 2 5.405e+02 5.515e+02 101 0 4 6.573e+02 6.867e+02 272 0 3 5.576e+02 5.764e+02 175 0 1 5.483e+02 5.857e+02 347
25715 0
25717 2 1 4 6.176e+02 6.424e+02 230 2 2 7.379e+01 9.421e+01 190
25718 17 0 3 5.233e+02 5.267e+02 31 0 1 3.056e+02 3.244e+02 175 0 2 3.312e+02 3.408e+02 89 0 1 5.176e+02 5.324e+02 137 0 4 3.275e+02 3.445e+02 158 0 2 4.878e+02 5.202e+02 300 0 2 5.280e+02 5.640e+02 335 0 4 6.091e+02 6.509e+02 389 0 3 6.344e+02 6.676e+02 308 1 4 6.128e+02 6.472e+02 320 1 2 6.054e+02 6.546e+02 457 1 4 6.049e+02 6.551e+02 466 2 3 5.234e+02 5.266e+02 30 2 4 4.925e+02 5.155e+02 214 2 1 4.188e+01 8.412e+01 392 2 3 4.072e+01 8.528e+01 414 2 1 -5.815e+00 4.782e+01 498
25720 0
25723 2 0 3 6.021e+02 6.159e+02 128 0 2 6.720e+02 6.720e+02 -18
