43403 17 0 2 3.759e+02 3.801e+02 40 0 3 3.971e+02 4.009e+02 36 0 1 6.387e+02 6.633e+02 229 0 4 4.163e+02 4.237e+02 68 0 2 5.312e+02 5.608e+02 276 0 4 5.734e+02 6.026e+02 270 0 3 6.389e+02 6.631e+02 226 0 1 5.951e+02 6.229e+02 258 0 2 6.547e+02 6.893e+02 320 0 3 5.436e+02 5.904e+02 434 0 4 6.105e+02 6.495e+02 363 0 3 5.874e+02 6.306e+02 401 0 2 6.046e+02 6.554e+02 471 2 3 3.951e+02 4.029e+02 73 2 4 3.687e+02 3.873e+02 173 2 3 4.380e+02 4.440e+02 56 2 3 4.276e+02 4.544e+02 249
43405 60 0 1 5.661e+02 5.679e+02 17 0 2 3.347e+02 3.373e+02 24 0 1 6.490e+02 6.530e+02 36 0 2 5.021e+02 5.059e+02 36 0 4 5.858e+02 5.902e+02 41 0 1 5.538e+02 5.802e+02 246 0 2 6.218e+02 6.382e+02 153 0 3 5.510e+02 5.830e+02 297 0 4 6.253e+02 6.347e+02 88 0 1 5.992e+02 6.188e+02 182 0 3 5.955e+02 6.225e+02 251 0 2 6.135e+02 6.465e+02 306 1 2 6.299e+02 6.301e+02 1 1 3 5.224e+02 5.276e+02 48 1 4 5.445e+02 5.475e+02 28 1 3 6.050e+02 6.130e+02 74 1 1 4.823e+02 4.837e+02 12 1 3 5.555e+02 5.785e+02 213 1 4 6.279e+02 6.321e+02 39 1 1 5.213e+02 5.287e+02 69 1 2 5.742e+02 6.018e+02 257 1 1 6.013e+02 6.167e+02 144 1 2 4.894e+02 5.186e+02 271 1 4 5.690e+02 6.070e+02 352 1 4 6.107e+02 6.493e+02 358 1 1 5.488e+02 5.852e+02 338 1 3 5.461e+02 5.879e+02 389 2 1 2.701e+02 2.759e+02 55 2 1 4.801e+02 4.859e+02 55 2 4 3.776e+02 3.784e+02 8 2 2 5.856e+02 5.904e+02 44 2 3 6.171e+01 6.429e+01 24 2 3 3.912e+02 4.068e+02 146 2 3 1.032e+02 1.068e+02 33 2 2 5.329e+02 5.591e+02 244 2 3 1.873e+02 1.907e+02 32 2 1 3.843e+02 4.137e+02 272 2 1 2.274e+02 2.346e+02 67 2 3 5.536e+02 5.804e+02 250 2 1 2.061e+01 2.139e+01 7 2 4 5.746e+02 6.014e+02 248 2 2 1.238e+02 1.282e+02 40 2 4 6.564e+02 6.876e+02 290 2 1 1.444e+02 1.496e+02 49 2 2 4.018e+02 4.382e+02 339 2 2 2.034e+02 2.166e+02 122 2 1 5.475e+02 5.865e+02 363 2 3 1.837e+01 2.363e+01 49 2 4 7.809e+01 8.991e+01 110 2 2 1.652e+02 1.708e+02 51 2 4 2.007e+02 2.193e+02 172 2 3 4.812e+01 7.788e+01 276 2 2 1.146e+02 1.374e+02 211 2 4 1.670e+02 1.690e+02 18 2 2 2.388e+02 2.652e+02 245 2 1 8.723e+00 3.328e+01 228 2 1 1.880e+02 1.900e+02 18 2 4 2.417e+02 2.623e+02 192 2 2 2.357e+01 6.043e+01 342 2 3 1.332e+02 1.608e+02 257
43408 3 1 1 5.200e+02 5.300e+02 93 2 4 2.879e+02 3.001e+02 114 3 3 5.026e+02 5.474e+02 416
43409 0
43410 14 0 4 5.834e+02 5.926e+02 85 0 1 5.501e+02 5.839e+02 314 0 3 5.534e+02 5.806e+02 252 2 3 9.972e+01 1.103e+02 98 2 2 2.070e+02 2.130e+02 56 2 4 4.988e+02 5.092e+02 96 2 3 5.472e+01 7.128e+01 154 2 2 7.603e+01 9.197e+01 148 2 4 5.258e+02 5.662e+02 375 2 1 4.866e+01 7.734e+01 266 2 4 7.307e+01 9.493e+01 203 2 3 1.780e+02 2.000e+02 205 2 2 6.576e+01 1.022e+02 339 2 4 6.778e+01 1.002e+02 301
43411 23 0 4 5.021e+02 5.059e+02 36 0 4 4.959e+02 5.121e+02 151 0 4 5.717e+02 6.043e+02 303 1 4 4.508e+02 4.732e+02 207 2 3 1.931e+01 2.269e+01 31 2 4 4.189e+02 4.211e+02 20 2 4 1.245e+02 1.275e+02 28 2 1 5.213e+02 5.287e+02 70 2 3 1.890e+02 1.890e+02 -1 2 3 4.319e+02 4.501e+02 169 2 2 4.009e+01 4.391e+01 36 2 3 5.209e+02 5.291e+02 76 2 4 6.966e+01 9.834e+01 266 2 1 4.298e+02 4.522e+02 209 2 4 1.648e+02 1.712e+02 59 2 2 4.901e+02 5.179e+02 258 2 1 1.115e+01 3.085e+01 183 2 4 4.898e+02 5.182e+02 264 2 4 1.068e+02 1.452e+02 356 2 2 4.423e+02 4.817e+02 366 2 3 7.962e+00 3.404e+01 242 2 4 3.233e+01 5.167e+01 180 2 1 2.756e+00 3.924e+01 339
43412 3 0 1 6.018e+02 6.162e+02 133 0 3 6.025e+02 6.155e+02 120 0 4 6.173e+02 6.427e+02 236
43413 1 2 4 5.460e+02 5.460e+02 -18
43414 14 0 4 4.609e+02 4.631e+02 21 0 2 6.658e+02 6.782e+02 115 0 4 5.750e+02 6.010e+02 241 0 4 6.644e+02 6.796e+02 140 0 1 5.460e+02 5.880e+02 390 0 3 5.974e+02 6.206e+02 216 0 1 6.394e+02 6.626e+02 216 1 1 6.071e+02 6.109e+02 35 1 2 5.794e+02 5.966e+02 160 1 2 6.264e+02 6.336e+02 66 2 1 6.024e+01 6.576e+01 51 2 2 7.854e+01 8.946e+01 101 2 3 4.987e+01 7.613e+01 244 2 4 7.136e+01 9.664e+01 235
43417 15 0 1 6.039e+02 6.141e+02 96 0 4 6.264e+02 6.336e+02 67 0 4 4.880e+02 5.200e+02 296 0 1 5.947e+02 6.233e+02 266 0 3 5.967e+02 6.213e+02 229 0 4 5.704e+02 6.056e+02 326 1 4 6.557e+01 1.024e+02 342 1 2 2.775e+02 3.105e+02 307 1 4 2.780e+02 3.100e+02 296 1 3 2.930e+02 3.370e+02 408 1 4 2.683e+02 3.197e+02 477 2 3 1.467e+02 1.473e+02 6 2 4 7.890e+01 8.910e+01 95 2 1 5.164e+02 5.336e+02 160 2 3 9.869e+01 1.113e+02 117
43418 23 0 4 3.314e+02 3.406e+02 86 0 1 6.090e+02 6.090e+02 -3 0 1 3.070e+02 3.230e+02 149 0 3 6.510e+02 6.510e+02 -2 0 3 6.051e+02 6.129e+02 73 0 2 6.690e+02 6.750e+02 56 0 2 2.770e+02 3.110e+02 316 0 2 6.140e+02 6.460e+02 297 0 4 6.718e+02 6.722e+02 4 0 4 6.177e+02 6.423e+02 228 0 1 6.329e+02 6.691e+02 336 0 4 6.106e+02 6.494e+02 360 0 3 6.329e+02 6.691e+02 336 2 2 4.200e+01 4.200e+01 -4 2 3 5.670e+02 5.670e+02 -24 2 4 3.717e+01 4.683e+01 90 2 2 5.880e+02 5.880e+02 -19 2 1 8.723e+00 3.328e+01 228 2 4 5.399e+02 5.521e+02 114 2 1 6.015e+02 6.165e+02 139 2 3 3.382e+00 3.862e+01 327 2 1 4.507e+01 8.093e+01 333 2 3 4.543e+01 8.057e+01 326
43420 0
43421 59 0 1 6.510e+02 6.510e+02 -22 0 3 5.222e+02 5.278e+02 51 0 1 6.078e+02 6.102e+02 23 0 3 6.499e+02 6.521e+02 20 0 1 5.599e+02 5.741e+02 131 0 2 6.212e+02 6.388e+02 164 0 1 6.445e+02 6.575e+02 121 0 3 5.479e+02 5.861e+02 356 0 4 6.193e+02 6.407e+02 198 0 2 6.597e+02 6.843e+02 228 0 1 5.474e+02 5.866e+02 364 0 4 5.773e+02 5.987e+02 199 0 4 6.581e+02 6.859e+02 259 0 3 5.982e+02 6.198e+02 200 0 1 6.364e+02 6.656e+02 270 1 4 6.284e+02 6.316e+02 29 1 4 5.765e+02 5.995e+02 214 1 2 6.145e+02 6.455e+02 288 2 4 3.325e+02 3.395e+02 66 2 4 5.416e+02 5.504e+02 81 2 1 1.891e+01 2.309e+01 39 2 4 6.226e+02 6.374e+02 137 2 3 1.033e+02 1.067e+02 32 2 3 6.484e+02 6.536e+02 48 2 2 1.637e+02 1.723e+02 80 2 4 4.178e+02 4.222e+02 40 2 3 2.299e+02 2.321e+02 21 2 3 5.632e+02 5.708e+02 70 2 1 1.092e+01 3.108e+01 187 2 2 5.825e+02 5.935e+02 101 2 4 1.174e+02 1.346e+02 160 2 2 6.706e+02 6.734e+02 26 2 4 1.616e+02 1.744e+02 119 2 1 4.358e+02 4.462e+02 97 2 2 2.494e+02 2.546e+02 49 2 1 5.562e+02 5.778e+02 200 2 3 3.435e+02 3.705e+02 250 2 4 5.768e+02 5.992e+02 207 2 3 1.357e+01 2.843e+01 138 2 4 7.899e+01 8.901e+01 93 2 3 4.297e+02 4.523e+02 210 2 1 1.845e+02 1.935e+02 83 2 3 5.523e+02 5.817e+02 273 2 4 1.940e+02 2.260e+02 298 2 1 5.910e+02 6.270e+02 334 2 2 2.963e+01 5.437e+01 230 2 2 6.524e+02 6.916e+02 364 2 3 9.631e+01 1.137e+02 161 2 2 4.015e+02 4.385e+02 343 2 1 1.383e+02 1.557e+02 162 2 4 2.847e+01 5.553e+01 251 2 4 1.087e+02 1.433e+02 322 2 3 1.428e+02 1.512e+02 77 2 3 3.295e+00 3.871e+01 329 2 2 6.557e+01 1.024e+02 342 2 3 1.301e+02 1.639e+02 315 2 3 1.696e+02 2.084e+02 360 2 1 1.265e+02 1.675e+02 381 3 3 1.465e+01 2.735e+01 118
43422 0
43423 0
43424 2 3 1 3.439e+02 3.701e+02 244 3 3 4.315e+02 4.505e+02 177
43425 8 0 2 6.691e+02 6.749e+02 55 0 1 2.266e+02 2.354e+02 82 0 4 6.684e+02 6.756e+02 67 0 4 2.438e+02 2.602e+02 153 0 3 6.398e+02 6.622e+02 208 1 2 6.244e+02 6.356e+02 105 1 3 5.977e+02 6.203e+02 210 2 4 6.548e+01 1.025e+02 344
43429 13 0 3 6.079e+02 6.101e+02 20 0 3 4.409e+02 4.411e+02 1 0 1 6.024e+02 6.156e+02 122 0 1 3.840e+02 4.140e+02 278 0 4 4.512e+02 4.728e+02 201 0 4 6.105e+02 6.495e+02 362 2 1 1.873e+01 2.327e+01 42 2 2 4.099e+01 4.301e+01 19 2 4 3.874e+01 4.526e+01 60 2 4 6.567e+02 6.873e+02 284 2 1 7.468e+00 3.453e+01 251 2 1 4.807e+01 7.793e+01 277 2 3 5.401e+00 3.660e+01 290
43430 1 1 4 7.271e+01 9.529e+01 210
43431 3 2 3 6.073e+02 6.107e+02 32 2 2 8.299e+01 8.501e+01 19 2 4 5.808e+02 5.952e+02 134
43432 10 2 3 1.042e+02 1.058e+02 15 2 3 5.902e+01 6.698e+01 74 2 3 1.446e+02 1.494e+02 44 2 4 3.946e+01 4.454e+01 47 2 3 6.490e+02 6.530e+02 37 2 3 9.052e+01 1.195e+02 269 2 3 1.367e+02 1.573e+02 190 2 3 5.211e+01 7.389e+01 202 2 4 1.514e+02 1.846e+02 308 2 4 1.931e+02 2.269e+02 314
43434 2 0 2 6.267e+02 6.333e+02 62 0 4 6.224e+02 6.376e+02 141
43436 5 0 2 5.033e+02 5.047e+02 13 0 4 4.964e+02 5.116e+02 140 0 3 5.101e+02 5.399e+02 277 1 2 4.186e+02 4.214e+02 26 1 1 3.921e+02 4.059e+02 129
43439 0
43441 8 0 2 6.713e+02 6.727e+02 14 0 4 6.700e+02 6.740e+02 36 2 1 1.447e+02 1.493e+02 42 2 3 1.462e+02 1.478e+02 15 2 4 1.072e+02 1.448e+02 350 3 1 1.049e+02 1.051e+02 2 3 3 1.029e+02 1.071e+02 39 3 2 6.567e+01 1.023e+02 340
43443 9 0 1 4.360e+02 4.460e+02 93 0 3 6.486e+02 6.534e+02 44 2 2 1.260e+02 1.260e+02 0 2 4 1.680e+02 1.680e+02 -19 2 3 8.454e+00 3.355e+01 233 2 4 1.173e+02 1.347e+02 162 2 4 7.347e+01 9.453e+01 196 2 1 1.301e+02 1.639e+02 314 2 3 8.976e+01 1.202e+02 283
43445 0
43446 7 0 2 3.312e+02 3.408e+02 90 0 2 3.655e+02 3.905e+02 231 0 2 3.237e+02 3.483e+02 228 0 4 3.213e+02 3.507e+02 274 1 3 5.643e+02 5.697e+02 50 1 2 5.433e+02 5.487e+02 50 2 4 4.604e+02 4.636e+02 30
43448 31 0 1 2.713e+02 2.747e+02 31 0 2 3.741e+02 3.819e+02 72 0 1 3.927e+02 4.053e+02 116 0 4 4.991e+02 5.089e+02 90 0 3 6.018e+02 6.162e+02 134 0 1 6.421e+02 6.599e+02 165 0 4 4.587e+02 4.653e+02 61 0 1 5.486e+02 5.854e+02 341 0 1 5.966e+02 6.214e+02 230 0 3 6.408e+02 6.612e+02 190 0 1 4.228e+02 4.592e+02 337 0 2 4.985e+02 5.095e+02 101 0 1 5.074e+02 5.426e+02 327 0 3 5.923e+02 6.257e+02 310 0 2 6.583e+02 6.857e+02 255 0 1 3.786e+02 4.194e+02 379 2 4 2.507e+02 2.533e+02 25 2 2 3.731e+01 4.669e+01 87 2 4 7.895e+01 8.905e+01 94 2 4 2.073e+02 2.127e+02 50 2 3 9.622e+00 3.238e+01 211 2 2 7.697e+01 9.103e+01 130 2 3 2.238e+02 2.382e+02 134 2 3 2.668e+02 2.792e+02 115 2 4 2.533e+01 5.867e+01 310 2 3 9.326e+01 1.167e+02 218 2 4 1.986e+02 2.214e+02 211 2 1 2.556e+02 2.904e+02 324 2 1 4.583e+01 8.017e+01 319 2 4 6.360e+01 1.044e+02 379 2 3 4.843e+01 7.757e+01 270
43449 26 0 4 3.774e+02 3.786e+02 11 0 4 1.644e+02 1.716e+02 67 0 3 6.043e+02 6.137e+02 86 0 2 6.720e+02 6.720e+02 -2 0 2 6.237e+02 6.363e+02 116 0 4 6.704e+02 6.736e+02 29 0 4 6.246e+02 6.354e+02 100 0 1 6.437e+02 6.583e+02 136 0 2 6.179e+02 6.421e+02 224 0 3 6.392e+02 6.628e+02 220 0 4 6.148e+02 6.452e+02 283 1 2 6.300e+02 6.300e+02 -18 1 4 6.222e+02 6.378e+02 146 1 1 5.969e+02 6.211e+02 225 2 4 8.361e+01 8.439e+01 7 2 1 1.470e+02 1.470e+02 -1 2 1 2.286e+02 2.334e+02 45 2 4 1.241e+02 1.279e+02 35 2 3 1.890e+02 1.890e+02 -7 2 2 2.037e+02 2.163e+02 117 2 2 1.135e+02 1.385e+02 231 2 3 1.370e+02 1.570e+02 186 2 2 7.459e+01 9.341e+01 175 2 4 1.607e+02 1.753e+02 135 2 3 8.823e+01 1.218e+02 311 2 1 1.730e+02 2.050e+02 298
