4481 10 0 2 1.662e+02 1.698e+02 33 0 4 6.636e+02 6.804e+02 156 0 4 1.559e+02 1.801e+02 226 0 3 1.745e+02 2.035e+02 269 1 4 6.296e+02 6.304e+02 7 1 4 5.696e+02 6.064e+02 341 2 4 4.616e+02 4.624e+02 7 2 1 4.794e+02 4.866e+02 66 2 3 4.789e+02 4.871e+02 76 2 2 4.459e+02 4.781e+02 299
4483 0
4485 0
4486 8 0 2 4.613e+02 4.627e+02 12 0 3 4.817e+02 4.843e+02 24 0 2 4.956e+02 5.124e+02 156 0 1 5.113e+02 5.387e+02 254 0 4 4.882e+02 5.198e+02 294 0 3 5.135e+02 5.365e+02 214 1 1 5.583e+02 5.757e+02 161 1 2 5.341e+02 5.579e+02 221
4490 4 0 4 3.249e+02 3.471e+02 206 1 4 5.880e+02 5.880e+02 -8 1 2 5.460e+02 5.460e+02 -15 2 2 2.395e+02 2.645e+02 231
4491 27 0 4 6.285e+02 6.315e+02 28 0 3 3.979e+02 4.001e+02 21 0 2 6.291e+02 6.309e+02 16 0 1 6.396e+02 6.624e+02 212 0 2 3.613e+02 3.947e+02 310 0 4 4.200e+02 4.200e+02 -1 0 2 6.193e+02 6.407e+02 198 0 3 6.420e+02 6.600e+02 166 0 1 3.910e+02 4.070e+02 148 0 4 6.169e+02 6.431e+02 243 1 2 6.283e+02 6.317e+02 32 1 4 6.212e+02 6.388e+02 164 1 1 5.908e+02 6.272e+02 339 1 2 6.153e+02 6.447e+02 272 2 4 3.341e+02 3.379e+02 35 2 3 1.900e+01 2.300e+01 37 2 4 1.654e+02 1.706e+02 48 2 1 2.716e+02 2.744e+02 26 2 2 3.874e+01 4.526e+01 60 2 2 2.419e+02 2.621e+02 188 2 1 9.622e+00 3.238e+01 211 2 3 1.338e+02 1.602e+02 246 2 3 2.128e+02 2.492e+02 337 2 2 2.533e+01 5.867e+01 310 2 4 2.364e+02 2.676e+02 290 2 3 2.533e+02 2.927e+02 366 2 4 2.699e+01 5.701e+01 279
4492 15 0 2 3.345e+02 3.375e+02 28 0 4 6.293e+02 6.307e+02 14 0 1 3.021e+02 3.279e+02 240 0 4 3.210e+02 3.510e+02 278 0 2 4.987e+02 5.093e+02 99 0 4 6.694e+02 6.746e+02 49 0 4 5.029e+02 5.051e+02 21 0 2 6.670e+02 6.770e+02 92 0 1 4.710e+02 4.950e+02 223 0 1 6.374e+02 6.646e+02 252 0 3 4.679e+02 4.981e+02 280 1 1 6.058e+02 6.122e+02 60 1 2 6.141e+02 6.459e+02 295 2 4 1.569e+02 1.791e+02 206 2 3 4.338e+02 4.482e+02 135
4493 18 0 2 1.516e+02 1.844e+02 306 1 4 5.828e+02 5.932e+02 96 1 3 6.055e+02 6.125e+02 66 1 1 2.903e+02 3.397e+02 459 1 3 2.883e+02 3.417e+02 496 2 2 3.780e+02 3.780e+02 -4 2 2 4.185e+02 4.215e+02 28 2 3 6.243e+01 6.357e+01 10 2 4 8.348e+01 8.452e+01 10 2 3 5.977e+02 6.203e+02 210 2 4 3.345e+02 3.375e+02 28 2 4 4.460e+02 4.780e+02 298 2 4 3.843e+01 4.557e+01 66 2 3 9.582e+01 1.142e+02 170 2 3 3.429e+02 3.711e+02 262 2 2 7.733e+01 9.067e+01 124 2 2 3.627e+02 3.933e+02 285 2 2 3.195e+02 3.525e+02 306
4494 4 0 1 6.473e+02 6.547e+02 68 0 3 6.452e+02 6.568e+02 108 0 2 6.564e+02 6.876e+02 290 0 4 6.578e+02 6.862e+02 263
4495 12 0 1 5.248e+02 5.252e+02 5 1 3 1.353e+02 1.587e+02 218 2 1 2.261e+02 2.359e+02 91 2 4 3.289e+02 3.431e+02 131 2 3 1.862e+02 1.918e+02 51 2 1 3.499e+02 3.641e+02 131 2 1 1.721e+02 2.059e+02 315 2 2 1.967e+02 2.233e+02 247 2 3 3.462e+02 3.678e+02 200 2 4 1.928e+02 2.272e+02 319 2 2 3.232e+02 3.488e+02 238 2 1 2.160e+02 2.460e+02 278
4496 9 0 1 4.399e+02 4.421e+02 20 2 2 3.780e+02 3.780e+02 -2 2 3 9.609e+01 1.139e+02 166 2 1 5.237e+02 5.263e+02 24 2 4 3.339e+02 3.381e+02 40 2 4 4.121e+02 4.279e+02 147 2 3 1.784e+02 1.996e+02 197 2 3 3.883e+02 4.097e+02 199 2 2 2.863e+02 3.017e+02 144
4497 3 0 4 6.151e+02 6.449e+02 277 2 2 3.703e+02 3.857e+02 143 2 3 3.001e+02 3.299e+02 276
4498 28 0 3 6.503e+02 6.517e+02 13 0 4 4.166e+02 4.234e+02 63 0 2 4.523e+02 4.717e+02 180 0 1 6.421e+02 6.599e+02 165 0 3 4.372e+02 4.448e+02 70 0 2 6.588e+02 6.852e+02 245 0 3 4.262e+02 4.558e+02 275 0 4 6.616e+02 6.824e+02 194 0 3 3.863e+02 4.117e+02 236 1 2 6.300e+02 6.300e+02 -24 1 3 6.000e+02 6.180e+02 167 2 1 5.590e+02 5.750e+02 148 2 1 6.032e+01 6.568e+01 50 2 2 1.513e+02 1.847e+02 310 2 3 3.419e+02 3.721e+02 280 2 3 6.300e+01 6.300e+01 -0 2 1 1.715e+02 2.065e+02 325 2 4 2.274e+02 2.766e+02 457 2 2 3.590e+02 3.970e+02 352 2 2 3.672e+01 4.728e+01 98 2 3 1.231e+02 1.709e+02 445 2 4 3.156e+02 3.564e+02 379 2 4 3.565e+01 4.835e+01 118 2 2 1.421e+02 1.939e+02 481 2 3 5.270e+01 7.330e+01 191 2 3 5.492e+00 3.651e+01 288 2 2 2.977e+01 5.423e+01 227 2 4 1.815e+01 6.585e+01 443
4499 32 0 4 6.175e+02 6.425e+02 232 0 1 6.393e+02 6.627e+02 218 0 3 6.404e+02 6.616e+02 197 1 3 5.229e+02 5.271e+02 39 1 4 5.829e+02 5.931e+02 94 1 4 6.100e+02 6.500e+02 372 2 4 6.277e+02 6.323e+02 42 2 2 1.645e+02 1.715e+02 65 2 4 6.694e+02 6.746e+02 48 2 4 2.071e+02 2.129e+02 54 2 3 3.907e+02 4.073e+02 154 2 1 2.629e+02 2.831e+02 187 2 1 6.388e+02 6.632e+02 226 2 4 3.743e+02 3.817e+02 68 2 1 9.756e+00 3.224e+01 209 2 2 4.038e+02 4.362e+02 300 2 4 1.177e+02 1.343e+02 155 2 3 6.403e+02 6.617e+02 198 2 1 1.806e+02 1.974e+02 156 2 2 6.535e+02 6.905e+02 344 2 1 2.267e+02 2.353e+02 80 2 3 1.843e+02 1.937e+02 88 2 2 2.496e+02 2.544e+02 46 2 1 1.364e+02 1.576e+02 197 2 3 2.208e+02 2.412e+02 189 2 3 1.413e+02 1.527e+02 106 2 4 2.407e+02 2.633e+02 210 2 2 1.535e+02 1.825e+02 270 2 2 1.975e+02 2.225e+02 232 2 4 1.586e+02 1.774e+02 174 2 3 1.298e+02 1.642e+02 319 3 4 2.757e+01 5.643e+01 268
4500 2 2 4 4.145e+02 4.255e+02 101 3 3 1.715e+02 2.065e+02 326
4501 2 0 4 4.543e+02 4.697e+02 142 0 2 6.535e+02 6.905e+02 344
4502 1 3 4 5.434e+02 5.486e+02 48
4503 45 0 1 5.670e+02 5.670e+02 -2 0 2 6.709e+02 6.731e+02 20 0 1 4.370e+02 4.450e+02 74 0 4 4.598e+02 4.642e+02 40 0 3 5.643e+02 5.697e+02 50 0 3 6.029e+02 6.151e+02 114 0 1 6.466e+02 6.554e+02 82 0 3 4.337e+02 4.483e+02 136 0 2 4.513e+02 4.727e+02 199 0 1 5.983e+02 6.197e+02 200 0 3 6.446e+02 6.574e+02 118 0 4 4.061e+02 4.339e+02 259 0 4 5.714e+02 6.046e+02 309 0 4 6.623e+02 6.817e+02 180 0 2 6.567e+02 6.873e+02 285 1 2 6.294e+02 6.306e+02 11 1 2 5.417e+02 5.503e+02 80 1 4 6.296e+02 6.304e+02 8 1 3 5.576e+02 5.764e+02 175 1 3 6.030e+02 6.150e+02 110 1 1 5.521e+02 5.819e+02 276 1 1 5.991e+02 6.189e+02 185 1 4 5.697e+02 6.063e+02 340 1 3 5.938e+02 6.242e+02 283 2 3 9.793e+01 1.121e+02 131 2 3 1.884e+02 1.896e+02 11 2 3 5.628e+02 5.712e+02 77 2 2 2.078e+02 2.122e+02 40 2 1 1.370e+01 2.830e+01 136 2 4 5.324e+02 5.596e+02 253 2 2 1.670e+02 1.690e+02 18 2 2 5.737e+02 6.023e+02 266 2 2 1.979e+02 2.221e+02 224 2 1 5.519e+02 5.821e+02 281 2 4 3.242e+01 5.158e+01 178 2 2 1.148e+02 1.372e+02 209 2 3 1.383e+02 1.557e+02 162 2 4 2.014e+02 2.186e+02 160 2 3 4.237e+00 3.776e+01 311 2 4 1.096e+02 1.424e+02 304 2 3 1.769e+02 2.011e+02 225 2 3 2.185e+02 2.435e+02 231 2 4 1.502e+02 1.858e+02 331 2 4 1.910e+02 2.290e+02 353 2 4 2.327e+02 2.713e+02 358
4506 0
4507 5 0 4 5.858e+02 5.902e+02 41 0 4 6.131e+02 6.469e+02 313 2 4 1.669e+02 1.691e+02 20 2 4 1.585e+02 1.775e+02 177 2 4 4.933e+02 5.147e+02 199
4508 18 0 1 6.427e+02 6.593e+02 154 0 3 6.013e+02 6.167e+02 143 0 2 6.611e+02 6.829e+02 203 0 4 6.101e+02 6.499e+02 369 0 4 6.625e+02 6.815e+02 176 1 4 6.199e+02 6.401e+02 188 2 3 1.018e+02 1.082e+02 59 2 2 8.191e+01 8.609e+01 39 2 4 5.370e+02 5.550e+02 166 2 1 1.465e+02 1.475e+02 10 2 1 3.053e+02 3.247e+02 180 2 4 1.196e+02 1.324e+02 119 2 3 1.386e+02 1.554e+02 156 2 3 3.054e+02 3.246e+02 179 2 2 1.086e+02 1.434e+02 324 2 2 2.804e+02 3.076e+02 253 2 4 1.074e+02 1.446e+02 345 2 4 2.767e+02 3.113e+02 320
4509 15 0 1 2.297e+02 2.323e+02 24 0 2 2.452e+02 2.588e+02 126 0 4 2.436e+02 2.604e+02 156 0 3 2.546e+02 2.914e+02 342 1 1 3.990e+02 3.990e+02 0 2 2 2.930e+02 2.950e+02 19 2 2 7.904e+01 8.896e+01 92 2 4 3.674e+02 3.886e+02 196 2 3 3.836e+02 4.144e+02 286 2 4 8.218e+01 8.582e+01 34 2 4 4.534e+02 4.706e+02 160 2 4 2.336e+02 2.704e+02 342 2 3 2.626e+02 2.834e+02 193 2 3 8.765e+01 1.223e+02 322 2 1 3.014e+02 3.286e+02 252
4510 19 0 1 2.720e+02 2.740e+02 18 0 2 4.616e+02 4.624e+02 8 0 2 2.935e+02 2.945e+02 10 0 4 6.710e+02 6.730e+02 19 0 1 1.445e+02 1.495e+02 46 0 4 4.546e+02 4.694e+02 137 0 4 2.813e+02 3.067e+02 236 0 2 6.674e+02 6.766e+02 85 0 2 1.590e+02 1.770e+02 166 0 1 4.316e+02 4.504e+02 176 0 4 1.593e+02 1.767e+02 162 0 3 4.685e+02 4.975e+02 269 0 3 1.712e+02 2.068e+02 331 0 1 6.407e+02 6.613e+02 192 0 3 6.388e+02 6.632e+02 226 2 3 1.936e+01 2.264e+01 30 2 4 3.793e+01 4.607e+01 76 2 3 6.613e+00 3.539e+01 267 2 1 4.700e+01 7.900e+01 297
4511 46 0 1 6.087e+02 6.093e+02 6 0 4 6.150e+02 6.450e+02 279 0 2 6.615e+02 6.825e+02 195 0 3 6.392e+02 6.628e+02 219 1 4 6.300e+02 6.300e+02 -2 1 1 5.194e+02 5.306e+02 104 2 3 1.034e+02 1.066e+02 30 2 3 3.990e+02 3.990e+02 -7 2 1 1.874e+02 1.906e+02 30 2 2 6.720e+02 6.720e+02 -4 2 4 2.914e+02 2.966e+02 48 2 1 4.369e+02 4.451e+02 76 2 3 3.550e+02 3.590e+02 36 2 3 6.136e+01 6.464e+01 30 2 3 6.346e+02 6.674e+02 305 2 4 8.263e+01 8.537e+01 26 2 4 6.590e+02 6.850e+02 242 2 4 1.604e+02 1.756e+02 140 2 2 2.100e+02 2.100e+02 -4 2 1 3.124e+02 3.176e+02 49 2 4 3.780e+02 3.780e+02 -0 2 1 5.507e+01 7.093e+01 147 2 2 1.199e+02 1.321e+02 113 2 3 1.820e+02 1.960e+02 130 2 4 2.031e+02 2.169e+02 129 2 3 3.132e+02 3.168e+02 34 2 2 3.653e+02 3.907e+02 236 2 4 2.658e+01 5.742e+01 286 2 2 7.092e+01 9.708e+01 243 2 2 1.513e+02 1.847e+02 310 2 3 2.129e+02 2.491e+02 336 2 1 3.045e+02 3.255e+02 195 2 2 3.239e+02 3.481e+02 224 2 1 4.426e+01 8.174e+01 348 2 4 7.082e+01 9.718e+01 245 2 3 1.746e+02 2.034e+02 267 2 3 3.016e+02 3.284e+02 249 2 4 3.269e+02 3.451e+02 169 2 3 4.552e+01 8.048e+01 325 2 2 5.772e+01 1.103e+02 488 2 1 1.260e+02 1.680e+02 390 2 2 2.801e+02 3.079e+02 258 2 1 3.422e+02 3.718e+02 276 2 2 2.142e+01 6.258e+01 382 2 4 2.758e+02 3.122e+02 337 3 1 3.925e+02 4.055e+02 121
4512 9 0 2 4.620e+02 4.620e+02 -15 0 4 4.200e+01 4.200e+01 -10 0 3 5.192e+02 5.308e+02 108 0 2 4.949e+02 5.131e+02 170 0 1 4.249e+02 4.571e+02 300 0 3 4.699e+02 4.961e+02 243 0 1 5.080e+02 5.420e+02 316 1 3 6.090e+02 6.090e+02 -1 1 3 5.499e+02 5.841e+02 318
4513 93 0 4 4.040e+01 4.360e+01 30 0 1 6.499e+02 6.521e+02 21 0 4 5.030e+02 5.050e+02 18 0 1 6.070e+02 6.110e+02 37 0 2 6.687e+02 6.753e+02 62 0 1 4.393e+02 4.427e+02 31 0 4 4.613e+02 4.627e+02 12 0 3 5.613e+02 5.727e+02 106 0 3 6.077e+02 6.103e+02 25 0 4 6.713e+02 6.727e+02 13 0 3 4.377e+02 4.443e+02 60 0 4 4.977e+02 5.103e+02 117 0 2 5.408e+02 5.512e+02 97 0 4 6.244e+02 6.356e+02 104 0 3 6.473e+02 6.547e+02 69 0 4 4.134e+02 4.266e+02 122 0 1 4.763e+02 4.897e+02 125 0 1 5.554e+02 5.786e+02 216 0 2 6.157e+02 6.443e+02 266 0 1 6.376e+02 6.644e+02 248 0 4 4.051e+02 4.349e+02 276 0 2 4.953e+02 5.127e+02 162 0 3 5.508e+02 5.832e+02 300 0 4 5.707e+02 6.053e+02 320 0 3 6.330e+02 6.690e+02 334 0 4 4.894e+02 5.186e+02 271 0 1 5.469e+02 5.871e+02 374 0 4 6.104e+02 6.496e+02 365 0 2 4.495e+02 4.745e+02 231 0 3 4.679e+02 4.981e+02 280 1 2 6.300e+02 6.300e+02 -5 1 1 4.409e+02 4.411e+02 1 1 1 5.234e+02 5.266e+02 29 1 3 5.669e+02 5.671e+02 1 1 4 6.299e+02 6.301e+02 1 1 4 5.818e+02 5.942e+02 116 1 1 6.035e+02 6.145e+02 103 1 2 5.416e+02 5.504e+02 82 1 3 5.998e+02 6.182e+02 171 1 1 5.550e+02 5.790e+02 222 1 1 5.912e+02 6.268e+02 331 1 4 5.300e+02 5.620e+02 297 1 3 5.939e+02 6.241e+02 280 1 2 5.695e+02 6.065e+02 344 2 3 1.043e+02 1.057e+02 12 2 4 5.453e+02 5.467e+02 14 2 2 1.665e+02 1.695e+02 28 2 2 2.497e+02 2.543e+02 42 2 4 4.200e+02 4.200e+02 -4 2 4 2.907e+02 2.973e+02 60 2 3 4.748e+02 4.912e+02 153 2 3 3.539e+02 3.601e+02 58 2 1 5.645e+02 5.695e+02 46 2 1 2.053e+01 2.147e+01 9 2 4 6.677e+02 6.763e+02 80 2 2 1.246e+02 1.274e+02 26 2 4 4.915e+02 5.165e+02 233 2 1 1.873e+02 1.907e+02 32 2 3 5.228e+02 5.272e+02 40 2 2 2.083e+02 2.117e+02 32 2 3 3.812e+02 4.168e+02 331 2 3 3.126e+02 3.174e+02 44 2 2 5.405e+02 5.515e+02 101 2 4 3.725e+02 3.835e+02 102 2 4 5.369e+02 5.551e+02 169 2 3 1.339e+01 2.861e+01 141 2 3 5.572e+02 5.768e+02 182 2 4 8.133e+01 8.667e+01 50 2 3 1.866e+02 1.914e+02 45 2 4 2.032e+02 2.168e+02 126 2 3 2.707e+02 2.753e+02 43 2 1 3.514e+02 3.626e+02 104 2 2 3.587e+01 4.813e+01 114 2 3 8.761e+01 1.224e+02 323 2 4 1.564e+02 1.796e+02 216 2 1 2.203e+02 2.417e+02 198 2 2 3.661e+02 3.899e+02 220 2 1 5.050e+01 7.550e+01 232 2 4 1.105e+02 1.415e+02 287 2 3 1.797e+02 1.983e+02 173 2 3 2.120e+02 2.500e+02 352 2 4 3.239e+02 3.481e+02 224 2 4 2.600e+01 5.800e+01 297 2 2 6.585e+01 1.022e+02 337 2 1 1.346e+02 1.594e+02 230 2 2 1.924e+02 2.276e+02 326 2 4 3.620e+02 3.940e+02 296 2 3 1.338e+02 1.602e+02 246 2 4 1.913e+02 2.287e+02 347 2 2 3.181e+02 3.539e+02 333 3 1 1.622e+01 2.578e+01 89 3 1 4.744e+02 4.916e+02 160 3 3 4.736e+02 4.924e+02 175
4514 0
4515 14 0 2 6.527e+02 6.913e+02 358 0 4 6.527e+02 6.913e+02 359 1 2 5.829e+02 5.931e+02 96 1 2 6.181e+02 6.419e+02 220 1 4 6.178e+02 6.422e+02 226 2 4 4.166e+01 4.234e+01 6 2 1 6.257e+01 6.343e+01 8 2 4 4.462e+02 4.778e+02 294 2 4 1.951e+02 2.249e+02 277 2 3 2.631e+02 2.829e+02 184 2 3 1.761e+01 2.439e+01 63 2 3 4.866e+01 7.734e+01 266 2 2 2.910e+01 5.490e+01 240 2 3 2.443e+00 3.956e+01 345
4516 5 0 4 5.870e+02 5.890e+02 18 0 3 5.515e+02 5.825e+02 288 2 4 1.680e+02 1.680e+02 -7 3 2 4.911e+02 5.169e+02 239 3 1 4.663e+02 4.997e+02 310
4517 0
4518 13 0 4 6.705e+02 6.735e+02 28 0 1 5.975e+02 6.205e+02 214 0 3 5.954e+02 6.226e+02 252 0 1 5.883e+02 6.297e+02 384 1 2 1.595e+02 1.765e+02 157 1 2 1.980e+02 2.220e+02 223 1 3 3.448e+02 3.692e+02 226 2 4 1.662e+02 1.698e+02 34 2 3 5.230e+02 5.270e+02 38 2 1 9.891e+00 3.211e+01 206 2 4 4.913e+02 5.167e+02 236 2 1 5.117e+02 5.383e+02 247 2 2 5.305e+02 5.615e+02 288
4519 28 0 1 5.669e+02 5.671e+02 1 0 4 3.324e+02 3.396e+02 67 0 1 6.076e+02 6.104e+02 26 0 1 3.082e+02 3.218e+02 126 0 1 6.469e+02 6.551e+02 76 0 4 1.520e+02 1.840e+02 297 0 2 4.614e+02 4.626e+02 11 0 2 3.179e+02 3.541e+02 336 0 3 5.632e+02 5.708e+02 70 0 4 6.283e+02 6.317e+02 32 0 3 6.490e+02 6.530e+02 36 0 3 4.327e+02 4.493e+02 154 0 4 4.538e+02 4.702e+02 153 0 1 5.221e+02 5.279e+02 53 0 4 5.847e+02 5.913e+02 60 0 2 6.678e+02 6.762e+02 77 0 3 5.161e+02 5.339e+02 166 0 3 6.041e+02 6.139e+02 91 0 4 6.665e+02 6.775e+02 103 0 2 5.287e+02 5.633e+02 320 0 2 6.246e+02 6.354e+02 100 0 3 5.506e+02 5.834e+02 305 0 4 5.726e+02 6.034e+02 286 0 4 6.108e+02 6.492e+02 356 1 2 6.088e+02 6.512e+02 395 2 3 1.792e+01 2.408e+01 57 2 1 8.992e+00 3.301e+01 223 2 2 2.730e+01 5.670e+01 273
4520 17 0 3 4.366e+02 4.454e+02 81 0 2 4.574e+02 4.666e+02 86 0 1 5.997e+02 6.183e+02 173 0 4 4.599e+02 4.641e+02 39 0 3 6.030e+02 6.150e+02 110 0 4 5.701e+02 6.059e+02 333 0 2 6.535e+02 6.905e+02 343 1 4 6.271e+02 6.329e+02 54 1 2 6.256e+02 6.344e+02 81 1 3 5.959e+02 6.221e+02 244 1 1 5.925e+02 6.255e+02 306 2 4 8.353e+01 8.447e+01 9 2 4 5.877e+02 5.883e+02 6 2 2 7.347e+01 9.453e+01 196 2 1 5.168e+02 5.332e+02 153 2 4 3.031e+01 5.369e+01 217 2 3 9.079e+01 1.192e+02 264
