11686 1 0 4 4.451e+02 4.789e+02 315
11687 0
11689 3 0 3 6.361e+02 6.659e+02 277 2 1 1.981e+01 2.219e+01 22 2 3 4.550e+00 3.745e+01 306
11690 2 0 4 6.695e+02 6.745e+02 46 2 2 1.125e+02 1.395e+02 250
11691 13 0 1 6.444e+02 6.576e+02 122 0 3 4.783e+02 4.877e+02 88 0 2 6.192e+02 6.408e+02 201 0 3 6.463e+02 6.557e+02 88 0 4 6.551e+02 6.889e+02 313 0 4 4.856e+02 5.224e+02 342 0 2 6.067e+02 6.533e+02 433 0 4 6.481e+02 6.959e+02 444 2 2 2.923e+01 5.477e+01 237 2 4 2.663e+01 5.737e+01 286 2 4 6.248e+01 1.055e+02 400 2 1 6.300e+00 3.570e+01 273 2 3 1.319e+00 4.068e+01 366
11692 1 0 4 6.288e+02 6.312e+02 23
11693 10 1 4 5.417e+02 5.503e+02 80 1 3 5.159e+02 5.341e+02 170 1 3 5.611e+02 5.729e+02 109 2 4 2.412e+02 2.628e+02 201 2 3 2.654e+02 2.806e+02 141 2 4 6.063e+02 6.537e+02 440 2 2 2.829e+02 3.051e+02 206 2 1 2.581e+02 2.879e+02 277 2 3 2.585e+02 2.875e+02 270 3 1 1.028e+02 1.072e+02 40
11694 3 0 3 2.614e+02 2.846e+02 216 0 2 6.561e+02 6.879e+02 295 0 4 6.558e+02 6.882e+02 300
11696 1 0 4 6.706e+02 6.734e+02 26
11697 19 0 1 6.504e+02 6.516e+02 10 0 2 8.400e+01 8.400e+01 -2 0 1 6.037e+02 6.143e+02 99 0 4 7.679e+01 9.121e+01 134 0 4 5.783e+02 5.977e+02 180 0 3 8.882e+01 1.212e+02 300 0 3 6.466e+02 6.554e+02 82 0 1 4.646e+01 7.954e+01 307 0 4 6.580e+02 6.860e+02 260 0 2 6.539e+02 6.901e+02 336 1 3 2.715e+02 2.745e+02 28 1 1 2.664e+02 2.796e+02 122 1 4 3.667e+02 3.893e+02 210 1 2 2.341e+02 2.699e+02 332 1 4 2.781e+02 3.099e+02 295 2 4 8.097e+01 8.703e+01 56 2 3 4.685e+00 3.732e+01 303 2 1 4.911e+01 7.689e+01 258 2 2 1.091e+02 1.429e+02 314
11699 0
11701 0
11702 43 0 4 6.283e+02 6.317e+02 31 0 1 5.557e+02 5.783e+02 210 0 2 6.125e+02 6.475e+02 325 0 3 6.443e+02 6.577e+02 125 0 2 4.876e+02 5.204e+02 304 0 4 6.146e+02 6.454e+02 286 0 1 6.272e+02 6.748e+02 442 0 4 4.829e+02 5.251e+02 392 0 3 6.326e+02 6.694e+02 342 0 2 4.403e+02 4.837e+02 402 0 2 6.483e+02 6.957e+02 440 0 1 4.574e+02 5.086e+02 475 0 4 6.511e+02 6.929e+02 388 0 3 4.578e+02 5.082e+02 468 1 3 5.505e+02 5.835e+02 306 1 4 5.673e+02 6.087e+02 384 2 3 2.301e+02 2.319e+02 16 2 2 4.200e+02 4.200e+02 -3 2 4 3.769e+02 3.791e+02 20 2 1 5.642e+02 5.698e+02 52 2 1 6.078e+01 6.522e+01 41 2 4 1.657e+02 1.703e+02 43 2 3 2.680e+02 2.780e+02 92 2 4 3.906e+01 4.494e+01 55 2 2 1.229e+02 1.291e+02 57 2 1 1.828e+02 1.952e+02 115 2 3 2.146e+02 2.474e+02 304 2 4 2.799e+02 3.081e+02 262 2 3 5.575e+01 7.025e+01 135 2 4 1.175e+02 1.345e+02 157 2 1 1.347e+02 1.593e+02 228 2 2 2.941e+01 5.459e+01 234 2 2 7.617e+01 9.183e+01 146 2 2 1.585e+02 1.775e+02 176 2 3 6.165e+00 3.583e+01 276 2 3 8.931e+01 1.207e+02 291 2 3 1.757e+02 2.023e+02 246 2 4 2.344e+01 6.056e+01 345 2 2 6.441e+01 1.036e+02 364 2 4 6.634e+01 1.017e+02 328 2 2 1.074e+02 1.446e+02 346 3 4 8.007e+01 8.793e+01 73 3 1 9.487e+00 3.251e+01 214
11703 9 0 1 6.487e+02 6.533e+02 42 0 1 5.599e+02 5.741e+02 132 0 3 6.474e+02 6.546e+02 67 0 2 1.255e+02 1.265e+02 10 0 4 5.810e+02 5.950e+02 130 0 4 6.568e+02 6.872e+02 282 0 3 5.548e+02 5.792e+02 226 0 3 6.373e+02 6.647e+02 254 0 2 6.547e+02 6.893e+02 320
11704 7 0 4 6.455e+02 6.985e+02 491 1 3 6.078e+02 6.102e+02 22 1 2 5.854e+02 5.906e+02 48 2 2 4.041e+02 4.359e+02 295 2 4 6.921e+01 9.879e+01 275 2 3 3.906e+01 8.694e+01 445 2 4 1.868e+01 6.532e+01 433
11706 5 0 1 6.449e+02 6.571e+02 114 0 3 6.442e+02 6.578e+02 126 0 2 6.578e+02 6.862e+02 264 0 4 6.590e+02 6.850e+02 240 1 2 6.153e+02 6.447e+02 273
11710 0
11713 2 0 4 6.268e+02 6.332e+02 59 1 4 6.257e+02 6.343e+02 80
11714 2 2 3 2.100e+01 2.100e+01 -21 2 1 5.970e+01 6.630e+01 61
11716 17 0 4 5.864e+02 5.896e+02 29 0 4 2.929e+02 2.951e+02 21 0 3 2.591e+02 2.869e+02 259 1 1 5.768e+01 6.832e+01 99 2 4 1.256e+02 1.264e+02 7 2 2 5.013e+02 5.067e+02 50 2 3 1.456e+02 1.484e+02 26 2 4 4.932e+02 5.148e+02 201 2 4 3.919e+01 4.481e+01 52 2 1 5.183e+02 5.317e+02 124 2 2 8.222e+01 8.578e+01 33 2 3 4.666e+02 4.994e+02 305 2 2 1.641e+02 1.719e+02 72 2 3 5.171e+01 7.429e+01 210 2 4 1.655e+02 1.705e+02 46 2 1 4.998e+00 3.700e+01 297 2 1 1.741e+02 2.039e+02 277
11717 31 0 4 5.015e+02 5.065e+02 46 0 4 6.285e+02 6.315e+02 27 0 3 6.498e+02 6.522e+02 23 0 2 4.984e+02 5.096e+02 105 0 1 5.563e+02 5.777e+02 198 0 4 5.838e+02 5.922e+02 77 0 2 6.679e+02 6.761e+02 76 0 1 4.711e+02 4.949e+02 221 0 3 5.518e+02 5.822e+02 283 0 1 6.021e+02 6.159e+02 129 0 4 6.671e+02 6.769e+02 90 0 3 4.636e+02 5.024e+02 360 0 3 6.060e+02 6.120e+02 56 0 1 6.416e+02 6.604e+02 175 0 2 6.198e+02 6.402e+02 189 0 1 5.950e+02 6.230e+02 260 0 3 5.938e+02 6.242e+02 283 0 4 5.693e+02 6.067e+02 347 1 4 6.284e+02 6.316e+02 30 2 4 5.013e+02 5.067e+02 50 2 1 5.208e+02 5.292e+02 79 2 1 1.967e+01 2.233e+01 25 2 3 5.164e+02 5.336e+02 160 2 2 1.223e+02 1.297e+02 68 2 2 4.879e+02 5.201e+02 299 2 1 1.437e+02 1.503e+02 60 2 1 5.124e+02 5.376e+02 235 2 3 1.963e+01 2.237e+01 26 2 3 9.676e+01 1.132e+02 153 2 4 1.140e+02 1.380e+02 222 2 3 8.878e+01 1.212e+02 301
11718 8 0 2 6.555e+02 6.885e+02 306 2 3 4.823e+02 4.837e+02 14 2 4 1.227e+02 1.293e+02 60 2 4 4.998e+02 5.082e+02 78 2 4 6.138e+02 6.462e+02 300 2 2 6.957e+01 9.843e+01 268 2 4 6.454e+01 1.035e+02 361 2 2 6.043e+02 6.557e+02 477
11719 0
11720 0
11722 35 0 2 2.463e+02 2.577e+02 106 0 2 6.720e+02 6.720e+02 -11 0 1 6.040e+02 6.140e+02 92 0 4 6.699e+02 6.741e+02 40 0 3 5.606e+02 5.734e+02 119 0 3 6.070e+02 6.110e+02 37 0 1 5.174e+02 5.326e+02 140 0 3 5.204e+02 5.296e+02 85 0 2 5.371e+02 5.549e+02 166 1 3 6.074e+02 6.106e+02 30 1 4 6.184e+02 6.416e+02 216 1 1 5.944e+02 6.236e+02 271 1 3 5.963e+02 6.217e+02 236 2 4 4.181e+02 4.219e+02 35 2 4 1.668e+02 1.692e+02 22 2 4 6.166e+02 6.434e+02 250 2 1 3.923e+02 4.057e+02 124 2 3 3.946e+02 4.034e+02 82 2 1 1.863e+02 1.917e+02 50 2 1 2.232e+02 2.388e+02 146 2 2 4.020e+02 4.380e+02 335 2 4 3.696e+02 3.864e+02 156 2 3 4.217e+02 4.603e+02 358 2 3 1.039e+02 1.061e+02 20 2 2 1.596e+02 1.764e+02 156 2 2 4.200e+01 4.200e+01 -5 2 4 1.242e+02 1.278e+02 33 2 3 1.726e+02 2.054e+02 304 2 1 2.105e+02 2.515e+02 381 2 4 8.263e+01 8.537e+01 26 2 3 6.113e+01 6.487e+01 35 2 2 1.088e+02 1.432e+02 319 2 1 1.447e+01 2.753e+01 121 2 2 2.411e+01 5.989e+01 332 2 1 4.902e+01 7.698e+01 260
11724 20 0 1 6.500e+02 6.520e+02 19 0 2 6.713e+02 6.727e+02 13 0 4 6.548e+02 6.892e+02 320 1 3 6.069e+02 6.111e+02 39 1 2 6.284e+02 6.316e+02 29 1 4 6.298e+02 6.302e+02 4 2 4 3.771e+01 4.629e+01 80 2 4 1.213e+02 1.307e+02 88 2 3 1.415e+02 1.525e+02 101 2 3 6.300e+01 6.300e+01 -5 2 3 8.653e+01 1.235e+02 343 2 3 1.306e+02 1.634e+02 306 2 1 1.487e+01 2.713e+01 114 2 3 1.891e+01 2.309e+01 39 2 2 3.610e+01 4.790e+01 110 2 1 5.476e+01 7.124e+01 153 2 3 4.951e+01 7.649e+01 250 3 2 1.241e+02 1.279e+02 36 3 1 1.294e+02 1.646e+02 326 3 3 8.689e+01 1.231e+02 336
11726 4 2 2 5.040e+02 5.040e+02 -3 2 1 5.222e+02 5.278e+02 52 2 3 4.768e+02 4.892e+02 115 2 4 4.421e+02 4.819e+02 369
11727 2 2 4 3.771e+02 3.789e+02 17 2 4 3.351e+02 3.369e+02 16
11728 13 0 3 4.351e+02 4.469e+02 109 0 1 4.259e+02 4.561e+02 280 0 4 4.023e+02 4.377e+02 328 2 3 2.286e+02 2.334e+02 46 2 1 2.061e+01 2.139e+01 7 2 2 8.272e+01 8.528e+01 24 2 4 2.496e+02 2.544e+02 45 2 4 6.560e+02 6.880e+02 297 2 1 2.605e+02 2.855e+02 233 2 1 9.709e+00 3.229e+01 210 2 4 2.083e+02 2.117e+02 32 2 4 2.631e+01 5.769e+01 291 2 2 2.414e+02 2.626e+02 197
11729 42 0 2 2.879e+02 3.001e+02 113 0 2 4.605e+02 4.635e+02 27 0 1 3.089e+02 3.211e+02 113 0 2 6.278e+02 6.322e+02 41 0 4 6.713e+02 6.727e+02 14 0 4 2.789e+02 3.091e+02 280 0 4 4.536e+02 4.704e+02 156 0 3 2.575e+02 2.885e+02 288 0 4 5.817e+02 5.943e+02 116 0 1 6.506e+02 6.514e+02 8 0 1 4.289e+02 4.531e+02 224 0 3 4.660e+02 5.000e+02 316 0 1 6.083e+02 6.097e+02 12 0 2 6.714e+02 6.726e+02 10 0 4 6.241e+02 6.359e+02 109 0 1 6.316e+02 6.704e+02 360 0 3 5.930e+02 6.250e+02 296 0 3 6.347e+02 6.673e+02 302 0 2 6.140e+02 6.460e+02 297 0 2 6.515e+02 6.925e+02 380 0 4 6.138e+02 6.462e+02 300 1 2 6.292e+02 6.308e+02 15 1 4 6.276e+02 6.324e+02 44 1 2 5.724e+02 6.036e+02 290 1 3 5.974e+02 6.206e+02 216 1 1 5.937e+02 6.243e+02 285 2 2 3.722e+01 4.678e+01 89 2 4 8.400e+01 8.400e+01 -14 2 4 2.073e+02 2.127e+02 50 2 3 1.272e+01 2.928e+01 154 2 2 7.917e+01 8.883e+01 90 2 4 1.568e+02 1.792e+02 208 2 2 2.053e+02 2.147e+02 87 2 4 2.814e+02 3.066e+02 234 2 4 3.224e+01 5.176e+01 181 2 3 9.793e+01 1.121e+02 131 2 1 1.760e+02 2.020e+02 242 2 4 1.962e+02 2.238e+02 256 2 3 5.225e+01 7.375e+01 200 2 3 1.747e+02 2.033e+02 266 2 1 9.935e+00 3.207e+01 206 2 3 4.354e+01 8.246e+01 361
11730 16 0 3 6.068e+02 6.112e+02 41 0 4 6.669e+02 6.771e+02 95 0 1 6.029e+02 6.151e+02 113 1 4 6.249e+02 6.351e+02 95 1 2 4.541e+02 4.699e+02 147 2 3 6.095e+01 6.505e+01 38 2 3 6.083e+02 6.097e+02 14 2 3 1.873e+02 1.907e+02 31 2 4 2.927e+02 2.953e+02 24 2 4 5.738e+02 6.022e+02 264 2 2 3.239e+02 3.481e+02 226 2 1 1.455e+02 1.485e+02 27 2 3 3.076e+02 3.224e+02 138 2 2 1.677e+02 1.683e+02 5 2 1 2.950e+02 3.350e+02 371 2 1 1.719e+02 2.061e+02 317
