4699 4 0 3 3.986e+02 3.994e+02 7 0 4 4.062e+02 4.338e+02 257 2 4 1.658e+02 1.702e+02 40 2 3 1.887e+02 1.893e+02 5
4700 3 0 2 6.688e+02 6.752e+02 60 2 4 3.323e+02 3.397e+02 69 2 4 1.511e+02 1.849e+02 314
4701 42 0 1 5.668e+02 5.672e+02 3 0 2 2.467e+02 2.573e+02 98 0 2 6.713e+02 6.727e+02 12 0 4 3.278e+02 3.442e+02 153 0 3 5.604e+02 5.736e+02 122 0 2 2.850e+02 3.030e+02 167 0 4 5.776e+02 5.984e+02 193 0 1 3.014e+02 3.286e+02 252 0 4 6.711e+02 6.729e+02 17 0 4 2.784e+02 3.096e+02 289 0 3 5.534e+02 5.806e+02 253 0 1 5.954e+02 6.226e+02 253 0 3 6.447e+02 6.573e+02 116 0 1 6.350e+02 6.670e+02 296 0 3 6.324e+02 6.696e+02 346 1 1 5.654e+02 5.686e+02 30 1 3 6.065e+02 6.115e+02 46 1 2 5.846e+02 5.914e+02 64 1 4 6.280e+02 6.320e+02 38 1 4 5.734e+02 6.026e+02 271 1 1 6.043e+02 6.137e+02 87 1 3 5.983e+02 6.197e+02 199 1 2 6.240e+02 6.360e+02 112 1 1 5.935e+02 6.245e+02 287 2 2 4.054e+01 4.346e+01 27 2 4 6.289e+02 6.311e+02 21 2 3 3.555e+02 3.585e+02 27 2 2 6.226e+02 6.374e+02 137 2 1 6.064e+01 6.536e+01 44 2 3 6.504e+02 6.516e+02 11 2 2 1.238e+02 1.282e+02 41 2 4 6.171e+02 6.429e+02 239 2 4 1.582e+02 1.778e+02 181 2 2 3.664e+02 3.896e+02 215 2 1 1.886e+01 2.314e+01 40 2 4 1.230e+02 1.290e+02 56 2 3 1.811e+02 1.969e+02 147 2 4 3.190e+02 3.530e+02 316 2 3 1.617e+01 2.583e+01 90 2 3 1.281e+02 1.659e+02 351 2 3 6.075e+00 3.593e+01 277 3 4 1.505e+02 1.855e+02 326
4704 6 0 2 6.709e+02 6.731e+02 21 0 4 6.671e+02 6.769e+02 90 2 2 4.009e+01 4.391e+01 36 2 3 1.468e+02 1.472e+02 4 2 4 1.557e+02 1.803e+02 229 2 4 2.412e+02 2.628e+02 201
4705 0
4706 0
4707 22 0 2 6.293e+02 6.307e+02 12 0 2 1.647e+02 1.713e+02 60 0 2 6.711e+02 6.729e+02 16 0 4 6.300e+02 6.300e+02 -5 0 3 1.757e+02 2.023e+02 247 0 4 6.720e+02 6.720e+02 -13 0 4 1.537e+02 1.823e+02 266 0 1 6.367e+02 6.653e+02 266 0 3 6.416e+02 6.604e+02 175 0 1 1.289e+02 1.651e+02 336 0 3 6.324e+02 6.696e+02 346 1 3 4.407e+02 4.413e+02 6 1 4 4.618e+02 4.622e+02 3 2 4 2.451e+02 2.589e+02 129 3 2 5.455e+02 5.465e+02 9 3 3 6.507e+02 6.513e+02 6 3 1 1.712e+02 2.068e+02 330 3 1 5.620e+02 5.720e+02 93 3 2 6.242e+02 6.358e+02 107 3 3 5.103e+02 5.397e+02 273 3 4 5.391e+02 5.529e+02 128 3 1 6.351e+02 6.669e+02 295
4708 0
4709 4 1 4 5.877e+02 5.883e+02 6 1 4 5.775e+02 5.985e+02 196 2 3 1.410e+02 1.530e+02 112 3 4 5.350e+02 5.570e+02 205
4710 3 0 1 5.897e+02 6.283e+02 359 0 3 6.291e+02 6.729e+02 406 0 2 6.493e+02 6.947e+02 422
4711 6 2 4 8.101e+01 8.699e+01 56 2 1 1.734e+01 2.466e+01 68 2 3 1.025e+02 1.075e+02 47 2 3 1.635e+01 2.565e+01 86 2 4 6.979e+01 9.821e+01 264 2 2 2.537e+01 5.863e+01 309
4712 43 0 1 2.306e+02 2.314e+02 8 0 3 6.510e+02 6.510e+02 -20 0 3 6.300e+01 6.300e+01 -5 0 1 6.477e+02 6.543e+02 62 0 1 6.064e+02 6.116e+02 48 0 2 6.678e+02 6.762e+02 78 0 3 6.046e+02 6.134e+02 82 0 4 6.671e+02 6.769e+02 90 0 2 6.291e+02 6.309e+02 16 0 4 6.258e+02 6.342e+02 77 0 2 6.235e+02 6.365e+02 120 0 1 5.898e+02 6.282e+02 357 0 4 6.135e+02 6.465e+02 306 2 3 4.409e+02 4.411e+02 2 2 2 1.240e+02 1.280e+02 36 2 3 1.884e+02 1.896e+02 10 2 4 5.040e+02 5.040e+02 -14 2 2 2.071e+02 2.129e+02 54 2 2 5.460e+02 5.460e+02 -2 2 2 3.341e+02 3.379e+02 35 2 4 4.037e+02 4.363e+02 302 2 1 1.595e+01 2.605e+01 94 2 2 4.539e+02 4.701e+02 150 2 4 1.255e+02 1.265e+02 10 2 1 5.594e+02 5.746e+02 140 2 1 1.410e+02 1.530e+02 111 2 4 5.716e+02 6.044e+02 304 2 1 2.223e+02 2.397e+02 161 2 2 4.020e+02 4.380e+02 335 2 3 2.638e+02 2.822e+02 170 2 4 5.283e+02 5.637e+02 329 2 3 1.949e+01 2.251e+01 28 2 3 5.522e+02 5.818e+02 275 2 2 7.783e+01 9.017e+01 115 2 3 1.440e+02 1.500e+02 56 2 2 4.009e+01 4.391e+01 36 2 4 7.128e+01 9.672e+01 236 2 4 1.587e+02 1.773e+02 172 2 3 5.333e+01 7.267e+01 180 2 3 8.774e+01 1.223e+02 320 2 1 1.780e+02 2.000e+02 205 2 2 3.107e+01 5.293e+01 203 2 1 4.507e+01 8.093e+01 333
4713 22 0 2 6.287e+02 6.313e+02 24 0 2 3.780e+02 3.780e+02 -14 0 2 6.720e+02 6.720e+02 -14 0 1 3.548e+02 3.592e+02 40 0 4 4.193e+02 4.207e+02 13 0 4 6.299e+02 6.301e+02 2 0 4 3.619e+02 3.941e+02 300 0 4 6.720e+02 6.720e+02 -2 0 3 4.381e+02 4.439e+02 54 0 1 5.934e+02 6.246e+02 290 0 1 6.443e+02 6.577e+02 125 0 3 4.291e+02 4.529e+02 220 0 3 5.936e+02 6.244e+02 286 0 3 6.346e+02 6.674e+02 305 0 3 3.896e+02 4.084e+02 176 0 4 4.037e+02 4.363e+02 303 2 3 9.838e+01 1.116e+02 123 2 4 4.200e+01 4.200e+01 -9 2 4 4.528e+02 4.712e+02 170 2 4 7.841e+01 8.959e+01 104 2 3 4.660e+01 7.940e+01 305 2 2 6.894e+01 9.906e+01 280
4714 1 0 4 2.784e+02 3.096e+02 290
4715 2 2 4 1.980e+02 2.220e+02 222 2 3 1.774e+02 2.006e+02 216
4716 10 2 2 2.515e+02 2.525e+02 9 2 4 2.515e+02 2.525e+02 10 2 1 2.538e+02 2.922e+02 356 3 3 1.864e+02 1.916e+02 49 3 3 1.429e+02 1.511e+02 76 3 2 1.633e+02 1.727e+02 88 3 4 1.641e+02 1.719e+02 72 3 1 1.843e+02 1.937e+02 87 3 2 1.934e+02 2.266e+02 309 3 4 1.921e+02 2.279e+02 333
4717 0
4718 14 0 3 5.225e+02 5.275e+02 46 0 1 6.394e+02 6.626e+02 215 0 4 4.963e+02 5.117e+02 144 0 2 5.281e+02 5.639e+02 332 0 2 6.580e+02 6.860e+02 260 0 4 6.579e+02 6.861e+02 261 1 1 5.631e+02 5.709e+02 73 1 4 6.196e+02 6.404e+02 193 1 1 5.542e+02 5.798e+02 238 1 2 6.114e+02 6.486e+02 346 2 3 2.712e+02 2.748e+02 34 2 1 3.924e+02 4.056e+02 122 2 4 3.044e+01 5.356e+01 215 2 1 4.263e+02 4.557e+02 273
4719 21 0 2 6.238e+02 6.362e+02 116 0 4 6.276e+02 6.324e+02 45 0 1 5.969e+02 6.211e+02 226 0 3 5.939e+02 6.241e+02 280 2 4 6.290e+02 6.310e+02 18 2 4 2.929e+02 2.951e+02 20 2 2 3.668e+01 4.732e+01 99 2 3 6.455e+02 6.565e+02 102 2 2 2.067e+02 2.133e+02 61 2 4 2.839e+02 3.041e+02 187 2 4 3.892e+01 4.508e+01 57 2 4 1.529e+02 1.831e+02 280 2 3 2.283e+02 2.337e+02 50 2 2 2.843e+02 3.037e+02 180 2 1 5.427e+01 7.173e+01 162 2 4 2.371e+02 2.669e+02 277 2 3 3.008e+02 3.292e+02 264 2 3 5.059e+01 7.541e+01 230 2 3 1.294e+01 2.906e+01 150 2 3 4.211e+01 8.389e+01 388 3 2 3.201e+01 5.199e+01 186
4720 0
4721 0
4722 9 2 2 3.470e+01 4.930e+01 136 2 4 3.861e+01 4.539e+01 63 2 2 7.769e+01 9.031e+01 117 2 4 2.928e+01 5.472e+01 236 2 4 7.518e+01 9.282e+01 164 2 3 4.794e+01 7.806e+01 280 2 3 9.492e+01 1.151e+02 187 2 1 6.525e+00 3.547e+01 269 2 3 5.627e+00 3.637e+01 286
4723 68 0 1 4.777e+02 4.883e+02 98 0 1 6.463e+02 6.557e+02 86 0 2 5.009e+02 5.071e+02 57 0 3 5.636e+02 5.704e+02 64 0 4 3.588e+02 3.972e+02 356 0 4 5.819e+02 5.941e+02 114 0 4 4.953e+02 5.127e+02 161 0 1 5.569e+02 5.771e+02 188 0 2 6.558e+02 6.882e+02 300 0 4 4.473e+02 4.767e+02 272 0 3 5.068e+02 5.432e+02 338 1 4 4.613e+02 4.627e+02 12 1 1 6.073e+02 6.107e+02 32 1 4 4.497e+02 4.743e+02 229 1 3 5.530e+02 5.810e+02 260 1 3 6.071e+02 6.109e+02 36 1 3 5.146e+02 5.354e+02 194 1 2 5.724e+02 6.036e+02 289 1 2 6.254e+02 6.346e+02 85 1 4 6.244e+02 6.356e+02 104 1 4 6.171e+02 6.429e+02 240 1 2 6.131e+02 6.469e+02 314 2 2 3.358e+02 3.362e+02 3 2 3 1.468e+02 1.472e+02 3 2 4 4.602e+02 4.638e+02 33 2 2 2.095e+02 2.105e+02 9 2 4 5.448e+02 5.472e+02 22 2 2 2.940e+02 2.940e+02 -2 2 3 6.056e+02 6.124e+02 63 2 3 6.284e+01 6.316e+01 3 2 4 6.702e+02 6.738e+02 33 2 4 1.213e+02 1.307e+02 86 2 2 1.636e+02 1.724e+02 82 2 4 4.174e+02 4.226e+02 49 2 4 2.082e+02 2.118e+02 33 2 1 4.808e+02 4.852e+02 41 2 4 2.928e+02 2.952e+02 23 2 3 5.654e+02 5.686e+02 29 2 2 3.707e+02 3.853e+02 135 2 1 4.338e+02 4.482e+02 134 2 1 1.505e+01 2.695e+01 110 2 4 5.040e+02 5.040e+02 -1 2 4 7.639e+01 9.161e+01 141 2 2 4.058e+02 4.342e+02 263 2 1 1.327e+02 1.613e+02 265 2 2 4.523e+02 4.717e+02 180 2 4 2.505e+02 2.535e+02 27 2 4 4.062e+02 4.338e+02 257 2 3 2.677e+02 2.783e+02 98 2 4 4.448e+02 4.792e+02 320 2 4 3.659e+02 3.901e+02 226 2 3 4.243e+02 4.577e+02 310 2 3 1.882e+01 2.318e+01 40 2 3 4.678e+02 4.982e+02 282 2 4 1.077e+02 1.443e+02 340 2 3 3.783e+02 4.197e+02 384 2 1 2.227e+02 2.393e+02 154 2 3 3.066e+02 3.234e+02 156 2 2 3.511e+01 4.889e+01 128 2 3 2.258e+02 2.362e+02 96 2 1 2.630e+02 2.830e+02 186 2 2 2.381e+02 2.659e+02 259 2 4 2.779e+02 3.101e+02 299 2 4 1.935e+02 2.265e+02 307 2 3 2.155e+02 2.465e+02 288 3 4 4.200e+01 4.200e+01 -12 3 4 1.221e+02 1.299e+02 73 3 4 8.384e+01 8.416e+01 3
4724 6 1 3 2.039e+01 2.161e+01 11 1 1 1.209e+01 2.991e+01 166 1 4 2.393e+01 6.007e+01 336 2 3 1.042e+02 1.058e+02 15 2 4 2.511e+02 2.529e+02 17 2 4 1.116e+02 1.404e+02 267
4725 77 0 1 1.853e+02 1.927e+02 69 0 2 5.444e+02 5.476e+02 30 0 1 1.433e+02 1.507e+02 68 0 3 6.077e+02 6.103e+02 25 0 4 2.089e+02 2.111e+02 21 0 2 6.715e+02 6.725e+02 9 0 2 2.908e+02 2.972e+02 59 0 2 4.992e+02 5.088e+02 89 0 2 3.229e+02 3.491e+02 244 0 3 5.621e+02 5.719e+02 90 0 2 1.598e+02 1.762e+02 152 0 2 6.284e+02 6.316e+02 30 0 1 2.644e+02 2.816e+02 159 0 4 6.704e+02 6.736e+02 30 0 1 3.455e+02 3.685e+02 214 0 1 4.743e+02 4.917e+02 162 0 3 1.789e+02 1.991e+02 187 0 1 5.220e+02 5.280e+02 56 0 2 1.918e+02 2.282e+02 337 0 4 5.856e+02 5.904e+02 44 0 4 3.573e+02 3.987e+02 384 0 1 6.496e+02 6.524e+02 26 0 1 1.754e+02 2.026e+02 252 0 3 4.731e+02 4.929e+02 183 0 1 5.564e+02 5.776e+02 196 0 1 5.991e+02 6.189e+02 183 0 4 4.895e+02 5.185e+02 270 0 3 5.539e+02 5.801e+02 243 0 4 6.232e+02 6.368e+02 126 0 2 4.447e+02 4.793e+02 322 0 3 5.157e+02 5.343e+02 173 0 3 5.915e+02 6.265e+02 325 0 2 5.328e+02 5.592e+02 246 0 2 6.119e+02 6.481e+02 336 0 4 6.108e+02 6.492e+02 356 0 1 5.899e+02 6.281e+02 356 1 3 6.081e+02 6.099e+02 17 1 2 3.775e+02 3.785e+02 10 1 3 5.234e+02 5.266e+02 30 1 4 5.431e+02 5.489e+02 55 1 4 6.282e+02 6.318e+02 34 1 2 4.942e+02 5.138e+02 181 1 1 5.614e+02 5.726e+02 105 1 1 6.044e+02 6.136e+02 86 1 3 5.108e+02 5.392e+02 264 1 2 5.774e+02 5.986e+02 196 1 2 6.242e+02 6.358e+02 107 1 1 5.066e+02 5.434e+02 341 1 4 5.803e+02 5.957e+02 144 2 4 6.284e+02 6.316e+02 30 2 4 2.494e+02 2.546e+02 48 2 1 1.990e+01 2.210e+01 20 2 4 5.026e+02 5.054e+02 26 2 4 2.066e+02 2.134e+02 63 2 1 5.222e+02 5.278e+02 52 2 4 2.926e+02 2.954e+02 26 2 2 3.714e+02 3.846e+02 122 2 3 5.186e+02 5.314e+02 118 2 3 1.958e+01 2.242e+01 26 2 3 6.435e+02 6.585e+02 139 2 3 2.165e+02 2.455e+02 270 2 1 2.675e+02 2.785e+02 103 2 1 3.842e+02 4.138e+02 276 2 4 3.717e+02 3.843e+02 117 2 2 4.889e+02 5.191e+02 280 2 2 2.712e+01 5.688e+01 276 2 2 5.396e+02 5.524e+02 118 2 2 2.362e+02 2.678e+02 294 2 2 6.628e+02 6.812e+02 171 2 3 2.615e+02 2.845e+02 214 2 2 1.943e+02 2.257e+02 291 2 3 3.800e+02 4.180e+02 353 3 4 4.121e+01 4.279e+01 15 3 3 5.772e+01 6.828e+01 98 3 1 4.640e+02 5.020e+02 353 3 2 6.948e+01 9.852e+01 270 3 1 4.516e+01 8.084e+01 331
4726 0
4728 34 0 2 6.276e+02 6.324e+02 45 0 2 6.695e+02 6.745e+02 47 0 4 6.258e+02 6.342e+02 79 0 4 6.699e+02 6.741e+02 39 0 4 4.048e+02 4.352e+02 283 0 3 6.427e+02 6.593e+02 155 0 2 6.602e+02 6.838e+02 219 0 1 6.325e+02 6.695e+02 344 0 4 6.549e+02 6.891e+02 318 1 1 4.378e+02 4.442e+02 60 1 4 5.782e+02 5.978e+02 181 2 1 2.088e+01 2.112e+01 2 2 2 8.343e+01 8.457e+01 10 2 4 2.905e+02 2.975e+02 65 2 4 3.746e+02 3.814e+02 63 2 3 4.300e+02 4.520e+02 205 2 2 4.184e+01 4.216e+01 3 2 4 8.249e+01 8.551e+01 28 2 4 1.559e+02 1.801e+02 226 2 4 2.407e+02 2.633e+02 210 2 1 3.144e+02 3.156e+02 11 2 3 3.511e+02 3.629e+02 110 2 4 3.829e+01 4.571e+01 69 2 1 1.004e+02 1.096e+02 85 2 3 2.115e+02 2.505e+02 361 2 1 2.709e+02 2.751e+02 40 2 2 3.198e+02 3.522e+02 300 2 3 6.198e+01 6.402e+01 19 2 3 9.290e+01 1.171e+02 225 2 2 2.333e+02 2.707e+02 348 2 2 2.842e+02 3.038e+02 182 2 4 3.213e+02 3.507e+02 273 2 3 5.671e+00 3.633e+01 285 2 3 2.561e+02 2.899e+02 315
4730 5 0 2 2.940e+02 2.940e+02 -7 0 1 2.730e+02 2.730e+02 -2 0 4 3.211e+02 3.509e+02 276 0 4 4.062e+02 4.338e+02 256 1 1 1.550e+01 2.650e+01 102
4731 16 0 4 3.758e+02 3.802e+02 40 0 2 3.706e+02 3.854e+02 138 0 1 3.422e+02 3.718e+02 275 2 1 2.692e+02 2.768e+02 70 2 2 6.713e+02 6.727e+02 13 2 3 1.657e+01 2.543e+01 82 2 3 3.979e+02 4.001e+02 20 2 4 3.698e+02 3.862e+02 153 2 2 5.009e+02 5.071e+02 58 2 3 5.090e+01 7.510e+01 225 2 4 6.232e+02 6.368e+02 127 2 3 5.583e+00 3.642e+01 286 2 3 6.494e+02 6.526e+02 29 2 4 2.740e+02 3.140e+02 372 2 2 4.110e+02 4.290e+02 168 2 1 4.247e+02 4.573e+02 303
4732 0
4733 17 0 1 2.310e+02 2.310e+02 -14 0 4 6.682e+02 6.758e+02 70 0 2 6.222e+02 6.378e+02 146 0 4 2.387e+02 2.653e+02 247 0 1 6.492e+02 6.528e+02 34 0 3 2.591e+02 2.869e+02 259 0 1 3.937e+02 4.043e+02 99 0 4 6.205e+02 6.395e+02 176 0 2 6.650e+02 6.790e+02 130 0 3 3.837e+02 4.143e+02 285 0 1 6.409e+02 6.611e+02 187 1 2 6.226e+02 6.374e+02 137 2 3 3.147e+02 3.153e+02 6 2 1 3.083e+02 3.217e+02 125 2 2 3.246e+02 3.474e+02 212 2 4 1.187e+02 1.333e+02 135 2 4 2.828e+02 3.052e+02 208
4734 9 0 2 3.766e+02 3.794e+02 26 0 2 6.713e+02 6.727e+02 12 0 3 3.944e+02 4.036e+02 86 0 4 6.150e+02 6.450e+02 279 0 4 6.698e+02 6.742e+02 41 0 4 4.111e+02 4.289e+02 165 0 1 6.475e+02 6.545e+02 66 0 3 4.260e+02 4.560e+02 279 2 4 1.667e+02 1.693e+02 24
4735 23 0 4 1.624e+02 1.736e+02 104 0 2 2.502e+02 2.538e+02 34 0 1 2.730e+02 2.730e+02 -16 0 4 1.483e+02 1.877e+02 366 0 2 2.928e+02 2.952e+02 23 0 2 4.978e+02 5.102e+02 116 0 4 2.789e+02 3.091e+02 280 0 1 2.986e+02 3.314e+02 304 0 3 6.443e+02 6.577e+02 124 0 4 6.300e+02 6.300e+02 -1 0 4 5.859e+02 5.901e+02 40 0 3 6.090e+02 6.090e+02 -2 2 4 1.660e+02 1.700e+02 38 2 2 2.505e+02 2.535e+02 28 2 3 2.719e+02 2.741e+02 20 2 1 1.339e+01 2.861e+01 141 2 2 1.644e+02 1.716e+02 67 2 4 2.469e+02 2.571e+02 96 2 3 2.655e+02 2.805e+02 140 2 3 2.263e+02 2.357e+02 87 2 3 3.039e+02 3.261e+02 206 2 2 2.318e+02 2.722e+02 375 2 4 2.347e+02 2.693e+02 321
4736 2 0 1 6.510e+02 6.510e+02 -0 0 3 6.497e+02 6.523e+02 25
4737 3 0 4 6.827e+01 9.973e+01 292 1 2 6.120e+02 6.480e+02 335 2 4 4.184e+01 4.216e+01 3
4738 73 0 1 5.655e+02 5.685e+02 27 0 1 6.499e+02 6.521e+02 20 0 1 1.838e+02 1.942e+02 97 0 4 5.844e+02 5.916e+02 66 0 3 1.807e+02 1.973e+02 155 0 3 6.498e+02 6.522e+02 23 0 4 1.981e+02 2.219e+02 220 0 1 4.703e+02 4.957e+02 236 0 2 1.528e+02 1.832e+02 282 0 1 5.497e+02 5.843e+02 321 0 2 6.577e+02 6.863e+02 266 0 2 4.869e+02 5.211e+02 318 0 3 5.538e+02 5.802e+02 245 0 3 5.864e+02 6.316e+02 420 0 4 4.886e+02 5.194e+02 286 0 1 5.094e+02 5.406e+02 289 0 4 5.636e+02 6.124e+02 454 0 2 5.231e+02 5.689e+02 425 0 1 5.829e+02 6.351e+02 486 0 3 5.018e+02 5.482e+02 431 1 3 5.563e+02 5.777e+02 199 1 2 6.163e+02 6.437e+02 254 2 3 1.873e+01 2.327e+01 42 2 1 3.984e+02 3.996e+02 10 2 3 1.465e+02 1.475e+02 10 2 2 5.878e+02 5.882e+02 4 2 1 2.290e+02 2.330e+02 37 2 1 6.472e+02 6.548e+02 71 2 3 2.723e+02 2.737e+02 14 2 3 3.982e+02 3.998e+02 16 2 2 3.754e+02 3.806e+02 48 2 3 5.637e+02 5.703e+02 60 2 4 4.139e+01 4.261e+01 11 2 3 6.045e+02 6.135e+02 83 2 2 1.244e+02 1.276e+02 29 2 2 4.010e+02 4.390e+02 352 2 2 1.678e+02 1.682e+02 4 2 4 5.326e+02 5.594e+02 250 2 2 2.487e+02 2.553e+02 62 2 2 6.273e+02 6.327e+02 50 2 4 2.913e+02 2.967e+02 50 2 1 6.017e+02 6.163e+02 136 2 2 3.316e+02 3.404e+02 82 2 2 6.106e+02 6.494e+02 360 2 3 6.136e+01 6.464e+01 30 2 4 6.118e+02 6.482e+02 337 2 4 8.034e+01 8.766e+01 68 2 4 5.673e+02 6.087e+02 384 2 4 1.671e+02 1.689e+02 16 2 2 2.033e+02 2.167e+02 125 2 3 3.107e+02 3.193e+02 80 2 4 3.322e+02 3.398e+02 70 2 1 1.613e+01 2.587e+01 90 2 3 9.277e+01 1.172e+02 227 2 3 1.878e+02 1.902e+02 22 2 4 2.038e+02 2.162e+02 116 2 1 2.695e+02 2.765e+02 65 2 1 3.485e+02 3.655e+02 158 2 2 3.053e+01 5.347e+01 213 2 4 1.550e+02 1.810e+02 242 2 3 2.190e+02 2.430e+02 223 2 4 2.781e+02 3.099e+02 295 2 1 3.399e+02 3.741e+02 317 2 1 4.924e+01 7.676e+01 256 2 1 1.302e+02 1.638e+02 311 2 4 2.389e+02 2.651e+02 244 2 3 3.399e+02 3.741e+02 317 2 3 4.754e+01 7.846e+01 287 2 3 1.310e+02 1.630e+02 298 2 1 2.128e+02 2.492e+02 338 2 4 2.703e+01 5.697e+01 278 2 2 1.494e+02 1.866e+02 345 3 3 3.540e+02 3.600e+02 56
4739 2 1 3 4.380e+02 4.440e+02 56 1 1 5.066e+02 5.434e+02 341
4740 5 2 4 4.617e+02 4.623e+02 6 2 2 1.656e+02 1.704e+02 46 2 4 1.620e+02 1.740e+02 111 2 1 1.780e+02 2.000e+02 204 2 3 1.287e+02 1.653e+02 340
