24659 12 0 2 6.664e+02 6.776e+02 105 0 4 4.880e+02 5.200e+02 297 0 4 6.640e+02 6.800e+02 148 2 3 5.947e+01 6.653e+01 66 2 2 7.347e+01 9.453e+01 196 2 4 4.155e+02 4.245e+02 84 2 4 2.313e+01 6.087e+01 350 2 1 4.736e+01 7.864e+01 290 3 2 8.258e+01 8.542e+01 26 3 3 5.777e+01 6.823e+01 97 3 1 9.398e+01 1.160e+02 205 3 4 2.851e+01 5.549e+01 250
24661 18 0 4 6.275e+02 6.325e+02 46 0 4 5.811e+02 5.949e+02 128 0 3 6.468e+02 6.552e+02 77 0 4 6.098e+02 6.502e+02 376 0 4 6.634e+02 6.806e+02 159 0 1 3.379e+02 3.761e+02 355 0 2 6.552e+02 6.888e+02 312 0 4 6.514e+02 6.926e+02 382 2 4 3.774e+02 3.786e+02 11 2 1 3.987e+02 3.993e+02 6 2 3 1.044e+02 1.056e+02 11 2 4 5.408e+02 5.512e+02 96 2 3 5.328e+01 7.272e+01 180 2 3 3.867e+02 4.113e+02 229 2 4 7.899e+01 8.901e+01 93 2 2 4.107e+02 4.293e+02 172 2 2 2.703e+01 5.697e+01 278 2 2 3.610e+02 3.950e+02 316
24663 0
24666 5 0 2 1.952e+02 2.248e+02 275 0 3 5.048e+02 5.452e+02 376 1 2 6.180e+02 6.420e+02 222 1 4 6.144e+02 6.456e+02 290 2 4 3.856e+01 4.544e+01 64
24668 6 0 3 6.072e+02 6.108e+02 33 0 1 6.020e+02 6.160e+02 130 0 4 6.141e+02 6.459e+02 296 0 2 6.108e+02 6.492e+02 356 3 3 6.319e+02 6.701e+02 354 3 3 5.916e+02 6.264e+02 323
24669 4 0 1 4.168e+02 4.652e+02 449 0 4 4.406e+02 4.834e+02 398 2 1 2.310e+02 2.310e+02 -2 2 2 2.748e+01 5.652e+01 270
24670 26 1 2 2.486e+02 2.554e+02 64 1 4 5.699e+02 6.061e+02 336 2 2 4.197e+02 4.203e+02 6 2 2 2.511e+02 2.529e+02 17 2 3 4.822e+02 4.838e+02 16 2 4 4.000e+01 4.400e+01 37 2 1 6.484e+02 6.536e+02 48 2 4 2.465e+02 2.575e+02 103 2 2 4.604e+02 4.636e+02 29 2 3 2.684e+02 2.776e+02 86 2 4 5.852e+02 5.908e+02 51 2 1 6.145e+01 6.455e+01 29 2 3 2.207e+02 2.413e+02 191 2 4 4.549e+02 4.691e+02 131 2 2 2.832e+02 3.048e+02 200 2 1 6.400e+02 6.620e+02 204 2 1 1.981e+01 2.219e+01 22 2 2 4.928e+02 5.152e+02 207 2 4 2.346e+02 2.694e+02 323 2 4 2.879e+02 3.001e+02 114 2 3 4.839e+01 7.761e+01 271 2 1 3.037e+02 3.263e+02 210 2 2 2.986e+01 5.414e+01 226 2 3 3.067e+02 3.233e+02 154 2 1 2.592e+02 2.868e+02 256 3 1 8.232e+00 3.377e+01 237
24673 6 0 3 5.592e+02 5.748e+02 146 0 3 6.370e+02 6.650e+02 260 0 1 5.165e+02 5.335e+02 157 0 3 5.135e+02 5.365e+02 213 1 4 6.300e+02 6.300e+02 -0 2 1 4.602e+02 5.058e+02 424
24676 12 0 2 6.720e+02 6.720e+02 -9 0 1 5.175e+02 5.325e+02 139 0 3 6.456e+02 6.564e+02 100 0 2 5.362e+02 5.558e+02 181 0 2 6.165e+02 6.435e+02 251 0 4 6.682e+02 6.758e+02 70 0 3 5.123e+02 5.377e+02 236 0 4 6.144e+02 6.456e+02 289 0 1 6.367e+02 6.653e+02 266 0 2 6.551e+02 6.889e+02 313 1 2 2.014e+02 2.186e+02 160 1 1 1.657e+02 2.123e+02 433
24677 14 0 2 6.270e+02 6.330e+02 56 0 4 6.701e+02 6.739e+02 35 0 4 4.543e+02 4.697e+02 144 0 4 6.293e+02 6.307e+02 14 0 1 6.447e+02 6.573e+02 116 0 4 4.882e+02 5.198e+02 294 0 1 5.936e+02 6.244e+02 286 0 3 6.425e+02 6.595e+02 157 0 3 5.930e+02 6.250e+02 296 0 2 6.605e+02 6.835e+02 213 0 2 6.124e+02 6.476e+02 327 0 4 6.581e+02 6.859e+02 258 2 3 1.470e+02 1.470e+02 -10 2 4 1.193e+02 1.327e+02 124
24678 0
24679 1 2 1 6.393e+02 6.627e+02 217
24680 30 0 2 6.284e+02 6.316e+02 30 0 2 5.040e+02 5.040e+02 -7 0 4 6.299e+02 6.301e+02 2 0 2 6.720e+02 6.720e+02 -20 0 1 4.708e+02 4.952e+02 226 0 3 5.122e+02 5.378e+02 237 0 1 6.082e+02 6.098e+02 15 0 3 6.047e+02 6.133e+02 80 0 1 6.441e+02 6.579e+02 129 0 1 5.943e+02 6.237e+02 273 0 1 6.328e+02 6.692e+02 339 0 2 6.163e+02 6.437e+02 254 1 3 6.053e+02 6.127e+02 69 1 2 5.818e+02 5.942e+02 115 1 2 6.219e+02 6.381e+02 151 1 4 6.209e+02 6.391e+02 170 1 1 5.966e+02 6.214e+02 230 2 3 3.990e+02 3.990e+02 -16 2 2 1.260e+02 1.260e+02 -1 2 4 4.589e+02 4.651e+02 57 2 1 6.248e+01 6.352e+01 10 2 2 4.112e+02 4.288e+02 163 2 4 8.400e+01 8.400e+01 -20 2 1 3.837e+02 4.143e+02 284 2 4 3.662e+02 3.898e+02 219 2 3 1.002e+02 1.098e+02 90 2 1 1.350e+02 1.590e+02 222 2 4 2.461e+01 5.939e+01 323 2 4 1.199e+02 1.321e+02 114 2 2 6.760e+01 1.004e+02 305
24681 17 0 2 6.658e+02 6.782e+02 116 0 4 5.752e+02 6.008e+02 237 0 4 6.640e+02 6.800e+02 148 0 1 5.978e+02 6.202e+02 207 0 1 6.310e+02 6.710e+02 370 0 3 6.007e+02 6.173e+02 155 0 2 6.567e+02 6.873e+02 284 0 4 6.556e+02 6.884e+02 304 2 3 1.958e+01 2.242e+01 26 2 2 4.040e+01 4.360e+01 30 2 4 1.206e+02 1.314e+02 100 2 3 1.405e+02 1.535e+02 120 2 2 2.999e+01 5.401e+01 223 2 1 8.498e+00 3.350e+01 232 2 4 1.059e+02 1.461e+02 374 2 1 1.286e+02 1.654e+02 341 2 3 1.253e+02 1.687e+02 402
24684 8 0 3 6.088e+02 6.092e+02 4 0 2 6.696e+02 6.744e+02 44 0 4 6.589e+02 6.851e+02 244 0 4 5.729e+02 6.031e+02 281 0 1 6.335e+02 6.685e+02 326 2 4 1.674e+02 1.686e+02 11 3 2 3.780e+02 3.780e+02 -0 3 1 4.321e+02 4.499e+02 165
24685 0
24687 13 0 2 6.274e+02 6.326e+02 48 0 1 6.486e+02 6.534e+02 45 0 2 2.609e+01 5.791e+01 296 0 2 4.620e+02 4.620e+02 -8 0 3 6.472e+02 6.548e+02 70 0 4 6.136e+02 6.464e+02 304 1 4 5.876e+02 5.884e+02 7 1 3 9.156e+01 1.184e+02 250 1 1 6.073e+02 6.107e+02 31 1 4 5.421e+02 5.499e+02 72 1 3 6.089e+02 6.091e+02 2 1 2 5.693e+02 6.067e+02 348 1 2 6.293e+02 6.307e+02 14
24689 3 0 2 4.613e+02 4.627e+02 13 0 4 4.620e+02 4.620e+02 -9 0 3 4.710e+02 4.950e+02 223
24690 7 0 1 4.689e+02 4.971e+02 261 1 3 2.528e+02 2.932e+02 376 1 4 2.745e+02 3.135e+02 362 2 3 3.140e+02 3.160e+02 19 2 4 2.914e+02 2.966e+02 48 2 4 5.008e+02 5.072e+02 60 2 1 2.619e+02 2.841e+02 206
24691 2 1 3 4.825e+02 4.835e+02 9 2 3 2.299e+02 2.321e+02 20
24693 4 0 3 5.879e+02 6.301e+02 392 0 1 6.280e+02 6.740e+02 426 0 1 5.845e+02 6.335e+02 456 0 3 6.282e+02 6.738e+02 423
24694 7 0 4 2.921e+02 2.959e+02 35 0 1 6.281e+02 6.739e+02 425 0 3 6.259e+02 6.761e+02 466 1 2 6.088e+02 6.512e+02 393 2 3 1.049e+02 1.051e+02 1 2 4 6.993e+01 9.807e+01 261 2 2 1.090e+02 1.430e+02 316
24697 0
24699 2 2 1 1.236e+01 2.964e+01 160 2 3 1.187e+01 3.013e+01 170
24702 2 0 4 6.253e+02 6.347e+02 88 2 4 2.496e+02 2.544e+02 46
24704 16 0 2 6.212e+02 6.388e+02 163 0 4 6.238e+02 6.362e+02 116 0 1 5.874e+02 6.306e+02 400 0 2 6.549e+02 6.891e+02 317 0 3 5.843e+02 6.337e+02 458 0 4 6.532e+02 6.908e+02 349 2 3 6.062e+02 6.118e+02 51 2 2 3.313e+02 3.407e+02 87 2 1 6.402e+02 6.618e+02 200 2 1 1.384e+01 2.816e+01 133 2 2 6.248e+02 6.352e+02 96 2 4 3.214e+02 3.506e+02 270 2 3 7.377e+00 3.462e+01 253 2 4 1.158e+02 1.362e+02 190 2 3 1.318e+02 1.622e+02 283 2 3 7.949e+01 1.305e+02 474
24706 0
