11161 43 0 3 6.068e+02 6.112e+02 40 0 4 5.027e+02 5.053e+02 24 0 4 5.771e+02 5.989e+02 202 0 4 6.596e+02 6.844e+02 230 2 3 1.855e+01 2.345e+01 46 2 3 4.410e+02 4.410e+02 0 2 1 1.435e+02 1.505e+02 65 2 2 4.595e+02 4.645e+02 46 2 4 2.077e+02 2.123e+02 42 2 1 5.249e+02 5.251e+02 2 2 3 2.706e+02 2.754e+02 45 2 4 5.832e+02 5.928e+02 90 2 2 3.323e+02 3.397e+02 70 2 1 4.800e+02 4.860e+02 56 2 2 4.063e+01 4.337e+01 26 2 2 5.440e+02 5.480e+02 38 2 2 1.227e+02 1.293e+02 60 2 3 6.004e+02 6.176e+02 160 2 3 1.437e+02 1.503e+02 62 2 4 4.084e+02 4.316e+02 216 2 3 2.238e+02 2.382e+02 134 2 2 4.529e+02 4.711e+02 169 2 4 2.904e+02 2.976e+02 67 2 3 5.145e+02 5.355e+02 195 2 4 3.288e+02 3.432e+02 134 2 4 3.659e+01 4.741e+01 100 2 1 4.219e+02 4.601e+02 356 2 4 1.224e+02 1.296e+02 67 2 1 4.648e+02 5.012e+02 338 2 4 1.546e+02 1.814e+02 248 2 4 5.371e+02 5.549e+02 166 2 1 2.220e+02 2.400e+02 167 2 2 2.803e+02 3.077e+02 255 2 4 3.166e+02 3.554e+02 360 2 3 5.512e+01 7.088e+01 146 2 2 1.498e+02 1.862e+02 337 2 4 2.364e+02 2.676e+02 290 2 3 2.546e+02 2.914e+02 341 2 1 1.541e+01 2.659e+01 104 2 3 1.699e+02 2.081e+02 356 2 3 2.959e+02 3.341e+02 356 2 3 6.347e+00 3.565e+01 272 3 2 6.486e+01 1.031e+02 356
11162 10 0 3 6.065e+02 6.115e+02 47 0 4 6.156e+02 6.444e+02 268 0 1 5.514e+02 5.826e+02 289 0 1 5.885e+02 6.295e+02 380 3 4 4.200e+02 4.200e+02 -9 3 3 3.888e+02 4.092e+02 189 3 4 4.572e+02 4.668e+02 90 3 3 4.698e+02 4.962e+02 246 3 2 4.165e+02 4.235e+02 66 3 1 4.295e+02 4.525e+02 213
11164 12 0 4 6.297e+02 6.303e+02 6 0 1 6.039e+02 6.141e+02 95 0 2 6.232e+02 6.368e+02 126 0 2 6.568e+02 6.872e+02 283 0 3 5.939e+02 6.241e+02 281 0 4 6.559e+02 6.881e+02 300 0 1 6.323e+02 6.697e+02 348 0 2 6.469e+02 6.971e+02 466 2 1 1.402e+01 2.798e+01 130 2 3 9.083e+00 3.292e+01 221 2 3 4.543e+01 8.057e+01 326 2 1 3.645e+01 8.955e+01 493
11165 0
11166 0
11167 3 1 1 2.575e+02 2.885e+02 288 2 3 6.429e+02 6.591e+02 150 3 4 3.772e+02 3.788e+02 15
11169 0
11171 0
11172 19 0 1 5.650e+02 5.690e+02 38 0 3 5.999e+02 6.181e+02 170 0 3 5.614e+02 5.726e+02 104 0 1 5.943e+02 6.237e+02 273 0 4 5.710e+02 6.050e+02 316 2 3 3.531e+02 3.609e+02 73 2 1 3.458e+02 3.682e+02 208 2 2 3.235e+02 3.485e+02 231 2 4 3.187e+02 3.533e+02 322 3 3 4.810e+02 4.850e+02 36 3 2 3.720e+02 3.840e+02 112 3 4 4.514e+02 4.726e+02 196 3 4 3.706e+02 3.854e+02 138 3 2 4.141e+02 4.259e+02 110 3 1 3.850e+02 4.130e+02 260 3 4 4.080e+02 4.320e+02 223 3 3 3.874e+02 4.106e+02 215 3 1 4.293e+02 4.527e+02 218 3 4 3.610e+02 3.950e+02 316
11173 11 0 2 6.252e+02 6.348e+02 89 0 4 6.217e+02 6.383e+02 154 0 3 6.370e+02 6.650e+02 260 0 1 6.335e+02 6.685e+02 326 2 2 3.551e+01 4.849e+01 120 2 2 2.053e+02 2.147e+02 86 2 3 6.926e+00 3.507e+01 261 2 1 2.232e+02 2.388e+02 145 2 4 2.717e+01 5.683e+01 276 2 3 1.708e+02 2.072e+02 339 2 4 2.019e+02 2.181e+02 150
11174 1 1 4 6.242e+02 6.358e+02 107
11175 5 2 3 6.253e+01 6.347e+01 9 2 1 5.463e+01 7.137e+01 156 2 2 6.643e+02 6.797e+02 143 2 2 7.002e+01 9.798e+01 260 2 4 2.228e+01 6.172e+01 366
11177 3 0 2 3.360e+02 3.360e+02 0 3 2 6.617e+02 6.823e+02 190 3 4 6.666e+02 6.774e+02 100
11178 13 0 4 5.820e+02 5.940e+02 111 0 2 6.643e+02 6.797e+02 142 0 3 5.912e+02 6.268e+02 330 0 4 6.659e+02 6.781e+02 113 0 1 6.394e+02 6.626e+02 216 2 1 1.457e+02 1.483e+02 25 2 4 2.913e+02 2.967e+02 50 2 2 1.655e+02 1.705e+02 46 2 3 3.108e+02 3.192e+02 78 2 2 3.213e+02 3.507e+02 273 2 3 1.795e+02 1.985e+02 177 2 1 3.017e+02 3.283e+02 246 2 4 1.490e+02 1.870e+02 353
11179 3 2 3 2.100e+01 2.100e+01 -10 2 1 1.671e+01 2.529e+01 80 2 2 2.456e+01 5.944e+01 324
11180 71 0 4 6.717e+02 6.723e+02 5 0 2 1.236e+02 1.284e+02 45 0 4 4.587e+02 4.653e+02 62 0 1 3.545e+02 3.595e+02 46 0 1 5.207e+02 5.293e+02 80 0 1 1.347e+02 1.593e+02 229 0 1 6.030e+02 6.150e+02 110 0 2 3.698e+02 3.862e+02 153 0 1 6.452e+02 6.568e+02 107 0 4 1.531e+02 1.829e+02 276 0 3 5.188e+02 5.312e+02 116 0 4 3.655e+02 3.905e+02 233 0 2 6.153e+02 6.447e+02 274 0 3 6.487e+02 6.533e+02 43 0 3 3.799e+02 4.181e+02 354 0 2 4.859e+02 5.221e+02 336 0 2 5.370e+02 5.550e+02 168 0 2 6.707e+02 6.733e+02 24 0 3 5.555e+02 5.785e+02 214 0 3 6.373e+02 6.647e+02 254 0 1 5.109e+02 5.391e+02 261 0 1 5.544e+02 5.796e+02 235 0 3 5.500e+02 5.840e+02 316 1 2 6.295e+02 6.305e+02 10 1 4 6.281e+02 6.319e+02 35 1 4 5.339e+02 5.581e+02 225 1 1 6.049e+02 6.131e+02 76 1 2 5.742e+02 6.018e+02 256 1 3 6.056e+02 6.124e+02 63 1 1 5.950e+02 6.230e+02 260 1 3 5.893e+02 6.287e+02 366 2 2 3.777e+02 3.783e+02 6 2 1 3.990e+02 3.990e+02 -1 2 3 1.909e+01 2.291e+01 36 2 3 9.811e+01 1.119e+02 128 2 4 4.180e+02 4.220e+02 37 2 1 1.439e+02 1.501e+02 57 2 4 2.094e+02 2.106e+02 11 2 2 3.331e+02 3.389e+02 54 2 3 4.317e+02 4.503e+02 173 2 2 3.964e+01 4.436e+01 44 2 2 4.438e+02 4.802e+02 337 2 4 7.760e+01 9.040e+01 119 2 1 4.257e+02 4.563e+02 285 2 3 1.461e+02 1.479e+02 16 2 1 2.246e+02 2.374e+02 118 2 3 3.034e+02 3.266e+02 216 2 4 3.338e+02 3.382e+02 41 2 2 2.784e+01 5.616e+01 263 2 2 1.115e+02 1.405e+02 270 2 4 1.677e+02 1.683e+02 6 2 3 2.298e+02 2.322e+02 21 2 4 2.757e+02 3.123e+02 340 2 1 3.553e+02 3.587e+02 32 2 1 6.657e+00 3.534e+01 266 2 4 1.151e+02 1.369e+02 202 2 1 1.873e+02 1.907e+02 32 2 2 2.466e+02 2.574e+02 100 2 3 3.559e+02 3.581e+02 20 2 2 6.535e+01 1.027e+02 346 2 3 1.832e+02 1.948e+02 107 2 2 2.357e+02 2.683e+02 303 2 4 3.200e+02 3.520e+02 298 2 2 1.558e+02 1.802e+02 227 2 1 1.302e+02 1.638e+02 312 3 3 1.871e+02 1.909e+02 36 3 3 1.837e+01 2.363e+01 49 3 1 2.304e+02 2.316e+02 10 3 3 7.195e+00 3.480e+01 256 3 2 1.989e+02 2.211e+02 206 3 2 2.295e+01 6.105e+01 354
11181 0
11182 1 2 4 1.246e+02 1.274e+02 26
11183 6 0 2 6.188e+02 6.412e+02 208 0 3 6.449e+02 6.571e+02 113 0 4 6.118e+02 6.482e+02 337 0 4 6.665e+02 6.775e+02 103 0 1 6.390e+02 6.630e+02 223 0 2 6.611e+02 6.829e+02 203
11184 0
11185 5 1 3 6.048e+02 6.132e+02 77 1 2 6.252e+02 6.348e+02 90 1 4 5.699e+02 6.061e+02 336 1 2 6.147e+02 6.453e+02 284 2 3 1.222e+01 2.978e+01 163
11186 4 0 2 6.140e+02 6.460e+02 297 0 4 6.164e+02 6.436e+02 253 0 1 5.915e+02 6.265e+02 326 3 2 3.647e+02 3.913e+02 246
11187 17 0 3 5.238e+02 5.262e+02 22 0 2 6.233e+02 6.367e+02 124 0 2 6.696e+02 6.744e+02 45 0 3 5.989e+02 6.191e+02 188 0 4 6.697e+02 6.743e+02 43 0 4 6.205e+02 6.395e+02 176 0 1 6.405e+02 6.615e+02 195 0 1 5.889e+02 6.291e+02 374 0 4 6.598e+02 6.842e+02 226 0 1 6.300e+02 6.720e+02 390 2 3 1.227e+01 2.973e+01 162 2 3 4.377e+02 4.443e+02 62 2 4 4.556e+02 4.684e+02 119 2 2 3.242e+01 5.158e+01 178 2 4 6.673e+02 6.767e+02 87 2 1 6.973e+00 3.503e+01 260 2 4 2.990e+01 5.410e+01 225
11188 6 2 1 1.577e+01 2.623e+01 97 2 2 1.260e+02 1.260e+02 -15 2 3 1.564e+01 2.636e+01 100 2 3 9.694e+01 1.131e+02 150 2 2 2.564e+01 5.836e+01 304 2 4 1.145e+02 1.375e+02 214
11189 15 0 4 6.720e+02 6.720e+02 -19 0 4 3.641e+02 3.919e+02 258 0 2 6.660e+02 6.780e+02 110 0 4 6.608e+02 6.832e+02 207 0 2 6.565e+02 6.875e+02 288 2 2 4.143e+01 4.257e+01 10 2 1 1.428e+02 1.512e+02 77 2 4 3.538e+01 4.862e+01 123 2 4 1.184e+02 1.336e+02 140 2 3 5.745e+01 6.855e+01 103 2 4 6.908e+01 9.892e+01 277 2 3 1.295e+02 1.645e+02 325 2 2 2.824e+01 5.576e+01 256 2 3 8.752e+01 1.225e+02 325 2 2 1.088e+02 1.432e+02 320
11190 2 2 3 3.490e+02 3.650e+02 149 3 2 4.468e+02 4.772e+02 282
11191 3 2 3 5.232e+02 5.268e+02 34 2 3 4.643e+02 5.017e+02 346 2 3 5.066e+02 5.434e+02 341
