31131 21 0 2 6.278e+02 6.322e+02 41 0 4 6.284e+02 6.316e+02 30 0 4 5.874e+02 5.886e+02 10 0 2 6.562e+02 6.878e+02 294 0 3 5.474e+02 5.866e+02 365 0 3 6.053e+02 6.127e+02 69 0 4 6.559e+02 6.881e+02 300 0 1 5.982e+02 6.198e+02 201 0 3 5.896e+02 6.284e+02 360 1 2 5.456e+02 5.464e+02 8 2 3 4.406e+02 4.414e+02 7 2 1 6.058e+02 6.122e+02 59 2 4 4.165e+02 4.235e+02 65 2 2 5.790e+02 5.970e+02 167 2 3 1.763e+02 2.017e+02 236 2 1 4.395e+02 4.425e+02 27 2 4 1.953e+02 2.247e+02 274 2 3 5.563e+02 5.777e+02 199 2 4 5.686e+02 6.074e+02 360 2 1 4.283e+02 4.537e+02 236 2 4 5.271e+02 5.649e+02 351
31133 0
31135 3 0 2 6.698e+02 6.742e+02 40 2 1 3.028e+02 3.272e+02 227 2 1 4.325e+00 3.768e+01 310
31139 0
31141 0
31146 9 2 1 3.558e+02 3.582e+02 23 2 2 3.352e+02 3.368e+02 15 2 3 2.975e+02 3.325e+02 325 2 4 3.337e+02 3.383e+02 42 3 2 2.510e+02 2.530e+02 19 3 4 2.520e+02 2.520e+02 -1 3 3 2.714e+02 2.746e+02 30 3 1 2.552e+02 2.908e+02 331 3 3 2.529e+02 2.931e+02 373
31148 16 0 3 6.031e+02 6.149e+02 110 0 2 6.166e+02 6.434e+02 249 0 4 6.172e+02 6.428e+02 237 0 1 5.961e+02 6.219e+02 239 0 3 5.940e+02 6.240e+02 278 1 3 5.658e+02 5.682e+02 22 1 4 3.780e+02 3.780e+02 -15 1 4 5.408e+02 5.512e+02 97 1 3 3.886e+02 4.094e+02 194 2 3 1.025e+02 1.075e+02 46 2 3 3.559e+02 3.581e+02 20 2 3 1.712e+01 2.488e+01 72 2 2 1.652e+02 1.708e+02 51 2 4 3.316e+02 3.404e+02 81 2 3 1.353e+02 1.587e+02 218 2 4 1.546e+02 1.814e+02 250
31149 16 0 1 5.670e+02 5.670e+02 -20 0 3 5.641e+02 5.699e+02 55 0 4 6.696e+02 6.744e+02 44 2 3 6.082e+01 6.518e+01 40 2 2 8.231e+01 8.569e+01 31 2 4 4.121e+02 4.279e+02 147 2 1 1.431e+02 1.509e+02 72 2 3 1.031e+02 1.069e+02 35 2 3 4.376e+02 4.444e+02 63 2 3 4.440e+01 8.160e+01 346 2 1 3.817e+02 4.163e+02 321 2 2 1.217e+02 1.303e+02 80 2 1 1.280e+02 1.660e+02 353 2 1 4.910e+00 3.709e+01 299 2 4 7.244e+01 9.556e+01 215 3 3 2.100e+01 2.100e+01 -4
31150 8 1 3 2.263e+02 2.357e+02 87 1 2 2.446e+02 2.594e+02 138 1 2 5.829e+02 5.931e+02 96 1 4 2.480e+02 2.560e+02 75 1 1 5.952e+02 6.228e+02 256 2 4 2.909e+02 2.971e+02 58 2 4 2.338e+02 2.702e+02 339 2 4 3.161e+02 3.559e+02 370
31151 1 3 1 1.496e+01 2.704e+01 112
31154 5 0 4 6.651e+02 6.789e+02 128 0 1 5.116e+02 5.384e+02 249 0 3 5.033e+02 5.467e+02 403 0 2 5.197e+02 5.723e+02 488 2 4 4.458e+02 4.782e+02 300
31155 8 0 4 6.718e+02 6.722e+02 3 1 3 6.070e+02 6.110e+02 36 1 3 6.016e+02 6.164e+02 137 1 4 6.187e+02 6.413e+02 210 2 3 1.854e+02 1.926e+02 66 2 4 1.539e+02 1.821e+02 262 2 4 5.730e+02 6.030e+02 278 2 3 5.944e+02 6.236e+02 271
31157 4 1 4 1.636e+02 1.724e+02 82 1 1 6.300e+01 6.300e+01 -0 1 1 1.400e+02 1.540e+02 130 1 2 1.582e+02 1.778e+02 182
31160 0
31162 1 2 1 2.588e+02 2.872e+02 264
31166 72 0 2 6.296e+02 6.304e+02 8 0 4 4.599e+02 4.641e+02 39 0 1 5.580e+02 5.760e+02 166 0 1 1.746e+02 2.034e+02 267 0 4 5.841e+02 5.919e+02 73 0 2 6.700e+02 6.740e+02 36 0 1 4.345e+02 4.475e+02 121 0 2 4.513e+02 4.727e+02 198 0 3 5.612e+02 5.728e+02 107 0 1 6.079e+02 6.101e+02 20 0 4 6.666e+02 6.774e+02 100 0 3 4.367e+02 4.453e+02 80 0 3 4.679e+02 4.981e+02 281 0 3 5.523e+02 5.817e+02 273 0 4 6.229e+02 6.371e+02 131 0 1 6.447e+02 6.573e+02 116 0 4 4.056e+02 4.344e+02 267 0 3 6.436e+02 6.584e+02 137 0 2 6.602e+02 6.838e+02 219 0 4 6.589e+02 6.851e+02 244 0 1 6.365e+02 6.655e+02 270 0 2 6.543e+02 6.897e+02 328 1 3 5.656e+02 5.684e+02 26 1 3 6.088e+02 6.092e+02 3 1 1 5.534e+02 5.806e+02 252 1 2 6.292e+02 6.308e+02 15 1 2 5.765e+02 5.995e+02 214 1 4 6.286e+02 6.314e+02 26 1 4 5.747e+02 6.013e+02 247 1 1 5.981e+02 6.199e+02 202 1 2 6.157e+02 6.443e+02 266 2 2 4.117e+01 4.283e+01 16 2 3 1.025e+02 1.075e+02 46 2 3 4.793e+02 4.867e+02 68 2 1 2.307e+02 2.313e+02 6 2 4 5.880e+02 5.880e+02 -4 2 3 3.083e+02 3.217e+02 124 2 1 3.554e+02 3.586e+02 30 2 4 4.557e+02 4.683e+02 116 2 4 4.099e+01 4.301e+01 19 2 3 5.208e+02 5.292e+02 77 2 2 7.603e+01 9.197e+01 148 2 1 6.085e+02 6.095e+02 10 2 4 1.565e+02 1.795e+02 213 2 2 4.965e+02 5.115e+02 139 2 3 2.307e+02 2.313e+02 6 2 3 5.132e+02 5.368e+02 220 2 2 2.851e+02 3.029e+02 166 2 3 5.969e+02 6.211e+02 226 2 2 3.706e+02 3.854e+02 137 2 3 5.144e+01 7.456e+01 215 2 4 4.907e+02 5.173e+02 246 2 4 8.038e+01 8.762e+01 67 2 2 5.777e+02 5.983e+02 192 2 2 2.483e+02 2.557e+02 68 2 4 2.872e+02 3.008e+02 126 2 2 3.248e+02 3.472e+02 207 2 3 8.410e+00 3.359e+01 234 2 2 1.191e+02 1.329e+02 128 2 4 2.070e+02 2.130e+02 56 2 1 2.562e+02 2.898e+02 312 2 1 3.437e+02 3.703e+02 247 2 1 4.597e+01 8.003e+01 316 2 2 2.375e+02 2.665e+02 269 2 3 2.596e+02 2.864e+02 248 2 3 4.556e+01 8.044e+01 324 2 4 1.919e+02 2.281e+02 336 2 1 2.164e+02 2.456e+02 271 2 2 1.903e+02 2.297e+02 366 3 4 4.036e+01 4.364e+01 30 3 3 6.046e+01 6.554e+01 47 3 2 2.277e+01 6.123e+01 357
31170 18 0 4 5.025e+02 5.055e+02 28 0 2 6.230e+02 6.370e+02 130 0 2 6.671e+02 6.769e+02 91 0 1 4.759e+02 4.901e+02 132 0 4 6.206e+02 6.394e+02 175 0 4 6.658e+02 6.782e+02 116 0 2 4.960e+02 5.120e+02 148 0 4 5.819e+02 5.941e+02 114 0 1 6.459e+02 6.561e+02 96 0 3 4.640e+02 5.020e+02 353 0 3 6.413e+02 6.607e+02 180 1 1 5.921e+02 6.259e+02 314 2 1 4.718e+02 4.942e+02 208 2 4 3.667e+02 3.893e+02 210 2 3 4.770e+02 4.890e+02 112 2 1 4.281e+00 3.772e+01 310 2 2 4.919e+02 5.161e+02 225 2 4 4.441e+02 4.799e+02 333
31175 0
31176 7 1 3 4.810e+02 4.850e+02 36 2 2 4.148e+01 4.252e+01 10 2 4 4.166e+02 4.234e+02 64 2 4 3.524e+01 4.876e+01 126 2 3 4.371e+02 4.449e+02 73 2 3 3.338e+00 3.866e+01 328 2 1 4.668e+01 7.932e+01 303
31177 6 0 4 6.698e+02 6.742e+02 41 0 2 5.003e+02 5.077e+02 69 0 2 6.667e+02 6.773e+02 99 0 3 5.132e+02 5.368e+02 220 0 1 6.366e+02 6.654e+02 267 0 1 5.061e+02 5.439e+02 350
31187 9 0 2 5.440e+02 5.480e+02 37 0 3 5.621e+02 5.719e+02 91 0 1 5.126e+02 5.374e+02 230 1 4 5.645e+02 6.115e+02 436 2 3 5.983e+01 6.617e+01 59 2 3 1.868e+01 2.332e+01 43 2 4 7.697e+01 9.103e+01 130 2 3 5.113e+01 7.487e+01 220 2 3 3.699e+00 3.830e+01 321
31188 0
31189 2 0 3 5.569e+02 5.771e+02 188 0 4 5.796e+02 5.964e+02 156
