30905 2 0 4 6.535e+02 6.905e+02 344 2 4 3.295e+01 5.105e+01 168
30907 15 0 4 4.603e+02 4.637e+02 32 0 2 3.746e+02 3.814e+02 64 0 1 4.375e+02 4.445e+02 65 0 3 3.871e+02 4.109e+02 220 0 1 3.376e+02 3.764e+02 360 0 3 4.222e+02 4.598e+02 349 1 2 6.295e+02 6.305e+02 10 1 3 6.018e+02 6.162e+02 133 1 2 5.790e+02 5.970e+02 167 1 4 6.260e+02 6.340e+02 75 1 1 6.018e+02 6.162e+02 133 2 1 3.945e+02 4.035e+02 83 2 4 2.000e+02 2.200e+02 186 2 2 1.951e+02 2.249e+02 277 2 1 5.078e+02 5.422e+02 320
30908 6 0 2 5.447e+02 5.473e+02 25 0 1 5.492e+02 5.848e+02 331 0 4 5.776e+02 5.984e+02 193 0 3 5.534e+02 5.806e+02 253 1 2 6.298e+02 6.302e+02 3 1 1 5.901e+02 6.279e+02 350
30910 2 0 3 3.952e+02 4.028e+02 70 2 4 4.200e+01 4.200e+01 -23
30912 0
30914 4 2 1 1.468e+02 1.472e+02 5 2 4 1.192e+02 1.328e+02 126 2 3 1.402e+02 1.538e+02 127 2 2 1.100e+02 1.420e+02 298
30915 7 0 3 1.021e+02 1.079e+02 55 1 2 5.726e+02 6.034e+02 286 2 4 2.940e+02 2.940e+02 -7 2 3 3.134e+02 3.166e+02 29 2 4 3.285e+02 3.435e+02 140 2 3 6.355e+02 6.665e+02 288 3 1 3.552e+02 3.588e+02 34
30916 3 0 2 6.652e+02 6.788e+02 126 0 4 6.634e+02 6.806e+02 159 3 3 5.983e+02 6.197e+02 198
30917 19 0 3 5.666e+02 5.674e+02 7 0 4 5.874e+02 5.886e+02 11 0 3 6.062e+02 6.118e+02 52 0 1 5.507e+02 5.833e+02 303 0 4 6.166e+02 6.434e+02 249 0 4 6.528e+02 6.912e+02 356 0 1 5.925e+02 6.255e+02 306 2 3 6.080e+02 6.100e+02 19 2 4 2.463e+02 2.577e+02 106 2 3 1.334e+01 2.866e+01 142 2 1 6.043e+02 6.137e+02 86 2 4 1.619e+02 1.741e+02 114 2 2 6.129e+02 6.471e+02 318 2 4 2.066e+02 2.134e+02 64 2 1 1.828e+02 1.952e+02 115 2 2 1.989e+02 2.211e+02 206 2 4 6.661e+01 1.014e+02 323 2 3 1.774e+02 2.006e+02 216 2 2 1.565e+02 1.795e+02 213
30918 4 0 1 1.356e+02 1.584e+02 212 0 3 5.582e+02 5.758e+02 164 0 4 5.742e+02 6.018e+02 256 2 3 5.536e+00 3.646e+01 287
30919 43 0 2 6.300e+02 6.300e+02 -7 0 1 6.510e+02 6.510e+02 -10 0 3 4.410e+02 4.410e+02 -4 0 3 5.250e+02 5.250e+02 -1 0 1 3.440e+02 3.700e+02 241 0 1 6.089e+02 6.091e+02 2 0 3 6.469e+02 6.551e+02 76 0 3 3.990e+02 3.990e+02 -5 0 4 4.542e+02 4.698e+02 145 0 2 5.415e+02 5.505e+02 84 0 3 6.056e+02 6.124e+02 63 0 2 6.720e+02 6.720e+02 -6 0 1 3.908e+02 4.072e+02 153 0 3 4.719e+02 4.941e+02 206 0 1 5.663e+02 5.677e+02 13 0 4 6.274e+02 6.326e+02 49 0 4 6.720e+02 6.720e+02 -15 0 3 5.642e+02 5.698e+02 52 0 1 6.443e+02 6.577e+02 124 0 4 6.569e+02 6.871e+02 280 0 3 6.365e+02 6.655e+02 270 2 3 2.100e+01 2.100e+01 -19 2 3 6.207e+01 6.393e+01 17 2 2 1.260e+02 1.260e+02 -8 2 3 1.890e+02 1.890e+02 -17 2 3 2.310e+02 2.310e+02 -14 2 1 2.048e+01 2.152e+01 10 2 3 9.869e+01 1.113e+02 117 2 3 1.396e+02 1.544e+02 137 2 4 2.041e+02 2.159e+02 110 2 2 3.529e+01 4.871e+01 125 2 4 1.121e+02 1.399e+02 259 2 4 1.572e+02 1.788e+02 200 2 2 2.429e+02 2.611e+02 170 2 1 7.333e+00 3.467e+01 254 2 2 7.370e+01 9.430e+01 191 2 1 1.830e+02 1.950e+02 111 2 2 1.993e+02 2.207e+02 198 2 4 2.775e+01 5.625e+01 265 2 4 6.759e+01 1.004e+02 305 2 1 1.318e+02 1.622e+02 282 2 1 2.161e+02 2.459e+02 277 2 2 1.518e+02 1.842e+02 301
30920 3 1 2 4.620e+02 4.620e+02 -2 1 2 6.192e+02 6.408e+02 201 2 4 2.894e+02 2.986e+02 85
30921 1 2 3 2.076e+02 2.544e+02 434
30922 4 0 1 5.511e+02 5.829e+02 295 0 1 5.414e+02 5.926e+02 476 0 4 5.737e+02 6.023e+02 266 0 3 5.431e+02 5.909e+02 445
30925 7 0 4 3.237e+02 3.483e+02 229 2 2 2.518e+02 2.522e+02 3 2 1 1.779e+01 2.421e+01 60 2 1 1.003e+01 3.197e+01 204 2 3 2.168e+02 2.452e+02 263 2 1 2.602e+02 2.858e+02 237 2 3 9.262e+00 3.274e+01 218
30928 7 0 3 6.490e+02 6.530e+02 36 0 4 6.671e+02 6.769e+02 90 0 1 6.465e+02 6.555e+02 84 0 2 6.591e+02 6.849e+02 240 0 4 6.542e+02 6.898e+02 330 2 4 3.403e+01 4.997e+01 148 2 3 7.464e+00 3.454e+01 251
30929 1 2 4 1.216e+02 1.304e+02 81
30930 9 1 1 3.083e+02 3.217e+02 124 1 4 2.852e+02 3.028e+02 163 1 2 2.722e+02 3.158e+02 406 1 3 2.960e+02 3.340e+02 352 3 4 4.189e+02 4.211e+02 20 3 2 4.120e+02 4.280e+02 148 3 2 3.999e+02 4.401e+02 373 3 2 3.580e+02 3.980e+02 371 3 3 3.799e+02 4.181e+02 356
30931 3 3 2 4.198e+02 4.202e+02 4 3 2 2.866e+02 3.014e+02 137 3 2 2.351e+02 2.689e+02 315
30934 2 0 4 6.181e+02 6.419e+02 221 0 3 6.377e+02 6.643e+02 247
30937 12 0 2 6.300e+02 6.300e+02 -22 0 4 2.093e+02 2.107e+02 14 0 1 6.438e+02 6.582e+02 134 0 4 6.261e+02 6.339e+02 72 0 3 6.458e+02 6.562e+02 96 0 1 5.512e+02 5.828e+02 293 0 4 5.840e+02 5.920e+02 75 0 2 6.618e+02 6.822e+02 190 0 1 5.948e+02 6.232e+02 264 0 4 6.637e+02 6.803e+02 155 0 3 6.360e+02 6.660e+02 278 2 4 6.935e+01 9.865e+01 272
30938 10 0 2 6.585e+02 6.855e+02 250 0 4 6.541e+02 6.899e+02 332 0 1 6.318e+02 6.702e+02 357 0 3 6.285e+02 6.735e+02 418 2 1 5.000e+01 7.600e+01 241 2 3 4.830e+01 7.770e+01 273 2 3 5.223e+00 3.678e+01 293 2 2 2.645e+01 5.755e+01 289 2 4 2.492e+01 5.908e+01 317 2 1 1.952e-01 4.180e+01 386
30940 3 2 2 2.087e+02 2.113e+02 24 2 1 1.390e+02 1.550e+02 148 3 1 1.945e+01 2.255e+01 29
30941 16 0 3 6.507e+02 6.513e+02 5 0 4 6.704e+02 6.736e+02 30 0 2 6.144e+02 6.456e+02 289 0 1 6.508e+02 6.512e+02 3 0 4 6.125e+02 6.475e+02 326 0 2 6.698e+02 6.742e+02 40 0 2 6.615e+02 6.825e+02 195 0 1 6.317e+02 6.703e+02 358 2 4 1.250e+02 1.270e+02 19 2 1 1.427e+02 1.513e+02 80 2 1 5.445e+01 7.155e+01 159 2 3 5.902e+01 6.698e+01 74 2 2 1.148e+02 1.372e+02 209 2 3 1.318e+02 1.622e+02 281 2 4 2.968e+01 5.432e+01 229 2 2 6.499e+01 1.030e+02 353
30942 0
30948 11 0 2 6.260e+02 6.340e+02 75 0 2 6.114e+02 6.486e+02 345 0 2 6.556e+02 6.884e+02 305 1 4 5.814e+02 5.946e+02 122 1 4 4.911e+02 5.169e+02 239 1 4 5.728e+02 6.032e+02 283 2 4 4.610e+02 4.630e+02 19 2 2 4.559e+02 4.681e+02 113 2 1 4.692e+02 4.968e+02 256 3 1 1.765e+01 2.435e+01 62 3 1 3.064e+02 3.236e+02 160
30949 7 0 2 6.246e+02 6.354e+02 100 0 4 6.225e+02 6.375e+02 140 0 4 3.606e+02 3.954e+02 323 0 3 6.368e+02 6.652e+02 264 0 2 6.557e+02 6.883e+02 302 0 1 6.335e+02 6.685e+02 326 0 4 6.524e+02 6.916e+02 364
30951 5 1 2 2.520e+02 2.520e+02 -9 1 1 1.818e+02 1.962e+02 133 1 4 2.442e+02 2.598e+02 146 1 1 2.555e+02 2.905e+02 326 1 3 2.152e+02 2.468e+02 294
30953 10 0 2 5.441e+02 5.479e+02 35 0 4 3.776e+02 3.784e+02 7 0 2 6.177e+02 6.423e+02 228 0 1 3.518e+02 3.622e+02 97 0 3 6.462e+02 6.558e+02 89 0 2 3.699e+02 3.861e+02 150 0 4 6.131e+02 6.469e+02 315 0 1 6.381e+02 6.639e+02 240 0 3 5.510e+02 5.830e+02 297 1 3 1.890e+02 1.890e+02 -9
