28006 5 0 1 6.488e+02 6.532e+02 41 0 4 6.713e+02 6.727e+02 12 0 2 6.601e+02 6.839e+02 221 0 3 6.386e+02 6.634e+02 230 2 1 4.457e+01 8.143e+01 342
28007 11 0 1 5.615e+02 5.725e+02 102 0 3 5.632e+02 5.708e+02 70 0 4 5.807e+02 5.953e+02 136 0 4 4.878e+02 5.202e+02 301 0 3 5.963e+02 6.217e+02 236 0 4 5.747e+02 6.013e+02 246 0 1 5.930e+02 6.250e+02 296 2 1 1.873e+01 2.327e+01 42 2 2 1.508e+02 1.852e+02 319 2 3 4.592e+01 8.008e+01 317 2 3 1.254e+02 1.686e+02 400
28008 44 0 1 2.301e+02 2.319e+02 17 0 3 1.847e+02 1.933e+02 80 0 4 2.421e+02 2.619e+02 185 0 4 1.572e+02 1.788e+02 201 0 1 2.112e+02 2.508e+02 368 0 3 2.536e+02 2.924e+02 360 0 4 5.034e+02 5.046e+02 10 0 3 2.119e+02 2.501e+02 355 0 2 5.423e+02 5.497e+02 68 0 4 5.856e+02 5.904e+02 44 0 2 4.978e+02 5.102e+02 115 0 3 5.631e+02 5.709e+02 73 0 1 6.064e+02 6.116e+02 48 1 2 5.880e+02 5.880e+02 -2 1 1 6.083e+02 6.097e+02 12 1 1 5.589e+02 5.751e+02 151 1 4 4.016e+02 4.384e+02 341 1 3 6.083e+02 6.097e+02 12 1 4 5.703e+02 6.057e+02 329 1 2 6.298e+02 6.302e+02 3 1 3 5.508e+02 5.832e+02 300 1 4 6.283e+02 6.317e+02 32 2 1 5.248e+02 5.252e+02 4 2 4 5.857e+02 5.903e+02 42 2 3 6.497e+02 6.523e+02 24 2 3 5.240e+02 5.260e+02 18 2 4 8.195e+01 8.605e+01 38 2 3 6.074e+02 6.106e+02 30 2 1 1.465e+02 1.475e+02 10 2 2 6.717e+02 6.723e+02 6 2 1 2.299e+02 2.321e+02 20 2 2 2.905e+02 2.975e+02 65 2 2 4.928e+02 5.152e+02 209 2 2 5.414e+02 5.506e+02 85 2 3 1.026e+02 1.074e+02 44 2 4 6.241e+02 6.359e+02 109 2 1 1.883e+02 1.897e+02 14 2 3 2.658e+02 2.802e+02 133 2 4 4.889e+02 5.191e+02 281 2 2 1.256e+02 1.264e+02 8 3 3 6.176e+01 6.424e+01 23 3 4 7.967e+01 8.833e+01 80 3 3 1.604e+01 2.596e+01 92 3 2 2.066e+01 6.334e+01 396
28009 4 1 1 6.090e+02 6.090e+02 -23 2 3 1.927e+01 2.273e+01 32 2 2 3.789e+01 4.611e+01 76 2 2 2.748e+01 5.652e+01 270
28010 10 0 3 4.402e+02 4.418e+02 15 0 4 3.130e+02 3.590e+02 427 0 4 6.176e+01 1.062e+02 413 0 2 6.472e+02 6.968e+02 460 1 4 6.251e+02 6.349e+02 90 1 2 5.845e+02 5.915e+02 66 1 1 6.050e+02 6.130e+02 74 1 3 6.056e+02 6.124e+02 64 2 3 -2.766e+00 4.477e+01 441 2 1 -4.738e+00 4.674e+01 478
28011 0
28012 7 2 4 8.366e+01 8.434e+01 6 2 3 9.277e+01 1.172e+02 227 2 4 5.862e+02 5.898e+02 34 3 2 3.318e+02 3.402e+02 78 3 4 3.255e+02 3.465e+02 195 3 1 2.992e+02 3.308e+02 294 3 3 3.448e+02 3.692e+02 226
28013 13 0 4 6.711e+02 6.729e+02 17 0 1 6.434e+02 6.586e+02 141 0 3 6.376e+02 6.644e+02 250 0 2 6.580e+02 6.860e+02 260 2 4 4.200e+01 4.200e+01 -6 2 1 2.681e+02 2.779e+02 90 2 3 2.070e+01 2.130e+01 6 2 2 3.744e+01 4.656e+01 85 2 1 5.763e+01 6.837e+01 100 2 2 3.174e+01 5.226e+01 190 2 3 4.776e+01 7.824e+01 283 2 3 4.055e+00 3.794e+01 315 3 1 1.761e+01 2.439e+01 63
28014 30 0 1 6.061e+02 6.119e+02 53 0 2 6.689e+02 6.751e+02 58 0 3 6.075e+02 6.105e+02 27 0 4 6.665e+02 6.775e+02 103 0 2 6.211e+02 6.389e+02 166 0 1 6.396e+02 6.624e+02 211 0 4 6.189e+02 6.411e+02 206 0 3 6.402e+02 6.618e+02 200 0 1 5.983e+02 6.197e+02 199 0 4 6.122e+02 6.478e+02 331 1 3 5.496e+02 5.844e+02 324 2 3 2.307e+02 2.313e+02 5 2 4 2.909e+02 2.971e+02 57 2 1 3.536e+02 3.604e+02 63 2 4 6.627e+02 6.813e+02 172 2 4 3.901e+01 4.499e+01 56 2 1 2.263e+02 2.357e+02 87 2 1 3.092e+02 3.208e+02 108 2 2 3.262e+02 3.458e+02 181 2 3 5.970e+01 6.630e+01 61 2 2 6.611e+01 1.019e+02 332 2 4 1.928e+02 2.272e+02 320 2 3 3.043e+02 3.257e+02 199 2 4 3.257e+02 3.463e+02 191 2 3 1.236e+01 2.964e+01 160 2 2 2.350e+02 2.690e+02 316 2 3 3.386e+02 3.754e+02 341 2 2 3.538e+01 4.862e+01 123 2 1 5.225e+01 7.375e+01 200 2 4 2.411e+01 5.989e+01 332
28016 0
28017 17 0 1 4.383e+02 4.437e+02 50 0 2 4.612e+02 4.628e+02 15 0 2 3.715e+02 3.845e+02 120 0 1 6.380e+02 6.640e+02 242 0 1 3.976e+02 4.004e+02 26 0 3 4.784e+02 4.876e+02 86 0 4 4.175e+02 4.225e+02 46 0 4 4.906e+02 5.174e+02 248 0 3 3.848e+02 4.132e+02 264 2 4 4.167e+02 4.233e+02 60 2 2 2.884e+02 2.996e+02 104 2 1 4.392e+02 4.428e+02 34 2 4 2.812e+02 3.068e+02 237 2 3 4.311e+02 4.509e+02 185 2 1 2.575e+02 2.885e+02 288 2 2 4.006e+02 4.394e+02 360 2 3 2.604e+02 2.856e+02 235
28018 33 0 2 6.714e+02 6.726e+02 11 0 3 6.032e+02 6.148e+02 108 0 4 6.700e+02 6.740e+02 38 0 2 6.167e+02 6.433e+02 246 0 2 6.560e+02 6.880e+02 298 0 1 6.322e+02 6.698e+02 349 1 1 1.421e+02 1.519e+02 91 1 2 4.927e+02 5.153e+02 210 1 2 6.142e+02 6.458e+02 294 1 4 6.109e+02 6.491e+02 354 2 4 2.487e+02 2.553e+02 62 2 4 6.709e+02 6.731e+02 21 2 4 2.925e+02 2.955e+02 27 2 3 3.930e+02 4.050e+02 111 2 2 3.752e+02 3.808e+02 52 2 2 4.175e+02 4.225e+02 46 2 4 4.049e+01 4.351e+01 28 2 4 6.153e+02 6.447e+02 272 2 3 3.055e+02 3.245e+02 177 2 4 4.107e+02 4.293e+02 173 2 2 3.322e+02 3.398e+02 70 2 1 4.323e+02 4.497e+02 162 2 2 3.820e+01 4.580e+01 70 2 4 4.000e+02 4.400e+02 372 2 3 2.600e+02 2.860e+02 241 2 1 3.523e+02 3.617e+02 88 2 1 5.762e+00 3.624e+01 283 2 4 2.771e+02 3.109e+02 314 2 4 3.638e+02 3.922e+02 263 2 1 3.025e+02 3.275e+02 231 2 4 3.188e+02 3.532e+02 320 2 2 2.726e+02 3.154e+02 397 2 1 3.371e+02 3.769e+02 370
28019 0
28021 3 0 1 6.477e+02 6.543e+02 60 0 3 6.463e+02 6.557e+02 86 0 4 6.626e+02 6.814e+02 174
28025 13 0 1 2.281e+02 2.339e+02 55 0 2 6.720e+02 6.720e+02 -10 0 3 4.400e+02 4.420e+02 19 0 3 2.275e+02 2.345e+02 65 0 1 4.310e+02 4.510e+02 186 0 4 2.382e+02 2.658e+02 256 0 4 4.490e+02 4.750e+02 241 0 4 4.050e+02 4.350e+02 279 0 2 1.956e+02 2.244e+02 268 2 4 7.872e+01 8.928e+01 98 2 4 1.194e+02 1.326e+02 123 2 1 3.924e+00 3.808e+01 317 2 4 1.102e+02 1.418e+02 294
28028 0
28029 3 2 2 3.201e+02 3.519e+02 296 3 1 6.154e+01 6.446e+01 27 3 4 2.376e+02 2.664e+02 268
28030 0
28031 10 0 2 6.715e+02 6.725e+02 10 0 3 5.162e+02 5.338e+02 164 0 4 6.720e+02 6.720e+02 -10 0 1 1.341e+02 1.599e+02 239 0 1 6.445e+02 6.575e+02 120 0 2 6.616e+02 6.824e+02 194 0 4 6.557e+02 6.883e+02 303 2 4 8.400e+01 8.400e+01 -5 2 2 7.801e+01 8.999e+01 111 2 3 9.075e+01 1.193e+02 265
28033 1 0 1 6.082e+02 6.098e+02 15
28034 21 0 3 6.069e+02 6.111e+02 40 0 4 6.715e+02 6.725e+02 10 0 3 4.403e+02 4.417e+02 14 0 3 5.659e+02 5.681e+02 20 0 2 6.263e+02 6.337e+02 69 0 1 6.506e+02 6.514e+02 8 0 4 4.129e+02 4.271e+02 131 0 4 6.235e+02 6.365e+02 120 0 3 6.471e+02 6.549e+02 73 0 3 4.274e+02 4.546e+02 252 0 2 6.676e+02 6.764e+02 81 0 3 6.416e+02 6.604e+02 175 1 4 6.294e+02 6.306e+02 10 1 4 5.762e+02 5.998e+02 220 1 3 4.617e+02 5.043e+02 396 2 4 1.679e+02 1.681e+02 2 2 4 2.918e+02 2.962e+02 40 2 1 1.339e+02 1.601e+02 243 2 2 1.588e+02 1.772e+02 170 2 3 2.568e+02 2.892e+02 301 2 3 1.727e+02 2.053e+02 303
28036 0
28037 50 0 4 2.499e+02 2.541e+02 39 0 1 5.574e+02 5.766e+02 179 0 4 3.412e+01 4.988e+01 146 0 4 5.829e+02 5.931e+02 94 0 3 5.876e+01 6.724e+01 79 0 3 4.731e+02 4.929e+02 183 0 1 6.065e+02 6.115e+02 46 0 2 2.313e+01 6.087e+01 350 0 2 4.445e+02 4.795e+02 326 0 3 5.516e+02 5.824e+02 286 0 4 6.189e+02 6.411e+02 206 0 4 4.843e+02 5.237e+02 366 0 4 5.691e+02 6.069e+02 351 0 1 5.896e+02 6.284e+02 360 1 2 5.872e+02 5.888e+02 15 1 3 6.033e+02 6.147e+02 106 1 4 5.830e+02 5.930e+02 92 1 2 6.295e+02 6.305e+02 9 1 4 5.696e+02 6.064e+02 341 1 4 6.214e+02 6.386e+02 160 1 1 5.495e+02 5.845e+02 325 1 1 6.017e+02 6.163e+02 136 1 3 5.483e+02 5.857e+02 348 2 4 3.328e+02 3.392e+02 59 2 3 4.818e+02 4.842e+02 22 2 4 8.195e+01 8.605e+01 38 2 4 6.284e+02 6.316e+02 30 2 4 2.086e+02 2.114e+02 26 2 3 6.489e+02 6.531e+02 39 2 4 3.861e+01 4.539e+01 63 2 3 4.393e+02 4.427e+02 32 2 3 1.031e+02 1.069e+02 36 2 4 5.346e+02 5.574e+02 212 2 3 2.296e+02 2.324e+02 26 2 2 6.691e+02 6.749e+02 54 2 1 5.808e+01 6.792e+01 91 2 4 1.234e+02 1.286e+02 48 2 4 4.449e+02 4.791e+02 318 2 3 1.752e+02 2.028e+02 257 2 2 6.585e+02 6.855e+02 250 2 2 2.029e+02 2.171e+02 131 2 3 6.167e+01 6.433e+01 25 2 2 8.209e+01 8.591e+01 36 2 4 1.459e+02 1.901e+02 410 2 1 2.234e+02 2.386e+02 140 2 4 3.031e+01 5.369e+01 217 2 4 6.993e+01 9.807e+01 261 2 3 5.005e+01 7.595e+01 240 2 2 2.497e+01 5.903e+01 316 3 2 2.928e+01 5.472e+01 236
28038 6 0 2 2.494e+02 2.546e+02 49 0 4 7.617e+01 9.183e+01 146 0 4 2.480e+02 2.560e+02 75 0 3 2.117e+02 2.503e+02 358 0 3 5.670e+02 5.670e+02 -19 0 1 2.106e+02 2.514e+02 380
28039 25 0 4 3.360e+02 3.360e+02 -14 0 2 6.300e+02 6.300e+02 -16 0 2 5.040e+02 5.040e+02 -4 0 2 2.879e+02 3.001e+02 113 0 3 5.640e+02 5.700e+02 56 0 2 2.353e+02 2.687e+02 310 0 4 6.288e+02 6.312e+02 22 0 1 6.393e+02 6.627e+02 216 0 3 5.100e+02 5.400e+02 279 0 3 6.031e+02 6.149e+02 109 0 2 5.301e+02 5.619e+02 296 0 4 5.775e+02 5.985e+02 196 0 3 6.328e+02 6.692e+02 338 0 1 5.923e+02 6.257e+02 310 0 4 6.130e+02 6.470e+02 316 2 3 6.300e+01 6.300e+01 -6 2 1 1.470e+02 1.470e+02 -10 2 4 5.855e+02 5.905e+02 47 2 4 3.497e+01 4.903e+01 130 2 3 5.968e+02 6.212e+02 227 2 4 1.207e+02 1.313e+02 98 2 1 5.889e+01 6.711e+01 76 2 2 1.119e+02 1.401e+02 262 2 2 2.838e+01 5.562e+01 253 2 4 2.555e+01 5.845e+01 306
28040 11 0 1 6.442e+02 6.578e+02 126 0 2 6.300e+02 6.300e+02 -21 0 3 6.463e+02 6.557e+02 87 0 3 6.394e+02 6.626e+02 215 2 2 7.877e+01 8.923e+01 97 2 1 1.461e+02 1.479e+02 16 2 4 3.592e+01 4.808e+01 113 2 3 1.406e+02 1.534e+02 120 2 1 5.633e+01 6.967e+01 124 2 4 1.642e+02 1.718e+02 71 2 1 1.367e+02 1.573e+02 191
28042 8 0 4 4.508e+02 4.732e+02 208 2 3 5.210e+02 5.290e+02 74 2 3 1.406e+01 2.794e+01 129 2 4 5.009e+02 5.071e+02 57 2 2 5.317e+02 5.603e+02 266 2 2 3.246e+01 5.154e+01 177 2 4 2.627e+01 5.773e+01 292 2 1 7.602e+00 3.440e+01 249
28043 67 0 1 6.081e+02 6.099e+02 16 0 2 2.484e+02 2.556e+02 66 0 3 6.504e+02 6.516e+02 11 0 3 2.722e+02 2.738e+02 15 0 2 4.595e+02 4.645e+02 46 0 4 2.045e+02 2.155e+02 101 0 1 5.579e+02 5.761e+02 169 0 3 9.133e+01 1.187e+02 254 0 3 6.053e+02 6.127e+02 70 0 4 2.798e+02 3.082e+02 264 0 1 6.491e+02 6.529e+02 35 0 1 4.285e+02 4.535e+02 232 0 4 4.545e+02 4.695e+02 139 0 3 5.579e+02 5.761e+02 170 0 4 5.837e+02 5.923e+02 80 0 2 6.669e+02 6.771e+02 94 0 3 4.235e+02 4.585e+02 325 0 3 4.747e+02 4.913e+02 154 0 4 6.166e+02 6.434e+02 250 0 4 6.616e+02 6.824e+02 194 0 4 4.846e+02 5.234e+02 360 0 2 6.131e+02 6.469e+02 313 0 3 6.345e+02 6.675e+02 307 0 2 6.536e+02 6.904e+02 342 1 2 5.021e+02 5.059e+02 35 1 4 5.878e+02 5.882e+02 3 1 1 6.085e+02 6.095e+02 10 1 3 5.247e+02 5.253e+02 6 1 4 5.457e+02 5.463e+02 6 1 3 6.077e+02 6.103e+02 24 1 1 4.800e+02 4.860e+02 56 1 1 5.571e+02 5.769e+02 184 1 3 5.043e+02 5.457e+02 384 1 3 5.577e+02 5.763e+02 172 1 4 6.280e+02 6.320e+02 36 1 2 5.760e+02 6.000e+02 222 1 3 5.925e+02 6.255e+02 307 1 4 5.724e+02 6.036e+02 289 2 4 1.668e+02 1.692e+02 22 2 4 6.298e+02 6.302e+02 4 2 4 2.488e+02 2.552e+02 59 2 2 5.027e+02 5.053e+02 24 2 1 6.217e+01 6.383e+01 16 2 3 6.468e+02 6.552e+02 77 2 2 8.124e+01 8.676e+01 51 2 4 5.021e+02 5.059e+02 35 2 3 2.683e+02 2.777e+02 87 2 3 5.091e+02 5.409e+02 296 2 3 1.828e+01 2.372e+01 50 2 2 6.143e+02 6.457e+02 291 2 4 8.299e+01 8.501e+01 19 2 1 4.771e+02 4.889e+02 109 2 4 2.376e+02 2.664e+02 268 2 2 4.449e+02 4.791e+02 317 2 2 2.891e+02 2.989e+02 91 2 2 4.040e+01 4.360e+01 30 2 3 9.326e+01 1.167e+02 218 2 1 2.611e+02 2.849e+02 221 2 4 3.695e+01 4.705e+01 94 2 4 2.825e+02 3.055e+02 213 2 3 5.589e+01 7.011e+01 132 2 1 1.168e+01 3.032e+01 173 2 4 3.008e+01 5.392e+01 221 2 2 2.147e+01 6.253e+01 381 2 4 2.070e+01 6.330e+01 396 3 3 1.858e+02 1.922e+02 60 3 4 2.855e+02 3.025e+02 158
28044 5 0 4 3.327e+02 3.393e+02 61 0 2 2.520e+02 2.520e+02 -11 0 4 2.902e+02 2.978e+02 71 0 2 5.457e+02 5.463e+02 5 2 3 3.117e+02 3.183e+02 60
