5499 0
5504 24 0 4 1.667e+02 1.693e+02 25 0 4 3.715e+02 3.845e+02 120 0 4 4.200e+02 4.200e+02 -6 0 2 3.655e+02 3.905e+02 233 0 4 5.013e+02 5.067e+02 50 0 4 3.628e+02 3.932e+02 283 0 1 5.177e+02 5.323e+02 136 0 4 6.161e+02 6.439e+02 258 0 3 6.510e+02 6.510e+02 -1 0 3 3.970e+02 4.010e+02 38 0 2 5.360e+02 5.560e+02 186 0 4 5.752e+02 6.008e+02 238 0 2 6.712e+02 6.728e+02 16 0 1 3.906e+02 4.074e+02 156 0 3 5.568e+02 5.772e+02 190 0 4 6.569e+02 6.871e+02 280 0 4 4.024e+02 4.376e+02 326 0 3 5.124e+02 5.376e+02 234 0 2 6.517e+02 6.923e+02 377 0 1 5.052e+02 5.448e+02 367 2 4 7.854e+01 8.946e+01 101 2 3 1.881e+02 1.899e+02 17 2 2 7.316e+01 9.484e+01 201 2 3 9.465e+01 1.153e+02 192
5505 0
5506 3 0 4 4.512e+02 4.728e+02 201 2 2 1.576e+02 1.784e+02 194 2 3 2.143e+02 2.477e+02 310
5507 1 0 2 6.300e+02 6.300e+02 -0
5508 17 0 1 5.473e+02 5.867e+02 366 1 2 6.293e+02 6.307e+02 13 2 1 3.983e+02 3.997e+02 13 2 2 8.357e+01 8.443e+01 8 2 2 1.642e+02 1.718e+02 71 2 4 4.184e+02 4.216e+02 30 2 4 3.754e+02 3.806e+02 49 2 3 3.851e+02 4.129e+02 258 2 3 1.231e+01 2.969e+01 161 2 4 4.451e+02 4.789e+02 315 2 4 1.633e+02 1.727e+02 88 2 2 2.035e+02 2.165e+02 121 2 2 3.633e+02 3.927e+02 274 2 3 5.261e+01 7.339e+01 193 2 3 2.122e+02 2.498e+02 350 2 1 6.657e+00 3.534e+01 266 2 1 4.386e+01 8.214e+01 356
5509 33 0 2 3.740e+02 3.820e+02 74 0 4 4.616e+02 4.624e+02 8 0 1 6.054e+02 6.126e+02 66 0 4 3.733e+02 3.827e+02 87 0 4 1.944e+02 2.256e+02 289 0 4 5.031e+02 5.049e+02 16 0 1 3.515e+02 3.625e+02 101 0 2 6.278e+02 6.322e+02 40 0 3 6.474e+02 6.546e+02 67 0 4 4.074e+02 4.326e+02 234 0 2 4.497e+02 4.743e+02 228 0 4 6.289e+02 6.311e+02 20 0 2 6.640e+02 6.800e+02 149 0 1 4.276e+02 4.544e+02 249 0 4 5.800e+02 5.960e+02 149 0 4 6.591e+02 6.849e+02 239 0 3 4.318e+02 4.502e+02 171 0 3 6.023e+02 6.157e+02 125 0 1 6.407e+02 6.613e+02 190 0 4 6.210e+02 6.390e+02 166 2 3 1.034e+02 1.066e+02 30 2 3 2.303e+02 2.317e+02 14 2 2 1.237e+02 1.283e+02 42 2 3 4.299e+02 4.521e+02 206 2 1 2.277e+02 2.343e+02 61 2 2 8.370e+01 8.430e+01 6 2 4 1.981e+02 2.219e+02 221 2 4 7.980e+01 8.820e+01 78 2 1 2.187e+02 2.433e+02 228 2 4 7.302e+01 9.498e+01 204 2 2 2.371e+02 2.669e+02 276 2 2 6.674e+01 1.013e+02 320 2 2 1.931e+02 2.269e+02 315
5510 7 0 1 5.664e+02 5.676e+02 11 0 3 5.598e+02 5.742e+02 135 0 4 5.793e+02 5.967e+02 161 2 4 1.239e+02 1.281e+02 40 2 1 1.415e+02 1.525e+02 101 2 2 1.161e+02 1.359e+02 184 2 3 1.303e+02 1.637e+02 310
5511 7 2 3 1.797e+02 1.983e+02 173 2 2 2.019e+02 2.181e+02 150 2 1 1.748e+02 2.032e+02 263 2 4 1.960e+02 2.240e+02 260 2 3 1.742e+02 2.038e+02 275 3 1 1.218e+01 2.982e+01 164 3 3 1.761e+01 2.439e+01 63
5512 42 0 1 1.608e+01 2.592e+01 91 0 1 4.371e+02 4.449e+02 73 0 2 3.625e+02 3.935e+02 288 0 1 4.828e+02 4.832e+02 5 0 3 6.090e+02 6.090e+02 -21 0 2 6.686e+02 6.754e+02 64 0 3 4.781e+02 4.879e+02 90 0 4 6.300e+02 6.300e+02 -15 0 3 6.378e+02 6.642e+02 246 0 4 4.959e+02 5.121e+02 151 0 4 5.812e+02 5.948e+02 127 0 2 6.532e+02 6.908e+02 349 0 4 4.474e+02 4.766e+02 271 0 1 5.936e+02 6.244e+02 286 0 2 4.877e+02 5.203e+02 302 0 3 5.939e+02 6.241e+02 280 0 2 6.155e+02 6.445e+02 270 2 4 6.278e+02 6.322e+02 41 2 3 3.144e+02 3.156e+02 10 2 4 6.192e+02 6.408e+02 200 2 4 1.257e+02 1.263e+02 6 2 3 1.460e+02 1.480e+02 18 2 3 3.796e+02 4.184e+02 360 2 4 2.084e+02 2.116e+02 29 2 4 2.875e+02 3.005e+02 120 2 3 3.545e+02 3.595e+02 47 2 3 2.100e+01 2.100e+01 -5 2 2 1.654e+02 1.706e+02 48 2 1 2.261e+02 2.359e+02 91 2 2 3.764e+02 3.796e+02 30 2 2 4.200e+01 4.200e+01 -3 2 4 1.650e+02 1.710e+02 56 2 3 2.219e+02 2.401e+02 170 2 4 2.764e+02 3.116e+02 326 2 2 3.305e+02 3.415e+02 103 2 4 3.632e+01 4.768e+01 106 2 2 1.078e+02 1.442e+02 338 2 3 1.824e+02 1.956e+02 123 2 2 1.905e+02 2.295e+02 361 2 1 3.397e+02 3.743e+02 322 2 1 1.785e+02 1.995e+02 196 2 4 1.511e+02 1.849e+02 313
5517 0
5519 4 0 2 6.658e+02 6.782e+02 115 2 4 3.283e+02 3.437e+02 144 2 4 4.559e+02 4.681e+02 113 2 3 4.683e+02 4.977e+02 272
5521 0
5522 10 0 2 1.260e+02 1.260e+02 -9 0 2 4.600e+02 4.640e+02 36 0 4 4.591e+02 4.649e+02 53 0 4 1.556e+02 1.804e+02 230 0 1 4.708e+02 4.952e+02 226 0 3 4.678e+02 4.982e+02 283 2 2 5.426e+02 5.494e+02 64 2 1 5.664e+02 5.676e+02 10 2 4 5.322e+02 5.598e+02 256 2 3 5.106e+02 5.394e+02 268
5523 3 0 3 5.246e+02 5.254e+02 8 0 1 5.161e+02 5.339e+02 165 0 2 4.885e+02 5.195e+02 288
5524 4 0 1 6.480e+02 6.540e+02 56 0 4 2.467e+02 2.573e+02 99 2 1 1.868e+01 2.332e+01 43 2 4 6.649e+02 6.791e+02 132
5525 0
5526 2 0 2 6.578e+02 6.862e+02 265 0 4 6.546e+02 6.894e+02 323
5527 6 0 1 5.564e+02 5.776e+02 196 0 4 5.825e+02 5.935e+02 103 0 3 5.528e+02 5.812e+02 264 2 3 5.155e+02 5.345e+02 176 2 2 5.360e+02 5.560e+02 186 2 4 5.313e+02 5.607e+02 273
5530 68 0 4 5.877e+02 5.883e+02 6 0 4 3.834e+01 4.566e+01 68 0 3 6.499e+02 6.521e+02 20 0 4 2.065e+02 2.135e+02 66 0 1 3.935e+02 4.045e+02 101 0 2 3.789e+01 4.611e+01 76 0 2 5.378e+02 5.542e+02 152 0 1 5.620e+01 6.980e+01 126 0 2 6.274e+02 6.326e+02 48 0 2 1.901e+02 2.299e+02 370 0 2 6.700e+02 6.740e+02 37 0 3 1.137e+00 4.086e+01 369 0 3 5.582e+02 5.758e+02 164 0 4 6.287e+02 6.313e+02 25 0 4 6.669e+02 6.771e+02 95 0 1 5.515e+02 5.825e+02 287 0 3 5.969e+02 6.211e+02 225 0 1 6.498e+02 6.522e+02 22 0 3 5.474e+02 5.866e+02 364 0 2 6.212e+02 6.388e+02 163 0 2 6.524e+02 6.916e+02 364 0 2 6.097e+02 6.503e+02 376 0 4 6.522e+02 6.918e+02 368 0 3 6.312e+02 6.708e+02 367 1 3 4.822e+02 4.838e+02 16 1 3 5.650e+02 5.690e+02 37 1 1 6.079e+02 6.101e+02 20 1 2 4.505e+02 4.735e+02 214 1 4 3.617e+02 3.943e+02 302 1 2 5.023e+02 5.057e+02 31 1 4 4.469e+02 4.771e+02 280 1 2 5.873e+02 5.887e+02 12 1 2 6.290e+02 6.310e+02 18 1 1 5.243e+02 5.257e+02 14 1 4 5.842e+02 5.918e+02 70 1 4 6.293e+02 6.307e+02 13 1 3 5.219e+02 5.281e+02 58 1 1 5.623e+02 5.717e+02 87 1 3 6.039e+02 6.141e+02 94 1 3 5.155e+02 5.345e+02 176 1 2 5.328e+02 5.592e+02 245 1 4 5.328e+02 5.592e+02 245 2 3 1.034e+02 1.066e+02 29 2 1 5.656e+02 5.684e+02 26 2 3 3.553e+02 3.587e+02 31 2 4 5.033e+02 5.047e+02 14 2 2 3.968e+01 4.432e+01 43 2 3 5.244e+02 5.256e+02 10 2 2 1.226e+02 1.294e+02 63 2 4 4.612e+02 4.628e+02 15 2 1 1.451e+02 1.489e+02 35 2 2 5.436e+02 5.484e+02 44 2 4 3.344e+02 3.376e+02 30 2 3 4.766e+02 4.894e+02 118 2 1 5.615e+01 6.985e+01 127 2 4 1.213e+02 1.307e+02 87 2 3 1.460e+02 1.480e+02 19 2 2 3.701e+02 3.859e+02 146 2 3 1.025e+01 3.175e+01 200 2 4 8.083e+01 8.717e+01 59 2 2 1.561e+02 1.799e+02 221 2 4 3.235e+02 3.485e+02 233 2 3 4.480e+01 8.120e+01 338 2 2 7.590e+01 9.210e+01 150 2 4 1.571e+02 1.789e+02 202 2 1 3.422e+02 3.718e+02 276 2 2 6.548e+01 1.025e+02 344 2 1 1.323e+02 1.617e+02 272
5531 5 0 3 6.045e+02 6.135e+02 83 0 4 6.253e+02 6.347e+02 87 0 3 6.467e+02 6.553e+02 80 1 4 2.078e+02 2.122e+02 41 1 4 1.933e+02 2.267e+02 310
5532 11 0 2 4.081e+01 4.319e+01 22 0 4 8.160e+01 8.640e+01 45 0 3 5.912e+01 6.688e+01 72 0 3 5.194e+02 5.306e+02 104 0 2 3.170e+01 5.230e+01 191 0 2 5.277e+02 5.643e+02 340 0 4 6.070e+02 6.530e+02 426 0 1 5.854e+02 6.326e+02 439 0 3 5.847e+02 6.333e+02 451 0 2 6.043e+02 6.557e+02 477 2 4 2.384e+02 2.656e+02 253
5534 7 0 2 6.133e+02 6.467e+02 310 0 4 6.165e+02 6.435e+02 251 0 3 5.891e+02 6.289e+02 370 0 4 6.044e+02 6.556e+02 476 0 1 5.830e+02 6.350e+02 483 2 4 2.797e+01 5.603e+01 260 2 3 -2.585e+00 4.458e+01 438
5535 37 0 4 3.349e+02 3.371e+02 20 0 3 5.243e+02 5.257e+02 14 0 4 2.891e+02 2.989e+02 90 0 2 6.705e+02 6.735e+02 28 0 2 2.026e+02 2.174e+02 138 0 4 4.186e+02 4.214e+02 26 0 2 5.032e+02 5.048e+02 16 0 1 2.197e+02 2.423e+02 210 0 3 5.153e+02 5.347e+02 180 0 3 2.230e+02 2.390e+02 149 0 4 6.174e+02 6.426e+02 235 0 4 6.702e+02 6.738e+02 33 0 4 1.923e+02 2.277e+02 329 0 1 6.401e+02 6.619e+02 202 0 3 6.348e+02 6.672e+02 300 0 2 6.523e+02 6.917e+02 366 1 1 6.088e+02 6.092e+02 3 1 4 6.292e+02 6.308e+02 16 1 3 5.965e+02 6.215e+02 232 1 2 6.143e+02 6.457e+02 291 2 3 2.034e+01 2.166e+01 12 2 3 2.284e+02 2.336e+02 49 2 1 2.656e+02 2.804e+02 138 2 1 5.871e+01 6.729e+01 80 2 4 7.594e+01 9.206e+01 150 2 4 2.517e+02 2.523e+02 6 2 3 6.055e+01 6.545e+01 46 2 2 1.965e+02 2.235e+02 250 2 3 2.622e+02 2.838e+02 200 2 2 3.713e+01 4.687e+01 90 2 4 1.962e+02 2.238e+02 256 2 3 5.059e+01 7.541e+01 230 2 2 2.355e+02 2.685e+02 306 2 4 2.407e+01 5.993e+01 333 2 2 1.913e+02 2.287e+02 347 2 1 4.740e+01 7.860e+01 290 3 3 5.328e+01 7.272e+01 180
5536 4 0 2 8.039e+01 8.761e+01 67 1 4 2.496e+02 2.544e+02 46 1 2 1.105e+02 1.415e+02 287 2 3 3.042e+02 3.258e+02 201
5538 10 2 4 3.946e+01 4.454e+01 47 2 3 5.597e+01 7.003e+01 130 2 3 4.345e+01 8.255e+01 363 3 1 5.236e+02 5.264e+02 26 3 3 4.791e+02 4.869e+02 72 3 1 5.355e+01 7.245e+01 176 3 2 4.960e+02 5.120e+02 148 3 2 4.426e+02 4.814e+02 360 3 4 4.936e+02 5.144e+02 193 3 1 4.645e+02 5.015e+02 344
5544 0
