826 26 0 1 1.885e+02 1.895e+02 10 0 1 2.281e+02 2.339e+02 54 0 2 6.635e+02 6.805e+02 158 0 3 1.755e+02 2.025e+02 251 0 3 2.278e+02 2.342e+02 60 0 2 2.062e+02 2.138e+02 71 0 2 2.375e+02 2.665e+02 269 0 2 1.954e+02 2.246e+02 270 2 2 6.287e+02 6.313e+02 24 2 4 4.126e+01 4.274e+01 14 2 4 5.839e+02 5.921e+02 76 2 4 1.252e+02 1.268e+02 16 2 1 6.377e+02 6.643e+02 247 2 1 1.439e+02 1.501e+02 57 2 2 5.784e+02 5.976e+02 178 2 3 5.808e+01 6.792e+01 91 2 1 5.953e+02 6.227e+02 254 2 3 8.936e+01 1.206e+02 290 2 3 1.447e+02 1.493e+02 42 2 3 5.968e+02 6.212e+02 226 2 3 2.167e+02 2.453e+02 266 2 4 6.112e+02 6.488e+02 350 2 3 1.936e+01 2.264e+01 30 2 2 1.100e+02 1.420e+02 296 2 4 5.687e+02 6.073e+02 359 2 1 4.736e+01 7.864e+01 290
827 4 1 3 2.614e+02 2.846e+02 216 2 3 2.100e+01 2.100e+01 -16 2 1 1.751e+02 2.029e+02 258 3 1 1.033e+02 1.067e+02 32
828 7 0 2 6.257e+02 6.343e+02 80 0 4 6.213e+02 6.387e+02 162 0 3 6.404e+02 6.616e+02 196 0 2 6.606e+02 6.834e+02 212 0 1 6.377e+02 6.643e+02 247 0 4 6.558e+02 6.882e+02 300 2 4 6.170e+02 6.430e+02 242
829 0
834 16 0 4 3.651e+02 3.909e+02 240 0 4 5.842e+02 5.918e+02 70 0 4 6.720e+02 6.720e+02 -20 0 3 5.969e+02 6.211e+02 225 1 2 6.136e+02 6.464e+02 304 2 1 6.122e+01 6.478e+01 33 2 2 1.240e+02 1.280e+02 38 2 3 6.154e+01 6.446e+01 27 2 2 8.400e+01 8.400e+01 -22 2 4 3.161e+01 5.239e+01 193 2 4 7.953e+01 8.847e+01 83 2 2 7.473e+01 9.327e+01 172 2 3 9.237e+01 1.176e+02 235 2 4 1.097e+02 1.423e+02 302 2 2 6.612e+01 1.019e+02 332 3 4 2.429e+01 5.971e+01 329
835 12 0 1 5.126e+02 5.374e+02 230 0 3 5.154e+02 5.346e+02 178 0 2 5.340e+02 5.580e+02 223 2 2 8.299e+01 8.501e+01 19 2 4 2.897e+02 2.983e+02 80 2 4 7.796e+01 9.004e+01 112 2 2 2.064e+02 2.136e+02 67 2 3 4.601e+01 7.999e+01 316 2 3 1.717e+02 2.063e+02 321 2 4 2.050e+02 2.150e+02 93 2 1 3.520e+00 3.848e+01 325 2 4 2.397e+02 2.643e+02 229
836 0
837 10 0 1 5.650e+02 5.690e+02 37 0 4 4.600e+02 4.640e+02 38 0 1 4.313e+02 4.507e+02 180 0 2 4.559e+02 4.681e+02 114 0 3 5.622e+02 5.718e+02 89 0 4 5.742e+02 6.018e+02 257 0 3 4.238e+02 4.582e+02 320 1 2 6.120e+02 6.480e+02 335 2 1 1.043e+01 3.157e+01 196 2 3 7.242e+00 3.476e+01 256
839 0
842 1 3 3 6.244e+02 6.776e+02 495
845 5 1 1 1.039e+02 1.061e+02 20 2 4 1.667e+02 1.693e+02 25 2 2 4.013e+01 4.387e+01 35 3 1 9.887e+00 3.211e+01 206 3 1 9.586e+01 1.141e+02 170
846 18 0 4 5.880e+02 5.880e+02 -17 0 1 5.549e+02 5.791e+02 226 0 4 1.998e+02 2.202e+02 190 0 4 6.284e+02 6.316e+02 30 0 2 6.578e+02 6.862e+02 264 0 3 2.489e+02 2.971e+02 448 0 3 5.520e+02 5.820e+02 278 0 4 2.689e+02 3.191e+02 466 0 4 6.557e+02 6.883e+02 302 0 4 4.771e+02 5.309e+02 499 0 1 5.409e+02 5.931e+02 486 0 4 5.615e+02 6.145e+02 491 0 1 6.343e+02 6.677e+02 310 0 3 6.343e+02 6.677e+02 310 2 4 7.895e+01 8.905e+01 94 2 2 7.199e+01 9.601e+01 223 2 3 8.218e+01 1.278e+02 424 2 2 1.039e+02 1.481e+02 411
847 10 0 3 2.706e+02 2.754e+02 46 0 4 2.920e+02 2.960e+02 38 0 2 6.591e+02 6.849e+02 239 0 4 5.711e+02 6.049e+02 314 0 4 6.597e+02 6.843e+02 229 0 2 6.456e+02 6.984e+02 490 2 4 2.739e+01 5.661e+01 271 2 1 4.498e+01 8.102e+01 335 2 3 3.793e+01 8.807e+01 466 2 2 1.864e+01 6.536e+01 434
848 23 2 2 1.650e+02 1.710e+02 56 2 3 3.524e+02 3.616e+02 86 2 4 8.173e+01 8.627e+01 42 2 4 1.649e+02 1.711e+02 57 2 3 3.034e+02 3.266e+02 215 2 2 3.309e+02 3.411e+02 96 2 3 1.305e+02 1.635e+02 307 2 1 2.977e+02 3.323e+02 321 2 4 3.280e+02 3.440e+02 149 2 3 1.704e+02 2.076e+02 346 2 1 3.528e+02 3.612e+02 77 2 2 3.219e+02 3.501e+02 261 3 2 1.229e+02 1.291e+02 58 3 1 1.414e+02 1.526e+02 104 3 3 1.468e+02 1.472e+02 4 3 1 1.750e+02 2.030e+02 260 3 3 9.914e+01 1.109e+02 109 3 2 1.500e+02 1.860e+02 334 3 4 1.209e+02 1.311e+02 94 3 4 1.488e+02 1.872e+02 356 3 1 9.304e+01 1.170e+02 222 3 3 8.918e+01 1.208e+02 294 3 4 1.117e+02 1.403e+02 266
849 18 0 3 3.966e+02 4.014e+02 44 0 1 5.247e+02 5.253e+02 5 0 2 5.398e+02 5.522e+02 116 0 1 5.971e+02 6.209e+02 221 0 3 4.290e+02 4.530e+02 222 0 3 5.112e+02 5.388e+02 256 0 4 4.022e+02 4.378e+02 330 2 3 6.185e+01 6.415e+01 21 2 4 1.245e+02 1.275e+02 27 2 3 1.466e+02 1.474e+02 7 2 2 8.334e+01 8.466e+01 12 2 4 2.941e+01 5.459e+01 234 2 4 7.792e+01 9.008e+01 113 2 1 1.436e+02 1.504e+02 63 2 2 1.136e+02 1.384e+02 230 2 3 1.348e+02 1.592e+02 227 2 4 1.068e+02 1.452e+02 356 2 2 1.506e+02 1.854e+02 323
850 18 0 2 6.294e+02 6.306e+02 10 0 4 4.998e+02 5.082e+02 79 0 1 5.612e+02 5.728e+02 108 0 4 2.312e+02 2.728e+02 386 0 4 6.271e+02 6.329e+02 53 0 4 2.758e+02 3.122e+02 338 0 2 6.657e+02 6.783e+02 116 0 3 2.556e+02 2.904e+02 324 0 1 4.757e+02 4.903e+02 136 0 3 5.562e+02 5.778e+02 200 0 4 5.799e+02 5.961e+02 150 0 4 6.623e+02 6.817e+02 180 0 2 4.972e+02 5.108e+02 126 0 2 6.117e+02 6.483e+02 340 0 3 6.313e+02 6.707e+02 366 0 3 4.634e+02 5.026e+02 364 0 1 5.910e+02 6.270e+02 335 2 4 1.655e+02 1.705e+02 46
851 6 2 3 1.949e+01 2.251e+01 28 2 2 3.298e+02 3.422e+02 115 2 4 3.231e+02 3.489e+02 239 2 3 3.431e+02 3.709e+02 259 3 2 6.716e+02 6.724e+02 8 3 2 6.518e+02 6.922e+02 375
852 6 0 4 4.998e+02 5.082e+02 77 0 4 4.908e+02 5.172e+02 246 0 2 6.591e+02 6.849e+02 240 2 3 1.967e+01 2.233e+01 25 2 1 1.182e+01 3.018e+01 170 2 2 2.775e+01 5.625e+01 265
854 0
855 28 0 2 4.620e+02 4.620e+02 -10 0 1 6.090e+02 6.090e+02 -1 0 4 4.582e+02 4.658e+02 70 0 3 6.041e+02 6.139e+02 90 0 4 6.603e+02 6.837e+02 217 0 3 4.647e+02 5.013e+02 340 0 4 6.206e+02 6.394e+02 175 0 1 4.236e+02 4.584e+02 323 0 2 6.145e+02 6.455e+02 287 2 1 5.670e+02 5.670e+02 -9 2 1 3.150e+02 3.150e+02 -4 2 4 6.300e+02 6.300e+02 -0 2 4 3.780e+02 3.780e+02 -5 2 2 5.443e+02 5.477e+02 31 2 2 1.632e+02 1.728e+02 90 2 4 5.873e+02 5.887e+02 14 2 4 2.393e+02 2.647e+02 236 2 3 6.452e+02 6.568e+02 107 2 3 2.727e+02 2.733e+02 6 2 3 3.878e+02 4.102e+02 208 2 3 1.826e+02 1.954e+02 120 2 3 5.157e+02 5.343e+02 173 2 2 2.924e+02 2.956e+02 30 2 4 4.869e+02 5.211e+02 318 2 2 3.653e+02 3.907e+02 236 2 4 5.324e+02 5.596e+02 253 2 4 1.545e+02 1.815e+02 251 2 1 1.706e+02 2.074e+02 342
858 1 0 2 5.200e+02 5.720e+02 483
859 17 1 4 6.822e+01 9.978e+01 293 2 1 3.985e+02 3.995e+02 9 2 2 2.937e+02 2.943e+02 5 2 2 3.723e+02 3.837e+02 106 2 4 2.934e+02 2.946e+02 10 2 4 3.780e+02 3.780e+02 -5 2 1 2.679e+02 2.781e+02 95 2 3 3.808e+02 4.172e+02 339 2 1 2.587e+02 2.873e+02 265 2 3 2.967e+02 3.333e+02 340 3 4 2.901e+02 2.979e+02 72 3 4 1.976e+02 2.224e+02 230 3 3 2.602e+02 2.858e+02 238 3 1 3.090e+02 3.210e+02 111 3 4 1.508e+02 1.852e+02 319 3 3 3.047e+02 3.253e+02 190 3 2 2.846e+02 3.034e+02 175
861 5 2 2 5.019e+02 5.061e+02 40 2 3 4.749e+02 4.911e+02 150 2 1 5.117e+02 5.383e+02 246 2 4 4.849e+02 5.231e+02 355 2 4 4.420e+02 4.820e+02 371
863 3 0 2 6.183e+02 6.417e+02 218 0 1 6.388e+02 6.632e+02 226 0 4 6.139e+02 6.461e+02 299
865 0
867 2 1 1 3.563e+02 3.577e+02 14 1 2 3.200e+02 3.520e+02 296
868 8 0 1 6.510e+02 6.510e+02 -9 0 1 6.068e+02 6.112e+02 41 0 4 6.254e+02 6.346e+02 86 0 3 6.002e+02 6.178e+02 163 0 2 6.195e+02 6.405e+02 195 1 2 6.300e+02 6.300e+02 -10 1 4 6.286e+02 6.314e+02 26 1 1 5.961e+02 6.219e+02 240
869 2 2 1 1.679e+00 4.032e+01 359 2 4 2.241e+01 6.159e+01 364
870 1 0 3 1.040e+02 1.060e+02 18
873 4 0 4 2.028e+02 2.172e+02 134 1 2 1.680e+02 1.680e+02 -7 1 1 1.807e+02 1.973e+02 154 1 3 1.787e+02 1.993e+02 190
877 0
878 32 0 4 2.940e+02 2.940e+02 -18 0 3 5.250e+02 5.250e+02 -15 0 4 6.718e+02 6.722e+02 4 0 3 2.718e+02 2.742e+02 23 0 2 5.040e+02 5.040e+02 -16 0 4 3.202e+02 3.518e+02 294 0 1 5.670e+02 5.670e+02 -4 0 2 6.706e+02 6.734e+02 26 0 4 6.632e+02 6.808e+02 163 0 2 4.849e+02 5.231e+02 354 0 3 6.356e+02 6.664e+02 286 0 1 6.354e+02 6.666e+02 290 1 3 5.216e+02 5.284e+02 64 1 3 6.088e+02 6.092e+02 4 1 1 4.830e+02 4.830e+02 -24 1 2 5.802e+02 5.958e+02 146 1 4 6.198e+02 6.402e+02 190 1 2 4.956e+02 5.124e+02 156 1 2 5.357e+02 5.563e+02 191 1 4 4.966e+02 5.114e+02 137 1 4 5.344e+02 5.576e+02 215 1 1 5.183e+02 5.317e+02 124 1 3 4.658e+02 5.002e+02 319 2 2 3.340e+02 3.380e+02 38 2 2 2.476e+02 2.564e+02 81 2 1 3.101e+02 3.199e+02 90 2 4 3.337e+02 3.383e+02 42 2 4 2.491e+02 2.549e+02 53 2 1 2.618e+02 2.842e+02 209 2 3 3.463e+02 3.677e+02 198 2 4 1.090e+02 1.430e+02 316 2 3 2.596e+02 2.864e+02 248
