29533 9 0 3 4.774e+02 4.886e+02 105 0 1 5.611e+01 6.989e+01 128 0 1 4.711e+02 4.949e+02 221 0 2 4.434e+02 4.806e+02 345 1 1 9.982e+00 3.202e+01 205 2 2 2.078e+02 2.122e+02 40 2 4 2.044e+02 2.156e+02 104 2 3 1.710e+02 2.070e+02 334 2 1 2.193e+02 2.427e+02 218
29534 0
29535 1 1 2 5.866e+02 5.894e+02 26
29536 0
29538 7 1 2 6.293e+02 6.307e+02 14 1 4 6.264e+02 6.336e+02 66 1 1 5.908e+02 6.272e+02 339 2 3 1.464e+02 1.476e+02 10 2 4 1.139e+02 1.381e+02 224 2 1 1.323e+02 1.617e+02 274 2 2 1.555e+02 1.805e+02 232
29539 2 2 4 3.714e+02 3.846e+02 122 2 3 3.463e+02 3.677e+02 198
29540 1 0 4 6.285e+02 6.315e+02 28
29541 18 0 1 6.489e+02 6.531e+02 40 0 2 4.610e+02 4.630e+02 19 0 3 6.049e+02 6.131e+02 76 0 3 6.499e+02 6.521e+02 20 0 3 4.723e+02 4.937e+02 198 0 1 6.008e+02 6.172e+02 151 0 2 6.720e+02 6.720e+02 -14 0 1 4.264e+02 4.556e+02 270 0 4 4.452e+02 4.788e+02 312 0 2 6.150e+02 6.450e+02 279 0 4 6.720e+02 6.720e+02 -2 0 4 6.151e+02 6.449e+02 276 0 4 5.740e+02 6.020e+02 260 2 4 1.242e+02 1.278e+02 33 2 3 1.877e+02 1.903e+02 24 2 4 1.520e+02 1.840e+02 296 2 2 2.178e+01 6.222e+01 376 2 4 2.052e+01 6.348e+01 399
29542 36 0 1 6.491e+02 6.529e+02 36 0 4 3.358e+02 3.362e+02 4 0 4 5.028e+02 5.052e+02 23 0 2 6.296e+02 6.304e+02 8 0 4 7.626e+01 9.174e+01 144 0 3 6.504e+02 6.516e+02 10 0 3 4.701e+02 4.959e+02 240 0 1 5.554e+02 5.786e+02 216 0 2 6.155e+02 6.445e+02 269 0 2 6.700e+02 6.740e+02 37 0 4 6.129e+02 6.471e+02 317 0 4 6.654e+02 6.786e+02 123 0 4 6.585e+02 6.855e+02 251 1 1 6.087e+02 6.093e+02 6 1 2 6.260e+02 6.340e+02 75 1 4 6.268e+02 6.332e+02 59 1 2 6.196e+02 6.404e+02 193 1 1 5.949e+02 6.231e+02 261 1 2 6.124e+02 6.476e+02 326 2 2 1.680e+02 1.680e+02 -10 2 1 5.670e+02 5.670e+02 -24 2 1 2.310e+02 2.310e+02 -2 2 4 6.720e+02 6.720e+02 -20 2 3 1.231e+01 2.969e+01 161 2 2 5.424e+02 5.496e+02 67 2 4 6.638e+02 6.802e+02 152 2 2 2.094e+02 2.106e+02 11 2 3 5.125e+02 5.375e+02 233 2 2 7.370e+01 9.430e+01 191 2 4 5.301e+02 5.619e+02 295 2 1 1.890e+02 1.890e+02 -21 2 4 1.951e+02 2.249e+02 277 2 2 1.788e+01 6.612e+01 448 2 3 1.838e+02 1.942e+02 96 2 1 1.768e+02 2.012e+02 227 2 2 1.544e+02 1.816e+02 253
29543 2 1 3 1.661e+02 2.119e+02 425 1 4 1.862e+02 2.338e+02 442
29544 17 0 1 4.731e+02 4.929e+02 183 0 3 5.974e+02 6.206e+02 215 0 3 4.725e+02 4.935e+02 195 0 3 5.564e+02 5.776e+02 196 0 2 6.215e+02 6.385e+02 157 0 2 6.582e+02 6.858e+02 256 0 4 4.849e+02 5.231e+02 354 0 2 5.257e+02 5.663e+02 377 0 4 6.208e+02 6.392e+02 171 0 4 6.528e+02 6.912e+02 356 0 1 5.427e+02 5.913e+02 451 0 1 5.952e+02 6.228e+02 256 0 3 6.318e+02 6.702e+02 357 0 4 5.637e+02 6.123e+02 450 0 3 5.826e+02 6.354e+02 490 1 4 6.165e+02 6.435e+02 251 1 2 6.051e+02 6.549e+02 463
29545 5 2 3 1.353e+01 2.847e+01 139 2 2 3.753e+01 4.647e+01 83 2 4 3.062e+01 5.338e+01 211 2 1 4.516e+01 8.084e+01 331 2 1 3.204e+00 3.880e+01 330
29546 9 0 1 6.084e+02 6.096e+02 11 0 1 3.966e+02 4.014e+02 44 0 3 5.618e+02 5.722e+02 96 0 2 6.115e+02 6.485e+02 343 0 1 4.216e+02 4.604e+02 360 1 3 6.075e+02 6.105e+02 28 1 1 5.979e+02 6.201e+02 206 1 4 6.113e+02 6.487e+02 348 2 4 3.597e+02 3.963e+02 340
29547 6 0 3 5.236e+02 5.264e+02 26 0 4 6.248e+02 6.352e+02 96 0 1 5.203e+02 5.297e+02 88 0 1 6.039e+02 6.141e+02 95 0 3 5.981e+02 6.199e+02 202 0 2 4.877e+02 5.203e+02 302
29548 4 0 4 5.018e+02 5.062e+02 41 0 3 5.595e+02 5.745e+02 140 0 3 5.083e+02 5.417e+02 310 1 4 5.414e+02 5.506e+02 85
29549 0
29550 3 0 4 6.144e+02 6.456e+02 289 0 3 6.408e+02 6.612e+02 190 2 4 2.049e+02 2.151e+02 95
29553 15 0 4 4.606e+02 4.634e+02 26 0 3 6.481e+02 6.539e+02 53 0 1 4.310e+02 4.510e+02 186 0 4 5.791e+02 5.969e+02 165 0 1 6.415e+02 6.605e+02 176 0 3 4.281e+02 4.539e+02 240 0 3 5.993e+02 6.187e+02 180 0 4 6.598e+02 6.842e+02 226 0 1 5.913e+02 6.267e+02 329 0 2 6.115e+02 6.485e+02 344 1 3 5.640e+02 5.700e+02 56 1 2 5.313e+02 5.607e+02 273 1 4 5.274e+02 5.646e+02 346 2 1 -2.046e+00 4.405e+01 428 2 3 -4.557e+00 4.656e+01 475
29554 48 0 1 5.666e+02 5.674e+02 8 0 4 6.710e+02 6.730e+02 19 0 1 3.976e+02 4.004e+02 26 0 2 5.027e+02 5.053e+02 25 0 4 2.821e+02 3.059e+02 221 0 3 5.656e+02 5.684e+02 26 0 2 3.674e+02 3.886e+02 196 0 1 6.048e+02 6.132e+02 78 0 4 3.543e+02 4.017e+02 440 0 3 3.938e+02 4.042e+02 96 0 4 5.028e+02 5.052e+02 23 0 1 5.227e+02 5.273e+02 42 0 3 6.072e+02 6.108e+02 33 0 2 6.571e+02 6.869e+02 276 0 1 3.890e+02 4.090e+02 186 0 1 4.713e+02 4.947e+02 216 0 2 5.303e+02 5.617e+02 292 0 2 6.205e+02 6.395e+02 176 0 4 6.551e+02 6.889e+02 313 0 4 4.090e+02 4.310e+02 204 0 3 5.071e+02 5.429e+02 333 0 4 6.214e+02 6.386e+02 160 0 4 6.150e+02 6.450e+02 279 1 4 5.873e+02 5.887e+02 14 1 1 6.090e+02 6.090e+02 -1 1 3 5.528e+02 5.812e+02 263 1 3 6.029e+02 6.151e+02 114 1 4 5.698e+02 6.062e+02 339 1 2 6.258e+02 6.342e+02 77 1 4 6.279e+02 6.321e+02 39 2 3 1.039e+02 1.061e+02 20 2 3 3.984e+02 3.996e+02 10 2 4 3.721e+02 3.839e+02 109 2 3 3.911e+02 4.069e+02 147 2 1 6.140e+01 6.460e+01 30 2 4 5.014e+02 5.066e+02 49 2 2 1.251e+02 1.269e+02 17 2 2 4.087e+02 4.313e+02 210 2 4 3.538e+01 4.862e+01 123 2 4 4.120e+02 4.280e+02 149 2 4 1.227e+02 1.293e+02 62 2 1 1.285e+02 1.655e+02 343 2 1 3.836e+02 4.144e+02 286 2 3 4.884e+01 7.716e+01 263 2 3 8.621e+01 1.238e+02 349 2 2 2.703e+01 5.697e+01 278 3 4 1.242e+02 1.278e+02 34 3 4 3.601e+02 3.959e+02 333
29555 76 0 3 6.090e+02 6.090e+02 -4 0 2 3.780e+02 3.780e+02 -0 0 1 6.496e+02 6.524e+02 26 0 4 2.076e+02 2.124e+02 45 0 4 5.016e+02 5.064e+02 45 0 4 2.908e+02 2.972e+02 60 0 1 5.235e+02 5.265e+02 28 0 4 3.710e+02 3.850e+02 130 0 4 6.282e+02 6.318e+02 33 0 1 2.288e+02 2.332e+02 40 0 3 6.472e+02 6.548e+02 70 0 1 1.713e+02 2.067e+02 328 0 3 4.325e+02 4.495e+02 158 0 3 2.285e+02 2.335e+02 47 0 1 4.799e+02 4.861e+02 57 0 3 2.533e+02 2.927e+02 366 0 2 5.435e+02 5.485e+02 46 0 1 3.415e+02 3.725e+02 287 0 4 5.858e+02 5.902e+02 40 0 2 2.444e+02 2.596e+02 141 0 2 6.714e+02 6.726e+02 10 0 4 2.462e+02 2.578e+02 107 0 4 4.067e+02 4.333e+02 246 0 2 2.043e+02 2.157e+02 106 0 3 4.783e+02 4.877e+02 88 0 3 2.223e+02 2.397e+02 162 0 1 5.654e+02 5.686e+02 29 0 2 1.903e+02 2.297e+02 366 0 1 6.078e+02 6.102e+02 23 0 2 2.337e+02 2.703e+02 340 0 4 6.710e+02 6.730e+02 18 0 1 4.253e+02 4.567e+02 292 0 2 4.992e+02 5.088e+02 89 0 3 5.615e+02 5.725e+02 102 0 2 6.245e+02 6.355e+02 102 0 3 3.826e+02 4.154e+02 306 0 2 4.525e+02 4.715e+02 177 0 3 5.533e+02 5.807e+02 255 0 2 6.185e+02 6.415e+02 214 0 4 4.564e+02 4.676e+02 105 0 3 5.044e+02 5.456e+02 382 0 2 6.108e+02 6.492e+02 356 0 2 4.442e+02 4.798e+02 330 0 4 6.101e+02 6.499e+02 369 1 4 5.871e+02 5.889e+02 17 1 1 6.090e+02 6.090e+02 0 1 4 5.035e+02 5.045e+02 10 1 3 5.594e+02 5.746e+02 140 1 3 6.048e+02 6.132e+02 77 1 3 4.711e+02 4.949e+02 221 1 1 5.589e+02 5.751e+02 150 1 2 6.276e+02 6.324e+02 44 1 2 4.876e+02 5.204e+02 304 1 2 5.774e+02 5.986e+02 196 1 4 6.293e+02 6.307e+02 13 1 4 5.709e+02 6.051e+02 318 1 2 5.261e+02 5.659e+02 369 1 3 5.494e+02 5.846e+02 327 2 2 4.125e+01 4.275e+01 14 2 2 3.292e+02 3.428e+02 126 2 3 6.198e+01 6.402e+01 19 2 3 5.663e+02 5.677e+02 12 2 4 1.223e+02 1.297e+02 69 2 2 5.795e+02 5.965e+02 158 2 3 3.067e+02 3.233e+02 155 2 4 5.366e+02 5.554e+02 174 2 4 3.178e+02 3.542e+02 339 2 1 5.534e+02 5.806e+02 252 2 3 1.366e+01 2.834e+01 136 2 4 1.168e+02 1.352e+02 170 2 1 2.973e+02 3.327e+02 328 2 4 3.286e+01 5.114e+01 170 2 2 7.280e+01 9.520e+01 208 2 1 5.252e+01 7.348e+01 195 2 3 9.048e+01 1.195e+02 270 2 2 2.752e+01 5.648e+01 269
29556 10 3 2 5.039e+02 5.041e+02 2 3 3 5.663e+02 5.677e+02 14 3 2 2.907e+02 2.973e+02 61 3 4 5.451e+02 5.469e+02 17 3 4 4.015e+02 4.385e+02 343 3 1 5.191e+02 5.309e+02 110 3 3 5.497e+02 5.843e+02 321 3 3 5.169e+02 5.331e+02 150 3 2 5.276e+02 5.644e+02 342 3 4 4.914e+02 5.166e+02 234
29557 41 0 4 6.298e+02 6.302e+02 3 0 1 3.971e+02 4.009e+02 36 0 2 5.422e+02 5.498e+02 70 0 1 6.071e+02 6.109e+02 36 0 2 6.710e+02 6.730e+02 18 0 3 3.937e+02 4.043e+02 98 0 2 4.988e+02 5.092e+02 97 0 1 5.657e+02 5.683e+02 25 0 4 6.615e+02 6.825e+02 195 0 4 4.070e+02 4.330e+02 242 0 2 4.555e+02 4.685e+02 120 0 3 5.625e+02 5.715e+02 83 0 4 5.745e+02 6.015e+02 251 0 1 5.130e+02 5.370e+02 222 1 4 5.429e+02 5.491e+02 58 1 2 6.295e+02 6.305e+02 10 1 2 5.823e+02 5.937e+02 106 1 4 6.276e+02 6.324e+02 44 1 4 5.734e+02 6.026e+02 270 1 1 5.902e+02 6.278e+02 349 2 3 4.801e+02 4.859e+02 53 2 4 2.100e+02 2.100e+02 -2 2 4 4.187e+02 4.213e+02 25 2 4 1.616e+02 1.744e+02 119 2 4 4.544e+02 4.696e+02 140 2 3 2.299e+02 2.321e+02 20 2 3 4.307e+02 4.513e+02 192 2 4 2.839e+02 3.041e+02 187 2 1 4.787e+02 4.873e+02 80 2 1 8.094e+00 3.391e+01 240 2 2 4.453e+02 4.787e+02 310 2 2 7.087e+01 9.713e+01 244 2 2 5.265e+02 5.655e+02 363 2 1 1.369e+02 1.571e+02 187 2 2 2.066e+02 2.134e+02 64 2 3 1.733e+02 2.047e+02 291 3 3 2.307e+02 2.313e+02 6 3 4 2.039e+02 2.161e+02 114 3 1 2.304e+02 2.316e+02 10 3 1 2.211e+02 2.409e+02 185 3 2 2.414e+02 2.626e+02 196
29558 2 2 4 3.152e+01 5.248e+01 195 2 4 2.465e+01 5.935e+01 322
29559 0
29560 5 1 2 6.283e+02 6.317e+02 31 2 3 1.739e+01 2.461e+01 67 2 4 1.247e+02 1.273e+02 25 2 3 1.375e+02 1.565e+02 177 2 3 3.458e+02 3.682e+02 208
29561 11 0 2 6.687e+02 6.753e+02 60 0 1 6.468e+02 6.552e+02 79 1 3 4.816e+02 4.844e+02 26 1 2 4.527e+02 4.713e+02 172 1 4 4.925e+02 5.155e+02 213 1 1 4.635e+02 5.025e+02 363 2 4 2.904e+02 2.976e+02 66 2 1 3.003e+02 3.297e+02 272 2 1 3.399e+02 3.741e+02 318 2 3 -7.909e-01 4.279e+01 405 2 2 1.756e+01 6.644e+01 454
29562 0
29565 13 0 3 5.212e+02 5.288e+02 70 0 2 6.633e+02 6.807e+02 161 0 2 4.906e+02 5.174e+02 249 0 2 1.073e+02 1.447e+02 347 0 1 5.120e+02 5.380e+02 241 0 1 5.976e+02 6.204e+02 211 0 4 6.644e+02 6.796e+02 140 0 3 5.959e+02 6.221e+02 243 0 1 6.377e+02 6.643e+02 246 2 1 5.643e+02 5.697e+02 50 2 4 5.423e+02 5.497e+02 68 2 3 5.579e+02 5.761e+02 170 2 2 5.320e+02 5.600e+02 260
29566 32 0 1 5.570e+02 5.770e+02 186 0 1 6.081e+02 6.099e+02 16 0 2 6.699e+02 6.741e+02 40 0 2 4.574e+02 4.666e+02 86 0 3 6.046e+02 6.134e+02 81 0 4 6.644e+02 6.796e+02 141 0 1 4.820e+02 4.840e+02 19 0 3 5.548e+02 5.792e+02 226 0 4 6.223e+02 6.377e+02 143 0 3 4.807e+02 4.853e+02 42 0 4 5.812e+02 5.948e+02 127 0 4 4.511e+02 4.729e+02 202 0 3 5.967e+02 6.213e+02 229 0 3 4.686e+02 4.974e+02 267 0 2 6.192e+02 6.408e+02 200 0 1 4.639e+02 5.021e+02 356 0 4 6.149e+02 6.451e+02 280 0 2 6.114e+02 6.486e+02 345 1 4 6.245e+02 6.355e+02 102 1 2 6.157e+02 6.443e+02 265 1 4 6.120e+02 6.480e+02 335 2 2 1.237e+02 1.283e+02 42 2 3 9.515e+01 1.149e+02 183 2 3 1.918e+01 2.282e+01 34 2 4 1.165e+02 1.355e+02 176 2 2 3.924e+01 4.476e+01 51 2 4 3.605e+01 4.795e+01 110 2 1 9.083e+00 3.292e+01 221 3 1 6.300e+01 6.300e+01 -9 3 2 3.228e+01 5.172e+01 180 3 4 3.731e+01 4.669e+01 87 3 3 4.839e+01 7.761e+01 271
29567 8 0 1 6.059e+02 6.121e+02 57 0 3 6.073e+02 6.107e+02 31 0 4 6.129e+02 6.471e+02 318 1 4 5.826e+02 5.934e+02 100 1 2 6.114e+02 6.486e+02 346 2 3 1.439e+02 1.501e+02 58 2 2 1.679e+02 1.681e+02 1 2 4 1.100e+02 1.420e+02 298
29568 13 0 2 6.671e+02 6.769e+02 90 1 3 6.090e+02 6.090e+02 0 1 1 6.064e+02 6.116e+02 49 1 4 6.266e+02 6.334e+02 64 2 2 2.986e+01 5.414e+01 226 2 1 4.359e+02 4.461e+02 95 2 1 2.206e+02 2.414e+02 194 2 4 3.322e+01 5.078e+01 163 2 1 5.279e+01 7.321e+01 190 2 3 4.866e+01 7.734e+01 266 3 2 3.883e+01 4.517e+01 59 3 2 6.786e+01 1.001e+02 300 3 2 2.784e+01 5.616e+01 263
29569 7 0 3 2.291e+02 2.329e+02 36 0 3 1.836e+02 1.944e+02 100 0 4 2.510e+02 2.530e+02 18 0 3 2.179e+02 2.441e+02 244 1 4 4.578e+02 4.662e+02 79 1 4 2.434e+02 2.606e+02 159 1 3 4.262e+02 4.558e+02 276
29570 58 0 3 4.830e+02 4.830e+02 -11 0 1 6.090e+02 6.090e+02 -7 0 2 6.720e+02 6.720e+02 -6 0 3 2.248e+02 2.372e+02 115 0 1 4.410e+02 4.410e+02 -0 0 2 2.452e+02 2.588e+02 127 0 1 4.747e+02 4.913e+02 155 0 1 5.213e+02 5.287e+02 68 0 3 6.083e+02 6.097e+02 13 0 4 6.712e+02 6.728e+02 15 0 1 4.316e+02 4.504e+02 174 0 2 4.501e+02 4.739e+02 221 0 3 5.176e+02 5.324e+02 138 0 2 6.188e+02 6.412e+02 207 0 3 6.422e+02 6.598e+02 164 0 3 4.333e+02 4.487e+02 143 0 4 4.526e+02 4.714e+02 175 0 2 5.322e+02 5.598e+02 256 0 4 6.132e+02 6.468e+02 312 0 1 6.377e+02 6.643e+02 247 0 4 4.848e+02 5.232e+02 356 0 2 6.535e+02 6.905e+02 343 1 2 6.281e+02 6.319e+02 36 1 1 5.235e+02 5.265e+02 28 1 4 5.829e+02 5.931e+02 94 1 1 1.326e+02 1.614e+02 268 1 4 6.300e+02 6.300e+02 -12 1 3 5.200e+02 5.300e+02 93 1 2 5.459e+02 5.461e+02 1 1 1 6.090e+02 6.090e+02 -7 1 3 5.116e+02 5.384e+02 250 1 3 5.622e+02 5.718e+02 89 1 3 6.054e+02 6.126e+02 67 1 2 5.335e+02 5.585e+02 233 1 2 5.728e+02 6.032e+02 283 1 4 5.707e+02 6.053e+02 322 2 1 6.243e+01 6.357e+01 10 2 3 9.887e+01 1.111e+02 114 2 3 3.937e+02 4.043e+02 99 2 2 1.680e+02 1.680e+02 -6 2 2 4.045e+02 4.355e+02 287 2 4 2.085e+02 2.115e+02 27 2 4 2.914e+02 2.966e+02 48 2 4 3.709e+02 3.851e+02 132 2 4 4.027e+02 4.373e+02 322 2 3 6.055e+01 6.545e+01 46 2 4 1.650e+02 1.710e+02 56 2 1 1.698e+01 2.502e+01 75 2 4 1.112e+02 1.408e+02 275 2 1 1.765e+02 2.015e+02 231 2 3 1.873e+01 2.327e+01 42 2 3 1.297e+02 1.643e+02 320 2 2 4.200e+01 4.200e+01 -10 2 4 4.067e+01 4.333e+01 25 2 3 5.198e+01 7.402e+01 205 2 2 2.761e+01 5.639e+01 267 2 4 2.618e+01 5.782e+01 294 3 4 8.132e+01 8.668e+01 50
29571 12 0 2 5.040e+02 5.040e+02 -21 0 3 5.230e+02 5.270e+02 36 0 4 6.668e+02 6.772e+02 97 0 1 6.445e+02 6.575e+02 121 0 2 4.869e+02 5.211e+02 318 0 3 6.398e+02 6.622e+02 208 0 2 6.641e+02 6.799e+02 146 1 3 2.070e+02 2.550e+02 446 2 3 1.366e+02 1.574e+02 193 2 1 3.483e+02 3.657e+02 162 2 2 1.590e+02 1.770e+02 167 2 4 1.558e+02 1.802e+02 226
29572 33 0 3 4.804e+02 4.856e+02 48 0 2 6.295e+02 6.305e+02 10 0 1 6.439e+02 6.581e+02 132 0 4 3.257e+02 3.463e+02 190 0 4 5.855e+02 5.905e+02 46 0 4 6.656e+02 6.784e+02 120 0 2 4.521e+02 4.719e+02 184 0 1 5.520e+02 5.820e+02 279 0 3 6.012e+02 6.168e+02 146 0 3 6.420e+02 6.600e+02 167 0 4 4.075e+02 4.325e+02 232 0 1 4.727e+02 4.933e+02 190 0 3 5.490e+02 5.850e+02 334 0 4 6.219e+02 6.381e+02 150 0 2 6.574e+02 6.866e+02 270 0 4 4.444e+02 4.796e+02 326 1 1 6.087e+02 6.093e+02 6 1 2 6.131e+02 6.469e+02 313 2 1 6.300e+01 6.300e+01 -14 2 3 1.039e+02 1.061e+02 20 2 1 2.070e+01 2.130e+01 6 2 2 7.913e+01 8.887e+01 90 2 3 2.100e+01 2.100e+01 -20 2 4 7.154e+01 9.646e+01 231 2 4 4.107e+01 4.293e+01 17 2 2 1.125e+02 1.395e+02 251 2 1 5.678e+01 6.922e+01 116 2 4 1.093e+02 1.427e+02 310 2 3 5.575e+01 7.025e+01 135 2 2 3.434e+01 4.966e+01 142 2 1 4.686e+01 7.914e+01 300 2 1 4.372e+00 3.763e+01 309 2 2 2.407e+01 5.993e+01 333
29573 49 0 3 4.812e+02 4.848e+02 33 0 4 4.990e+02 5.090e+02 93 0 4 6.619e+02 6.821e+02 188 0 3 4.292e+02 4.528e+02 219 0 3 4.683e+02 4.977e+02 273 0 4 2.695e+02 3.185e+02 455 0 3 5.934e+02 6.246e+02 290 0 1 6.343e+02 6.677e+02 310 0 4 3.101e+02 3.619e+02 481 0 2 4.404e+02 4.836e+02 400 0 2 6.109e+02 6.491e+02 356 0 2 6.540e+02 6.900e+02 334 0 4 4.370e+02 4.870e+02 464 0 1 5.845e+02 6.335e+02 455 0 3 6.251e+02 6.769e+02 480 0 4 6.039e+02 6.561e+02 484 1 1 1.023e+02 1.077e+02 50 1 3 1.783e+02 1.997e+02 198 1 3 9.883e+01 1.112e+02 115 1 4 2.039e+02 2.161e+02 113 1 2 1.196e+02 1.324e+02 120 1 4 1.162e+02 1.358e+02 181 1 2 1.139e+02 1.381e+02 226 2 1 6.217e+01 6.383e+01 16 2 2 8.272e+01 8.528e+01 24 2 3 1.455e+02 1.485e+02 27 2 4 2.050e+02 2.150e+02 92 2 1 3.812e+02 4.168e+02 331 2 2 2.887e+02 2.993e+02 98 2 3 3.534e+02 3.606e+02 66 2 3 6.208e+01 6.392e+01 17 2 4 7.509e+01 9.291e+01 166 2 2 1.637e+02 1.723e+02 80 2 1 3.130e+02 3.170e+02 38 2 2 3.701e+02 3.859e+02 147 2 2 4.036e+01 4.364e+01 30 2 4 1.112e+02 1.408e+02 275 2 1 1.717e+02 2.063e+02 322 2 4 2.836e+02 3.044e+02 193 2 4 3.560e+01 4.840e+01 119 2 2 6.899e+01 9.901e+01 279 2 1 1.341e+02 1.599e+02 240 2 3 2.592e+02 2.868e+02 256 2 1 1.393e+01 2.807e+01 131 2 3 1.276e+01 2.924e+01 153 2 3 -3.399e-01 4.234e+01 396 2 3 4.305e+01 8.295e+01 370 2 1 -8.346e-01 4.283e+01 406 3 1 1.510e+01 2.690e+01 110
29574 24 0 1 5.624e+02 5.716e+02 86 0 1 9.492e+01 1.151e+02 187 0 1 6.033e+02 6.147e+02 106 0 2 6.708e+02 6.732e+02 21 0 2 1.095e+02 1.424e+02 306 0 1 4.387e+02 4.433e+02 42 0 3 8.801e+01 1.220e+02 316 0 2 4.529e+02 4.711e+02 169 0 3 5.571e+02 5.769e+02 184 0 4 6.201e+02 6.399e+02 183 0 4 6.647e+02 6.793e+02 136 0 3 4.224e+02 4.596e+02 345 0 4 4.548e+02 4.692e+02 133 0 4 5.801e+02 5.959e+02 146 0 1 6.459e+02 6.561e+02 95 0 3 5.992e+02 6.188e+02 182 0 3 6.437e+02 6.583e+02 136 0 2 6.183e+02 6.417e+02 216 2 2 2.096e+02 2.104e+02 8 2 4 4.045e+01 4.355e+01 29 2 4 2.022e+02 2.178e+02 145 2 4 3.102e+01 5.298e+01 204 2 3 1.727e+02 2.053e+02 303 2 1 2.148e+02 2.472e+02 300
