2848 6 0 1 6.467e+02 6.553e+02 80 0 3 4.382e+02 4.438e+02 51 0 3 6.455e+02 6.565e+02 103 0 1 4.338e+02 4.482e+02 134 0 2 6.665e+02 6.775e+02 103 0 4 6.624e+02 6.816e+02 179
2849 12 0 1 4.767e+01 7.833e+01 285 1 4 5.855e+02 5.905e+02 46 1 4 5.688e+02 6.072e+02 356 2 3 1.868e+02 1.912e+02 41 2 3 4.397e+02 4.423e+02 24 2 4 2.090e+02 2.110e+02 18 2 2 2.909e+01 5.491e+01 240 2 4 1.657e+02 1.703e+02 42 2 2 1.992e+02 2.208e+02 200 2 1 4.503e+00 3.750e+01 306 2 1 1.734e+02 2.046e+02 289 2 4 1.988e+02 2.212e+02 209
2850 2 0 4 3.241e+02 3.479e+02 221 2 3 1.788e+01 2.412e+01 58
2851 56 0 2 5.446e+02 5.474e+02 26 0 4 5.868e+02 5.892e+02 23 0 3 6.488e+02 6.532e+02 41 0 3 4.377e+02 4.443e+02 61 0 3 2.157e+02 2.463e+02 284 0 2 5.015e+02 5.065e+02 47 0 1 3.428e+02 3.712e+02 263 0 3 5.616e+02 5.724e+02 100 0 1 6.086e+02 6.094e+02 8 0 2 6.718e+02 6.722e+02 4 0 4 5.035e+02 5.045e+02 10 0 1 5.596e+02 5.744e+02 138 0 3 6.079e+02 6.101e+02 21 0 4 6.720e+02 6.720e+02 0 0 4 4.588e+02 4.652e+02 59 0 3 5.068e+02 5.432e+02 339 0 2 6.276e+02 6.324e+02 44 0 1 6.477e+02 6.543e+02 61 0 1 4.762e+02 4.898e+02 126 0 3 5.493e+02 5.847e+02 330 0 4 6.248e+02 6.352e+02 97 0 3 6.341e+02 6.679e+02 314 0 3 4.661e+02 4.999e+02 314 0 2 6.168e+02 6.432e+02 245 1 4 5.450e+02 5.470e+02 19 1 1 6.090e+02 6.090e+02 0 1 3 6.080e+02 6.100e+02 19 1 3 5.121e+02 5.379e+02 239 1 2 6.295e+02 6.305e+02 9 1 2 5.720e+02 6.040e+02 296 1 4 6.295e+02 6.305e+02 9 2 3 1.030e+02 1.070e+02 36 2 4 2.925e+02 2.955e+02 28 2 4 4.166e+01 4.234e+01 6 2 2 1.253e+02 1.267e+02 12 2 4 4.142e+02 4.258e+02 107 2 2 1.651e+02 1.709e+02 55 2 2 2.045e+02 2.155e+02 102 2 3 3.091e+02 3.209e+02 109 2 4 4.042e+02 4.358e+02 294 2 1 6.289e+01 6.311e+01 2 2 4 8.012e+01 8.788e+01 72 2 4 1.576e+02 1.784e+02 193 2 4 2.776e+02 3.104e+02 305 2 4 3.314e+01 5.086e+01 165 2 4 6.935e+01 9.865e+01 272 2 1 1.380e+02 1.560e+02 167 2 3 4.938e+01 7.662e+01 253 2 4 1.114e+02 1.406e+02 271 2 3 1.306e+02 1.634e+02 304 2 2 3.026e+01 5.374e+01 218 3 4 2.913e+02 2.967e+02 50 3 3 1.478e+01 2.722e+01 116 3 4 2.793e+02 3.087e+02 274 3 1 7.424e+00 3.458e+01 252 3 2 2.506e+01 5.894e+01 315
2852 3 2 4 1.597e+02 1.763e+02 155 2 3 1.810e+02 1.970e+02 148 2 2 1.530e+02 1.830e+02 278
2853 8 0 3 1.840e+02 1.940e+02 92 0 1 5.229e+02 5.271e+02 39 0 1 6.030e+02 6.150e+02 112 0 4 1.572e+02 1.788e+02 201 2 3 1.432e+02 1.508e+02 71 2 2 2.454e+02 2.586e+02 122 2 3 1.343e+02 1.597e+02 236 2 2 3.638e+02 3.922e+02 263
2854 11 0 1 4.807e+02 4.853e+02 42 0 1 6.047e+02 6.133e+02 80 0 3 4.745e+02 4.915e+02 157 0 3 6.049e+02 6.131e+02 76 0 4 4.947e+02 5.133e+02 172 0 4 6.152e+02 6.448e+02 275 0 2 4.898e+02 5.182e+02 264 2 3 2.297e+02 2.323e+02 25 2 4 2.916e+02 2.964e+02 46 2 4 3.290e+02 3.430e+02 130 2 3 3.038e+02 3.262e+02 209
2855 0
2856 7 3 4 5.033e+02 5.047e+02 13 3 4 5.403e+02 5.517e+02 106 3 1 5.250e+02 5.250e+02 -4 3 1 4.813e+02 4.847e+02 31 3 3 4.784e+02 4.876e+02 86 3 4 4.915e+02 5.165e+02 231 3 2 4.920e+02 5.160e+02 223
2860 2 3 3 4.758e+02 4.902e+02 134 3 4 4.495e+02 4.745e+02 233
2861 3 0 2 6.690e+02 6.750e+02 56 0 4 6.691e+02 6.749e+02 54 0 3 6.339e+02 6.681e+02 317
2862 6 2 2 4.094e+01 4.306e+01 20 2 1 1.671e+01 2.529e+01 80 2 3 1.514e+01 2.686e+01 109 3 3 1.443e+02 1.497e+02 50 3 3 4.825e+01 7.775e+01 274 3 4 7.352e+01 9.448e+01 195
2863 13 0 2 6.251e+02 6.349e+02 91 0 2 5.407e+02 5.513e+02 98 0 4 6.232e+02 6.368e+02 127 0 2 6.657e+02 6.783e+02 116 0 3 5.532e+02 5.808e+02 256 0 4 6.626e+02 6.814e+02 175 0 1 5.090e+02 5.410e+02 298 0 1 5.860e+02 6.320e+02 426 0 3 6.317e+02 6.703e+02 358 2 4 2.843e+02 3.037e+02 180 2 1 3.079e+02 3.221e+02 131 2 3 3.035e+02 3.265e+02 213 2 2 2.719e+02 3.161e+02 410
2864 2 0 4 4.189e+02 4.211e+02 20 0 4 4.047e+02 4.353e+02 285
2866 52 0 1 4.818e+02 4.842e+02 22 0 2 2.492e+02 2.548e+02 52 0 3 4.809e+02 4.851e+02 40 0 4 2.392e+02 2.648e+02 237 0 4 5.026e+02 5.054e+02 26 0 1 2.207e+02 2.413e+02 191 0 4 6.535e+02 6.905e+02 344 0 1 4.657e+02 5.003e+02 320 0 3 2.557e+02 2.903e+02 322 0 2 4.908e+02 5.172e+02 246 1 2 5.850e+02 5.910e+02 56 1 2 2.043e+02 2.157e+02 106 1 3 6.058e+02 6.122e+02 60 1 1 2.174e+02 2.446e+02 252 1 4 6.217e+02 6.383e+02 154 1 4 6.111e+02 6.489e+02 351 2 3 3.136e+02 3.164e+02 26 2 4 5.036e+02 5.044e+02 7 2 4 3.339e+02 3.381e+02 40 2 4 5.452e+02 5.468e+02 15 2 3 1.936e+01 2.264e+01 30 2 2 6.674e+02 6.766e+02 86 2 4 1.256e+02 1.264e+02 8 2 3 4.382e+02 4.438e+02 51 2 4 1.605e+02 1.755e+02 139 2 2 5.007e+02 5.073e+02 60 2 3 3.559e+02 3.581e+02 20 2 1 5.652e+02 5.688e+02 34 2 4 3.726e+01 4.674e+01 88 2 1 1.836e+02 1.944e+02 100 2 4 4.107e+02 4.293e+02 173 2 4 2.828e+02 3.052e+02 208 2 3 5.164e+02 5.336e+02 160 2 3 3.464e+02 3.676e+02 196 2 4 6.618e+02 6.822e+02 189 2 1 1.209e+01 2.991e+01 166 2 2 5.379e+02 5.541e+02 151 2 1 1.366e+02 1.574e+02 193 2 4 2.741e+02 3.139e+02 369 2 4 5.316e+02 5.604e+02 268 2 4 3.625e+02 3.935e+02 287 2 1 5.543e+02 5.797e+02 236 2 2 3.147e+01 5.253e+01 196 2 3 5.549e+02 5.791e+02 224 2 3 1.356e+02 1.584e+02 212 2 3 5.085e+02 5.415e+02 306 2 4 3.211e+02 3.509e+02 277 2 2 5.303e+02 5.617e+02 291 2 2 1.599e+02 1.761e+02 151 2 3 1.698e+02 2.082e+02 357 3 3 1.734e+01 2.466e+01 68 3 1 2.935e+00 3.907e+01 336
2867 0
2868 28 2 2 3.337e+02 3.383e+02 42 2 4 4.616e+02 4.624e+02 8 2 2 3.843e+01 4.557e+01 66 2 2 8.400e+01 8.400e+01 -0 2 3 4.735e+02 4.925e+02 177 2 1 1.467e+02 1.473e+02 6 2 2 4.934e+02 5.146e+02 196 2 4 2.085e+02 2.115e+02 28 2 3 2.697e+02 2.763e+02 60 2 4 3.324e+02 3.396e+02 67 2 1 1.007e+01 3.193e+01 203 2 4 8.400e+01 8.400e+01 -3 2 3 1.470e+02 1.470e+02 -1 2 1 2.264e+02 2.356e+02 85 2 3 3.091e+02 3.209e+02 110 2 3 4.695e+01 7.905e+01 298 2 3 9.743e+01 1.126e+02 140 2 3 2.251e+02 2.369e+02 110 2 1 2.674e+02 2.786e+02 104 2 1 3.404e+02 3.736e+02 309 2 4 1.218e+02 1.302e+02 77 2 4 2.349e+02 2.691e+02 318 2 2 2.816e+02 3.064e+02 230 2 2 7.257e+01 9.543e+01 212 2 2 1.925e+02 2.275e+02 326 2 1 2.602e+02 2.858e+02 237 2 2 1.150e+02 1.370e+02 205 2 4 2.776e+02 3.104e+02 306
2869 2 0 3 5.481e+02 5.859e+02 351 0 1 5.434e+02 5.906e+02 439
2870 18 0 4 6.300e+02 6.300e+02 -2 0 2 3.360e+02 3.360e+02 -20 0 1 6.087e+02 6.093e+02 6 0 2 6.720e+02 6.720e+02 -21 0 3 6.062e+02 6.118e+02 51 0 4 6.720e+02 6.720e+02 -8 0 1 6.007e+02 6.173e+02 154 0 1 6.375e+02 6.645e+02 250 0 2 6.165e+02 6.435e+02 250 0 3 6.370e+02 6.650e+02 260 0 4 6.189e+02 6.411e+02 206 0 4 5.722e+02 6.038e+02 294 1 1 6.090e+02 6.090e+02 -6 1 2 6.300e+02 6.300e+02 -22 2 2 8.258e+01 8.542e+01 26 2 1 5.857e+01 6.743e+01 82 2 4 8.388e+01 8.412e+01 2 2 3 4.642e+01 7.958e+01 308
2871 2 0 2 6.720e+02 6.720e+02 -15 1 1 1.758e+02 2.022e+02 246
2872 68 0 1 3.979e+02 4.001e+02 20 0 1 2.263e+02 2.357e+02 86 0 1 4.796e+02 4.864e+02 63 0 2 2.932e+02 2.948e+02 16 0 1 5.219e+02 5.281e+02 58 0 4 3.261e+02 3.459e+02 184 0 4 5.868e+02 5.892e+02 22 0 2 2.477e+02 2.563e+02 80 0 2 6.702e+02 6.738e+02 33 0 4 2.895e+02 2.985e+02 84 0 3 4.325e+02 4.495e+02 157 0 2 3.163e+02 3.557e+02 366 0 3 4.757e+02 4.903e+02 135 0 4 2.377e+02 2.663e+02 266 0 2 5.438e+02 5.482e+02 41 0 1 3.112e+02 3.188e+02 71 0 2 6.167e+02 6.433e+02 246 0 3 2.614e+02 2.846e+02 215 0 4 6.688e+02 6.752e+02 60 0 1 2.560e+02 2.900e+02 316 0 3 3.913e+02 4.067e+02 142 0 2 4.960e+02 5.120e+02 148 0 3 5.170e+02 5.330e+02 148 0 1 6.441e+02 6.579e+02 128 0 4 4.040e+02 4.360e+02 298 0 4 4.977e+02 5.103e+02 116 0 2 5.317e+02 5.603e+02 266 0 2 6.545e+02 6.895e+02 326 0 1 4.256e+02 4.564e+02 286 0 4 4.879e+02 5.201e+02 300 0 1 5.522e+02 5.818e+02 275 0 3 5.509e+02 5.831e+02 300 0 1 5.095e+02 5.405e+02 287 1 1 3.546e+02 3.594e+02 45 1 1 5.613e+02 5.727e+02 106 1 1 6.084e+02 6.096e+02 11 1 3 5.153e+02 5.347e+02 180 1 2 5.864e+02 5.896e+02 29 1 3 6.085e+02 6.095e+02 10 1 4 5.852e+02 5.908e+02 52 1 2 6.290e+02 6.310e+02 18 1 4 5.325e+02 5.595e+02 251 1 4 6.293e+02 6.307e+02 14 1 4 5.709e+02 6.051e+02 317 1 1 5.516e+02 5.824e+02 286 1 3 5.499e+02 5.841e+02 317 2 2 3.937e+01 4.463e+01 49 2 2 5.449e+02 5.471e+02 20 2 1 2.270e+02 2.350e+02 74 2 4 4.998e+02 5.082e+02 78 2 3 3.086e+02 3.214e+02 120 2 1 5.626e+02 5.714e+02 81 2 2 3.306e+02 3.414e+02 100 2 4 5.351e+02 5.569e+02 203 2 4 3.928e+01 4.472e+01 50 2 4 1.556e+02 1.804e+02 230 2 3 5.515e+02 5.825e+02 287 2 4 2.821e+02 3.059e+02 220 2 3 5.085e+02 5.415e+02 307 2 2 3.232e+02 3.488e+02 237 2 1 5.840e+01 6.760e+01 86 2 4 1.163e+02 1.357e+02 180 2 2 1.964e+02 2.236e+02 252 2 3 5.310e+01 7.290e+01 184 2 3 9.575e+00 3.243e+01 212 2 2 2.317e+01 6.083e+01 350 2 1 4.642e+01 7.958e+01 308 3 3 1.699e+02 2.081e+02 356
2873 3 0 3 5.987e+02 6.193e+02 192 0 4 5.760e+02 6.000e+02 223 0 1 5.936e+02 6.244e+02 286
2874 2 0 4 6.146e+02 6.454e+02 286 2 2 2.842e+01 5.558e+01 252
2875 6 1 3 1.434e+02 1.506e+02 67 2 1 5.221e+02 5.279e+02 53 2 3 4.262e+02 4.558e+02 276 2 2 4.890e+02 5.190e+02 279 2 1 5.077e+02 5.423e+02 320 2 4 4.454e+02 4.786e+02 309
2876 32 0 3 6.090e+02 6.090e+02 -24 0 1 3.979e+02 4.001e+02 21 0 3 5.638e+02 5.702e+02 59 0 4 6.289e+02 6.311e+02 20 0 3 6.510e+02 6.510e+02 -18 0 4 4.169e+02 4.231e+02 57 0 1 5.239e+02 5.261e+02 21 0 4 5.860e+02 5.900e+02 38 0 3 3.858e+02 4.122e+02 246 0 2 5.372e+02 5.548e+02 163 0 1 6.055e+02 6.125e+02 66 0 3 5.554e+02 5.786e+02 215 0 2 6.180e+02 6.420e+02 223 0 1 5.529e+02 5.811e+02 262 1 3 5.670e+02 5.670e+02 -16 1 4 4.620e+02 4.620e+02 -6 1 3 6.090e+02 6.090e+02 -4 1 2 5.848e+02 5.912e+02 59 1 2 6.286e+02 6.314e+02 26 1 4 5.880e+02 5.880e+02 -4 1 1 6.067e+02 6.113e+02 43 1 1 5.541e+02 5.799e+02 239 1 4 6.218e+02 6.382e+02 153 1 2 5.737e+02 6.023e+02 266 1 1 5.983e+02 6.197e+02 199 1 4 5.721e+02 6.039e+02 295 2 3 1.842e+01 2.358e+01 48 2 2 2.925e+02 2.955e+02 28 2 4 2.803e+02 3.077e+02 255 2 3 2.567e+02 2.893e+02 303 2 4 2.568e+01 5.832e+01 303 2 1 2.947e+02 3.353e+02 377
2877 14 0 4 3.775e+02 3.785e+02 9 0 4 5.770e+02 5.990e+02 204 0 3 5.971e+02 6.209e+02 221 2 2 1.665e+02 1.695e+02 27 2 3 3.986e+02 3.994e+02 7 2 4 1.204e+02 1.316e+02 105 2 1 1.410e+02 1.530e+02 111 2 1 3.838e+02 4.142e+02 282 2 4 3.646e+02 3.914e+02 249 2 3 3.879e+02 4.101e+02 206 2 3 1.368e+02 1.572e+02 189 2 2 1.081e+02 1.439e+02 333 2 2 4.075e+02 4.325e+02 232 2 3 1.762e+02 2.018e+02 238
2878 30 0 4 3.747e+02 3.813e+02 62 0 2 6.718e+02 6.722e+02 3 0 4 6.695e+02 6.745e+02 47 0 1 3.506e+02 3.634e+02 120 0 2 3.648e+02 3.912e+02 245 0 2 6.539e+02 6.901e+02 336 2 3 3.139e+02 3.161e+02 20 2 3 6.239e+01 6.361e+01 11 2 2 5.039e+02 5.041e+02 2 2 4 8.276e+01 8.524e+01 23 2 4 6.222e+02 6.378e+02 146 2 3 1.871e+02 1.909e+02 36 2 4 6.636e+02 6.804e+02 156 2 2 3.262e+02 3.458e+02 181 2 3 4.705e+02 4.955e+02 231 2 2 3.932e+01 4.468e+01 50 2 1 5.185e+02 5.315e+02 121 2 3 9.317e+01 1.168e+02 220 2 3 6.437e+02 6.583e+02 135 2 4 1.617e+02 1.743e+02 117 2 4 4.911e+02 5.169e+02 239 2 4 2.822e+02 3.058e+02 219 2 3 1.307e+01 2.893e+01 147 2 2 7.033e+01 9.767e+01 254 2 1 1.795e+02 1.985e+02 177 2 2 1.943e+02 2.257e+02 291 2 1 2.961e+02 3.339e+02 351 2 1 3.371e+02 3.769e+02 370 2 1 4.776e+01 7.824e+01 283 2 4 2.452e+01 5.948e+01 325
2879 0
2881 12 2 2 3.320e+02 3.400e+02 75 2 4 5.780e+02 5.980e+02 186 2 3 1.312e+01 2.888e+01 146 2 4 1.206e+02 1.314e+02 100 2 3 6.017e+02 6.163e+02 136 2 2 2.068e+02 2.132e+02 60 2 1 3.059e+02 3.241e+02 170 2 4 3.307e+02 3.413e+02 98 2 1 5.566e+01 7.034e+01 136 2 3 1.755e+02 2.025e+02 250 2 4 1.999e+02 2.201e+02 187 2 3 2.972e+02 3.328e+02 330
2882 10 0 4 4.500e+02 4.740e+02 223 2 3 5.328e+01 7.272e+01 180 2 2 7.388e+01 9.412e+01 188 2 1 1.326e+01 2.874e+01 144 2 2 6.062e+02 6.538e+02 441 2 4 7.114e+01 9.686e+01 239 2 3 1.240e+01 2.960e+01 160 2 1 4.812e+01 7.788e+01 276 3 1 2.721e+02 2.739e+02 16 3 4 3.735e+02 3.825e+02 84
2884 20 0 1 6.460e+02 6.560e+02 92 0 2 5.031e+02 5.049e+02 17 0 2 6.690e+02 6.750e+02 56 0 1 4.664e+02 4.996e+02 308 0 4 6.641e+02 6.799e+02 146 0 1 6.379e+02 6.641e+02 244 1 4 6.293e+02 6.307e+02 14 1 3 6.058e+02 6.122e+02 60 1 1 5.890e+02 6.290e+02 370 2 1 6.510e+02 6.510e+02 0 2 4 6.244e+02 6.356e+02 104 2 3 5.602e+01 6.998e+01 130 2 2 1.175e+02 1.345e+02 158 2 3 6.452e+02 6.568e+02 107 2 1 1.425e+02 1.515e+02 83 2 1 4.700e+01 7.900e+01 297 2 4 1.233e+02 1.287e+02 50 2 3 1.288e+02 1.652e+02 338 2 2 7.670e+01 9.130e+01 136 2 4 6.670e+01 1.013e+02 321
2886 3 0 2 6.700e+02 6.740e+02 38 0 4 6.692e+02 6.748e+02 51 0 3 6.367e+02 6.653e+02 266
2888 0
2889 0
2890 11 0 4 6.297e+02 6.303e+02 5 0 1 6.394e+02 6.626e+02 215 0 4 5.749e+02 6.011e+02 243 0 1 6.003e+02 6.177e+02 161 0 3 6.369e+02 6.651e+02 261 0 3 6.008e+02 6.172e+02 152 0 2 6.501e+02 6.939e+02 406 0 3 5.835e+02 6.345e+02 473 0 4 6.529e+02 6.911e+02 354 2 2 1.174e+02 1.346e+02 159 2 3 7.962e+01 1.304e+02 471
2891 4 1 4 5.850e+02 5.910e+02 56 1 3 5.885e+02 6.295e+02 380 2 4 7.536e+01 9.264e+01 160 3 3 9.811e+01 1.119e+02 128
2892 11 0 3 6.077e+02 6.103e+02 25 0 2 6.275e+02 6.325e+02 47 0 4 6.271e+02 6.329e+02 53 0 1 6.040e+02 6.140e+02 93 0 4 6.130e+02 6.470e+02 316 2 3 1.029e+02 1.071e+02 40 2 4 3.964e+01 4.436e+01 44 2 1 1.101e+01 3.099e+01 186 2 4 1.083e+02 1.437e+02 328 2 3 4.413e+01 8.187e+01 350 2 3 1.501e+00 4.050e+01 362
2893 1 2 3 1.459e+02 1.481e+02 20
2894 0
