16390 29 0 2 6.300e+02 6.300e+02 -0 0 1 6.510e+02 6.510e+02 -4 0 4 2.938e+02 2.942e+02 3 0 2 5.402e+02 5.518e+02 108 0 1 6.030e+02 6.150e+02 110 0 3 6.501e+02 6.519e+02 17 0 1 5.633e+02 5.707e+02 70 0 4 6.273e+02 6.327e+02 50 0 2 6.711e+02 6.729e+02 17 0 3 5.622e+02 5.718e+02 89 0 3 5.966e+02 6.214e+02 230 0 4 6.616e+02 6.824e+02 194 0 1 5.137e+02 5.363e+02 210 0 2 6.180e+02 6.420e+02 223 0 1 6.323e+02 6.697e+02 348 0 3 5.170e+02 5.330e+02 148 0 2 6.112e+02 6.488e+02 349 0 3 6.320e+02 6.700e+02 353 1 4 6.096e+02 6.504e+02 379 1 1 4.794e+01 7.806e+01 280 2 2 1.649e+02 1.711e+02 57 2 3 5.790e+01 6.810e+01 95 2 2 7.931e+01 8.869e+01 87 2 1 1.860e+01 2.340e+01 45 2 4 3.345e+01 5.055e+01 159 2 2 6.526e+01 1.027e+02 348 2 1 5.404e+01 7.196e+01 166 2 3 8.275e+00 3.372e+01 236 3 2 2.907e+02 2.973e+02 62
16392 5 1 2 6.251e+02 6.349e+02 90 1 4 6.164e+02 6.436e+02 252 2 1 5.764e+01 6.836e+01 100 2 2 3.278e+01 5.122e+01 171 3 1 1.029e+01 3.171e+01 199
16393 0
16394 22 0 2 4.595e+02 4.645e+02 46 0 3 6.019e+02 6.161e+02 132 0 4 4.535e+02 4.705e+02 158 0 4 6.222e+02 6.378e+02 145 0 2 6.542e+02 6.898e+02 331 0 3 4.721e+02 4.939e+02 202 0 4 5.706e+02 6.054e+02 323 0 4 6.521e+02 6.919e+02 369 0 4 4.891e+02 5.189e+02 277 0 1 5.874e+02 6.306e+02 400 0 2 4.871e+02 5.209e+02 314 0 3 5.860e+02 6.320e+02 427 0 2 4.782e+02 5.298e+02 479 0 2 6.069e+02 6.531e+02 430 2 3 1.447e+01 2.753e+01 121 2 4 6.241e+02 6.359e+02 110 2 4 6.637e+02 6.803e+02 154 2 4 1.983e+02 2.217e+02 218 2 1 2.215e+02 2.405e+02 177 2 4 5.635e+02 6.125e+02 455 2 3 2.180e+02 2.440e+02 242 2 2 1.887e+02 2.313e+02 396
16396 0
16402 9 0 2 5.450e+02 5.470e+02 19 0 4 6.711e+02 6.729e+02 16 0 1 5.559e+02 5.781e+02 206 0 3 5.535e+02 5.805e+02 251 0 4 5.860e+02 5.900e+02 37 0 2 6.232e+02 6.368e+02 127 1 2 3.744e+02 3.816e+02 66 2 3 5.808e+01 6.792e+01 91 2 4 2.411e+01 5.989e+01 332
16403 3 0 4 4.163e+02 4.237e+02 69 0 3 3.800e+02 4.180e+02 352 1 4 6.156e+02 6.444e+02 267
16404 2 3 1 1.753e+02 2.027e+02 255 3 3 1.773e+02 2.007e+02 217
16405 28 0 3 2.304e+02 2.316e+02 11 0 2 6.300e+02 6.300e+02 -18 0 4 4.103e+01 4.297e+01 18 0 1 6.510e+02 6.510e+02 -13 0 1 1.833e+02 1.947e+02 106 0 4 2.482e+02 2.558e+02 70 0 4 6.279e+02 6.321e+02 39 0 3 1.918e+01 2.282e+01 34 0 1 6.387e+02 6.633e+02 228 0 1 1.698e+02 2.082e+02 357 0 3 5.239e+02 5.261e+02 20 0 4 2.062e+02 2.138e+02 71 0 4 5.860e+02 5.900e+02 36 0 2 2.023e+02 2.177e+02 144 0 3 5.491e+02 5.849e+02 332 0 3 2.199e+02 2.421e+02 206 0 1 5.093e+02 5.407e+02 291 2 4 3.342e+02 3.378e+02 33 2 2 2.891e+02 2.989e+02 91 2 3 5.876e+01 6.724e+01 79 2 2 1.249e+02 1.271e+02 20 2 3 1.357e+02 1.583e+02 210 2 4 2.928e+02 2.952e+02 23 2 3 1.640e+01 2.560e+01 86 2 4 1.174e+02 1.346e+02 159 2 1 1.281e+02 1.659e+02 351 2 3 2.664e+02 2.796e+02 123 2 3 9.075e+01 1.192e+02 265
16408 0
16409 2 0 3 6.225e+01 6.375e+01 14 0 2 6.777e+01 1.002e+02 301
16410 0
16411 5 0 3 6.090e+02 6.090e+02 -17 2 4 2.506e+02 2.534e+02 26 2 3 2.716e+02 2.744e+02 26 2 2 2.437e+02 2.603e+02 155 2 1 2.680e+02 2.780e+02 93
16412 4 2 4 4.180e+02 4.220e+02 36 2 1 4.339e+02 4.481e+02 132 2 3 4.317e+02 4.503e+02 172 2 2 4.018e+02 4.382e+02 337
16413 3 2 2 1.212e+02 1.308e+02 90 2 3 9.510e+01 1.149e+02 184 2 4 1.135e+02 1.385e+02 233
16415 9 0 1 6.078e+02 6.102e+02 23 0 4 6.264e+02 6.336e+02 66 0 4 4.127e+02 4.273e+02 136 0 4 5.843e+02 5.917e+02 68 0 2 6.551e+02 6.889e+02 314 0 3 3.816e+02 4.164e+02 323 0 3 6.011e+02 6.169e+02 147 0 2 6.118e+02 6.482e+02 339 0 3 5.884e+02 6.296e+02 383
16416 1 1 4 6.040e+02 6.560e+02 482
16417 3 1 1 6.084e+02 6.096e+02 11 1 2 6.290e+02 6.310e+02 18 1 4 6.191e+02 6.409e+02 203
16419 0
16420 4 0 4 6.455e+02 6.985e+02 491 0 4 3.543e+02 4.017e+02 440 2 1 -2.541e+00 4.454e+01 437 2 3 -5.142e+00 4.714e+01 486
16421 4 2 4 4.178e+02 4.222e+02 40 2 1 4.366e+02 4.454e+02 81 2 3 4.318e+02 4.502e+02 170 2 2 4.060e+02 4.340e+02 260
16422 8 0 2 6.300e+02 6.300e+02 -1 0 4 6.720e+02 6.720e+02 -16 0 1 6.496e+02 6.524e+02 26 0 2 6.130e+02 6.470e+02 316 0 3 6.502e+02 6.518e+02 15 0 4 6.652e+02 6.788e+02 126 1 4 6.259e+02 6.341e+02 76 1 2 6.134e+02 6.466e+02 309
16423 2 0 2 6.472e+02 6.968e+02 461 0 4 6.475e+02 6.965e+02 455
16424 20 0 4 6.281e+02 6.319e+02 35 0 1 6.005e+02 6.175e+02 158 0 3 9.156e+01 1.184e+02 250 0 2 6.237e+02 6.363e+02 117 0 2 6.387e+01 1.041e+02 374 0 3 5.897e+02 6.283e+02 358 1 4 6.164e+02 6.436e+02 253 2 2 3.330e+02 3.390e+02 56 2 3 1.022e+02 1.078e+02 51 2 4 5.434e+02 5.486e+02 48 2 3 3.112e+02 3.188e+02 71 2 1 3.551e+02 3.589e+02 35 2 4 1.237e+02 1.283e+02 43 2 4 2.825e+02 3.055e+02 214 2 4 3.733e+02 3.827e+02 88 2 4 6.378e+01 1.042e+02 376 2 1 1.348e+02 1.592e+02 227 2 4 3.240e+02 3.480e+02 223 2 2 1.089e+02 1.431e+02 318 2 3 1.332e+02 1.608e+02 256
16425 28 2 2 4.187e+02 4.213e+02 24 2 1 4.807e+02 4.853e+02 43 2 2 6.250e+02 6.350e+02 92 2 4 4.190e+02 4.210e+02 18 2 3 4.806e+02 4.854e+02 46 2 4 6.264e+02 6.336e+02 66 2 3 4.394e+02 4.426e+02 30 2 2 5.030e+02 5.050e+02 18 2 1 5.930e+02 6.250e+02 297 2 1 4.319e+02 4.501e+02 170 2 4 4.881e+02 5.199e+02 296 2 3 5.941e+02 6.239e+02 276 2 3 3.875e+02 4.105e+02 214 2 2 4.469e+02 4.771e+02 281 2 3 4.213e+02 4.607e+02 366 3 4 4.617e+02 4.623e+02 6 3 3 5.250e+02 5.250e+02 -3 3 1 4.394e+02 4.426e+02 30 3 4 4.989e+02 5.091e+02 96 3 3 4.387e+02 4.433e+02 42 3 2 5.411e+02 5.509e+02 91 3 2 4.495e+02 4.745e+02 232 3 1 5.250e+02 5.250e+02 -5 3 4 5.339e+02 5.581e+02 226 3 2 4.058e+02 4.342e+02 264 3 2 4.915e+02 5.165e+02 231 3 2 5.259e+02 5.661e+02 374 3 1 5.068e+02 5.432e+02 338
16426 0
16427 11 0 4 6.684e+02 6.756e+02 66 0 2 6.672e+02 6.768e+02 89 0 1 6.359e+02 6.661e+02 281 0 3 6.341e+02 6.679e+02 313 2 2 1.246e+02 1.274e+02 26 2 4 1.238e+02 1.282e+02 40 2 3 8.662e+01 1.234e+02 341 3 4 7.998e+01 8.802e+01 75 3 2 7.935e+01 8.865e+01 86 3 1 9.007e+01 1.199e+02 277 3 3 8.940e+01 1.206e+02 290
16429 0
16430 5 2 2 3.755e+02 3.805e+02 46 2 3 3.471e+02 3.669e+02 183 2 2 1.123e+02 1.397e+02 254 2 4 3.622e+02 3.938e+02 294 2 1 3.808e+02 4.172e+02 339
