50553 1 0 2 6.246e+02 6.354e+02 100
50554 36 0 4 6.230e+02 6.370e+02 130 0 4 6.640e+02 6.800e+02 149 0 4 3.665e+02 3.895e+02 214 0 1 6.409e+02 6.611e+02 188 0 3 2.571e+02 2.889e+02 296 0 3 6.293e+02 6.727e+02 403 0 2 6.543e+02 6.897e+02 328 1 2 6.294e+02 6.306e+02 10 1 4 6.262e+02 6.338e+02 71 1 2 6.216e+02 6.384e+02 156 1 2 6.079e+02 6.521e+02 410 2 3 3.150e+02 3.150e+02 -18 2 4 6.300e+02 6.300e+02 -12 2 2 3.360e+02 3.360e+02 -0 2 3 3.974e+02 4.006e+02 30 2 2 8.370e+01 8.430e+01 6 2 3 4.387e+02 4.433e+02 42 2 2 2.910e+02 2.970e+02 56 2 4 3.333e+02 3.387e+02 50 2 1 3.970e+02 4.010e+02 37 2 3 1.047e+02 1.053e+02 6 2 2 4.078e+02 4.322e+02 226 2 4 2.382e+02 2.658e+02 256 2 4 2.874e+02 3.006e+02 123 2 4 4.020e+02 4.380e+02 334 2 1 3.539e+02 3.601e+02 57 2 3 4.821e+01 7.779e+01 275 2 4 7.661e+01 9.139e+01 137 2 3 2.124e+02 2.496e+02 346 2 3 2.613e+02 2.847e+02 217 2 3 3.546e+02 3.594e+02 45 2 3 9.120e+01 1.188e+02 256 2 4 3.699e+02 3.861e+02 150 2 4 6.696e+01 1.010e+02 316 2 2 3.690e+02 3.870e+02 167 2 2 6.369e+01 1.043e+02 377
50556 14 0 2 2.422e+02 2.618e+02 181 0 4 6.193e+02 6.407e+02 199 0 1 2.159e+02 2.461e+02 280 0 1 4.701e+02 4.959e+02 239 0 1 3.448e+02 3.692e+02 227 0 3 4.656e+02 5.004e+02 323 0 4 3.987e+02 4.413e+02 396 0 3 2.536e+02 2.924e+02 360 0 2 4.816e+02 5.264e+02 416 0 2 3.597e+02 3.963e+02 340 0 1 4.197e+02 4.623e+02 396 0 4 3.535e+02 4.025e+02 455 2 4 1.527e+02 1.833e+02 285 2 4 2.272e+01 6.128e+01 358
50557 29 0 2 6.300e+02 6.300e+02 -7 0 1 6.492e+02 6.528e+02 34 0 3 5.670e+02 5.670e+02 0 0 4 5.838e+02 5.922e+02 78 0 3 6.510e+02 6.510e+02 -1 0 3 5.247e+02 5.253e+02 6 0 1 6.071e+02 6.109e+02 36 0 2 6.655e+02 6.785e+02 121 0 2 4.924e+02 5.156e+02 216 0 1 5.650e+02 5.690e+02 37 0 4 6.222e+02 6.378e+02 146 0 4 6.701e+02 6.739e+02 36 0 1 5.144e+02 5.356e+02 196 0 4 5.765e+02 5.995e+02 214 0 1 5.507e+02 5.833e+02 303 0 3 6.007e+02 6.173e+02 154 0 2 5.278e+02 5.642e+02 337 0 2 6.181e+02 6.419e+02 221 2 1 1.470e+02 1.470e+02 -5 2 2 5.460e+02 5.460e+02 -14 2 4 4.072e+01 4.328e+01 24 2 3 1.405e+02 1.535e+02 121 2 1 5.705e+01 6.895e+01 110 2 3 5.139e+02 5.361e+02 206 2 2 1.111e+02 1.409e+02 276 2 4 5.309e+02 5.611e+02 280 2 3 2.973e+02 3.327e+02 328 2 3 4.951e+01 7.649e+01 250 2 4 1.164e+02 1.356e+02 179
50558 0
50560 0
50562 0
50563 4 0 2 4.578e+02 4.662e+02 77 0 4 4.603e+02 4.637e+02 32 0 1 4.252e+02 4.568e+02 293 0 3 4.241e+02 4.579e+02 314
50565 2 0 2 6.596e+02 6.844e+02 230 0 4 6.572e+02 6.868e+02 276
50567 13 0 4 2.924e+02 2.956e+02 30 0 4 3.195e+02 3.525e+02 306 0 1 5.524e+02 5.816e+02 270 0 3 5.503e+02 5.837e+02 310 0 4 5.656e+02 6.104e+02 416 0 1 5.445e+02 5.895e+02 418 0 3 5.415e+02 5.925e+02 473 1 2 5.459e+02 5.461e+02 2 1 2 6.260e+02 6.340e+02 74 1 2 5.803e+02 5.957e+02 142 1 1 5.113e+02 5.387e+02 254 1 3 5.485e+02 5.855e+02 343 2 1 9.396e+00 3.260e+01 216
50569 17 0 3 6.073e+02 6.107e+02 32 0 3 6.500e+02 6.520e+02 18 0 2 6.269e+02 6.331e+02 58 0 1 6.433e+02 6.587e+02 144 0 4 6.243e+02 6.357e+02 106 0 2 6.671e+02 6.769e+02 91 0 2 6.181e+02 6.419e+02 221 0 4 6.660e+02 6.780e+02 110 0 4 6.153e+02 6.447e+02 274 0 1 6.315e+02 6.705e+02 363 0 1 5.919e+02 6.261e+02 318 0 3 5.886e+02 6.294e+02 380 2 3 1.003e+02 1.097e+02 87 2 1 1.204e+01 2.996e+01 166 2 4 7.356e+01 9.444e+01 194 2 3 4.237e+00 3.776e+01 311 2 2 6.508e+01 1.029e+02 351
50570 0
50572 6 0 1 1.038e+02 1.062e+02 22 0 4 6.603e+02 6.837e+02 217 0 4 5.748e+02 6.012e+02 246 0 2 6.599e+02 6.841e+02 226 1 2 2.030e+02 2.170e+02 130 1 2 6.088e+02 6.512e+02 394
50574 24 0 3 5.249e+02 5.251e+02 2 0 4 5.865e+02 5.895e+02 28 0 4 6.681e+02 6.759e+02 72 0 3 5.631e+02 5.709e+02 72 0 4 5.796e+02 5.964e+02 156 0 1 6.445e+02 6.575e+02 121 0 3 5.521e+02 5.819e+02 277 0 3 6.439e+02 6.581e+02 131 0 2 6.658e+02 6.782e+02 116 0 4 6.617e+02 6.823e+02 190 1 2 6.245e+02 6.355e+02 102 1 1 5.968e+02 6.212e+02 227 2 3 2.100e+01 2.100e+01 -23 2 2 4.200e+01 4.200e+01 -4 2 4 1.213e+02 1.307e+02 88 2 4 4.200e+01 4.200e+01 -8 2 2 8.326e+01 8.474e+01 14 2 3 6.288e+01 6.312e+01 2 2 4 7.904e+01 8.896e+01 92 2 1 2.100e+01 2.100e+01 -11 2 3 9.865e+01 1.114e+02 118 2 1 4.547e+01 8.053e+01 326 2 2 1.073e+02 1.447e+02 347 3 3 1.859e+01 2.341e+01 45
50575 2 0 2 6.260e+02 6.340e+02 75 0 4 6.225e+02 6.375e+02 140
50576 1 1 4 6.280e+02 6.320e+02 38
50578 5 0 3 5.978e+02 6.202e+02 209 0 4 5.768e+02 5.992e+02 208 0 2 6.531e+02 6.909e+02 351 0 1 5.936e+02 6.244e+02 286 3 1 3.015e+02 3.285e+02 250
50579 16 1 2 6.237e+02 6.363e+02 117 1 2 6.161e+02 6.439e+02 259 2 3 6.300e+01 6.300e+01 -8 2 4 1.260e+02 1.260e+02 -14 2 1 1.463e+02 1.477e+02 12 2 3 2.695e+02 2.765e+02 65 2 3 2.100e+01 2.100e+01 -7 2 3 1.344e+02 1.596e+02 235 2 2 2.858e+02 3.022e+02 151 2 4 3.757e+01 4.643e+01 82 2 2 1.101e+02 1.419e+02 295 2 4 2.765e+02 3.115e+02 326 2 2 3.358e+01 5.042e+01 156 2 4 2.914e+01 5.486e+01 239 2 1 4.520e+01 8.080e+01 330 2 1 6.791e+00 3.521e+01 264
50580 0
50581 10 0 3 4.391e+02 4.429e+02 35 0 4 5.024e+02 5.056e+02 29 0 2 1.512e+02 1.848e+02 311 0 3 5.169e+02 5.331e+02 150 0 1 6.044e+02 6.136e+02 85 0 2 4.514e+02 4.726e+02 196 0 1 5.086e+02 5.415e+02 306 0 4 4.862e+02 5.218e+02 331 1 2 4.948e+02 5.132e+02 170 2 3 1.402e+02 1.538e+02 126
50585 9 0 4 6.277e+02 6.323e+02 43 0 4 2.100e+02 2.100e+02 -20 0 1 6.464e+02 6.556e+02 85 0 1 2.616e+02 2.844e+02 212 0 2 6.143e+02 6.457e+02 291 0 2 1.656e+02 1.704e+02 45 0 3 6.450e+02 6.570e+02 111 0 4 6.119e+02 6.481e+02 336 0 2 6.603e+02 6.837e+02 218
50586 1 1 3 2.601e+02 2.859e+02 239
50588 0
50590 10 0 1 5.632e+02 5.708e+02 71 0 3 5.554e+02 5.786e+02 215 1 2 5.869e+02 5.891e+02 20 1 4 6.215e+02 6.385e+02 157 1 4 5.849e+02 5.911e+02 58 1 1 6.012e+02 6.168e+02 146 1 1 5.582e+02 5.758e+02 164 1 3 5.951e+02 6.229e+02 259 1 3 5.488e+02 5.852e+02 338 3 1 6.929e+00 3.507e+01 261
50591 7 0 4 3.763e+02 3.797e+02 31 0 4 5.032e+02 5.048e+02 16 0 4 6.687e+02 6.753e+02 61 1 2 5.804e+02 5.956e+02 140 2 3 1.428e+02 1.512e+02 78 2 4 1.234e+02 1.286e+02 48 3 2 2.889e+02 2.991e+02 96
50592 13 0 1 6.491e+02 6.529e+02 36 0 4 5.805e+02 5.955e+02 139 0 2 6.720e+02 6.720e+02 -14 0 2 6.172e+02 6.428e+02 237 0 2 6.617e+02 6.823e+02 192 0 4 6.628e+02 6.812e+02 171 2 4 4.027e+01 4.373e+01 32 2 4 8.025e+01 8.775e+01 70 2 2 3.502e+01 4.898e+01 130 2 3 9.883e+01 1.112e+02 115 2 3 5.122e+01 7.478e+01 219 2 2 6.885e+01 9.915e+01 281 2 1 2.396e+00 3.960e+01 346
50595 6 0 4 3.354e+02 3.366e+02 11 0 4 2.894e+02 2.986e+02 86 0 3 4.379e+02 4.441e+02 57 0 4 3.726e+02 3.834e+02 100 0 4 4.583e+02 4.657e+02 69 0 2 6.560e+02 6.880e+02 296
50596 7 0 3 5.670e+02 5.670e+02 -22 0 3 5.583e+02 5.757e+02 161 0 1 5.135e+02 5.365e+02 214 2 2 3.932e+01 4.468e+01 50 2 3 6.569e+00 3.543e+01 268 2 4 3.259e+01 5.141e+01 175 2 1 2.440e+00 3.956e+01 345
50598 10 0 4 4.200e+02 4.200e+02 -24 0 1 5.588e+02 5.752e+02 151 0 4 5.818e+02 5.942e+02 115 0 4 6.708e+02 6.732e+02 22 0 3 5.570e+02 5.770e+02 186 2 3 1.729e+01 2.471e+01 69 2 4 2.490e+02 2.550e+02 56 2 2 3.578e+01 4.822e+01 116 2 4 7.926e+01 8.874e+01 88 2 4 2.379e+02 2.661e+02 262
50599 4 2 1 6.095e+01 6.505e+01 38 2 3 5.503e+01 7.097e+01 148 2 2 2.775e+01 5.625e+01 265 2 4 3.242e+01 5.158e+01 178
50600 30 0 4 4.595e+02 4.645e+02 47 0 1 5.670e+02 5.670e+02 -0 0 4 6.274e+02 6.326e+02 49 0 3 6.495e+02 6.525e+02 28 0 2 4.591e+02 4.649e+02 55 0 3 5.631e+02 5.709e+02 72 0 1 6.036e+02 6.144e+02 100 0 2 6.690e+02 6.750e+02 56 0 1 4.306e+02 4.514e+02 194 0 4 4.507e+02 4.733e+02 210 0 2 5.396e+02 5.524e+02 119 0 2 6.185e+02 6.415e+02 214 0 3 6.415e+02 6.605e+02 176 0 3 4.228e+02 4.592e+02 339 0 3 4.705e+02 4.955e+02 231 0 3 5.516e+02 5.824e+02 286 0 4 6.133e+02 6.467e+02 310 1 4 6.295e+02 6.305e+02 10 1 2 5.880e+02 5.880e+02 -6 1 3 5.989e+02 6.191e+02 188 2 4 4.045e+01 4.355e+01 29 2 4 1.236e+02 1.284e+02 45 2 1 6.300e+01 6.300e+01 -2 2 4 7.931e+01 8.869e+01 87 2 3 1.788e+01 2.412e+01 58 2 3 9.964e+01 1.104e+02 100 2 2 3.865e+01 4.535e+01 62 2 4 6.625e+01 1.017e+02 330 2 1 4.812e+01 7.788e+01 276 2 3 4.399e+01 8.201e+01 353
50602 17 2 1 3.098e+02 3.202e+02 96 2 3 5.239e+02 5.261e+02 20 2 4 1.238e+02 1.282e+02 41 2 4 4.572e+02 4.668e+02 90 2 1 1.422e+02 1.518e+02 89 2 2 5.374e+02 5.546e+02 159 2 2 2.896e+02 2.984e+02 82 2 4 4.918e+02 5.162e+02 227 2 4 8.124e+01 8.676e+01 51 2 1 5.092e+02 5.408e+02 294 2 3 1.371e+02 1.569e+02 185 2 2 4.469e+02 4.771e+02 280 2 3 9.438e+01 1.156e+02 197 2 3 4.683e+02 4.977e+02 273 2 3 1.291e+02 1.649e+02 333 2 2 6.849e+01 9.951e+01 288 2 2 1.086e+02 1.434e+02 323
50603 21 0 1 2.066e+01 2.134e+01 6 0 2 6.246e+02 6.354e+02 100 0 3 1.850e+01 2.350e+01 46 0 2 5.029e+02 5.051e+02 20 0 4 3.573e+01 4.827e+01 116 0 4 6.288e+02 6.312e+02 22 0 3 6.408e+02 6.612e+02 190 0 4 5.021e+02 5.059e+02 35 0 1 5.091e+02 5.409e+02 295 0 3 5.921e+02 6.259e+02 314 0 3 6.338e+02 6.682e+02 320 0 3 5.092e+02 5.408e+02 293 1 4 5.460e+02 5.460e+02 -14 1 2 6.300e+02 6.300e+02 -6 1 3 5.216e+02 5.284e+02 63 1 4 6.192e+02 6.408e+02 201 1 2 4.925e+02 5.155e+02 213 1 1 5.121e+02 5.379e+02 240 2 4 1.680e+02 1.680e+02 -3 2 1 1.881e+02 1.899e+02 16 2 2 1.557e+02 1.803e+02 228
50604 0
50605 62 0 1 5.637e+02 5.703e+02 62 0 1 6.079e+02 6.101e+02 21 0 4 6.711e+02 6.729e+02 16 0 1 5.981e+02 6.199e+02 203 0 2 4.963e+02 5.117e+02 143 0 2 5.269e+02 5.651e+02 355 0 3 6.330e+02 6.690e+02 335 0 1 6.314e+02 6.706e+02 364 1 1 6.080e+02 6.100e+02 19 1 4 4.989e+02 5.091e+02 96 1 2 6.261e+02 6.339e+02 73 1 4 5.737e+02 6.023e+02 266 1 3 6.053e+02 6.127e+02 68 1 1 5.073e+02 5.427e+02 328 1 4 6.236e+02 6.364e+02 119 2 2 4.036e+01 4.364e+01 30 2 3 1.045e+02 1.055e+02 10 2 4 2.496e+02 2.544e+02 44 2 3 4.399e+02 4.421e+02 21 2 2 3.339e+02 3.381e+02 39 2 2 5.009e+02 5.071e+02 57 2 1 1.752e+01 2.448e+01 65 2 1 5.188e+02 5.312e+02 115 2 4 1.207e+02 1.313e+02 98 2 4 6.681e+02 6.759e+02 72 2 3 1.882e+02 1.898e+02 15 2 2 2.088e+02 2.112e+02 22 2 4 4.145e+02 4.255e+02 101 2 3 2.714e+02 2.746e+02 29 2 4 5.001e+02 5.079e+02 72 2 3 3.524e+02 3.616e+02 86 2 3 5.213e+02 5.287e+02 69 2 4 3.363e+01 5.037e+01 156 2 4 6.586e+02 6.854e+02 250 2 2 1.160e+02 1.360e+02 186 2 1 1.459e+02 1.481e+02 20 2 2 4.026e+02 4.374e+02 324 2 4 2.020e+02 2.180e+02 148 2 2 4.610e+02 4.630e+02 19 2 2 2.902e+02 2.978e+02 71 2 2 5.286e+02 5.634e+02 324 2 3 9.531e+00 3.247e+01 213 2 4 7.186e+01 9.614e+01 226 2 1 4.278e+02 4.542e+02 245 2 1 1.708e+02 2.072e+02 338 2 1 4.779e+02 4.881e+02 96 2 2 1.960e+02 2.240e+02 260 2 4 5.320e+02 5.600e+02 260 2 3 3.074e+02 3.226e+02 141 2 2 4.488e+02 4.752e+02 245 2 1 4.480e+01 8.120e+01 338 2 3 4.640e+02 5.020e+02 352 2 3 1.729e+02 2.051e+02 300 2 4 4.420e+02 4.820e+02 372 2 4 2.369e+02 2.671e+02 280 2 4 2.794e+02 3.086e+02 270 2 3 1.274e+02 1.666e+02 365 3 3 6.194e+01 6.406e+01 20 3 3 1.029e+02 1.071e+02 39 3 2 8.370e+01 8.430e+01 6 3 4 2.600e+01 5.800e+01 297 3 3 1.949e+00 4.005e+01 354
50607 27 0 4 6.298e+02 6.302e+02 4 0 1 6.497e+02 6.523e+02 24 0 2 6.297e+02 6.303e+02 5 0 2 6.704e+02 6.736e+02 30 0 3 5.631e+02 5.709e+02 73 0 4 6.680e+02 6.760e+02 74 0 1 5.190e+02 5.310e+02 112 0 3 5.930e+02 6.250e+02 296 0 3 6.429e+02 6.591e+02 150 0 2 5.392e+02 5.528e+02 127 0 3 6.318e+02 6.702e+02 357 0 1 5.563e+02 5.777e+02 199 0 1 6.323e+02 6.697e+02 346 0 3 5.093e+02 5.407e+02 291 1 1 5.249e+02 5.251e+02 2 1 4 5.794e+02 5.966e+02 159 1 1 5.139e+02 5.361e+02 206 2 4 2.499e+02 2.541e+02 39 2 4 2.940e+02 2.940e+02 -3 2 2 8.038e+01 8.762e+01 67 2 2 2.430e+02 2.610e+02 168 2 1 2.724e+02 2.736e+02 10 2 3 4.503e+00 3.750e+01 306 2 4 8.245e+01 8.555e+01 29 2 2 2.353e+02 2.687e+02 310 2 3 2.657e+02 2.803e+02 136 2 3 2.593e+02 2.867e+02 255
