265 2 0 4 4.993e+02 5.087e+02 86 0 2 5.212e+02 5.708e+02 460
267 1 1 4 2.478e+02 2.562e+02 78
268 0
269 9 0 1 6.498e+02 6.522e+02 22 0 3 6.453e+02 6.567e+02 106 0 2 6.685e+02 6.755e+02 65 0 4 6.652e+02 6.788e+02 126 0 1 6.424e+02 6.596e+02 159 0 2 6.523e+02 6.917e+02 366 1 1 5.898e+01 6.702e+01 75 2 4 1.594e+02 1.766e+02 160 2 3 1.778e+02 2.002e+02 207
270 2 0 2 4.599e+02 4.641e+02 40 2 1 2.061e+01 2.139e+01 7
271 4 0 3 6.059e+02 6.121e+02 57 0 4 2.079e+02 2.121e+02 39 0 2 6.148e+02 6.452e+02 282 1 4 1.193e+02 1.327e+02 125
272 8 0 2 6.271e+02 6.329e+02 53 0 2 6.717e+02 6.723e+02 6 0 4 6.255e+02 6.345e+02 84 0 4 6.704e+02 6.736e+02 30 0 1 6.359e+02 6.661e+02 280 0 3 6.362e+02 6.658e+02 275 1 4 6.294e+02 6.306e+02 11 1 4 6.152e+02 6.448e+02 275
273 0
274 0
275 4 0 4 4.610e+02 4.630e+02 19 0 4 4.177e+02 4.223e+02 43 0 2 4.579e+02 4.661e+02 76 0 1 4.282e+02 4.538e+02 237
276 7 0 2 5.460e+02 5.460e+02 -24 0 2 6.712e+02 6.728e+02 16 0 2 5.424e+02 5.496e+02 67 0 4 6.694e+02 6.746e+02 49 0 3 5.530e+02 5.810e+02 260 0 1 5.102e+02 5.398e+02 275 2 3 5.088e+00 3.691e+01 296
277 0
278 11 0 2 4.616e+02 4.624e+02 8 0 3 4.801e+02 4.859e+02 55 0 4 4.531e+02 4.709e+02 165 0 1 4.717e+02 4.943e+02 210 0 1 5.963e+02 6.217e+02 236 0 1 6.457e+02 6.563e+02 98 0 2 6.684e+02 6.756e+02 66 0 4 6.669e+02 6.771e+02 95 0 3 6.360e+02 6.660e+02 279 0 3 6.250e+02 6.770e+02 482 2 3 9.654e+01 1.135e+02 157
279 0
280 56 0 4 4.619e+02 4.621e+02 1 0 2 2.924e+02 2.956e+02 30 0 3 5.245e+02 5.255e+02 10 0 2 1.577e+02 1.783e+02 192 0 1 6.080e+02 6.100e+02 18 0 1 2.615e+02 2.845e+02 214 0 3 6.503e+02 6.517e+02 13 0 4 3.726e+01 4.674e+01 88 0 3 4.355e+02 4.465e+02 103 0 4 1.581e+02 1.779e+02 184 0 2 5.020e+02 5.060e+02 38 0 3 5.659e+02 5.681e+02 20 0 3 6.073e+02 6.107e+02 32 0 1 6.508e+02 6.512e+02 4 0 3 5.157e+02 5.343e+02 172 0 4 5.854e+02 5.906e+02 48 0 2 6.684e+02 6.756e+02 66 0 4 4.853e+02 5.227e+02 348 0 2 5.427e+02 5.493e+02 61 0 2 6.225e+02 6.375e+02 140 0 4 6.674e+02 6.766e+02 85 0 2 5.309e+02 5.611e+02 280 0 4 6.211e+02 6.389e+02 166 0 1 5.920e+02 6.260e+02 316 0 2 6.124e+02 6.476e+02 327 0 4 6.127e+02 6.473e+02 322 1 2 6.280e+02 6.320e+02 37 1 4 5.001e+02 5.079e+02 72 1 4 5.869e+02 5.891e+02 20 1 4 6.288e+02 6.312e+02 23 1 4 4.945e+02 5.135e+02 177 1 3 5.595e+02 5.745e+02 140 1 1 6.082e+02 6.098e+02 15 1 4 4.877e+02 5.203e+02 303 1 1 5.514e+02 5.826e+02 289 1 3 6.025e+02 6.155e+02 121 1 3 5.095e+02 5.405e+02 287 1 3 5.519e+02 5.821e+02 280 2 4 1.671e+02 1.689e+02 16 2 2 3.937e+01 4.463e+01 49 2 2 8.272e+01 8.528e+01 24 2 2 1.634e+02 1.726e+02 86 2 4 2.479e+02 2.561e+02 76 2 1 2.636e+02 2.824e+02 174 2 2 1.175e+02 1.345e+02 157 2 1 1.739e+02 2.041e+02 280 2 2 2.335e+02 2.705e+02 343 2 3 2.602e+02 2.858e+02 238 2 3 5.852e+00 3.615e+01 281 2 3 9.304e+01 1.170e+02 222 2 3 1.720e+02 2.060e+02 316 2 2 1.483e+02 1.877e+02 366 3 2 3.906e+01 4.494e+01 55 3 3 1.119e+01 3.081e+01 182 3 1 6.055e+01 6.545e+01 46 3 4 2.761e+01 5.639e+01 267
281 2 2 3 1.470e+02 1.470e+02 -0 2 4 1.153e+02 1.367e+02 199
282 17 0 1 6.510e+02 6.510e+02 -9 0 4 5.040e+02 5.040e+02 -10 0 3 6.510e+02 6.510e+02 -16 0 3 4.788e+02 4.872e+02 79 0 2 5.374e+02 5.546e+02 160 0 4 6.673e+02 6.767e+02 88 0 4 4.514e+02 4.726e+02 196 0 1 5.591e+02 5.749e+02 147 0 3 6.404e+02 6.616e+02 196 0 3 4.232e+02 4.588e+02 330 0 3 4.677e+02 4.983e+02 285 0 2 6.626e+02 6.814e+02 175 0 4 6.551e+02 6.889e+02 314 2 4 2.100e+02 2.100e+02 -10 2 4 2.000e+02 2.200e+02 186 3 3 1.454e+02 1.486e+02 30 3 4 1.099e+02 1.421e+02 300
283 8 0 1 6.035e+02 6.145e+02 102 0 2 6.682e+02 6.758e+02 71 0 3 6.011e+02 6.169e+02 147 0 2 6.186e+02 6.414e+02 211 2 4 4.085e+02 4.315e+02 214 2 3 4.235e+02 4.585e+02 325 2 2 3.952e+02 4.448e+02 461 2 1 4.153e+02 4.667e+02 478
284 0
285 3 1 1 5.179e+02 5.321e+02 132 3 3 1.779e+01 2.421e+01 60 3 2 3.488e+01 4.912e+01 132
286 9 0 4 3.769e+02 3.791e+02 20 0 2 6.547e+02 6.893e+02 321 0 4 6.530e+02 6.910e+02 353 1 2 6.239e+02 6.361e+02 114 1 4 6.146e+02 6.454e+02 286 2 2 1.651e+02 1.709e+02 54 2 3 1.393e+02 1.547e+02 144 2 4 1.513e+02 1.847e+02 310 2 1 1.752e+02 2.028e+02 257
287 26 0 1 6.504e+02 6.516e+02 11 0 3 1.890e+02 1.890e+02 -14 0 3 6.085e+02 6.095e+02 9 0 4 2.084e+02 2.116e+02 30 0 2 6.687e+02 6.753e+02 62 0 3 1.824e+02 1.956e+02 122 0 2 6.263e+02 6.337e+02 69 0 1 6.569e+00 3.543e+01 268 0 4 6.706e+02 6.734e+02 26 0 1 4.700e+01 7.900e+01 297 0 4 6.286e+02 6.314e+02 26 0 1 6.395e+02 6.625e+02 214 0 1 6.038e+02 6.142e+02 96 0 3 6.375e+02 6.645e+02 250 0 3 5.961e+02 6.219e+02 240 0 4 5.711e+02 6.049e+02 315 1 4 5.833e+02 5.927e+02 88 1 3 6.005e+02 6.175e+02 158 2 3 6.090e+02 6.090e+02 -4 2 4 1.671e+02 1.689e+02 16 2 4 3.339e+02 3.381e+02 39 2 4 5.831e+02 5.929e+02 91 2 4 7.837e+01 8.963e+01 105 2 3 3.467e+02 3.673e+02 191 2 2 3.284e+02 3.436e+02 141 2 3 2.935e+00 3.907e+01 336
288 0
289 11 0 3 5.241e+02 5.259e+02 16 0 2 5.308e+02 5.612e+02 282 0 2 6.552e+02 6.888e+02 311 0 4 6.534e+02 6.906e+02 346 1 1 6.090e+02 6.090e+02 -0 1 3 6.088e+02 6.092e+02 3 1 4 6.170e+02 6.430e+02 240 1 2 5.690e+02 6.070e+02 353 2 4 3.742e+02 3.818e+02 70 2 3 3.446e+02 3.694e+02 230 2 4 6.525e+02 6.915e+02 362
290 1 0 2 6.295e+02 6.305e+02 9
291 2 0 2 1.499e+02 1.861e+02 336 1 2 3.751e+02 3.809e+02 55
292 3 0 4 4.837e+02 5.243e+02 377 2 1 8.185e+00 3.382e+01 238 2 3 2.756e+00 3.924e+01 339
293 0
294 0
