37652 7 0 3 5.985e+02 6.195e+02 196 1 4 6.168e+02 6.432e+02 245 1 2 6.138e+02 6.462e+02 301 2 4 4.194e+02 4.206e+02 10 2 1 2.191e+02 2.429e+02 220 2 1 -1.955e+00 4.396e+01 426 2 3 4.243e+02 4.577e+02 310
37653 5 0 2 2.717e+02 3.163e+02 414 1 2 1.165e+02 1.355e+02 177 1 3 9.174e+01 1.183e+02 246 2 1 -7.438e-01 4.274e+01 404 2 3 -3.870e-01 4.239e+01 397
37654 10 2 2 1.254e+02 1.266e+02 10 2 2 2.096e+02 2.104e+02 7 2 1 3.116e+02 3.184e+02 63 2 4 1.159e+02 1.361e+02 188 2 3 1.793e+02 1.987e+02 180 2 1 2.310e+02 2.310e+02 -20 2 3 2.994e+02 3.306e+02 289 2 3 9.174e+01 1.183e+02 246 2 1 1.363e+02 1.577e+02 199 2 4 1.940e+02 2.260e+02 296
37655 28 0 2 2.470e+02 2.570e+02 93 0 2 5.427e+02 5.493e+02 60 0 3 2.693e+02 2.767e+02 70 0 4 5.013e+02 5.067e+02 50 0 1 5.143e+02 5.357e+02 198 0 1 2.140e+02 2.480e+02 316 0 3 4.826e+02 4.834e+02 8 0 3 5.519e+02 5.821e+02 280 0 3 5.113e+02 5.387e+02 254 0 1 5.490e+02 5.850e+02 334 1 3 5.242e+02 5.258e+02 16 1 4 5.459e+02 5.461e+02 2 1 2 5.012e+02 5.068e+02 52 1 4 6.175e+02 6.425e+02 232 1 1 4.709e+02 4.951e+02 226 2 1 2.039e+01 2.161e+01 11 2 3 5.222e+02 5.278e+02 52 2 2 1.635e+02 1.725e+02 84 2 3 5.645e+02 5.695e+02 47 2 4 1.591e+02 1.769e+02 166 2 3 5.153e+02 5.347e+02 180 2 1 1.305e+02 1.635e+02 306 2 4 5.729e+02 6.031e+02 281 2 4 5.256e+02 5.664e+02 380 2 3 1.333e+02 1.607e+02 254 2 3 5.485e+02 5.855e+02 343 2 4 1.462e+02 1.898e+02 405 2 3 1.644e+02 2.136e+02 457
37656 0
37659 0
37660 14 0 4 4.904e+02 5.176e+02 253 1 4 5.460e+02 5.460e+02 -18 2 3 2.730e+02 2.730e+02 -18 2 3 5.240e+02 5.260e+02 19 2 1 1.366e+01 2.834e+01 136 2 3 1.003e+01 3.197e+01 204 2 4 4.922e+02 5.158e+02 220 2 2 4.869e+02 5.211e+02 318 3 4 4.619e+02 4.621e+02 1 3 3 5.240e+02 5.260e+02 19 3 4 4.504e+02 4.736e+02 215 3 4 4.989e+02 5.091e+02 95 3 4 4.449e+02 4.791e+02 318 3 4 4.908e+02 5.172e+02 245
37663 11 0 4 5.008e+02 5.072e+02 59 0 2 4.992e+02 5.088e+02 90 0 4 2.778e+02 3.102e+02 300 0 1 4.710e+02 4.950e+02 223 1 3 5.228e+02 5.272e+02 41 1 1 6.083e+02 6.097e+02 12 1 3 6.059e+02 6.121e+02 58 1 4 4.918e+02 5.162e+02 226 1 4 6.169e+02 6.431e+02 244 1 2 6.105e+02 6.495e+02 361 2 4 1.541e+02 1.819e+02 259
37668 2 0 2 5.362e+02 5.558e+02 181 0 4 6.584e+02 6.856e+02 252
37671 1 3 1 1.881e+02 1.899e+02 17
37672 33 0 3 3.958e+02 4.022e+02 59 0 4 5.038e+02 5.042e+02 4 0 3 5.113e+02 5.387e+02 254 0 4 6.252e+02 6.348e+02 89 0 2 6.716e+02 6.724e+02 7 0 4 4.111e+02 4.289e+02 165 0 3 5.491e+02 5.849e+02 333 0 4 5.808e+02 5.952e+02 133 0 4 6.710e+02 6.730e+02 18 0 1 5.088e+02 5.412e+02 301 0 2 6.188e+02 6.412e+02 207 0 1 6.500e+02 6.520e+02 18 0 3 6.468e+02 6.552e+02 78 0 3 6.395e+02 6.625e+02 214 0 2 6.551e+02 6.889e+02 315 1 3 6.086e+02 6.094e+02 8 1 1 5.537e+02 5.803e+02 246 1 1 5.946e+02 6.234e+02 268 1 3 5.508e+02 5.832e+02 301 1 2 6.171e+02 6.429e+02 240 2 2 2.018e+02 2.182e+02 152 2 4 4.039e+02 4.361e+02 300 2 1 3.102e+02 3.198e+02 89 2 4 3.647e+02 3.913e+02 247 2 2 4.022e+01 4.378e+01 33 2 1 1.762e+02 2.018e+02 237 2 4 2.394e+02 2.646e+02 234 2 3 2.649e+02 2.811e+02 151 2 4 4.153e+01 4.247e+01 9 2 3 8.232e+00 3.377e+01 237 2 4 3.089e+01 5.311e+01 206 2 3 5.028e+01 7.572e+01 236 2 1 5.852e+00 3.615e+01 281
37673 7 0 4 2.503e+02 2.537e+02 32 0 3 2.266e+02 2.354e+02 81 2 4 3.340e+02 3.380e+02 38 2 3 2.717e+02 2.743e+02 25 2 4 2.375e+02 2.665e+02 269 2 1 2.635e+02 2.825e+02 177 2 2 2.336e+02 2.704e+02 341
37677 1 0 4 6.560e+02 6.880e+02 296
37678 6 2 1 2.280e+02 2.340e+02 56 2 1 4.324e+02 4.496e+02 160 2 3 2.258e+02 2.362e+02 97 2 2 6.670e+01 1.013e+02 321 2 4 1.977e+02 2.223e+02 229 2 2 1.918e+02 2.282e+02 338
37680 7 0 1 6.490e+02 6.530e+02 37 0 2 6.155e+02 6.445e+02 270 0 3 6.459e+02 6.561e+02 96 0 4 6.136e+02 6.464e+02 304 0 4 5.759e+02 6.001e+02 226 1 4 6.271e+02 6.329e+02 54 1 2 6.172e+02 6.428e+02 237
37682 1 0 4 3.780e+02 3.780e+02 -14
37683 14 0 2 3.341e+02 3.379e+02 36 0 2 6.703e+02 6.737e+02 31 0 1 3.064e+02 3.236e+02 160 0 1 6.331e+02 6.689e+02 332 0 4 3.224e+02 3.496e+02 253 0 3 6.322e+02 6.698e+02 349 1 4 6.279e+02 6.321e+02 40 1 1 6.032e+02 6.148e+02 107 1 2 6.226e+02 6.374e+02 138 1 3 5.921e+02 6.259e+02 314 2 3 1.015e+02 1.085e+02 66 2 1 1.550e+01 2.650e+01 102 2 2 1.123e+02 1.397e+02 255 2 4 1.074e+02 1.446e+02 346
37684 4 2 3 2.079e+01 2.121e+01 4 2 1 1.985e+01 2.215e+01 21 2 3 1.150e+01 3.050e+01 176 2 2 3.242e+01 5.158e+01 178
37685 1 1 4 5.452e+02 5.468e+02 16
37686 13 0 4 1.645e+02 1.715e+02 66 0 2 6.295e+02 6.305e+02 10 0 3 1.753e+02 2.027e+02 255 1 3 5.670e+02 5.670e+02 -21 1 2 5.424e+02 5.496e+02 67 1 3 5.615e+02 5.725e+02 101 2 2 4.200e+01 4.200e+01 -11 2 4 4.162e+01 4.238e+01 7 2 3 1.397e+01 2.803e+01 130 2 3 5.656e+01 6.944e+01 120 2 2 2.672e+01 5.728e+01 284 2 4 3.112e+01 5.288e+01 202 2 1 6.165e+00 3.583e+01 276
37687 7 1 1 1.662e+01 2.538e+01 81 1 3 7.199e+00 3.480e+01 256 2 2 2.500e+02 2.540e+02 38 2 3 3.133e+02 3.167e+02 31 2 3 2.669e+02 2.791e+02 114 2 1 2.553e+02 2.907e+02 329 2 3 2.541e+02 2.919e+02 350
37689 3 0 3 5.666e+02 5.674e+02 8 0 1 5.630e+02 5.710e+02 75 0 2 5.301e+02 5.619e+02 295
37692 8 0 3 4.404e+02 4.416e+02 11 0 4 4.502e+02 4.738e+02 219 2 1 2.100e+01 2.100e+01 -2 2 4 2.920e+02 2.960e+02 37 2 3 1.815e+01 2.385e+01 53 2 1 3.124e+02 3.176e+02 48 2 3 3.125e+02 3.175e+02 47 2 2 3.161e+02 3.559e+02 369
37693 16 0 2 1.239e+02 1.281e+02 39 0 1 3.990e+02 3.990e+02 -13 0 4 3.685e+02 3.875e+02 176 0 3 3.955e+02 4.025e+02 66 0 2 3.636e+02 3.924e+02 267 0 3 9.048e+01 1.195e+02 270 0 1 8.788e+01 1.221e+02 318 1 1 1.050e+02 1.050e+02 -19 1 4 1.649e+02 1.711e+02 57 1 2 1.105e+02 1.415e+02 287 1 1 1.879e+02 1.901e+02 20 1 3 1.820e+02 1.960e+02 130 1 2 1.564e+02 1.796e+02 215 2 1 6.375e+02 6.645e+02 251 2 1 6.304e+02 6.716e+02 383 3 1 4.259e+02 4.561e+02 280
37694 5 0 1 1.142e+01 3.058e+01 178 2 2 3.761e+02 3.799e+02 35 2 1 4.366e+02 4.454e+02 82 2 1 1.347e+02 1.593e+02 229 2 2 1.535e+02 1.825e+02 269
37696 5 2 4 3.770e+02 3.790e+02 19 2 1 3.949e+02 4.031e+02 76 2 1 3.547e+02 3.593e+02 42 2 2 3.686e+02 3.874e+02 175 2 3 3.843e+02 4.137e+02 274
37697 0
37698 7 0 4 6.262e+02 6.338e+02 70 2 4 1.647e+02 1.713e+02 60 2 4 2.084e+02 2.116e+02 30 2 2 3.266e+02 3.454e+02 174 2 1 2.277e+02 2.343e+02 60 2 3 2.175e+02 2.445e+02 250 2 2 1.938e+02 2.262e+02 300
37699 5 3 2 3.289e+02 3.431e+02 131 3 3 3.483e+02 3.657e+02 162 3 4 3.179e+02 3.541e+02 336 3 4 3.688e+02 3.872e+02 170 3 1 3.372e+02 3.768e+02 367
37701 2 1 3 3.971e+02 4.009e+02 35 1 4 4.198e+02 4.202e+02 5
37703 5 0 4 4.487e+02 4.753e+02 246 1 3 6.041e+02 6.139e+02 90 1 2 5.838e+02 5.922e+02 77 1 1 5.966e+02 6.214e+02 230 1 3 5.527e+02 5.813e+02 266
37704 2 2 1 1.164e+01 3.036e+01 174 2 3 2.517e+02 2.943e+02 396
37705 17 0 2 6.681e+02 6.759e+02 72 0 4 6.668e+02 6.772e+02 96 2 1 6.122e+01 6.478e+01 33 2 2 8.079e+01 8.721e+01 60 2 3 5.880e+01 6.720e+01 78 2 4 7.971e+01 8.829e+01 80 2 1 5.279e+01 7.321e+01 190 2 4 6.795e+01 1.000e+02 298 2 2 3.098e+01 5.302e+01 205 2 4 2.910e+01 5.490e+01 240 2 3 4.722e+01 7.878e+01 293 3 2 3.664e+01 4.736e+01 100 3 1 1.106e+01 3.094e+01 185 3 4 3.690e+01 4.710e+01 95 3 3 1.308e+01 2.892e+01 147 3 1 5.979e+01 6.621e+01 60 3 3 5.122e+01 7.478e+01 219
37707 14 2 1 1.846e+02 1.934e+02 82 2 4 5.281e+02 5.639e+02 332 3 4 3.333e+02 3.387e+02 50 3 3 3.955e+02 4.025e+02 66 3 1 4.394e+02 4.426e+02 29 3 1 4.670e+02 4.990e+02 298 3 1 3.836e+02 4.144e+02 286 3 2 4.898e+02 5.182e+02 263 3 3 4.395e+02 4.425e+02 27 3 3 3.814e+02 4.166e+02 326 3 2 4.613e+02 4.627e+02 14 3 2 4.147e+02 4.253e+02 98 3 3 4.293e+02 4.527e+02 218 3 4 4.513e+02 4.727e+02 199
37708 7 0 1 6.048e+02 6.132e+02 79 0 3 6.470e+02 6.550e+02 75 0 3 6.077e+02 6.103e+02 25 0 2 6.202e+02 6.398e+02 182 0 4 6.207e+02 6.393e+02 173 0 3 5.997e+02 6.183e+02 172 0 4 5.694e+02 6.066e+02 346
37710 40 0 1 6.502e+02 6.518e+02 16 0 1 3.970e+02 4.010e+02 38 0 1 4.819e+02 4.841e+02 21 0 1 5.608e+02 5.732e+02 116 0 2 6.217e+02 6.383e+02 155 0 3 6.494e+02 6.526e+02 30 0 4 4.157e+02 4.243e+02 80 0 3 4.830e+02 4.830e+02 0 0 3 5.615e+02 5.725e+02 102 0 1 5.953e+02 6.227e+02 254 0 2 6.711e+02 6.729e+02 16 0 3 3.899e+02 4.081e+02 169 0 4 4.937e+02 5.143e+02 192 0 2 5.319e+02 5.601e+02 261 0 4 6.194e+02 6.406e+02 197 0 4 6.712e+02 6.728e+02 16 0 3 4.243e+02 4.577e+02 310 0 4 4.866e+02 5.214e+02 324 0 2 6.105e+02 6.495e+02 361 0 1 6.421e+02 6.599e+02 165 0 2 4.470e+02 4.770e+02 279 0 3 6.386e+02 6.634e+02 230 0 4 4.457e+02 4.783e+02 302 0 2 6.640e+02 6.800e+02 148 0 2 4.855e+02 5.225e+02 343 0 2 6.542e+02 6.898e+02 331 0 4 6.524e+02 6.916e+02 365 2 2 4.157e+01 4.243e+01 8 2 4 8.294e+01 8.506e+01 20 2 3 3.563e+02 3.577e+02 14 2 2 7.796e+01 9.004e+01 112 2 4 2.045e+02 2.155e+02 101 2 4 3.272e+02 3.448e+02 164 2 1 4.889e+01 7.711e+01 262 2 4 7.181e+01 9.619e+01 226 2 2 3.638e+02 3.922e+02 264 2 3 5.180e+01 7.420e+01 208 2 3 8.752e+01 1.225e+02 325 2 3 1.727e+02 2.053e+02 303 2 2 2.802e+01 5.598e+01 260
37711 3 0 3 5.653e+02 5.687e+02 31 2 3 1.842e+02 1.938e+02 90 2 3 6.011e+02 6.169e+02 147
37712 14 0 4 3.349e+02 3.371e+02 20 0 4 4.620e+02 4.620e+02 -5 0 1 3.144e+02 3.156e+02 10 0 4 6.218e+02 6.382e+02 153 0 1 4.355e+02 4.465e+02 102 0 2 3.202e+02 3.518e+02 294 0 3 4.830e+02 4.830e+02 -5 0 3 4.284e+02 4.536e+02 234 0 2 4.550e+02 4.690e+02 130 0 4 5.688e+02 6.072e+02 356 0 4 4.483e+02 4.757e+02 255 1 2 6.144e+02 6.456e+02 289 2 1 1.886e+01 2.314e+01 40 2 1 7.825e+00 3.418e+01 245
37714 19 0 3 5.248e+02 5.252e+02 3 0 4 3.769e+02 3.791e+02 20 0 2 6.686e+02 6.754e+02 63 0 3 1.857e+02 1.923e+02 62 0 1 5.221e+02 5.279e+02 55 0 1 5.969e+02 6.211e+02 225 0 3 6.023e+02 6.157e+02 125 0 1 6.448e+02 6.572e+02 116 0 2 4.870e+02 5.210e+02 316 0 4 5.717e+02 6.043e+02 302 0 2 6.613e+02 6.827e+02 198 0 2 6.051e+02 6.549e+02 462 0 4 6.648e+02 6.792e+02 134 0 3 6.390e+02 6.630e+02 223 0 4 6.553e+02 6.887e+02 310 0 4 6.464e+02 6.976e+02 476 1 3 1.815e+01 2.385e+01 53 1 4 2.770e+01 5.630e+01 266 1 1 1.092e+01 3.108e+01 187
37715 2 0 4 4.549e+02 4.691e+02 132 0 2 6.462e+02 6.978e+02 479
37716 2 0 2 3.181e+02 3.539e+02 332 2 3 6.300e+01 6.300e+01 -13
37717 84 0 1 5.661e+02 5.679e+02 16 0 1 6.300e+01 6.300e+01 -5 0 2 8.400e+01 8.400e+01 -21 0 1 3.071e+02 3.229e+02 147 0 1 4.405e+02 4.415e+02 10 0 3 1.036e+02 1.064e+02 26 0 2 5.033e+02 5.047e+02 12 0 3 5.670e+02 5.670e+02 -18 0 2 6.299e+02 6.301e+02 1 0 1 6.484e+02 6.536e+02 49 0 1 5.221e+02 5.279e+02 53 0 4 5.857e+02 5.903e+02 42 0 2 6.716e+02 6.724e+02 7 0 4 4.534e+02 4.706e+02 159 0 3 5.250e+02 5.250e+02 -14 0 3 6.058e+02 6.122e+02 60 0 3 6.446e+02 6.574e+02 119 0 1 4.717e+02 4.943e+02 210 0 2 5.388e+02 5.532e+02 134 0 2 6.223e+02 6.377e+02 143 0 4 6.578e+02 6.862e+02 265 0 3 4.676e+02 4.984e+02 286 0 1 5.575e+02 5.765e+02 176 0 4 6.255e+02 6.345e+02 84 0 2 4.460e+02 4.780e+02 298 0 3 5.116e+02 5.384e+02 250 0 2 6.121e+02 6.479e+02 333 0 1 5.073e+02 5.427e+02 329 0 4 6.153e+02 6.447e+02 274 0 2 5.295e+02 5.625e+02 306 1 3 5.670e+02 5.670e+02 -2 1 3 4.410e+02 4.410e+02 -7 1 3 5.250e+02 5.250e+02 -22 1 2 4.604e+02 4.636e+02 30 1 2 5.880e+02 5.880e+02 -21 1 1 6.090e+02 6.090e+02 -24 1 4 4.516e+02 4.724e+02 193 1 3 4.830e+02 4.830e+02 -20 1 2 4.066e+02 4.334e+02 248 1 4 5.871e+02 5.889e+02 17 1 3 6.084e+02 6.096e+02 10 1 4 4.996e+02 5.084e+02 81 1 2 5.412e+02 5.508e+02 90 1 2 6.300e+02 6.300e+02 -8 1 1 5.670e+02 5.670e+02 -5 1 3 5.940e+02 6.240e+02 278 1 1 5.532e+02 5.808e+02 257 2 1 6.510e+02 6.510e+02 -19 2 4 5.040e+02 5.040e+02 -0 2 4 1.260e+02 1.260e+02 -8 2 3 5.670e+02 5.670e+02 -9 2 4 6.245e+02 6.355e+02 101 2 4 2.501e+02 2.539e+02 36 2 1 4.408e+02 4.412e+02 5 2 3 2.718e+02 2.742e+02 22 2 4 4.620e+02 4.620e+02 -20 2 1 2.035e+01 2.165e+01 12 2 4 5.393e+02 5.527e+02 125 2 4 8.249e+01 8.551e+01 28 2 2 5.784e+02 5.976e+02 179 2 3 1.821e+02 1.959e+02 128 2 3 6.459e+02 6.561e+02 94 2 4 2.940e+02 2.940e+02 -13 2 3 4.391e+02 4.429e+02 36 2 4 3.665e+02 3.895e+02 213 2 3 4.830e+02 4.830e+02 -8 2 4 4.200e+01 4.200e+01 -20 2 1 5.121e+02 5.379e+02 240 2 2 1.205e+02 1.315e+02 103 2 2 6.139e+02 6.461e+02 299 2 3 1.326e+02 1.614e+02 268 2 2 4.140e+02 4.260e+02 111 2 2 1.936e+02 2.264e+02 304 2 2 5.040e+02 5.040e+02 -0 2 3 3.109e+02 3.191e+02 76 2 3 3.861e+02 4.119e+02 240 2 1 5.445e+01 7.155e+01 159 2 3 9.089e+01 1.191e+02 262 2 1 2.627e+02 2.833e+02 190 2 3 5.674e+00 3.633e+01 285 2 4 1.096e+02 1.424e+02 305 2 2 2.814e+02 3.066e+02 235 2 2 2.461e+01 5.939e+01 323 2 2 6.639e+01 1.016e+02 327
