13616 54 0 1 5.654e+02 5.686e+02 29 0 4 2.423e+02 2.617e+02 180 0 2 1.179e+02 1.341e+02 151 0 3 6.069e+02 6.111e+02 39 0 1 1.301e+02 1.639e+02 314 0 4 6.701e+02 6.739e+02 36 0 4 1.485e+02 1.875e+02 362 0 4 4.148e+02 4.252e+02 97 0 3 5.618e+02 5.722e+02 96 0 4 6.224e+02 6.376e+02 141 0 1 6.450e+02 6.570e+02 110 0 1 3.910e+02 4.070e+02 148 0 4 5.764e+02 5.996e+02 216 0 3 6.446e+02 6.574e+02 118 0 3 4.229e+02 4.591e+02 336 0 1 5.948e+02 6.232e+02 264 0 2 6.698e+02 6.742e+02 41 0 2 6.154e+02 6.446e+02 271 0 4 6.618e+02 6.822e+02 189 0 4 6.110e+02 6.490e+02 352 0 1 6.337e+02 6.683e+02 321 0 2 6.094e+02 6.506e+02 382 0 3 6.316e+02 6.704e+02 360 1 3 5.647e+02 5.693e+02 43 1 2 6.295e+02 6.305e+02 9 1 4 5.025e+02 5.055e+02 28 1 4 5.876e+02 5.884e+02 7 1 1 6.057e+02 6.123e+02 62 1 1 5.161e+02 5.339e+02 165 1 1 5.655e+02 5.685e+02 27 1 3 6.062e+02 6.118e+02 52 1 4 4.855e+02 5.225e+02 343 1 2 5.812e+02 5.948e+02 126 1 4 6.205e+02 6.395e+02 176 1 4 5.762e+02 5.998e+02 219 1 4 6.116e+02 6.484e+02 342 1 3 5.540e+02 5.800e+02 240 1 2 5.699e+02 6.061e+02 336 2 4 3.353e+02 3.367e+02 14 2 3 6.217e+01 6.383e+01 16 2 4 6.656e+02 6.784e+02 120 2 4 1.673e+02 1.687e+02 13 2 4 4.193e+02 4.207e+02 13 2 3 1.626e+01 2.574e+01 88 2 4 1.214e+02 1.306e+02 85 2 1 4.372e+02 4.448e+02 70 2 2 3.883e+01 4.517e+01 59 2 3 4.316e+02 4.504e+02 176 2 4 1.081e+02 1.439e+02 333 2 2 4.419e+02 4.821e+02 373 2 4 4.090e+01 4.310e+01 20 2 2 4.072e+02 4.328e+02 238 2 1 1.092e+01 3.108e+01 187 3 3 1.164e+01 3.036e+01 174
13617 5 1 3 6.042e+02 6.138e+02 90 1 2 6.191e+02 6.409e+02 203 1 1 5.953e+02 6.227e+02 254 1 4 6.135e+02 6.465e+02 307 3 3 2.297e+02 2.323e+02 25
13618 6 0 2 6.701e+02 6.739e+02 36 0 4 6.703e+02 6.737e+02 32 2 1 2.287e+02 2.333e+02 42 2 2 2.005e+02 2.195e+02 176 2 4 2.013e+02 2.187e+02 162 2 3 2.112e+02 2.508e+02 367
13619 7 0 2 1.660e+02 1.700e+02 37 0 4 6.713e+02 6.727e+02 14 0 1 6.463e+02 6.557e+02 88 0 4 1.526e+02 1.834e+02 286 0 2 6.662e+02 6.778e+02 108 0 2 6.530e+02 6.910e+02 353 2 4 1.227e+02 1.293e+02 61
13620 8 0 2 6.713e+02 6.727e+02 13 0 1 6.365e+02 6.655e+02 269 1 3 5.168e+02 5.332e+02 153 1 2 5.806e+02 5.954e+02 137 1 4 5.862e+02 5.898e+02 34 1 1 5.953e+02 6.227e+02 255 1 4 5.705e+02 6.055e+02 326 1 3 5.961e+02 6.219e+02 240
13621 13 0 3 1.868e+02 1.912e+02 41 0 3 5.625e+02 5.715e+02 83 0 4 2.028e+02 2.172e+02 133 0 2 6.638e+02 6.802e+02 152 0 1 5.562e+02 5.778e+02 201 0 4 6.663e+02 6.777e+02 106 0 2 1.938e+02 2.262e+02 300 0 2 5.317e+02 5.603e+02 266 0 1 6.430e+02 6.590e+02 148 0 3 6.396e+02 6.624e+02 212 1 4 6.264e+02 6.336e+02 67 1 3 6.002e+02 6.178e+02 163 1 2 6.145e+02 6.455e+02 288
13622 4 0 2 6.588e+02 6.852e+02 245 1 2 6.172e+02 6.428e+02 237 2 4 1.626e+02 1.734e+02 100 2 3 1.373e+02 1.567e+02 180
13623 0
13624 0
13626 1 0 2 6.545e+02 6.895e+02 326
13627 4 2 4 4.981e+02 5.099e+02 110 2 1 5.190e+02 5.310e+02 110 2 3 5.162e+02 5.338e+02 164 2 2 4.889e+02 5.191e+02 280
13628 0
13629 1 2 4 1.962e+02 2.238e+02 256
13630 12 0 2 6.709e+02 6.731e+02 21 0 4 4.148e+02 4.252e+02 97 0 2 5.387e+02 5.533e+02 136 0 4 6.698e+02 6.742e+02 41 0 1 3.951e+02 4.029e+02 72 0 3 5.570e+02 5.770e+02 186 0 2 6.533e+02 6.907e+02 347 0 1 3.884e+02 4.096e+02 196 0 1 5.503e+02 5.837e+02 310 0 3 3.797e+02 4.183e+02 359 1 1 5.640e+02 5.700e+02 56 1 4 5.786e+02 5.974e+02 175
13631 1 0 4 2.349e+02 2.691e+02 318
13632 0
13633 2 2 4 4.143e+01 4.257e+01 10 2 3 2.575e+00 3.943e+01 342
13635 0
13636 0
13637 1 0 2 3.583e+02 3.977e+02 366
13638 37 0 2 6.697e+02 6.743e+02 42 0 2 6.594e+02 6.846e+02 234 1 1 6.047e+02 6.133e+02 80 2 4 2.513e+02 2.527e+02 14 2 3 3.564e+02 3.576e+02 11 2 4 5.818e+02 5.942e+02 116 2 3 6.163e+01 6.437e+01 26 2 1 3.888e+02 4.092e+02 190 2 2 1.244e+02 1.276e+02 30 2 4 5.295e+02 5.625e+02 307 2 4 1.633e+02 1.727e+02 87 2 4 2.076e+02 2.124e+02 45 2 3 3.888e+02 4.092e+02 190 2 1 2.590e+02 2.870e+02 260 2 4 4.441e+02 4.799e+02 333 2 2 3.749e+02 3.811e+02 58 2 2 3.995e+01 4.405e+01 38 2 4 1.153e+02 1.367e+02 199 2 1 1.333e+02 1.607e+02 255 2 1 2.242e+02 2.378e+02 126 2 4 3.771e+02 3.789e+02 16 2 4 3.807e+01 4.593e+01 73 2 3 9.062e+01 1.194e+02 267 2 4 1.557e+02 1.803e+02 229 2 2 2.452e+02 2.588e+02 126 2 3 2.546e+02 2.914e+02 341 2 2 3.613e+02 3.947e+02 310 2 1 4.740e+01 7.860e+01 290 2 4 6.809e+01 9.991e+01 296 2 2 1.960e+02 2.240e+02 260 2 4 2.751e+02 3.129e+02 350 2 4 3.185e+02 3.535e+02 326 2 3 4.233e+01 8.367e+01 384 2 3 2.194e+02 2.426e+02 215 2 2 2.331e+01 6.069e+01 347 3 1 1.972e+01 2.228e+01 24 3 3 3.789e+00 3.821e+01 320
13639 0
13641 4 2 4 4.130e+01 4.270e+01 13 2 3 6.300e+01 6.300e+01 -1 2 1 5.629e+01 6.971e+01 125 2 4 6.867e+01 9.933e+01 285
13642 0
13644 4 2 1 4.758e+02 4.902e+02 135 2 2 6.582e+02 6.858e+02 256 3 1 3.513e+02 3.627e+02 106 3 1 4.785e+02 4.875e+02 84
13645 0
13646 13 0 2 5.374e+02 5.546e+02 160 0 1 5.575e+02 5.765e+02 176 0 3 5.593e+02 5.747e+02 144 2 1 1.881e+02 1.899e+02 17 2 4 1.259e+02 1.261e+02 1 2 1 2.288e+02 2.332e+02 41 2 4 3.278e+02 3.442e+02 152 2 1 1.416e+02 1.524e+02 100 2 3 1.403e+02 1.537e+02 124 2 1 1.309e+02 1.631e+02 299 2 2 1.504e+02 1.856e+02 327 3 2 3.600e+01 4.800e+01 111 3 2 2.321e+01 6.079e+01 349
13647 2 1 2 2.081e+02 2.119e+02 36 1 3 2.131e+02 2.489e+02 333
13648 8 0 4 6.656e+02 6.784e+02 119 0 1 6.407e+02 6.613e+02 190 0 2 6.554e+02 6.886e+02 308 2 3 1.765e+01 2.435e+01 62 2 1 1.047e+01 3.153e+01 196 2 2 2.954e+01 5.446e+01 231 2 4 2.416e+01 5.984e+01 331 2 1 3.608e+00 3.839e+01 323
13649 85 0 2 3.780e+02 3.780e+02 -3 0 2 3.352e+02 3.368e+02 15 0 4 5.040e+02 5.040e+02 -24 0 2 3.192e+01 5.208e+01 187 0 3 5.230e+02 5.270e+02 38 0 4 7.478e+01 9.322e+01 171 0 4 5.867e+02 5.893e+02 24 0 2 2.028e+02 2.172e+02 133 0 2 6.718e+02 6.722e+02 5 0 2 3.682e+02 3.878e+02 181 0 1 4.342e+02 4.478e+02 126 0 3 5.189e+01 7.411e+01 206 0 1 4.830e+02 4.830e+02 -19 0 3 1.761e+02 2.019e+02 240 0 2 5.426e+02 5.494e+02 63 0 4 1.914e+02 2.286e+02 345 0 1 6.083e+02 6.097e+02 12 0 1 6.328e+02 6.692e+02 337 0 3 4.348e+02 4.472e+02 115 0 3 4.801e+02 4.859e+02 55 0 1 5.164e+02 5.336e+02 160 0 3 6.028e+02 6.152e+02 115 0 3 3.926e+02 4.054e+02 120 0 1 4.713e+02 4.947e+02 218 0 3 5.508e+02 5.832e+02 300 0 4 6.181e+02 6.419e+02 221 0 3 4.249e+02 4.571e+02 299 0 2 4.944e+02 5.136e+02 178 0 3 5.097e+02 5.403e+02 285 0 4 5.713e+02 6.047e+02 310 0 1 3.852e+02 4.128e+02 257 0 2 5.282e+02 5.638e+02 331 0 2 6.132e+02 6.468e+02 312 0 4 4.023e+02 4.377e+02 328 0 1 5.007e+02 5.493e+02 451 0 3 5.833e+02 6.347e+02 478 1 1 6.078e+02 6.102e+02 23 1 4 4.994e+02 5.086e+02 85 1 3 6.088e+02 6.092e+02 3 1 2 5.734e+02 6.026e+02 271 1 2 6.300e+02 6.300e+02 0 1 4 5.774e+02 5.986e+02 197 1 4 6.287e+02 6.313e+02 24 1 1 5.960e+02 6.220e+02 241 2 4 3.352e+02 3.368e+02 16 2 3 6.063e+02 6.117e+02 50 2 4 1.667e+02 1.693e+02 25 2 2 2.502e+02 2.538e+02 33 2 4 5.411e+02 5.509e+02 91 2 1 2.665e+02 2.795e+02 121 2 3 3.563e+02 3.577e+02 13 2 3 5.576e+02 5.764e+02 174 2 4 4.139e+01 4.261e+01 11 2 4 5.780e+02 5.980e+02 186 2 2 1.255e+02 1.265e+02 10 2 1 1.876e+02 1.904e+02 26 2 4 4.859e+02 5.221e+02 336 2 4 2.513e+02 2.527e+02 14 2 3 2.642e+02 2.818e+02 163 2 1 3.521e+02 3.619e+02 90 2 3 5.669e+01 6.931e+01 117 2 2 8.285e+01 8.515e+01 21 2 3 1.879e+02 1.901e+02 21 2 4 2.045e+02 2.155e+02 102 2 1 3.067e+02 3.233e+02 154 2 2 3.605e+02 3.955e+02 325 2 1 1.958e+01 2.242e+01 26 2 3 9.286e+01 1.171e+02 226 2 1 1.459e+02 1.481e+02 20 2 2 2.759e+02 3.121e+02 336 2 2 3.183e+02 3.537e+02 328 2 3 1.837e+01 2.363e+01 49 2 4 1.141e+02 1.379e+02 220 2 2 1.645e+02 1.715e+02 65 2 2 3.098e+01 5.302e+01 205 2 4 7.303e+01 9.497e+01 204 2 1 1.750e+02 2.030e+02 260 2 1 8.319e+00 3.368e+01 236 2 3 1.290e+02 1.650e+02 335 2 3 5.583e+00 3.642e+01 286 3 4 4.036e+01 4.364e+01 30 3 1 2.048e+01 2.152e+01 10 3 4 3.017e+01 5.383e+01 220 3 3 4.996e+01 7.604e+01 242 3 4 6.441e+01 1.036e+02 364
13650 8 1 4 5.424e+02 5.496e+02 66 1 4 5.773e+02 5.987e+02 199 1 4 5.703e+02 6.057e+02 329 2 2 2.517e+02 2.523e+02 6 2 3 2.204e+02 2.416e+02 196 2 3 2.604e+02 2.856e+02 235 2 1 2.126e+02 2.494e+02 342 2 4 2.753e+02 3.127e+02 348
13651 4 2 3 4.756e+02 4.904e+02 137 2 2 4.967e+02 5.113e+02 136 2 4 4.933e+02 5.147e+02 198 2 1 4.697e+02 4.963e+02 246
13652 1 0 2 6.700e+02 6.740e+02 38
