1755 17 0 2 6.635e+02 6.805e+02 158 0 4 6.626e+02 6.814e+02 174 2 3 1.017e+02 1.083e+02 60 2 2 2.847e+02 3.033e+02 173 2 2 7.092e+01 9.708e+01 243 2 3 3.046e+02 3.254e+02 194 2 3 9.093e+01 1.191e+02 261 2 2 1.097e+02 1.423e+02 303 2 4 1.090e+02 1.430e+02 316 3 2 4.018e+01 4.382e+01 34 3 4 3.910e+01 4.490e+01 54 3 3 7.915e+00 3.408e+01 243 3 1 6.217e+01 6.383e+01 16 3 3 6.293e+01 6.307e+01 1 3 2 8.303e+01 8.497e+01 18 3 2 7.159e+01 9.641e+01 230 3 4 6.979e+01 9.821e+01 264
1756 19 0 3 4.820e+02 4.840e+02 18 0 1 4.789e+02 4.871e+02 76 0 1 2.304e+02 2.316e+02 10 0 2 5.453e+02 5.467e+02 14 0 1 2.609e+02 2.851e+02 226 0 3 6.053e+02 6.127e+02 69 0 3 6.479e+02 6.541e+02 57 0 1 2.133e+02 2.487e+02 329 0 4 6.157e+02 6.443e+02 266 0 4 6.633e+02 6.807e+02 162 0 4 4.896e+02 5.184e+02 268 0 1 5.087e+02 5.413e+02 302 0 1 6.437e+02 6.583e+02 136 0 2 6.607e+02 6.833e+02 210 1 2 6.182e+02 6.418e+02 219 1 4 6.162e+02 6.438e+02 257 1 2 6.117e+02 6.483e+02 340 2 1 1.020e+01 3.180e+01 200 2 3 4.146e+00 3.785e+01 313
1757 24 0 1 2.705e+02 2.755e+02 46 0 4 3.333e+02 3.387e+02 50 0 1 6.081e+02 6.099e+02 16 0 2 2.932e+02 2.948e+02 16 0 2 6.704e+02 6.736e+02 30 0 1 3.134e+02 3.166e+02 30 0 3 5.193e+02 5.307e+02 106 0 2 3.223e+02 3.497e+02 255 0 3 6.033e+02 6.147e+02 106 0 4 6.683e+02 6.757e+02 68 0 4 4.090e+02 4.310e+02 205 0 4 4.857e+02 5.223e+02 340 0 1 5.076e+02 5.424e+02 323 0 4 6.181e+02 6.419e+02 220 0 1 6.445e+02 6.575e+02 121 0 3 4.272e+02 4.548e+02 257 0 3 6.423e+02 6.597e+02 162 0 1 3.812e+02 4.168e+02 330 1 1 6.054e+02 6.126e+02 67 1 2 6.275e+02 6.325e+02 46 1 4 6.288e+02 6.312e+02 23 1 4 6.177e+02 6.423e+02 229 2 4 1.554e+02 1.806e+02 234 2 4 2.022e+02 2.178e+02 146
1759 47 0 4 2.940e+02 2.940e+02 -18 0 3 6.495e+02 6.525e+02 27 0 4 4.153e+01 4.247e+01 9 0 1 1.783e+01 2.417e+01 59 0 3 5.639e+02 5.701e+02 57 0 2 6.166e+02 6.434e+02 250 0 2 3.022e+01 5.378e+01 219 0 1 6.405e+02 6.615e+02 195 0 3 7.199e+00 3.480e+01 256 0 4 6.563e+02 6.877e+02 291 1 1 5.938e+01 6.662e+01 67 1 3 2.630e+02 2.830e+02 186 1 4 4.912e+02 5.168e+02 238 1 2 6.147e+02 6.453e+02 284 1 1 5.301e+01 7.299e+01 186 2 2 4.200e+01 4.200e+01 -24 2 3 3.113e+02 3.187e+02 68 2 2 3.758e+02 3.802e+02 41 2 4 4.187e+02 4.213e+02 25 2 4 4.200e+01 4.200e+01 -8 2 4 5.040e+02 5.040e+02 -14 2 3 1.890e+02 1.890e+02 -2 2 3 5.643e+02 5.697e+02 50 2 4 2.829e+02 3.051e+02 206 2 2 5.856e+02 5.904e+02 44 2 2 3.349e+02 3.371e+02 21 2 3 4.281e+02 4.539e+02 240 2 1 5.481e+01 7.119e+01 152 2 4 5.337e+02 5.583e+02 229 2 4 1.619e+02 1.741e+02 113 2 1 4.259e+02 4.561e+02 281 2 2 2.001e+02 2.199e+02 183 2 4 4.873e+02 5.207e+02 310 2 1 3.488e+02 3.652e+02 152 2 1 5.510e+02 5.830e+02 298 2 3 4.987e+01 7.613e+01 244 2 1 3.827e+02 4.153e+02 302 2 1 1.738e+02 2.042e+02 282 2 2 4.454e+02 4.786e+02 308 2 4 1.956e+02 2.244e+02 267 2 2 4.016e+02 4.384e+02 342 2 3 3.488e+02 3.652e+02 153 2 1 4.736e+01 7.864e+01 290 2 4 3.699e+02 3.861e+02 151 2 3 3.397e+02 3.743e+02 321 3 1 1.954e+01 2.246e+01 27 3 4 5.433e+02 5.487e+02 50
1760 1 1 1 2.575e+02 2.885e+02 287
1761 0
1763 16 0 1 2.310e+02 2.310e+02 -3 0 1 4.403e+02 4.417e+02 14 0 2 2.051e+02 2.149e+02 90 0 1 5.243e+02 5.257e+02 12 0 3 5.202e+02 5.298e+02 90 0 4 4.974e+02 5.106e+02 123 0 2 5.408e+02 5.512e+02 96 0 3 5.893e+02 6.287e+02 366 0 2 5.282e+02 5.638e+02 331 1 4 6.163e+02 6.437e+02 255 1 4 5.314e+02 5.606e+02 271 1 2 6.120e+02 6.480e+02 335 2 2 4.195e+02 4.205e+02 10 2 4 3.865e+01 4.535e+01 62 2 1 3.485e+02 3.655e+02 157 3 1 2.052e+01 2.148e+01 9
1764 7 0 4 1.576e+02 1.784e+02 193 0 1 1.328e+02 1.612e+02 263 2 4 3.335e+02 3.385e+02 47 2 2 3.755e+02 3.805e+02 46 2 1 3.913e+02 4.067e+02 142 2 3 3.449e+02 3.691e+02 226 2 4 3.613e+02 3.947e+02 310
1765 15 0 1 5.665e+02 5.675e+02 9 0 4 5.818e+02 5.942e+02 116 0 2 6.582e+02 6.858e+02 256 0 3 5.494e+02 5.846e+02 327 2 1 1.448e+02 1.492e+02 40 2 3 3.129e+02 3.171e+02 40 2 4 3.747e+02 3.813e+02 60 2 4 1.216e+02 1.304e+02 81 2 3 1.376e+02 1.564e+02 176 2 1 2.986e+02 3.314e+02 305 2 2 3.257e+02 3.463e+02 191 2 3 9.039e+01 1.196e+02 271 2 4 2.776e+02 3.104e+02 304 2 4 3.200e+02 3.520e+02 296 2 2 1.155e+02 1.365e+02 195
1766 9 0 1 6.052e+02 6.128e+02 71 0 4 6.676e+02 6.764e+02 82 0 3 6.052e+02 6.128e+02 71 0 2 6.614e+02 6.826e+02 196 1 1 6.084e+02 6.096e+02 11 1 2 5.826e+02 5.934e+02 100 1 2 5.750e+02 6.010e+02 242 1 3 5.940e+02 6.240e+02 278 2 4 2.419e+02 2.621e+02 188
1770 103 0 4 3.335e+02 3.385e+02 47 0 1 6.506e+02 6.514e+02 8 0 4 2.092e+02 2.108e+02 15 0 3 3.964e+02 4.016e+02 49 0 4 2.934e+02 2.946e+02 11 0 4 4.593e+02 4.647e+02 50 0 1 2.657e+02 2.803e+02 135 0 3 5.663e+02 5.677e+02 12 0 2 3.651e+02 3.909e+02 240 0 4 5.869e+02 5.891e+02 20 0 3 1.733e+02 2.047e+02 292 0 3 6.486e+02 6.534e+02 44 0 4 2.330e+02 2.710e+02 353 0 1 4.818e+02 4.842e+02 21 0 3 2.610e+02 2.850e+02 222 0 2 5.446e+02 5.474e+02 26 0 4 3.216e+02 3.504e+02 267 0 1 6.084e+02 6.096e+02 11 0 4 1.519e+02 1.841e+02 299 0 2 6.715e+02 6.725e+02 10 0 2 2.818e+02 3.062e+02 227 0 1 4.307e+02 4.513e+02 191 0 1 2.995e+02 3.305e+02 287 0 3 4.777e+02 4.883e+02 98 0 1 5.663e+02 5.677e+02 13 0 3 6.073e+02 6.107e+02 31 0 4 6.701e+02 6.739e+02 35 0 1 3.875e+02 4.105e+02 213 0 2 5.027e+02 5.053e+02 24 0 3 5.189e+02 5.311e+02 113 0 2 6.285e+02 6.315e+02 27 0 3 6.345e+02 6.675e+02 307 0 4 4.946e+02 5.134e+02 175 0 1 5.546e+02 5.794e+02 230 0 4 6.269e+02 6.331e+02 57 0 2 4.571e+02 4.669e+02 90 0 3 5.518e+02 5.822e+02 283 0 2 4.931e+02 5.149e+02 202 0 1 5.134e+02 5.366e+02 216 0 2 4.478e+02 4.762e+02 264 0 3 5.108e+02 5.392e+02 264 0 4 4.493e+02 4.747e+02 236 1 3 4.825e+02 4.835e+02 9 1 2 5.449e+02 5.471e+02 20 1 1 6.085e+02 6.095e+02 10 1 1 5.215e+02 5.285e+02 66 1 4 5.419e+02 5.501e+02 76 1 3 6.084e+02 6.096e+02 10 1 3 5.233e+02 5.267e+02 32 1 1 5.654e+02 5.686e+02 29 1 2 6.295e+02 6.305e+02 9 1 3 4.674e+02 4.986e+02 290 1 3 5.639e+02 5.701e+02 57 1 4 6.297e+02 6.303e+02 6 1 3 5.073e+02 5.427e+02 329 1 2 5.871e+02 5.889e+02 16 1 4 5.863e+02 5.897e+02 32 1 2 5.340e+02 5.580e+02 223 2 4 8.400e+01 8.400e+01 -0 2 2 5.459e+02 5.461e+02 1 2 3 1.464e+02 1.476e+02 11 2 3 4.366e+02 4.454e+02 82 2 4 2.090e+02 2.110e+02 19 2 4 4.550e+02 4.690e+02 130 2 4 2.907e+02 2.973e+02 61 2 3 5.165e+02 5.335e+02 158 2 4 3.742e+02 3.818e+02 70 2 2 5.832e+02 5.928e+02 90 2 3 1.370e+01 2.830e+01 136 2 1 3.942e+02 4.038e+02 89 2 3 1.025e+02 1.075e+02 47 2 1 4.768e+02 4.892e+02 116 2 4 1.660e+02 1.700e+02 36 2 1 5.520e+02 5.820e+02 278 2 3 2.299e+02 2.321e+02 20 2 1 6.028e+02 6.152e+02 115 2 3 3.084e+02 3.216e+02 122 2 2 4.059e+02 4.341e+02 262 2 2 3.308e+02 3.412e+02 97 2 3 4.779e+02 4.881e+02 95 2 4 1.244e+02 1.276e+02 30 2 3 5.518e+02 5.822e+02 283 2 3 1.854e+02 1.926e+02 67 2 4 5.702e+02 6.058e+02 330 2 2 2.515e+02 2.525e+02 9 2 4 4.453e+02 4.787e+02 310 2 3 2.682e+02 2.778e+02 90 2 2 4.854e+02 5.226e+02 345 2 4 3.327e+02 3.393e+02 61 2 1 1.811e+00 4.019e+01 356 2 2 1.094e+02 1.426e+02 308 2 2 1.616e+02 1.744e+02 119 2 4 2.518e+02 2.522e+02 3 2 1 2.603e+02 2.857e+02 236 2 1 3.476e+02 3.664e+02 176 2 2 6.634e+01 1.017e+02 328 2 2 2.093e+02 2.107e+02 13 2 2 2.746e+02 3.134e+02 360 2 3 3.377e+02 3.763e+02 359 2 1 2.273e+02 2.347e+02 68 2 3 2.189e+02 2.431e+02 226 2 4 1.982e+02 2.218e+02 220 3 4 1.648e+02 1.712e+02 59
1773 10 0 2 5.452e+02 5.468e+02 16 0 1 5.217e+02 5.283e+02 61 0 4 5.819e+02 5.941e+02 114 0 1 5.536e+02 5.804e+02 248 0 3 5.898e+02 6.282e+02 357 0 2 4.834e+02 5.246e+02 383 2 3 1.833e+02 1.947e+02 106 2 4 2.071e+02 2.129e+02 55 2 3 1.296e+02 1.644e+02 324 2 4 1.529e+02 1.831e+02 281
1776 2 0 1 5.541e+02 5.799e+02 239 0 3 5.493e+02 5.847e+02 328
1777 6 2 2 2.940e+02 2.940e+02 -10 2 2 3.780e+02 3.780e+02 -11 2 4 2.448e+02 2.592e+02 133 2 2 3.360e+02 3.360e+02 -15 2 2 2.353e+02 2.687e+02 310 2 3 2.656e+02 2.804e+02 138
1778 5 0 2 2.090e+02 2.110e+02 19 0 1 2.144e+02 2.476e+02 308 0 3 2.129e+02 2.491e+02 336 2 3 5.648e+02 5.692e+02 40 2 4 5.694e+02 6.066e+02 345
1779 2 2 1 5.215e+02 5.285e+02 66 2 1 5.116e+02 5.384e+02 249
1780 5 2 4 2.494e+02 2.546e+02 49 2 4 2.925e+02 2.955e+02 27 2 4 1.997e+02 2.203e+02 192 2 4 3.170e+02 3.550e+02 352 2 4 1.923e+02 2.277e+02 330
1781 4 0 1 5.573e+02 5.767e+02 180 1 1 6.088e+02 6.092e+02 5 3 1 1.564e+01 2.636e+01 100 3 3 1.679e+00 4.032e+01 359
1782 0
1784 0
1786 11 0 2 5.395e+02 5.525e+02 121 0 3 6.057e+02 6.123e+02 60 0 3 5.554e+02 5.786e+02 216 0 4 6.132e+02 6.468e+02 311 1 2 6.296e+02 6.304e+02 8 1 2 6.191e+02 6.409e+02 203 1 1 5.931e+02 6.249e+02 296 2 4 8.132e+01 8.668e+01 50 2 3 5.391e+01 7.209e+01 169 2 3 9.304e+01 1.170e+02 222 2 2 6.535e+01 1.027e+02 346
1788 1 1 2 2.287e+02 2.753e+02 432
1789 8 0 2 6.282e+02 6.318e+02 34 0 1 6.506e+02 6.514e+02 8 0 3 6.489e+02 6.531e+02 40 2 3 4.400e+02 4.420e+02 19 2 4 4.181e+02 4.219e+02 35 2 2 5.004e+02 5.076e+02 67 2 1 5.219e+02 5.281e+02 58 2 4 4.958e+02 5.122e+02 151
1790 6 0 2 5.391e+02 5.529e+02 129 0 1 6.426e+02 6.594e+02 156 0 1 5.549e+02 5.791e+02 225 0 3 6.406e+02 6.614e+02 194 0 3 5.555e+02 5.785e+02 213 0 2 6.608e+02 6.832e+02 207
1791 0
1792 2 0 2 6.651e+02 6.789e+02 128 0 4 6.616e+02 6.824e+02 194
1793 5 0 3 5.961e+02 6.219e+02 240 0 1 6.324e+02 6.696e+02 346 0 4 6.118e+02 6.482e+02 337 2 3 4.758e+02 4.902e+02 134 2 3 2.800e+00 3.920e+01 338
1795 1 2 4 3.825e+01 4.575e+01 70
