32807 0
32810 53 0 1 4.794e+02 4.866e+02 67 0 4 3.317e+02 3.403e+02 80 0 1 5.249e+02 5.251e+02 2 0 3 1.281e+01 2.919e+01 152 0 1 3.948e+02 4.032e+02 78 0 3 4.760e+02 4.900e+02 130 0 2 2.767e+02 3.113e+02 321 0 4 4.116e+02 4.284e+02 156 0 2 3.180e+02 3.540e+02 334 0 2 4.898e+02 5.182e+02 263 0 1 2.960e+02 3.340e+02 353 0 4 5.767e+02 5.993e+02 210 0 4 6.569e+02 6.871e+02 281 0 3 4.259e+02 4.561e+02 280 0 4 4.927e+02 5.153e+02 210 1 2 6.289e+02 6.311e+02 20 1 4 5.033e+02 5.047e+02 14 1 2 5.832e+02 5.928e+02 90 1 4 6.269e+02 6.331e+02 58 1 1 5.612e+02 5.728e+02 107 1 1 6.010e+02 6.170e+02 148 1 4 5.713e+02 6.047e+02 310 1 3 5.981e+02 6.199e+02 203 1 4 6.167e+02 6.433e+02 247 1 1 5.939e+02 6.241e+02 281 2 2 4.184e+01 4.216e+01 3 2 3 1.027e+02 1.073e+02 43 2 4 6.285e+02 6.315e+02 28 2 3 2.299e+02 2.321e+02 20 2 1 1.967e+01 2.233e+01 25 2 3 6.453e+02 6.567e+02 106 2 4 1.248e+02 1.272e+02 22 2 4 4.166e+02 4.234e+02 63 2 1 1.411e+02 1.529e+02 110 2 2 6.679e+02 6.761e+02 76 2 4 2.087e+02 2.113e+02 25 2 3 4.240e+02 4.580e+02 316 2 3 2.704e+02 2.756e+02 49 2 3 2.026e+01 2.174e+01 14 2 2 7.904e+01 8.896e+01 92 2 3 1.378e+02 1.562e+02 170 2 1 2.291e+02 2.329e+02 35 2 2 2.890e+02 2.990e+02 93 2 3 5.306e+01 7.294e+01 185 2 4 7.217e+01 9.583e+01 220 2 2 1.526e+02 1.834e+02 286 2 3 2.209e+02 2.411e+02 187 2 4 2.900e+02 2.980e+02 75 2 1 4.556e+01 8.044e+01 324 2 2 1.071e+02 1.449e+02 351 2 2 1.953e+02 2.247e+02 273 2 3 2.968e+02 3.332e+02 338 2 4 2.363e+02 2.677e+02 292
32811 12 0 1 5.600e+02 5.740e+02 130 0 2 6.506e+02 6.934e+02 398 0 4 6.476e+02 6.964e+02 454 1 2 5.868e+02 5.892e+02 23 1 4 5.756e+02 6.004e+02 230 1 1 5.547e+02 5.793e+02 228 1 3 5.920e+02 6.260e+02 316 2 1 5.530e+01 7.070e+01 143 2 3 5.297e+01 7.303e+01 186 2 4 6.356e+01 1.044e+02 380 2 2 1.868e+01 6.532e+01 433 2 2 6.284e+01 1.052e+02 393
32812 7 0 2 4.581e+02 4.659e+02 73 0 1 4.284e+02 4.536e+02 235 0 4 4.530e+02 4.710e+02 166 0 3 4.278e+02 4.542e+02 246 2 2 3.740e+01 4.660e+01 86 2 1 5.984e+00 3.602e+01 279 2 3 8.003e+00 3.400e+01 241
32813 12 0 2 6.552e+02 6.888e+02 311 0 4 6.527e+02 6.913e+02 359 2 3 2.306e+02 2.314e+02 7 2 1 3.147e+02 3.153e+02 6 2 4 2.492e+02 2.548e+02 52 2 4 2.908e+02 2.972e+02 60 2 4 2.075e+02 2.125e+02 47 2 3 3.052e+02 3.248e+02 181 2 2 1.984e+02 2.216e+02 216 2 2 2.782e+02 3.098e+02 294 2 1 2.181e+02 2.439e+02 240 2 4 1.933e+02 2.267e+02 310
32814 18 0 3 4.790e+02 4.870e+02 75 0 1 4.410e+02 4.410e+02 -6 0 1 4.763e+02 4.897e+02 124 0 3 4.410e+02 4.410e+02 -12 0 2 4.489e+02 4.751e+02 243 0 1 3.911e+02 4.069e+02 146 0 4 4.496e+02 4.744e+02 230 0 4 4.097e+02 4.303e+02 190 0 3 4.255e+02 4.565e+02 287 1 2 6.299e+02 6.301e+02 1 2 4 4.090e+01 4.310e+01 20 2 4 6.214e+02 6.386e+02 159 2 3 5.346e+01 7.254e+01 177 2 3 6.495e+02 6.525e+02 28 2 1 1.447e+01 2.753e+01 121 2 2 6.683e+02 6.757e+02 68 2 3 1.290e+01 2.910e+01 150 2 2 2.627e+01 5.773e+01 292
32815 3 0 1 5.185e+02 5.315e+02 120 0 3 5.171e+02 5.329e+02 147 0 2 5.324e+02 5.596e+02 252
32816 24 0 3 3.984e+02 3.996e+02 11 0 3 2.282e+02 2.338e+02 51 0 2 6.707e+02 6.733e+02 25 0 1 3.875e+02 4.105e+02 213 0 2 3.615e+02 3.945e+02 306 0 4 6.669e+02 6.771e+02 94 0 3 2.114e+02 2.506e+02 365 0 1 6.389e+02 6.631e+02 226 0 4 3.604e+02 3.956e+02 326 0 3 6.378e+02 6.642e+02 245 1 3 5.493e+02 5.847e+02 328 2 4 4.604e+02 4.636e+02 29 2 4 5.397e+02 5.523e+02 116 2 2 3.282e+02 3.438e+02 146 2 3 6.087e+02 6.093e+02 6 2 3 1.400e+02 1.540e+02 130 2 3 4.709e+02 4.951e+02 224 2 3 8.528e+01 1.247e+02 366 2 3 6.450e+02 6.570e+02 111 2 1 3.812e+02 4.168e+02 331 2 1 5.090e+02 5.410e+02 296 2 2 6.634e+02 6.806e+02 160 2 2 4.848e+02 5.232e+02 356 2 3 6.317e+02 6.703e+02 358
32817 9 0 1 6.492e+02 6.528e+02 34 0 3 5.635e+02 5.705e+02 65 0 3 6.469e+02 6.551e+02 76 0 4 6.116e+02 6.484e+02 341 0 2 6.692e+02 6.748e+02 52 0 3 5.503e+02 5.837e+02 310 0 2 6.099e+02 6.501e+02 373 2 4 8.056e+01 8.744e+01 64 2 4 7.491e+01 9.309e+01 169
32818 42 0 4 1.677e+02 1.683e+02 5 0 1 6.498e+02 6.522e+02 22 0 3 2.237e+02 2.383e+02 136 0 2 5.040e+02 5.040e+02 -2 0 3 5.648e+02 5.692e+02 41 0 2 2.483e+02 2.557e+02 68 0 3 6.036e+02 6.144e+02 100 0 4 1.977e+02 2.223e+02 229 0 3 6.490e+02 6.530e+02 37 0 2 4.596e+02 4.644e+02 46 0 1 2.144e+02 2.476e+02 308 0 1 5.581e+02 5.759e+02 165 0 2 6.272e+02 6.328e+02 51 0 2 6.720e+02 6.720e+02 -0 0 4 4.981e+02 5.099e+02 110 0 2 5.384e+02 5.536e+02 141 0 4 6.261e+02 6.339e+02 73 0 4 6.688e+02 6.752e+02 59 0 4 4.550e+02 4.690e+02 130 0 3 5.090e+02 5.410e+02 298 0 1 6.003e+02 6.177e+02 162 0 1 6.343e+02 6.677e+02 310 0 1 4.656e+02 5.004e+02 324 0 3 5.936e+02 6.244e+02 286 0 4 6.116e+02 6.484e+02 341 1 1 5.239e+02 5.261e+02 20 1 3 5.619e+02 5.721e+02 96 1 1 6.090e+02 6.090e+02 -0 1 3 5.201e+02 5.299e+02 91 1 2 5.364e+02 5.556e+02 178 1 2 6.293e+02 6.307e+02 12 1 3 5.509e+02 5.831e+02 299 1 4 6.292e+02 6.308e+02 15 1 4 5.748e+02 6.012e+02 245 1 3 5.967e+02 6.213e+02 229 2 3 1.045e+02 1.055e+02 10 2 4 7.356e+01 9.444e+01 194 2 2 1.161e+02 1.359e+02 183 2 3 3.826e+02 4.154e+02 306 2 4 4.032e+02 4.368e+02 311 2 2 6.392e+01 1.041e+02 373 2 4 4.858e+02 5.222e+02 338
32819 57 0 2 6.285e+02 6.315e+02 27 0 2 3.360e+02 3.360e+02 -14 0 2 6.720e+02 6.720e+02 -18 0 4 3.742e+02 3.818e+02 71 0 4 5.866e+02 5.894e+02 26 0 2 1.165e+02 1.355e+02 176 0 1 1.394e+02 1.546e+02 141 0 1 5.536e+02 5.804e+02 248 0 2 3.244e+02 3.476e+02 216 0 3 6.055e+02 6.125e+02 66 0 4 3.251e+02 3.469e+02 202 0 1 6.484e+02 6.536e+02 49 0 1 8.003e+01 1.300e+02 464 0 1 4.303e+02 4.517e+02 200 0 1 5.986e+02 6.194e+02 194 0 3 6.499e+02 6.521e+02 20 0 3 5.475e+02 5.865e+02 362 0 4 6.112e+02 6.488e+02 350 0 2 6.550e+02 6.890e+02 316 0 4 5.691e+02 6.069e+02 351 1 2 1.202e+02 1.318e+02 108 1 1 6.067e+02 6.113e+02 42 1 1 5.160e+02 5.340e+02 167 1 4 5.374e+02 5.546e+02 160 1 3 6.079e+02 6.101e+02 20 1 3 5.190e+02 5.310e+02 111 1 2 5.300e+02 5.620e+02 298 1 2 6.247e+02 6.353e+02 99 1 4 6.275e+02 6.325e+02 46 1 3 5.987e+02 6.193e+02 191 2 3 9.945e+01 1.105e+02 103 2 4 5.400e+02 5.520e+02 110 2 4 2.935e+02 2.945e+02 10 2 4 3.256e+02 3.464e+02 193 2 1 5.604e+02 5.736e+02 122 2 3 1.931e+01 2.269e+01 31 2 4 5.789e+02 5.971e+02 169 2 4 1.243e+02 1.277e+02 32 2 2 5.349e+02 5.571e+02 206 2 3 1.383e+02 1.557e+02 161 2 1 3.798e+02 4.182e+02 356 2 4 2.034e+02 2.166e+02 123 2 3 5.581e+02 5.759e+02 165 2 3 2.626e+02 2.834e+02 193 2 2 5.290e+02 5.630e+02 316 2 3 3.481e+02 3.659e+02 166 2 2 4.200e+01 4.200e+01 -0 2 2 7.689e+01 9.111e+01 132 2 4 1.494e+02 1.866e+02 346 2 4 1.963e+02 2.237e+02 255 2 1 3.032e+02 3.268e+02 219 2 2 3.182e+02 3.538e+02 331 2 4 7.967e+01 8.833e+01 80 2 3 3.044e+02 3.256e+02 196 2 2 7.051e+01 9.749e+01 250 2 2 1.091e+02 1.429e+02 314 3 3 1.537e+01 2.663e+01 105
32820 21 0 3 2.100e+01 2.100e+01 -23 0 4 6.274e+02 6.326e+02 48 0 4 3.769e+02 3.791e+02 20 0 1 2.053e+01 2.147e+01 9 0 3 6.426e+02 6.594e+02 156 0 4 2.833e+01 5.567e+01 254 0 2 6.070e+02 6.530e+02 426 1 4 4.566e+02 4.674e+02 100 1 4 6.180e+02 6.420e+02 222 2 2 4.014e+01 4.386e+01 35 2 3 1.339e+01 2.861e+01 141 2 3 1.784e+02 1.996e+02 196 2 4 2.892e+01 5.508e+01 243 2 2 6.540e+01 1.026e+02 346 2 4 1.512e+02 1.848e+02 311 2 1 4.574e+01 8.026e+01 320 2 4 6.194e+01 1.061e+02 410 2 1 1.722e+02 2.058e+02 311 2 3 4.453e+01 8.147e+01 343 2 2 1.471e+02 1.889e+02 389 3 1 2.658e+02 2.802e+02 133
32821 25 0 2 6.620e+02 6.820e+02 186 0 1 6.064e+02 6.116e+02 48 0 4 6.590e+02 6.850e+02 242 0 3 6.038e+02 6.142e+02 96 0 1 6.350e+02 6.670e+02 296 0 3 6.263e+02 6.757e+02 459 1 3 5.663e+02 5.677e+02 13 1 3 6.080e+02 6.100e+02 18 1 3 5.537e+02 5.803e+02 246 1 2 6.286e+02 6.314e+02 26 2 3 5.790e+01 6.810e+01 95 2 3 1.389e+02 1.551e+02 151 2 1 5.265e+01 7.335e+01 192 2 3 5.129e+02 5.371e+02 224 2 2 7.181e+01 9.619e+01 226 2 4 4.819e+02 5.261e+02 410 2 4 1.516e+02 1.844e+02 305 2 2 5.309e+02 5.611e+02 280 2 3 5.136e+00 3.686e+01 295 2 1 5.526e+02 5.814e+02 267 2 4 6.876e+01 9.924e+01 283 2 2 5.630e+02 6.130e+02 465 2 1 2.086e+02 2.534e+02 416 2 3 5.473e+02 5.867e+02 366 2 1 3.789e+00 3.821e+01 320
32822 23 0 1 5.230e+02 5.270e+02 38 0 2 6.240e+02 6.360e+02 112 0 2 6.688e+02 6.752e+02 60 0 1 4.397e+02 4.423e+02 25 0 2 4.977e+02 5.103e+02 116 0 3 5.227e+02 5.273e+02 43 0 4 6.270e+02 6.330e+02 56 0 4 6.711e+02 6.729e+02 16 0 1 4.764e+02 4.896e+02 123 0 2 5.459e+02 5.461e+02 2 0 1 5.999e+02 6.181e+02 169 0 1 6.398e+02 6.622e+02 209 0 1 4.666e+02 4.994e+02 304 0 3 5.479e+02 5.861e+02 356 0 3 5.947e+02 6.233e+02 266 0 3 6.371e+02 6.649e+02 259 0 2 6.575e+02 6.865e+02 269 0 4 6.555e+02 6.885e+02 307 2 1 5.817e+01 6.783e+01 90 2 1 1.868e+01 2.332e+01 43 2 4 3.156e+01 5.244e+01 194 2 3 5.368e+01 7.232e+01 173 2 2 2.663e+01 5.737e+01 286
32823 10 0 3 6.077e+02 6.103e+02 25 0 4 4.798e+02 5.282e+02 449 1 3 5.624e+02 5.716e+02 86 1 1 5.550e+02 5.790e+02 222 1 1 5.115e+02 5.385e+02 251 1 4 5.771e+02 5.989e+02 203 1 2 5.681e+02 6.079e+02 370 2 4 1.675e+02 1.685e+02 9 3 2 6.699e+02 6.741e+02 40 3 3 6.369e+02 6.651e+02 261
32824 23 0 2 6.259e+02 6.341e+02 76 0 2 8.375e+01 8.425e+01 5 0 2 4.607e+02 4.633e+02 24 0 1 5.211e+02 5.289e+02 73 0 3 4.730e+02 4.930e+02 186 0 3 5.231e+02 5.269e+02 36 0 4 5.781e+02 5.979e+02 185 0 2 6.720e+02 6.720e+02 0 0 2 4.988e+02 5.092e+02 97 0 1 5.924e+02 6.256e+02 309 0 4 4.532e+02 4.708e+02 164 0 3 5.969e+02 6.211e+02 224 0 1 6.490e+02 6.530e+02 36 0 2 4.868e+02 5.212e+02 320 0 3 6.347e+02 6.673e+02 302 0 2 4.432e+02 4.808e+02 350 0 2 6.612e+02 6.828e+02 201 0 4 6.565e+02 6.875e+02 288 0 2 6.516e+02 6.924e+02 379 2 4 2.044e+02 2.156e+02 104 2 3 1.855e+02 1.925e+02 65 2 4 6.221e+01 1.058e+02 405 2 3 6.190e+01 6.410e+01 20
32825 11 0 2 5.431e+02 5.489e+02 53 0 1 4.390e+02 4.430e+02 37 0 4 4.579e+02 4.661e+02 76 0 1 5.223e+02 5.277e+02 50 0 3 4.342e+02 4.478e+02 127 0 1 5.109e+02 5.391e+02 261 0 2 6.547e+02 6.893e+02 322 0 3 5.061e+02 5.439e+02 351 0 4 6.524e+02 6.916e+02 365 0 3 6.245e+02 6.775e+02 493 2 4 2.505e+02 2.535e+02 27
32826 10 0 2 6.232e+02 6.368e+02 126 0 1 6.497e+02 6.523e+02 24 0 4 6.666e+02 6.774e+02 100 1 4 6.300e+02 6.300e+02 -18 1 3 5.951e+02 6.229e+02 258 1 4 6.158e+02 6.442e+02 264 2 4 4.197e+01 4.203e+01 0 2 3 5.714e+01 6.886e+01 109 2 3 1.729e+01 2.471e+01 69 2 2 2.232e+01 6.168e+01 366
32827 32 0 4 3.308e+02 3.412e+02 96 0 1 6.496e+02 6.524e+02 26 0 3 1.976e+01 2.224e+01 23 0 3 6.468e+02 6.552e+02 77 0 3 1.035e+02 1.065e+02 27 0 3 5.922e+02 6.258e+02 312 0 1 3.048e+02 3.252e+02 190 0 2 6.706e+02 6.734e+02 26 0 1 5.350e+01 7.250e+01 176 0 2 6.129e+02 6.471e+02 317 0 4 7.625e+01 9.175e+01 144 0 4 6.692e+02 6.748e+02 51 0 4 3.141e+02 3.579e+02 407 0 4 6.109e+02 6.491e+02 354 0 3 5.665e+01 6.935e+01 118 0 1 6.350e+02 6.670e+02 298 0 4 2.728e+02 3.152e+02 394 0 4 5.732e+02 6.028e+02 275 0 4 2.833e+01 5.567e+01 254 0 4 6.538e+02 6.902e+02 337 0 1 5.931e+02 6.249e+02 296 1 4 5.729e+02 6.031e+02 280 2 4 1.996e+02 2.204e+02 194 2 3 8.050e+00 3.395e+01 240 2 1 2.250e+02 2.370e+02 111 2 4 2.703e+01 5.697e+01 278 2 3 2.231e+02 2.389e+02 146 2 2 1.956e+02 2.244e+02 268 3 1 1.036e+02 1.064e+02 26 3 1 2.030e+01 2.170e+01 13 3 1 1.822e+02 1.958e+02 126 3 1 6.194e+01 6.406e+01 20
32828 27 0 2 6.290e+02 6.310e+02 19 0 2 3.353e+02 3.367e+02 13 0 1 3.961e+02 4.019e+02 54 0 2 4.593e+02 4.647e+02 50 0 1 5.655e+02 5.685e+02 28 0 1 2.982e+02 3.318e+02 311 0 4 6.254e+02 6.346e+02 85 0 4 3.220e+02 3.500e+02 260 0 3 3.942e+02 4.038e+02 90 0 2 3.588e+02 3.972e+02 357 0 4 4.499e+02 4.741e+02 225 0 4 5.822e+02 5.938e+02 107 0 4 4.171e+02 4.229e+02 53 0 3 4.703e+02 4.957e+02 236 0 3 5.539e+02 5.801e+02 244 0 1 5.965e+02 6.215e+02 232 0 3 6.333e+02 6.687e+02 329 0 1 4.221e+02 4.599e+02 351 1 4 5.736e+02 6.024e+02 267 2 2 3.892e+01 4.508e+01 57 2 2 1.652e+02 1.708e+02 51 2 4 3.955e+01 4.445e+01 46 2 4 1.619e+02 1.741e+02 114 2 1 5.207e+01 7.393e+01 203 2 3 1.309e+02 1.631e+02 299 2 3 1.454e+00 4.055e+01 363 2 1 1.688e+02 2.092e+02 376
32829 15 0 2 3.360e+02 3.360e+02 -4 0 2 6.271e+02 6.329e+02 53 0 2 4.994e+02 5.086e+02 86 0 1 3.065e+02 3.235e+02 157 0 1 6.001e+02 6.179e+02 166 0 4 3.650e+02 3.910e+02 241 0 3 6.449e+02 6.571e+02 113 0 4 3.222e+02 3.498e+02 257 0 4 5.025e+02 5.055e+02 27 0 1 3.428e+02 3.712e+02 264 0 1 5.523e+02 5.817e+02 274 0 4 6.159e+02 6.441e+02 261 0 3 6.354e+02 6.666e+02 289 0 3 4.643e+02 5.017e+02 348 2 1 4.978e+01 7.622e+01 246
32830 4 0 4 6.702e+02 6.738e+02 34 0 1 6.420e+02 6.600e+02 167 0 2 6.675e+02 6.765e+02 83 0 3 6.337e+02 6.683e+02 320
32832 14 0 4 2.500e+02 2.540e+02 37 0 1 2.258e+02 2.362e+02 97 0 2 2.842e+01 5.558e+01 252 0 3 2.177e+02 2.443e+02 247 0 1 -3.978e+00 4.598e+01 464 2 2 1.108e+02 1.412e+02 283 2 1 1.319e+02 1.621e+02 280 2 4 1.110e+02 1.410e+02 279 2 4 1.693e+01 6.707e+01 466 2 2 6.881e+01 9.919e+01 282 2 3 8.747e+01 1.225e+02 326 2 3 3.632e+01 8.968e+01 496 2 3 7.809e+01 1.319e+02 500 3 4 1.218e+02 1.302e+02 79
32833 10 0 4 4.545e+02 4.695e+02 139 1 2 4.893e+02 5.187e+02 272 1 2 6.035e+02 6.565e+02 491 2 4 8.362e+01 8.438e+01 7 2 3 3.128e+02 3.172e+02 40 2 2 8.061e+01 8.739e+01 63 2 4 2.856e+02 3.024e+02 156 2 2 3.210e+02 3.510e+02 278 2 3 9.129e+01 1.187e+02 255 2 1 3.047e+02 3.253e+02 190
32834 2 2 1 1.895e+01 2.305e+01 38 2 1 2.935e+00 3.907e+01 336
32835 24 0 1 6.510e+02 6.510e+02 -8 0 1 5.600e+02 5.740e+02 130 0 2 6.676e+02 6.764e+02 81 0 4 5.016e+02 5.064e+02 44 0 3 5.633e+02 5.707e+02 68 0 2 6.188e+02 6.412e+02 207 0 4 6.694e+02 6.746e+02 49 0 4 4.908e+02 5.172e+02 245 0 3 5.127e+02 5.373e+02 228 0 4 6.144e+02 6.456e+02 290 0 3 6.453e+02 6.567e+02 106 0 3 4.671e+02 4.989e+02 296 0 1 5.133e+02 5.367e+02 218 0 2 6.045e+02 6.555e+02 474 1 3 6.050e+02 6.130e+02 75 1 3 3.077e+02 3.223e+02 136 1 2 6.281e+02 6.319e+02 36 1 4 1.980e+02 2.220e+02 222 1 2 5.715e+02 6.045e+02 306 1 4 3.175e+02 3.545e+02 344 1 1 5.993e+02 6.187e+02 180 1 4 6.182e+02 6.418e+02 220 1 2 6.110e+02 6.490e+02 352 2 1 -4.022e+00 4.602e+01 465
32836 5 0 3 5.107e+02 5.393e+02 266 0 3 8.039e+01 1.296e+02 457 1 4 5.842e+02 5.918e+02 71 2 4 1.971e+02 2.229e+02 239 2 3 2.098e+02 2.522e+02 394
32837 25 2 2 3.923e+01 4.477e+01 51 2 3 3.970e+02 4.010e+02 38 2 2 2.500e+02 2.540e+02 38 2 1 2.648e+02 2.812e+02 153 2 1 4.779e+02 4.881e+02 95 2 4 4.022e+01 4.378e+01 33 2 4 7.720e+01 9.080e+01 126 2 4 2.467e+02 2.573e+02 99 2 3 2.670e+02 2.790e+02 111 2 3 5.723e+01 6.877e+01 107 2 1 1.295e+02 1.645e+02 326 2 3 2.190e+02 2.430e+02 222 2 4 2.809e+02 3.071e+02 243 2 3 4.884e+01 7.716e+01 263 2 1 2.170e+02 2.450e+02 260 2 3 2.548e+02 2.912e+02 339 2 2 2.801e+02 3.079e+02 259 3 2 3.755e+02 3.805e+02 46 3 4 4.106e+02 4.294e+02 174 3 4 3.765e+02 3.795e+02 28 3 4 4.010e+02 4.390e+02 352 3 1 3.938e+02 4.042e+02 97 3 3 3.977e+02 4.003e+02 24 3 2 3.598e+02 3.962e+02 339 3 3 3.811e+02 4.169e+02 333
32838 3 0 2 4.571e+02 4.669e+02 91 0 4 4.554e+02 4.686e+02 123 0 3 4.620e+02 5.040e+02 390
32839 41 0 3 3.987e+02 3.993e+02 6 0 1 3.557e+02 3.583e+02 24 0 2 5.449e+02 5.471e+02 21 0 3 2.669e+02 2.791e+02 113 0 1 6.494e+02 6.526e+02 30 0 4 3.763e+02 3.797e+02 32 0 1 5.222e+02 5.278e+02 52 0 2 3.716e+02 3.844e+02 120 0 2 6.201e+02 6.399e+02 185 0 3 6.480e+02 6.540e+02 56 0 1 5.609e+02 5.731e+02 114 0 4 6.170e+02 6.430e+02 241 0 2 6.695e+02 6.745e+02 47 0 4 4.032e+02 4.368e+02 311 0 3 5.585e+02 5.755e+02 157 0 4 5.785e+02 5.975e+02 177 0 4 6.612e+02 6.828e+02 201 0 1 3.825e+02 4.155e+02 307 0 3 5.108e+02 5.392e+02 263 0 1 5.921e+02 6.259e+02 314 0 1 6.387e+02 6.633e+02 228 0 1 5.489e+02 5.851e+02 336 0 3 5.943e+02 6.237e+02 274 0 2 6.526e+02 6.914e+02 360 0 3 5.478e+02 5.862e+02 356 0 1 5.073e+02 5.427e+02 328 1 2 6.294e+02 6.306e+02 11 1 4 6.227e+02 6.373e+02 135 1 1 5.930e+02 6.250e+02 297 2 2 3.717e+01 4.683e+01 90 2 1 3.982e+02 3.998e+02 15 2 4 8.088e+01 8.712e+01 58 2 3 3.900e+02 4.080e+02 166 2 2 3.688e+02 3.872e+02 170 2 3 9.891e+00 3.211e+01 206 2 2 4.031e+02 4.369e+02 314 2 2 7.697e+01 9.103e+01 130 2 4 3.677e+02 3.883e+02 191 2 4 2.882e+01 5.518e+01 245 2 3 8.949e+01 1.205e+02 288 2 1 1.275e+00 4.072e+01 366
32840 18 0 3 4.791e+02 4.869e+02 72 0 1 6.031e+02 6.149e+02 110 0 4 6.706e+02 6.734e+02 26 0 2 4.514e+02 4.726e+02 196 0 3 5.563e+02 5.777e+02 200 0 4 6.231e+02 6.369e+02 129 0 4 4.493e+02 4.747e+02 236 0 1 5.204e+02 5.296e+02 86 0 3 5.990e+02 6.190e+02 186 0 1 4.710e+02 4.950e+02 223 2 4 8.335e+01 8.465e+01 12 2 4 3.780e+01 4.620e+01 78 2 3 1.031e+02 1.069e+02 35 2 4 2.027e+02 2.173e+02 136 2 2 2.833e+01 5.567e+01 254 2 3 2.233e+02 2.387e+02 144 2 4 2.349e+01 6.051e+01 344 2 2 6.589e+01 1.021e+02 336
32841 13 0 3 6.510e+02 6.510e+02 -14 0 1 6.489e+02 6.531e+02 40 0 2 6.137e+02 6.463e+02 303 0 4 6.584e+02 6.856e+02 252 2 2 4.049e+01 4.351e+01 28 2 4 3.188e+01 5.212e+01 188 2 4 4.494e+02 4.746e+02 234 2 2 8.400e+01 8.400e+01 -23 2 3 1.240e+01 2.960e+01 160 2 4 8.128e+01 8.672e+01 50 2 1 4.754e+01 7.846e+01 287 2 4 6.701e+01 1.010e+02 316 2 3 4.687e+01 7.913e+01 300
32842 3 2 2 6.286e+02 6.314e+02 26 2 4 6.247e+02 6.353e+02 99 2 3 6.374e+02 6.646e+02 253
32844 5 0 2 6.690e+02 6.750e+02 56 0 4 6.661e+02 6.779e+02 109 2 3 1.005e+02 1.095e+02 83 2 2 1.152e+02 1.368e+02 200 2 4 1.140e+02 1.380e+02 222
32846 7 2 1 1.863e+02 1.917e+02 50 2 1 2.084e+01 2.116e+01 3 2 3 1.878e+02 1.902e+02 22 2 1 5.991e+02 6.189e+02 183 2 4 1.489e+02 1.871e+02 356 2 3 3.823e+02 4.157e+02 310 2 3 5.898e+02 6.282e+02 356
32847 1 2 3 8.326e+01 1.267e+02 404
32848 8 0 4 2.513e+02 2.527e+02 13 0 2 2.443e+02 2.597e+02 142 0 1 6.498e+02 6.522e+02 23 0 1 2.213e+02 2.407e+02 180 0 3 2.161e+02 2.459e+02 276 1 1 5.560e+02 5.780e+02 204 1 2 5.769e+02 5.991e+02 206 1 2 5.706e+02 6.054e+02 324
32849 3 0 3 6.079e+02 6.101e+02 20 0 1 6.028e+02 6.152e+02 116 0 4 6.140e+02 6.460e+02 297
32851 2 0 3 4.183e+02 4.637e+02 422 0 1 4.148e+02 4.672e+02 487
32853 31 0 4 3.360e+02 3.360e+02 -4 0 2 2.890e+02 2.990e+02 92 0 4 1.552e+02 1.808e+02 237 0 1 3.028e+02 3.272e+02 227 1 2 4.990e+02 5.090e+02 93 1 2 5.450e+02 5.470e+02 19 1 1 5.231e+02 5.269e+02 36 1 3 5.653e+02 5.687e+02 32 1 4 5.812e+02 5.948e+02 126 1 4 5.757e+02 6.003e+02 229 2 1 1.863e+02 1.917e+02 50 2 3 2.287e+02 2.333e+02 43 2 4 4.180e+02 4.220e+02 38 2 4 3.316e+02 3.404e+02 81 2 3 4.345e+02 4.475e+02 121 2 4 3.843e+01 4.557e+01 66 2 4 1.629e+02 1.731e+02 94 2 4 2.010e+02 2.190e+02 167 2 3 3.517e+02 3.623e+02 99 2 1 1.581e+01 2.619e+01 96 2 2 1.555e+02 1.805e+02 233 2 1 2.154e+02 2.466e+02 289 2 2 3.614e+02 3.946e+02 309 2 3 1.375e+01 2.825e+01 135 2 3 1.734e+02 2.046e+02 290 2 2 2.369e+02 2.671e+02 280 2 1 3.968e+00 3.803e+01 316 2 3 1.277e+02 1.663e+02 358 3 1 4.377e+02 4.443e+02 62 3 2 4.598e+02 4.642e+02 41 3 3 4.681e+02 4.979e+02 277
32855 6 0 4 4.560e+02 4.680e+02 111 0 3 4.611e+02 5.049e+02 407 2 3 5.970e+01 6.630e+01 61 2 4 2.685e+01 5.715e+01 281 2 3 1.679e+00 4.032e+01 359 2 2 2.160e+01 6.240e+01 379
32864 6 2 3 2.724e+02 2.736e+02 11 2 4 2.922e+02 2.958e+02 33 2 1 2.664e+02 2.796e+02 122 2 2 2.852e+02 3.028e+02 163 3 2 4.159e+02 4.241e+02 76 3 1 3.839e+02 4.141e+02 281
