18209 1 2 3 3.946e+01 8.654e+01 437
18210 8 0 2 5.438e+02 5.482e+02 41 0 3 5.556e+02 5.784e+02 212 1 4 5.640e+02 6.120e+02 446 1 2 5.200e+02 5.720e+02 483 2 3 3.540e+02 3.600e+02 56 2 2 3.661e+02 3.899e+02 221 2 4 3.182e+02 3.538e+02 331 2 1 3.430e+02 3.710e+02 260
18213 3 0 2 6.687e+02 6.753e+02 62 0 4 6.531e+02 6.909e+02 351 2 4 3.242e+01 5.158e+01 178
18214 1 1 4 2.092e+02 2.108e+02 16
18215 13 0 4 6.244e+02 6.356e+02 104 0 3 6.012e+02 6.168e+02 145 0 3 5.901e+02 6.279e+02 350 0 2 6.543e+02 6.897e+02 329 2 3 4.830e+02 4.830e+02 -5 2 4 2.917e+02 2.963e+02 43 2 4 3.758e+02 3.802e+02 41 2 4 4.200e+02 4.200e+02 -5 2 4 6.640e+02 6.800e+02 149 2 3 3.961e+02 4.019e+02 55 2 2 4.035e+02 4.365e+02 307 2 4 4.056e+02 4.344e+02 268 3 2 6.699e+02 6.741e+02 39
18217 9 0 4 1.650e+02 1.710e+02 56 0 4 6.720e+02 6.720e+02 -14 0 2 6.643e+02 6.797e+02 143 0 4 1.520e+02 1.840e+02 298 0 2 6.553e+02 6.887e+02 310 0 4 6.572e+02 6.868e+02 276 2 1 1.437e+02 1.503e+02 61 2 4 1.164e+02 1.356e+02 179 2 3 1.441e+02 1.499e+02 53
18218 1 1 2 8.124e+01 8.676e+01 51
18219 13 0 1 6.049e+02 6.131e+02 76 0 3 6.016e+02 6.164e+02 137 0 2 6.563e+02 6.877e+02 291 0 4 6.196e+02 6.404e+02 194 0 4 6.524e+02 6.916e+02 364 2 3 1.028e+02 1.072e+02 40 2 4 3.843e+01 4.557e+01 66 2 1 1.290e+01 2.910e+01 150 2 4 1.111e+02 1.409e+02 276 2 2 3.120e+01 5.280e+01 200 2 2 7.352e+01 9.448e+01 195 2 3 5.014e+01 7.586e+01 239 2 3 2.218e+00 3.978e+01 349
18220 11 0 4 6.720e+02 6.720e+02 -18 0 2 5.410e+02 5.510e+02 92 2 3 3.986e+02 3.994e+02 8 2 4 2.916e+02 2.964e+02 44 2 3 6.081e+02 6.099e+02 16 2 4 5.812e+02 5.948e+02 127 2 3 6.494e+02 6.526e+02 29 2 4 3.630e+02 3.930e+02 278 2 2 4.030e+02 4.370e+02 316 2 4 4.514e+02 4.726e+02 196 2 3 6.318e+02 6.702e+02 357
18222 5 0 1 4.824e+02 4.836e+02 11 0 3 4.814e+02 4.846e+02 30 0 3 4.697e+02 4.963e+02 247 0 4 4.932e+02 5.148e+02 200 0 2 4.865e+02 5.215e+02 325
18223 9 2 1 6.494e+02 6.526e+02 30 2 3 3.119e+02 3.181e+02 58 2 1 3.554e+02 3.586e+02 29 2 1 1.422e+02 1.518e+02 89 2 4 2.824e+02 3.056e+02 215 2 4 3.286e+02 3.434e+02 137 2 2 1.164e+02 1.356e+02 178 2 4 1.122e+02 1.398e+02 257 2 3 8.680e+01 1.232e+02 338
18224 4 0 2 6.561e+02 6.879e+02 295 0 4 6.547e+02 6.893e+02 321 1 2 5.766e+02 5.994e+02 212 2 1 2.294e+02 2.326e+02 30
18226 0
18227 33 0 4 4.617e+02 4.623e+02 6 0 1 5.670e+02 5.670e+02 -9 0 1 6.473e+02 6.547e+02 69 0 3 4.787e+02 4.873e+02 80 0 3 5.640e+02 5.700e+02 56 0 4 6.295e+02 6.305e+02 9 0 4 4.992e+02 5.088e+02 90 2 2 6.279e+02 6.321e+02 40 2 2 3.330e+02 3.390e+02 56 2 4 4.993e+02 5.087e+02 87 2 4 4.161e+01 4.239e+01 7 2 2 2.848e+02 3.032e+02 171 2 3 5.923e+02 6.257e+02 310 2 4 3.261e+02 3.459e+02 185 2 4 4.906e+02 5.174e+02 250 2 1 1.303e+01 2.897e+01 148 2 4 6.103e+02 6.497e+02 366 2 4 2.894e+02 2.986e+02 86 2 1 3.458e+02 3.682e+02 207 2 2 1.089e+02 1.431e+02 318 2 1 3.094e+02 3.206e+02 105 2 3 2.969e+02 3.331e+02 336 3 1 3.142e+02 3.158e+02 16 3 1 3.968e+02 4.012e+02 41 3 2 3.345e+02 3.375e+02 28 3 3 3.513e+02 3.627e+02 106 3 1 4.355e+02 4.465e+02 101 3 4 3.721e+02 3.839e+02 110 3 4 4.086e+02 4.314e+02 212 3 3 3.860e+02 4.120e+02 241 3 2 4.040e+02 4.360e+02 297 3 2 3.682e+02 3.878e+02 182 3 4 3.598e+02 3.962e+02 338
18228 7 0 4 6.711e+02 6.729e+02 16 1 1 1.855e+02 1.925e+02 65 1 3 1.844e+02 1.936e+02 86 1 2 1.928e+02 2.272e+02 320 2 3 5.229e+02 5.271e+02 40 2 4 6.711e+02 6.729e+02 17 2 4 5.453e+02 5.467e+02 12
18229 40 0 2 5.449e+02 5.471e+02 21 0 2 3.326e+02 3.394e+02 64 0 1 3.038e+02 3.262e+02 209 0 1 5.659e+02 5.681e+02 20 0 4 5.793e+02 5.967e+02 161 0 2 6.689e+02 6.751e+02 57 0 3 5.573e+02 5.767e+02 180 0 2 6.241e+02 6.359e+02 110 0 1 6.392e+02 6.628e+02 220 0 3 5.488e+02 5.852e+02 339 0 4 6.227e+02 6.373e+02 136 0 1 5.058e+02 5.442e+02 357 0 1 5.981e+02 6.199e+02 202 0 3 5.957e+02 6.223e+02 247 1 4 1.680e+02 1.680e+02 -14 1 2 6.288e+02 6.312e+02 22 1 4 5.383e+02 5.537e+02 144 1 2 6.148e+02 6.452e+02 282 1 1 5.897e+02 6.283e+02 359 1 3 5.876e+01 6.724e+01 79 1 4 6.101e+02 6.499e+02 370 2 1 1.874e+02 1.906e+02 30 2 3 1.895e+01 2.305e+01 38 2 4 4.606e+02 4.634e+02 26 2 2 8.097e+01 8.703e+01 56 2 1 4.809e+02 4.851e+02 40 2 4 1.618e+02 1.742e+02 116 2 4 3.493e+01 4.907e+01 131 2 3 4.770e+02 4.890e+02 112 2 3 1.036e+02 1.064e+02 26 2 4 6.100e+02 6.500e+02 370 2 3 1.834e+02 1.946e+02 104 2 2 4.457e+02 4.783e+02 303 2 4 3.587e+02 3.973e+02 358 2 3 5.117e+01 7.483e+01 220 2 4 7.446e+01 9.354e+01 177 2 2 1.895e+02 2.305e+02 380 2 2 2.272e+01 6.128e+01 358 2 2 1.109e+02 1.411e+02 281 3 4 6.703e+02 6.737e+02 32
18230 13 0 2 4.896e+02 5.184e+02 268 0 1 4.618e+02 5.042e+02 393 0 4 4.839e+02 5.241e+02 373 1 3 5.058e+02 5.442e+02 356 1 3 5.482e+02 5.858e+02 350 1 3 4.236e+02 4.584e+02 323 1 3 5.926e+02 6.254e+02 304 1 2 3.941e+02 4.459e+02 481 1 1 4.160e+02 4.660e+02 465 2 3 5.059e+01 7.541e+01 230 2 1 4.058e+01 8.542e+01 416 2 2 5.979e+01 1.082e+02 450 3 2 3.176e+02 3.544e+02 342
18231 6 0 2 5.022e+02 5.058e+02 33 1 2 6.243e+02 6.357e+02 106 2 1 3.138e+02 3.162e+02 22 2 3 1.976e+01 2.224e+01 23 2 1 1.222e+01 2.978e+01 163 2 2 2.901e+01 5.499e+01 241
18233 2 2 3 3.493e+02 3.647e+02 144 2 4 3.668e+02 3.892e+02 208
18234 2 2 1 6.056e+02 6.124e+02 64 2 3 3.742e+00 3.826e+01 320
18235 6 2 1 6.226e+01 6.374e+01 14 2 3 6.262e+01 6.338e+01 7 3 1 5.997e+01 6.603e+01 56 3 3 5.997e+01 6.603e+01 56 3 2 2.595e+01 5.805e+01 298 3 4 2.614e+01 5.786e+01 295
18236 10 0 1 6.323e+02 6.697e+02 348 0 3 6.321e+02 6.699e+02 351 0 2 6.482e+02 6.958e+02 441 0 4 6.525e+02 6.915e+02 361 2 2 2.319e+02 2.721e+02 373 2 4 2.007e+01 6.393e+01 407 2 2 1.067e+02 1.453e+02 358 2 1 1.222e+02 1.718e+02 460 2 4 2.261e+02 2.779e+02 480 2 3 7.989e+01 1.301e+02 466
18237 16 0 4 6.257e+02 6.343e+02 80 0 2 6.246e+02 6.354e+02 100 0 1 5.937e+02 6.243e+02 285 0 3 5.940e+02 6.240e+02 278 2 1 1.931e+01 2.269e+01 31 2 4 1.256e+02 1.264e+02 7 2 2 2.908e+02 2.972e+02 59 2 2 8.393e+01 8.407e+01 1 2 3 2.614e+02 2.846e+02 216 2 3 5.023e+01 7.577e+01 237 2 4 7.962e+01 8.838e+01 81 2 4 2.809e+02 3.071e+02 244 2 3 8.972e+01 1.203e+02 284 2 1 2.538e+02 2.922e+02 356 2 2 7.011e+01 9.789e+01 258 2 4 7.038e+01 9.762e+01 253
18238 8 0 4 5.821e+02 5.939e+02 109 0 3 5.933e+02 6.247e+02 291 2 2 3.946e+01 4.454e+01 47 2 1 1.420e+01 2.780e+01 126 2 4 7.926e+01 8.874e+01 88 2 3 1.132e+01 3.068e+01 180 2 3 8.958e+01 1.204e+02 286 2 3 4.538e+01 8.062e+01 327
18239 5 0 2 6.717e+02 6.723e+02 6 0 4 6.660e+02 6.780e+02 112 0 4 2.658e+01 5.742e+01 286 0 3 3.713e+01 8.887e+01 480 2 3 4.415e+00 3.758e+01 308
18241 4 0 1 6.434e+02 6.586e+02 141 0 4 6.158e+02 6.442e+02 263 0 3 6.490e+02 6.530e+02 37 0 2 6.145e+02 6.455e+02 287
18243 0
18245 1 2 4 3.593e+02 3.967e+02 347
18246 14 0 2 6.127e+02 6.473e+02 322 0 4 6.100e+02 6.500e+02 371 1 3 6.077e+02 6.103e+02 25 1 4 5.763e+02 5.997e+02 217 1 3 5.915e+02 6.265e+02 325 2 3 5.628e+02 5.712e+02 79 2 3 5.198e+01 7.402e+01 205 2 2 7.626e+01 9.174e+01 144 2 4 5.271e+02 5.649e+02 350 2 1 4.848e+01 7.752e+01 270 2 2 5.806e+02 5.954e+02 137 2 4 7.181e+01 9.619e+01 226 2 1 5.909e+02 6.271e+02 336 2 2 5.631e+02 6.129e+02 463
18247 14 0 3 6.484e+02 6.536e+02 48 0 2 2.939e+02 2.941e+02 2 0 2 6.194e+02 6.406e+02 197 0 4 2.865e+02 3.015e+02 140 0 1 6.425e+02 6.595e+02 157 0 3 2.650e+02 2.810e+02 148 0 4 6.128e+02 6.472e+02 320 0 2 6.655e+02 6.785e+02 120 0 4 6.624e+02 6.816e+02 179 0 1 6.270e+02 6.750e+02 446 1 4 6.166e+02 6.434e+02 250 2 4 7.576e+01 9.224e+01 153 2 3 9.115e+01 1.188e+02 257 3 2 7.217e+01 9.583e+01 220
18249 7 2 1 1.446e+02 1.494e+02 44 2 2 1.208e+02 1.312e+02 96 2 3 1.316e+02 1.624e+02 286 2 1 1.284e+02 1.656e+02 346 3 3 3.150e+02 3.150e+02 -6 3 1 3.068e+02 3.232e+02 153 3 2 2.779e+02 3.101e+02 299
18250 17 0 4 2.872e+02 3.008e+02 126 0 1 6.475e+02 6.545e+02 65 0 3 6.486e+02 6.534e+02 45 0 2 5.413e+02 5.507e+02 88 0 3 3.830e+02 4.150e+02 298 0 4 5.880e+02 5.880e+02 -12 0 2 6.557e+02 6.883e+02 302 0 4 4.024e+02 4.376e+02 326 0 3 5.951e+02 6.229e+02 258 0 4 6.518e+02 6.922e+02 375 0 2 6.104e+02 6.496e+02 365 1 4 6.272e+02 6.328e+02 51 1 1 6.021e+02 6.159e+02 129 2 2 7.715e+01 9.085e+01 127 2 4 4.959e+02 5.121e+02 151 2 3 8.550e+01 1.245e+02 362 2 3 4.610e+01 7.990e+01 314
18252 5 3 1 3.957e+02 4.023e+02 60 3 2 4.618e+02 4.622e+02 3 3 1 4.289e+02 4.531e+02 224 3 2 3.591e+02 3.969e+02 350 3 3 4.223e+02 4.597e+02 347
18254 8 0 4 6.034e+02 6.566e+02 494 0 1 6.249e+02 6.771e+02 484 2 4 2.085e+02 2.115e+02 27 2 4 3.906e+01 4.494e+01 55 2 2 7.917e+01 8.883e+01 90 2 3 9.909e+01 1.109e+02 110 2 4 7.186e+01 9.614e+01 226 2 2 6.553e+01 1.025e+02 343
18256 2 0 3 4.366e+02 4.454e+02 81 0 1 4.308e+02 4.512e+02 189
