50281 11 0 3 5.488e+02 5.852e+02 339 1 1 6.079e+02 6.101e+02 21 1 3 6.084e+02 6.096e+02 10 1 4 6.295e+02 6.305e+02 10 1 2 6.208e+02 6.392e+02 170 1 4 6.122e+02 6.478e+02 330 2 1 2.213e+02 2.407e+02 180 3 1 1.872e+02 1.908e+02 33 3 1 2.730e+02 2.730e+02 -6 3 1 2.268e+02 2.352e+02 77 3 3 9.030e+01 1.197e+02 273
50283 10 0 2 6.266e+02 6.334e+02 63 0 4 6.720e+02 6.720e+02 -17 0 4 6.253e+02 6.347e+02 87 0 3 6.437e+02 6.583e+02 135 0 4 6.591e+02 6.849e+02 240 0 2 2.735e+02 3.145e+02 381 1 4 6.098e+02 6.502e+02 376 2 4 1.734e+01 6.666e+01 458 2 3 1.626e+02 2.154e+02 490 2 1 3.861e+01 8.739e+01 453
50284 12 0 1 6.482e+02 6.538e+02 51 0 1 5.626e+02 5.714e+02 81 0 3 6.070e+02 6.110e+02 37 0 4 6.657e+02 6.783e+02 117 0 4 6.148e+02 6.452e+02 282 0 1 6.413e+02 6.607e+02 180 0 3 6.413e+02 6.607e+02 180 0 2 6.618e+02 6.822e+02 189 1 1 3.747e+02 4.233e+02 452 2 3 3.059e+02 3.241e+02 169 2 4 3.241e+02 3.479e+02 221 2 2 3.174e+02 3.546e+02 346
50285 15 0 2 5.448e+02 5.472e+02 23 0 2 6.270e+02 6.330e+02 56 0 4 2.826e+02 3.054e+02 212 0 2 6.720e+02 6.720e+02 -0 0 4 4.982e+02 5.098e+02 108 0 4 6.660e+02 6.780e+02 112 0 1 4.686e+02 4.974e+02 267 0 1 5.060e+02 5.440e+02 353 0 2 6.591e+02 6.849e+02 240 0 2 4.928e+02 5.152e+02 207 1 2 6.167e+02 6.433e+02 246 2 3 1.914e+01 2.286e+01 35 2 1 6.068e+01 6.532e+01 43 2 3 9.981e+01 1.102e+02 96 2 2 7.514e+01 9.286e+01 165
50286 0
50287 64 0 1 6.510e+02 6.510e+02 -8 0 2 2.940e+02 2.940e+02 -2 0 1 6.059e+02 6.121e+02 58 0 4 4.200e+01 4.200e+01 -4 0 3 6.496e+02 6.524e+02 26 0 1 2.593e+02 2.867e+02 254 0 3 6.057e+02 6.123e+02 62 0 4 6.620e+01 1.018e+02 330 0 2 6.720e+02 6.720e+02 -14 0 4 2.792e+02 3.088e+02 275 0 2 4.935e+02 5.145e+02 196 0 3 5.591e+02 5.749e+02 147 0 4 5.798e+02 5.962e+02 152 0 4 6.720e+02 6.720e+02 -6 0 2 6.210e+02 6.390e+02 168 0 4 6.170e+02 6.430e+02 240 1 2 6.297e+02 6.303e+02 6 1 1 5.230e+02 5.270e+02 38 1 2 5.880e+02 5.880e+02 -11 1 4 6.286e+02 6.314e+02 26 1 3 5.120e+02 5.380e+02 242 1 4 5.397e+02 5.523e+02 116 1 1 6.055e+02 6.125e+02 65 1 1 4.688e+02 4.972e+02 263 1 2 5.796e+02 5.964e+02 156 1 3 6.004e+02 6.176e+02 160 1 4 5.742e+02 6.018e+02 256 1 1 5.943e+02 6.237e+02 272 1 2 5.308e+02 5.612e+02 283 1 1 5.528e+02 5.812e+02 265 2 4 2.930e+02 2.950e+02 19 2 2 3.323e+02 3.397e+02 70 2 4 4.200e+02 4.200e+02 -7 2 3 6.145e+01 6.455e+01 29 2 1 4.807e+02 4.853e+02 42 2 4 1.248e+02 1.272e+02 23 2 3 1.890e+02 1.890e+02 -7 2 2 4.154e+02 4.246e+02 86 2 4 2.099e+02 2.101e+02 2 2 3 4.807e+02 4.853e+02 43 2 3 2.681e+02 2.779e+02 90 2 3 5.150e+02 5.350e+02 186 2 4 3.344e+02 3.376e+02 30 2 3 4.242e+02 4.578e+02 311 2 2 3.991e+01 4.409e+01 39 2 4 4.488e+02 4.752e+02 246 2 2 8.119e+01 8.681e+01 52 2 4 4.883e+02 5.197e+02 292 2 3 1.459e+02 1.481e+02 20 2 2 4.440e+02 4.800e+02 335 2 1 2.263e+02 2.357e+02 87 2 1 2.658e+02 2.802e+02 134 2 4 3.565e+01 4.835e+01 118 2 4 2.468e+02 2.572e+02 96 2 1 3.000e+02 3.300e+02 278 2 3 6.347e+00 3.565e+01 272 2 2 2.041e+02 2.159e+02 110 2 2 2.764e+02 3.116e+02 327 2 1 4.377e+01 8.223e+01 357 2 3 2.152e+02 2.468e+02 294 2 1 3.338e+00 3.866e+01 328 3 1 1.927e+01 2.273e+01 32 3 3 1.972e+01 2.228e+01 24 3 3 4.674e+02 4.986e+02 290
50288 11 0 3 5.581e+02 5.759e+02 166 0 3 6.375e+02 6.645e+02 250 0 4 6.084e+02 6.516e+02 401 1 4 5.800e+02 5.960e+02 149 1 4 6.184e+02 6.416e+02 215 2 3 2.066e+01 2.134e+01 6 2 1 6.203e+01 6.397e+01 18 2 2 7.957e+01 8.843e+01 82 2 3 6.203e+01 6.397e+01 18 2 4 3.304e+01 5.096e+01 166 3 3 2.061e+01 2.139e+01 7
50289 43 0 1 1.774e+02 2.006e+02 216 0 2 6.670e+02 6.770e+02 92 0 4 2.832e+02 3.048e+02 201 0 3 4.629e+02 5.031e+02 374 0 4 3.248e+02 3.472e+02 207 0 1 5.145e+02 5.355e+02 195 0 2 2.758e+02 3.122e+02 338 0 1 5.934e+02 6.246e+02 290 0 2 3.145e+02 3.575e+02 400 0 1 6.363e+02 6.657e+02 272 0 2 1.928e+02 2.272e+02 320 0 3 5.128e+02 5.372e+02 227 0 3 2.479e+02 2.981e+02 466 0 3 5.903e+02 6.277e+02 348 0 1 2.076e+02 2.544e+02 434 0 3 6.371e+02 6.649e+02 259 0 3 5.468e+02 5.872e+02 376 0 2 6.100e+02 6.500e+02 370 0 2 6.559e+02 6.881e+02 299 0 4 6.141e+02 6.459e+02 295 0 4 6.528e+02 6.912e+02 357 0 2 4.363e+02 4.877e+02 477 0 2 6.488e+02 6.952e+02 431 1 2 5.040e+02 5.040e+02 -6 1 4 5.454e+02 5.466e+02 10 1 1 2.627e+02 2.833e+02 191 1 1 3.471e+02 3.669e+02 184 1 3 5.250e+02 5.250e+02 -7 1 1 2.202e+02 2.418e+02 200 1 1 6.025e+02 6.155e+02 120 1 1 4.736e+02 4.924e+02 175 1 2 2.758e+02 3.122e+02 338 1 3 6.005e+02 6.175e+02 157 1 2 3.098e+02 3.622e+02 486 1 4 6.228e+02 6.372e+02 134 1 2 6.182e+02 6.418e+02 219 1 2 2.683e+02 3.197e+02 477 2 4 5.025e+02 5.055e+02 28 2 3 5.105e+02 5.395e+02 269 2 4 2.609e+01 5.791e+01 296 2 4 6.652e+01 1.015e+02 325 2 3 2.174e+00 3.983e+01 350 3 2 3.053e+01 5.347e+01 213
50290 2 3 4 4.532e+02 4.708e+02 163 3 3 4.216e+02 4.604e+02 360
50291 36 0 3 6.503e+02 6.517e+02 13 0 2 4.583e+02 4.657e+02 68 0 3 5.212e+02 5.288e+02 71 0 3 5.987e+02 6.193e+02 190 0 4 6.680e+02 6.760e+02 74 0 1 4.305e+02 4.515e+02 195 0 4 4.543e+02 4.697e+02 143 0 3 5.082e+02 5.418e+02 311 0 1 6.483e+02 6.537e+02 50 0 3 4.209e+02 4.611e+02 373 0 2 4.954e+02 5.126e+02 159 0 1 5.043e+02 5.457e+02 385 0 2 6.675e+02 6.765e+02 84 0 4 4.933e+02 5.147e+02 198 0 3 6.313e+02 6.707e+02 366 0 3 4.636e+02 5.024e+02 360 0 2 4.429e+02 4.811e+02 354 1 3 4.823e+02 4.837e+02 13 1 2 4.615e+02 4.625e+02 10 1 2 6.297e+02 6.303e+02 6 1 1 4.379e+02 4.441e+02 57 1 4 5.011e+02 5.069e+02 53 1 2 4.457e+02 4.783e+02 302 1 4 6.262e+02 6.338e+02 70 1 1 6.076e+02 6.104e+02 26 1 3 6.007e+02 6.173e+02 154 2 3 6.176e+01 6.424e+01 23 2 3 3.990e+02 3.990e+02 -10 2 4 3.678e+02 3.882e+02 189 2 2 4.144e+02 4.256e+02 105 2 2 7.832e+01 8.968e+01 106 2 4 2.631e+01 5.769e+01 291 2 4 7.356e+01 9.444e+01 194 2 1 4.435e+01 8.165e+01 346 2 2 6.486e+01 1.031e+02 356 2 3 4.951e+01 7.649e+01 250
50294 14 0 2 4.620e+02 4.620e+02 -10 0 1 6.061e+02 6.119e+02 55 0 2 6.660e+02 6.780e+02 112 0 2 6.228e+02 6.372e+02 134 0 4 6.623e+02 6.817e+02 180 0 4 6.169e+02 6.431e+02 243 0 3 6.404e+02 6.616e+02 196 0 2 6.170e+02 6.430e+02 240 0 1 6.346e+02 6.674e+02 305 1 4 6.297e+02 6.303e+02 6 1 4 5.868e+02 5.892e+02 21 1 3 5.621e+02 5.719e+02 91 1 4 5.756e+02 6.004e+02 230 3 2 3.731e+01 4.669e+01 87
50296 71 0 1 4.822e+02 4.838e+02 16 0 1 5.661e+02 5.679e+02 17 0 4 3.343e+02 3.377e+02 32 0 1 6.087e+02 6.093e+02 6 0 3 2.250e+02 2.370e+02 112 0 4 6.709e+02 6.731e+02 21 0 1 1.377e+02 1.563e+02 172 0 3 4.396e+02 4.424e+02 26 0 4 1.962e+02 2.238e+02 256 0 3 4.812e+02 4.848e+02 33 0 3 5.649e+02 5.691e+02 40 0 2 6.296e+02 6.304e+02 7 0 1 6.499e+02 6.521e+02 20 0 1 3.981e+02 3.999e+02 17 0 2 5.034e+02 5.046e+02 11 0 1 5.244e+02 5.256e+02 11 0 4 6.290e+02 6.310e+02 19 0 3 6.508e+02 6.512e+02 5 0 3 3.954e+02 4.026e+02 67 0 4 5.030e+02 5.050e+02 18 0 3 5.233e+02 5.267e+02 32 0 3 6.053e+02 6.127e+02 69 0 2 6.703e+02 6.737e+02 32 0 1 4.338e+02 4.482e+02 135 0 2 4.609e+02 4.631e+02 20 0 2 5.425e+02 5.495e+02 65 0 4 5.796e+02 5.964e+02 156 0 4 4.090e+02 4.310e+02 204 0 4 4.574e+02 4.666e+02 85 0 1 5.507e+02 5.833e+02 302 0 3 5.948e+02 6.232e+02 264 0 1 4.193e+02 4.627e+02 404 0 4 4.500e+02 4.740e+02 223 0 3 5.065e+02 5.435e+02 344 0 1 4.673e+02 4.987e+02 292 0 3 4.689e+02 4.971e+02 261 1 2 6.289e+02 6.311e+02 21 1 1 5.212e+02 5.288e+02 71 1 4 5.874e+02 5.886e+02 10 1 4 6.298e+02 6.302e+02 4 1 2 4.976e+02 5.104e+02 120 1 3 5.630e+02 5.710e+02 74 1 1 6.060e+02 6.120e+02 56 1 4 4.950e+02 5.130e+02 166 1 2 5.803e+02 5.957e+02 142 1 3 6.064e+02 6.116e+02 48 1 3 5.104e+02 5.396e+02 270 2 1 6.494e+02 6.526e+02 30 2 4 2.076e+02 2.124e+02 46 2 4 4.595e+02 4.645e+02 47 2 3 3.532e+02 3.608e+02 70 2 1 5.943e+01 6.657e+01 66 2 1 2.197e+02 2.423e+02 210 2 2 4.551e+02 4.689e+02 128 2 4 2.779e+02 3.101e+02 299 2 2 6.191e+02 6.409e+02 203 2 2 3.700e+02 3.860e+02 149 2 3 6.427e+02 6.593e+02 155 2 3 2.223e+02 2.397e+02 162 2 1 4.707e+02 4.953e+02 228 2 3 2.984e+02 3.316e+02 308 2 4 6.104e+02 6.496e+02 365 2 4 3.229e+02 3.491e+02 244 2 1 6.362e+02 6.658e+02 275 2 2 2.345e+02 2.695e+02 325 2 3 4.666e+02 4.994e+02 306 3 3 9.990e+01 1.101e+02 95 3 4 1.233e+02 1.287e+02 50 3 3 1.581e+01 2.619e+01 96 3 3 5.992e+01 6.608e+01 57 3 4 1.119e+02 1.401e+02 262
50297 7 0 3 5.602e+02 5.738e+02 127 0 4 6.618e+02 6.822e+02 190 0 1 5.580e+02 5.760e+02 166 0 2 5.333e+02 5.587e+02 236 0 1 5.060e+02 5.440e+02 353 0 4 6.032e+02 6.568e+02 497 2 3 4.292e+01 8.308e+01 373
50301 5 0 4 5.880e+02 5.880e+02 -23 0 1 6.090e+02 6.090e+02 -1 1 4 6.299e+02 6.301e+02 1 2 2 4.200e+01 4.200e+01 -9 2 3 4.954e+00 3.705e+01 298
50302 12 0 1 5.989e+02 6.191e+02 188 0 4 5.726e+02 6.034e+02 286 2 3 3.104e+02 3.196e+02 85 2 2 4.090e+01 4.310e+01 20 2 3 5.660e+02 5.680e+02 18 2 4 1.561e+02 1.799e+02 220 2 3 6.058e+02 6.122e+02 60 2 4 2.806e+02 3.074e+02 249 2 3 6.504e+02 6.516e+02 11 2 4 2.788e+01 5.612e+01 262 2 4 5.429e+02 5.491e+02 57 2 3 3.003e+02 3.297e+02 273
50303 13 1 3 9.416e+01 1.158e+02 201 1 4 2.010e+02 2.190e+02 166 1 3 2.650e+02 2.810e+02 149 1 2 6.015e+01 1.079e+02 443 1 4 1.157e+02 1.363e+02 190 1 3 2.182e+02 2.438e+02 237 1 4 5.714e+01 1.109e+02 499 1 2 2.757e+02 3.123e+02 340 1 1 8.438e+01 1.256e+02 383 1 1 2.471e+02 2.989e+02 480 2 2 8.326e+01 8.474e+01 14 2 3 5.463e+01 7.137e+01 156 2 4 6.612e+01 1.019e+02 332
50304 18 0 1 3.132e+02 3.168e+02 34 0 2 1.253e+02 1.267e+02 13 0 1 1.843e+02 1.937e+02 86 0 2 2.940e+02 2.940e+02 -2 0 2 2.032e+02 2.168e+02 126 0 4 3.760e+02 3.800e+02 36 0 1 3.537e+02 3.603e+02 61 1 3 5.661e+02 5.679e+02 17 1 4 5.418e+02 5.502e+02 77 1 1 5.629e+02 5.711e+02 76 2 4 3.770e+02 3.790e+02 18 2 2 1.260e+02 1.260e+02 -21 2 4 4.970e+02 5.110e+02 130 2 4 4.560e+02 4.680e+02 111 2 3 2.274e+02 2.346e+02 67 2 4 2.061e+02 2.139e+02 72 2 3 1.446e+02 1.494e+02 44 2 1 2.253e+02 2.367e+02 106
50307 1 1 2 2.715e+02 3.165e+02 418
50310 1 0 2 6.662e+02 6.778e+02 108
50312 5 2 2 4.620e+02 4.620e+02 -4 2 1 4.765e+02 4.895e+02 120 2 3 4.292e+02 4.528e+02 220 2 1 2.618e+00 3.938e+01 341 2 4 4.479e+02 4.761e+02 261
50314 14 0 2 6.709e+02 6.731e+02 20 0 4 6.662e+02 6.778e+02 107 2 3 2.280e+02 2.340e+02 56 2 2 3.771e+02 3.789e+02 17 2 3 9.631e+01 1.137e+02 161 2 1 3.837e+02 4.143e+02 284 2 4 3.673e+02 3.887e+02 198 2 3 4.906e+01 7.694e+01 259 2 2 1.199e+02 1.321e+02 114 2 4 2.743e+02 3.137e+02 366 2 3 3.408e+02 3.732e+02 300 2 2 1.106e+02 1.414e+02 286 2 4 1.072e+02 1.448e+02 349 2 4 6.607e+01 1.019e+02 333
50316 6 0 2 6.717e+02 6.723e+02 5 0 1 6.381e+02 6.639e+02 240 0 4 5.729e+02 6.031e+02 280 0 3 6.344e+02 6.676e+02 309 0 4 6.529e+02 6.911e+02 355 0 1 6.320e+02 6.700e+02 352
50317 0
50318 34 0 1 1.889e+02 1.891e+02 1 0 4 2.087e+02 2.113e+02 24 0 3 4.387e+02 4.433e+02 42 0 2 2.020e+02 2.180e+02 149 0 3 1.744e+02 2.036e+02 271 0 3 6.055e+02 6.125e+02 65 0 1 6.499e+02 6.521e+02 20 0 4 5.039e+02 5.041e+02 2 0 1 5.987e+02 6.193e+02 191 0 2 6.593e+02 6.847e+02 236 0 2 4.605e+02 4.635e+02 27 0 3 5.098e+02 5.402e+02 282 0 2 6.180e+02 6.420e+02 223 0 4 6.620e+02 6.820e+02 186 0 4 4.620e+02 4.620e+02 -0 0 3 4.804e+02 4.856e+02 48 0 4 4.946e+02 5.135e+02 176 0 1 4.703e+02 4.957e+02 236 0 2 4.885e+02 5.195e+02 288 1 3 3.148e+02 3.152e+02 5 1 4 4.946e+02 5.135e+02 176 2 2 4.200e+01 4.200e+01 -6 2 4 3.701e+02 3.859e+02 147 2 1 1.887e+01 2.313e+01 40 2 3 3.856e+02 4.124e+02 249 2 2 1.238e+02 1.282e+02 40 2 1 1.443e+02 1.497e+02 50 2 3 4.911e+01 7.689e+01 258 2 4 1.232e+02 1.288e+02 51 2 3 1.437e+02 1.503e+02 61 2 1 5.088e+00 3.691e+01 296 2 2 1.138e+02 1.382e+02 227 2 1 1.367e+02 1.573e+02 190 2 3 9.531e+00 3.247e+01 213
50321 0
50322 29 0 1 6.420e+02 6.600e+02 167 0 4 4.517e+02 4.723e+02 190 0 4 5.775e+02 5.985e+02 195 0 3 6.428e+02 6.592e+02 153 0 4 4.100e+02 4.300e+02 186 0 1 5.492e+02 5.848e+02 330 0 3 5.977e+02 6.203e+02 210 0 2 6.637e+02 6.803e+02 155 0 3 4.229e+02 4.591e+02 336 0 3 5.435e+02 5.905e+02 437 0 2 6.172e+02 6.428e+02 237 0 4 6.629e+02 6.811e+02 169 0 4 6.151e+02 6.449e+02 277 0 1 6.332e+02 6.688e+02 330 0 1 6.274e+02 6.746e+02 438 0 3 6.286e+02 6.734e+02 416 2 4 3.277e+02 3.443e+02 154 2 1 5.279e+01 7.321e+01 190 2 2 1.164e+02 1.356e+02 179 2 3 3.387e+02 3.753e+02 340 2 3 1.222e+01 2.978e+01 163 2 4 1.165e+02 1.354e+02 176 2 2 2.950e+01 5.450e+01 232 2 4 7.235e+01 9.565e+01 216 2 4 2.645e+01 5.755e+01 289 2 3 8.716e+01 1.228e+02 331 2 3 -3.574e+00 4.557e+01 456 2 2 6.356e+01 1.044e+02 380 3 1 1.446e+02 1.494e+02 45
50325 12 2 3 2.690e+02 2.770e+02 74 2 1 4.325e+02 4.495e+02 157 2 4 2.791e+02 3.089e+02 276 2 2 4.511e+02 4.729e+02 203 2 3 4.326e+02 4.494e+02 156 2 4 4.505e+02 4.735e+02 214 3 3 4.810e+02 4.850e+02 38 3 2 4.985e+02 5.095e+02 101 3 1 5.238e+02 5.262e+02 23 3 3 5.212e+02 5.288e+02 71 3 1 4.729e+02 4.931e+02 188 3 4 4.929e+02 5.151e+02 206
50328 53 0 1 6.502e+02 6.518e+02 15 0 4 8.182e+01 8.618e+01 40 0 4 5.026e+02 5.054e+02 26 0 3 5.243e+02 5.257e+02 13 0 3 6.502e+02 6.518e+02 16 0 1 4.810e+02 4.850e+02 36 0 1 5.147e+02 5.353e+02 192 0 2 6.599e+02 6.841e+02 226 0 3 4.715e+02 4.945e+02 213 0 4 6.601e+02 6.839e+02 220 0 2 4.903e+02 5.177e+02 254 1 4 5.877e+02 5.883e+02 6 1 2 6.284e+02 6.316e+02 29 1 1 4.345e+02 4.475e+02 121 1 1 5.232e+02 5.268e+02 34 1 1 3.811e+02 4.169e+02 333 1 4 5.444e+02 5.476e+02 29 1 4 6.284e+02 6.316e+02 30 1 3 5.613e+02 5.727e+02 106 1 1 5.900e+02 6.280e+02 353 1 2 5.363e+02 5.557e+02 180 1 3 5.898e+02 6.282e+02 357 1 2 5.729e+02 6.031e+02 281 1 3 5.506e+02 5.834e+02 304 2 4 1.677e+02 1.683e+02 6 2 1 3.100e+02 3.200e+02 93 2 3 5.620e+02 5.720e+02 93 2 3 5.674e+01 6.926e+01 116 2 2 5.825e+02 5.935e+02 103 2 2 1.213e+02 1.307e+02 87 2 4 5.323e+02 5.597e+02 255 2 1 1.830e+02 1.950e+02 112 2 4 5.861e+02 5.899e+02 36 2 1 2.257e+02 2.363e+02 98 2 3 6.005e+02 6.175e+02 158 2 3 2.712e+02 2.748e+02 34 2 4 5.700e+02 6.060e+02 335 2 2 3.196e+02 3.524e+02 306 2 3 1.900e+01 2.300e+01 37 2 4 1.223e+02 1.297e+02 69 2 3 1.749e+02 2.031e+02 261 2 3 2.262e+02 2.358e+02 89 2 3 3.067e+02 3.233e+02 155 2 1 7.737e+00 3.426e+01 246 2 2 8.312e+01 8.488e+01 16 2 2 1.564e+02 1.796e+02 216 2 4 2.409e+02 2.631e+02 206 2 2 2.824e+02 3.056e+02 216 2 2 3.008e+01 5.392e+01 221 2 2 1.049e+02 1.471e+02 392 2 4 1.962e+02 2.238e+02 256 2 1 2.535e+02 2.925e+02 363 2 4 2.371e+01 6.029e+01 340
50329 0
50330 17 0 1 6.510e+02 6.510e+02 0 0 4 6.227e+02 6.373e+02 136 0 3 6.510e+02 6.510e+02 -18 0 4 5.765e+02 5.995e+02 213 0 1 5.990e+02 6.190e+02 186 0 4 6.144e+02 6.456e+02 290 0 2 6.478e+02 6.962e+02 449 1 4 6.291e+02 6.309e+02 17 1 4 5.722e+02 6.038e+02 294 2 3 2.061e+01 2.139e+01 7 2 3 1.044e+02 1.056e+02 11 2 4 1.680e+02 1.680e+02 -14 2 4 4.200e+01 4.200e+01 -24 2 3 5.984e+00 3.602e+01 279 2 4 1.084e+02 1.436e+02 326 3 2 6.925e+01 9.875e+01 274 3 3 4.475e+01 8.125e+01 339
50331 1 0 4 6.147e+02 6.453e+02 285
50332 24 0 1 6.054e+02 6.126e+02 67 0 2 6.695e+02 6.745e+02 46 0 4 3.195e+02 3.525e+02 306 0 2 5.408e+02 5.512e+02 96 0 3 6.035e+02 6.145e+02 102 0 2 6.608e+02 6.832e+02 209 0 2 6.104e+02 6.496e+02 364 0 1 5.044e+02 5.456e+02 383 1 4 6.254e+02 6.346e+02 85 1 2 5.858e+02 5.902e+02 40 1 2 6.239e+02 6.361e+02 113 1 1 5.952e+02 6.228e+02 257 1 4 5.676e+02 6.084e+02 378 1 3 5.895e+02 6.285e+02 361 1 4 6.117e+02 6.483e+02 340 2 1 1.473e+01 2.727e+01 116 2 2 7.751e+01 9.049e+01 120 2 1 1.427e+02 1.513e+02 80 2 3 1.743e+01 2.457e+01 66 2 3 1.413e+02 1.527e+02 106 2 3 4.884e+01 7.716e+01 263 2 2 1.080e+02 1.440e+02 334 2 4 1.114e+02 1.406e+02 271 2 4 6.499e+01 1.030e+02 353
50333 17 0 4 2.931e+02 2.949e+02 16 0 2 6.278e+02 6.322e+02 41 0 3 3.916e+02 4.064e+02 138 0 4 6.213e+02 6.387e+02 161 0 4 4.054e+02 4.346e+02 270 0 4 3.566e+02 3.994e+02 398 2 1 6.089e+02 6.091e+02 1 2 4 2.483e+02 2.557e+02 69 2 2 2.908e+02 2.972e+02 59 2 4 5.798e+02 5.962e+02 152 2 3 6.014e+02 6.166e+02 141 2 2 2.353e+02 2.687e+02 310 2 3 2.584e+02 2.876e+02 271 2 2 5.707e+02 6.053e+02 322 2 4 3.567e+02 3.993e+02 396 2 1 -2.315e+00 4.432e+01 433 2 2 3.544e+02 4.016e+02 438
50335 7 1 4 5.877e+02 5.883e+02 6 1 1 1.721e+02 2.059e+02 315 1 3 5.552e+02 5.788e+02 219 1 2 5.720e+02 6.040e+02 298 1 2 6.109e+02 6.491e+02 354 2 1 -2.053e-01 4.221e+01 394 2 3 -3.571e+00 4.557e+01 456
50336 1 0 1 6.346e+02 6.674e+02 304
50337 30 0 1 4.799e+02 4.861e+02 58 0 1 3.122e+02 3.178e+02 52 0 2 6.289e+02 6.311e+02 21 0 2 3.334e+02 3.386e+02 49 0 1 6.497e+02 6.523e+02 24 0 2 2.386e+02 2.654e+02 249 0 3 4.399e+02 4.421e+02 21 0 2 2.846e+02 3.034e+02 175 0 4 5.003e+02 5.077e+02 69 0 4 3.268e+02 3.452e+02 171 0 4 6.278e+02 6.322e+02 40 0 1 3.032e+02 3.268e+02 220 0 3 6.416e+02 6.604e+02 175 0 2 4.917e+02 5.163e+02 229 0 4 6.192e+02 6.408e+02 200 0 2 6.621e+02 6.819e+02 184 0 1 4.646e+02 5.014e+02 341 0 1 5.969e+02 6.211e+02 225 0 4 6.633e+02 6.807e+02 162 0 3 4.687e+02 4.973e+02 266 0 2 6.109e+02 6.491e+02 354 0 3 6.317e+02 6.703e+02 359 0 4 4.425e+02 4.815e+02 361 1 1 1.779e+02 2.001e+02 206 1 1 2.241e+02 2.379e+02 129 1 2 6.135e+02 6.465e+02 306 1 2 1.920e+02 2.280e+02 335 1 4 6.127e+02 6.473e+02 320 1 4 7.410e+01 9.390e+01 184 2 4 7.468e+01 9.332e+01 173
50339 15 2 3 1.048e+02 1.052e+02 5 2 3 5.658e+02 5.682e+02 23 2 2 2.089e+02 2.111e+02 20 2 2 5.864e+02 5.896e+02 30 2 2 2.919e+02 2.961e+02 40 2 3 1.173e+01 3.027e+01 172 2 4 4.156e+02 4.244e+02 81 2 4 1.157e+02 1.363e+02 191 2 4 5.456e+02 5.464e+02 7 2 4 2.061e+02 2.139e+02 72 2 3 4.303e+02 4.517e+02 200 2 3 2.259e+02 2.361e+02 94 2 4 4.413e+02 4.827e+02 384 3 4 6.686e+02 6.754e+02 63 3 2 7.989e+01 8.811e+01 76
50340 3 2 4 2.062e+02 2.138e+02 70 2 4 1.997e+02 2.203e+02 190 3 3 6.501e+02 6.519e+02 17
