3889 28 0 1 6.085e+02 6.095e+02 10 0 1 6.453e+02 6.567e+02 106 0 2 8.400e+01 8.400e+01 -2 0 4 6.300e+02 6.300e+02 0 0 3 5.252e+01 7.348e+01 195 0 3 6.459e+02 6.561e+02 94 0 4 7.904e+01 8.896e+01 92 0 2 6.256e+02 6.344e+02 82 0 1 9.627e+01 1.137e+02 162 0 4 6.674e+02 6.766e+02 85 0 1 5.960e+02 6.220e+02 240 0 2 6.592e+02 6.848e+02 237 0 3 5.952e+02 6.228e+02 256 0 4 6.568e+02 6.872e+02 282 0 2 6.154e+02 6.446e+02 271 0 4 6.116e+02 6.484e+02 342 1 2 6.131e+02 6.469e+02 314 2 4 4.200e+01 4.200e+01 -14 2 2 1.257e+02 1.263e+02 5 2 2 8.343e+01 8.457e+01 10 2 1 1.391e+02 1.549e+02 146 2 4 2.794e+02 3.086e+02 271 2 3 4.556e+01 8.044e+01 324 2 4 8.101e+01 8.699e+01 56 2 3 2.352e+00 3.965e+01 346 2 3 1.004e+02 1.096e+02 86 2 2 1.137e+02 1.383e+02 228 2 4 1.104e+02 1.416e+02 290
3892 1 1 1 2.231e+02 2.389e+02 146
3894 7 0 4 5.743e+02 6.017e+02 254 1 1 6.024e+02 6.156e+02 123 2 2 3.040e+01 5.360e+01 216 2 4 4.193e+02 4.207e+02 13 2 4 2.182e+01 6.218e+01 375 2 3 -3.349e+00 4.535e+01 452 2 1 3.901e+01 8.699e+01 446
3899 24 0 2 4.555e+02 4.685e+02 121 0 1 4.312e+02 4.508e+02 181 0 4 4.587e+02 4.653e+02 60 0 3 4.236e+02 4.584e+02 324 1 3 5.229e+02 5.271e+02 40 1 2 5.012e+02 5.068e+02 52 1 4 6.106e+02 6.494e+02 360 1 1 5.906e+02 6.274e+02 341 1 3 5.906e+02 6.274e+02 341 2 1 6.505e+02 6.515e+02 9 2 4 5.426e+02 5.494e+02 63 2 2 6.208e+02 6.392e+02 170 2 2 1.180e+02 1.340e+02 149 2 1 5.585e+02 5.755e+02 157 2 3 1.361e+02 1.579e+02 203 2 4 6.134e+02 6.466e+02 308 2 1 9.154e-01 4.108e+01 373 2 3 5.530e+02 5.810e+02 260 2 4 1.213e+02 1.307e+02 88 2 3 5.897e+02 6.283e+02 358 2 3 -3.301e+00 4.530e+01 451 2 3 6.316e+02 6.704e+02 360 2 4 1.146e+02 1.374e+02 212 2 2 5.282e+02 5.638e+02 330
3904 64 0 4 4.611e+02 4.629e+02 16 0 1 2.303e+02 2.317e+02 12 0 1 5.634e+02 5.706e+02 67 0 4 3.861e+01 4.539e+01 63 0 4 6.247e+02 6.353e+02 99 0 2 2.502e+02 2.538e+02 34 0 3 6.500e+02 6.520e+02 18 0 1 9.935e+00 3.207e+01 206 0 4 4.178e+02 4.222e+02 40 0 2 2.439e+02 2.601e+02 150 0 3 4.813e+02 4.847e+02 31 0 3 2.593e+02 2.867e+02 254 0 3 5.662e+02 5.678e+02 15 0 3 7.646e+00 3.435e+01 248 0 1 6.035e+02 6.145e+02 102 0 2 2.241e+01 6.159e+01 364 0 2 6.713e+02 6.727e+02 14 0 1 4.358e+02 4.462e+02 97 0 1 4.759e+02 4.901e+02 131 0 1 5.246e+02 5.254e+02 8 0 3 6.006e+02 6.174e+02 156 0 4 6.716e+02 6.724e+02 7 0 1 3.902e+02 4.078e+02 164 0 2 4.536e+02 4.704e+02 156 0 3 5.218e+02 5.282e+02 60 0 2 6.246e+02 6.354e+02 100 0 1 6.505e+02 6.515e+02 10 0 3 4.259e+02 4.561e+02 280 0 4 4.508e+02 4.732e+02 208 0 2 5.415e+02 5.505e+02 83 0 4 5.784e+02 5.976e+02 178 0 3 3.799e+02 4.181e+02 354 0 4 4.890e+02 5.190e+02 279 0 1 5.120e+02 5.380e+02 240 0 2 4.455e+02 4.785e+02 307 0 2 5.278e+02 5.642e+02 338 0 3 5.064e+02 5.436e+02 346 1 1 5.648e+02 5.692e+02 40 1 2 6.290e+02 6.310e+02 18 1 4 5.020e+02 5.060e+02 38 1 4 4.451e+02 4.789e+02 315 1 3 5.643e+02 5.697e+02 50 1 4 6.278e+02 6.322e+02 41 1 2 5.847e+02 5.913e+02 60 1 1 6.013e+02 6.167e+02 143 1 4 5.816e+02 5.944e+02 120 1 3 6.076e+02 6.104e+02 26 1 4 5.434e+02 5.486e+02 48 1 1 5.929e+02 6.251e+02 299 1 2 5.348e+02 5.572e+02 207 2 4 2.520e+02 2.520e+02 0 2 3 3.130e+02 3.170e+02 38 2 2 3.326e+02 3.394e+02 64 2 3 5.974e+01 6.626e+01 60 2 4 8.343e+01 8.457e+01 10 2 1 2.268e+02 2.352e+02 79 2 4 2.920e+02 2.960e+02 36 2 3 3.523e+02 3.617e+02 88 2 3 1.936e+01 2.264e+01 30 2 3 9.721e+01 1.128e+02 145 2 4 2.649e+01 5.751e+01 288 2 2 1.168e+02 1.352e+02 170 2 3 4.982e+01 7.618e+01 245 2 2 7.778e+01 9.022e+01 116
3905 0
3906 13 2 3 1.875e+02 1.905e+02 28 2 1 5.573e+02 5.767e+02 180 2 1 1.797e+02 1.983e+02 173 2 4 1.966e+02 2.234e+02 249 2 2 1.525e+02 1.835e+02 288 3 1 4.380e+02 4.440e+02 56 3 3 4.711e+02 4.949e+02 220 3 3 4.410e+02 4.410e+02 -9 3 2 5.293e+02 5.627e+02 310 3 2 4.583e+02 4.657e+02 69 3 4 4.584e+02 4.656e+02 67 3 3 4.254e+02 4.566e+02 290 3 2 4.007e+02 4.393e+02 358
3911 7 2 1 1.788e+01 2.412e+01 58 2 2 5.798e+02 5.962e+02 152 2 2 3.273e+01 5.127e+01 172 2 3 5.933e+02 6.247e+02 292 2 3 5.627e+00 3.637e+01 286 3 4 2.100e+02 2.100e+02 -10 3 3 5.212e+02 5.288e+02 71
3912 0
3913 12 1 3 5.981e+02 6.199e+02 202 1 4 6.203e+02 6.397e+02 180 1 4 6.122e+02 6.478e+02 331 2 4 6.293e+02 6.307e+02 12 2 4 2.504e+02 2.536e+02 30 2 4 4.197e+02 4.203e+02 6 2 3 2.720e+02 2.740e+02 18 2 4 3.834e+01 4.566e+01 68 2 2 2.894e+02 2.986e+02 85 2 3 5.494e+01 7.106e+01 150 2 2 1.483e+02 1.877e+02 366 3 3 5.445e+00 3.655e+01 289
3914 0
3915 4 2 4 1.235e+02 1.285e+02 46 2 3 1.005e+02 1.095e+02 84 2 4 2.338e+02 2.702e+02 337 2 4 4.034e+02 4.366e+02 309
3916 8 0 3 2.268e+02 2.352e+02 77 0 4 2.481e+02 2.559e+02 73 2 1 1.381e+02 1.559e+02 165 2 1 1.119e+01 3.081e+01 182 2 4 1.102e+02 1.418e+02 293 2 3 1.436e+02 1.504e+02 63 2 3 3.204e+00 3.880e+01 330 2 2 1.082e+02 1.438e+02 330
3917 4 0 2 5.419e+02 5.501e+02 76 2 2 4.014e+01 4.386e+01 35 2 4 6.293e+02 6.307e+02 12 2 1 6.064e+01 6.536e+01 44
3921 0
3926 21 0 4 6.300e+02 6.300e+02 -24 0 2 5.423e+02 5.497e+02 69 0 1 6.046e+02 6.134e+02 81 0 4 6.687e+02 6.753e+02 60 0 3 6.060e+02 6.120e+02 56 0 1 6.450e+02 6.570e+02 110 0 3 5.521e+02 5.819e+02 276 0 2 6.260e+02 6.340e+02 75 0 3 6.421e+02 6.599e+02 166 0 1 5.483e+02 5.857e+02 348 0 4 5.760e+02 6.000e+02 223 0 2 6.616e+02 6.824e+02 194 0 2 6.164e+02 6.436e+02 253 0 3 5.892e+02 6.288e+02 367 2 3 1.936e+01 2.264e+01 30 2 3 1.470e+02 1.470e+02 0 2 1 1.438e+02 1.502e+02 59 2 1 6.657e+00 3.534e+01 266 2 4 1.132e+02 1.388e+02 238 2 2 1.536e+02 1.824e+02 267 2 3 1.498e+00 4.050e+01 362
3927 8 0 1 6.492e+02 6.528e+02 34 0 3 5.205e+02 5.295e+02 84 0 3 6.415e+02 6.605e+02 176 0 2 4.959e+02 5.121e+02 150 0 4 5.756e+02 6.004e+02 230 0 4 6.650e+02 6.790e+02 130 0 1 5.079e+02 5.421e+02 317 0 2 6.596e+02 6.844e+02 230
3928 27 0 1 6.503e+02 6.517e+02 14 0 4 6.714e+02 6.726e+02 10 0 2 6.589e+02 6.851e+02 244 2 4 2.520e+02 2.520e+02 -4 2 4 3.780e+02 3.780e+02 -6 2 1 3.983e+02 3.997e+02 12 2 3 2.295e+02 2.325e+02 27 2 1 2.689e+02 2.771e+02 76 2 1 1.684e+01 2.516e+01 77 2 2 1.223e+02 1.297e+02 68 2 3 3.860e+02 4.120e+02 241 2 2 2.425e+02 2.615e+02 177 2 3 1.536e+01 2.664e+01 105 2 4 1.253e+02 1.267e+02 12 2 1 1.347e+02 1.593e+02 229 2 4 1.972e+02 2.228e+02 238 2 3 2.600e+02 2.860e+02 241 2 1 4.781e+01 7.819e+01 282 2 2 8.173e+01 8.627e+01 42 2 3 1.297e+02 1.643e+02 322 2 3 5.342e+01 7.258e+01 178 2 4 7.249e+01 9.551e+01 214 3 3 1.487e+01 2.713e+01 114 3 2 3.780e+01 4.620e+01 78 3 4 2.434e+01 5.966e+01 328 3 1 1.814e+00 4.019e+01 356 3 1 4.336e+01 8.264e+01 365
3929 12 0 3 2.270e+02 2.350e+02 75 0 4 2.403e+02 2.637e+02 218 0 2 6.645e+02 6.795e+02 140 0 4 6.614e+02 6.826e+02 196 2 2 1.242e+02 1.278e+02 33 2 4 4.191e+02 4.209e+02 16 2 3 1.450e+02 1.490e+02 37 2 2 4.171e+02 4.229e+02 53 2 3 9.411e+01 1.159e+02 202 2 4 1.107e+02 1.413e+02 284 2 3 4.223e+02 4.597e+02 347 2 1 1.309e+02 1.631e+02 299
3931 14 0 3 4.391e+02 4.429e+02 35 0 2 3.721e+02 3.839e+02 109 0 3 3.951e+02 4.029e+02 72 0 2 3.639e+02 3.921e+02 261 0 4 4.528e+02 4.712e+02 171 0 4 3.587e+02 3.973e+02 358 0 1 3.394e+02 3.746e+02 327 2 3 6.056e+02 6.124e+02 63 2 2 6.218e+02 6.382e+02 151 2 4 4.477e+02 4.763e+02 266 2 4 5.687e+02 6.073e+02 358 2 1 5.888e+02 6.292e+02 375 2 1 3.609e+01 8.991e+01 500 2 3 3.623e+01 8.977e+01 497
3932 14 0 2 6.212e+02 6.388e+02 164 0 4 6.197e+02 6.403e+02 191 0 3 6.403e+02 6.617e+02 199 0 1 6.385e+02 6.635e+02 232 1 2 6.250e+02 6.350e+02 93 1 4 6.231e+02 6.369e+02 128 2 4 5.863e+02 5.897e+02 32 2 2 3.282e+01 5.118e+01 170 2 1 2.619e+02 2.841e+02 206 2 4 3.394e+01 5.006e+01 150 2 1 5.189e+01 7.411e+01 206 2 3 5.126e+01 7.474e+01 218 3 1 1.994e+01 2.206e+01 20 3 3 1.846e+01 2.354e+01 47
3933 1 3 4 4.058e+02 4.342e+02 264
3934 3 0 4 6.671e+02 6.769e+02 91 0 2 6.665e+02 6.775e+02 103 2 3 1.056e+01 3.144e+01 194
3935 10 0 4 4.588e+02 4.652e+02 60 0 4 4.180e+02 4.220e+02 36 0 1 6.378e+02 6.642e+02 246 0 4 4.906e+02 5.174e+02 249 2 2 4.049e+01 4.351e+01 28 2 4 1.568e+02 1.792e+02 209 2 3 9.083e+00 3.292e+01 221 2 3 1.763e+02 2.017e+02 236 2 4 2.726e+01 5.674e+01 274 3 4 4.175e+01 4.225e+01 5
3937 4 0 3 4.408e+02 4.412e+02 3 0 4 6.300e+02 6.300e+02 -23 0 3 4.830e+02 4.830e+02 -12 1 1 3.566e+02 3.574e+02 8
3938 3 0 1 6.265e+02 6.755e+02 456 0 3 6.271e+02 6.749e+02 445 2 1 3.663e+01 8.937e+01 490
3940 8 0 3 5.670e+02 5.670e+02 -2 0 4 5.867e+02 5.893e+02 25 0 1 3.935e+02 4.045e+02 101 0 2 5.426e+02 5.494e+02 64 0 1 5.607e+02 5.733e+02 117 1 2 6.300e+02 6.300e+02 -20 1 1 6.066e+02 6.114e+02 44 1 4 6.231e+02 6.369e+02 128
3941 8 2 1 2.172e+02 2.448e+02 257 2 4 1.743e+01 6.657e+01 456 3 2 3.729e+02 3.831e+02 96 3 2 4.603e+02 4.637e+02 32 3 3 3.967e+02 4.013e+02 42 3 2 4.494e+02 4.746e+02 234 3 1 3.467e+02 3.673e+02 190 3 4 4.047e+02 4.353e+02 284
3942 12 0 2 6.709e+02 6.731e+02 20 0 3 4.358e+02 4.462e+02 97 0 3 5.589e+02 5.751e+02 150 0 4 6.680e+02 6.760e+02 75 0 2 4.457e+02 4.783e+02 302 0 1 5.545e+02 5.795e+02 233 0 4 5.768e+02 5.992e+02 208 0 1 6.483e+02 6.537e+02 50 0 4 4.487e+02 4.753e+02 246 0 3 6.450e+02 6.570e+02 110 0 4 6.590e+02 6.850e+02 241 2 1 2.043e+01 2.157e+01 10
3944 18 1 2 6.292e+02 6.308e+02 15 1 4 6.266e+02 6.334e+02 64 1 1 5.986e+02 6.194e+02 193 1 4 6.171e+02 6.429e+02 239 2 4 2.936e+02 2.944e+02 7 2 3 1.460e+02 1.480e+02 18 2 1 2.259e+02 2.361e+02 96 2 1 3.107e+02 3.193e+02 80 2 4 1.183e+02 1.337e+02 143 2 2 1.555e+02 1.805e+02 231 2 3 2.277e+02 2.343e+02 60 2 3 3.056e+02 3.244e+02 176 2 3 1.141e+00 4.086e+01 369 2 1 1.328e+02 1.612e+02 265 2 4 2.003e+02 2.197e+02 180 2 2 2.801e+02 3.079e+02 258 2 2 2.334e+02 2.706e+02 346 2 4 2.789e+02 3.091e+02 280
3945 0
3946 17 0 1 5.659e+02 5.681e+02 20 0 3 6.061e+02 6.119e+02 55 0 2 4.608e+02 4.632e+02 23 0 1 5.224e+02 5.276e+02 48 0 4 6.275e+02 6.325e+02 46 0 1 5.154e+02 5.346e+02 178 0 1 4.231e+02 4.589e+02 332 1 3 5.198e+01 7.402e+01 205 1 4 3.076e+01 5.324e+01 209 1 2 2.618e+01 5.782e+01 294 2 3 6.221e+01 6.379e+01 15 2 3 2.079e+01 2.121e+01 4 2 1 6.073e+01 6.527e+01 42 2 1 1.487e+01 2.713e+01 114 2 2 2.905e+01 5.495e+01 240 2 4 2.950e+01 5.450e+01 232 2 3 4.947e+01 7.653e+01 251
3947 6 0 1 1.729e+02 2.051e+02 299 0 2 1.914e+02 2.286e+02 346 0 4 1.962e+02 2.238e+02 257 0 2 6.497e+02 6.943e+02 415 1 4 2.097e+02 2.103e+02 6 1 1 2.976e+02 3.324e+02 323
3948 19 0 4 4.158e+02 4.242e+02 78 0 1 4.763e+02 4.897e+02 124 0 2 6.668e+02 6.772e+02 97 0 2 3.595e+02 3.965e+02 343 0 1 3.903e+02 4.077e+02 161 0 3 4.693e+02 4.967e+02 254 0 4 6.639e+02 6.801e+02 150 0 3 3.927e+02 4.053e+02 116 0 4 4.473e+02 4.767e+02 272 0 1 4.339e+02 4.481e+02 132 0 2 4.850e+02 5.230e+02 352 0 3 4.320e+02 4.500e+02 166 0 2 4.383e+02 4.857e+02 440 2 4 4.135e+02 4.265e+02 120 2 1 3.428e+02 3.712e+02 265 2 1 2.891e+00 3.911e+01 336 2 3 1.905e+00 4.010e+01 355 2 4 2.272e+01 6.128e+01 358 3 1 2.601e+02 2.859e+02 240
3949 5 1 1 5.660e+02 5.680e+02 18 1 4 5.763e+02 5.997e+02 217 1 3 5.488e+02 5.852e+02 338 1 2 5.704e+02 6.056e+02 326 2 4 5.839e+02 5.921e+02 76
3950 27 0 3 1.693e+01 2.507e+01 76 0 1 1.137e+01 3.063e+01 179 0 2 5.327e+02 5.593e+02 246 1 3 6.065e+02 6.115e+02 47 1 1 5.582e+02 5.758e+02 164 1 4 2.380e+02 2.660e+02 260 1 4 5.700e+02 6.060e+02 334 2 3 2.310e+02 2.310e+02 -5 2 1 3.970e+02 4.010e+02 36 2 3 3.560e+02 3.580e+02 19 2 1 2.070e+01 2.130e+01 6 2 2 2.465e+02 2.575e+02 101 2 3 2.715e+02 2.745e+02 28 2 2 3.764e+02 3.796e+02 30 2 4 5.623e+02 6.137e+02 477 2 3 5.579e+01 7.021e+01 134 2 4 2.414e+02 2.626e+02 197 2 4 2.837e+02 3.043e+02 191 2 1 3.536e+02 3.604e+02 63 2 2 2.627e+01 5.773e+01 292 2 4 1.984e+02 2.216e+02 216 2 4 3.648e+02 3.912e+02 245 2 4 2.860e+01 5.540e+01 249 2 4 3.255e+02 3.465e+02 195 2 3 3.451e+02 3.689e+02 220 2 2 3.597e+02 3.963e+02 340 3 1 1.545e+00 4.046e+01 361
