38539 70 0 3 5.232e+02 5.268e+02 33 0 2 2.507e+02 2.533e+02 24 0 3 6.038e+02 6.142e+02 97 0 1 3.146e+02 3.154e+02 7 0 2 6.696e+02 6.744e+02 45 0 2 3.766e+02 3.794e+02 26 0 4 2.507e+02 2.533e+02 25 0 2 5.019e+02 5.061e+02 40 0 1 3.026e+02 3.274e+02 230 0 1 5.637e+02 5.703e+02 61 0 2 3.241e+02 3.479e+02 220 0 2 6.273e+02 6.327e+02 50 0 3 9.012e+01 1.199e+02 276 0 4 6.705e+02 6.735e+02 28 0 1 2.123e+02 2.497e+02 348 0 3 2.558e+02 2.902e+02 319 0 4 4.999e+02 5.081e+02 76 0 2 2.795e+02 3.085e+02 269 0 3 5.574e+02 5.766e+02 178 0 4 6.255e+02 6.345e+02 84 0 1 6.359e+02 6.661e+02 280 0 1 4.702e+02 4.958e+02 238 0 1 5.138e+02 5.362e+02 209 0 4 5.802e+02 5.958e+02 146 0 3 6.353e+02 6.667e+02 292 1 2 8.400e+01 8.400e+01 -15 1 1 5.628e+02 5.712e+02 78 1 1 6.090e+02 6.090e+02 0 1 3 1.386e+02 1.554e+02 156 1 1 9.506e+01 1.149e+02 185 1 3 5.657e+02 5.683e+02 24 1 3 6.158e+01 6.442e+01 26 1 2 6.297e+02 6.303e+02 6 1 3 9.384e+01 1.162e+02 207 1 2 5.793e+02 5.967e+02 162 1 4 6.284e+02 6.316e+02 30 1 4 5.701e+02 6.059e+02 332 1 3 5.994e+02 6.186e+02 178 1 2 7.711e+01 9.089e+01 128 1 4 7.504e+01 9.296e+01 166 1 1 5.588e+01 7.012e+01 132 2 2 4.125e+01 4.275e+01 14 2 3 4.808e+02 4.852e+02 41 2 4 1.656e+02 1.704e+02 45 2 1 2.305e+02 2.315e+02 9 2 4 4.178e+02 4.222e+02 40 2 3 3.130e+02 3.170e+02 38 2 2 5.008e+02 5.072e+02 60 2 4 3.349e+02 3.371e+02 20 2 1 3.843e+02 4.137e+02 272 2 1 2.084e+01 2.116e+01 3 2 4 4.574e+02 4.666e+02 86 2 2 1.250e+02 1.270e+02 19 2 4 1.570e+02 1.790e+02 204 2 4 4.967e+02 5.113e+02 136 2 2 2.474e+02 2.566e+02 86 2 4 2.875e+02 3.005e+02 121 2 3 3.521e+02 3.619e+02 91 2 4 3.529e+01 4.871e+01 125 2 2 1.133e+02 1.387e+02 236 2 3 1.813e+02 1.967e+02 144 2 4 2.471e+02 2.569e+02 91 2 1 2.997e+02 3.303e+02 285 2 2 3.674e+02 3.886e+02 196 2 3 1.146e+01 3.054e+01 177 2 4 1.179e+02 1.341e+02 150 2 1 1.322e+02 1.618e+02 275 2 2 2.083e+02 2.117e+02 32 3 4 4.027e+01 4.373e+01 32 3 3 4.190e+00 3.781e+01 312
38540 31 0 4 6.274e+02 6.326e+02 48 0 2 3.754e+02 3.806e+02 48 0 1 6.498e+02 6.522e+02 21 0 2 4.618e+02 4.622e+02 3 0 4 3.714e+02 3.846e+02 122 0 1 6.075e+02 6.105e+02 28 0 1 3.483e+02 3.657e+02 162 0 3 6.453e+02 6.567e+02 106 0 1 4.380e+02 4.440e+02 56 0 4 4.530e+02 4.710e+02 167 0 3 6.046e+02 6.134e+02 82 0 4 6.660e+02 6.780e+02 110 0 3 3.825e+02 4.155e+02 307 0 3 4.666e+02 4.994e+02 306 0 2 6.121e+02 6.479e+02 332 0 2 6.638e+02 6.802e+02 152 0 1 4.637e+02 5.023e+02 358 0 4 6.152e+02 6.448e+02 276 0 2 6.544e+02 6.896e+02 326 0 1 5.895e+02 6.285e+02 361 1 2 6.125e+02 6.475e+02 325 2 3 1.041e+02 1.059e+02 16 2 4 6.284e+02 6.316e+02 29 2 2 2.466e+02 2.574e+02 100 2 1 2.671e+02 2.789e+02 110 2 4 2.489e+02 2.551e+02 57 2 2 1.107e+02 1.413e+02 285 2 2 2.376e+02 2.664e+02 268 2 3 2.537e+02 2.923e+02 358 2 4 6.742e+01 1.006e+02 308 2 1 2.126e+02 2.494e+02 342
38541 16 0 2 5.030e+02 5.050e+02 19 0 2 6.222e+02 6.378e+02 145 0 1 6.380e+02 6.640e+02 242 0 4 6.203e+02 6.397e+02 180 0 3 6.391e+02 6.629e+02 221 1 2 6.290e+02 6.310e+02 18 1 4 6.275e+02 6.325e+02 46 1 4 6.219e+02 6.381e+02 150 2 3 1.033e+02 1.067e+02 31 2 2 6.481e+01 1.032e+02 356 2 4 4.463e+02 4.777e+02 291 2 4 6.593e+01 1.021e+02 336 3 1 6.181e+01 6.419e+01 22 3 3 6.042e+01 6.558e+01 48 3 2 2.384e+01 6.016e+01 337 3 4 2.586e+01 5.814e+01 300
38542 8 0 4 3.780e+02 3.780e+02 -4 0 3 4.743e+02 4.917e+02 162 0 2 3.283e+02 3.437e+02 144 0 3 4.659e+02 5.001e+02 318 0 1 3.442e+02 3.698e+02 238 0 2 3.643e+02 3.917e+02 255 2 4 2.954e+01 5.446e+01 231 2 4 3.592e+02 3.968e+02 349
38544 2 0 4 4.155e+02 4.245e+02 84 0 1 3.887e+02 4.093e+02 190
38545 17 0 1 6.449e+02 6.571e+02 113 0 3 5.648e+02 5.692e+02 40 0 3 6.473e+02 6.547e+02 70 0 1 5.604e+02 5.736e+02 122 0 3 5.945e+02 6.235e+02 270 0 2 6.646e+02 6.794e+02 137 0 2 5.283e+02 5.637e+02 329 0 4 6.115e+02 6.485e+02 343 0 4 6.591e+02 6.849e+02 240 0 4 6.534e+02 6.906e+02 346 2 4 7.976e+01 8.824e+01 79 2 2 7.482e+01 9.318e+01 170 2 3 9.174e+01 1.183e+02 246 3 3 2.686e+02 2.774e+02 82 3 1 2.627e+02 2.833e+02 190 3 2 2.824e+02 3.056e+02 216 3 4 2.817e+02 3.063e+02 229
38546 20 0 1 6.079e+02 6.101e+02 21 0 2 6.720e+02 6.720e+02 -18 0 3 6.077e+02 6.103e+02 25 0 4 6.182e+02 6.418e+02 220 0 3 6.368e+02 6.652e+02 263 0 2 6.161e+02 6.439e+02 258 1 3 5.663e+02 5.677e+02 12 2 3 4.397e+02 4.423e+02 24 2 4 6.638e+02 6.802e+02 153 2 4 4.164e+02 4.236e+02 66 2 1 6.397e+02 6.623e+02 210 2 3 4.265e+02 4.555e+02 270 2 3 6.389e+02 6.631e+02 226 2 2 6.631e+02 6.809e+02 165 3 4 5.849e+02 5.911e+02 57 3 2 6.285e+02 6.315e+02 27 3 2 3.648e+02 3.912e+02 246 3 3 5.973e+02 6.207e+02 217 3 2 5.698e+02 6.062e+02 339 3 1 5.933e+02 6.247e+02 292
38548 6 0 2 6.178e+02 6.422e+02 227 0 4 6.066e+02 6.534e+02 434 1 3 4.215e+02 4.605e+02 361 1 1 5.062e+02 5.438e+02 350 1 2 4.360e+02 4.880e+02 482 2 3 4.146e+00 3.785e+01 313
38549 9 0 4 4.604e+02 4.636e+02 30 0 2 6.176e+02 6.424e+02 230 0 3 6.433e+02 6.587e+02 144 0 2 1.985e+02 2.215e+02 214 0 4 6.114e+02 6.486e+02 346 0 1 2.188e+02 2.432e+02 227 1 2 5.821e+02 5.939e+02 110 1 2 6.266e+02 6.334e+02 63 1 1 5.501e+02 5.839e+02 314
38551 6 0 2 6.578e+02 6.862e+02 265 2 4 5.446e+02 5.474e+02 26 2 1 5.663e+02 5.677e+02 13 2 1 1.496e+01 2.704e+01 112 2 2 3.103e+01 5.297e+01 204 2 1 2.982e+00 3.902e+01 335
38552 0
38553 0
38555 0
38556 16 0 4 3.291e+02 3.429e+02 129 0 4 3.191e+02 3.529e+02 313 2 2 3.331e+02 3.389e+02 55 2 4 1.201e+02 1.319e+02 110 2 1 1.425e+02 1.515e+02 84 2 2 2.045e+02 2.155e+02 101 2 3 3.054e+02 3.246e+02 179 2 4 3.199e+02 3.521e+02 299 2 2 8.290e+01 8.510e+01 20 2 3 1.389e+02 1.551e+02 151 2 4 2.084e+02 2.116e+02 30 2 1 3.396e+02 3.744e+02 323 2 2 1.583e+02 1.777e+02 180 2 4 1.603e+02 1.757e+02 142 2 1 1.811e+02 1.969e+02 147 2 3 1.715e+02 2.065e+02 325
38557 0
38559 75 0 1 3.977e+02 4.003e+02 25 0 3 2.296e+02 2.324e+02 26 0 4 4.607e+02 4.633e+02 24 0 2 3.336e+02 3.384e+02 45 0 2 5.430e+02 5.490e+02 56 0 4 2.489e+02 2.551e+02 57 0 4 5.866e+02 5.894e+02 26 0 4 2.867e+02 3.013e+02 136 0 2 6.705e+02 6.735e+02 27 0 2 3.631e+02 3.929e+02 277 0 3 3.978e+02 4.002e+02 22 0 1 2.264e+02 2.356e+02 85 0 2 4.577e+02 4.663e+02 80 0 4 3.239e+02 3.481e+02 226 0 1 5.645e+02 5.695e+02 46 0 2 2.404e+02 2.636e+02 215 0 1 6.068e+02 6.112e+02 40 0 2 1.967e+02 2.233e+02 246 0 4 6.719e+02 6.721e+02 2 0 3 2.146e+02 2.474e+02 306 0 1 4.400e+02 4.420e+02 19 0 4 2.349e+02 2.691e+02 317 0 1 4.725e+02 4.935e+02 196 0 3 5.658e+02 5.682e+02 21 0 3 6.083e+02 6.097e+02 12 0 1 6.458e+02 6.562e+02 97 0 3 4.389e+02 4.431e+02 40 0 3 4.744e+02 4.916e+02 160 0 1 5.153e+02 5.347e+02 180 0 2 6.293e+02 6.307e+02 13 0 3 6.474e+02 6.546e+02 66 0 4 4.097e+02 4.303e+02 191 0 2 4.914e+02 5.166e+02 234 0 3 5.121e+02 5.379e+02 239 0 4 6.284e+02 6.316e+02 30 0 3 4.270e+02 4.550e+02 260 0 2 5.311e+02 5.609e+02 277 0 1 5.918e+02 6.262e+02 319 0 1 4.236e+02 4.584e+02 323 0 4 5.643e+02 6.117e+02 440 1 2 5.024e+02 5.056e+02 30 1 2 5.460e+02 5.460e+02 -1 1 1 6.082e+02 6.098e+02 16 1 4 5.009e+02 5.071e+02 58 1 2 5.871e+02 5.889e+02 16 1 3 6.067e+02 6.113e+02 42 1 3 5.218e+02 5.282e+02 59 1 4 5.391e+02 5.529e+02 128 1 2 6.293e+02 6.307e+02 13 1 1 4.742e+02 4.918e+02 164 1 3 5.541e+02 5.799e+02 240 1 4 6.299e+02 6.301e+02 1 1 1 5.106e+02 5.394e+02 268 1 4 5.706e+02 6.054e+02 324 1 4 5.265e+02 5.655e+02 362 2 3 4.827e+02 4.833e+02 6 2 4 2.505e+02 2.535e+02 27 2 1 5.653e+02 5.687e+02 31 2 1 2.723e+02 2.737e+02 14 2 4 4.992e+02 5.088e+02 90 2 3 6.019e+01 6.581e+01 52 2 3 5.208e+02 5.292e+02 77 2 3 1.883e+02 1.897e+02 13 2 4 4.539e+02 4.701e+02 150 2 2 2.427e+02 2.613e+02 173 2 2 5.419e+02 5.501e+02 76 2 1 1.518e+01 2.682e+01 108 2 3 2.143e+02 2.477e+02 310 2 3 1.927e+01 2.273e+01 32 2 4 2.342e+02 2.698e+02 331 2 4 3.906e+01 4.494e+01 55 3 3 1.415e+02 1.525e+02 101 3 2 1.601e+02 1.759e+02 146 3 3 3.463e+02 3.677e+02 199 3 4 1.484e+02 1.876e+02 365
38560 8 0 3 5.950e+02 6.230e+02 260 0 4 6.759e+01 1.004e+02 305 0 4 6.574e+02 6.866e+02 270 0 1 5.881e+02 6.299e+02 388 0 2 6.544e+02 6.896e+02 327 0 1 6.306e+02 6.714e+02 380 0 3 6.279e+02 6.741e+02 429 1 2 3.731e+02 3.829e+02 91
38561 13 0 1 1.867e+02 1.913e+02 43 0 2 6.206e+02 6.394e+02 175 0 4 2.066e+02 2.134e+02 64 0 3 6.476e+02 6.544e+02 64 0 2 1.987e+02 2.213e+02 210 0 4 6.154e+02 6.446e+02 270 0 3 1.718e+02 2.062e+02 320 0 2 6.646e+02 6.794e+02 138 0 2 6.094e+02 6.506e+02 382 0 4 6.680e+02 6.760e+02 74 0 1 6.402e+02 6.618e+02 201 0 3 6.411e+02 6.609e+02 183 2 1 3.025e+00 3.897e+01 334
38562 11 0 4 6.242e+02 6.358e+02 107 0 4 6.700e+02 6.740e+02 36 0 3 6.473e+02 6.547e+02 68 0 4 6.129e+02 6.471e+02 318 0 2 6.645e+02 6.795e+02 139 0 1 6.433e+02 6.587e+02 143 1 1 3.570e+02 3.570e+02 0 1 2 6.260e+02 6.340e+02 75 2 1 5.822e+01 6.778e+01 89 2 3 5.934e+01 6.666e+01 68 2 4 3.053e+01 5.347e+01 213
38563 73 0 4 3.344e+02 3.376e+02 30 0 1 1.045e+02 1.055e+02 9 0 4 4.611e+02 4.629e+02 17 0 1 5.250e+02 5.250e+02 -7 0 2 2.903e+02 2.977e+02 68 0 2 3.280e+02 3.440e+02 148 0 1 2.310e+02 2.310e+02 -20 0 1 4.396e+02 4.424e+02 26 0 1 2.712e+02 2.748e+02 33 0 4 5.024e+02 5.056e+02 30 0 2 1.179e+02 1.341e+02 150 0 3 5.246e+02 5.254e+02 7 0 4 1.510e+02 1.850e+02 316 0 3 2.310e+02 2.310e+02 0 0 4 2.822e+02 3.058e+02 220 0 3 4.392e+02 4.428e+02 33 0 2 2.466e+02 2.574e+02 100 0 2 4.543e+02 4.697e+02 144 0 1 3.042e+02 3.258e+02 200 0 1 5.634e+02 5.706e+02 67 0 3 2.141e+02 2.479e+02 313 0 2 6.271e+02 6.329e+02 53 0 3 6.490e+02 6.530e+02 38 0 3 4.697e+02 4.963e+02 247 0 2 5.295e+02 5.625e+02 307 0 4 5.843e+02 5.917e+02 70 0 2 6.707e+02 6.733e+02 25 0 2 4.951e+02 5.129e+02 166 0 1 6.035e+02 6.145e+02 101 0 1 6.485e+02 6.535e+02 47 0 4 4.439e+02 4.801e+02 336 0 3 6.000e+02 6.180e+02 168 0 4 6.595e+02 6.845e+02 231 1 1 5.670e+02 5.670e+02 -0 1 1 6.090e+02 6.090e+02 -14 1 3 5.620e+02 5.720e+02 93 1 2 4.533e+02 4.707e+02 161 1 3 6.090e+02 6.090e+02 -16 1 3 2.597e+02 2.863e+02 247 1 4 4.906e+02 5.174e+02 249 1 2 2.823e+02 3.057e+02 218 1 2 5.873e+02 5.887e+02 12 1 2 2.688e+02 3.192e+02 467 1 2 6.296e+02 6.304e+02 7 1 4 2.707e+02 3.173e+02 432 1 4 5.867e+02 5.893e+02 25 1 4 6.300e+02 6.300e+02 -5 1 4 5.368e+02 5.552e+02 170 1 2 5.271e+02 5.649e+02 351 2 2 4.184e+01 4.216e+01 3 2 1 2.305e+02 2.315e+02 10 2 3 3.113e+02 3.187e+02 68 2 3 4.403e+02 4.417e+02 13 2 1 6.176e+01 6.424e+01 23 2 2 4.620e+02 4.620e+02 -1 2 2 8.366e+01 8.434e+01 6 2 3 5.204e+02 5.296e+02 85 2 2 2.513e+02 2.527e+02 14 2 4 2.877e+02 3.003e+02 117 2 4 4.135e+02 4.265e+02 120 2 3 6.300e+01 6.300e+01 -10 2 1 4.799e+02 4.861e+02 58 2 4 2.471e+02 2.569e+02 91 2 1 3.027e+02 3.273e+02 229 2 2 3.181e+02 3.539e+02 333 2 1 1.581e+01 2.619e+01 96 2 3 2.144e+02 2.476e+02 309 2 4 3.183e+02 3.537e+02 330 2 3 1.860e+01 2.340e+01 45 2 4 3.497e+01 4.903e+01 130 2 2 2.833e+01 5.567e+01 254 3 4 4.036e+01 4.364e+01 30 3 4 7.244e+01 9.556e+01 215
38564 0
38565 70 0 1 1.837e+01 2.363e+01 49 0 4 4.607e+02 4.633e+02 24 0 1 5.610e+02 5.730e+02 112 0 3 6.488e+02 6.532e+02 41 0 1 4.346e+02 4.474e+02 118 0 2 4.556e+02 4.684e+02 120 0 1 5.513e+02 5.827e+02 292 0 2 6.181e+02 6.419e+02 220 0 1 6.431e+02 6.589e+02 147 0 3 4.275e+02 4.545e+02 250 0 4 6.165e+02 6.435e+02 251 0 2 6.538e+02 6.902e+02 339 1 1 5.639e+02 5.701e+02 58 1 2 6.253e+02 6.347e+02 88 1 2 5.787e+02 5.973e+02 173 1 4 6.144e+02 6.456e+02 290 2 2 4.018e+01 4.382e+01 34 2 3 4.790e+02 4.870e+02 75 2 4 8.249e+01 8.551e+01 28 2 2 5.441e+02 5.479e+02 35 2 4 1.656e+02 1.704e+02 44 2 1 6.476e+02 6.544e+02 64 2 3 2.275e+02 2.345e+02 66 2 3 3.101e+02 3.199e+02 90 2 3 3.967e+02 4.013e+02 43 2 4 3.309e+02 3.411e+02 95 2 2 5.002e+02 5.078e+02 70 2 3 6.185e+01 6.415e+01 21 2 3 5.664e+02 5.676e+02 10 2 3 1.043e+02 1.057e+02 14 2 2 6.181e+02 6.419e+02 221 2 3 1.446e+02 1.494e+02 46 2 2 4.146e+02 4.254e+02 100 2 4 2.516e+02 2.524e+02 7 2 4 5.020e+02 5.060e+02 37 2 4 2.822e+02 3.058e+02 219 2 1 5.190e+02 5.310e+02 112 2 4 3.680e+02 3.880e+02 186 2 4 6.192e+02 6.408e+02 200 2 1 1.788e+01 2.412e+01 58 2 1 6.286e+02 6.734e+02 416 2 2 7.657e+01 9.143e+01 138 2 4 4.048e+02 4.352e+02 283 2 4 1.570e+02 1.790e+02 205 2 4 4.518e+02 4.722e+02 189 2 2 2.045e+02 2.155e+02 103 2 3 5.130e+02 5.370e+02 223 2 1 2.598e+02 2.862e+02 245 2 3 5.911e+02 6.269e+02 333 2 2 3.252e+02 3.468e+02 201 2 2 4.858e+02 5.222e+02 338 2 1 4.969e+01 7.631e+01 247 2 3 8.832e+01 1.217e+02 310 2 3 1.807e+02 1.973e+02 154 2 4 2.072e+02 2.128e+02 51 2 3 2.599e+02 2.861e+02 243 2 4 3.594e+02 3.966e+02 346 2 3 9.171e+00 3.283e+01 220 2 2 6.692e+01 1.011e+02 317 2 1 1.314e+02 1.626e+02 290 2 2 2.401e+02 2.639e+02 221 2 1 3.007e+02 3.293e+02 266 2 4 2.923e+01 5.477e+01 237 2 2 1.539e+02 1.821e+02 262 2 1 2.147e+02 2.473e+02 302 2 3 1.709e+02 2.071e+02 336 2 2 2.343e+02 2.697e+02 329 2 3 1.272e+02 1.668e+02 367 3 4 3.690e+01 4.710e+01 95 3 1 1.272e+02 1.668e+02 367
38566 34 0 1 6.495e+02 6.525e+02 28 0 1 3.971e+02 4.009e+02 36 0 2 3.319e+02 3.401e+02 76 0 2 6.700e+02 6.740e+02 38 0 4 4.132e+02 4.268e+02 126 0 4 3.609e+02 3.951e+02 317 0 4 6.691e+02 6.749e+02 53 0 1 2.976e+02 3.324e+02 324 0 3 3.931e+02 4.049e+02 110 0 2 3.599e+02 3.961e+02 336 2 4 1.649e+02 1.711e+02 57 2 1 2.303e+02 2.317e+02 13 2 3 5.634e+02 5.706e+02 67 2 4 2.895e+02 2.985e+02 83 2 3 1.433e+01 2.767e+01 124 2 4 5.357e+02 5.563e+02 192 2 2 1.253e+02 1.267e+02 14 2 1 1.875e+02 1.905e+02 27 2 2 2.071e+02 2.129e+02 54 2 1 3.035e+02 3.265e+02 213 2 3 9.501e+01 1.150e+02 186 2 3 1.380e+02 1.560e+02 168 2 4 2.054e+02 2.146e+02 86 2 3 3.013e+02 3.287e+02 254 2 2 3.180e+02 3.540e+02 335 2 4 1.184e+02 1.336e+02 141 2 3 1.771e+02 2.009e+02 220 2 2 1.951e+02 2.249e+02 276 2 4 1.072e+02 1.448e+02 350 2 1 1.365e+02 1.575e+02 196 2 4 1.966e+02 2.234e+02 249 2 4 6.468e+01 1.033e+02 359 2 2 1.534e+02 1.826e+02 270 2 3 2.172e+02 2.448e+02 256
38568 26 0 3 6.087e+02 6.093e+02 6 0 2 6.706e+02 6.734e+02 26 0 3 3.935e+02 4.045e+02 101 0 4 6.230e+02 6.370e+02 130 0 4 6.681e+02 6.759e+02 72 0 1 3.857e+02 4.123e+02 246 0 4 4.040e+02 4.360e+02 298 2 3 1.017e+02 1.083e+02 60 2 4 6.696e+02 6.744e+02 44 2 4 3.763e+02 3.797e+02 31 2 1 3.920e+02 4.060e+02 130 2 3 5.938e+01 6.662e+01 67 2 2 1.240e+02 1.280e+02 37 2 4 6.571e+02 6.869e+02 276 2 1 2.277e+02 2.343e+02 60 2 3 3.816e+02 4.164e+02 324 2 2 3.715e+02 3.845e+02 121 2 1 1.348e+01 2.852e+01 140 2 4 1.218e+02 1.302e+02 79 2 1 1.333e+02 1.607e+02 254 2 3 1.711e+01 2.489e+01 72 2 2 3.654e+01 4.746e+01 101 2 4 3.268e+01 5.132e+01 173 2 2 2.981e+01 5.419e+01 226 2 1 4.728e+00 3.727e+01 302 3 1 2.282e+02 2.338e+02 51
38569 5 0 2 5.444e+02 5.476e+02 30 0 2 5.020e+02 5.060e+02 38 0 1 5.242e+02 5.258e+02 16 0 3 5.527e+02 5.813e+02 266 0 1 5.117e+02 5.383e+02 247
38570 0
38571 0
38572 39 0 4 3.356e+02 3.364e+02 8 0 1 5.652e+02 5.688e+02 34 0 2 2.909e+02 2.971e+02 57 0 3 6.471e+02 6.549e+02 72 0 1 2.630e+02 2.830e+02 186 0 3 4.355e+02 4.465e+02 102 0 3 5.651e+02 5.689e+02 35 0 4 2.853e+02 3.027e+02 162 0 2 6.145e+02 6.455e+02 287 0 4 2.773e+02 3.107e+02 310 0 1 6.469e+02 6.551e+02 76 0 1 4.268e+02 4.552e+02 264 0 2 5.402e+02 5.518e+02 108 0 4 6.129e+02 6.471e+02 318 0 1 6.358e+02 6.662e+02 281 0 4 4.026e+02 4.374e+02 323 0 1 5.483e+02 5.857e+02 346 0 2 6.533e+02 6.907e+02 347 0 4 6.523e+02 6.917e+02 366 1 3 6.084e+02 6.096e+02 10 1 4 5.857e+02 5.903e+02 43 1 2 6.291e+02 6.309e+02 17 1 2 5.741e+02 6.019e+02 258 1 4 6.284e+02 6.316e+02 30 1 4 5.706e+02 6.054e+02 324 1 1 6.052e+02 6.128e+02 70 2 2 1.667e+02 1.693e+02 25 2 4 2.487e+02 2.553e+02 61 2 2 1.247e+02 1.273e+02 24 2 4 1.664e+02 1.696e+02 30 2 3 2.671e+02 2.789e+02 110 2 4 7.459e+01 9.341e+01 175 2 2 1.559e+02 1.801e+02 224 2 2 2.760e+02 3.120e+02 334 2 3 4.484e+01 8.116e+01 337 2 4 1.516e+02 1.844e+02 304 3 1 1.002e+02 1.098e+02 90 3 4 7.284e+01 9.516e+01 207 3 3 8.828e+01 1.217e+02 310
38573 5 0 1 4.827e+02 4.833e+02 5 0 2 6.624e+02 6.816e+02 179 0 3 3.765e+02 4.215e+02 417 2 3 -1.824e+00 4.382e+01 424 2 1 -2.002e+00 4.400e+01 427
38575 28 0 1 6.476e+02 6.544e+02 63 0 1 5.585e+02 5.755e+02 157 0 1 6.036e+02 6.144e+02 100 0 2 6.676e+02 6.764e+02 82 0 3 5.576e+02 5.764e+02 175 0 3 6.035e+02 6.145e+02 103 0 4 6.700e+02 6.740e+02 37 0 2 6.194e+02 6.406e+02 196 0 3 6.437e+02 6.583e+02 136 0 3 5.447e+02 5.893e+02 415 0 4 6.218e+02 6.382e+02 153 0 4 6.594e+02 6.846e+02 234 0 4 5.781e+02 5.979e+02 183 0 1 6.359e+02 6.661e+02 280 0 1 5.944e+02 6.236e+02 271 1 1 1.828e+02 1.952e+02 115 1 2 6.283e+02 6.317e+02 32 1 2 6.046e+02 6.554e+02 472 2 3 1.446e+02 1.494e+02 46 2 1 1.613e+01 2.587e+01 90 2 4 1.625e+02 1.735e+02 102 2 3 4.012e+00 3.799e+01 316 2 4 1.104e+02 1.416e+02 290 2 2 1.592e+02 1.768e+02 163 2 1 1.775e+02 2.005e+02 214 2 3 1.777e+02 2.003e+02 210 2 1 1.328e+02 1.612e+02 265 2 4 1.456e+02 1.904e+02 416
38576 0
38577 0
38579 0
38580 13 0 2 6.616e+02 6.824e+02 193 0 4 6.610e+02 6.830e+02 204 2 3 2.302e+02 2.318e+02 15 2 2 3.760e+02 3.800e+02 37 2 2 4.117e+01 4.283e+01 16 2 3 3.906e+02 4.074e+02 156 2 2 1.259e+02 1.261e+02 2 2 4 2.070e+02 2.130e+02 56 2 3 3.520e+02 3.620e+02 92 2 4 8.334e+01 8.466e+01 12 2 4 3.668e+02 3.892e+02 209 2 2 7.365e+01 9.435e+01 192 2 3 9.169e+01 1.183e+02 247
38581 9 0 2 6.252e+02 6.348e+02 90 0 1 6.416e+02 6.604e+02 174 0 4 6.230e+02 6.370e+02 130 1 2 6.216e+02 6.384e+02 156 1 4 6.153e+02 6.447e+02 274 2 4 1.671e+02 1.689e+02 16 2 3 1.830e+02 1.950e+02 111 2 2 1.624e+02 1.736e+02 105 2 1 1.803e+02 1.977e+02 161
38582 3 2 3 1.882e+01 2.318e+01 40 2 4 3.587e+01 4.813e+01 114 2 2 2.901e+01 5.499e+01 241
38584 9 0 1 3.917e+02 4.063e+02 136 0 4 4.080e+02 4.320e+02 223 0 3 4.261e+02 4.559e+02 276 2 1 1.801e+01 2.399e+01 56 2 2 2.510e+01 5.890e+01 314 3 1 5.884e+01 6.716e+01 77 3 1 3.517e+00 3.848e+01 325 3 4 6.930e+01 9.870e+01 273 3 2 2.335e+01 6.065e+01 346
38585 10 0 2 3.239e+02 3.481e+02 226 0 4 3.259e+02 3.461e+02 188 0 1 2.893e+02 3.407e+02 478 0 1 3.493e+02 3.647e+02 142 2 3 1.370e+02 1.570e+02 186 2 2 1.175e+02 1.345e+02 158 2 2 1.524e+02 1.836e+02 289 2 4 1.452e+02 1.908e+02 424 2 4 1.000e+02 1.520e+02 482 2 1 1.202e+02 1.738e+02 497
38586 0
38588 10 0 1 6.077e+02 6.103e+02 24 0 3 6.045e+02 6.135e+02 84 0 3 6.485e+02 6.535e+02 46 0 2 6.159e+02 6.441e+02 262 0 1 6.413e+02 6.607e+02 180 0 4 6.169e+02 6.431e+02 244 0 4 6.511e+02 6.929e+02 389 2 4 8.312e+01 8.488e+01 16 2 2 7.226e+01 9.574e+01 218 2 3 9.183e+01 1.182e+02 245
38589 2 0 3 5.854e+02 6.326e+02 439 2 2 3.596e+01 4.804e+01 112
