34085 2 2 4 3.834e+01 4.566e+01 68 2 3 2.753e+00 3.925e+01 339
34086 0
34089 0
34091 4 0 3 6.082e+02 6.098e+02 16 0 1 5.959e+02 6.221e+02 244 0 3 6.407e+02 6.613e+02 191 0 4 6.157e+02 6.443e+02 266
34093 2 1 1 5.924e+02 6.256e+02 308 2 4 6.591e+02 6.849e+02 240
34094 5 2 2 4.516e+02 4.724e+02 193 3 1 4.410e+02 4.410e+02 0 3 4 4.620e+02 4.620e+02 -4 3 2 4.144e+02 4.256e+02 105 3 3 4.359e+02 4.461e+02 96
34097 0
34098 15 0 3 4.776e+02 4.884e+02 100 0 1 5.564e+02 5.776e+02 196 0 3 6.035e+02 6.145e+02 101 0 1 4.713e+02 4.947e+02 216 0 4 5.720e+02 6.040e+02 298 1 4 5.853e+02 5.907e+02 50 1 3 6.033e+02 6.147e+02 106 1 4 6.214e+02 6.386e+02 159 1 1 5.107e+02 5.393e+02 266 1 1 6.004e+02 6.176e+02 160 1 3 5.962e+02 6.218e+02 238 1 2 6.188e+02 6.412e+02 207 1 3 5.886e+02 6.294e+02 380 2 3 2.587e+02 2.873e+02 266 3 3 1.465e+02 1.475e+02 10
34099 9 0 2 6.665e+02 6.775e+02 102 0 4 6.637e+02 6.803e+02 154 0 4 6.086e+01 1.071e+02 430 0 2 5.221e+02 5.699e+02 444 0 4 5.642e+02 6.118e+02 442 2 3 1.050e+02 1.050e+02 -0 2 4 4.518e+02 4.722e+02 190 2 2 1.114e+02 1.406e+02 270 2 4 6.688e+01 1.011e+02 318
34100 0
34103 0
34107 34 0 1 6.504e+02 6.516e+02 11 0 3 3.963e+02 4.017e+02 50 0 2 4.618e+02 4.622e+02 3 0 2 3.677e+02 3.883e+02 190 0 3 5.237e+02 5.263e+02 24 0 1 6.077e+02 6.103e+02 24 0 3 6.510e+02 6.510e+02 -4 0 4 4.588e+02 4.652e+02 60 0 1 5.222e+02 5.278e+02 51 0 3 6.054e+02 6.126e+02 67 0 2 6.675e+02 6.765e+02 83 0 1 4.793e+02 4.867e+02 70 0 2 5.279e+02 5.641e+02 336 0 2 6.294e+02 6.306e+02 10 0 4 6.709e+02 6.731e+02 20 0 4 4.040e+02 4.360e+02 296 0 2 5.024e+02 5.056e+02 30 0 4 6.253e+02 6.347e+02 87 0 4 4.503e+02 4.737e+02 218 0 1 5.983e+02 6.197e+02 198 0 4 4.899e+02 5.181e+02 261 0 4 6.166e+02 6.434e+02 249 1 1 5.915e+02 6.265e+02 325 2 4 4.609e+02 4.631e+02 20 2 4 4.592e+02 4.648e+02 52 2 2 8.303e+01 8.497e+01 18 2 4 7.778e+01 9.022e+01 116 2 2 4.988e+02 5.092e+02 97 2 1 4.345e+01 8.255e+01 363 2 3 4.682e+02 4.978e+02 275 2 3 9.770e+01 1.123e+02 136 2 3 4.597e+01 8.003e+01 316 2 2 4.897e+02 5.183e+02 266 2 2 6.508e+01 1.029e+02 351
34108 1 3 2 5.654e+02 6.106e+02 420
34110 1 2 1 6.704e+00 3.530e+01 266
34112 10 0 1 4.830e+02 4.830e+02 -0 0 2 5.460e+02 5.460e+02 -4 0 4 6.282e+02 6.318e+02 33 0 4 4.166e+02 4.234e+02 63 0 1 5.546e+02 5.794e+02 230 0 1 3.941e+02 4.039e+02 90 0 2 4.542e+02 4.698e+02 146 0 3 3.841e+02 4.139e+02 276 0 4 4.515e+02 4.725e+02 196 1 1 5.659e+02 5.681e+02 20
34114 0
34118 5 1 4 1.651e+02 1.709e+02 53 1 2 1.178e+02 1.342e+02 153 2 2 3.820e+01 4.580e+01 70 2 3 1.276e+01 2.924e+01 153 2 4 2.322e+01 6.078e+01 349
34120 25 0 1 6.486e+02 6.534e+02 44 0 3 1.888e+02 1.892e+02 3 0 4 5.859e+02 5.901e+02 40 0 2 1.549e+02 1.811e+02 244 0 3 6.506e+02 6.514e+02 7 0 4 2.008e+02 2.192e+02 171 0 1 6.061e+02 6.119e+02 54 0 1 1.788e+02 1.992e+02 189 0 2 6.701e+02 6.739e+02 35 0 4 5.766e+02 5.994e+02 211 0 4 6.699e+02 6.741e+02 40 0 1 5.952e+02 6.228e+02 257 0 2 6.605e+02 6.835e+02 214 0 3 5.997e+02 6.183e+02 173 0 4 6.562e+02 6.878e+02 293 0 2 6.177e+02 6.423e+02 228 0 1 6.316e+02 6.704e+02 360 0 4 6.192e+02 6.408e+02 200 0 3 6.330e+02 6.690e+02 335 1 2 6.122e+02 6.478e+02 330 2 3 1.015e+02 1.085e+02 66 2 4 1.672e+02 1.688e+02 15 2 2 1.637e+02 1.723e+02 80 2 2 1.152e+02 1.368e+02 201 2 3 1.699e+02 2.081e+02 355
34122 32 0 2 3.356e+02 3.364e+02 8 0 1 3.139e+02 3.161e+02 21 0 1 5.650e+02 5.690e+02 37 0 1 6.071e+02 6.109e+02 35 0 2 6.720e+02 6.720e+02 0 0 2 5.361e+02 5.559e+02 184 0 2 6.275e+02 6.325e+02 46 0 4 6.715e+02 6.725e+02 9 0 3 5.534e+02 5.806e+02 252 0 4 6.282e+02 6.318e+02 34 0 1 6.487e+02 6.533e+02 42 0 3 6.004e+02 6.176e+02 160 0 3 6.441e+02 6.579e+02 128 0 4 5.742e+02 6.018e+02 257 0 1 6.383e+02 6.637e+02 236 0 3 5.923e+02 6.257e+02 310 0 3 6.336e+02 6.684e+02 324 1 2 6.295e+02 6.305e+02 9 1 2 5.832e+02 5.928e+02 89 1 4 6.229e+02 6.371e+02 131 1 1 5.491e+02 5.849e+02 333 1 1 5.962e+02 6.218e+02 238 1 4 5.711e+02 6.049e+02 315 1 3 5.927e+02 6.253e+02 303 2 1 2.696e+02 2.764e+02 64 2 3 6.149e+01 6.451e+01 28 2 3 1.004e+02 1.096e+02 86 2 1 5.642e+01 6.958e+01 122 2 3 8.622e+01 1.238e+02 349 2 4 2.770e+01 5.630e+01 266 2 2 6.791e+01 1.001e+02 299 2 3 4.453e+01 8.147e+01 343
34124 1 3 1 6.441e+02 6.579e+02 129
34126 2 0 2 6.560e+02 6.880e+02 297 0 4 6.533e+02 6.907e+02 348
34128 3 0 1 3.135e+02 3.165e+02 27 1 3 6.082e+02 6.098e+02 16 1 4 6.210e+02 6.390e+02 167
34129 49 0 1 6.510e+02 6.510e+02 -22 0 4 6.720e+02 6.720e+02 -18 0 4 3.305e+02 3.415e+02 101 0 1 6.040e+02 6.140e+02 92 0 2 1.951e+02 2.249e+02 277 0 3 5.583e+02 5.757e+02 162 1 3 6.089e+02 6.091e+02 2 1 2 6.300e+02 6.300e+02 -3 1 4 4.970e+02 5.110e+02 130 1 2 5.757e+02 6.003e+02 228 1 4 6.248e+02 6.352e+02 97 1 1 6.002e+02 6.178e+02 163 1 2 6.138e+02 6.462e+02 301 1 4 6.125e+02 6.475e+02 326 2 4 1.680e+02 1.680e+02 -12 2 2 5.036e+02 5.044e+02 8 2 3 3.566e+02 3.574e+02 8 2 1 6.163e+01 6.437e+01 26 2 1 3.901e+02 4.079e+02 166 2 4 1.260e+02 1.260e+02 -22 2 4 4.617e+02 4.623e+02 5 2 1 1.890e+02 1.890e+02 -2 2 3 4.689e+02 4.971e+02 261 2 4 2.867e+02 3.013e+02 136 2 4 3.352e+02 3.368e+02 16 2 3 6.190e+01 6.410e+01 20 2 2 7.935e+01 8.865e+01 86 2 1 1.440e+02 1.500e+02 56 2 1 3.070e+02 3.230e+02 149 2 2 3.726e+02 3.834e+02 100 2 1 2.100e+01 2.100e+01 -10 2 2 1.096e+02 1.424e+02 304 2 3 1.453e+02 1.487e+02 32 2 4 2.791e+02 3.089e+02 277 2 2 3.266e+02 3.454e+02 176 2 3 2.017e+01 2.183e+01 16 2 4 1.093e+02 1.427e+02 310 2 3 1.769e+02 2.011e+02 225 2 3 2.473e+02 2.987e+02 477 2 4 3.686e+01 4.714e+01 96 2 2 6.176e+01 1.062e+02 413 2 2 1.589e+02 1.771e+02 170 2 1 5.458e+01 7.142e+01 156 2 4 1.527e+02 1.833e+02 284 2 3 6.569e+00 3.543e+01 268 2 2 3.049e+01 5.351e+01 214 3 4 7.163e+01 9.637e+01 230 3 2 4.039e+02 4.361e+02 300 3 1 4.174e+02 4.646e+02 439
34130 0
34132 1 3 2 6.171e+02 6.429e+02 239
34133 5 0 2 3.756e+02 3.804e+02 45 1 3 5.648e+02 5.692e+02 41 2 1 3.149e+02 3.151e+02 1 2 2 1.160e+02 1.360e+02 186 2 3 3.805e+02 4.175e+02 343
34135 0
34138 0
34139 3 2 2 3.334e+02 3.386e+02 49 2 4 3.276e+02 3.444e+02 156 2 3 3.460e+02 3.680e+02 205
34140 44 0 1 5.644e+02 5.696e+02 48 0 4 5.865e+02 5.895e+02 27 0 3 6.502e+02 6.518e+02 16 0 2 5.024e+02 5.056e+02 30 0 1 4.489e+01 8.111e+01 336 0 3 6.087e+02 6.093e+02 6 0 2 6.704e+02 6.736e+02 29 0 4 5.037e+02 5.043e+02 6 0 3 5.118e+02 5.382e+02 245 0 2 6.298e+02 6.302e+02 4 0 4 6.695e+02 6.745e+02 46 0 3 4.630e+02 5.030e+02 372 0 3 5.511e+02 5.829e+02 296 0 4 6.268e+02 6.332e+02 60 0 1 6.498e+02 6.522e+02 22 0 1 4.627e+02 5.033e+02 377 0 2 5.261e+02 5.659e+02 370 0 1 5.995e+02 6.185e+02 177 0 4 6.499e+02 6.941e+02 410 0 3 6.002e+02 6.178e+02 164 0 2 6.175e+02 6.425e+02 233 1 1 6.090e+02 6.090e+02 -2 1 2 5.855e+02 5.905e+02 46 1 3 6.090e+02 6.090e+02 -3 1 4 5.876e+02 5.884e+02 8 1 4 6.297e+02 6.303e+02 6 1 1 5.560e+02 5.780e+02 205 1 2 6.205e+02 6.395e+02 177 1 3 5.904e+02 6.276e+02 346 2 2 2.075e+02 2.125e+02 46 2 1 2.665e+02 2.795e+02 121 2 3 1.454e+02 1.486e+02 30 2 3 2.276e+02 2.344e+02 64 2 3 6.462e-01 4.135e+01 378 2 4 1.101e+02 1.419e+02 295 2 2 1.603e+02 1.757e+02 142 2 2 2.472e+02 2.568e+02 90 2 4 1.518e+02 1.842e+02 301 2 4 2.423e+02 2.617e+02 180 2 1 1.322e+02 1.618e+02 275 2 3 2.132e+02 2.488e+02 331 2 2 1.493e+02 1.867e+02 348 2 4 1.419e+02 1.941e+02 486 2 1 1.244e+02 1.696e+02 420
34142 0
34143 33 0 4 3.356e+02 3.364e+02 7 0 1 6.017e+02 6.163e+02 136 0 4 6.662e+02 6.778e+02 108 1 3 5.636e+02 5.704e+02 63 1 4 6.256e+02 6.344e+02 81 1 2 5.872e+02 5.888e+02 15 1 2 6.223e+02 6.377e+02 144 1 4 5.816e+02 5.944e+02 118 1 4 6.172e+02 6.428e+02 238 1 2 5.729e+02 6.031e+02 281 1 3 5.937e+02 6.243e+02 284 2 4 2.100e+02 2.100e+02 -10 2 1 5.670e+02 5.670e+02 -9 2 4 3.756e+02 3.804e+02 45 2 2 2.054e+02 2.146e+02 86 2 4 4.195e+02 4.205e+02 9 2 4 3.655e+02 3.905e+02 233 2 4 5.021e+02 5.059e+02 36 2 3 1.191e+01 3.009e+01 169 2 3 5.212e+02 5.288e+02 71 2 3 1.365e+02 1.575e+02 196 2 4 4.596e+02 4.644e+02 46 2 1 2.273e+02 2.347e+02 70 2 4 5.431e+02 5.489e+02 55 2 3 4.776e+01 7.824e+01 283 2 3 5.552e+02 5.788e+02 219 2 3 1.722e+02 2.058e+02 311 2 2 5.309e+02 5.611e+02 281 2 3 2.243e+02 2.377e+02 124 2 4 5.295e+02 5.625e+02 307 2 3 2.847e+00 3.915e+01 337 2 2 2.001e+02 2.199e+02 184 3 4 3.870e+01 4.530e+01 61
