32371 0
32372 1 0 4 4.970e+02 5.110e+02 130
32373 12 0 4 6.299e+02 6.301e+02 1 0 2 5.421e+02 5.499e+02 72 0 1 6.045e+02 6.135e+02 84 0 2 6.670e+02 6.770e+02 92 0 2 6.175e+02 6.425e+02 231 0 3 5.539e+02 5.801e+02 244 0 3 5.888e+02 6.292e+02 376 0 3 6.318e+02 6.702e+02 357 0 1 5.065e+02 5.435e+02 344 2 3 1.002e+02 1.098e+02 89 2 2 6.737e+01 1.006e+02 309 2 4 7.038e+01 9.762e+01 253
32374 6 0 1 6.046e+02 6.134e+02 81 0 4 6.717e+02 6.723e+02 6 0 3 6.088e+02 6.092e+02 3 0 1 6.378e+02 6.642e+02 246 0 2 6.145e+02 6.455e+02 288 0 4 6.191e+02 6.409e+02 202
32375 0
32376 20 0 1 6.477e+02 6.543e+02 62 0 4 5.852e+02 5.908e+02 52 0 3 6.454e+02 6.566e+02 105 0 1 5.500e+02 5.840e+02 316 0 3 5.959e+02 6.221e+02 243 0 2 6.676e+02 6.764e+02 81 0 2 6.588e+02 6.852e+02 245 0 4 6.561e+02 6.879e+02 295 1 1 6.079e+02 6.101e+02 20 1 4 6.256e+02 6.344e+02 81 1 3 6.008e+02 6.172e+02 151 2 1 3.150e+02 3.150e+02 -2 2 4 2.939e+02 2.941e+02 1 2 3 1.846e+01 2.354e+01 47 2 3 3.055e+02 3.245e+02 177 2 4 4.193e+01 4.207e+01 1 2 2 2.758e+02 3.122e+02 338 2 3 6.028e+01 6.572e+01 50 2 2 3.461e+01 4.939e+01 137 2 3 5.762e+00 3.624e+01 283
32380 5 0 2 6.612e+02 6.828e+02 200 2 1 1.445e+02 1.495e+02 47 2 4 1.182e+02 1.338e+02 145 2 3 1.398e+02 1.542e+02 134 2 2 1.150e+02 1.370e+02 205
32381 3 1 1 6.003e+02 6.177e+02 162 1 1 4.692e+02 4.968e+02 256 1 4 5.746e+02 6.014e+02 250
32382 14 0 2 6.652e+02 6.788e+02 126 0 4 6.684e+02 6.756e+02 66 0 4 3.637e+02 3.923e+02 265 0 1 6.422e+02 6.598e+02 164 2 4 3.337e+02 3.383e+02 43 2 4 1.656e+02 1.704e+02 44 2 4 1.223e+02 1.297e+02 69 2 1 1.384e+02 1.556e+02 160 2 4 3.195e+02 3.525e+02 307 2 4 3.295e+01 5.105e+01 168 2 3 1.370e+02 1.570e+02 186 2 2 1.068e+02 1.452e+02 357 2 3 1.761e+02 2.019e+02 240 2 1 1.313e+02 1.627e+02 292
32384 13 0 1 1.874e+02 1.906e+02 29 0 1 6.085e+02 6.095e+02 9 0 3 2.285e+02 2.335e+02 46 0 2 5.029e+02 5.051e+02 20 0 4 3.780e+02 3.780e+02 -4 0 4 3.351e+02 3.369e+02 17 0 4 6.683e+02 6.757e+02 68 0 4 2.366e+02 2.674e+02 286 0 4 4.942e+02 5.138e+02 181 0 3 5.153e+02 5.347e+02 180 0 4 6.149e+02 6.451e+02 280 0 1 4.688e+02 4.972e+02 264 1 1 5.624e+02 5.716e+02 86
32385 9 0 2 2.926e+02 2.954e+02 26 0 4 3.306e+02 3.414e+02 100 0 3 2.577e+02 2.883e+02 284 0 2 3.184e+02 3.536e+02 327 1 1 3.561e+02 3.579e+02 17 2 3 1.945e+01 2.255e+01 29 2 4 2.081e+02 2.119e+02 36 2 1 1.142e+01 3.058e+01 178 2 2 2.694e+01 5.706e+01 280
32387 7 0 2 6.245e+02 6.355e+02 101 0 2 6.095e+02 6.505e+02 381 1 4 4.089e+02 4.311e+02 206 1 4 6.141e+02 6.459e+02 296 1 4 3.603e+02 3.957e+02 329 2 1 1.829e+02 1.951e+02 113 2 4 1.211e+02 1.309e+02 91
32388 2 2 2 3.892e+01 4.508e+01 57 2 2 1.174e+02 1.346e+02 159
32390 64 0 1 5.662e+02 5.678e+02 15 0 4 3.768e+02 3.792e+02 22 0 3 6.508e+02 6.512e+02 4 0 4 3.356e+02 3.364e+02 8 0 1 3.935e+02 4.045e+02 101 0 3 2.140e+02 2.480e+02 316 0 1 4.825e+02 4.835e+02 10 0 2 3.702e+02 3.858e+02 146 0 3 5.658e+02 5.682e+02 23 0 4 5.837e+02 5.923e+02 80 0 2 6.704e+02 6.736e+02 30 0 3 4.276e+02 4.544e+02 250 0 4 5.009e+02 5.071e+02 57 0 1 5.196e+02 5.304e+02 100 0 1 6.044e+02 6.136e+02 86 0 4 6.720e+02 6.720e+02 -3 0 3 4.775e+02 4.885e+02 101 0 2 5.411e+02 5.509e+02 90 0 3 6.024e+02 6.156e+02 122 0 1 6.500e+02 6.520e+02 18 0 4 4.906e+02 5.174e+02 250 0 2 6.192e+02 6.408e+02 200 0 2 4.870e+02 5.210e+02 316 0 4 6.172e+02 6.428e+02 237 0 1 5.942e+02 6.238e+02 275 0 3 5.945e+02 6.235e+02 270 1 2 6.296e+02 6.304e+02 8 1 4 4.936e+02 5.144e+02 194 1 1 5.495e+02 5.845e+02 326 1 1 6.078e+02 6.102e+02 23 1 3 5.533e+02 5.807e+02 254 1 3 6.067e+02 6.113e+02 43 1 2 5.749e+02 6.011e+02 243 2 4 6.674e+02 6.766e+02 86 2 4 2.488e+02 2.552e+02 59 2 3 2.673e+02 2.787e+02 106 2 3 5.150e+02 5.350e+02 186 2 1 2.034e+01 2.166e+01 12 2 4 1.217e+02 1.303e+02 80 2 2 2.354e+02 2.686e+02 308 2 2 4.940e+02 5.140e+02 186 2 2 2.930e+02 2.950e+02 18 2 4 4.925e+02 5.155e+02 214 2 2 3.182e+02 3.538e+02 330 2 4 4.478e+02 4.762e+02 264 2 3 1.559e+01 2.641e+01 100 2 3 9.627e+01 1.137e+02 162 2 4 2.389e+02 2.651e+02 243 2 4 2.906e+02 2.974e+02 64 2 1 5.723e+01 6.877e+01 107 2 1 3.099e+02 3.201e+02 94 2 3 5.391e+01 7.209e+01 169 2 3 3.088e+02 3.212e+02 116 2 2 3.430e+01 4.970e+01 143 2 1 2.685e+02 2.775e+02 84 2 3 5.940e+00 3.606e+01 280 3 2 1.657e+02 1.703e+02 42 3 3 5.974e+01 6.626e+01 60 3 3 1.332e+02 1.608e+02 256 3 3 1.653e+01 2.547e+01 83 3 4 1.496e+02 1.864e+02 342 3 3 5.211e+01 7.389e+01 202 3 4 1.090e+02 1.430e+02 316 3 1 1.656e+02 2.124e+02 435
32392 11 2 3 6.118e+01 6.482e+01 34 2 4 8.137e+01 8.663e+01 49 2 2 2.902e+02 2.978e+02 71 2 2 3.726e+01 4.674e+01 88 2 2 7.697e+01 9.103e+01 130 2 3 2.649e+02 2.811e+02 150 2 4 3.838e+01 4.562e+01 67 2 3 8.729e+01 1.227e+02 329 2 4 2.840e+02 3.040e+02 186 2 1 5.306e+01 7.294e+01 185 2 3 5.050e+01 7.550e+01 232
32393 0
32396 11 0 2 6.259e+02 6.341e+02 76 0 2 6.717e+02 6.723e+02 6 0 4 6.289e+02 6.311e+02 21 0 1 5.981e+02 6.199e+02 202 0 1 6.368e+02 6.652e+02 264 0 3 5.956e+02 6.224e+02 248 0 3 6.341e+02 6.679e+02 315 0 2 6.590e+02 6.850e+02 240 2 3 1.604e+01 2.596e+01 92 2 2 3.412e+01 4.988e+01 146 2 4 2.806e+01 5.594e+01 259
32398 3 2 4 7.634e+01 9.166e+01 142 2 3 4.506e+00 3.749e+01 306 2 1 3.429e+00 3.857e+01 326
32400 1 0 2 5.413e+02 5.507e+02 87
32403 23 2 1 3.956e+02 4.024e+02 64 2 4 5.877e+02 5.883e+02 6 2 3 3.941e+02 4.039e+02 90 2 1 6.007e+02 6.173e+02 155 2 4 4.082e+02 4.318e+02 220 2 4 1.801e+01 6.599e+01 446 2 2 4.478e+02 4.762e+02 264 2 2 1.658e+01 6.742e+01 472 2 3 5.522e+02 5.818e+02 276 2 2 4.045e+02 4.355e+02 287 3 4 4.611e+02 4.629e+02 17 3 3 5.231e+02 5.269e+02 35 3 2 4.600e+02 4.640e+02 37 3 2 5.458e+02 5.462e+02 3 3 3 4.777e+02 4.883e+02 98 3 2 5.012e+02 5.068e+02 51 3 3 4.239e+02 4.581e+02 318 3 1 5.513e+02 5.827e+02 292 3 4 5.020e+02 5.060e+02 38 3 1 5.136e+02 5.364e+02 212 3 3 5.083e+02 5.417e+02 310 3 1 4.671e+02 4.989e+02 295 3 3 4.675e+02 4.985e+02 288
32404 14 2 1 6.437e+02 6.583e+02 136 2 3 6.440e+02 6.580e+02 130 2 1 3.812e+02 4.168e+02 330 2 4 3.349e+01 5.051e+01 158 2 2 6.575e+02 6.865e+02 269 2 4 6.573e+02 6.867e+02 274 3 4 4.160e+02 4.240e+02 74 3 3 3.110e+02 3.190e+02 74 3 1 4.374e+02 4.446e+02 67 3 2 4.128e+02 4.272e+02 133 3 1 2.951e+02 3.349e+02 370 3 1 3.368e+02 3.772e+02 375 3 3 4.287e+02 4.533e+02 229 3 2 4.518e+02 4.722e+02 189
32405 2 0 3 5.904e+02 6.276e+02 346 0 1 5.851e+02 6.329e+02 443
32406 39 0 3 4.410e+02 4.410e+02 -20 0 1 6.040e+02 6.140e+02 93 0 4 4.959e+02 5.121e+02 151 0 3 6.081e+02 6.099e+02 16 0 4 4.058e+02 4.342e+02 263 0 4 6.236e+02 6.364e+02 120 0 2 6.564e+02 6.876e+02 290 0 2 6.209e+02 6.391e+02 169 0 4 6.547e+02 6.893e+02 322 1 3 6.090e+02 6.090e+02 -19 1 3 5.557e+02 5.783e+02 210 1 2 6.257e+02 6.343e+02 80 1 4 6.300e+02 6.300e+02 -17 1 2 6.153e+02 6.447e+02 274 2 2 1.678e+02 1.682e+02 3 2 4 5.460e+02 5.460e+02 -20 2 4 2.100e+02 2.100e+02 -10 2 4 4.197e+02 4.203e+02 5 2 4 3.769e+02 3.791e+02 20 2 3 2.057e+01 2.143e+01 8 2 3 4.400e+02 4.420e+02 19 2 3 9.950e+01 1.105e+02 102 2 3 5.547e+02 5.793e+02 228 2 3 1.392e+02 1.548e+02 145 2 2 2.063e+02 2.137e+02 68 2 4 2.887e+02 2.993e+02 99 2 4 3.338e+02 3.382e+02 40 2 1 1.321e+01 2.879e+01 145 2 1 1.755e+02 2.025e+02 251 2 3 2.232e+02 2.388e+02 145 2 4 3.642e+02 3.918e+02 257 2 2 3.789e+01 4.611e+01 76 2 4 1.107e+02 1.413e+02 284 2 4 1.533e+02 1.827e+02 274 2 1 2.149e+02 2.471e+02 300 2 2 2.726e+01 5.674e+01 274 2 2 2.377e+02 2.663e+02 265 3 4 2.941e+01 5.459e+01 234 3 2 6.840e+01 9.960e+01 290
32407 10 2 1 5.458e+01 7.142e+01 156 2 3 5.297e+01 7.303e+01 186 2 2 2.376e+01 6.024e+01 339 3 3 3.983e+02 3.997e+02 12 3 4 5.451e+02 5.469e+02 17 3 2 3.752e+02 3.808e+02 52 3 1 3.970e+02 4.010e+02 37 3 1 5.220e+02 5.280e+02 56 3 4 4.043e+02 4.357e+02 291 3 2 5.386e+02 5.534e+02 137
32408 4 0 4 3.760e+02 3.800e+02 38 2 3 6.163e+01 6.437e+01 26 2 2 8.263e+01 8.537e+01 26 2 4 2.663e+01 5.737e+01 286
32409 10 0 2 6.545e+02 6.895e+02 325 0 4 6.562e+02 6.878e+02 294 2 3 2.303e+02 2.317e+02 12 2 2 2.919e+02 2.961e+02 40 2 4 2.008e+02 2.192e+02 170 2 4 2.922e+02 2.958e+02 34 2 3 1.712e+02 2.068e+02 330 2 1 2.964e+02 3.336e+02 346 2 3 2.989e+02 3.311e+02 299 3 3 8.703e+01 1.230e+02 334
32411 2 2 2 1.028e+02 1.492e+02 430 2 4 1.008e+02 1.512e+02 467
32412 0
32414 4 0 1 1.761e+01 2.439e+01 63 0 3 1.608e+01 2.592e+01 91 3 1 4.388e+02 4.432e+02 41 3 2 4.038e+02 4.362e+02 301
32415 18 2 1 5.662e+02 5.678e+02 16 2 3 2.248e+02 2.372e+02 116 2 4 5.433e+02 5.487e+02 50 2 2 5.315e+02 5.605e+02 270 2 4 2.332e+02 2.708e+02 350 2 3 2.636e+02 2.824e+02 176 2 3 5.552e+02 5.788e+02 219 2 3 2.125e+02 2.495e+02 343 3 1 2.709e+02 2.751e+02 39 3 1 3.970e+02 4.010e+02 38 3 3 3.983e+02 3.997e+02 12 3 1 4.340e+02 4.480e+02 130 3 4 3.622e+02 3.938e+02 294 3 2 4.138e+02 4.262e+02 116 3 1 3.822e+02 4.158e+02 312 3 4 4.123e+02 4.277e+02 143 3 3 4.319e+02 4.501e+02 169 3 4 4.013e+02 4.387e+02 347
32416 13 0 1 6.495e+02 6.525e+02 27 0 2 5.459e+02 5.461e+02 2 0 4 3.729e+02 3.831e+02 94 0 2 6.294e+02 6.306e+02 10 0 3 6.425e+02 6.595e+02 157 0 4 6.631e+02 6.809e+02 165 0 2 6.581e+02 6.859e+02 259 1 1 5.519e+02 5.821e+02 280 2 4 7.908e+01 8.892e+01 91 2 1 1.808e+02 1.972e+02 153 2 3 9.281e+01 1.172e+02 226 2 2 6.535e+01 1.026e+02 346 2 2 3.977e+02 4.423e+02 415
32417 1 0 4 3.732e+02 3.828e+02 90
32418 0
32419 1 2 1 1.895e+01 2.305e+01 38
32420 0
32424 1 0 4 5.642e+02 6.118e+02 442
32426 15 0 2 6.711e+02 6.729e+02 17 0 1 6.354e+02 6.666e+02 289 0 4 6.576e+02 6.864e+02 268 2 4 1.680e+02 1.680e+02 -0 2 4 2.929e+02 2.951e+02 20 2 4 5.033e+02 5.047e+02 14 2 4 2.052e+02 2.148e+02 89 2 3 5.196e+02 5.304e+02 100 2 2 2.863e+02 3.017e+02 143 2 2 5.414e+02 5.506e+02 86 2 3 3.052e+02 3.248e+02 181 2 4 4.424e+02 4.816e+02 365 2 4 2.833e+02 3.047e+02 199 2 3 2.980e+02 3.320e+02 316 2 1 2.535e+02 2.925e+02 361
32427 0
