16017 1 1 1 3.130e+02 3.170e+02 36
16018 21 0 3 6.062e+02 6.118e+02 51 0 2 3.313e+02 3.407e+02 86 0 2 6.714e+02 6.726e+02 10 0 4 3.218e+02 3.502e+02 263 0 4 4.192e+02 4.208e+02 16 0 1 6.020e+02 6.160e+02 130 0 4 6.696e+02 6.744e+02 44 0 4 6.109e+02 6.491e+02 356 0 3 6.347e+02 6.673e+02 302 0 1 6.337e+02 6.683e+02 322 1 1 5.942e+02 6.238e+02 276 2 4 4.081e+01 4.319e+01 22 2 3 9.981e+01 1.102e+02 96 2 1 2.043e+01 2.157e+01 10 2 2 1.175e+02 1.345e+02 158 2 3 1.963e+01 2.237e+01 26 2 4 1.069e+02 1.451e+02 354 2 1 5.795e+01 6.805e+01 94 2 3 5.189e+01 7.411e+01 206 2 2 3.138e+01 5.262e+01 197 2 4 2.806e+01 5.594e+01 259
16020 8 0 4 6.714e+02 6.726e+02 10 0 3 6.473e+02 6.547e+02 70 0 2 6.151e+02 6.449e+02 276 0 1 6.446e+02 6.574e+02 119 0 4 6.121e+02 6.479e+02 332 0 2 6.555e+02 6.885e+02 306 0 4 6.511e+02 6.929e+02 388 1 1 6.081e+02 6.099e+02 17
16022 15 0 3 6.300e+01 6.300e+01 -1 0 3 4.815e+02 4.845e+02 27 0 2 6.259e+02 6.341e+02 76 0 1 4.736e+02 4.924e+02 176 0 4 7.038e+01 9.762e+01 253 0 3 6.455e+02 6.565e+02 103 0 4 4.919e+02 5.161e+02 224 0 4 6.606e+02 6.834e+02 211 0 2 4.431e+02 4.809e+02 351 1 3 5.663e+02 5.677e+02 13 1 3 6.072e+02 6.108e+02 34 1 3 5.160e+02 5.340e+02 167 1 3 5.492e+02 5.848e+02 330 1 2 4.888e+02 5.192e+02 282 2 1 2.443e+00 3.956e+01 345
16023 3 2 2 2.933e+02 2.947e+02 12 2 4 2.886e+02 2.994e+02 100 2 3 3.015e+02 3.285e+02 251
16024 2 2 4 2.912e+02 2.968e+02 51 3 1 6.074e+02 6.106e+02 29
16025 7 0 2 6.663e+02 6.777e+02 106 0 4 6.669e+02 6.771e+02 94 1 2 4.110e+02 4.290e+02 166 1 2 5.854e+02 5.906e+02 48 1 4 5.828e+02 5.932e+02 97 1 1 5.497e+02 5.843e+02 321 3 1 1.191e+01 3.009e+01 169
16026 0
16027 0
16029 12 0 2 6.711e+02 6.729e+02 16 0 3 5.993e+02 6.187e+02 180 0 2 6.202e+02 6.398e+02 182 0 4 6.204e+02 6.396e+02 178 1 3 5.654e+02 5.686e+02 30 1 4 5.697e+02 6.063e+02 340 2 4 4.200e+01 4.200e+01 -11 2 1 1.423e+02 1.517e+02 88 2 1 5.243e+02 5.257e+02 14 2 2 3.892e+01 4.508e+01 57 2 1 4.709e+01 7.891e+01 296 2 3 4.547e+01 8.053e+01 326
16032 17 0 3 3.974e+02 4.006e+02 29 0 3 6.487e+02 6.533e+02 43 0 4 5.783e+02 5.977e+02 180 0 3 6.478e+00 3.552e+01 270 0 2 6.708e+02 6.732e+02 21 0 3 5.901e+02 6.279e+02 350 0 4 3.608e+02 3.952e+02 320 0 4 6.707e+02 6.733e+02 24 0 2 6.128e+02 6.472e+02 320 0 1 6.460e+02 6.560e+02 92 0 2 6.599e+02 6.841e+02 224 0 4 6.523e+02 6.917e+02 366 0 1 6.315e+02 6.705e+02 363 1 4 4.602e+02 4.638e+02 33 1 2 6.192e+02 6.408e+02 200 1 2 1.548e+02 1.812e+02 246 1 2 6.104e+02 6.496e+02 365
16033 0
16035 16 0 1 6.469e+02 6.551e+02 76 0 3 6.461e+02 6.559e+02 90 0 4 6.582e+02 6.858e+02 257 1 2 6.108e+02 6.492e+02 357 2 1 5.593e+01 7.007e+01 131 2 3 5.539e+01 7.061e+01 141 2 1 1.278e+02 1.662e+02 356 2 2 2.901e+01 5.499e+01 241 2 4 2.977e+01 5.423e+01 227 3 4 4.153e+01 4.247e+01 9 3 1 1.854e+02 1.926e+02 66 3 1 1.348e+01 2.852e+01 140 3 2 2.990e+01 5.410e+01 225 3 3 1.478e+01 2.722e+01 116 3 4 2.802e+01 5.598e+01 260 3 3 5.050e+01 7.550e+01 232
16036 57 0 2 6.297e+02 6.303e+02 5 0 2 6.717e+02 6.723e+02 6 0 1 4.399e+02 4.421e+02 20 0 2 3.708e+02 3.852e+02 134 0 4 5.026e+02 5.054e+02 26 0 4 3.595e+02 3.965e+02 343 0 1 5.234e+02 5.266e+02 30 0 4 6.288e+02 6.312e+02 21 0 4 3.184e+02 3.536e+02 327 0 4 6.700e+02 6.740e+02 37 0 1 3.948e+02 4.032e+02 78 0 4 4.582e+02 4.658e+02 70 0 3 5.225e+02 5.275e+02 46 0 1 6.018e+02 6.162e+02 133 0 1 6.507e+02 6.513e+02 6 0 3 3.907e+02 4.073e+02 155 0 2 4.993e+02 5.087e+02 86 0 1 5.597e+02 5.743e+02 136 0 3 6.028e+02 6.152e+02 116 0 3 6.505e+02 6.515e+02 10 0 1 4.324e+02 4.496e+02 160 0 2 4.514e+02 4.726e+02 196 0 3 5.575e+02 5.765e+02 177 0 4 5.778e+02 5.982e+02 190 0 3 4.293e+02 4.527e+02 218 0 3 5.072e+02 5.428e+02 330 0 3 5.934e+02 6.246e+02 290 0 1 3.845e+02 4.135e+02 270 1 3 5.646e+02 5.694e+02 44 1 2 6.284e+02 6.316e+02 30 1 3 4.807e+02 4.853e+02 43 1 2 5.853e+02 5.907e+02 50 1 4 6.299e+02 6.301e+02 2 1 4 5.867e+02 5.893e+02 25 1 1 6.079e+02 6.101e+02 20 1 1 5.092e+02 5.408e+02 294 1 1 5.644e+02 5.696e+02 49 1 3 6.077e+02 6.103e+02 24 1 4 5.720e+02 6.040e+02 296 2 1 3.956e+02 4.024e+02 64 2 1 3.063e+02 3.237e+02 161 2 3 4.797e+02 4.863e+02 62 2 3 1.339e+01 2.861e+01 141 2 3 5.218e+02 5.282e+02 60 2 3 6.065e+02 6.115e+02 46 2 2 3.594e+02 3.966e+02 345 2 4 4.534e+02 4.706e+02 160 2 3 5.597e+02 5.743e+02 136 2 4 6.557e+02 6.883e+02 303 2 2 4.867e+02 5.213e+02 321 2 3 5.138e+02 5.362e+02 208 2 4 4.473e+02 4.767e+02 274 2 3 5.511e+02 5.829e+02 296 3 4 1.666e+02 1.694e+02 26 3 4 1.583e+02 1.777e+02 180 3 4 4.477e+02 4.763e+02 266 3 4 1.476e+02 1.884e+02 378
16037 0
16039 0
16040 18 0 3 3.961e+02 4.019e+02 55 0 2 3.724e+02 3.836e+02 105 0 2 6.586e+02 6.854e+02 250 0 1 3.844e+02 4.136e+02 270 0 4 6.570e+02 6.870e+02 279 0 4 4.034e+02 4.366e+02 309 1 3 4.827e+02 4.833e+02 6 1 4 6.282e+02 6.318e+02 34 1 2 4.617e+02 4.623e+02 6 1 4 5.034e+02 5.046e+02 10 1 1 6.017e+02 6.163e+02 135 1 2 6.205e+02 6.395e+02 176 1 4 6.125e+02 6.475e+02 325 2 3 1.657e+01 2.543e+01 82 2 1 1.115e+01 3.085e+01 183 2 2 2.999e+01 5.401e+01 223 2 4 2.349e+01 6.051e+01 344 2 3 1.228e+00 4.077e+01 367
16041 0
16042 0
16043 11 0 3 6.055e+02 6.125e+02 66 0 1 6.426e+02 6.594e+02 156 0 4 4.599e+02 4.641e+02 39 0 4 5.812e+02 5.948e+02 126 0 4 5.016e+02 5.064e+02 44 0 1 6.014e+02 6.166e+02 141 0 4 4.520e+02 4.720e+02 186 1 1 2.730e+02 2.730e+02 -24 1 1 5.947e+02 6.233e+02 265 1 4 6.132e+02 6.468e+02 312 2 3 1.334e+01 2.866e+01 142
16044 18 0 2 3.262e+02 3.458e+02 181 0 1 2.998e+02 3.302e+02 281 0 3 5.062e+02 5.438e+02 349 0 4 3.248e+02 3.472e+02 207 0 4 6.104e+02 6.496e+02 364 0 2 3.155e+02 3.565e+02 381 0 3 6.242e+02 6.778e+02 497 0 4 3.110e+02 3.610e+02 464 0 4 6.466e+02 6.974e+02 471 1 2 5.854e+02 5.906e+02 49 1 1 5.938e+02 6.242e+02 281 2 2 1.176e+02 1.344e+02 156 2 1 1.380e+02 1.560e+02 166 2 1 3.608e+00 3.839e+01 323 2 3 1.338e+02 1.602e+02 246 2 3 -2.810e+00 4.481e+01 442 2 2 2.142e+01 6.258e+01 382 2 1 3.690e+01 8.910e+01 485
16045 5 0 4 6.703e+02 6.737e+02 32 0 1 6.487e+02 6.533e+02 42 0 3 6.385e+02 6.635e+02 233 0 2 6.572e+02 6.868e+02 276 1 2 1.260e+02 1.260e+02 -8
16046 2 0 4 4.600e+02 4.640e+02 38 0 3 4.347e+02 4.473e+02 117
16047 1 0 1 6.510e+02 6.510e+02 -14
16048 98 0 1 4.806e+02 4.854e+02 45 0 2 2.100e+02 2.100e+02 -4 0 3 5.241e+02 5.259e+02 16 0 1 3.112e+02 3.188e+02 71 0 4 5.877e+02 5.883e+02 6 0 1 3.549e+02 3.591e+02 40 0 3 6.491e+02 6.529e+02 36 0 4 7.666e+01 9.134e+01 136 0 1 4.368e+02 4.452e+02 78 0 4 2.040e+02 2.160e+02 111 0 2 4.585e+02 4.655e+02 65 0 4 3.735e+02 3.825e+02 83 0 1 5.637e+02 5.703e+02 61 0 1 2.985e+02 3.315e+02 307 0 1 6.074e+02 6.106e+02 29 0 2 3.328e+02 3.392e+02 59 0 2 6.709e+02 6.731e+02 21 0 2 3.646e+02 3.914e+02 248 0 1 3.974e+02 4.006e+02 30 0 1 3.449e+02 3.691e+02 225 0 4 4.565e+02 4.675e+02 102 0 4 3.619e+02 3.941e+02 300 0 3 5.659e+02 5.681e+02 20 0 3 6.062e+02 6.118e+02 51 0 4 6.720e+02 6.720e+02 -4 0 3 3.951e+02 4.029e+02 73 0 4 4.442e+02 4.798e+02 330 0 1 5.186e+02 5.314e+02 119 0 2 6.284e+02 6.316e+02 29 0 1 6.495e+02 6.525e+02 27 0 4 4.095e+02 4.305e+02 196 0 2 4.889e+02 5.191e+02 281 0 2 5.268e+02 5.652e+02 357 0 4 6.291e+02 6.309e+02 17 0 3 4.301e+02 4.519e+02 202 0 1 4.631e+02 5.029e+02 369 0 1 5.515e+02 5.825e+02 288 0 1 4.223e+02 4.597e+02 348 0 3 5.477e+02 5.863e+02 359 0 1 3.803e+02 4.177e+02 348 0 3 5.049e+02 5.451e+02 373 1 4 4.197e+02 4.203e+02 6 1 1 5.665e+02 5.675e+02 10 1 1 6.088e+02 6.092e+02 4 1 3 4.807e+02 4.853e+02 43 1 3 5.651e+02 5.689e+02 35 1 3 6.083e+02 6.097e+02 14 1 2 5.870e+02 5.890e+02 19 1 2 6.295e+02 6.305e+02 9 1 4 4.853e+02 5.227e+02 348 1 4 5.860e+02 5.900e+02 38 1 4 6.295e+02 6.305e+02 9 1 2 5.377e+02 5.543e+02 154 1 4 5.360e+02 5.560e+02 186 1 4 5.765e+02 5.995e+02 213 1 2 5.299e+02 5.621e+02 299 2 4 1.679e+02 1.681e+02 2 2 3 2.290e+02 2.330e+02 36 2 4 4.198e+02 4.202e+02 3 2 1 6.239e+01 6.361e+01 11 2 4 5.026e+02 5.054e+02 26 2 4 1.215e+02 1.305e+02 84 2 2 5.446e+02 5.474e+02 26 2 1 1.884e+02 1.896e+02 11 2 2 5.872e+02 5.888e+02 16 2 4 2.053e+02 2.147e+02 88 2 4 6.642e+02 6.798e+02 146 2 2 2.892e+02 2.988e+02 90 2 4 3.663e+02 3.897e+02 218 2 1 4.392e+02 4.428e+02 34 2 1 1.631e+01 2.569e+01 87 2 4 4.595e+02 4.645e+02 47 2 4 7.962e+01 8.838e+01 81 2 3 5.163e+02 5.337e+02 161 2 2 1.651e+02 1.709e+02 53 2 3 4.330e+02 4.490e+02 148 2 1 3.116e+02 3.184e+02 63 2 3 4.796e+02 4.864e+02 63 2 4 3.592e+02 3.968e+02 349 2 4 5.344e+02 5.576e+02 216 2 3 2.097e+01 2.103e+01 0 2 4 4.077e+02 4.323e+02 228 2 3 1.775e+02 2.005e+02 213 2 2 4.907e+02 5.173e+02 246 2 2 1.936e+02 2.264e+02 305 2 3 5.493e+02 5.847e+02 329 2 3 2.646e+02 2.814e+02 156 2 3 4.231e+02 4.589e+02 333 2 2 4.054e+01 4.346e+01 27 2 3 3.808e+02 4.172e+02 337 2 3 1.358e+02 1.582e+02 208 2 4 3.874e+01 4.526e+01 60 2 2 1.530e+02 1.830e+02 279 2 1 4.012e+00 3.799e+01 316 2 4 1.548e+02 1.812e+02 246 2 2 2.322e+01 6.078e+01 349 2 1 1.283e+02 1.657e+02 348 3 2 3.156e+01 5.244e+01 194
16049 20 0 1 5.647e+02 5.693e+02 42 0 1 3.959e+02 4.021e+02 58 0 1 1.839e+02 1.941e+02 96 0 4 5.011e+02 5.069e+02 55 0 4 2.076e+02 2.124e+02 44 0 3 3.957e+02 4.023e+02 61 0 3 1.764e+02 2.016e+02 234 0 1 4.812e+02 4.848e+02 33 0 1 2.301e+02 2.319e+02 16 0 1 5.476e+02 5.864e+02 360 0 2 3.600e+02 3.960e+02 334 0 4 4.151e+02 4.249e+02 91 0 4 2.430e+02 2.610e+02 166 0 2 4.955e+02 5.125e+02 157 0 2 2.402e+02 2.638e+02 219 0 1 5.058e+02 5.442e+02 357 0 3 2.125e+02 2.495e+02 344 0 3 4.640e+02 5.020e+02 352 1 4 5.872e+02 5.888e+02 15 1 4 5.266e+02 5.654e+02 360
16050 0
