17717 2 3 4 3.271e+02 3.449e+02 165 3 1 3.808e+02 4.172e+02 337
17718 0
17719 0
17720 0
17721 1 0 4 1.923e+02 2.277e+02 329
17722 5 2 2 2.070e+02 2.130e+02 56 2 1 1.714e+02 2.066e+02 327 2 3 2.193e+02 2.427e+02 216 2 4 1.970e+02 2.230e+02 242 3 1 3.984e+02 3.996e+02 10
17723 0
17724 9 0 4 4.608e+02 4.632e+02 22 1 1 6.070e+02 6.110e+02 38 1 2 5.851e+02 5.909e+02 54 2 3 6.494e+02 6.526e+02 29 2 3 1.877e+02 1.903e+02 24 2 3 1.319e+02 1.621e+02 280 2 4 5.723e+02 6.037e+02 292 2 3 6.364e+02 6.656e+02 270 3 1 1.859e+01 2.341e+01 45
17725 4 0 3 5.966e+02 6.214e+02 230 2 4 4.064e+02 4.336e+02 253 2 4 2.082e+02 2.118e+02 33 3 1 1.541e+01 2.659e+01 104
17726 18 1 2 5.339e+02 5.581e+02 224 2 3 1.030e+02 1.070e+02 37 2 3 5.238e+02 5.262e+02 22 2 3 1.436e+02 1.504e+02 63 2 1 2.248e+02 2.372e+02 116 2 4 2.907e+02 2.973e+02 62 2 4 4.963e+02 5.117e+02 144 2 1 1.406e+02 1.534e+02 120 2 1 3.100e+02 3.200e+02 92 2 2 4.904e+02 5.176e+02 252 2 3 4.920e+01 7.680e+01 256 2 4 6.392e+01 1.041e+02 373 2 2 1.495e+02 1.865e+02 344 2 3 3.009e+02 3.291e+02 261 2 2 2.777e+02 3.103e+02 302 3 1 1.837e+01 2.363e+01 49 3 2 3.695e+01 4.705e+01 94 3 2 6.849e+01 9.951e+01 288
17727 7 0 1 6.433e+02 6.587e+02 143 0 3 6.428e+02 6.592e+02 152 0 4 6.610e+02 6.830e+02 204 0 2 6.599e+02 6.841e+02 226 2 3 1.810e+01 2.390e+01 54 2 2 4.063e+01 4.337e+01 26 2 1 9.039e+00 3.296e+01 222
17728 3 0 3 5.636e+02 5.704e+02 64 0 2 5.334e+02 5.586e+02 235 0 1 5.562e+02 5.778e+02 200
17729 9 2 1 5.207e+02 5.293e+02 80 3 2 4.191e+02 4.209e+02 17 3 3 4.797e+02 4.863e+02 62 3 1 3.878e+02 4.102e+02 207 3 1 4.755e+02 4.905e+02 140 3 3 4.319e+02 4.501e+02 169 3 2 4.478e+02 4.762e+02 263 3 4 4.444e+02 4.796e+02 327 3 4 4.018e+02 4.382e+02 339
17730 5 0 2 6.714e+02 6.726e+02 10 1 1 6.079e+02 6.101e+02 20 1 2 6.286e+02 6.314e+02 26 1 4 6.175e+02 6.425e+02 231 2 3 6.055e+01 6.545e+01 46
17731 0
17732 3 0 2 5.206e+02 5.714e+02 472 2 3 7.810e+01 1.319e+02 500 2 2 1.005e+02 1.515e+02 473
17733 13 0 1 6.494e+02 6.526e+02 30 0 3 5.986e+02 6.194e+02 194 0 3 6.446e+02 6.574e+02 120 0 4 5.747e+02 6.013e+02 247 0 4 6.602e+02 6.838e+02 219 0 1 5.947e+02 6.233e+02 265 0 2 6.541e+02 6.899e+02 333 2 3 2.100e+01 2.100e+01 -1 2 4 4.570e+02 4.670e+02 92 2 4 4.177e+02 4.223e+02 42 2 4 1.554e+02 1.806e+02 234 2 3 4.802e+02 4.858e+02 52 2 2 5.001e+02 5.079e+02 72
17734 0
17735 19 0 1 3.971e+02 4.009e+02 36 0 1 1.050e+02 1.050e+02 -3 0 2 1.235e+02 1.284e+02 46 0 3 3.941e+02 4.039e+02 90 0 4 4.079e+02 4.321e+02 225 0 3 9.546e+01 1.145e+02 177 2 4 4.619e+02 4.621e+02 1 2 4 3.296e+02 3.424e+02 118 2 1 4.823e+02 4.837e+02 14 2 3 1.887e+01 2.313e+01 40 2 3 5.213e+02 5.287e+02 69 2 3 2.690e+02 2.770e+02 75 2 4 5.016e+02 5.064e+02 44 2 2 3.219e+01 5.181e+01 182 2 3 4.731e+02 4.929e+02 184 2 4 2.374e+02 2.666e+02 271 2 3 2.951e+02 3.349e+02 369 2 2 4.441e+02 4.799e+02 332 2 1 4.866e+00 3.713e+01 300
17736 5 0 3 2.251e+02 2.369e+02 110 0 4 2.009e+02 2.191e+02 169 0 3 2.165e+02 2.455e+02 270 0 2 6.529e+02 6.911e+02 354 2 4 8.178e+01 8.622e+01 41
17737 0
17738 8 1 2 5.019e+02 5.061e+02 40 1 4 5.457e+02 5.463e+02 6 1 3 5.233e+02 5.267e+02 31 1 4 3.177e+02 3.543e+02 340 1 1 4.735e+02 4.925e+02 176 2 4 2.065e+02 2.135e+02 65 2 4 1.508e+02 1.852e+02 320 3 2 4.200e+01 4.200e+01 -0
17739 49 0 1 5.637e+02 5.703e+02 61 0 2 5.034e+02 5.046e+02 11 0 1 5.243e+02 5.257e+02 12 0 4 5.866e+02 5.894e+02 26 0 4 5.003e+02 5.077e+02 70 0 3 5.563e+02 5.777e+02 199 0 1 4.677e+02 4.983e+02 285 0 1 5.181e+02 5.319e+02 129 0 3 5.125e+02 5.375e+02 233 0 2 5.324e+02 5.596e+02 252 0 3 5.063e+02 5.437e+02 348 1 2 6.217e+02 6.383e+02 154 1 4 4.543e+02 4.697e+02 143 2 2 3.775e+02 3.785e+02 9 2 3 6.194e+01 6.406e+01 20 2 3 5.245e+02 5.255e+02 10 2 4 8.056e+01 8.744e+01 64 2 4 4.176e+02 4.224e+02 44 2 3 1.885e+02 1.895e+02 9 2 4 4.517e+02 4.723e+02 192 2 2 2.100e+02 2.100e+02 -1 2 2 2.921e+02 2.959e+02 36 2 4 3.756e+02 3.804e+02 44 2 2 7.917e+01 8.883e+01 90 2 4 1.626e+02 1.734e+02 100 2 4 2.090e+02 2.110e+02 18 2 4 2.876e+02 3.004e+02 118 2 1 3.570e+02 3.570e+02 -4 2 4 3.129e+01 5.271e+01 199 2 1 1.420e+02 1.520e+02 93 2 1 2.290e+02 2.330e+02 37 2 1 3.125e+02 3.175e+02 46 2 3 3.503e+02 3.637e+02 124 2 1 1.745e+02 2.035e+02 269 2 4 1.981e+02 2.219e+02 221 2 3 2.656e+02 2.804e+02 137 2 4 3.271e+02 3.449e+02 166 2 3 1.756e+02 2.024e+02 248 2 3 2.179e+02 2.441e+02 244 2 1 3.012e+02 3.288e+02 256 2 2 3.682e+02 3.878e+02 181 2 1 1.320e+02 1.620e+02 278 2 2 1.954e+02 2.246e+02 270 2 3 2.993e+02 3.307e+02 292 2 3 3.369e+02 3.771e+02 373 2 2 2.792e+02 3.088e+02 276 2 4 2.749e+02 3.131e+02 354 3 1 1.024e+02 1.076e+02 48 3 1 8.949e+01 1.205e+02 288
17740 0
17741 0
17742 9 1 2 6.276e+02 6.324e+02 44 1 3 5.190e+02 5.310e+02 112 1 4 6.217e+02 6.383e+02 154 1 1 5.169e+02 5.331e+02 150 1 3 5.945e+02 6.235e+02 269 1 2 4.909e+02 5.171e+02 243 1 1 5.900e+02 6.280e+02 353 1 4 4.893e+02 5.187e+02 273 3 1 1.981e+01 2.219e+01 22
17743 22 2 1 1.885e+02 1.895e+02 10 2 1 2.303e+02 2.317e+02 14 2 2 5.031e+02 5.049e+02 16 2 2 1.605e+02 1.755e+02 139 2 4 4.609e+02 4.631e+02 20 2 4 2.063e+02 2.137e+02 68 2 3 5.167e+02 5.333e+02 154 2 3 2.655e+02 2.805e+02 139 2 3 4.764e+02 4.896e+02 122 2 2 7.137e+01 9.663e+01 235 2 4 1.599e+02 1.761e+02 151 2 3 2.273e+02 2.347e+02 70 2 2 2.806e+02 3.074e+02 248 2 3 4.660e+01 7.940e+01 305 2 4 7.195e+01 9.605e+01 224 2 1 1.756e+02 2.024e+02 249 2 2 2.479e+02 2.561e+02 76 2 4 2.786e+02 3.094e+02 286 2 3 1.695e+02 2.085e+02 363 2 4 1.942e+02 2.258e+02 293 2 1 2.541e+02 2.919e+02 350 2 2 1.924e+02 2.276e+02 327
17744 0
17745 34 0 1 6.489e+02 6.531e+02 40 0 2 1.663e+02 1.697e+02 32 0 1 5.658e+02 5.682e+02 23 0 2 1.555e+02 1.805e+02 233 0 4 5.864e+02 5.896e+02 29 0 4 3.620e+02 3.940e+02 296 0 2 6.693e+02 6.747e+02 50 0 4 1.488e+02 1.872e+02 357 0 4 5.005e+02 5.075e+02 65 0 3 5.606e+02 5.734e+02 120 0 2 6.289e+02 6.311e+02 20 0 4 6.718e+02 6.722e+02 4 0 1 4.743e+02 4.917e+02 162 0 4 6.280e+02 6.320e+02 38 0 3 6.430e+02 6.590e+02 149 0 2 4.946e+02 5.134e+02 174 0 4 5.784e+02 5.976e+02 179 0 1 6.363e+02 6.657e+02 274 0 1 5.968e+02 6.212e+02 226 0 3 6.344e+02 6.676e+02 308 0 2 6.125e+02 6.475e+02 326 1 3 2.275e+02 2.345e+02 66 1 2 6.214e+02 6.386e+02 160 2 3 1.967e+01 2.233e+01 25 2 2 1.642e+02 1.718e+02 70 2 2 3.524e+01 4.876e+01 126 2 4 1.611e+02 1.749e+02 129 2 1 7.108e+00 3.489e+01 258 2 1 1.839e+02 1.941e+02 94 2 3 1.277e+02 1.663e+02 358 3 3 3.948e+02 4.032e+02 79 3 1 3.913e+02 4.067e+02 144 3 2 4.049e+02 4.351e+02 280 3 4 4.043e+02 4.357e+02 291
17746 4 3 2 3.754e+02 3.806e+02 48 3 1 3.837e+02 4.143e+02 285 3 1 3.412e+02 3.728e+02 294 3 3 3.385e+02 3.755e+02 344
17747 1 1 3 4.794e+02 4.866e+02 67
17748 1 0 3 3.960e+02 4.020e+02 56
17749 3 0 3 5.244e+02 5.256e+02 10 0 1 2.543e+02 2.917e+02 348 1 3 5.218e+02 5.282e+02 59
17750 0
17751 0
17752 0
17753 5 0 3 2.720e+02 2.740e+02 18 0 1 2.671e+02 2.789e+02 110 0 2 2.339e+02 2.701e+02 336 0 4 2.787e+02 3.093e+02 285 2 3 2.728e+02 2.732e+02 3
17754 15 0 4 5.729e+02 6.031e+02 281 0 1 5.925e+02 6.255e+02 306 1 1 5.662e+02 5.678e+02 16 1 3 6.088e+02 6.092e+02 3 1 4 5.873e+02 5.887e+02 12 1 1 6.018e+02 6.162e+02 134 1 2 6.245e+02 6.355e+02 101 1 2 5.715e+02 6.045e+02 306 1 4 6.135e+02 6.465e+02 306 2 3 5.212e+02 5.288e+02 70 2 1 1.349e+02 1.591e+02 226 2 2 5.426e+02 5.494e+02 64 2 3 2.163e+02 2.457e+02 274 2 2 3.194e+02 3.526e+02 308 2 3 5.505e+02 5.835e+02 306
17755 19 0 1 5.714e+01 6.886e+01 109 1 4 5.411e+02 5.509e+02 90 2 4 3.772e+02 3.788e+02 16 2 2 4.171e+02 4.229e+02 55 2 2 1.247e+02 1.273e+02 25 2 2 2.062e+02 2.138e+02 70 2 1 4.363e+02 4.457e+02 87 2 2 7.908e+01 8.892e+01 91 2 3 3.883e+02 4.097e+02 200 2 3 1.800e+02 1.980e+02 166 2 1 2.302e+02 2.318e+02 16 2 1 4.285e+02 4.535e+02 233 2 2 3.610e+02 3.950e+02 316 2 4 7.890e+01 8.910e+01 95 2 1 1.336e+02 1.604e+02 248 2 3 1.033e+02 1.067e+02 31 2 4 1.525e+02 1.835e+02 288 2 4 1.105e+02 1.415e+02 287 2 3 8.586e+01 1.241e+02 356
17756 1 1 1 4.145e+02 4.675e+02 491
17757 43 0 1 6.499e+02 6.521e+02 20 0 3 6.507e+02 6.513e+02 6 0 2 3.719e+02 3.841e+02 113 0 3 3.881e+02 4.099e+02 202 0 4 3.667e+02 3.893e+02 210 0 1 5.156e+02 5.344e+02 175 0 2 6.130e+02 6.470e+02 316 0 2 6.706e+02 6.734e+02 26 0 1 3.846e+02 4.134e+02 268 0 4 6.141e+02 6.459e+02 295 0 4 6.687e+02 6.753e+02 60 0 1 5.935e+02 6.245e+02 287 0 1 6.371e+02 6.649e+02 259 0 3 6.363e+02 6.657e+02 274 0 4 6.533e+02 6.907e+02 347 1 4 6.296e+02 6.304e+02 8 1 2 5.876e+02 5.884e+02 7 1 1 6.064e+02 6.116e+02 49 1 1 5.651e+02 5.689e+02 35 1 3 6.082e+02 6.098e+02 16 1 2 5.792e+02 5.968e+02 163 1 2 6.234e+02 6.366e+02 122 1 4 5.812e+02 5.948e+02 127 1 4 5.711e+02 6.049e+02 314 2 4 6.272e+02 6.328e+02 51 2 2 2.506e+02 2.534e+02 26 2 2 6.708e+02 6.732e+02 22 2 3 1.101e+01 3.099e+01 186 2 2 1.228e+02 1.292e+02 59 2 1 6.491e+02 6.529e+02 36 2 3 2.212e+02 2.408e+02 182 2 2 6.130e+02 6.470e+02 316 2 1 2.576e+02 2.884e+02 286 2 3 6.464e+02 6.556e+02 86 2 4 1.243e+02 1.277e+02 31 2 1 1.370e+02 1.570e+02 186 2 4 2.363e+02 2.677e+02 292 2 4 8.061e+01 8.739e+01 63 2 1 1.273e+02 1.667e+02 366 2 3 9.353e+01 1.165e+02 213 2 2 7.172e+01 9.628e+01 228 2 3 8.657e+01 1.234e+02 342 3 4 7.859e+01 8.941e+01 100
17758 26 0 1 5.658e+02 5.682e+02 22 0 3 5.629e+02 5.711e+02 76 0 4 5.733e+02 6.027e+02 272 1 4 4.182e+02 4.218e+02 34 1 3 3.974e+02 4.006e+02 29 1 3 5.175e+02 5.325e+02 140 1 2 3.689e+02 3.871e+02 169 1 2 6.182e+02 6.418e+02 219 1 4 6.140e+02 6.460e+02 296 1 4 4.883e+02 5.197e+02 292 2 1 2.299e+02 2.321e+02 20 2 4 4.190e+02 4.210e+02 18 2 1 5.956e+01 6.644e+01 64 2 4 2.089e+02 2.111e+02 20 2 2 4.104e+02 4.296e+02 179 2 3 5.988e+01 6.612e+01 58 2 1 4.342e+02 4.478e+02 126 2 2 1.967e+02 2.233e+02 247 2 1 1.900e+01 2.300e+01 37 2 4 4.081e+02 4.319e+02 221 2 3 2.189e+02 2.431e+02 226 2 3 4.262e+02 4.558e+02 276 2 4 3.506e+01 4.894e+01 129 2 4 2.356e+02 2.684e+02 304 2 3 8.410e+00 3.359e+01 234 2 2 2.353e+01 6.047e+01 343
17759 1 2 1 1.301e+02 1.639e+02 315
17760 6 0 2 6.613e+02 6.827e+02 199 0 3 5.508e+02 5.832e+02 300 0 2 6.085e+02 6.515e+02 399 0 2 6.503e+02 6.937e+02 403 2 2 6.046e+01 1.075e+02 437 2 4 1.895e+01 6.505e+01 428
17761 20 0 4 6.677e+02 6.763e+02 80 0 1 6.423e+02 6.597e+02 162 0 3 6.447e+02 6.573e+02 116 0 2 6.664e+02 6.776e+02 104 0 1 6.371e+02 6.649e+02 259 0 3 6.349e+02 6.671e+02 299 0 2 6.581e+02 6.859e+02 258 0 4 6.581e+02 6.859e+02 258 2 2 3.764e+02 3.796e+02 30 2 3 1.496e+01 2.704e+01 112 2 4 1.594e+02 1.766e+02 159 2 3 3.056e+02 3.244e+02 176 2 4 3.690e+02 3.870e+02 168 2 1 1.446e+01 2.754e+01 121 2 1 1.846e+02 1.934e+02 82 2 4 3.230e+02 3.490e+02 241 2 3 1.810e+02 1.970e+02 148 2 3 3.395e+02 3.745e+02 325 2 2 1.521e+02 1.839e+02 296 2 2 3.216e+02 3.504e+02 267
17762 1 2 4 1.213e+02 1.307e+02 87
17763 0
17766 14 0 4 6.659e+02 6.781e+02 113 0 1 6.399e+02 6.621e+02 206 0 2 6.642e+02 6.798e+02 145 0 3 6.378e+02 6.642e+02 245 1 4 5.014e+02 5.066e+02 48 2 2 8.400e+01 8.400e+01 -3 2 1 5.934e+01 6.666e+01 68 2 4 7.746e+01 9.054e+01 121 2 3 6.221e+01 6.379e+01 15 2 3 9.887e+01 1.111e+02 114 2 4 2.775e+01 5.625e+01 265 2 2 1.103e+02 1.417e+02 292 2 1 1.270e+02 1.669e+02 370 2 3 4.413e+01 8.187e+01 350
17767 4 2 1 2.639e+02 2.821e+02 170 2 2 2.418e+02 2.622e+02 189 2 3 2.647e+02 2.813e+02 155 2 4 2.399e+02 2.641e+02 225
17768 2 0 4 6.251e+02 6.349e+02 91 3 2 5.872e+02 5.888e+02 16
