42607 0
42608 10 0 1 6.510e+02 6.510e+02 -11 0 3 6.499e+02 6.521e+02 21 0 2 6.146e+02 6.454e+02 286 0 2 6.598e+02 6.842e+02 226 0 4 6.111e+02 6.489e+02 350 0 4 6.631e+02 6.809e+02 165 0 3 6.350e+02 6.670e+02 297 2 2 3.296e+02 3.424e+02 120 2 1 3.126e+02 3.174e+02 45 2 4 2.898e+02 2.982e+02 77
42609 12 0 4 6.286e+02 6.314e+02 26 0 1 3.978e+02 4.002e+02 22 0 3 6.015e+02 6.165e+02 140 0 4 3.616e+02 3.944e+02 305 0 3 3.919e+02 4.061e+02 132 0 2 4.938e+02 5.142e+02 189 0 4 4.121e+02 4.279e+02 147 0 1 5.906e+02 6.274e+02 342 2 3 1.438e+01 2.762e+01 123 2 2 3.210e+01 5.190e+01 184 2 4 2.739e+01 5.661e+01 271 2 1 7.959e+00 3.404e+01 242
42610 10 0 4 6.108e+02 6.492e+02 356 1 1 6.015e+02 6.165e+02 139 2 1 1.859e+01 2.341e+01 45 2 2 8.397e+01 8.403e+01 0 2 2 4.175e+01 4.225e+01 5 2 4 7.159e+01 9.641e+01 230 2 4 4.157e+01 4.243e+01 8 2 4 1.091e+02 1.429e+02 314 2 3 1.168e+01 3.032e+01 173 2 3 4.987e+01 7.613e+01 244
42612 6 0 4 4.200e+02 4.200e+02 -14 1 2 6.283e+02 6.317e+02 32 1 4 6.245e+02 6.355e+02 103 2 2 2.178e+01 6.222e+01 376 2 4 1.797e+01 6.603e+01 446 3 3 1.460e+02 1.480e+02 19
42613 11 0 3 9.882e+01 1.112e+02 115 0 4 6.241e+02 6.359e+02 110 0 2 1.175e+02 1.345e+02 157 0 1 6.017e+02 6.163e+02 136 0 3 5.966e+02 6.214e+02 230 0 2 6.190e+02 6.410e+02 204 2 3 6.055e+01 6.545e+01 46 2 2 6.746e+01 1.005e+02 307 2 4 2.591e+01 5.809e+01 299 2 2 1.096e+02 1.424e+02 304 3 3 9.380e+01 1.162e+02 208
42614 11 0 2 5.431e+02 5.489e+02 55 0 2 7.653e+01 9.147e+01 139 0 2 6.281e+02 6.319e+02 36 0 4 6.204e+02 6.396e+02 179 0 2 6.631e+02 6.809e+02 165 0 1 5.484e+02 5.856e+02 346 0 3 5.995e+02 6.185e+02 176 0 4 6.621e+02 6.819e+02 183 0 3 5.486e+02 5.854e+02 342 0 2 6.569e+02 6.871e+02 280 0 4 6.558e+02 6.882e+02 301
42615 9 1 4 6.284e+02 6.316e+02 29 1 3 5.988e+02 6.192e+02 189 2 2 2.490e+02 2.550e+02 56 2 2 1.227e+02 1.293e+02 62 2 4 1.601e+02 1.759e+02 147 2 4 1.213e+02 1.307e+02 88 2 4 3.594e+02 3.966e+02 345 2 2 1.147e+02 1.373e+02 210 2 2 5.799e+01 1.100e+02 483
42616 13 0 2 6.608e+02 6.832e+02 208 0 1 4.294e+02 4.526e+02 215 0 4 6.571e+02 6.869e+02 277 2 4 8.123e+01 8.677e+01 51 2 4 5.009e+02 5.071e+02 58 2 1 1.456e+02 1.484e+02 26 2 2 2.876e+02 3.004e+02 118 2 3 5.105e+02 5.395e+02 270 2 4 3.277e+02 3.443e+02 155 2 2 7.145e+01 9.655e+01 233 2 1 3.077e+02 3.223e+02 135 2 3 9.196e+01 1.180e+02 242 2 1 2.550e+02 2.910e+02 335
42617 56 0 3 4.830e+02 4.830e+02 -1 0 4 6.685e+02 6.755e+02 65 0 4 5.025e+02 5.055e+02 27 0 2 6.678e+02 6.762e+02 79 0 3 5.586e+02 5.754e+02 156 0 1 5.920e+02 6.260e+02 316 0 4 6.555e+02 6.885e+02 306 1 1 4.372e+02 4.448e+02 71 1 2 5.868e+02 5.892e+02 22 1 1 3.874e+02 4.106e+02 216 1 3 5.989e+02 6.191e+02 187 1 4 4.589e+02 4.651e+02 58 1 1 5.148e+02 5.352e+02 190 1 4 4.531e+02 4.709e+02 165 1 2 5.428e+02 5.492e+02 59 1 2 6.250e+02 6.350e+02 93 1 4 5.368e+02 5.552e+02 170 1 4 6.188e+02 6.412e+02 208 1 2 5.763e+02 5.997e+02 218 1 2 6.102e+02 6.498e+02 368 1 4 5.729e+02 6.031e+02 280 1 3 5.485e+02 5.855e+02 344 2 3 1.035e+02 1.065e+02 27 2 4 1.678e+02 1.682e+02 5 2 2 4.116e+02 4.284e+02 156 2 2 3.332e+02 3.388e+02 52 2 4 6.189e+02 6.411e+02 206 2 3 1.590e+01 2.610e+01 95 2 1 3.887e+02 4.093e+02 190 2 2 8.052e+01 8.748e+01 65 2 3 5.934e+02 6.246e+02 290 2 1 1.880e+02 1.900e+02 19 2 4 4.005e+02 4.395e+02 361 2 4 2.051e+02 2.149e+02 90 2 3 2.667e+02 2.793e+02 117 2 4 3.357e+02 3.363e+02 6 2 2 4.058e+01 4.342e+01 26 2 4 8.353e+01 8.447e+01 9 2 3 1.778e+02 2.002e+02 207 2 1 2.148e+02 2.472e+02 300 2 2 2.913e+02 2.967e+02 50 2 2 3.251e+02 3.469e+02 203 2 3 5.414e+01 7.186e+01 165 2 4 6.683e+01 1.012e+02 319 2 2 1.545e+02 1.815e+02 250 2 4 2.332e+02 2.708e+02 349 2 1 3.039e+02 3.261e+02 206 2 3 3.432e+02 3.708e+02 257 2 4 2.923e+01 5.477e+01 237 2 4 1.527e+02 1.833e+02 284 2 4 2.822e+02 3.058e+02 219 2 4 3.167e+02 3.553e+02 359 2 3 3.295e+00 3.871e+01 329 2 3 3.001e+02 3.299e+02 277 3 2 4.063e+01 4.337e+01 26 3 4 2.029e+02 2.171e+02 131
42618 5 0 2 6.606e+02 6.834e+02 212 2 4 7.352e+01 9.448e+01 195 2 3 9.236e+01 1.176e+02 235 3 2 3.712e+02 3.848e+02 127 3 1 3.433e+02 3.707e+02 254
42620 13 0 1 3.913e+02 4.067e+02 142 0 2 3.653e+02 3.907e+02 236 0 3 3.912e+02 4.068e+02 146 0 4 3.660e+02 3.900e+02 222 0 4 6.523e+02 6.917e+02 366 0 1 6.291e+02 6.729e+02 406 0 3 6.266e+02 6.754e+02 454 0 2 6.529e+02 6.911e+02 355 1 1 6.084e+02 6.096e+02 10 1 2 6.255e+02 6.345e+02 84 2 3 8.456e+01 1.254e+02 380 2 4 1.963e+01 6.437e+01 416 2 4 5.826e+01 1.097e+02 478
42622 2 0 2 6.544e+02 6.896e+02 326 2 4 8.245e+01 8.555e+01 29
42623 15 0 4 6.279e+02 6.321e+02 40 0 4 2.002e+02 2.198e+02 181 0 3 6.472e+02 6.548e+02 70 0 3 2.195e+02 2.425e+02 214 0 2 6.642e+02 6.798e+02 146 0 4 6.617e+02 6.823e+02 191 0 2 1.939e+02 2.261e+02 299 2 3 1.026e+02 1.074e+02 45 2 2 1.209e+02 1.311e+02 94 2 3 1.440e+02 1.500e+02 56 2 4 1.232e+02 1.288e+02 52 2 4 7.886e+01 8.914e+01 96 2 4 1.166e+02 1.354e+02 175 2 2 7.352e+01 9.448e+01 195 2 4 1.075e+02 1.445e+02 344
42624 59 0 2 6.290e+02 6.310e+02 18 0 1 3.073e+02 3.227e+02 143 0 1 6.510e+02 6.510e+02 -9 0 2 5.460e+02 5.460e+02 -24 0 2 2.794e+02 3.086e+02 270 0 4 6.697e+02 6.743e+02 43 0 2 5.028e+02 5.052e+02 23 0 3 5.170e+02 5.330e+02 149 0 1 6.075e+02 6.105e+02 27 0 2 6.654e+02 6.786e+02 123 0 3 4.676e+02 4.984e+02 286 0 3 5.545e+02 5.795e+02 231 0 3 6.058e+02 6.122e+02 59 0 4 4.902e+02 5.178e+02 257 0 1 5.958e+02 6.222e+02 245 0 2 6.160e+02 6.440e+02 260 0 4 6.190e+02 6.410e+02 204 1 1 5.250e+02 5.250e+02 -5 1 3 5.654e+02 5.686e+02 29 1 2 5.808e+02 5.952e+02 134 1 4 5.851e+02 5.909e+02 53 1 2 6.300e+02 6.300e+02 -22 1 1 5.580e+02 5.760e+02 168 1 4 6.282e+02 6.318e+02 33 1 4 5.747e+02 6.013e+02 247 2 4 3.357e+02 3.363e+02 5 2 3 6.300e+01 6.300e+01 -10 2 4 6.705e+02 6.735e+02 28 2 4 8.339e+01 8.461e+01 11 2 1 5.562e+02 5.778e+02 200 2 3 1.461e+02 1.479e+02 17 2 2 5.841e+02 5.919e+02 73 2 4 2.100e+02 2.100e+02 -19 2 3 5.542e+02 5.798e+02 237 2 1 3.150e+02 3.150e+02 -4 2 4 5.815e+02 5.945e+02 121 2 3 3.537e+02 3.603e+02 62 2 4 5.702e+02 6.058e+02 330 2 2 4.018e+01 4.382e+01 34 2 3 1.050e+02 1.050e+02 -21 2 2 1.680e+02 1.680e+02 0 2 1 2.306e+02 2.314e+02 7 2 3 3.075e+02 3.225e+02 140 2 2 3.638e+02 3.922e+02 264 2 4 3.932e+01 4.468e+01 50 2 2 1.260e+02 1.260e+02 -13 2 4 1.574e+02 1.786e+02 197 2 3 2.271e+02 2.349e+02 73 2 1 2.650e+02 2.810e+02 149 2 2 3.251e+02 3.469e+02 203 2 1 6.300e+01 6.300e+01 -12 2 2 7.688e+01 9.112e+01 132 2 3 1.797e+02 1.983e+02 173 2 4 2.503e+02 2.537e+02 32 2 3 2.612e+02 2.848e+02 219 2 4 3.222e+02 3.498e+02 256 2 3 1.806e+01 2.394e+01 55 2 2 2.411e+02 2.629e+02 202 2 1 3.440e+02 3.700e+02 242
42625 7 0 2 6.710e+02 6.730e+02 19 0 4 6.535e+02 6.905e+02 344 2 4 3.798e+01 4.602e+01 75 2 2 1.581e+02 1.779e+02 185 2 3 5.454e+01 7.146e+01 157 2 4 1.170e+02 1.350e+02 167 2 2 2.465e+01 5.935e+01 322
42627 3 0 4 6.690e+02 6.750e+02 56 0 4 3.646e+02 3.914e+02 249 2 1 1.697e+02 2.083e+02 358
42628 4 0 2 3.360e+02 3.360e+02 -12 0 1 3.125e+02 3.175e+02 47 0 4 3.751e+02 3.809e+02 53 0 4 6.161e+02 6.439e+02 258
42630 0
42631 8 0 2 4.926e+02 5.154e+02 211 0 4 6.547e+02 6.893e+02 322 0 1 4.694e+02 4.966e+02 252 0 3 4.692e+02 4.968e+02 256 2 3 3.983e+02 3.997e+02 13 2 2 3.696e+02 3.864e+02 156 2 4 3.697e+02 3.863e+02 155 2 2 3.607e+02 3.953e+02 321
42632 8 0 4 6.710e+02 6.730e+02 18 0 2 6.667e+02 6.773e+02 98 0 1 6.435e+02 6.585e+02 140 0 3 6.361e+02 6.659e+02 276 0 2 6.575e+02 6.865e+02 270 0 4 6.560e+02 6.880e+02 296 0 1 6.336e+02 6.684e+02 324 3 1 6.324e+02 6.696e+02 345
42634 0
42635 15 0 2 5.435e+02 5.485e+02 47 0 1 5.153e+02 5.347e+02 180 0 3 5.090e+02 5.410e+02 298 1 1 5.598e+02 5.742e+02 133 1 3 6.090e+02 6.090e+02 -20 1 2 5.847e+02 5.913e+02 60 1 3 5.964e+02 6.216e+02 234 1 4 6.211e+02 6.389e+02 166 2 4 6.300e+02 6.300e+02 -13 2 1 1.822e+02 1.958e+02 126 2 3 6.039e+02 6.141e+02 96 2 4 6.245e+02 6.355e+02 102 2 3 5.964e+02 6.216e+02 235 2 4 1.931e+02 2.269e+02 315 2 4 6.155e+02 6.445e+02 270
42636 2 1 4 5.845e+02 5.915e+02 65 1 4 6.120e+02 6.480e+02 334
42637 0
42638 4 0 3 6.507e+02 6.513e+02 6 0 2 6.199e+02 6.401e+02 188 0 1 5.918e+02 6.262e+02 319 0 4 6.604e+02 6.836e+02 216
42639 0
42640 66 0 2 2.011e+02 2.189e+02 166 0 1 6.374e+02 6.646e+02 253 0 2 6.061e+02 6.539e+02 444 1 4 5.790e+02 5.970e+02 167 1 3 5.973e+02 6.207e+02 217 1 4 5.360e+02 5.560e+02 186 1 1 5.974e+02 6.206e+02 216 1 2 5.747e+02 6.013e+02 247 1 2 6.144e+02 6.456e+02 290 1 1 5.493e+02 5.847e+02 328 1 4 6.088e+02 6.512e+02 393 1 3 5.504e+02 5.836e+02 308 1 1 5.867e+02 6.313e+02 415 1 4 5.633e+02 6.127e+02 458 2 4 2.499e+02 2.541e+02 39 2 2 6.283e+02 6.317e+02 32 2 2 3.331e+02 3.389e+02 53 2 1 6.484e+02 6.536e+02 48 2 1 6.033e+01 6.567e+01 50 2 3 9.389e+01 1.161e+02 206 2 2 5.388e+02 5.532e+02 135 2 3 1.867e+02 1.913e+02 43 2 4 6.290e+02 6.310e+02 18 2 2 2.073e+02 2.127e+02 50 2 3 3.896e+02 4.084e+02 174 2 3 2.683e+02 2.777e+02 88 2 4 4.916e+02 5.164e+02 230 2 1 3.515e+02 3.625e+02 101 2 3 5.593e+02 5.747e+02 144 2 2 3.403e+01 4.997e+01 148 2 3 5.969e+02 6.211e+02 225 2 2 1.189e+02 1.331e+02 131 2 2 4.062e+02 4.338e+02 256 2 2 1.610e+02 1.750e+02 130 2 3 5.154e+02 5.346e+02 178 2 4 1.937e+02 2.263e+02 303 2 4 6.144e+02 6.456e+02 290 2 2 2.907e+02 2.973e+02 60 2 4 3.554e+02 4.006e+02 420 2 1 4.161e+02 4.659e+02 462 2 4 3.583e+01 4.817e+01 115 2 4 5.340e+02 5.580e+02 223 2 4 7.464e+01 9.336e+01 174 2 4 5.681e+02 6.079e+02 369 2 4 1.600e+02 1.760e+02 148 2 1 3.034e+02 3.266e+02 216 2 1 5.435e+02 5.905e+02 436 2 1 1.231e+01 2.969e+01 161 2 3 5.426e+02 5.914e+02 453 2 4 1.096e+02 1.424e+02 305 2 1 1.765e+02 2.015e+02 232 2 3 3.068e+02 3.232e+02 153 2 3 1.146e+01 3.054e+01 177 2 2 6.324e+01 1.048e+02 386 2 3 1.797e+02 1.983e+02 172 2 4 2.779e+02 3.101e+02 299 2 1 4.189e+01 8.411e+01 392 2 4 6.001e+01 1.080e+02 446 2 3 1.289e+02 1.651e+02 336 2 3 4.314e+01 8.286e+01 369 2 4 1.471e+02 1.889e+02 388 3 3 9.672e+01 1.133e+02 154 3 4 3.291e+01 5.109e+01 169 3 3 1.355e+02 1.585e+02 213 3 2 6.104e+01 1.070e+02 426 3 2 1.680e+01 6.720e+01 468
42641 16 0 4 3.360e+02 3.360e+02 -19 0 1 6.475e+02 6.545e+02 66 0 4 4.189e+02 4.211e+02 20 0 1 4.777e+02 4.883e+02 98 0 2 6.675e+02 6.765e+02 84 0 1 3.986e+02 3.994e+02 8 0 3 4.727e+02 4.933e+02 192 0 4 6.653e+02 6.787e+02 124 0 2 4.912e+02 5.168e+02 238 0 4 4.959e+02 5.121e+02 150 1 2 6.200e+02 6.400e+02 186 1 4 6.143e+02 6.457e+02 292 2 2 1.252e+02 1.268e+02 15 2 4 1.193e+02 1.327e+02 124 2 3 1.331e+02 1.609e+02 259 2 1 4.190e+00 3.781e+01 312
42642 0
42644 20 0 4 4.059e+02 4.341e+02 262 2 1 4.824e+02 4.836e+02 10 2 3 3.971e+02 4.009e+02 36 2 2 2.995e+01 5.405e+01 224 2 3 4.740e+02 4.920e+02 167 2 1 1.320e+02 1.620e+02 278 2 2 4.172e+02 4.228e+02 51 2 4 2.640e+01 5.760e+01 290 2 2 4.497e+02 4.743e+02 229 2 4 1.115e+02 1.405e+02 270 2 4 4.504e+02 4.736e+02 216 2 1 2.487e+00 3.951e+01 344 2 2 4.445e+02 4.795e+02 325 2 2 1.030e+02 1.490e+02 426 2 3 -3.436e+00 4.544e+01 454 3 1 4.376e+02 4.444e+02 64 3 3 4.361e+02 4.459e+02 91 3 4 4.097e+02 4.303e+02 191 3 2 4.027e+02 4.373e+02 320 3 1 4.218e+02 4.602e+02 357
42646 0
42647 0
42648 1 1 1 5.537e+02 5.803e+02 247
42650 0
42653 2 2 4 2.015e+02 2.185e+02 157 2 3 1.740e+02 2.040e+02 278
42657 5 2 2 1.242e+02 1.278e+02 34 2 3 9.470e+01 1.153e+02 191 2 1 1.309e+02 1.631e+02 299 2 4 1.100e+02 1.420e+02 296 2 1 1.693e+02 2.087e+02 366
42658 7 2 4 2.487e+02 2.553e+02 60 2 3 1.006e+02 1.094e+02 81 2 2 2.487e+02 2.553e+02 60 2 1 2.158e+02 2.462e+02 283 2 2 6.782e+01 1.002e+02 300 2 3 2.561e+02 2.899e+02 313 2 4 6.899e+01 9.901e+01 279
42659 4 1 1 4.826e+01 7.774e+01 274 1 2 1.061e+02 1.459e+02 370 1 4 1.716e+01 6.684e+01 461 1 3 7.890e+01 1.311e+02 485
