33473 6 0 4 5.672e+02 6.088e+02 386 1 4 6.235e+02 6.365e+02 121 3 2 4.180e+02 4.220e+02 36 3 4 4.084e+02 4.316e+02 216 3 1 3.828e+02 4.152e+02 301 3 3 3.840e+02 4.140e+02 279
33475 4 0 1 5.250e+02 5.250e+02 -15 0 3 5.235e+02 5.265e+02 28 0 2 4.862e+02 5.218e+02 330 2 3 1.738e+02 2.042e+02 281
33476 10 0 4 6.297e+02 6.303e+02 6 0 2 6.708e+02 6.732e+02 21 0 1 4.335e+02 4.485e+02 140 0 4 6.702e+02 6.738e+02 34 0 3 4.331e+02 4.489e+02 146 0 1 6.412e+02 6.608e+02 181 0 4 6.548e+02 6.892e+02 320 0 3 6.335e+02 6.685e+02 326 2 1 1.963e+01 2.237e+01 26 2 4 7.334e+01 9.466e+01 198
33477 0
33479 1 2 3 -4.604e+00 4.660e+01 476
33481 4 2 1 6.036e+02 6.144e+02 100 3 1 6.023e+02 6.157e+02 125 3 2 5.762e+02 5.998e+02 220 3 3 5.982e+02 6.198e+02 201
33483 5 0 3 5.732e+01 6.868e+01 106 0 2 8.088e+01 8.712e+01 58 0 2 7.396e+01 9.404e+01 186 0 4 7.437e+01 9.363e+01 179 1 3 1.887e+02 1.893e+02 5
33484 3 2 4 5.911e+01 1.089e+02 462 3 3 3.753e+01 8.847e+01 473 3 4 1.716e+01 6.684e+01 461
33485 5 0 2 6.262e+02 6.338e+02 70 0 1 5.911e+02 6.269e+02 332 1 3 4.403e+02 4.417e+02 13 1 4 4.605e+02 4.635e+02 28 1 4 4.005e+02 4.395e+02 363
33486 5 0 2 6.159e+02 6.441e+02 261 0 3 5.574e+02 5.766e+02 179 0 4 6.136e+02 6.464e+02 305 2 1 1.967e+01 2.233e+01 25 2 3 8.319e+00 3.368e+01 236
33488 0
33489 9 0 3 6.019e+02 6.161e+02 131 0 3 5.579e+02 5.761e+02 169 0 1 5.969e+02 6.211e+02 225 0 1 5.577e+02 5.763e+02 172 2 1 1.839e+02 1.941e+02 94 2 3 1.845e+02 1.935e+02 84 2 2 1.575e+02 1.785e+02 196 2 2 1.952e+02 2.248e+02 275 2 4 1.927e+02 2.273e+02 320
33491 34 0 3 1.038e+02 1.062e+02 21 0 2 7.715e+01 9.085e+01 127 0 1 5.190e+02 5.310e+02 112 0 4 5.837e+02 5.923e+02 80 0 1 9.936e+01 1.106e+02 105 0 3 5.241e+02 5.259e+02 16 0 2 4.861e+02 5.219e+02 332 0 1 5.605e+02 5.735e+02 120 0 4 5.710e+02 6.050e+02 316 0 2 6.720e+02 6.720e+02 -10 0 2 5.360e+02 5.560e+02 186 0 4 6.720e+02 6.720e+02 -7 0 1 6.509e+02 6.511e+02 1 0 3 6.473e+02 6.547e+02 69 2 3 2.100e+01 2.100e+01 -22 2 3 1.860e+02 1.920e+02 56 2 3 2.261e+02 2.359e+02 90 2 3 3.870e+02 4.110e+02 222 2 4 3.695e+02 3.865e+02 157 2 3 4.268e+02 4.552e+02 264 2 1 1.429e+01 2.771e+01 125 2 2 1.219e+02 1.301e+02 76 2 1 3.845e+02 4.135e+02 269 2 4 1.540e+02 1.820e+02 260 2 2 2.486e+02 2.554e+02 64 2 1 2.592e+02 2.868e+02 257 2 2 3.667e+02 3.893e+02 210 2 2 2.766e+01 5.634e+01 266 2 4 1.179e+02 1.341e+02 150 2 3 1.717e+02 2.063e+02 322 2 4 2.474e+02 2.566e+02 86 2 3 9.097e+01 1.190e+02 260 2 4 1.985e+02 2.215e+02 214 2 3 2.171e+02 2.449e+02 259
33492 4 0 3 5.171e+02 5.329e+02 146 0 2 4.919e+02 5.161e+02 224 0 1 5.059e+02 5.441e+02 355 0 4 4.822e+02 5.258e+02 405
33495 8 2 3 3.093e+02 3.207e+02 106 2 2 2.771e+02 3.109e+02 313 2 4 2.806e+02 3.074e+02 249 3 3 6.042e+01 6.558e+01 48 3 1 2.254e+02 2.366e+02 104 3 4 2.010e+02 2.190e+02 167 3 3 2.219e+02 2.401e+02 169 3 4 1.584e+02 1.776e+02 179
33496 14 0 3 6.081e+02 6.099e+02 17 0 4 5.032e+02 5.048e+02 16 0 4 6.267e+02 6.333e+02 60 0 3 5.965e+02 6.215e+02 232 1 4 2.933e+02 2.947e+02 13 1 4 2.841e+02 3.039e+02 185 2 1 4.822e+02 4.838e+02 16 2 2 4.174e+02 4.226e+02 48 2 2 4.600e+02 4.640e+02 36 2 4 7.495e+01 9.305e+01 168 2 3 4.302e+02 4.518e+02 201 2 2 3.595e+02 3.965e+02 344 2 4 4.461e+02 4.779e+02 296 2 2 4.060e+02 4.340e+02 260
33498 6 0 2 3.321e+02 3.399e+02 72 0 4 3.622e+02 3.938e+02 293 2 3 4.387e+02 4.433e+02 43 2 3 3.537e+02 3.603e+02 62 2 4 4.187e+02 4.213e+02 24 2 4 3.297e+02 3.423e+02 116
33499 8 0 4 5.873e+02 5.887e+02 12 0 2 6.258e+02 6.342e+02 79 0 4 6.276e+02 6.324e+02 45 1 2 6.284e+02 6.316e+02 30 2 3 4.794e+02 4.866e+02 66 2 2 5.018e+02 5.062e+02 40 2 1 5.240e+02 5.260e+02 18 2 4 4.489e+02 4.751e+02 244
33500 7 0 2 6.293e+02 6.307e+02 12 0 3 6.510e+02 6.510e+02 -4 0 3 6.363e+02 6.657e+02 273 0 2 6.576e+02 6.864e+02 267 2 2 1.882e+02 2.318e+02 405 2 4 1.895e+02 2.305e+02 380 3 4 5.339e+02 5.581e+02 226
33501 5 0 4 3.360e+02 3.360e+02 -9 0 4 3.780e+02 3.780e+02 -24 0 2 6.688e+02 6.752e+02 60 0 4 3.686e+02 3.874e+02 174 2 4 5.040e+02 5.040e+02 -12
33502 10 0 3 4.824e+02 4.836e+02 11 0 3 6.084e+02 6.096e+02 11 0 2 5.019e+02 5.061e+02 39 0 1 5.242e+02 5.258e+02 15 0 3 6.494e+02 6.526e+02 29 0 4 6.676e+02 6.764e+02 82 0 4 4.874e+02 5.206e+02 309 0 4 6.538e+02 6.902e+02 337 1 3 5.942e+02 6.238e+02 275 2 4 3.084e+01 5.316e+01 207
33503 13 0 1 3.518e+02 3.622e+02 96 2 1 3.144e+02 3.156e+02 11 2 1 6.488e+02 6.532e+02 41 2 3 4.772e+02 4.888e+02 107 2 4 2.912e+02 2.968e+02 52 2 1 5.624e+02 5.716e+02 86 2 3 3.036e+02 3.264e+02 212 2 2 6.256e+02 6.344e+02 82 2 3 5.955e+02 6.225e+02 250 2 3 2.601e+02 2.859e+02 240 2 4 6.149e+02 6.451e+02 281 2 2 2.785e+02 3.095e+02 287 2 4 2.795e+02 3.085e+02 269
33504 0
33505 9 0 4 6.655e+02 6.785e+02 121 0 1 5.169e+02 5.331e+02 151 2 4 2.520e+02 2.520e+02 -20 2 1 2.286e+02 2.334e+02 44 2 2 2.068e+02 2.132e+02 60 2 4 2.065e+02 2.135e+02 66 2 3 2.617e+02 2.843e+02 210 2 3 1.717e+02 2.063e+02 320 2 2 2.382e+02 2.658e+02 256
33506 37 0 3 6.057e+02 6.123e+02 61 0 3 4.728e+02 4.932e+02 189 0 4 4.491e+02 4.749e+02 239 0 4 5.715e+02 6.045e+02 306 1 3 6.073e+02 6.107e+02 31 1 2 6.293e+02 6.307e+02 13 1 4 6.281e+02 6.319e+02 36 1 3 5.939e+02 6.241e+02 280 1 4 6.133e+02 6.467e+02 310 2 4 3.360e+02 3.360e+02 -15 2 1 4.830e+02 4.830e+02 -1 2 4 1.680e+02 1.680e+02 -10 2 4 4.551e+02 4.689e+02 128 2 2 3.352e+02 3.368e+02 16 2 4 6.191e+02 6.409e+02 202 2 4 4.040e+01 4.360e+01 30 2 4 4.985e+02 5.095e+02 101 2 1 1.867e+02 1.913e+02 42 2 4 5.315e+02 5.605e+02 270 2 4 2.095e+02 2.105e+02 10 2 2 4.523e+02 4.717e+02 180 2 2 2.871e+02 3.009e+02 128 2 3 5.072e+02 5.428e+02 330 2 3 3.506e+02 3.634e+02 119 2 4 6.067e+02 6.533e+02 433 2 2 3.430e+01 4.970e+01 143 2 1 4.725e+02 4.935e+02 196 2 3 1.765e+02 2.015e+02 232 2 3 4.725e+02 4.935e+02 195 2 4 1.985e+02 2.215e+02 213 2 2 4.919e+02 5.161e+02 226 2 3 3.027e+02 3.273e+02 228 2 3 3.396e+02 3.744e+02 323 2 1 8.992e+00 3.301e+01 223 2 3 1.333e+02 1.607e+02 255 2 3 2.194e+02 2.426e+02 215 2 1 2.628e+02 2.832e+02 189
33507 1 0 1 8.927e+01 1.207e+02 292
33508 3 0 2 6.629e+02 6.811e+02 170 0 4 6.652e+02 6.788e+02 126 0 1 6.418e+02 6.602e+02 171
33509 5 0 2 5.001e+02 5.079e+02 72 0 4 4.914e+02 5.166e+02 235 0 3 5.138e+02 5.362e+02 208 0 1 4.628e+02 5.032e+02 375 0 1 5.038e+02 5.462e+02 394
