14035 7 0 3 6.510e+02 6.510e+02 -14 0 4 6.704e+02 6.736e+02 30 1 4 2.509e+02 2.531e+02 20 1 4 1.248e+02 1.272e+02 22 1 1 2.261e+02 2.359e+02 91 1 3 2.198e+02 2.422e+02 207 1 2 2.362e+02 2.678e+02 294
14036 99 0 2 1.656e+02 1.704e+02 45 0 2 2.932e+02 2.948e+02 15 0 3 3.978e+02 4.002e+02 22 0 2 3.764e+02 3.796e+02 29 0 1 4.809e+02 4.851e+02 40 0 4 4.200e+01 4.200e+01 -1 0 3 5.237e+02 5.263e+02 25 0 2 1.253e+02 1.267e+02 13 0 4 6.279e+02 6.321e+02 40 0 1 1.404e+02 1.536e+02 123 0 3 6.504e+02 6.516e+02 11 0 4 2.910e+02 2.970e+02 56 0 2 5.037e+02 5.043e+02 6 0 2 3.279e+02 3.441e+02 150 0 2 5.460e+02 5.460e+02 -0 0 3 1.752e+01 2.448e+01 65 0 1 6.054e+02 6.126e+02 67 0 4 6.957e+01 9.843e+01 268 0 2 6.710e+02 6.730e+02 18 0 4 1.576e+02 1.784e+02 193 0 4 4.156e+02 4.244e+02 82 0 1 2.713e+02 2.747e+02 31 0 4 4.959e+02 5.121e+02 151 0 2 3.673e+02 3.887e+02 199 0 3 5.668e+02 5.672e+02 4 0 1 9.335e+01 1.166e+02 216 0 3 6.006e+02 6.174e+02 156 0 3 1.708e+02 2.072e+02 339 0 4 6.710e+02 6.730e+02 18 0 3 2.640e+02 2.820e+02 168 0 1 3.845e+02 4.135e+02 270 0 4 3.689e+02 3.871e+02 169 0 1 4.700e+02 4.960e+02 242 0 4 2.017e+01 6.383e+01 406 0 1 5.205e+02 5.295e+02 84 0 1 2.628e+02 2.832e+02 189 0 2 6.180e+02 6.420e+02 222 0 4 3.182e+02 3.538e+02 330 0 1 6.491e+02 6.529e+02 35 0 2 2.758e+02 3.122e+02 337 0 3 4.213e+02 4.607e+02 366 0 1 3.417e+02 3.723e+02 285 0 3 4.633e+02 5.027e+02 366 0 1 2.563e+02 2.897e+02 310 0 1 5.567e+02 5.773e+02 191 0 4 6.200e+02 6.400e+02 186 0 2 6.560e+02 6.880e+02 297 0 3 3.801e+02 4.179e+02 351 0 1 5.100e+02 5.400e+02 278 0 4 5.748e+02 6.012e+02 246 0 3 5.118e+02 5.382e+02 246 0 4 6.142e+02 6.458e+02 293 0 2 5.344e+02 5.576e+02 215 1 1 5.651e+02 5.689e+02 35 1 3 6.086e+02 6.094e+02 7 1 2 5.877e+02 5.883e+02 6 1 2 6.292e+02 6.308e+02 15 1 4 5.823e+02 5.937e+02 106 1 4 6.294e+02 6.306e+02 11 1 2 5.784e+02 5.976e+02 178 1 1 6.076e+02 6.104e+02 26 1 1 5.529e+02 5.811e+02 261 2 4 1.669e+02 1.691e+02 20 2 3 2.301e+02 2.319e+02 17 2 1 2.698e+02 2.762e+02 59 2 1 6.426e+02 6.594e+02 156 2 3 5.983e+01 6.617e+01 59 2 4 1.253e+02 1.267e+02 13 2 3 1.854e+02 1.926e+02 67 2 2 2.494e+02 2.546e+02 48 2 3 2.722e+02 2.738e+02 16 2 2 3.247e+02 3.473e+02 210 2 1 1.958e+01 2.242e+01 26 2 2 7.648e+01 9.152e+01 140 2 1 1.439e+02 1.501e+02 57 2 4 2.512e+02 2.528e+02 15 2 1 3.099e+02 3.201e+02 96 2 2 3.649e+02 3.911e+02 244 2 2 3.843e+01 4.557e+01 66 2 2 1.101e+02 1.419e+02 295 2 3 1.454e+02 1.486e+02 30 2 4 2.088e+02 2.112e+02 22 2 3 3.003e+02 3.297e+02 272 2 1 3.375e+02 3.765e+02 362 2 1 5.270e+01 7.330e+01 191 2 1 1.800e+02 1.980e+02 166 2 1 2.286e+02 2.334e+02 45 2 1 2.542e+02 2.918e+02 349 2 3 1.317e+01 2.883e+01 146 2 2 1.532e+02 1.828e+02 275 2 2 2.339e+02 2.701e+02 336 2 4 3.134e+01 5.266e+01 198 2 1 1.305e+02 1.635e+02 307 2 2 1.946e+02 2.254e+02 286 2 1 4.404e+01 8.196e+01 352 2 3 5.223e+00 3.678e+01 293 3 4 8.379e+01 8.421e+01 4 3 3 2.697e+02 2.763e+02 61 3 2 4.505e+02 4.735e+02 213
14037 0
14038 5 0 1 3.341e+02 3.799e+02 425 0 1 6.274e+02 6.746e+02 439 0 3 6.250e+02 6.770e+02 482 0 4 3.530e+02 4.030e+02 465 1 4 5.852e+02 5.908e+02 52
14041 0
14042 2 0 4 2.474e+02 2.566e+02 86 0 4 5.874e+02 5.886e+02 10
14043 7 1 4 5.880e+02 5.880e+02 -4 1 4 4.483e+02 4.757e+02 254 1 4 5.806e+02 5.954e+02 138 2 3 1.470e+02 1.470e+02 -5 2 3 4.736e+02 4.924e+02 174 2 1 1.373e+02 1.567e+02 180 2 2 1.558e+02 1.802e+02 226
14044 6 0 4 4.180e+02 4.220e+02 36 0 2 3.644e+02 3.916e+02 252 0 3 3.937e+02 4.043e+02 98 0 1 3.840e+02 4.140e+02 279 1 2 6.212e+02 6.388e+02 163 2 3 9.326e+01 1.167e+02 218
14046 6 0 2 4.620e+02 4.620e+02 -20 0 1 5.658e+02 5.682e+02 22 0 2 6.717e+02 6.723e+02 6 0 4 6.682e+02 6.758e+02 71 0 1 4.285e+02 4.535e+02 231 0 3 4.674e+02 4.986e+02 290
14047 7 0 4 6.294e+02 6.306e+02 11 0 2 6.254e+02 6.346e+02 85 0 1 5.990e+02 6.190e+02 186 0 3 5.938e+02 6.242e+02 283 2 3 1.043e+02 1.057e+02 12 2 2 1.128e+02 1.392e+02 245 2 4 6.571e+01 1.023e+02 340
14048 0
14049 21 0 4 6.709e+02 6.731e+02 21 0 2 6.153e+02 6.447e+02 272 0 3 6.465e+02 6.555e+02 84 0 4 6.118e+02 6.482e+02 337 0 2 6.635e+02 6.805e+02 158 1 3 5.654e+02 5.686e+02 30 1 3 6.055e+02 6.125e+02 66 1 2 6.209e+02 6.391e+02 170 1 1 5.906e+02 6.274e+02 341 2 2 3.756e+02 3.804e+02 45 2 4 4.027e+01 4.373e+01 32 2 2 8.400e+01 8.400e+01 -0 2 4 3.312e+02 3.408e+02 90 2 3 5.274e+01 7.326e+01 190 2 4 6.948e+01 9.852e+01 270 2 3 3.520e+02 3.620e+02 92 2 2 2.546e+01 5.854e+01 307 2 2 3.653e+02 3.907e+02 236 2 1 4.588e+01 8.012e+01 318 2 1 2.756e+00 3.924e+01 339 2 3 2.575e+00 3.943e+01 342
14050 5 0 1 6.468e+02 6.552e+02 78 0 2 6.552e+02 6.888e+02 311 2 4 2.323e+02 2.717e+02 366 2 4 6.567e+01 1.023e+02 340 2 2 2.268e+02 2.772e+02 469
14051 0
14052 0
14053 5 0 2 1.235e+02 1.285e+02 46 0 1 9.461e+01 1.154e+02 193 0 1 1.354e+02 1.586e+02 216 1 3 6.048e+02 6.132e+02 79 1 4 5.698e+02 6.062e+02 337
14059 0
14060 12 2 4 1.256e+02 1.264e+02 8 2 1 3.967e+02 4.013e+02 42 2 2 3.716e+02 3.844e+02 118 2 2 5.847e+02 5.913e+02 62 2 3 1.393e+02 1.547e+02 144 2 3 5.611e+02 5.729e+02 110 2 3 3.395e+02 3.745e+02 325 2 4 5.329e+02 5.591e+02 244 2 4 1.062e+02 1.458e+02 368 2 2 1.543e+02 1.817e+02 255 2 1 5.531e+02 5.809e+02 259 2 4 3.649e+02 3.911e+02 244
14061 0
14062 13 2 4 3.780e+02 3.780e+02 -10 2 3 1.891e+01 2.309e+01 39 2 1 1.375e+01 2.825e+01 135 3 4 1.680e+02 1.680e+02 -21 3 4 5.869e+02 5.891e+02 21 3 2 5.426e+02 5.494e+02 63 3 3 1.730e+02 2.050e+02 297 3 1 5.963e+02 6.217e+02 236 3 3 5.577e+02 5.763e+02 172 3 3 5.922e+02 6.258e+02 311 3 2 5.826e+02 5.934e+02 100 3 4 5.296e+02 5.624e+02 304 3 1 5.500e+02 5.840e+02 316
14064 0
14065 5 0 3 5.539e+02 5.801e+02 243 0 4 6.571e+02 6.869e+02 277 2 3 1.384e+02 1.556e+02 160 2 4 3.252e+02 3.468e+02 200 2 4 1.573e+02 1.787e+02 198
14066 5 0 4 4.081e+01 4.319e+01 22 0 3 1.433e+01 2.767e+01 124 0 2 2.820e+01 5.580e+01 256 2 3 1.972e+01 2.228e+01 24 2 2 3.924e+01 4.476e+01 51
14068 17 0 4 5.008e+02 5.072e+02 60 0 3 5.631e+02 5.709e+02 72 0 3 4.774e+02 4.886e+02 105 0 2 5.454e+02 5.466e+02 11 0 2 4.513e+02 4.727e+02 199 0 1 5.551e+02 5.789e+02 220 1 4 5.840e+02 5.920e+02 74 1 4 4.986e+02 5.094e+02 100 1 4 5.415e+02 5.505e+02 84 2 4 8.061e+01 8.739e+01 63 2 4 3.874e+01 4.526e+01 60 2 2 7.729e+01 9.071e+01 125 2 2 3.601e+01 4.799e+01 111 2 3 9.115e+01 1.188e+02 257 2 1 5.108e+01 7.492e+01 221 2 3 4.709e+01 7.891e+01 296 2 1 6.482e+00 3.552e+01 270
14069 3 0 1 5.029e+02 5.471e+02 410 2 1 3.937e+01 8.663e+01 439 2 3 4.103e+01 8.497e+01 408
14071 11 2 2 3.614e+01 4.786e+01 109 2 4 7.872e+01 8.928e+01 98 2 2 7.607e+01 9.193e+01 147 2 4 2.770e+01 5.630e+01 266 2 3 8.909e+01 1.209e+02 296 2 1 6.165e+00 3.583e+01 276 3 2 6.720e+02 6.720e+02 -17 3 3 6.438e+02 6.582e+02 133 3 4 3.969e+02 4.431e+02 429 3 3 5.982e+02 6.198e+02 200 3 2 6.155e+02 6.445e+02 269
14072 6 1 2 5.880e+02 5.880e+02 0 2 2 4.617e+02 4.623e+02 6 2 4 2.039e+02 2.161e+02 114 2 1 4.297e+02 4.523e+02 210 2 2 4.523e+02 4.717e+02 180 2 2 4.455e+02 4.785e+02 306
14073 2 0 3 6.074e+02 6.106e+02 30 0 1 5.213e+02 5.287e+02 69
14074 25 0 3 3.990e+02 3.990e+02 -16 0 2 5.039e+02 5.041e+02 2 0 1 5.229e+02 5.271e+02 40 0 4 3.616e+02 3.944e+02 305 2 3 3.976e+02 4.004e+02 26 2 2 8.128e+01 8.672e+01 50 2 4 4.600e+02 4.640e+02 37 2 3 3.565e+02 3.575e+02 9 2 1 6.083e+02 6.097e+02 13 2 4 7.217e+01 9.583e+01 220 2 4 6.704e+02 6.736e+02 30 2 4 3.721e+02 3.839e+02 110 2 1 3.879e+02 4.101e+02 206 2 3 5.018e+01 7.582e+01 238 2 3 4.675e+02 4.985e+02 288 2 4 3.249e+02 3.471e+02 206 2 2 4.057e+02 4.343e+02 266 2 1 5.136e+00 3.686e+01 295 2 4 4.486e+02 4.754e+02 250 2 2 3.672e+02 3.888e+02 201 2 2 5.718e+02 6.042e+02 301 2 3 5.852e+00 3.615e+01 281 2 1 3.801e+02 4.179e+02 351 2 1 3.376e+02 3.764e+02 360 2 4 5.743e+02 6.017e+02 255
14078 2 1 2 6.244e+02 6.356e+02 104 1 2 6.158e+02 6.442e+02 264
14079 2 2 3 1.756e+01 2.444e+01 64 2 3 5.640e+02 5.700e+02 56
14080 1 2 1 8.723e+00 3.328e+01 228
14082 3 0 2 6.288e+02 6.312e+02 22 0 4 6.269e+02 6.331e+02 57 2 4 4.200e+01 4.200e+01 -0
14084 11 0 2 4.604e+02 4.636e+02 30 0 2 5.440e+02 5.480e+02 38 0 3 6.006e+02 6.174e+02 156 0 1 5.483e+02 5.857e+02 347 0 2 6.241e+02 6.359e+02 110 0 3 6.368e+02 6.652e+02 263 0 3 5.493e+02 5.847e+02 328 0 4 6.222e+02 6.378e+02 145 0 1 6.350e+02 6.670e+02 297 0 4 5.737e+02 6.023e+02 266 0 1 5.952e+02 6.228e+02 256
14085 6 0 2 6.554e+02 6.886e+02 309 1 1 5.133e+02 5.367e+02 218 2 1 2.290e+02 2.330e+02 36 2 2 1.965e+02 2.235e+02 251 3 3 1.958e+01 2.242e+01 26 3 3 1.541e+00 4.046e+01 361
