28727 3 0 4 3.556e+01 4.844e+01 120 3 3 3.131e+02 3.169e+02 35 3 2 4.523e+02 4.717e+02 180
28730 2 0 4 5.864e+02 5.896e+02 29 0 3 6.057e+02 6.123e+02 61
28732 1 3 2 4.609e+02 4.631e+02 20
28733 3 0 2 6.694e+02 6.746e+02 48 0 2 6.551e+02 6.889e+02 314 0 4 6.533e+02 6.907e+02 348
28736 6 0 1 3.570e+02 3.570e+02 -21 0 1 3.484e+02 3.656e+02 159 0 2 3.228e+02 3.492e+02 245 1 1 8.545e+00 3.346e+01 231 1 4 2.896e+01 5.504e+01 242 1 3 1.326e+01 2.874e+01 144
28740 0
28741 7 0 3 6.484e+02 6.536e+02 48 0 4 6.634e+02 6.806e+02 160 0 4 3.631e+02 3.929e+02 276 2 1 1.815e+01 2.385e+01 53 2 3 1.631e+01 2.569e+01 87 2 2 2.802e+01 5.598e+01 260 2 4 2.757e+01 5.643e+01 268
28746 3 0 3 3.915e+02 4.065e+02 139 0 1 3.570e+02 3.570e+02 -4 2 4 5.287e+02 5.633e+02 322
28747 8 0 2 2.903e+02 2.977e+02 68 0 1 2.593e+02 2.867e+02 255 0 4 3.189e+02 3.531e+02 318 0 4 6.507e+02 6.933e+02 396 1 4 6.298e+02 6.302e+02 4 1 4 5.856e+02 5.904e+02 44 1 3 5.574e+02 5.766e+02 178 1 4 5.771e+02 5.989e+02 203
28748 0
28749 6 2 1 4.405e+02 4.415e+02 10 2 3 4.396e+02 4.424e+02 26 2 2 4.051e+02 4.349e+02 277 2 1 6.297e+01 6.303e+01 0 2 3 6.015e+01 6.585e+01 53 2 4 4.084e+02 4.316e+02 216
28752 3 0 4 1.962e+02 2.238e+02 257 2 2 2.205e+01 6.195e+01 370 2 3 1.292e+02 1.648e+02 330
28753 24 0 1 6.461e+02 6.559e+02 90 0 4 3.352e+02 3.368e+02 15 0 3 5.670e+02 5.670e+02 -1 0 4 5.880e+02 5.880e+02 -19 0 3 6.485e+02 6.535e+02 46 0 1 5.233e+02 5.267e+02 31 0 1 6.032e+02 6.148e+02 107 0 2 5.433e+02 5.487e+02 50 0 3 6.036e+02 6.144e+02 100 0 4 5.794e+02 5.966e+02 159 0 3 5.983e+02 6.197e+02 199 0 2 6.187e+02 6.413e+02 210 0 4 6.164e+02 6.436e+02 253 1 3 5.608e+02 5.732e+02 115 1 2 6.206e+02 6.394e+02 174 1 4 6.160e+02 6.440e+02 260 2 1 1.406e+01 2.794e+01 129 2 3 1.354e+02 1.586e+02 216 2 4 3.394e+01 5.006e+01 150 2 4 1.097e+02 1.423e+02 302 2 4 1.485e+02 1.875e+02 361 2 1 4.911e+01 7.689e+01 258 2 3 7.555e+00 3.444e+01 250 2 2 2.452e+01 5.948e+01 325
28754 7 0 4 4.200e+02 4.200e+02 -21 0 4 4.610e+02 4.630e+02 19 0 1 5.178e+02 5.322e+02 134 0 2 5.407e+02 5.513e+02 99 1 4 5.834e+02 5.926e+02 86 2 4 1.617e+02 1.743e+02 116 2 1 6.010e+01 6.590e+01 54
28755 13 0 1 5.658e+02 5.682e+02 21 0 1 6.465e+02 6.555e+02 83 0 1 6.069e+02 6.111e+02 39 0 3 6.449e+02 6.571e+02 113 0 3 5.592e+02 5.748e+02 145 0 4 5.779e+02 5.981e+02 187 0 2 6.577e+02 6.863e+02 266 0 3 5.979e+02 6.201e+02 206 0 2 6.165e+02 6.435e+02 250 2 3 1.042e+02 1.058e+02 16 2 1 9.887e+01 1.111e+02 114 2 2 1.117e+02 1.403e+02 265 2 4 7.150e+01 9.650e+01 232
28756 6 0 2 6.591e+02 6.849e+02 240 0 4 6.589e+02 6.851e+02 243 2 2 1.668e+02 1.692e+02 23 2 4 1.644e+02 1.716e+02 66 2 1 1.430e+02 1.510e+02 74 2 1 1.286e+02 1.654e+02 341
28758 19 0 3 6.506e+02 6.514e+02 7 0 2 5.025e+02 5.055e+02 28 0 1 6.498e+02 6.522e+02 23 0 3 5.086e+02 5.415e+02 306 0 4 6.587e+02 6.853e+02 246 0 4 4.878e+02 5.202e+02 300 0 1 5.851e+02 6.329e+02 445 0 2 6.462e+02 6.978e+02 480 0 3 5.821e+02 6.359e+02 500 0 4 6.471e+02 6.969e+02 463 0 4 4.806e+02 5.275e+02 436 0 4 6.034e+02 6.566e+02 495 2 3 1.640e+01 2.560e+01 86 2 2 4.599e+02 4.641e+02 39 2 4 3.493e+01 4.907e+01 131 2 4 4.484e+02 4.756e+02 252 2 3 4.240e+02 4.580e+02 316 2 1 4.706e+02 4.954e+02 230 2 4 5.632e+02 6.128e+02 461
28760 1 1 2 4.554e+02 4.686e+02 123
28761 0
28763 11 0 4 5.880e+02 5.880e+02 -6 0 1 6.489e+02 6.531e+02 39 0 2 6.262e+02 6.338e+02 70 0 3 6.460e+02 6.560e+02 93 0 4 6.290e+02 6.310e+02 19 0 2 6.595e+02 6.845e+02 231 0 1 5.980e+02 6.200e+02 205 0 4 6.554e+02 6.886e+02 308 0 3 5.958e+02 6.222e+02 246 1 4 6.288e+02 6.312e+02 23 2 3 1.483e+01 2.717e+01 115
28765 4 0 2 5.455e+02 5.465e+02 9 0 1 5.089e+02 5.411e+02 299 2 1 8.141e+00 3.386e+01 239 2 3 6.031e+00 3.597e+01 278
28770 4 0 2 6.287e+02 6.313e+02 25 0 4 6.206e+02 6.394e+02 174 0 1 5.928e+02 6.252e+02 301 0 3 6.362e+02 6.658e+02 276
28773 25 0 1 3.069e+02 3.231e+02 150 0 4 3.258e+02 3.462e+02 189 0 3 5.623e+02 5.717e+02 87 0 4 1.570e+02 1.790e+02 205 0 2 2.816e+02 3.064e+02 230 0 1 5.118e+02 5.382e+02 245 0 2 6.053e+02 6.547e+02 459 0 2 4.831e+02 5.249e+02 389 0 3 5.525e+02 5.815e+02 269 0 4 6.038e+02 6.562e+02 487 0 4 4.783e+02 5.297e+02 478 0 1 5.055e+02 5.445e+02 361 0 4 5.619e+02 6.141e+02 484 0 1 5.458e+02 5.882e+02 395 0 3 5.428e+02 5.912e+02 450 1 4 6.279e+02 6.321e+02 40 2 3 1.463e+02 1.477e+02 12 2 4 2.100e+02 2.100e+02 -3 2 4 3.623e+01 4.777e+01 107 2 2 1.592e+02 1.768e+02 163 2 1 2.310e+02 2.310e+02 -0 2 1 4.180e+02 4.640e+02 427 2 4 1.096e+02 1.424e+02 305 2 1 1.358e+02 1.582e+02 209 2 3 2.286e+02 2.334e+02 46
28774 9 0 2 6.274e+02 6.326e+02 49 0 2 6.689e+02 6.751e+02 57 0 4 6.293e+02 6.307e+02 12 0 4 6.669e+02 6.771e+02 96 0 1 6.019e+02 6.161e+02 131 0 3 6.029e+02 6.151e+02 113 0 2 6.167e+02 6.433e+02 246 0 4 6.159e+02 6.441e+02 262 0 1 5.913e+02 6.267e+02 329
28775 2 2 4 1.666e+02 1.694e+02 26 2 4 1.571e+02 1.789e+02 202
28777 0
