12242 3 2 1 5.705e+01 6.895e+01 110 2 4 7.563e+01 9.237e+01 156 2 2 7.172e+01 9.628e+01 228
12243 0
12244 10 0 4 4.603e+02 4.637e+02 32 0 1 3.460e+02 3.680e+02 204 0 2 3.663e+02 3.897e+02 217 0 4 3.660e+02 3.900e+02 222 1 2 6.123e+02 6.477e+02 330 2 3 6.226e+01 6.374e+01 14 2 4 3.304e+01 5.096e+01 166 2 4 7.074e+01 9.726e+01 246 2 3 4.929e+01 7.671e+01 255 2 2 6.495e+01 1.031e+02 354
12249 5 0 2 6.230e+02 6.370e+02 130 0 2 6.715e+02 6.725e+02 9 0 4 6.708e+02 6.732e+02 23 0 1 6.342e+02 6.678e+02 311 1 2 5.303e+02 5.617e+02 291
12250 2 3 2 3.191e+02 3.529e+02 314 3 2 3.601e+02 3.959e+02 333
12252 8 0 1 5.670e+02 5.670e+02 0 0 4 4.612e+02 4.628e+02 16 0 3 5.670e+02 5.670e+02 -7 0 2 6.665e+02 6.775e+02 101 0 4 6.638e+02 6.802e+02 152 2 4 4.987e+02 5.093e+02 98 2 3 5.112e+02 5.388e+02 257 2 2 4.872e+02 5.208e+02 311
12253 22 0 1 6.467e+02 6.553e+02 80 0 1 5.625e+02 5.715e+02 83 0 4 5.838e+02 5.922e+02 77 0 2 3.673e+02 3.887e+02 199 0 4 4.170e+02 4.230e+02 56 0 3 5.567e+02 5.773e+02 192 0 2 3.596e+02 3.964e+02 342 0 3 6.443e+02 6.577e+02 125 0 1 3.893e+02 4.087e+02 180 0 2 6.583e+02 6.857e+02 255 0 4 6.592e+02 6.848e+02 238 1 1 5.614e+02 5.726e+02 105 1 1 1.424e+02 1.516e+02 86 1 3 6.087e+02 6.093e+02 6 1 2 6.284e+02 6.316e+02 29 1 2 5.740e+02 6.020e+02 260 1 3 5.498e+02 5.842e+02 319 2 2 1.249e+02 1.271e+02 21 2 4 1.244e+02 1.276e+02 29 2 3 8.586e+01 1.241e+02 356 2 3 1.273e+02 1.667e+02 366 3 2 2.465e+01 5.935e+01 322
12254 14 2 3 3.134e+02 3.166e+02 29 2 2 3.237e+01 5.163e+01 179 2 3 5.631e+02 5.709e+02 73 2 2 3.259e+02 3.461e+02 187 2 2 5.391e+02 5.529e+02 128 2 4 3.390e+01 5.010e+01 150 2 4 4.848e+02 5.232e+02 356 2 1 5.431e+01 7.169e+01 161 2 4 5.367e+02 5.553e+02 173 2 4 2.748e+02 3.132e+02 357 2 3 5.144e+02 5.356e+02 196 2 3 5.099e+01 7.501e+01 223 2 4 5.269e+02 5.651e+02 354 2 1 5.543e+02 5.797e+02 236
12255 70 0 1 5.658e+02 5.682e+02 23 0 4 2.514e+02 2.526e+02 11 0 2 6.276e+02 6.324e+02 45 0 1 2.710e+02 2.750e+02 38 0 1 6.477e+02 6.543e+02 62 0 4 3.336e+02 3.384e+02 45 0 4 4.200e+02 4.200e+02 -3 0 2 1.251e+02 1.269e+02 17 0 1 5.208e+02 5.292e+02 79 0 4 1.607e+02 1.753e+02 136 0 4 6.280e+02 6.320e+02 36 0 4 2.922e+02 2.958e+02 34 0 3 6.510e+02 6.510e+02 -13 0 4 3.695e+02 3.865e+02 157 0 1 3.981e+02 3.999e+02 17 0 1 1.016e+02 1.084e+02 64 0 3 5.216e+02 5.284e+02 64 0 1 1.373e+02 1.567e+02 180 0 1 6.083e+02 6.097e+02 14 0 3 2.201e+02 2.419e+02 202 0 2 6.698e+02 6.742e+02 41 0 1 3.048e+02 3.252e+02 190 0 3 3.926e+02 4.054e+02 119 0 4 1.495e+02 1.865e+02 344 0 2 5.444e+02 5.476e+02 30 0 3 2.601e+02 2.859e+02 240 0 3 6.069e+02 6.111e+02 39 0 2 2.808e+02 3.072e+02 245 0 4 6.701e+02 6.739e+02 36 0 2 2.745e+02 3.135e+02 361 0 1 3.830e+02 4.150e+02 298 0 2 5.300e+02 5.620e+02 298 0 2 6.198e+02 6.402e+02 189 0 3 3.800e+02 4.180e+02 352 0 1 5.480e+02 5.860e+02 353 0 4 6.179e+02 6.421e+02 224 0 4 5.700e+02 6.060e+02 334 1 4 6.289e+02 6.311e+02 20 1 3 1.031e+02 1.069e+02 36 1 2 5.871e+02 5.889e+02 17 1 1 6.065e+02 6.115e+02 46 1 4 1.136e+02 1.384e+02 230 1 3 4.718e+02 4.942e+02 209 1 1 5.667e+02 5.673e+02 5 1 3 6.076e+02 6.104e+02 26 1 3 5.508e+02 5.832e+02 301 1 2 6.297e+02 6.303e+02 6 1 2 5.762e+02 5.998e+02 219 1 4 5.728e+02 6.032e+02 282 2 3 1.006e+02 1.094e+02 82 2 1 3.965e+02 4.015e+02 47 2 2 3.752e+02 3.808e+02 52 2 2 4.605e+02 4.635e+02 27 2 4 4.009e+01 4.391e+01 36 2 4 5.864e+02 5.896e+02 29 2 3 3.436e+02 3.704e+02 248 2 4 4.174e+02 4.226e+02 48 2 1 5.673e+01 6.927e+01 116 2 3 6.064e+02 6.116e+02 49 2 2 7.011e+01 9.789e+01 258 2 3 4.384e+02 4.436e+02 48 2 4 3.616e+02 3.944e+02 306 2 1 4.672e+02 4.988e+02 293 2 3 5.943e+01 6.657e+01 66 2 4 6.248e+02 6.352e+02 97 2 4 3.163e+02 3.557e+02 366 2 2 6.181e+02 6.419e+02 221 2 1 5.928e+02 6.252e+02 300 3 1 4.389e+02 4.431e+02 40 3 1 8.653e+01 1.235e+02 343
12256 5 0 4 6.675e+02 6.765e+02 83 0 4 3.744e+02 3.816e+02 66 0 2 6.117e+02 6.483e+02 340 0 3 6.337e+02 6.683e+02 322 0 2 6.546e+02 6.894e+02 324
12257 0
12258 33 0 4 2.436e+02 2.604e+02 156 0 1 2.175e+02 2.445e+02 250 0 4 6.571e+02 6.869e+02 276 0 2 4.889e+02 5.191e+02 280 0 3 2.126e+02 2.494e+02 342 0 1 5.113e+02 5.387e+02 255 0 4 5.740e+02 6.020e+02 260 0 1 6.330e+02 6.690e+02 334 0 4 4.820e+02 5.260e+02 409 0 3 5.089e+02 5.411e+02 299 0 1 5.917e+02 6.263e+02 320 0 3 6.359e+02 6.661e+02 280 0 3 5.457e+02 5.883e+02 396 0 3 5.898e+02 6.282e+02 357 0 2 6.565e+02 6.875e+02 287 0 3 6.277e+02 6.743e+02 433 1 2 6.295e+02 6.305e+02 9 1 4 5.735e+02 6.025e+02 270 1 1 5.492e+02 5.848e+02 331 1 3 5.423e+02 5.917e+02 458 2 3 5.224e+02 5.276e+02 49 2 4 5.404e+02 5.516e+02 105 2 4 3.207e+02 3.513e+02 285 2 2 1.123e+02 1.397e+02 255 2 3 5.093e+02 5.407e+02 292 2 4 1.483e+02 1.877e+02 366 2 2 3.120e+02 3.600e+02 446 2 1 4.678e+01 7.922e+01 301 2 4 1.065e+02 1.455e+02 361 2 3 1.717e+02 2.063e+02 320 2 2 1.854e+02 2.346e+02 456 2 1 3.327e+02 3.813e+02 450 2 3 4.471e+01 8.129e+01 340
12259 15 2 4 6.289e+02 6.311e+02 20 2 1 6.433e+02 6.587e+02 142 2 1 4.373e+02 4.447e+02 70 2 2 6.213e+02 6.387e+02 161 2 3 6.442e+02 6.578e+02 127 3 3 1.883e+02 1.897e+02 12 3 4 2.508e+02 2.532e+02 23 3 1 3.133e+02 3.167e+02 32 3 3 3.948e+02 4.032e+02 78 3 2 4.113e+02 4.287e+02 161 3 2 3.667e+02 3.893e+02 210 3 4 4.070e+02 4.330e+02 241 3 4 1.973e+02 2.227e+02 236 3 1 3.856e+02 4.124e+02 250 3 4 3.626e+02 3.934e+02 286
12260 6 0 2 6.275e+02 6.325e+02 46 0 4 7.921e+01 8.879e+01 89 0 4 6.197e+02 6.403e+02 191 0 4 7.347e+01 9.453e+01 196 0 1 5.909e+02 6.271e+02 336 0 3 6.398e+02 6.622e+02 207
12263 56 0 1 6.510e+02 6.510e+02 0 0 3 1.033e+02 1.067e+02 31 0 2 3.338e+02 3.382e+02 40 0 4 6.671e+02 6.769e+02 91 0 1 6.266e+01 6.334e+01 6 0 3 4.373e+02 4.447e+02 69 0 2 8.187e+01 8.613e+01 40 0 2 5.012e+02 5.068e+02 52 0 4 3.181e+02 3.539e+02 332 0 4 5.840e+02 5.920e+02 75 0 4 6.540e+01 1.026e+02 346 0 3 6.479e+02 6.541e+02 57 0 4 5.032e+02 5.048e+02 15 0 1 5.924e+02 6.256e+02 308 0 2 6.681e+02 6.759e+02 73 0 1 4.768e+02 4.892e+02 116 1 4 5.453e+02 5.467e+02 12 1 2 6.300e+02 6.300e+02 -1 1 3 5.649e+02 5.691e+02 39 1 1 6.069e+02 6.111e+02 40 1 1 4.259e+02 4.561e+02 281 1 2 5.878e+02 5.882e+02 3 1 3 5.994e+02 6.186e+02 178 1 4 5.866e+02 5.894e+02 26 1 4 6.223e+02 6.377e+02 143 1 1 5.540e+02 5.800e+02 241 1 3 5.530e+02 5.810e+02 260 2 3 4.830e+02 4.830e+02 -6 2 4 2.494e+02 2.546e+02 49 2 4 2.940e+02 2.940e+02 -6 2 2 5.035e+02 5.045e+02 9 2 1 3.565e+02 3.575e+02 10 2 4 4.617e+02 4.623e+02 6 2 3 1.716e+01 2.484e+01 71 2 2 8.393e+01 8.407e+01 1 2 4 4.041e+02 4.359e+02 296 2 3 1.470e+02 1.470e+02 -0 2 1 4.706e+02 4.954e+02 230 2 2 2.480e+02 2.560e+02 75 2 3 4.274e+02 4.546e+02 252 2 3 3.106e+02 3.194e+02 82 2 4 4.866e+02 5.214e+02 323 2 4 3.728e+02 3.832e+02 96 2 2 3.439e+01 4.961e+01 141 2 4 1.163e+02 1.357e+02 180 2 2 1.617e+02 1.743e+02 116 2 2 2.344e+02 2.696e+02 326 2 3 2.654e+02 2.806e+02 141 2 2 3.274e+02 3.446e+02 160 2 4 3.287e+01 5.113e+01 170 2 3 8.873e+01 1.213e+02 302 2 3 1.803e+02 1.977e+02 162 2 4 2.793e+02 3.087e+02 272 2 1 3.389e+02 3.751e+02 336 2 3 5.418e+01 7.182e+01 164 3 4 1.116e+02 1.404e+02 267
12267 24 0 4 2.837e+02 3.043e+02 192 0 1 5.167e+02 5.333e+02 155 0 2 4.899e+02 5.181e+02 261 0 3 5.191e+02 5.309e+02 110 0 4 4.888e+02 5.192e+02 282 2 3 6.068e+02 6.112e+02 40 2 2 3.780e+02 3.780e+02 -3 2 3 1.469e+02 1.471e+02 1 2 4 4.175e+02 4.225e+02 46 2 3 3.520e+02 3.620e+02 93 2 4 4.545e+02 4.695e+02 140 2 4 3.255e+01 5.145e+01 176 2 2 6.202e+02 6.398e+02 181 2 2 1.537e+02 1.823e+02 265 2 4 3.239e+02 3.481e+02 225 2 3 4.319e+02 4.501e+02 170 2 3 5.203e+01 7.397e+01 204 2 1 6.317e+02 6.703e+02 358 2 4 1.106e+02 1.414e+02 286 2 1 3.918e+02 4.062e+02 134 2 2 4.447e+02 4.793e+02 322 2 1 5.908e+02 6.272e+02 339 3 2 3.717e+01 4.683e+01 90 3 1 1.653e+01 2.547e+01 83
12271 28 0 1 5.645e+02 5.695e+02 46 0 1 6.090e+02 6.090e+02 0 0 1 6.424e+02 6.596e+02 159 0 1 4.365e+02 4.455e+02 84 0 3 6.081e+02 6.099e+02 17 0 3 6.439e+02 6.581e+02 131 0 1 5.490e+02 5.850e+02 334 0 2 6.254e+02 6.346e+02 85 0 2 6.647e+02 6.793e+02 135 0 3 5.992e+02 6.188e+02 182 0 4 6.668e+02 6.772e+02 97 0 2 6.181e+02 6.419e+02 221 0 1 6.345e+02 6.675e+02 307 0 4 6.213e+02 6.387e+02 162 0 4 6.121e+02 6.479e+02 333 1 2 6.300e+02 6.300e+02 -8 1 2 5.849e+02 5.911e+02 57 1 4 6.299e+02 6.301e+02 2 1 3 5.504e+02 5.836e+02 308 1 1 6.007e+02 6.173e+02 155 1 2 6.252e+02 6.348e+02 90 1 3 5.936e+02 6.244e+02 286 2 1 1.863e+02 1.917e+02 50 2 1 1.443e+02 1.497e+02 50 2 4 2.072e+02 2.128e+02 52 2 1 2.651e+02 2.809e+02 147 2 2 2.031e+02 2.169e+02 128 2 3 1.720e+02 2.060e+02 316
12272 8 0 3 6.067e+02 6.113e+02 42 0 4 4.940e+02 5.140e+02 186 0 4 6.135e+02 6.465e+02 306 0 3 5.534e+02 5.806e+02 253 0 1 5.893e+02 6.287e+02 366 2 4 3.879e+01 4.521e+01 60 2 2 7.468e+01 9.332e+01 173 2 3 5.620e+01 6.980e+01 126
12273 9 0 1 4.399e+02 4.421e+02 20 0 2 4.485e+02 4.755e+02 250 0 1 5.156e+02 5.344e+02 175 0 1 4.270e+02 4.550e+02 260 0 3 5.121e+02 5.379e+02 240 0 2 5.339e+02 5.581e+02 226 1 2 6.200e+02 6.400e+02 186 2 4 1.611e+02 1.749e+02 129 2 3 1.307e+02 1.633e+02 303
12275 13 0 2 4.620e+02 4.620e+02 -24 0 1 3.512e+02 3.628e+02 108 0 3 4.314e+02 4.506e+02 178 0 4 4.620e+02 4.620e+02 -3 0 2 3.276e+02 3.444e+02 156 0 2 6.595e+02 6.845e+02 231 0 2 4.970e+02 5.110e+02 130 0 4 3.940e+02 4.460e+02 482 2 4 3.633e+02 3.927e+02 272 2 3 2.305e+00 3.969e+01 347 2 2 2.604e+01 5.796e+01 296 2 4 2.748e+01 5.652e+01 270 2 1 -3.258e+00 4.526e+01 450
12280 9 0 3 5.193e+02 5.307e+02 106 0 4 6.225e+02 6.375e+02 140 0 2 4.987e+02 5.093e+02 99 0 4 4.875e+02 5.205e+02 307 0 1 5.085e+02 5.415e+02 307 2 1 2.070e+01 2.130e+01 6 2 3 2.100e+01 2.100e+01 -18 2 3 5.485e+01 7.115e+01 151 2 4 2.905e+01 5.495e+01 240
12281 8 0 2 6.682e+02 6.758e+02 71 0 4 6.653e+02 6.787e+02 124 0 4 6.560e+02 6.880e+02 296 1 1 5.926e+02 6.254e+02 304 2 3 1.875e+02 1.905e+02 28 2 4 4.937e+02 5.143e+02 190 2 2 1.859e+01 6.541e+01 435 3 3 9.214e+00 3.279e+01 219
