29099 7 0 2 6.713e+02 6.727e+02 13 0 4 6.603e+02 6.837e+02 217 0 1 6.352e+02 6.668e+02 294 0 4 6.513e+02 6.927e+02 384 1 4 1.515e+02 1.845e+02 306 1 1 7.421e+00 3.458e+01 252 2 4 1.446e+02 1.914e+02 434
29101 0
29103 0
29108 5 2 4 6.294e+02 6.306e+02 10 2 1 5.986e+02 6.194e+02 193 2 2 3.733e+02 3.827e+02 88 3 2 4.602e+02 4.638e+02 34 3 1 4.635e+02 5.025e+02 362
29111 6 0 4 6.197e+02 6.403e+02 192 0 1 5.894e+02 6.286e+02 364 0 3 5.856e+02 6.324e+02 434 2 4 1.565e+02 1.795e+02 213 2 1 8.319e+00 3.368e+01 236 2 3 7.242e+00 3.476e+01 256
29112 12 0 4 6.290e+02 6.310e+02 18 0 2 3.314e+02 3.406e+02 86 0 3 4.812e+02 4.848e+02 34 0 4 3.246e+02 3.474e+02 212 0 2 6.261e+02 6.339e+02 73 0 4 4.432e+02 4.808e+02 349 0 1 3.391e+02 3.749e+02 333 0 1 5.914e+02 6.266e+02 326 2 1 6.100e+01 6.500e+01 37 2 3 5.413e+01 7.187e+01 165 2 4 3.049e+01 5.351e+01 214 2 2 2.788e+01 5.612e+01 262
29113 54 0 4 5.040e+02 5.040e+02 -8 0 4 3.673e+02 3.887e+02 199 0 3 5.637e+02 5.703e+02 61 0 4 5.877e+02 5.883e+02 6 0 1 3.473e+02 3.667e+02 180 0 4 6.720e+02 6.720e+02 0 0 3 2.577e+02 2.883e+02 284 0 1 4.334e+02 4.486e+02 141 0 2 3.229e+02 3.491e+02 244 0 2 4.600e+02 4.640e+02 37 0 2 5.383e+02 5.537e+02 144 0 3 6.003e+02 6.177e+02 162 0 2 6.661e+02 6.779e+02 110 0 4 4.539e+02 4.701e+02 151 0 1 5.541e+02 5.799e+02 240 0 4 5.787e+02 5.973e+02 173 0 1 6.330e+02 6.690e+02 335 0 3 4.664e+02 4.996e+02 309 0 4 4.471e+02 4.769e+02 276 1 1 6.076e+02 6.104e+02 26 1 1 2.200e+02 2.420e+02 205 1 3 6.057e+02 6.123e+02 60 1 2 6.107e+02 6.493e+02 359 2 1 1.954e+01 2.246e+01 27 2 4 5.036e+02 5.044e+02 8 2 4 1.257e+02 1.263e+02 6 2 4 5.411e+02 5.509e+02 90 2 4 2.100e+02 2.100e+02 -7 2 2 6.709e+02 6.731e+02 20 2 1 3.558e+02 3.582e+02 23 2 1 4.806e+02 4.854e+02 44 2 3 2.100e+01 2.100e+01 -1 2 3 5.654e+02 5.686e+02 30 2 3 1.043e+02 1.057e+02 14 2 2 5.796e+02 5.964e+02 156 2 3 2.220e+02 2.400e+02 167 2 3 4.281e+02 4.539e+02 239 2 3 3.546e+02 3.594e+02 45 2 2 4.590e+02 4.650e+02 56 2 2 2.551e+01 5.849e+01 306 2 3 5.191e+02 5.309e+02 109 2 2 1.241e+02 1.279e+02 36 2 3 6.376e+02 6.644e+02 250 2 1 1.355e+02 1.585e+02 214 2 4 4.462e+02 4.778e+02 293 2 2 1.993e+02 2.207e+02 199 2 2 5.378e+02 5.542e+02 152 2 2 3.264e+02 3.456e+02 178 2 4 6.575e+02 6.865e+02 270 2 2 7.415e+01 9.385e+01 183 2 1 5.549e+02 5.791e+02 224 2 4 3.279e+02 3.441e+02 150 2 3 9.784e+01 1.122e+02 133 2 4 6.620e+01 1.018e+02 330
29114 5 1 4 5.810e+02 5.950e+02 130 1 1 5.490e+02 5.850e+02 335 1 3 5.520e+02 5.820e+02 279 1 2 5.740e+02 6.020e+02 260 1 3 5.467e+02 5.873e+02 376
29115 62 0 3 2.310e+02 2.310e+02 -23 0 3 6.090e+02 6.090e+02 -23 0 1 3.150e+02 3.150e+02 -1 0 4 3.780e+02 3.780e+02 -3 0 4 4.197e+02 4.203e+02 6 0 3 9.990e+01 1.101e+02 95 0 2 4.602e+02 4.638e+02 34 0 2 2.087e+02 2.113e+02 25 0 3 5.665e+02 5.675e+02 9 0 2 2.922e+02 2.958e+02 34 0 1 3.510e+02 3.630e+02 111 0 4 6.720e+02 6.720e+02 -14 0 4 2.858e+02 3.022e+02 152 0 1 3.948e+02 4.032e+02 77 0 2 3.704e+02 3.856e+02 140 0 1 4.765e+02 4.895e+02 120 0 2 3.613e+02 3.947e+02 310 0 3 5.250e+02 5.250e+02 -0 0 2 3.188e+02 3.532e+02 319 0 3 3.897e+02 4.083e+02 173 0 3 4.786e+02 4.874e+02 81 0 1 5.633e+02 5.707e+02 69 0 4 5.855e+02 5.905e+02 46 0 3 6.510e+02 6.510e+02 -19 0 4 4.500e+02 4.740e+02 223 0 1 5.545e+02 5.795e+02 231 0 1 6.077e+02 6.103e+02 25 0 3 6.349e+02 6.671e+02 300 0 4 4.889e+02 5.191e+02 280 0 4 5.754e+02 6.006e+02 235 0 1 6.008e+02 6.172e+02 153 1 3 5.670e+02 5.670e+02 -5 1 4 4.620e+02 4.620e+02 -1 1 1 3.903e+02 4.077e+02 162 1 4 4.962e+02 5.118e+02 146 1 1 5.516e+02 5.824e+02 286 1 1 6.085e+02 6.095e+02 9 1 3 5.566e+02 5.774e+02 193 1 3 6.086e+02 6.094e+02 7 1 2 5.746e+02 6.014e+02 248 1 2 5.313e+02 5.607e+02 274 2 4 2.511e+02 2.529e+02 16 2 4 5.040e+02 5.040e+02 -21 2 4 1.260e+02 1.260e+02 -17 2 4 5.460e+02 5.460e+02 -24 2 2 2.100e+02 2.100e+02 -11 2 2 5.010e+02 5.070e+02 56 2 3 1.050e+02 1.050e+02 -9 2 3 5.093e+02 5.407e+02 292 2 2 1.679e+02 1.681e+02 1 2 4 5.753e+02 6.007e+02 236 2 4 2.090e+02 2.110e+02 18 2 2 1.165e+02 1.355e+02 176 2 4 1.671e+02 1.689e+02 17 2 3 2.198e+02 2.422e+02 207 2 3 2.588e+02 2.872e+02 264 2 3 1.801e+02 1.979e+02 165 2 4 1.538e+02 1.822e+02 263 2 1 1.764e+02 2.016e+02 234 2 3 1.336e+02 1.604e+02 250 3 4 3.237e+01 5.163e+01 179 3 4 2.049e+02 2.151e+02 94
29116 1 0 3 5.961e+02 6.219e+02 240
29117 13 0 4 2.938e+02 2.942e+02 3 0 2 5.037e+02 5.043e+02 6 0 1 2.692e+02 2.768e+02 70 0 1 4.763e+02 4.897e+02 124 0 3 2.592e+02 2.868e+02 257 0 3 5.138e+02 5.362e+02 208 0 2 2.803e+02 3.077e+02 254 0 2 6.581e+02 6.859e+02 258 0 4 4.918e+02 5.162e+02 226 0 4 6.562e+02 6.878e+02 293 1 4 6.110e+02 6.490e+02 353 2 3 2.723e+02 2.737e+02 13 2 4 2.796e+02 3.084e+02 267
29118 5 3 4 4.574e+02 4.666e+02 85 3 3 4.744e+02 4.916e+02 160 3 2 4.520e+02 4.720e+02 186 3 1 4.674e+02 4.986e+02 289 3 3 4.628e+02 5.032e+02 375
29119 1 3 1 1.343e+02 1.597e+02 236
29122 19 0 4 6.281e+02 6.319e+02 35 0 3 3.935e+02 4.045e+02 101 0 1 5.958e+02 6.222e+02 246 0 1 3.824e+02 4.156e+02 309 0 4 3.583e+02 3.977e+02 366 0 3 6.000e+02 6.180e+02 167 0 4 6.142e+02 6.458e+02 293 0 4 5.742e+02 6.018e+02 256 2 3 2.021e+01 2.179e+01 15 2 3 1.454e+02 1.486e+02 29 2 2 3.968e+01 4.432e+01 43 2 4 4.139e+01 4.261e+01 11 2 4 1.160e+02 1.360e+02 186 2 1 1.317e+02 1.623e+02 284 2 1 1.254e+01 2.946e+01 157 2 2 1.537e+02 1.823e+02 265 2 1 5.090e+01 7.510e+01 225 2 2 2.793e+01 5.607e+01 261 2 3 4.547e+01 8.053e+01 326
29124 50 0 3 4.410e+02 4.410e+02 -2 0 1 1.860e+02 1.920e+02 56 0 2 6.223e+02 6.377e+02 143 0 4 1.531e+02 1.829e+02 277 0 2 6.678e+02 6.762e+02 77 0 2 2.024e+02 2.176e+02 140 0 1 4.333e+02 4.487e+02 142 0 3 2.164e+02 2.456e+02 270 0 4 6.258e+02 6.342e+02 79 0 4 6.564e+02 6.876e+02 290 0 4 1.932e+02 2.268e+02 312 0 4 4.452e+02 4.788e+02 311 0 1 5.983e+02 6.197e+02 199 0 2 6.537e+02 6.903e+02 340 0 3 6.003e+02 6.177e+02 161 1 1 5.234e+02 5.266e+02 30 1 2 6.290e+02 6.310e+02 19 1 3 5.247e+02 5.253e+02 6 1 4 6.270e+02 6.330e+02 56 1 1 5.505e+02 5.835e+02 306 1 2 6.225e+02 6.375e+02 140 1 1 5.937e+02 6.243e+02 285 2 4 3.780e+02 3.780e+02 -11 2 1 3.988e+02 3.992e+02 3 2 2 4.143e+01 4.257e+01 10 2 2 2.476e+02 2.564e+02 81 2 2 5.787e+02 5.973e+02 172 2 4 3.865e+01 4.535e+01 62 2 3 3.865e+02 4.115e+02 231 2 2 1.209e+02 1.311e+02 95 2 3 5.506e+02 5.834e+02 304 2 3 1.847e+02 1.933e+02 80 2 1 6.005e+02 6.175e+02 157 2 4 2.447e+02 2.593e+02 136 2 3 5.121e+02 5.379e+02 239 2 2 3.638e+02 3.922e+02 263 2 4 5.749e+02 6.011e+02 244 2 3 1.420e+01 2.780e+01 126 2 4 1.252e+02 1.268e+02 16 2 4 1.616e+02 1.744e+02 120 2 2 2.037e+02 2.163e+02 116 2 3 2.558e+02 2.902e+02 319 2 2 3.120e+01 5.280e+01 200 2 3 9.367e+01 1.163e+02 210 2 3 1.330e+02 1.610e+02 260 2 1 5.852e+00 3.615e+01 281 2 4 1.120e+02 1.400e+02 260 2 2 2.524e+01 5.876e+01 311 2 4 2.685e+01 5.715e+01 281 2 1 4.754e+01 7.846e+01 287
29126 1 2 3 8.698e+01 1.230e+02 335
29127 13 0 2 1.657e+02 1.703e+02 42 0 4 7.697e+01 9.103e+01 130 0 4 2.006e+02 2.194e+02 175 0 1 1.382e+02 1.558e+02 163 0 1 2.239e+02 2.381e+02 132 0 3 2.243e+02 2.377e+02 124 0 2 2.010e+02 2.190e+02 168 1 1 1.470e+02 1.470e+02 -24 1 2 1.673e+02 1.687e+02 13 1 3 1.332e+02 1.608e+02 257 1 4 1.657e+02 1.703e+02 43 1 2 1.127e+02 1.393e+02 247 1 1 1.303e+02 1.637e+02 310
29128 0
29130 9 0 2 6.540e+02 6.900e+02 335 2 1 1.863e+02 1.917e+02 50 2 1 1.236e+01 2.964e+01 160 2 2 1.565e+02 1.795e+02 213 2 2 3.412e+01 4.988e+01 146 2 4 1.561e+02 1.799e+02 220 2 4 3.049e+01 5.351e+01 214 2 3 1.309e+02 1.631e+02 300 2 3 1.706e+02 2.074e+02 341
29133 22 0 4 5.033e+02 5.047e+02 12 0 3 5.223e+02 5.277e+02 50 0 4 5.823e+02 5.937e+02 106 0 3 6.441e+02 6.579e+02 128 0 2 1.953e+02 2.247e+02 272 0 2 4.972e+02 5.108e+02 126 0 3 2.123e+02 2.497e+02 347 0 1 5.568e+02 5.772e+02 190 0 2 6.196e+02 6.404e+02 193 0 1 6.374e+02 6.646e+02 252 0 1 4.739e+02 4.921e+02 169 0 1 5.157e+02 5.343e+02 172 0 4 6.137e+02 6.463e+02 303 0 3 4.652e+02 5.008e+02 330 0 3 5.031e+02 5.469e+02 406 0 4 4.871e+02 5.209e+02 314 1 4 6.263e+02 6.337e+02 69 2 2 4.031e+01 4.369e+01 31 2 4 1.247e+02 1.273e+02 24 2 2 7.352e+01 9.448e+01 195 2 4 7.720e+01 9.080e+01 126 2 3 9.452e+01 1.155e+02 195
29135 21 0 3 6.503e+02 6.517e+02 13 0 1 4.725e+02 4.935e+02 196 0 3 5.657e+02 5.683e+02 25 0 4 2.254e+01 6.146e+01 361 0 4 5.820e+02 5.940e+02 110 0 2 6.714e+02 6.726e+02 10 0 3 4.735e+02 4.925e+02 177 0 3 5.554e+02 5.786e+02 216 0 1 5.994e+02 6.186e+02 179 0 4 6.674e+02 6.766e+02 85 0 2 4.503e+02 4.737e+02 218 0 2 6.173e+02 6.427e+02 236 0 1 6.379e+02 6.641e+02 243 0 4 4.450e+02 4.790e+02 316 0 4 6.558e+02 6.882e+02 300 0 3 4.631e+02 5.029e+02 370 0 1 6.320e+02 6.700e+02 352 0 4 4.828e+02 5.252e+02 394 0 2 6.477e+02 6.963e+02 451 0 2 4.368e+02 4.872e+02 468 1 2 6.068e+02 6.532e+02 431
29136 1 1 4 5.870e+02 5.890e+02 19
29138 29 0 2 3.339e+02 3.381e+02 39 0 3 5.077e+02 5.423e+02 322 2 1 2.722e+02 2.738e+02 16 2 2 3.762e+02 3.798e+02 34 2 4 2.057e+02 2.143e+02 80 2 3 2.694e+02 2.766e+02 66 2 4 3.742e+02 3.818e+02 70 2 1 3.805e+02 4.175e+02 343 2 2 2.465e+02 2.575e+02 101 2 4 2.909e+02 2.971e+02 57 2 3 2.193e+02 2.427e+02 217 2 1 2.587e+02 2.873e+02 265 2 2 2.327e+02 2.713e+02 359 2 3 2.618e+02 2.842e+02 208 2 4 2.370e+02 2.670e+02 278 2 2 2.819e+02 3.061e+02 226 2 3 2.963e+02 3.337e+02 346 3 2 1.251e+02 1.269e+02 16 3 2 2.060e+02 2.140e+02 74 3 3 5.566e+01 7.034e+01 136 3 4 1.219e+02 1.301e+02 76 3 4 7.796e+01 9.004e+01 112 3 4 1.995e+02 2.205e+02 196 3 1 1.422e+02 1.518e+02 90 3 2 2.510e+01 5.890e+01 314 3 3 1.732e+02 2.048e+02 294 3 3 1.349e+02 1.591e+02 225 3 1 9.200e+01 1.180e+02 241 3 3 9.384e+01 1.162e+02 207
29139 10 0 3 6.494e+02 6.526e+02 30 0 2 4.955e+02 5.125e+02 157 0 2 6.698e+02 6.742e+02 40 0 1 4.674e+02 4.986e+02 290 0 1 6.451e+02 6.569e+02 109 0 4 6.575e+02 6.865e+02 270 2 4 8.227e+01 8.573e+01 32 2 2 7.976e+01 8.824e+01 79 2 3 8.684e+01 1.232e+02 337 3 1 3.127e+02 3.173e+02 43
29140 10 0 1 5.670e+02 5.670e+02 -8 0 4 6.720e+02 6.720e+02 -14 2 4 8.330e+01 8.470e+01 13 2 4 2.414e+02 2.626e+02 197 2 2 2.833e+01 5.567e+01 254 2 3 5.942e+02 6.238e+02 275 2 2 7.482e+01 9.318e+01 170 2 4 2.790e+02 3.090e+02 279 2 4 3.598e+02 3.962e+02 339 2 3 9.264e+01 1.174e+02 230
29142 1 2 4 5.880e+02 5.880e+02 -9
29143 2 0 3 6.447e+02 6.573e+02 117 0 4 6.604e+02 6.836e+02 215
29144 17 0 1 6.495e+02 6.525e+02 27 0 1 5.584e+02 5.756e+02 159 0 3 5.632e+02 5.708e+02 70 0 3 6.426e+02 6.594e+02 156 0 4 4.103e+02 4.297e+02 180 0 2 5.280e+02 5.640e+02 335 0 4 5.750e+02 6.010e+02 240 0 2 6.590e+02 6.850e+02 240 0 3 4.304e+02 4.516e+02 196 0 4 6.608e+02 6.832e+02 207 0 2 6.518e+02 6.922e+02 376 1 1 6.279e+01 6.321e+01 4 1 2 7.109e+01 9.691e+01 240 2 3 6.024e+01 6.576e+01 51 2 3 4.790e+01 7.810e+01 280 2 4 7.320e+01 9.480e+01 200 2 3 8.927e+01 1.207e+02 292
29146 8 0 3 4.786e+02 4.874e+02 82 0 4 6.666e+02 6.774e+02 100 0 1 4.726e+02 4.934e+02 193 0 1 6.449e+02 6.571e+02 113 0 2 4.499e+02 4.741e+02 226 0 2 6.613e+02 6.827e+02 198 0 4 4.438e+02 4.802e+02 338 0 3 6.379e+02 6.641e+02 243
29147 10 0 1 6.510e+02 6.510e+02 -3 0 1 6.063e+02 6.117e+02 50 0 3 6.473e+02 6.547e+02 68 0 3 6.090e+02 6.090e+02 -2 0 2 6.242e+02 6.358e+02 107 0 4 6.568e+02 6.872e+02 283 0 4 5.755e+02 6.005e+02 231 0 4 6.116e+02 6.484e+02 342 2 3 3.104e+02 3.196e+02 85 2 4 2.894e+02 2.986e+02 85
29148 25 0 2 3.978e+01 4.422e+01 41 0 4 2.890e+02 2.990e+02 92 0 3 5.667e+02 5.673e+02 6 0 4 3.358e+01 5.042e+01 156 0 1 3.041e+02 3.259e+02 203 0 3 5.490e+01 7.110e+01 150 0 4 4.547e+02 4.693e+02 136 0 4 1.693e+01 6.707e+01 466 0 2 6.254e+02 6.346e+02 86 0 4 6.720e+02 6.720e+02 -20 0 4 5.784e+02 5.976e+02 179 0 2 6.665e+02 6.775e+02 103 0 1 5.999e+02 6.181e+02 169 0 1 6.308e+02 6.712e+02 375 1 4 6.293e+02 6.307e+02 12 2 2 1.680e+02 1.680e+02 -1 2 3 3.562e+02 3.578e+02 16 2 1 3.852e+02 4.128e+02 257 2 4 1.592e+02 1.768e+02 164 2 4 3.255e+02 3.465e+02 196 2 3 1.936e+01 2.264e+01 30 2 4 1.165e+02 1.355e+02 177 2 2 3.698e+02 3.862e+02 153 2 1 1.720e+01 2.480e+01 70 2 4 3.268e+01 5.132e+01 173
29149 9 0 2 4.460e+02 4.780e+02 296 0 1 4.640e+02 5.020e+02 352 1 1 2.714e+02 2.746e+02 29 1 1 1.700e+02 2.080e+02 353 1 3 2.711e+02 2.749e+02 36 1 2 2.746e+02 3.134e+02 360 1 1 2.285e+02 2.335e+02 47 1 3 2.562e+02 2.898e+02 311 1 3 2.116e+02 2.504e+02 360
29150 10 0 2 4.613e+02 4.627e+02 12 0 2 4.558e+02 4.682e+02 116 0 1 4.279e+02 4.541e+02 244 0 4 4.512e+02 4.728e+02 200 0 2 6.113e+02 6.487e+02 348 0 3 4.695e+02 4.965e+02 250 0 3 5.435e+02 5.905e+02 436 0 4 6.058e+02 6.542e+02 449 0 3 6.249e+02 6.771e+02 485 0 4 5.660e+02 6.100e+02 408
29151 5 0 2 2.705e+02 3.175e+02 437 0 4 2.673e+02 3.207e+02 496 1 4 3.119e+02 3.601e+02 448 1 3 3.331e+02 3.809e+02 445 1 1 3.303e+02 3.837e+02 496
