38490 1 2 2 4.372e+02 4.868e+02 460
38491 10 0 4 2.890e+02 2.990e+02 92 0 3 4.820e+02 4.840e+02 18 0 1 4.388e+02 4.432e+02 40 0 2 4.522e+02 4.718e+02 182 0 4 4.850e+02 5.230e+02 353 0 3 5.058e+02 5.442e+02 357 2 4 2.459e+02 2.581e+02 114 2 2 2.908e+02 2.972e+02 59 2 2 2.332e+02 2.708e+02 350 2 3 2.570e+02 2.890e+02 296
38492 0
38496 16 2 4 1.646e+02 1.714e+02 64 2 3 2.706e+02 2.754e+02 44 2 4 4.157e+01 4.243e+01 8 2 2 7.742e+01 9.058e+01 122 2 3 1.868e+02 1.912e+02 40 2 4 2.434e+02 2.606e+02 159 2 1 2.601e+02 2.859e+02 239 2 1 6.028e+01 6.572e+01 50 2 4 7.217e+01 9.583e+01 220 2 3 1.805e+02 1.975e+02 158 2 2 2.809e+02 3.071e+02 244 2 3 5.817e+01 6.783e+01 90 2 2 3.228e+01 5.172e+01 180 2 3 4.969e+01 7.631e+01 247 2 4 2.317e+01 6.083e+01 350 2 1 4.372e+01 8.228e+01 358
38497 10 0 4 5.820e+02 5.940e+02 111 0 3 5.955e+02 6.225e+02 251 1 1 5.241e+02 5.259e+02 17 1 2 5.451e+02 5.469e+02 16 1 2 4.866e+02 5.214e+02 324 2 2 2.502e+02 2.538e+02 33 2 2 2.939e+02 2.941e+02 1 2 4 1.993e+02 2.207e+02 198 2 1 2.679e+02 2.781e+02 95 2 3 2.167e+02 2.453e+02 265
38501 2 1 4 6.145e+02 6.455e+02 287 2 1 1.940e+01 2.260e+01 30
38502 8 0 2 5.458e+02 5.462e+02 3 0 1 4.787e+02 4.873e+02 80 0 1 5.221e+02 5.279e+02 54 0 4 6.666e+02 6.774e+02 100 0 1 6.447e+02 6.573e+02 116 0 1 4.664e+02 4.996e+02 309 0 3 5.522e+02 5.818e+02 276 2 3 1.640e+01 2.560e+01 86
38503 19 0 1 2.700e+02 2.760e+02 56 0 2 6.298e+02 6.302e+02 4 0 4 3.322e+02 3.398e+02 71 0 2 2.925e+02 2.955e+02 28 0 2 5.419e+02 5.501e+02 76 0 2 6.701e+02 6.739e+02 35 0 2 3.207e+02 3.513e+02 284 0 1 5.141e+02 5.359e+02 202 0 1 5.990e+02 6.190e+02 186 0 1 6.388e+02 6.632e+02 226 0 3 5.479e+02 5.861e+02 356 0 2 6.097e+02 6.503e+02 377 0 3 6.373e+02 6.647e+02 254 1 4 6.282e+02 6.318e+02 33 2 4 1.227e+02 1.293e+02 61 2 1 1.421e+02 1.519e+02 91 2 3 8.050e+00 3.395e+01 240 2 2 1.137e+02 1.383e+02 228 2 3 1.338e+02 1.602e+02 246
38505 12 0 4 6.679e+02 6.761e+02 76 0 3 6.403e+02 6.617e+02 198 0 2 6.535e+02 6.905e+02 343 0 4 6.530e+02 6.910e+02 353 2 2 1.241e+02 1.279e+02 36 2 4 1.244e+02 1.276e+02 30 2 3 1.325e+02 1.615e+02 270 2 1 1.296e+02 1.644e+02 324 3 1 1.049e+02 1.051e+02 1 3 2 7.527e+01 9.273e+01 162 3 3 9.295e+01 1.171e+02 224 3 4 7.652e+01 9.148e+01 139
38506 0
38507 6 2 3 1.867e+02 1.913e+02 43 2 2 2.088e+02 2.112e+02 23 2 4 1.573e+02 1.787e+02 198 2 3 5.525e+02 5.815e+02 269 2 1 1.822e+02 1.958e+02 127 2 4 5.699e+02 6.061e+02 336
38508 5 1 2 5.441e+02 5.479e+02 35 1 1 5.124e+02 5.376e+02 235 1 2 5.288e+02 5.632e+02 319 1 4 4.881e+02 5.199e+02 296 1 3 5.511e+02 5.829e+02 296
38509 4 3 3 2.267e+02 2.353e+02 80 3 2 2.044e+02 2.156e+02 104 3 4 1.930e+02 2.270e+02 316 3 1 1.707e+02 2.073e+02 340
38511 10 0 3 2.716e+02 2.744e+02 26 0 2 2.387e+02 2.653e+02 247 0 2 6.175e+02 6.425e+02 233 0 4 2.804e+02 3.076e+02 253 0 3 6.449e+02 6.571e+02 114 0 4 6.115e+02 6.485e+02 344 0 1 6.368e+02 6.652e+02 264 1 2 5.323e+02 5.597e+02 254 2 3 9.914e+01 1.109e+02 109 2 2 6.499e+01 1.030e+02 353
38512 4 0 2 5.361e+02 5.559e+02 184 0 4 5.838e+02 5.922e+02 79 0 1 5.489e+02 5.851e+02 336 0 1 5.904e+02 6.276e+02 345
38513 8 0 2 3.270e+02 3.450e+02 167 0 3 3.852e+02 4.128e+02 257 0 1 5.932e+02 6.248e+02 294 1 1 6.049e+02 6.131e+02 76 1 2 5.817e+02 5.943e+02 116 1 3 6.042e+02 6.138e+02 90 2 2 4.129e+02 4.271e+02 131 3 2 3.529e+01 4.871e+01 125
38514 0
38517 0
38519 0
38520 10 2 2 3.342e+02 3.378e+02 33 2 4 5.020e+02 5.060e+02 36 2 2 5.443e+02 5.477e+02 31 2 3 4.738e+02 4.922e+02 170 2 1 3.462e+02 3.678e+02 201 2 3 5.127e+02 5.373e+02 228 2 4 3.207e+02 3.513e+02 285 2 4 5.373e+02 5.547e+02 162 2 1 5.113e+02 5.387e+02 255 2 3 5.472e+02 5.868e+02 368
38526 1 2 4 6.699e+02 6.741e+02 39
38527 0
38529 7 0 2 6.250e+02 6.350e+02 92 0 4 6.220e+02 6.380e+02 149 0 3 6.373e+02 6.647e+02 255 0 1 6.350e+02 6.670e+02 297 2 2 1.234e+02 1.286e+02 48 2 4 1.231e+02 1.289e+02 55 2 1 1.322e+02 1.618e+02 275
38531 7 0 1 5.621e+02 5.719e+02 90 0 3 5.621e+02 5.719e+02 91 0 2 5.313e+02 5.607e+02 274 0 2 6.525e+02 6.915e+02 361 2 3 1.015e+02 1.085e+02 65 2 4 7.226e+01 9.574e+01 218 2 2 6.571e+01 1.023e+02 340
38532 0
38534 6 0 1 3.977e+02 4.003e+02 25 0 4 4.112e+02 4.288e+02 163 0 3 3.845e+02 4.135e+02 270 2 3 2.239e+02 2.381e+02 132 2 4 2.422e+02 2.618e+02 181 3 1 5.593e+01 7.007e+01 131
38535 63 0 3 4.410e+02 4.410e+02 -19 0 4 5.863e+02 5.897e+02 31 0 2 6.720e+02 6.720e+02 -22 0 4 4.164e+02 4.236e+02 66 0 2 4.568e+02 4.672e+02 96 0 3 5.602e+02 5.738e+02 126 0 1 6.072e+02 6.108e+02 33 0 4 6.711e+02 6.729e+02 16 0 1 4.407e+02 4.413e+02 5 0 4 4.460e+02 4.780e+02 296 0 1 5.223e+02 5.277e+02 50 0 3 6.075e+02 6.105e+02 28 0 1 6.502e+02 6.518e+02 16 0 1 3.981e+02 3.999e+02 17 0 1 5.599e+02 5.741e+02 131 0 2 6.300e+02 6.300e+02 -20 0 3 6.472e+02 6.548e+02 70 0 3 4.302e+02 4.518e+02 201 0 1 5.138e+02 5.362e+02 208 0 4 6.300e+02 6.300e+02 -11 0 3 3.816e+02 4.164e+02 324 0 2 5.345e+02 5.575e+02 214 0 4 5.750e+02 6.010e+02 242 1 3 5.670e+02 5.670e+02 -22 1 4 4.562e+02 4.678e+02 107 1 4 5.040e+02 5.040e+02 -9 1 2 5.880e+02 5.880e+02 -24 1 3 5.122e+02 5.378e+02 237 1 4 5.880e+02 5.880e+02 -9 1 4 6.294e+02 6.306e+02 10 1 2 5.396e+02 5.524e+02 120 1 3 6.030e+02 6.150e+02 112 1 4 5.738e+02 6.022e+02 264 1 1 5.979e+02 6.201e+02 206 1 3 5.907e+02 6.273e+02 340 2 3 1.044e+02 1.056e+02 11 2 3 4.830e+02 4.830e+02 -14 2 4 1.667e+02 1.693e+02 25 2 2 2.520e+02 2.520e+02 -11 2 4 2.923e+02 2.957e+02 31 2 4 4.513e+02 4.727e+02 199 2 4 1.235e+02 1.284e+02 46 2 3 4.242e+02 4.578e+02 312 2 1 1.879e+02 1.901e+02 21 2 4 2.493e+02 2.547e+02 50 2 1 3.121e+02 3.179e+02 54 2 4 8.213e+01 8.587e+01 35 2 1 1.446e+02 1.494e+02 46 2 3 2.229e+02 2.391e+02 150 2 3 3.149e+02 3.151e+02 2 2 2 3.184e+02 3.536e+02 327 2 2 7.284e+01 9.516e+01 207 2 3 1.825e+02 1.955e+02 120 2 4 2.359e+02 2.681e+02 300 2 1 2.709e+02 2.751e+02 40 2 2 1.092e+02 1.428e+02 311 2 1 1.384e+02 1.556e+02 159 2 3 2.730e+02 2.730e+02 -8 2 4 1.116e+02 1.404e+02 267 2 2 1.518e+02 1.842e+02 301 2 2 2.927e+02 2.953e+02 25 2 2 6.531e+01 1.027e+02 347 2 1 2.571e+02 2.889e+02 296
38537 1 1 2 6.117e+02 6.483e+02 340
