23032 74 0 1 6.510e+02 6.510e+02 -3 0 4 4.620e+02 4.620e+02 -3 0 2 3.755e+02 3.805e+02 47 0 3 5.670e+02 5.670e+02 -1 0 4 1.625e+02 1.735e+02 102 0 4 5.867e+02 5.893e+02 25 0 4 3.728e+02 3.832e+02 96 0 2 6.714e+02 6.726e+02 10 0 4 3.187e+02 3.533e+02 321 0 4 4.197e+02 4.203e+02 6 0 4 3.603e+02 3.957e+02 328 0 4 5.032e+02 5.048e+02 15 0 1 5.247e+02 5.253e+02 6 0 2 3.182e+02 3.538e+02 330 0 1 6.060e+02 6.120e+02 56 0 4 6.708e+02 6.732e+02 23 0 1 4.404e+02 4.416e+02 10 0 2 4.530e+02 4.710e+02 167 0 3 5.250e+02 5.250e+02 -5 0 3 6.079e+02 6.101e+02 20 0 3 6.477e+02 6.543e+02 60 0 1 3.897e+02 4.083e+02 172 0 1 4.720e+02 4.940e+02 204 0 2 5.457e+02 5.463e+02 6 0 2 6.293e+02 6.307e+02 12 0 3 4.251e+02 4.569e+02 295 0 3 4.698e+02 4.962e+02 245 0 1 5.650e+02 5.690e+02 38 0 4 6.275e+02 6.325e+02 46 0 1 3.825e+02 4.155e+02 306 0 2 4.961e+02 5.119e+02 147 0 1 5.081e+02 5.419e+02 315 0 2 6.169e+02 6.431e+02 244 0 3 3.844e+02 4.136e+02 270 0 1 5.951e+02 6.229e+02 258 0 4 6.109e+02 6.491e+02 356 1 2 5.040e+02 5.040e+02 -6 1 3 1.430e+02 1.510e+02 74 1 4 5.880e+02 5.880e+02 -7 1 1 6.087e+02 6.093e+02 6 1 2 4.445e+02 4.795e+02 325 1 1 5.667e+02 5.673e+02 5 1 3 6.081e+02 6.099e+02 16 1 3 4.672e+02 4.988e+02 294 1 3 5.623e+02 5.717e+02 87 1 2 6.300e+02 6.300e+02 -5 1 2 5.868e+02 5.892e+02 21 1 4 6.292e+02 6.308e+02 16 1 2 5.444e+02 5.476e+02 29 1 1 5.954e+02 6.226e+02 253 2 2 4.161e+01 4.239e+01 7 2 3 1.047e+02 1.053e+02 6 2 1 2.305e+02 2.315e+02 10 2 1 2.724e+02 2.736e+02 10 2 3 3.568e+02 3.572e+02 4 2 1 4.245e+02 4.575e+02 306 2 2 2.055e+02 2.145e+02 83 2 4 4.868e+02 5.212e+02 320 2 3 3.095e+02 3.205e+02 102 2 2 3.360e+02 3.360e+02 -8 2 3 8.094e+00 3.391e+01 240 2 2 1.166e+02 1.354e+02 174 2 3 1.807e+02 1.973e+02 155 2 2 2.435e+02 2.605e+02 157 2 4 2.794e+02 3.086e+02 270 2 2 3.254e+02 3.466e+02 197 2 4 3.053e+01 5.347e+01 213 2 4 7.468e+01 9.332e+01 173 2 4 1.563e+02 1.797e+02 217 2 4 2.397e+02 2.643e+02 229 2 3 3.419e+02 3.721e+02 280 2 1 4.938e+01 7.662e+01 253 2 3 2.140e+02 2.480e+02 316 2 4 3.182e+02 3.538e+02 331
23033 24 0 2 5.034e+02 5.046e+02 11 0 4 6.168e+02 6.432e+02 246 0 3 6.445e+02 6.575e+02 121 0 4 4.967e+02 5.113e+02 136 0 2 6.159e+02 6.441e+02 261 0 1 6.407e+02 6.613e+02 191 0 1 4.653e+02 5.007e+02 328 2 4 3.765e+02 3.795e+02 28 2 3 3.984e+02 3.996e+02 11 2 1 2.100e+01 2.100e+01 -1 2 1 6.062e+02 6.118e+02 52 2 3 1.041e+02 1.059e+02 17 2 4 4.932e+02 5.148e+02 200 2 2 1.661e+02 1.699e+02 35 2 2 5.793e+02 5.967e+02 161 2 3 2.282e+02 2.338e+02 52 2 4 5.789e+02 5.971e+02 169 2 3 1.155e+01 3.045e+01 176 2 3 5.889e+02 6.291e+02 373 2 1 1.871e+02 1.909e+02 35 2 4 2.037e+02 2.163e+02 117 2 1 7.872e+00 3.413e+01 244 2 3 1.354e+02 1.586e+02 216 2 4 1.516e+02 1.844e+02 304
23034 0
23035 2 1 3 5.645e+02 5.695e+02 46 2 3 1.016e+01 3.184e+01 201
23036 52 0 2 5.435e+02 5.485e+02 46 0 1 3.565e+02 3.575e+02 10 0 2 6.704e+02 6.736e+02 30 0 4 4.997e+02 5.083e+02 80 0 1 5.583e+02 5.757e+02 161 0 2 3.159e+02 3.561e+02 373 0 4 5.845e+02 5.915e+02 65 0 4 6.708e+02 6.732e+02 22 0 4 3.170e+02 3.550e+02 352 0 1 4.777e+02 4.883e+02 98 0 3 5.557e+02 5.783e+02 210 0 1 5.990e+02 6.190e+02 186 0 3 6.471e+02 6.549e+02 72 0 3 4.723e+02 4.937e+02 200 0 1 5.084e+02 5.416e+02 309 0 2 6.205e+02 6.395e+02 177 0 2 6.626e+02 6.814e+02 175 0 2 4.918e+02 5.162e+02 226 0 4 6.208e+02 6.392e+02 170 0 4 6.592e+02 6.848e+02 238 0 1 4.677e+02 4.983e+02 285 0 3 5.923e+02 6.257e+02 310 0 1 6.398e+02 6.622e+02 207 0 4 6.534e+02 6.906e+02 345 1 3 6.082e+02 6.098e+02 15 1 2 6.296e+02 6.304e+02 7 1 4 5.753e+02 6.007e+02 236 1 4 6.295e+02 6.305e+02 9 1 2 5.732e+02 6.028e+02 275 1 1 6.018e+02 6.162e+02 133 2 3 3.118e+02 3.182e+02 60 2 4 6.700e+02 6.740e+02 38 2 2 3.331e+02 3.389e+02 55 2 4 4.191e+02 4.209e+02 16 2 3 6.114e+01 6.486e+01 35 2 4 5.431e+02 5.489e+02 55 2 4 8.222e+01 8.578e+01 33 2 4 5.875e+02 5.885e+02 10 2 4 2.090e+02 2.110e+02 18 2 1 4.340e+02 4.480e+02 130 2 4 2.916e+02 2.964e+02 46 2 2 4.014e+01 4.386e+01 35 2 4 7.038e+01 9.762e+01 253 2 3 2.223e+02 2.397e+02 161 2 3 8.410e+00 3.359e+01 234 2 4 1.122e+02 1.398e+02 257 2 2 2.373e+02 2.667e+02 272 2 3 3.369e+02 3.771e+02 374 2 2 2.918e+01 5.482e+01 238 2 4 2.717e+01 5.683e+01 276 2 1 4.601e+01 7.999e+01 316 3 4 1.254e+02 1.266e+02 11
23041 1 1 1 1.425e+02 1.515e+02 83
23049 3 0 4 6.657e+02 6.783e+02 117 0 1 6.412e+02 6.608e+02 181 0 2 6.528e+02 6.912e+02 357
23050 1 2 4 3.724e+02 3.836e+02 105
23051 13 0 2 6.286e+02 6.314e+02 26 0 1 3.558e+02 3.582e+02 22 0 1 6.498e+02 6.522e+02 21 0 2 3.180e+02 3.540e+02 335 2 3 1.050e+02 1.050e+02 0 2 2 3.704e+01 4.696e+01 92 2 2 1.253e+02 1.267e+02 12 2 4 6.643e+02 6.797e+02 143 2 3 1.074e+01 3.126e+01 190 2 2 8.366e+01 8.434e+01 6 2 4 2.873e+01 5.527e+01 246 2 1 5.311e+00 3.669e+01 291 3 2 5.808e+02 5.952e+02 133
23052 0
23053 43 0 1 5.670e+02 5.670e+02 -2 0 4 6.716e+02 6.724e+02 8 0 1 6.029e+02 6.151e+02 114 0 1 6.482e+02 6.538e+02 52 0 3 4.362e+02 4.458e+02 89 0 3 5.573e+02 5.767e+02 180 0 3 6.052e+02 6.128e+02 70 0 3 6.471e+02 6.549e+02 73 0 4 4.031e+02 4.369e+02 315 0 2 4.443e+02 4.797e+02 328 0 2 6.259e+02 6.341e+02 76 0 2 6.683e+02 6.757e+02 69 0 4 5.786e+02 5.974e+02 174 0 2 6.590e+02 6.850e+02 242 0 4 6.121e+02 6.479e+02 333 0 4 6.552e+02 6.888e+02 312 0 4 5.687e+02 6.073e+02 359 0 3 6.319e+02 6.701e+02 356 1 3 5.661e+02 5.679e+02 16 1 4 6.286e+02 6.314e+02 26 1 1 6.035e+02 6.145e+02 101 1 2 5.832e+02 5.928e+02 89 1 3 6.090e+02 6.090e+02 -2 1 1 5.506e+02 5.834e+02 305 1 2 6.284e+02 6.316e+02 29 1 4 5.736e+02 6.024e+02 267 1 1 5.923e+02 6.257e+02 310 1 3 5.480e+02 5.860e+02 353 2 2 8.272e+01 8.528e+01 24 2 2 6.229e+02 6.371e+02 132 2 4 2.090e+02 2.110e+02 19 2 1 6.476e+02 6.544e+02 63 2 4 3.701e+02 3.859e+02 146 2 2 4.136e+02 4.264e+02 119 2 1 2.289e+02 2.331e+02 39 2 3 6.002e+02 6.178e+02 163 2 3 5.153e+01 7.447e+01 213 2 1 6.363e+02 6.657e+02 272 2 4 7.011e+01 9.789e+01 258 2 1 4.291e+02 4.529e+02 221 2 2 1.957e+02 2.243e+02 265 2 4 6.127e+02 6.473e+02 321 2 3 3.860e+02 4.120e+02 241
23054 38 0 4 2.379e+02 2.661e+02 262 0 4 6.545e+02 6.895e+02 326 1 2 6.267e+02 6.333e+02 62 1 2 3.326e+02 3.394e+02 64 2 3 1.868e+01 2.332e+01 43 2 4 4.617e+02 4.623e+02 6 2 3 1.046e+02 1.054e+02 7 2 4 6.265e+02 6.335e+02 65 2 3 1.469e+02 1.471e+02 2 2 3 6.489e+02 6.531e+02 39 2 2 2.913e+02 2.967e+02 50 2 3 4.334e+02 4.486e+02 141 2 4 3.708e+01 4.692e+01 91 2 2 4.572e+02 4.668e+02 89 2 4 1.178e+02 1.342e+02 153 2 2 5.847e+02 5.913e+02 60 2 1 1.841e+02 1.939e+02 90 2 2 6.700e+02 6.740e+02 36 2 4 2.940e+02 2.940e+02 0 2 4 4.530e+02 4.710e+02 168 2 3 6.198e+01 6.402e+01 19 2 4 4.042e+02 4.358e+02 294 2 2 7.746e+01 9.054e+01 121 2 1 4.740e+02 4.920e+02 168 2 2 1.508e+02 1.852e+02 319 2 3 4.722e+02 4.938e+02 201 2 2 2.353e+02 2.687e+02 310 2 4 4.442e+02 4.798e+02 331 2 4 2.803e+02 3.077e+02 254 2 2 4.857e+02 5.223e+02 340 2 1 5.027e+01 7.573e+01 236 2 4 7.796e+01 9.004e+01 112 2 3 3.057e+02 3.243e+02 173 2 1 9.531e+00 3.247e+01 213 2 2 1.108e+02 1.412e+02 282 2 3 7.915e+00 3.408e+01 243 2 2 2.676e+01 5.724e+01 283 2 3 4.489e+01 8.111e+01 336
23057 7 0 1 4.809e+02 4.851e+02 39 0 4 4.983e+02 5.097e+02 106 0 1 5.126e+02 5.374e+02 230 0 2 4.885e+02 5.195e+02 287 1 4 4.887e+02 5.193e+02 285 2 3 6.090e+02 6.090e+02 -1 2 1 3.136e+02 3.164e+02 26
23058 18 0 4 5.880e+02 5.880e+02 -10 0 1 6.459e+02 6.561e+02 94 0 1 3.963e+02 4.017e+02 50 0 3 6.490e+02 6.530e+02 38 0 4 4.899e+02 5.181e+02 261 0 3 6.064e+02 6.116e+02 49 0 2 6.232e+02 6.368e+02 126 0 2 6.134e+02 6.466e+02 309 0 4 6.148e+02 6.452e+02 282 1 4 5.846e+02 5.914e+02 64 1 1 5.590e+02 5.750e+02 149 1 1 3.015e+02 3.285e+02 250 1 2 5.328e+02 5.592e+02 245 1 3 3.007e+02 3.293e+02 265 1 3 5.515e+02 5.825e+02 287 1 2 3.125e+02 3.595e+02 436 1 2 5.725e+02 6.035e+02 287 1 4 3.105e+02 3.615e+02 473
23061 2 0 1 5.838e+02 6.342e+02 468 0 3 5.840e+02 6.340e+02 465
23062 0
23063 70 0 2 6.720e+02 6.720e+02 -24 0 4 2.865e+02 3.015e+02 140 0 1 4.405e+02 4.415e+02 9 0 2 3.737e+02 3.823e+02 80 0 2 5.032e+02 5.048e+02 16 0 2 3.667e+02 3.893e+02 210 0 3 5.661e+02 5.679e+02 16 0 3 6.024e+02 6.156e+02 123 0 4 3.650e+02 3.910e+02 241 0 1 6.485e+02 6.535e+02 46 0 3 3.951e+02 4.029e+02 73 0 4 4.565e+02 4.675e+02 101 0 1 5.625e+02 5.715e+02 84 0 2 6.249e+02 6.351e+02 95 0 1 6.408e+02 6.612e+02 190 0 3 4.349e+02 4.471e+02 113 0 2 5.265e+02 5.655e+02 363 0 4 6.266e+02 6.334e+02 63 0 3 6.401e+02 6.619e+02 203 0 3 3.853e+02 4.127e+02 254 0 1 5.445e+02 5.895e+02 418 0 1 5.969e+02 6.211e+02 224 0 4 6.575e+02 6.865e+02 270 0 1 6.354e+02 6.666e+02 290 1 4 5.412e+02 5.508e+02 90 1 1 6.090e+02 6.090e+02 -2 1 4 5.016e+02 5.064e+02 46 1 3 5.624e+02 5.716e+02 85 1 2 6.300e+02 6.300e+02 -5 1 3 4.763e+02 4.897e+02 124 1 4 6.261e+02 6.339e+02 72 1 2 4.951e+02 5.129e+02 166 1 3 6.014e+02 6.166e+02 141 1 1 5.920e+02 6.260e+02 316 1 3 5.939e+02 6.241e+02 281 2 1 1.890e+02 1.890e+02 -19 2 2 8.393e+01 8.407e+01 1 2 4 4.612e+02 4.628e+02 15 2 4 1.664e+02 1.696e+02 30 2 3 5.224e+02 5.276e+02 49 2 2 4.552e+02 4.688e+02 126 2 3 3.106e+02 3.194e+02 81 2 4 5.419e+02 5.501e+02 76 2 2 3.325e+02 3.395e+02 65 2 4 4.113e+02 4.287e+02 162 2 4 3.865e+01 4.535e+01 62 2 3 4.713e+02 4.947e+02 217 2 4 8.400e+01 8.400e+01 -4 2 3 4.282e+02 4.538e+02 238 2 3 1.857e+02 1.923e+02 61 2 4 4.915e+02 5.165e+02 232 2 2 2.486e+02 2.554e+02 63 2 4 3.660e+02 3.900e+02 223 2 3 3.802e+02 4.178e+02 349 2 3 5.772e+01 6.828e+01 98 2 2 1.245e+02 1.275e+02 27 2 2 1.576e+02 1.784e+02 193 2 4 2.380e+02 2.660e+02 260 2 4 2.798e+02 3.082e+02 263 2 3 4.704e+01 7.896e+01 296 2 4 1.219e+02 1.301e+02 76 2 3 1.735e+02 2.045e+02 287 2 1 2.160e+02 2.460e+02 278 2 1 2.965e+02 3.335e+02 343 2 3 9.281e+01 1.172e+02 226 2 1 1.354e+02 1.586e+02 216 2 2 7.047e+01 9.753e+01 251 2 2 1.511e+02 1.849e+02 314 2 4 1.502e+02 1.858e+02 331 3 1 -2.450e+00 4.445e+01 436
23064 18 0 3 6.068e+02 6.112e+02 40 0 1 5.557e+02 5.783e+02 210 0 1 6.059e+02 6.121e+02 57 0 2 6.122e+02 6.478e+02 330 0 4 4.063e+02 4.337e+02 254 0 4 6.153e+02 6.447e+02 274 1 4 5.847e+02 5.913e+02 62 2 1 1.890e+02 1.890e+02 -5 2 2 8.400e+01 8.400e+01 -23 2 2 1.647e+02 1.713e+02 61 2 3 5.306e+01 7.294e+01 185 2 3 1.350e+02 1.590e+02 223 2 1 1.043e+01 3.157e+01 196 2 4 6.742e+01 1.006e+02 308 2 4 1.549e+02 1.811e+02 243 2 3 1.478e+01 2.722e+01 116 2 2 3.174e+01 5.226e+01 190 2 4 2.824e+01 5.576e+01 256
23066 49 0 4 1.669e+02 1.691e+02 20 0 1 6.090e+02 6.090e+02 -5 0 3 1.024e+02 1.076e+02 49 0 1 6.510e+02 6.510e+02 -15 0 4 1.606e+02 1.754e+02 138 0 3 2.310e+02 2.310e+02 -12 0 4 1.518e+02 1.842e+02 301 0 1 5.667e+02 5.673e+02 6 0 4 2.399e+02 2.641e+02 225 0 2 1.982e+02 2.218e+02 220 0 3 6.481e+02 6.539e+02 54 0 1 2.210e+02 2.410e+02 186 0 4 5.880e+02 5.880e+02 -21 0 2 6.711e+02 6.729e+02 16 0 3 4.263e+02 4.557e+02 274 0 3 5.094e+02 5.406e+02 290 0 2 6.205e+02 6.395e+02 177 0 2 6.613e+02 6.827e+02 199 0 4 5.714e+02 6.046e+02 309 0 4 6.600e+02 6.840e+02 222 1 3 6.300e+01 6.300e+01 -0 1 3 5.250e+02 5.250e+02 -18 1 1 4.828e+02 4.832e+02 3 1 4 5.460e+02 5.460e+02 -23 1 1 6.270e+01 6.330e+01 6 1 4 6.300e+02 6.300e+02 -12 1 2 5.007e+02 5.073e+02 62 1 2 5.825e+02 5.935e+02 101 1 1 6.090e+02 6.090e+02 -18 1 4 3.197e+01 5.203e+01 186 1 4 4.939e+02 5.141e+02 188 1 2 5.401e+02 5.519e+02 110 1 2 5.729e+02 6.031e+02 280 1 2 5.310e+02 5.610e+02 279 1 3 5.490e+02 5.850e+02 335 1 4 6.593e+01 1.021e+02 336 2 2 2.520e+02 2.520e+02 -6 2 3 2.718e+02 2.742e+02 23 2 2 5.865e+02 5.895e+02 28 2 4 2.100e+02 2.100e+02 -7 2 4 4.200e+02 4.200e+02 -10 2 3 5.192e+02 5.308e+02 108 2 4 6.970e+01 9.830e+01 266 2 1 5.993e+02 6.187e+02 180 2 4 2.387e+02 2.653e+02 247 2 1 4.685e+02 4.975e+02 270 2 3 3.025e+02 3.275e+02 233 2 4 5.736e+02 6.024e+02 267 2 1 2.588e+02 2.872e+02 263
23068 2 0 2 6.550e+02 6.890e+02 316 0 4 6.538e+02 6.902e+02 337
23070 0
23076 0
23077 59 0 4 6.284e+02 6.316e+02 30 0 4 3.774e+02 3.786e+02 10 0 1 6.478e+02 6.542e+02 59 0 1 3.553e+02 3.587e+02 31 0 3 3.951e+02 4.029e+02 73 0 4 5.035e+02 5.045e+02 9 0 2 3.737e+02 3.823e+02 80 0 3 5.653e+02 5.687e+02 32 0 2 3.274e+02 3.446e+02 160 0 1 6.077e+02 6.103e+02 24 0 3 6.493e+02 6.527e+02 32 0 1 3.439e+02 3.701e+02 244 0 1 4.323e+02 4.497e+02 161 0 4 3.626e+02 3.934e+02 286 0 2 4.991e+02 5.089e+02 91 0 1 5.228e+02 5.272e+02 41 0 3 6.059e+02 6.121e+02 58 0 2 6.713e+02 6.727e+02 14 0 3 4.365e+02 4.455e+02 83 0 2 4.561e+02 4.679e+02 110 0 2 5.455e+02 5.465e+02 10 0 2 6.259e+02 6.341e+02 76 0 4 6.697e+02 6.743e+02 42 0 4 4.014e+02 4.386e+02 346 0 1 4.709e+02 4.951e+02 225 0 1 5.582e+02 5.758e+02 163 0 4 6.203e+02 6.397e+02 180 0 1 5.165e+02 5.335e+02 158 0 4 5.787e+02 5.973e+02 172 0 3 5.174e+02 5.326e+02 140 0 1 5.944e+02 6.236e+02 270 0 3 5.541e+02 5.799e+02 240 0 3 5.914e+02 6.266e+02 326 0 2 5.298e+02 5.622e+02 301 1 2 5.873e+02 5.887e+02 14 1 1 6.048e+02 6.132e+02 77 1 4 5.861e+02 5.899e+02 35 1 3 6.090e+02 6.090e+02 -4 1 2 5.435e+02 5.485e+02 47 1 2 6.300e+02 6.300e+02 0 1 3 5.641e+02 5.699e+02 54 1 4 6.291e+02 6.309e+02 16 1 4 5.274e+02 5.646e+02 345 2 3 1.886e+01 2.314e+01 40 2 4 2.925e+02 2.955e+02 28 2 2 4.166e+01 4.234e+01 6 2 2 5.828e+02 5.932e+02 96 2 3 9.106e+01 1.189e+02 259 2 3 2.180e+02 2.440e+02 241 2 3 5.572e+02 5.768e+02 181 2 3 3.122e+02 3.178e+02 51 2 4 5.715e+02 6.045e+02 306 2 1 6.075e+00 3.593e+01 277 2 1 5.477e+02 5.863e+02 358 2 2 1.172e+02 1.348e+02 164 2 2 2.444e+02 2.596e+02 140 2 3 2.965e+02 3.335e+02 343 2 4 1.113e+02 1.407e+02 274 2 4 2.408e+02 2.632e+02 208
23078 34 0 2 6.279e+02 6.321e+02 39 0 1 6.470e+02 6.550e+02 74 0 1 4.401e+02 4.419e+02 16 0 1 3.005e+02 3.295e+02 269 0 2 5.433e+02 5.487e+02 50 0 2 3.610e+02 3.950e+02 316 0 4 6.287e+02 6.313e+02 24 0 3 6.509e+02 6.511e+02 2 0 3 4.385e+02 4.435e+02 47 0 4 4.502e+02 4.738e+02 219 0 1 5.517e+02 5.823e+02 285 0 1 5.940e+02 6.240e+02 278 0 2 6.694e+02 6.746e+02 49 0 3 3.800e+02 4.180e+02 353 0 2 4.439e+02 4.801e+02 336 0 3 5.899e+02 6.281e+02 354 0 4 6.608e+02 6.832e+02 208 1 1 1.737e+02 2.043e+02 284 1 1 5.961e+02 6.219e+02 240 1 2 6.190e+02 6.410e+02 205 2 4 8.101e+01 8.699e+01 56 2 3 3.132e+02 3.168e+02 33 2 2 3.312e+02 3.408e+02 89 2 3 9.349e+00 3.265e+01 216 2 3 1.028e+02 1.072e+02 41 2 2 2.377e+02 2.663e+02 266 2 4 2.820e+02 3.060e+02 222 2 1 3.438e+02 3.702e+02 245 2 2 3.188e+01 5.212e+01 188 2 2 1.187e+02 1.333e+02 136 2 3 2.145e+02 2.475e+02 307 2 3 2.566e+02 2.894e+02 305 2 1 1.011e+01 3.189e+01 202 2 1 2.957e+02 3.343e+02 359
23080 16 0 2 2.928e+02 2.952e+02 22 0 2 6.709e+02 6.731e+02 20 0 4 4.578e+02 4.662e+02 78 0 4 2.827e+02 3.053e+02 210 0 4 5.876e+02 5.884e+02 8 0 4 5.763e+02 5.997e+02 217 0 1 2.552e+02 2.908e+02 331 0 1 6.326e+02 6.694e+02 341 0 1 5.936e+02 6.244e+02 286 1 3 2.236e+02 2.384e+02 138 2 4 5.420e+02 5.500e+02 75 2 1 1.657e+01 2.543e+01 82 2 4 5.316e+02 5.604e+02 268 2 4 4.892e+02 5.188e+02 276 2 4 5.258e+02 5.662e+02 375 2 4 5.683e+02 6.077e+02 366
23082 70 0 3 3.966e+02 4.014e+02 46 0 2 1.653e+02 1.707e+02 50 0 2 5.440e+02 5.480e+02 36 0 4 3.684e+02 3.876e+02 179 0 4 5.845e+02 5.915e+02 66 0 3 1.820e+02 1.960e+02 130 0 3 6.468e+02 6.552e+02 77 0 2 3.668e+02 3.892e+02 207 0 3 4.368e+02 4.452e+02 78 0 1 1.315e+02 1.625e+02 287 0 2 4.986e+02 5.094e+02 100 0 4 2.308e+02 2.732e+02 394 0 1 5.659e+02 5.681e+02 20 0 2 3.596e+02 3.964e+02 342 0 1 6.077e+02 6.103e+02 24 0 2 6.701e+02 6.739e+02 36 0 1 3.936e+02 4.044e+02 100 0 4 5.003e+02 5.077e+02 68 0 3 5.598e+02 5.742e+02 135 0 2 6.250e+02 6.350e+02 92 0 4 6.661e+02 6.779e+02 110 0 4 4.078e+02 4.322e+02 226 0 1 4.734e+02 4.926e+02 178 0 1 5.151e+02 5.349e+02 184 0 4 6.141e+02 6.459e+02 295 0 1 6.433e+02 6.587e+02 144 0 1 4.251e+02 4.569e+02 295 0 4 4.880e+02 5.200e+02 298 1 3 5.234e+02 5.266e+02 30 1 3 4.395e+02 4.425e+02 27 1 2 5.439e+02 5.481e+02 39 1 1 6.079e+02 6.101e+02 20 1 4 5.431e+02 5.489e+02 54 1 3 6.085e+02 6.095e+02 10 1 1 5.648e+02 5.692e+02 40 1 2 6.296e+02 6.304e+02 8 1 2 5.824e+02 5.936e+02 104 1 4 6.280e+02 6.320e+02 37 1 4 5.799e+02 5.961e+02 150 1 3 5.577e+02 5.763e+02 172 1 2 5.744e+02 6.016e+02 253 1 2 5.679e+02 6.081e+02 373 2 4 8.366e+01 8.434e+01 6 2 3 4.811e+02 4.849e+02 36 2 4 1.663e+02 1.697e+02 31 2 4 6.708e+02 6.732e+02 22 2 4 2.478e+02 2.562e+02 78 2 4 3.748e+02 3.812e+02 60 2 3 3.938e+02 4.042e+02 96 2 4 4.126e+01 4.274e+01 14 2 2 5.025e+02 5.055e+02 27 2 4 3.200e+02 3.520e+02 296 2 1 5.245e+02 5.255e+02 9 2 1 6.037e+01 6.563e+01 49 2 2 4.122e+02 4.278e+02 145 2 4 6.620e+01 1.018e+02 330 2 4 5.008e+02 5.072e+02 59 2 3 1.811e+02 1.969e+02 146 2 1 4.285e+02 4.535e+02 233 2 2 1.958e+02 2.242e+02 263 2 4 4.565e+02 4.675e+02 101 2 3 1.716e+01 2.484e+01 71 2 3 5.068e+02 5.432e+02 338 2 1 2.182e+02 2.438e+02 238 2 3 2.538e+02 2.922e+02 357 2 4 3.340e+01 5.060e+01 160 2 3 4.368e+01 8.232e+01 359 2 3 2.309e+00 3.969e+01 347 3 4 1.219e+02 1.301e+02 76 3 3 6.208e+01 6.392e+01 17
23083 0
23085 4 2 4 2.084e+02 2.116e+02 30 2 4 1.242e+02 1.278e+02 34 2 4 6.903e+01 9.897e+01 278 2 3 8.545e+01 1.245e+02 363
23087 2 2 4 3.689e+02 3.871e+02 169 2 4 4.076e+02 4.324e+02 230
23090 10 0 4 1.532e+02 1.828e+02 275 1 4 5.040e+02 5.040e+02 -14 1 1 9.124e+01 1.188e+02 256 1 3 4.668e+02 4.992e+02 301 1 1 4.853e+01 7.747e+01 269 1 3 8.954e+01 1.205e+02 287 1 1 3.825e+01 8.775e+01 460 1 3 1.249e+02 1.691e+02 411 1 4 1.000e+02 1.520e+02 482 2 1 4.670e+02 4.990e+02 298
23094 2 0 2 6.122e+02 6.478e+02 331 2 3 2.248e+02 2.372e+02 116
23095 50 0 1 6.090e+02 6.090e+02 -4 0 2 3.342e+02 3.378e+02 33 0 2 6.713e+02 6.727e+02 12 0 3 2.264e+02 2.356e+02 86 0 1 5.610e+02 5.730e+02 111 0 1 1.725e+02 2.055e+02 307 0 4 6.249e+02 6.351e+02 95 0 4 2.458e+02 2.582e+02 115 0 4 6.708e+02 6.732e+02 23 0 1 2.570e+02 2.890e+02 296 0 3 5.589e+02 5.751e+02 150 0 2 1.974e+02 2.226e+02 235 0 2 6.202e+02 6.398e+02 181 0 1 6.487e+02 6.533e+02 42 0 4 4.442e+02 4.798e+02 331 0 2 5.330e+02 5.590e+02 240 0 3 6.437e+02 6.583e+02 136 0 2 6.590e+02 6.850e+02 241 0 3 6.333e+02 6.687e+02 329 1 2 6.287e+02 6.313e+02 25 1 2 5.880e+02 5.880e+02 -7 1 4 6.278e+02 6.322e+02 41 1 1 5.597e+02 5.743e+02 136 1 1 6.071e+02 6.109e+02 35 1 1 4.665e+02 4.995e+02 306 1 4 5.774e+02 5.986e+02 196 1 3 6.078e+02 6.102e+02 22 1 3 5.982e+02 6.198e+02 200 1 1 5.930e+02 6.250e+02 297 2 1 4.787e+02 4.873e+02 80 2 4 1.674e+02 1.686e+02 11 2 4 2.067e+02 2.133e+02 61 2 2 4.513e+02 4.727e+02 199 2 2 2.920e+02 2.960e+02 38 2 3 1.784e+02 1.996e+02 196 2 3 4.263e+02 4.557e+02 273 2 1 2.290e+02 2.330e+02 38 2 4 4.029e+02 4.371e+02 318 2 3 2.664e+02 2.796e+02 123 2 2 1.550e+02 1.810e+02 241 2 3 2.223e+02 2.397e+02 162 2 4 2.806e+02 3.074e+02 249 2 1 1.770e+02 2.010e+02 222 2 4 2.387e+02 2.653e+02 246 2 1 3.021e+02 3.279e+02 240 2 2 1.914e+02 2.286e+02 346 2 1 2.549e+02 2.911e+02 336 3 3 9.524e+01 1.148e+02 181 3 3 9.978e+00 3.202e+01 205 3 4 1.100e+02 1.420e+02 298
23096 5 0 4 5.026e+02 5.054e+02 26 0 1 6.412e+02 6.608e+02 182 0 2 6.281e+02 6.319e+02 36 0 2 6.621e+02 6.819e+02 185 0 3 6.074e+02 6.106e+02 29
23098 12 2 4 4.604e+02 4.636e+02 30 2 1 6.068e+01 6.532e+01 43 2 4 7.895e+01 8.905e+01 94 2 4 2.381e+02 2.659e+02 259 2 4 4.430e+02 4.810e+02 352 2 3 2.656e+02 2.804e+02 137 2 4 5.285e+02 5.635e+02 326 2 3 5.673e+01 6.927e+01 116 2 4 5.677e+02 6.083e+02 377 2 3 9.568e+01 1.143e+02 173 2 4 3.044e+01 5.356e+01 215 2 2 2.268e+01 6.132e+01 359
23100 0
23101 11 0 1 3.123e+02 3.177e+02 50 0 4 6.720e+02 6.720e+02 -24 0 1 2.717e+02 2.743e+02 25 1 4 5.040e+02 5.040e+02 -20 1 4 5.880e+02 5.880e+02 -3 1 3 6.037e+02 6.143e+02 98 1 3 4.754e+02 4.906e+02 141 1 2 4.954e+02 5.126e+02 160 1 3 5.195e+02 5.305e+02 102 2 3 3.111e+02 3.189e+02 72 2 1 1.332e+02 1.608e+02 256
