41025 31 0 4 6.279e+02 6.321e+02 39 0 4 5.034e+02 5.046e+02 10 0 1 6.060e+02 6.120e+02 56 0 1 4.825e+02 4.835e+02 9 0 3 6.025e+02 6.155e+02 120 0 3 4.717e+02 4.943e+02 210 0 4 6.117e+02 6.483e+02 340 0 3 6.481e+02 6.539e+02 54 0 2 4.870e+02 5.210e+02 316 0 4 5.715e+02 6.045e+02 306 0 2 6.710e+02 6.730e+02 19 0 1 5.936e+02 6.244e+02 286 0 4 6.683e+02 6.757e+02 69 0 1 6.317e+02 6.703e+02 358 1 3 1.397e+02 1.543e+02 135 1 1 1.280e+02 1.660e+02 352 2 2 2.095e+02 2.105e+02 10 2 3 2.720e+02 2.740e+02 19 2 4 7.868e+01 8.932e+01 99 2 3 1.814e+02 1.966e+02 140 2 1 2.204e+02 2.416e+02 196 2 3 9.833e+01 1.117e+02 124 2 3 1.411e+02 1.529e+02 110 2 4 2.376e+02 2.664e+02 268 2 1 1.492e+01 2.708e+01 113 2 4 1.165e+02 1.355e+02 177 2 4 1.514e+02 1.846e+02 309 2 2 3.125e+01 5.275e+01 200 2 2 1.064e+02 1.456e+02 365 2 4 3.318e+01 5.082e+01 164 2 3 9.891e+00 3.211e+01 206
41027 0
41028 1 1 2 5.709e+02 6.051e+02 317
41029 24 1 2 6.280e+02 6.320e+02 37 1 4 5.413e+02 5.507e+02 88 1 4 6.115e+02 6.485e+02 343 2 1 1.884e+02 1.896e+02 10 2 2 4.183e+02 4.217e+02 32 2 4 3.774e+02 3.786e+02 11 2 4 5.007e+02 5.073e+02 60 2 3 2.100e+01 2.100e+01 -12 2 4 4.169e+02 4.231e+02 57 2 4 1.646e+02 1.714e+02 63 2 3 3.855e+02 4.125e+02 251 2 2 2.071e+02 2.129e+02 55 2 4 3.353e+02 3.367e+02 13 2 4 4.030e+02 4.370e+02 316 2 4 4.085e+01 4.315e+01 21 2 3 1.784e+02 1.996e+02 196 2 4 2.776e+02 3.104e+02 304 2 4 3.176e+02 3.544e+02 341 2 1 6.158e+01 6.442e+01 26 2 2 1.487e+02 1.873e+02 358 2 3 3.384e+02 3.756e+02 346 2 2 3.982e+01 4.418e+01 40 2 4 2.474e+01 5.926e+01 320 2 3 4.740e+01 7.860e+01 290
41030 5 0 4 6.260e+02 6.340e+02 74 1 2 1.666e+02 1.694e+02 26 1 3 1.782e+02 1.998e+02 201 1 1 1.300e+02 1.640e+02 316 1 4 1.570e+02 1.790e+02 205
41032 10 0 4 5.002e+02 5.078e+02 70 1 2 5.871e+02 5.889e+02 16 1 1 5.633e+02 5.707e+02 68 1 4 5.845e+02 5.915e+02 66 1 3 5.946e+02 6.234e+02 267 1 3 5.564e+02 5.776e+02 196 1 2 5.715e+02 6.045e+02 306 1 1 5.522e+02 5.818e+02 276 2 1 6.300e+01 6.300e+01 -23 2 4 6.716e+02 6.724e+02 8
41033 11 0 1 5.934e+01 6.666e+01 68 0 1 3.938e+02 4.042e+02 97 0 3 6.046e+01 6.554e+01 47 0 2 6.723e+01 1.008e+02 311 0 4 2.402e+01 5.998e+01 334 2 2 8.400e+01 8.400e+01 -11 2 2 1.210e+02 1.310e+02 92 2 4 8.168e+01 8.632e+01 43 2 3 4.615e+01 7.985e+01 313 2 2 1.095e+02 1.424e+02 306 2 2 6.580e+01 1.022e+02 338
41037 11 0 2 6.629e+02 6.811e+02 169 0 4 6.617e+02 6.823e+02 191 2 3 3.989e+02 3.991e+02 1 2 2 5.871e+02 5.889e+02 16 2 4 3.732e+02 3.828e+02 90 2 2 4.175e+02 4.225e+02 46 2 4 5.780e+02 5.980e+02 186 2 1 4.315e+02 4.505e+02 176 2 3 5.514e+02 5.826e+02 290 2 1 5.959e+02 6.221e+02 243 2 3 3.894e+02 4.086e+02 179
41038 2 0 2 6.690e+02 6.750e+02 56 0 4 6.652e+02 6.788e+02 126
41042 13 0 2 5.460e+02 5.460e+02 -14 0 1 6.030e+02 6.150e+02 112 0 3 6.496e+02 6.524e+02 26 0 1 5.180e+02 5.320e+02 130 0 2 6.160e+02 6.440e+02 260 0 4 6.660e+02 6.780e+02 110 0 2 6.591e+02 6.849e+02 240 1 4 3.236e+02 3.484e+02 230 1 4 5.372e+02 5.548e+02 163 1 3 5.590e+02 5.750e+02 149 1 2 5.325e+02 5.595e+02 250 1 2 7.352e+01 9.448e+01 195 2 4 7.101e+01 9.699e+01 241
41045 1 0 4 6.505e+02 6.935e+02 400
41046 7 2 4 1.073e+02 1.447e+02 347 3 3 5.219e+02 5.281e+02 58 3 1 4.819e+02 4.841e+02 20 3 2 5.373e+02 5.547e+02 162 3 2 5.032e+02 5.048e+02 16 3 4 5.022e+02 5.058e+02 33 3 3 4.649e+02 5.011e+02 336
41047 0
41048 5 0 3 4.653e+02 5.007e+02 328 0 4 4.792e+02 5.288e+02 461 2 2 1.200e+02 1.320e+02 111 2 4 1.148e+02 1.372e+02 209 2 3 9.034e+01 1.197e+02 272
41051 6 0 4 5.866e+02 5.894e+02 26 0 2 6.582e+02 6.858e+02 256 0 4 6.565e+02 6.875e+02 288 2 2 8.384e+01 8.416e+01 3 2 3 5.274e+01 7.326e+01 190 2 4 7.312e+01 9.488e+01 202
41053 5 0 1 5.658e+02 5.682e+02 22 0 3 5.639e+02 5.701e+02 58 0 2 6.669e+02 6.771e+02 96 0 4 6.652e+02 6.788e+02 127 0 4 5.635e+02 6.125e+02 456
41055 10 0 2 6.693e+02 6.747e+02 50 0 4 6.626e+02 6.814e+02 174 1 2 5.880e+02 5.880e+02 -0 2 2 3.897e+01 4.503e+01 56 2 1 1.426e+02 1.514e+02 82 2 4 3.201e+01 5.199e+01 186 2 4 6.134e+02 6.466e+02 309 2 1 1.314e+02 1.626e+02 290 2 3 6.360e+02 6.660e+02 279 2 3 6.886e+00 3.511e+01 262
41059 10 2 2 3.982e+01 4.418e+01 40 2 4 8.357e+01 8.443e+01 8 2 4 2.083e+02 2.117e+02 31 2 4 2.940e+02 2.940e+02 -0 2 3 6.279e+01 6.321e+01 4 2 3 2.301e+02 2.319e+02 16 2 4 2.465e+02 2.575e+02 102 2 3 2.544e+02 2.916e+02 345 2 4 6.477e+01 1.032e+02 357 2 4 2.774e+02 3.106e+02 308
41060 0
41062 7 0 1 6.471e+02 6.549e+02 72 0 2 6.243e+02 6.357e+02 106 0 4 6.200e+02 6.400e+02 186 0 2 6.533e+02 6.907e+02 347 0 3 6.323e+02 6.697e+02 347 2 3 9.528e+01 1.147e+02 180 2 4 6.625e+01 1.017e+02 330
41065 1 3 4 4.601e+02 4.639e+02 35
41068 0
41069 1 2 2 5.689e+02 6.071e+02 355
41073 11 0 1 4.620e+02 5.040e+02 390 0 2 5.247e+02 5.673e+02 396 0 4 5.668e+02 6.092e+02 393 0 3 4.184e+02 4.636e+02 420 0 4 4.777e+02 5.303e+02 488 0 4 4.359e+02 4.881e+02 485 1 4 6.091e+02 6.509e+02 388 2 4 1.463e+02 1.897e+02 404 2 4 2.034e+01 6.366e+01 402 2 1 3.347e+02 3.793e+02 414 2 3 3.942e+01 8.658e+01 438
41075 1 0 4 6.682e+02 6.758e+02 71
41076 5 1 3 5.643e+02 5.697e+02 50 1 4 5.294e+02 5.626e+02 308 2 2 3.053e+01 5.347e+01 213 2 1 9.349e+00 3.265e+01 216 2 2 4.888e+02 5.192e+02 281
