36235 7 0 2 5.444e+02 5.476e+02 30 0 4 5.866e+02 5.894e+02 26 0 1 6.500e+02 6.520e+02 19 0 3 6.009e+02 6.171e+02 150 0 1 5.089e+02 5.411e+02 299 0 3 5.932e+02 6.248e+02 293 0 2 6.542e+02 6.898e+02 330
36236 10 0 2 5.374e+02 5.546e+02 160 0 1 6.383e+02 6.637e+02 236 0 1 5.959e+02 6.221e+02 244 0 3 6.346e+02 6.674e+02 305 0 3 5.457e+02 5.883e+02 396 0 3 5.909e+02 6.271e+02 336 0 4 6.555e+02 6.885e+02 306 0 2 6.075e+02 6.525e+02 417 0 1 6.295e+02 6.725e+02 399 0 2 6.524e+02 6.916e+02 364
36239 4 0 2 6.692e+02 6.748e+02 52 0 4 6.712e+02 6.728e+02 16 0 1 6.428e+02 6.592e+02 153 1 2 6.288e+02 6.312e+02 22
36240 44 0 4 5.026e+02 5.054e+02 26 0 3 6.473e+02 6.547e+02 68 0 2 6.156e+02 6.444e+02 267 0 2 6.703e+02 6.737e+02 32 0 4 6.122e+02 6.478e+02 331 0 1 6.451e+02 6.569e+02 110 0 4 6.474e+02 6.966e+02 457 1 4 6.268e+02 6.332e+02 60 1 1 6.022e+02 6.158e+02 126 1 1 5.142e+02 5.358e+02 200 1 3 5.962e+02 6.218e+02 237 1 2 5.688e+02 6.072e+02 357 2 3 2.066e+01 2.134e+01 6 2 3 3.549e+02 3.591e+02 39 2 4 3.789e+01 4.611e+01 76 2 2 1.257e+02 1.263e+02 5 2 4 4.160e+02 4.240e+02 75 2 1 1.447e+02 1.493e+02 42 2 4 5.031e+02 5.049e+02 16 2 4 3.277e+02 3.443e+02 155 2 1 6.300e+01 6.300e+01 -2 2 1 3.943e+02 4.037e+02 86 2 3 9.914e+01 1.109e+02 109 2 4 1.598e+02 1.762e+02 153 2 2 3.673e+02 3.887e+02 198 2 3 3.938e+02 4.042e+02 97 2 1 1.357e+01 2.843e+01 138 2 1 4.345e+02 4.475e+02 120 2 4 1.075e+02 1.445e+02 343 2 3 4.281e+02 4.539e+02 239 2 2 1.856e+02 2.344e+02 453 2 2 4.053e+02 4.347e+02 274 2 1 3.412e+02 3.728e+02 294 2 4 4.040e+02 4.360e+02 298 2 2 3.134e+01 5.266e+01 198 2 1 4.267e+02 4.553e+02 265 2 4 6.463e+01 1.034e+02 360 2 3 5.319e+01 7.281e+01 182 2 1 4.819e+00 3.718e+01 300 3 3 1.900e+01 2.300e+01 37 3 1 6.086e+01 6.514e+01 40 3 2 4.094e+01 4.306e+01 20 3 1 5.627e+00 3.637e+01 286 3 2 2.380e+01 6.020e+01 338
36241 6 0 4 3.223e+02 3.497e+02 254 3 2 6.300e+02 6.300e+02 -9 3 3 6.030e+02 6.150e+02 112 3 3 5.638e+02 5.702e+02 60 3 2 5.788e+02 5.972e+02 170 3 3 5.556e+02 5.784e+02 212
36246 3 0 2 6.707e+02 6.733e+02 24 0 4 6.674e+02 6.766e+02 86 0 1 6.372e+02 6.648e+02 257
36248 2 2 3 4.787e+02 4.873e+02 80 2 4 4.567e+02 4.673e+02 99
36249 15 0 1 4.828e+02 4.832e+02 5 0 4 6.700e+02 6.740e+02 36 0 4 5.033e+02 5.047e+02 14 0 4 5.880e+02 5.880e+02 -23 0 2 4.919e+02 5.161e+02 225 0 4 6.265e+02 6.335e+02 66 0 3 6.387e+02 6.633e+02 228 0 3 4.692e+02 4.968e+02 256 0 1 5.960e+02 6.220e+02 241 0 4 6.143e+02 6.457e+02 291 1 4 6.278e+02 6.322e+02 40 1 1 5.630e+02 5.710e+02 74 1 3 5.580e+02 5.760e+02 166 1 2 5.771e+02 5.989e+02 203 1 4 5.818e+02 5.942e+02 115
36250 51 0 1 2.722e+02 2.738e+02 16 0 3 4.760e+02 4.900e+02 130 0 2 2.940e+02 2.940e+02 0 0 4 5.865e+02 5.895e+02 28 0 4 3.709e+02 3.851e+02 131 0 2 6.665e+02 6.775e+02 101 0 4 2.815e+02 3.065e+02 233 0 2 4.961e+02 5.119e+02 146 0 2 3.582e+02 3.978e+02 368 0 1 6.082e+02 6.098e+02 15 0 1 6.415e+02 6.605e+02 177 0 1 4.715e+02 4.945e+02 214 0 1 5.444e+02 5.896e+02 419 0 3 6.044e+02 6.136e+02 86 0 4 6.619e+02 6.821e+02 187 0 4 4.844e+02 5.236e+02 365 0 4 5.808e+02 5.952e+02 134 0 3 5.405e+02 5.935e+02 493 0 3 5.945e+02 6.235e+02 270 0 1 5.925e+02 6.255e+02 306 1 3 5.238e+02 5.262e+02 22 1 4 5.880e+02 5.880e+02 -18 1 3 6.046e+02 6.134e+02 82 1 1 5.238e+02 5.262e+02 22 1 2 6.285e+02 6.315e+02 27 1 1 4.701e+02 4.959e+02 239 1 4 6.236e+02 6.364e+02 120 1 1 6.007e+02 6.173e+02 155 1 2 6.119e+02 6.481e+02 336 1 4 6.124e+02 6.476e+02 326 1 1 5.892e+02 6.288e+02 367 2 3 2.294e+02 2.326e+02 30 2 2 1.240e+02 1.280e+02 36 2 3 4.390e+02 4.430e+02 36 2 3 1.448e+02 1.492e+02 41 2 2 2.491e+02 2.549e+02 55 2 1 2.613e+02 2.847e+02 218 2 4 4.057e+02 4.343e+02 266 2 4 3.049e+01 5.351e+01 214 2 4 8.155e+01 8.645e+01 46 2 4 1.531e+02 1.829e+02 276 2 4 2.010e+02 2.190e+02 166 2 4 1.159e+02 1.361e+02 188 2 3 1.284e+02 1.656e+02 346 2 2 2.384e+02 2.656e+02 253 2 2 7.163e+01 9.637e+01 230 2 1 2.154e+02 2.466e+02 290 2 3 8.981e+01 1.202e+02 282 3 2 1.245e+02 1.275e+02 28 3 2 1.662e+02 1.698e+02 34 3 3 2.105e+02 2.515e+02 381
36251 1 2 4 4.852e+02 5.228e+02 350
36252 0
36253 1 2 1 1.824e+01 2.376e+01 51
36254 0
36257 4 0 2 4.989e+02 5.091e+02 95 0 1 5.077e+02 5.423e+02 321 0 3 5.132e+02 5.368e+02 220 2 3 4.818e+02 4.842e+02 23
36258 0
36259 27 0 2 5.284e+02 5.636e+02 326 0 2 6.146e+02 6.454e+02 286 0 3 6.348e+02 6.672e+02 301 0 4 6.567e+02 6.873e+02 285 0 3 6.280e+02 6.740e+02 427 0 2 6.482e+02 6.958e+02 441 0 4 6.498e+02 6.942e+02 412 1 3 5.916e+02 6.264e+02 324 1 2 6.113e+02 6.487e+02 347 1 4 5.612e+02 6.148e+02 498 1 4 6.156e+02 6.444e+02 267 2 1 5.912e+01 6.688e+01 72 2 3 1.851e+02 1.929e+02 73 2 3 5.229e+02 5.271e+02 39 2 4 2.062e+02 2.138e+02 71 2 4 4.902e+02 5.178e+02 256 2 4 3.605e+01 4.795e+01 110 2 2 5.395e+02 5.525e+02 121 2 1 1.440e+02 1.500e+02 56 2 4 5.383e+02 5.537e+02 142 2 3 5.404e+01 7.196e+01 166 2 1 9.665e+00 3.233e+01 210 2 2 2.757e+01 5.643e+01 268 2 4 2.362e+01 6.038e+01 341 2 1 4.372e+01 8.228e+01 358 2 3 1.636e+00 4.036e+01 360 3 4 6.547e+02 6.893e+02 320
36263 5 0 1 6.510e+02 6.510e+02 -20 0 2 6.717e+02 6.723e+02 5 0 3 6.484e+02 6.536e+02 49 2 3 3.956e+02 4.024e+02 63 2 4 3.694e+02 3.866e+02 160
36264 14 0 3 2.644e+02 2.816e+02 160 0 2 2.845e+02 3.035e+02 176 0 1 6.490e+02 6.530e+02 37 0 2 6.265e+02 6.335e+02 65 0 2 6.646e+02 6.794e+02 138 0 2 6.173e+02 6.427e+02 236 1 3 4.830e+02 4.830e+02 -1 1 4 5.000e+02 5.080e+02 74 2 1 6.300e+01 6.300e+01 -22 2 1 2.030e+01 2.170e+01 13 2 3 1.693e+01 2.507e+01 76 2 3 5.575e+01 7.025e+01 135 2 1 8.588e+00 3.341e+01 230 2 2 2.766e+01 5.634e+01 266
36265 0
36266 2 2 1 6.239e+01 6.361e+01 11 2 3 2.093e+01 2.107e+01 1
36272 13 0 4 5.743e+02 6.017e+02 254 0 2 6.631e+02 6.809e+02 166 0 3 5.922e+02 6.258e+02 311 0 4 6.609e+02 6.831e+02 206 2 4 6.283e+02 6.317e+02 32 2 4 8.240e+01 8.560e+01 30 2 3 6.033e+02 6.147e+02 106 2 4 2.067e+02 2.133e+02 61 2 4 5.013e+02 5.067e+02 50 2 2 7.352e+01 9.448e+01 195 2 4 4.542e+02 4.698e+02 145 2 3 2.173e+02 2.447e+02 255 2 3 9.138e+01 1.186e+02 253
36273 31 0 4 4.188e+01 4.212e+01 2 0 1 6.413e+02 6.607e+02 180 0 2 4.446e+02 4.794e+02 324 0 1 4.616e+02 5.044e+02 397 1 4 4.088e+02 4.312e+02 207 1 2 4.457e+02 4.783e+02 302 1 3 4.198e+02 4.622e+02 393 2 2 5.878e+02 5.882e+02 4 2 1 4.349e+02 4.471e+02 114 2 2 4.513e+02 4.727e+02 198 2 4 5.817e+02 5.943e+02 116 2 3 4.331e+02 4.489e+02 146 2 4 4.505e+02 4.735e+02 213 2 3 5.539e+02 5.801e+02 243 2 1 5.993e+02 6.187e+02 180 3 4 4.620e+02 4.620e+02 -12 3 4 5.040e+02 5.040e+02 -2 3 4 2.940e+02 2.940e+02 -0 3 1 3.990e+02 3.990e+02 -20 3 2 4.194e+02 4.206e+02 11 3 1 3.563e+02 3.577e+02 14 3 4 4.200e+02 4.200e+02 -2 3 4 2.813e+02 3.067e+02 236 3 1 4.372e+02 4.448e+02 70 3 3 3.943e+02 4.037e+02 86 3 4 4.527e+02 4.713e+02 173 3 4 3.664e+02 3.896e+02 216 3 2 4.101e+02 4.299e+02 183 3 1 3.896e+02 4.084e+02 176 3 3 4.300e+02 4.520e+02 204 3 3 3.432e+02 3.708e+02 257
36276 0
36277 0
36279 29 0 1 2.675e+02 2.785e+02 102 0 4 6.715e+02 6.725e+02 9 0 4 2.911e+02 2.969e+02 54 0 2 6.704e+02 6.736e+02 30 0 3 2.651e+02 2.809e+02 147 0 1 6.345e+02 6.675e+02 306 0 2 2.766e+02 3.114e+02 324 0 3 6.334e+02 6.686e+02 327 1 1 5.250e+02 5.250e+02 -0 1 2 5.423e+02 5.497e+02 69 1 1 6.071e+02 6.109e+02 36 1 2 6.246e+02 6.354e+02 100 1 1 4.668e+02 4.992e+02 301 1 4 5.747e+02 6.013e+02 247 1 4 6.269e+02 6.331e+02 57 1 3 5.987e+02 6.193e+02 190 1 2 6.189e+02 6.411e+02 206 1 4 6.170e+02 6.430e+02 241 1 3 5.915e+02 6.265e+02 325 2 3 3.967e+02 4.013e+02 42 2 4 8.029e+01 8.771e+01 69 2 4 5.397e+02 5.523e+02 117 2 3 1.017e+02 1.083e+02 61 2 2 5.334e+02 5.586e+02 234 2 4 3.672e+02 3.888e+02 200 2 3 9.232e+01 1.177e+02 236 2 1 5.543e+02 5.797e+02 236 2 3 4.467e+01 8.133e+01 340 2 3 5.530e+02 5.810e+02 260
36280 10 0 1 6.471e+02 6.549e+02 73 0 3 6.023e+02 6.157e+02 124 0 4 6.688e+02 6.752e+02 60 0 4 5.746e+02 6.014e+02 248 0 3 6.410e+02 6.610e+02 186 0 1 5.976e+02 6.204e+02 212 0 2 6.595e+02 6.845e+02 233 2 3 1.999e+01 2.201e+01 19 2 4 2.932e+01 5.468e+01 236 2 3 7.468e+00 3.453e+01 251
36283 4 0 4 6.263e+02 6.337e+02 69 0 2 6.233e+02 6.367e+02 124 1 4 5.880e+02 5.880e+02 -21 1 2 5.798e+02 5.962e+02 152
36285 17 0 4 3.637e+02 3.923e+02 265 0 4 6.109e+02 6.491e+02 354 0 3 2.151e+02 2.469e+02 296 0 4 4.075e+02 4.325e+02 233 0 3 3.755e+02 4.225e+02 437 1 4 6.223e+02 6.377e+02 144 2 3 1.393e+01 2.807e+01 131 2 2 7.809e+01 8.991e+01 110 2 2 3.107e+01 5.293e+01 203 2 4 7.675e+01 9.125e+01 135 2 4 2.613e+01 5.787e+01 295 2 1 4.866e+01 7.734e+01 266 2 3 4.933e+01 7.667e+01 254 2 1 7.108e+00 3.489e+01 258 3 2 4.197e+01 4.203e+01 0 3 4 4.013e+01 4.387e+01 35 3 3 1.541e+00 4.046e+01 361
36288 18 0 1 6.510e+02 6.510e+02 -24 0 1 6.081e+02 6.099e+02 17 0 4 6.680e+02 6.760e+02 75 0 3 6.060e+02 6.120e+02 56 0 1 6.459e+02 6.561e+02 95 0 3 6.473e+02 6.547e+02 68 0 4 6.275e+02 6.325e+02 46 0 2 6.644e+02 6.796e+02 141 0 2 6.235e+02 6.365e+02 120 0 1 6.390e+02 6.630e+02 222 0 4 6.131e+02 6.469e+02 315 0 4 6.548e+02 6.892e+02 320 2 3 1.049e+02 1.051e+02 1 2 2 7.962e+01 8.838e+01 81 2 4 7.339e+01 9.461e+01 197 2 1 3.407e+02 3.733e+02 303 2 4 3.188e+02 3.532e+02 320 3 4 6.647e+02 6.793e+02 136
36290 0
36291 97 0 4 3.775e+02 3.785e+02 10 0 4 4.596e+02 4.644e+02 44 0 1 2.297e+02 2.323e+02 25 0 1 3.555e+02 3.585e+02 28 0 1 6.085e+02 6.095e+02 9 0 4 2.510e+02 2.530e+02 19 0 3 6.484e+02 6.536e+02 48 0 2 3.630e+02 3.930e+02 279 0 4 4.197e+02 4.203e+02 6 0 2 1.166e+02 1.354e+02 175 0 2 5.011e+02 5.069e+02 54 0 2 2.076e+02 2.124e+02 44 0 4 3.588e+02 3.972e+02 356 0 4 6.276e+02 6.324e+02 44 0 4 2.019e+02 2.181e+02 151 0 2 6.707e+02 6.733e+02 24 0 3 2.172e+02 2.448e+02 256 0 1 4.351e+02 4.469e+02 109 0 2 2.407e+02 2.633e+02 210 0 2 4.544e+02 4.696e+02 141 0 1 5.231e+02 5.269e+02 35 0 4 5.788e+02 5.972e+02 171 0 4 6.714e+02 6.726e+02 11 0 3 4.323e+02 4.497e+02 162 0 1 4.712e+02 4.948e+02 219 0 3 5.246e+02 5.254e+02 7 0 1 6.008e+02 6.172e+02 152 0 1 6.433e+02 6.587e+02 143 0 3 4.731e+02 4.929e+02 185 0 1 5.638e+02 5.702e+02 59 0 3 6.020e+02 6.160e+02 130 0 2 4.860e+02 5.220e+02 334 0 3 5.611e+02 5.729e+02 110 0 2 6.201e+02 6.399e+02 183 0 1 5.537e+02 5.803e+02 246 0 1 5.921e+02 6.259e+02 313 0 3 5.104e+02 5.396e+02 271 0 3 5.891e+02 6.289e+02 370 0 2 5.317e+02 5.603e+02 266 0 3 5.461e+02 5.879e+02 388 1 1 5.649e+02 5.691e+02 39 1 1 1.883e+02 1.897e+02 12 1 3 6.089e+02 6.091e+02 2 1 1 3.048e+02 3.252e+02 190 1 2 5.871e+02 5.889e+02 16 1 2 6.300e+02 6.300e+02 -5 1 4 4.946e+02 5.134e+02 174 1 4 5.869e+02 5.891e+02 21 1 4 6.292e+02 6.308e+02 16 1 3 4.666e+02 4.994e+02 306 1 2 5.379e+02 5.541e+02 150 1 1 6.045e+02 6.135e+02 83 1 3 5.049e+02 5.451e+02 373 1 4 5.413e+02 5.507e+02 87 1 3 5.976e+02 6.204e+02 212 1 3 5.529e+02 5.811e+02 262 1 1 5.971e+02 6.209e+02 220 1 3 5.904e+02 6.276e+02 346 2 3 2.283e+02 2.337e+02 50 2 3 6.057e+02 6.123e+02 61 2 2 2.937e+02 2.943e+02 6 2 1 3.553e+02 3.587e+02 31 2 3 6.068e+01 6.532e+01 43 2 4 5.751e+02 6.009e+02 239 2 2 1.232e+02 1.288e+02 52 2 3 1.877e+02 1.903e+02 24 2 2 2.072e+02 2.128e+02 51 2 4 2.915e+02 2.965e+02 46 2 2 3.351e+02 3.369e+02 17 2 1 1.554e+01 2.646e+01 101 2 4 1.189e+02 1.331e+02 131 2 4 1.642e+02 1.718e+02 71 2 2 2.473e+02 2.567e+02 88 2 1 3.106e+02 3.194e+02 81 2 2 3.672e+02 3.888e+02 200 2 4 3.084e+01 5.316e+01 207 2 3 9.061e+01 1.194e+02 267 2 1 1.804e+02 1.976e+02 159 2 4 2.420e+02 2.620e+02 186 2 3 3.150e+02 3.150e+02 -2 2 2 3.234e+02 3.486e+02 234 2 1 5.171e+01 7.429e+01 210 2 2 1.129e+02 1.391e+02 243 2 1 1.379e+02 1.561e+02 169 2 4 2.001e+02 2.199e+02 183 2 1 2.712e+02 2.748e+02 34 2 2 3.111e+02 3.609e+02 463 2 3 7.017e+00 3.498e+01 260 2 2 6.665e+01 1.013e+02 322 2 1 1.695e+02 2.085e+02 361 2 3 2.698e+02 2.762e+02 59 2 3 -6.091e-01 4.261e+01 401 2 2 1.480e+02 1.880e+02 372 2 3 3.006e+02 3.294e+02 268 2 3 2.561e+02 2.899e+02 315 3 1 1.900e+01 2.300e+01 37 3 1 1.011e+01 3.189e+01 202
