40745 4 2 1 6.038e+02 6.142e+02 97 2 3 6.068e+02 6.112e+02 40 2 4 6.214e+02 6.386e+02 159 2 2 5.725e+02 6.035e+02 288
40746 21 0 1 6.064e+02 6.116e+02 48 0 3 6.503e+02 6.517e+02 13 0 3 6.088e+02 6.092e+02 3 0 2 6.688e+02 6.752e+02 59 0 3 5.132e+02 5.368e+02 220 0 2 6.217e+02 6.383e+02 154 0 1 6.483e+02 6.537e+02 50 0 2 5.338e+02 5.582e+02 227 0 4 6.225e+02 6.375e+02 140 0 4 6.627e+02 6.813e+02 173 0 2 6.127e+02 6.473e+02 322 0 3 6.345e+02 6.675e+02 306 0 4 6.130e+02 6.470e+02 316 0 2 6.559e+02 6.881e+02 299 1 4 6.211e+02 6.389e+02 166 1 4 6.119e+02 6.481e+02 336 2 4 4.148e+01 4.252e+01 10 2 3 1.460e+01 2.740e+01 119 2 2 4.040e+01 4.360e+01 30 2 1 5.189e+01 7.411e+01 206 2 1 1.588e+00 4.041e+01 360
40747 32 0 2 6.679e+02 6.761e+02 76 0 1 1.768e+02 2.012e+02 226 0 3 6.395e+02 6.625e+02 213 0 2 6.581e+02 6.859e+02 259 1 4 6.245e+02 6.355e+02 102 1 1 5.990e+02 6.190e+02 186 1 4 5.295e+02 5.625e+02 306 1 3 5.943e+02 6.237e+02 274 2 3 1.459e+02 1.481e+02 20 2 4 2.452e+02 2.588e+02 127 2 1 3.895e+02 4.085e+02 177 2 2 3.764e+02 3.796e+02 29 2 4 5.003e+02 5.077e+02 69 2 4 3.627e+01 4.773e+01 106 2 4 1.234e+02 1.286e+02 48 2 4 4.897e+02 5.183e+02 266 2 1 1.433e+02 1.507e+02 68 2 4 6.577e+02 6.863e+02 266 2 3 2.188e+02 2.432e+02 227 2 3 3.434e+02 3.706e+02 252 2 3 5.422e+01 7.178e+01 163 2 2 7.854e+01 8.946e+01 101 2 4 1.934e+02 2.266e+02 308 2 4 3.629e+02 3.931e+02 280 2 1 1.523e+01 2.677e+01 107 2 4 6.719e+01 1.008e+02 312 2 4 2.321e+01 6.079e+01 349 2 4 1.072e+02 1.448e+02 350 2 1 4.431e+01 8.169e+01 347 3 4 8.312e+01 8.488e+01 16 3 1 9.156e+01 1.184e+02 250 3 2 7.450e+01 9.350e+01 176
40751 13 0 1 1.874e+02 1.906e+02 30 0 3 2.299e+02 2.321e+02 21 0 1 6.505e+02 6.515e+02 10 0 2 2.093e+02 2.107e+02 13 0 1 5.216e+02 5.284e+02 64 0 3 6.447e+02 6.573e+02 116 0 4 2.456e+02 2.584e+02 118 0 3 5.136e+02 5.364e+02 212 0 2 6.686e+02 6.754e+02 64 0 2 5.320e+02 5.600e+02 260 0 4 6.696e+02 6.744e+02 45 0 2 6.543e+02 6.897e+02 329 2 1 4.897e+01 7.703e+01 260
40752 2 0 2 6.639e+02 6.801e+02 150 0 4 6.648e+02 6.792e+02 135
40755 0
40756 0
40757 1 2 4 3.789e+01 4.611e+01 76
40758 1 1 1 2.088e+01 2.112e+01 2
40759 0
40761 1 1 2 3.592e+02 3.968e+02 349
40762 4 0 2 5.433e+02 5.487e+02 50 0 1 6.380e+02 6.640e+02 241 0 3 5.556e+02 5.784e+02 212 0 1 5.492e+02 5.848e+02 330
40764 63 0 3 4.827e+02 4.833e+02 5 0 4 2.499e+02 2.541e+02 39 0 2 6.296e+02 6.304e+02 8 0 1 2.292e+02 2.328e+02 34 0 4 6.718e+02 6.722e+02 4 0 1 2.669e+02 2.791e+02 113 0 3 3.962e+02 4.018e+02 51 0 3 2.184e+02 2.436e+02 235 0 2 5.037e+02 5.043e+02 6 0 3 2.646e+02 2.814e+02 156 0 4 6.290e+02 6.310e+02 18 0 2 3.677e+02 3.883e+02 192 0 1 6.504e+02 6.516e+02 11 0 4 2.752e+01 5.648e+01 269 0 4 4.175e+02 4.225e+02 46 0 2 2.396e+02 2.644e+02 230 0 4 5.036e+02 5.044e+02 8 0 4 2.377e+02 2.663e+02 265 0 3 5.159e+02 5.341e+02 169 0 4 5.878e+02 5.882e+02 4 0 3 6.504e+02 6.516e+02 11 0 1 3.926e+02 4.054e+02 119 0 1 4.792e+02 4.868e+02 70 0 1 5.527e+02 5.813e+02 266 0 1 6.081e+02 6.099e+02 16 0 2 6.715e+02 6.725e+02 10 0 1 3.850e+02 4.130e+02 260 0 4 4.932e+02 5.148e+02 200 0 3 5.488e+02 5.852e+02 339 0 3 6.073e+02 6.107e+02 31 0 1 6.395e+02 6.625e+02 213 0 3 3.791e+02 4.189e+02 369 0 1 4.707e+02 4.953e+02 229 0 4 5.692e+02 6.068e+02 350 0 3 6.362e+02 6.658e+02 276 0 4 4.009e+02 4.391e+02 355 0 3 4.685e+02 4.975e+02 270 0 3 5.906e+02 6.274e+02 341 0 4 4.862e+02 5.218e+02 330 0 2 4.460e+02 4.780e+02 296 1 4 6.300e+02 6.300e+02 -4 1 2 5.867e+02 5.893e+02 24 1 3 6.038e+02 6.142e+02 96 1 3 8.626e+01 1.237e+02 348 1 1 5.651e+02 5.689e+02 35 1 2 6.298e+02 6.302e+02 3 1 4 5.720e+02 6.040e+02 296 1 1 5.978e+02 6.202e+02 207 1 2 5.312e+02 5.608e+02 276 1 3 5.965e+02 6.215e+02 231 1 4 6.122e+02 6.478e+02 330 2 4 3.341e+02 3.379e+02 35 2 1 1.990e+01 2.210e+01 20 2 4 4.167e+02 4.233e+02 62 2 4 1.665e+02 1.695e+02 28 2 2 2.901e+02 2.979e+02 73 2 3 1.738e+01 2.462e+01 67 2 4 1.229e+02 1.291e+02 58 2 4 2.892e+02 2.988e+02 90 2 3 8.868e+01 1.213e+02 303 2 3 1.281e+02 1.659e+02 351 2 4 1.958e+02 2.242e+02 264 2 3 2.561e+02 2.899e+02 315
40765 0
40766 0
40767 1 0 4 1.608e+02 1.752e+02 134
40768 5 0 4 3.690e+02 3.870e+02 168 0 2 6.093e+02 6.507e+02 384 0 4 3.574e+02 3.986e+02 382 0 4 6.060e+02 6.540e+02 446 3 2 5.773e+02 5.987e+02 200
40769 12 0 2 6.300e+02 6.300e+02 -22 0 4 6.263e+02 6.337e+02 69 0 3 6.471e+02 6.549e+02 73 2 4 5.395e+02 5.525e+02 121 2 4 4.981e+02 5.099e+02 109 2 4 1.248e+02 1.272e+02 23 2 4 1.658e+02 1.702e+02 41 2 2 8.388e+01 8.412e+01 2 2 4 3.847e+01 4.553e+01 66 2 3 1.310e+02 1.630e+02 297 2 1 1.743e+01 2.457e+01 66 2 3 1.613e+01 2.587e+01 90
40772 9 0 3 6.476e+02 6.544e+02 64 0 2 6.617e+02 6.823e+02 191 0 1 6.358e+02 6.662e+02 283 2 2 8.254e+01 8.546e+01 27 2 4 2.892e+02 2.988e+02 89 2 4 7.432e+01 9.368e+01 180 2 1 3.104e+02 3.196e+02 85 2 3 5.018e+01 7.582e+01 238 2 3 3.034e+02 3.266e+02 215
40773 3 0 3 5.862e+02 6.318e+02 424 2 2 5.732e+01 1.107e+02 496 2 4 4.829e+02 5.251e+02 391
40774 4 0 4 6.250e+02 6.350e+02 93 2 2 4.099e+01 4.301e+01 19 2 3 1.079e+01 3.121e+01 190 2 4 2.806e+01 5.594e+01 259
40776 74 0 4 6.285e+02 6.315e+02 27 0 2 3.776e+02 3.784e+02 7 0 1 6.506e+02 6.514e+02 8 0 4 8.124e+01 8.676e+01 51 0 1 4.409e+02 4.411e+02 1 0 1 1.803e+02 1.977e+02 161 0 4 5.029e+02 5.051e+02 21 0 2 2.932e+02 2.948e+02 15 0 1 5.240e+02 5.260e+02 19 0 4 3.704e+02 3.856e+02 141 0 2 6.652e+02 6.788e+02 126 0 1 3.409e+02 3.731e+02 300 0 3 4.347e+02 4.473e+02 116 0 4 4.612e+02 4.628e+02 16 0 3 5.203e+02 5.297e+02 88 0 4 6.638e+02 6.802e+02 152 0 3 3.865e+02 4.115e+02 232 0 2 4.955e+02 5.125e+02 158 0 2 5.459e+02 5.461e+02 1 0 3 6.373e+02 6.647e+02 254 0 3 4.255e+02 4.565e+02 287 0 3 4.678e+02 4.982e+02 283 0 1 5.611e+02 5.729e+02 109 0 3 6.320e+02 6.700e+02 353 0 1 3.810e+02 4.170e+02 335 0 2 4.454e+02 4.786e+02 308 0 3 5.523e+02 5.817e+02 274 0 1 4.641e+02 5.019e+02 351 0 1 5.107e+02 5.393e+02 266 0 3 5.051e+02 5.449e+02 370 0 1 5.473e+02 5.867e+02 366 1 1 5.655e+02 5.685e+02 28 1 1 6.073e+02 6.107e+02 31 1 3 5.626e+02 5.714e+02 82 1 3 6.058e+02 6.122e+02 60 1 4 4.956e+02 5.124e+02 156 1 2 5.826e+02 5.934e+02 100 1 2 6.290e+02 6.310e+02 19 1 4 5.850e+02 5.910e+02 56 1 4 6.240e+02 6.360e+02 110 1 1 5.516e+02 5.824e+02 286 1 4 6.159e+02 6.441e+02 262 2 1 2.720e+02 2.740e+02 18 2 1 3.980e+02 4.000e+02 19 2 4 2.078e+02 2.122e+02 40 2 1 4.808e+02 4.852e+02 40 2 4 2.902e+02 2.978e+02 70 2 4 5.415e+02 5.505e+02 83 2 1 3.560e+02 3.580e+02 19 2 1 1.528e+01 2.672e+01 106 2 2 4.185e+02 4.215e+02 28 2 3 2.295e+02 2.325e+02 28 2 3 4.822e+02 4.838e+02 16 2 3 3.139e+02 3.161e+02 21 2 3 5.632e+02 5.708e+02 71 2 4 3.757e+02 3.803e+02 42 2 4 4.134e+02 4.266e+02 122 2 2 2.518e+02 2.522e+02 3 2 4 4.532e+02 4.708e+02 163 2 3 2.679e+02 2.781e+02 94 2 2 3.342e+02 3.378e+02 34 2 3 3.872e+02 4.108e+02 220 2 4 2.372e+02 2.668e+02 276 2 1 4.709e+02 4.951e+02 225 2 3 3.003e+02 3.297e+02 272 2 4 4.037e+02 4.363e+02 303 2 2 3.616e+02 3.944e+02 305 2 2 4.479e+02 4.761e+02 262 2 2 1.907e+02 2.293e+02 359 2 3 4.636e+02 5.024e+02 360 2 2 4.888e+02 5.192e+02 282 2 1 4.586e+02 5.074e+02 453 3 4 3.829e+01 4.571e+01 69 3 1 3.204e+00 3.880e+01 330
40778 1 1 1 5.557e+02 5.783e+02 210
40779 5 0 4 6.156e+02 6.444e+02 267 0 2 3.170e+02 3.550e+02 352 0 4 3.196e+02 3.524e+02 306 1 1 4.813e+02 4.847e+02 32 1 1 5.606e+02 5.734e+02 119
40780 6 0 2 5.459e+02 5.461e+02 2 0 3 5.652e+02 5.688e+02 33 0 3 5.924e+02 6.256e+02 308 1 4 5.880e+02 5.880e+02 -0 2 4 3.780e+02 3.780e+02 -10 2 4 3.350e+02 3.370e+02 18
40781 13 0 3 6.508e+02 6.512e+02 3 0 4 4.582e+02 4.658e+02 70 0 2 6.166e+02 6.434e+02 250 0 4 6.710e+02 6.730e+02 19 0 4 6.136e+02 6.464e+02 304 0 1 6.477e+02 6.543e+02 62 0 2 6.652e+02 6.788e+02 127 0 4 6.622e+02 6.818e+02 181 2 3 1.900e+01 2.300e+01 37 2 1 1.150e+01 3.050e+01 176 2 3 5.311e+00 3.669e+01 291 2 2 3.242e+01 5.158e+01 178 2 4 2.528e+01 5.872e+01 310
40782 0
40787 7 0 3 2.711e+02 2.749e+02 35 0 3 6.494e+02 6.526e+02 30 0 4 6.150e+02 6.450e+02 278 0 4 2.338e+02 2.702e+02 339 0 2 6.712e+02 6.728e+02 15 0 2 6.564e+02 6.876e+02 290 2 4 5.327e+02 5.593e+02 247
