1431 16 0 1 5.246e+02 5.254e+02 7 0 4 4.992e+02 5.088e+02 89 0 3 5.196e+02 5.304e+02 100 0 1 4.711e+02 4.949e+02 221 0 4 4.903e+02 5.177e+02 254 1 4 5.846e+02 5.914e+02 63 1 3 6.068e+02 6.112e+02 40 1 4 6.213e+02 6.387e+02 162 1 1 6.029e+02 6.151e+02 114 2 1 1.770e+01 2.430e+01 61 2 4 1.170e+02 1.350e+02 167 2 4 7.805e+01 8.995e+01 110 2 3 1.720e+02 2.060e+02 316 2 3 9.591e+01 1.141e+02 169 2 2 1.504e+02 1.856e+02 327 2 2 6.943e+01 9.857e+01 270
1432 4 2 4 2.451e+02 2.589e+02 129 3 1 3.973e+02 4.007e+02 32 3 2 4.125e+02 4.275e+02 140 3 3 3.798e+02 4.182e+02 356
1433 15 0 2 8.400e+01 8.400e+01 -13 0 3 1.015e+02 1.085e+02 65 0 2 7.164e+01 9.636e+01 230 1 4 2.451e+02 2.589e+02 129 1 2 2.404e+02 2.636e+02 215 1 1 2.557e+02 2.903e+02 322 1 3 2.472e+02 2.988e+02 479 2 3 3.564e+02 3.576e+02 10 2 1 3.499e+02 3.641e+02 131 2 2 3.664e+02 3.896e+02 216 3 2 4.200e+02 4.200e+02 -13 3 4 4.196e+02 4.204e+02 7 3 1 3.829e+02 4.151e+02 300 3 4 4.453e+02 4.787e+02 310 3 3 3.821e+02 4.159e+02 313
1434 20 0 4 4.620e+02 4.620e+02 -10 0 3 5.230e+02 5.270e+02 37 0 1 4.402e+02 4.418e+02 16 0 4 5.774e+02 5.986e+02 197 0 2 6.614e+02 6.826e+02 197 0 3 4.308e+02 4.512e+02 189 0 4 4.898e+02 5.182e+02 263 0 1 5.499e+02 5.841e+02 317 0 3 5.982e+02 6.198e+02 200 0 4 6.604e+02 6.836e+02 215 0 1 3.812e+02 4.168e+02 330 0 2 4.507e+02 4.733e+02 210 1 1 2.716e+02 2.744e+02 26 1 2 6.299e+02 6.301e+02 1 1 2 2.433e+02 2.607e+02 162 1 2 5.746e+02 6.014e+02 250 1 3 2.595e+02 2.865e+02 250 2 4 5.036e+02 5.044e+02 8 2 2 2.835e+02 3.045e+02 196 2 3 5.130e+02 5.370e+02 223
1435 1 2 2 1.128e+02 1.392e+02 246
1436 0
1437 3 1 2 5.255e+02 5.665e+02 380 3 3 3.559e+02 3.581e+02 20 3 4 3.183e+02 3.537e+02 329
1438 0
1440 4 2 2 4.162e+02 4.238e+02 70 2 4 4.194e+02 4.206e+02 10 2 3 4.292e+02 4.528e+02 219 2 1 3.825e+02 4.155e+02 307
1441 25 0 4 5.841e+02 5.919e+02 73 0 3 5.993e+02 6.187e+02 180 0 2 2.842e+02 3.038e+02 181 0 4 2.851e+02 3.029e+02 165 0 2 6.194e+02 6.406e+02 197 0 4 6.184e+02 6.416e+02 216 0 1 3.067e+02 3.233e+02 155 0 3 5.932e+02 6.248e+02 293 0 4 6.114e+02 6.486e+02 346 2 3 1.036e+02 1.064e+02 26 2 2 5.435e+02 5.485e+02 46 2 2 1.657e+02 1.703e+02 43 2 4 4.538e+02 4.702e+02 152 2 3 6.262e+01 6.338e+01 7 2 2 7.814e+01 8.986e+01 109 2 3 5.564e+02 5.776e+02 197 2 4 1.584e+02 1.776e+02 179 2 3 1.882e+01 2.318e+01 40 2 4 8.182e+01 8.618e+01 40 2 1 1.768e+02 2.012e+02 226 2 2 3.210e+01 5.190e+01 184 2 2 1.063e+02 1.457e+02 366 2 3 1.305e+02 1.635e+02 307 2 4 3.614e+01 4.786e+01 109 2 1 5.028e+01 7.572e+01 236
1442 0
1443 2 0 3 4.410e+02 4.410e+02 -0 0 4 4.481e+02 4.759e+02 258
1444 0
1446 0
1447 19 0 3 6.503e+02 6.517e+02 13 0 2 4.593e+02 4.647e+02 50 0 3 5.222e+02 5.278e+02 52 0 2 6.237e+02 6.363e+02 116 0 1 6.490e+02 6.530e+02 36 0 4 4.528e+02 4.712e+02 171 0 4 6.216e+02 6.384e+02 156 0 3 6.373e+02 6.647e+02 254 0 1 4.714e+02 4.946e+02 215 0 4 6.526e+02 6.914e+02 360 0 3 4.677e+02 4.983e+02 284 0 1 6.350e+02 6.670e+02 298 0 4 4.860e+02 5.220e+02 335 1 2 6.289e+02 6.311e+02 21 1 1 6.007e+02 6.173e+02 155 1 4 6.145e+02 6.455e+02 287 2 4 5.847e+02 5.913e+02 61 2 4 3.745e+02 3.815e+02 66 2 4 3.163e+02 3.557e+02 366
1448 0
1449 0
1450 1 2 4 1.039e+02 1.481e+02 411
1451 10 0 1 5.638e+02 5.702e+02 60 0 4 3.341e+02 3.379e+02 36 0 3 6.070e+02 6.110e+02 38 0 4 5.861e+02 5.899e+02 36 0 3 5.536e+02 5.804e+02 249 0 4 5.758e+02 6.002e+02 227 0 1 5.959e+02 6.221e+02 244 2 3 1.442e+02 1.498e+02 51 2 2 1.584e+02 1.776e+02 178 2 4 1.095e+02 1.425e+02 306
1452 14 0 3 6.090e+02 6.090e+02 -9 0 1 6.510e+02 6.510e+02 -8 0 1 6.074e+02 6.106e+02 30 0 3 6.510e+02 6.510e+02 -14 0 4 6.215e+02 6.385e+02 157 0 2 6.705e+02 6.735e+02 27 0 2 6.131e+02 6.469e+02 313 0 4 6.680e+02 6.760e+02 74 2 2 7.760e+01 9.040e+01 119 2 1 1.047e+01 3.153e+01 196 2 4 7.787e+01 9.013e+01 114 2 1 5.378e+01 7.222e+01 171 2 3 5.203e+01 7.397e+01 204 2 2 2.762e+01 5.638e+01 267
1453 61 0 4 6.291e+02 6.309e+02 16 0 1 6.063e+02 6.117e+02 50 0 2 2.892e+02 2.988e+02 89 0 3 6.505e+02 6.515e+02 9 0 4 3.322e+02 3.398e+02 70 0 1 4.409e+02 4.411e+02 2 0 3 1.621e+01 2.579e+01 89 0 4 5.021e+02 5.059e+02 35 0 1 3.129e+02 3.171e+02 39 0 1 5.518e+02 5.822e+02 281 0 2 3.185e+02 3.535e+02 326 0 3 6.079e+02 6.101e+02 20 0 4 2.344e+02 2.696e+02 326 0 2 6.720e+02 6.720e+02 0 0 4 3.226e+02 3.494e+02 248 0 3 4.395e+02 4.425e+02 27 0 4 4.535e+02 4.705e+02 158 0 3 5.550e+02 5.790e+02 222 0 2 6.285e+02 6.315e+02 27 0 4 6.705e+02 6.735e+02 27 0 4 4.042e+02 4.358e+02 293 0 1 4.741e+02 4.919e+02 166 0 3 5.903e+02 6.277e+02 346 0 1 6.475e+02 6.545e+02 66 0 2 4.956e+02 5.124e+02 156 0 2 4.456e+02 4.784e+02 304 0 4 4.457e+02 4.783e+02 303 0 3 4.679e+02 4.981e+02 280 1 4 5.877e+02 5.883e+02 6 1 1 6.077e+02 6.103e+02 25 1 2 4.530e+02 4.710e+02 166 1 4 5.030e+02 5.050e+02 18 1 1 5.637e+02 5.703e+02 62 1 3 6.081e+02 6.099e+02 16 1 1 4.799e+02 4.861e+02 58 1 3 5.651e+02 5.689e+02 35 1 2 6.288e+02 6.312e+02 23 1 3 4.785e+02 4.875e+02 83 1 2 5.814e+02 5.946e+02 122 1 4 6.284e+02 6.316e+02 29 1 4 5.413e+02 5.507e+02 88 1 2 5.351e+02 5.569e+02 203 1 2 5.256e+02 5.664e+02 379 2 4 4.094e+01 4.306e+01 20 2 2 2.426e+02 2.614e+02 175 2 4 4.140e+02 4.260e+02 112 2 1 2.592e+02 2.868e+02 256 2 3 5.583e+02 5.757e+02 161 2 1 5.871e+01 6.729e+01 80 2 4 6.107e+02 6.493e+02 358 2 2 2.004e+02 2.196e+02 178 2 3 6.385e+02 6.635e+02 233 2 2 3.152e+01 5.248e+01 195 2 2 4.079e+02 4.321e+02 225 2 4 2.337e+02 2.703e+02 340 2 2 5.300e+02 5.620e+02 296 2 3 4.803e+01 7.797e+01 278 2 4 6.534e+02 6.906e+02 346 2 3 2.100e+02 2.520e+02 390 2 3 3.795e+02 4.185e+02 361 2 4 5.322e+02 5.598e+02 256
1454 0
1455 0
1456 25 0 2 4.134e+01 4.266e+01 12 0 1 1.456e+02 1.484e+02 26 0 3 5.660e+02 5.680e+02 18 0 4 3.236e+02 3.484e+02 230 0 4 6.272e+02 6.328e+02 52 0 3 5.467e+01 7.133e+01 155 0 1 5.621e+02 5.719e+02 90 0 2 7.388e+01 9.412e+01 188 0 4 1.677e+02 1.683e+02 6 0 2 2.841e+02 3.039e+02 184 0 1 5.054e+01 7.546e+01 231 0 4 7.221e+01 9.579e+01 219 0 4 1.546e+02 1.814e+02 248 0 1 3.036e+02 3.264e+02 212 1 2 2.095e+02 2.105e+02 10 1 4 1.147e+02 1.373e+02 210 1 4 5.759e+02 6.001e+02 225 1 4 2.026e+02 2.174e+02 137 1 3 2.156e+02 2.464e+02 286 1 2 1.974e+02 2.226e+02 235 1 1 1.743e+02 2.037e+02 272 2 1 1.421e+02 1.519e+02 91 2 4 1.165e+02 1.355e+02 177 2 3 1.439e+02 1.501e+02 57 2 2 1.508e+02 1.852e+02 319
1458 2 0 4 5.873e+02 5.887e+02 13 0 1 5.532e+02 5.808e+02 257
1460 3 0 2 5.025e+02 5.055e+02 28 0 4 6.176e+02 6.424e+02 230 0 4 4.899e+02 5.181e+02 262
1461 13 0 4 6.278e+02 6.322e+02 41 0 4 4.200e+02 4.200e+02 -4 0 3 6.466e+02 6.554e+02 82 0 1 3.979e+02 4.001e+02 20 0 3 5.969e+02 6.211e+02 226 0 4 6.696e+02 6.744e+02 44 0 2 6.162e+02 6.438e+02 256 1 2 6.276e+02 6.324e+02 44 1 2 5.850e+02 5.910e+02 56 1 4 5.819e+02 5.941e+02 114 1 1 5.488e+02 5.852e+02 339 2 3 6.047e+02 6.133e+02 80 2 2 5.784e+02 5.976e+02 179
1463 2 0 3 5.480e+02 5.860e+02 352 0 1 5.407e+02 5.933e+02 489
1464 20 0 2 6.286e+02 6.314e+02 26 0 2 2.927e+02 2.953e+02 24 0 4 2.831e+02 3.049e+02 203 0 4 6.249e+02 6.351e+02 96 0 2 6.659e+02 6.781e+02 113 0 1 2.569e+02 2.891e+02 300 0 1 5.916e+02 6.264e+02 324 0 1 6.407e+02 6.613e+02 190 1 1 6.038e+02 6.142e+02 97 1 1 4.755e+02 4.905e+02 139 1 3 6.065e+02 6.115e+02 47 2 3 4.828e+02 4.832e+02 4 2 2 1.252e+02 1.268e+02 15 2 2 5.032e+02 5.048e+02 16 2 4 1.653e+02 1.707e+02 50 2 1 5.233e+02 5.267e+02 31 2 3 9.344e+01 1.166e+02 215 2 4 4.609e+02 4.631e+02 20 2 4 1.104e+02 1.416e+02 290 2 1 1.328e+02 1.612e+02 263
1465 10 0 1 6.424e+02 6.596e+02 160 0 4 6.659e+02 6.781e+02 114 0 2 6.549e+02 6.891e+02 318 1 4 5.823e+02 5.937e+02 106 2 2 1.218e+02 1.302e+02 78 2 4 2.039e+02 2.161e+02 113 2 4 1.249e+02 1.271e+02 20 2 3 1.773e+02 2.007e+02 218 2 3 1.349e+02 1.591e+02 226 2 1 1.739e+02 2.041e+02 281
1466 13 0 1 6.007e+02 6.173e+02 154 0 2 6.720e+02 6.720e+02 -7 0 1 6.499e+02 6.521e+02 21 0 3 6.422e+02 6.598e+02 164 0 4 6.655e+02 6.785e+02 121 2 1 1.810e+01 2.390e+01 54 2 3 1.801e+01 2.399e+01 56 2 2 2.743e+01 5.657e+01 270 2 4 2.775e+01 5.625e+01 265 3 1 1.442e+01 2.758e+01 122 3 2 3.232e+01 5.168e+01 180 3 3 1.415e+01 2.785e+01 127 3 4 3.107e+01 5.293e+01 203
1467 3 0 2 2.927e+02 2.953e+02 25 1 4 5.033e+02 5.047e+02 14 1 3 4.710e+02 4.950e+02 223
1468 0
1471 0
1472 0
1473 6 2 4 8.029e+01 8.771e+01 69 2 3 9.690e+01 1.131e+02 150 2 4 1.165e+02 1.354e+02 176 2 1 1.292e+02 1.648e+02 331 2 2 1.111e+02 1.409e+02 277 2 2 6.639e+01 1.016e+02 327
1474 1 2 1 3.486e+02 3.654e+02 156
1475 4 1 1 5.931e+02 6.249e+02 296 2 2 3.982e+01 4.418e+01 40 2 3 1.056e+01 3.144e+01 194 2 4 3.004e+01 5.396e+01 222
1478 0
