9185 0
9187 11 0 2 6.597e+02 6.843e+02 228 0 4 6.638e+02 6.802e+02 152 0 4 6.570e+02 6.870e+02 279 2 4 8.400e+01 8.400e+01 -16 2 2 2.940e+02 2.940e+02 -4 2 4 4.200e+01 4.200e+01 -0 2 3 5.099e+01 7.501e+01 223 2 2 7.540e+01 9.260e+01 160 2 2 2.811e+01 5.589e+01 258 3 1 3.570e+02 3.570e+02 -1 3 1 3.441e+02 3.699e+02 239
9188 12 0 4 4.997e+02 5.083e+02 80 0 1 5.991e+02 6.189e+02 185 0 3 6.496e+02 6.524e+02 26 0 3 6.008e+02 6.172e+02 151 2 2 7.792e+01 9.008e+01 113 2 1 5.207e+01 7.393e+01 203 2 4 7.298e+01 9.502e+01 205 2 3 4.965e+01 7.635e+01 248 2 1 5.849e+00 3.615e+01 281 2 3 9.214e+00 3.279e+01 219 2 2 3.138e+01 5.262e+01 197 2 4 2.869e+01 5.531e+01 247
9190 17 0 4 3.332e+02 3.388e+02 52 0 2 2.926e+02 2.954e+02 26 0 2 6.289e+02 6.311e+02 21 0 1 4.334e+02 4.486e+02 141 0 1 5.518e+02 5.822e+02 282 0 4 6.238e+02 6.362e+02 115 0 3 4.316e+02 4.504e+02 176 0 2 6.199e+02 6.401e+02 187 0 1 5.946e+02 6.234e+02 268 1 3 5.909e+02 6.271e+02 336 1 4 5.680e+02 6.080e+02 372 2 4 2.277e+01 6.123e+01 357 2 2 6.697e+01 1.010e+02 316 2 1 1.260e+02 1.680e+02 390 2 3 4.458e+01 8.142e+01 342 2 4 6.028e+01 1.077e+02 440 2 3 7.967e+01 1.303e+02 470
9191 36 0 4 2.496e+02 2.544e+02 44 0 4 2.923e+02 2.957e+02 32 0 2 3.772e+02 3.788e+02 15 0 4 4.181e+02 4.219e+02 36 0 2 2.472e+02 2.568e+02 90 0 1 5.670e+02 5.670e+02 -8 0 2 2.900e+02 2.980e+02 75 0 1 5.548e+02 5.792e+02 227 0 2 3.306e+02 3.414e+02 100 0 4 4.042e+02 4.358e+02 293 0 3 2.130e+02 2.490e+02 334 0 3 3.817e+02 4.163e+02 322 0 1 3.010e+02 3.290e+02 260 0 4 3.671e+02 3.889e+02 203 0 4 3.181e+02 3.539e+02 332 0 1 3.365e+02 3.775e+02 381 1 4 6.288e+02 6.312e+02 23 1 1 6.083e+02 6.097e+02 14 1 2 6.293e+02 6.307e+02 12 1 4 2.823e+02 3.057e+02 216 1 4 6.210e+02 6.390e+02 168 1 3 5.921e+02 6.259e+02 315 2 2 8.312e+01 8.488e+01 16 2 4 1.623e+02 1.737e+02 106 2 4 2.926e+02 2.954e+02 26 2 2 3.708e+01 4.692e+01 91 2 2 2.858e+02 3.022e+02 153 2 4 4.009e+01 4.391e+01 36 2 1 3.040e+02 3.260e+02 205 2 1 6.082e+01 6.518e+01 40 2 3 3.002e+02 3.298e+02 276 2 4 2.963e+01 5.437e+01 230 2 3 2.569e+02 2.891e+02 300 2 3 4.875e+01 7.725e+01 265 2 4 2.768e+02 3.112e+02 319 2 3 7.464e+00 3.454e+01 251
9194 25 0 4 6.298e+02 6.302e+02 5 0 2 4.611e+02 4.629e+02 17 0 1 5.630e+02 5.710e+02 74 0 2 6.706e+02 6.734e+02 26 0 2 5.015e+02 5.065e+02 47 0 3 5.582e+02 5.758e+02 164 0 4 5.790e+02 5.970e+02 166 0 4 6.701e+02 6.739e+02 35 0 1 4.266e+02 4.554e+02 268 0 4 4.944e+02 5.136e+02 178 0 1 5.171e+02 5.329e+02 146 0 1 5.969e+02 6.211e+02 225 0 1 6.405e+02 6.615e+02 196 0 3 4.738e+02 4.922e+02 170 0 3 5.138e+02 5.362e+02 208 0 3 6.003e+02 6.177e+02 161 0 2 6.525e+02 6.915e+02 361 0 4 4.488e+02 4.752e+02 246 0 2 5.375e+02 5.545e+02 158 0 4 6.543e+02 6.897e+02 329 0 1 4.632e+02 5.028e+02 368 2 2 1.239e+02 1.281e+02 39 2 2 1.612e+02 1.748e+02 127 2 4 1.162e+02 1.358e+02 181 2 1 1.296e+02 1.644e+02 324
9195 2 0 4 6.613e+02 6.827e+02 199 0 2 6.577e+02 6.863e+02 265
9196 0
9197 13 0 1 6.090e+02 6.090e+02 0 0 2 6.708e+02 6.732e+02 23 0 3 6.059e+02 6.121e+02 58 0 2 6.163e+02 6.437e+02 254 0 2 6.580e+02 6.860e+02 260 0 4 6.144e+02 6.456e+02 290 0 4 6.562e+02 6.878e+02 294 0 1 6.352e+02 6.668e+02 294 2 2 7.980e+01 8.820e+01 78 2 4 2.062e+02 2.138e+02 70 2 3 5.180e+01 7.420e+01 208 2 4 7.181e+01 9.619e+01 226 2 4 5.737e+02 6.023e+02 265
9198 45 0 4 2.520e+02 2.520e+02 -1 0 1 2.700e+02 2.760e+02 56 0 1 4.405e+02 4.415e+02 9 0 4 2.049e+02 2.151e+02 95 0 2 5.037e+02 5.043e+02 6 0 4 2.916e+02 2.964e+02 45 0 2 5.440e+02 5.480e+02 37 0 4 3.733e+02 3.827e+02 87 0 2 6.665e+02 6.775e+02 101 0 3 1.822e+02 1.958e+02 127 0 3 4.410e+02 4.410e+02 -1 0 3 2.188e+02 2.432e+02 226 0 4 4.599e+02 4.641e+02 39 0 3 2.628e+02 2.832e+02 189 0 1 5.620e+02 5.720e+02 92 0 4 1.548e+02 1.812e+02 245 0 4 5.798e+02 5.962e+02 152 0 2 2.329e+02 2.711e+02 355 0 1 6.464e+02 6.556e+02 86 0 1 2.601e+02 2.859e+02 239 0 4 4.123e+02 4.277e+02 144 0 3 4.823e+02 4.837e+02 12 0 3 5.622e+02 5.718e+02 90 0 3 5.956e+02 6.224e+02 250 0 3 6.447e+02 6.573e+02 116 0 1 3.900e+02 4.080e+02 166 0 2 4.524e+02 4.716e+02 178 0 3 5.125e+02 5.375e+02 233 0 2 6.162e+02 6.438e+02 256 0 4 6.573e+02 6.867e+02 272 0 3 4.222e+02 4.598e+02 350 0 3 4.683e+02 4.977e+02 274 0 2 5.325e+02 5.595e+02 250 0 3 6.341e+02 6.679e+02 313 0 4 4.885e+02 5.195e+02 287 0 1 5.488e+02 5.852e+02 337 0 1 4.679e+02 4.981e+02 281 1 2 3.331e+02 3.389e+02 53 1 4 5.857e+02 5.903e+02 42 1 3 3.559e+02 3.581e+02 20 1 4 5.415e+02 5.505e+02 83 1 4 3.639e+02 3.921e+02 261 1 4 4.895e+02 5.185e+02 269 1 3 5.663e+02 5.677e+02 12 1 3 5.500e+02 5.840e+02 316
9200 2 0 3 1.050e+02 1.050e+02 -24 0 1 9.250e+01 1.175e+02 232
9202 17 0 2 6.718e+02 6.722e+02 4 0 4 6.685e+02 6.755e+02 65 0 2 5.283e+02 5.637e+02 328 0 1 6.319e+02 6.701e+02 355 0 1 5.074e+02 5.426e+02 327 1 4 4.873e+02 5.207e+02 310 2 3 4.810e+02 4.850e+02 38 2 4 1.216e+02 1.304e+02 81 2 2 5.004e+02 5.076e+02 66 2 3 1.424e+02 1.516e+02 86 2 4 4.612e+02 4.628e+02 16 2 4 1.589e+02 1.771e+02 170 2 1 1.830e+02 1.950e+02 112 2 2 4.944e+02 5.136e+02 179 2 2 1.556e+02 1.804e+02 230 2 3 1.723e+02 2.057e+02 310 3 1 6.031e+00 3.597e+01 278
9204 7 0 3 4.826e+02 4.834e+02 7 0 4 8.400e+01 8.400e+01 -8 0 4 4.994e+02 5.086e+02 86 0 1 6.076e+02 6.104e+02 26 0 4 6.209e+02 6.391e+02 169 0 4 3.613e+02 3.947e+02 310 2 4 3.360e+02 3.360e+02 -20
9205 21 0 2 6.283e+02 6.317e+02 32 0 2 6.699e+02 6.741e+02 39 0 4 6.219e+02 6.381e+02 150 0 4 6.688e+02 6.752e+02 59 0 1 5.958e+02 6.222e+02 246 0 3 6.460e+02 6.560e+02 93 0 3 6.008e+02 6.172e+02 152 0 3 6.323e+02 6.697e+02 346 0 2 6.210e+02 6.390e+02 167 0 2 6.525e+02 6.915e+02 363 0 4 6.538e+02 6.902e+02 337 1 3 6.090e+02 6.090e+02 -1 1 4 6.160e+02 6.440e+02 260 1 2 6.132e+02 6.468e+02 312 2 2 4.103e+01 4.297e+01 18 2 1 6.279e+01 6.321e+01 4 2 3 6.221e+01 6.379e+01 15 2 2 7.038e+01 9.762e+01 253 2 3 1.675e+01 2.525e+01 79 2 1 4.992e+01 7.608e+01 243 2 4 2.923e+01 5.477e+01 237
9206 0
9207 7 0 1 6.510e+02 6.510e+02 -3 0 3 6.508e+02 6.512e+02 4 0 2 6.675e+02 6.765e+02 83 0 2 6.109e+02 6.491e+02 356 0 4 6.675e+02 6.765e+02 83 0 3 6.370e+02 6.650e+02 260 0 4 6.529e+02 6.911e+02 354
9208 2 1 2 6.040e+02 6.560e+02 482 1 4 5.617e+02 6.143e+02 488
9210 1 1 4 6.215e+02 6.385e+02 157
9211 0
9214 0
9215 0
9216 0
9217 2 2 3 3.548e+02 3.592e+02 40 2 4 3.214e+02 3.506e+02 271
9218 0
9219 0
9220 0
9223 4 0 2 6.620e+02 6.820e+02 186 0 4 6.685e+02 6.755e+02 66 0 1 6.413e+02 6.607e+02 180 0 3 6.367e+02 6.653e+02 266
9224 76 0 4 6.297e+02 6.303e+02 6 0 1 2.079e+01 2.121e+01 4 0 1 6.495e+02 6.525e+02 28 0 1 2.276e+02 2.344e+02 63 0 3 4.410e+02 4.410e+02 -0 0 3 2.025e+01 2.175e+01 14 0 1 4.799e+02 4.861e+02 57 0 4 2.491e+02 2.549e+02 53 0 1 5.250e+02 5.250e+02 0 0 1 3.470e+02 3.670e+02 186 0 3 6.072e+02 6.108e+02 33 0 4 2.335e+02 2.705e+02 344 0 3 6.481e+02 6.539e+02 53 0 2 3.213e+02 3.507e+02 274 0 1 4.395e+02 4.425e+02 27 0 4 2.537e+01 5.863e+01 309 0 3 4.822e+02 4.838e+02 15 0 3 5.247e+02 5.253e+02 6 0 2 6.272e+02 6.328e+02 51 0 2 6.716e+02 6.724e+02 7 0 1 3.970e+02 4.010e+02 38 0 4 5.007e+02 5.073e+02 62 0 2 5.440e+02 5.480e+02 37 0 4 5.793e+02 5.967e+02 162 0 4 6.708e+02 6.732e+02 21 0 2 4.551e+02 4.689e+02 129 0 1 5.644e+02 5.696e+02 49 0 3 5.958e+02 6.222e+02 245 0 4 4.521e+02 4.719e+02 183 0 3 5.647e+02 5.693e+02 43 0 1 5.948e+02 6.232e+02 264 0 3 4.718e+02 4.942e+02 208 0 3 5.052e+02 5.448e+02 368 0 2 4.902e+02 5.178e+02 256 0 1 4.656e+02 5.004e+02 323 0 4 4.864e+02 5.216e+02 327 1 1 5.639e+02 5.701e+02 57 1 2 6.300e+02 6.300e+02 -2 1 2 5.837e+02 5.923e+02 80 1 4 6.297e+02 6.303e+02 6 1 4 5.847e+02 5.913e+02 62 1 1 6.027e+02 6.153e+02 116 1 4 5.733e+02 6.027e+02 274 1 3 6.055e+02 6.125e+02 66 1 3 5.506e+02 5.834e+02 304 1 2 5.274e+02 5.646e+02 346 1 4 2.609e+01 5.791e+01 296 2 4 2.503e+02 2.537e+02 31 2 4 1.251e+02 1.269e+02 16 2 4 4.995e+02 5.085e+02 84 2 2 1.642e+02 1.718e+02 71 2 3 5.633e+02 5.707e+02 69 2 2 2.414e+02 2.626e+02 196 2 3 2.720e+02 2.740e+02 19 2 4 5.429e+02 5.491e+02 58 2 3 5.108e+01 7.492e+01 221 2 2 5.770e+02 5.990e+02 205 2 2 8.079e+01 8.721e+01 60 2 3 1.368e+02 1.572e+02 189 2 1 5.479e+02 5.861e+02 356 2 4 2.392e+02 2.648e+02 238 2 2 2.922e+02 2.958e+02 34 2 4 3.167e+02 3.553e+02 358 2 1 1.182e+01 3.018e+01 170 2 3 9.923e+01 1.108e+02 107 2 4 1.488e+02 1.872e+02 356 2 3 2.640e+02 2.820e+02 167 2 2 1.209e+02 1.311e+02 96 2 2 1.489e+02 1.871e+02 356 2 2 2.772e+02 3.108e+02 312 2 4 7.231e+01 9.569e+01 217 2 4 1.079e+02 1.441e+02 336 3 3 6.300e+01 6.300e+01 -1 3 1 9.470e+01 1.153e+02 191 3 2 8.119e+01 8.681e+01 52 3 4 4.143e+01 4.257e+01 10
9227 6 0 1 8.703e+01 1.230e+02 334 0 2 1.036e+02 1.484e+02 416 2 3 1.846e+01 2.354e+01 47 2 4 1.197e+02 1.323e+02 117 2 3 6.377e+02 6.643e+02 247 2 4 6.552e+02 6.888e+02 312
9228 1 2 4 4.052e+02 4.348e+02 275
9231 5 0 2 6.233e+02 6.367e+02 124 2 4 3.353e+02 3.367e+02 14 2 1 3.554e+02 3.586e+02 30 2 3 3.454e+02 3.686e+02 215 2 2 3.205e+02 3.515e+02 287
9233 18 0 2 6.707e+02 6.733e+02 25 0 3 4.361e+02 4.459e+02 90 0 4 6.688e+02 6.752e+02 59 0 4 4.512e+02 4.728e+02 201 0 3 6.415e+02 6.605e+02 177 0 1 6.383e+02 6.637e+02 236 0 3 6.355e+02 6.665e+02 287 1 4 5.875e+02 5.885e+02 9 2 3 1.693e+01 2.507e+01 76 2 4 1.218e+02 1.302e+02 78 2 3 1.462e+02 1.478e+02 15 2 2 4.004e+01 4.396e+01 36 2 4 7.810e+01 8.990e+01 110 2 1 1.012e+01 3.188e+01 202 2 3 1.000e+02 1.100e+02 92 2 2 2.631e+01 5.769e+01 291 2 4 3.098e+01 5.302e+01 205 2 3 4.359e+01 8.241e+01 360
9234 4 0 3 5.873e+02 6.307e+02 404 0 1 5.843e+02 6.337e+02 458 2 1 1.688e+02 2.092e+02 375 2 4 1.037e+02 1.483e+02 414
