32866 1 0 1 5.668e+02 5.672e+02 3
32867 14 0 2 6.653e+02 6.787e+02 124 0 4 3.631e+02 3.929e+02 277 0 4 3.207e+02 3.513e+02 284 0 4 6.620e+02 6.820e+02 186 1 3 5.823e+02 6.357e+02 496 2 3 1.128e+01 3.072e+01 180 2 2 1.137e+02 1.383e+02 229 2 4 2.797e+01 5.603e+01 260 2 4 4.034e+02 4.366e+02 308 2 4 1.082e+02 1.438e+02 330 2 3 3.786e+02 4.194e+02 380 2 2 2.084e+01 6.316e+01 393 2 1 3.807e+01 8.793e+01 463 2 3 3.681e+01 8.919e+01 486
32871 26 0 3 3.970e+02 4.010e+02 38 0 1 3.560e+02 3.580e+02 19 0 1 6.078e+02 6.102e+02 22 0 4 6.703e+02 6.737e+02 31 0 2 3.664e+02 3.896e+02 216 0 4 5.010e+02 5.070e+02 56 0 4 6.283e+02 6.317e+02 31 0 1 6.496e+02 6.524e+02 26 0 4 4.101e+02 4.299e+02 185 0 3 4.685e+02 4.975e+02 270 0 3 5.978e+02 6.202e+02 207 0 2 6.635e+02 6.805e+02 158 0 4 6.131e+02 6.469e+02 315 0 3 6.360e+02 6.660e+02 279 0 2 6.559e+02 6.881e+02 299 1 2 6.146e+02 6.454e+02 286 1 2 5.722e+02 6.038e+02 293 1 3 5.896e+02 6.284e+02 360 2 3 1.819e+01 2.381e+01 52 2 4 4.193e+02 4.207e+02 14 2 3 3.548e+02 3.592e+02 41 2 2 2.909e+01 5.491e+01 240 2 1 5.186e+02 5.314e+02 119 2 4 3.269e+02 3.451e+02 169 2 1 3.470e+02 3.670e+02 186 2 2 3.611e+02 3.949e+02 313
32872 1 0 4 6.535e+02 6.905e+02 343
32875 1 0 2 6.031e+02 6.569e+02 500
32877 0
32879 6 0 4 4.190e+02 4.210e+02 18 0 4 4.596e+02 4.644e+02 44 0 4 4.093e+02 4.307e+02 198 0 4 4.004e+02 4.396e+02 364 2 4 3.659e+01 4.741e+01 100 2 1 2.121e+02 2.499e+02 350
32881 16 0 3 6.081e+02 6.099e+02 17 0 1 3.558e+02 3.582e+02 22 0 4 3.706e+02 3.854e+02 137 0 2 6.626e+02 6.814e+02 175 0 1 5.921e+02 6.259e+02 314 0 2 3.620e+02 3.940e+02 296 0 4 6.123e+02 6.477e+02 328 1 1 5.094e+02 5.406e+02 289 2 3 1.886e+01 2.314e+01 40 2 2 2.071e+02 2.129e+02 55 2 4 4.993e+02 5.087e+02 87 2 4 2.099e+02 2.101e+02 2 2 4 4.543e+02 4.697e+02 144 2 3 1.758e+02 2.022e+02 245 2 1 2.176e+02 2.444e+02 250 2 3 2.160e+02 2.460e+02 278
32882 0
32883 9 0 1 1.890e+02 1.890e+02 -1 0 2 1.680e+02 1.680e+02 -4 0 3 6.075e+02 6.105e+02 28 0 4 2.079e+02 2.121e+02 39 0 2 6.654e+02 6.786e+02 123 0 4 1.661e+02 1.699e+02 35 0 4 6.631e+02 6.809e+02 165 0 3 1.780e+02 2.000e+02 205 0 2 1.939e+02 2.261e+02 299
32887 4 2 4 1.677e+02 1.683e+02 5 2 1 1.852e+02 1.928e+02 70 2 2 1.552e+02 1.808e+02 238 2 3 1.738e+02 2.042e+02 283
32888 7 2 3 5.247e+02 5.253e+02 6 2 3 6.083e+02 6.097e+02 12 2 1 5.896e+00 3.610e+01 280 2 2 5.389e+02 5.531e+02 131 2 4 6.156e+02 6.444e+02 268 2 4 4.961e+02 5.119e+02 146 2 1 5.067e+02 5.433e+02 340
32891 11 0 4 1.677e+02 1.683e+02 6 0 1 1.890e+02 1.890e+02 -2 0 2 1.160e+02 1.360e+02 186 0 3 1.874e+02 1.906e+02 29 0 1 1.470e+02 1.470e+02 -19 0 2 1.640e+02 1.720e+02 74 1 2 8.400e+01 8.400e+01 -6 1 3 1.050e+02 1.050e+02 -8 1 4 7.921e+01 8.879e+01 89 1 4 1.235e+02 1.285e+02 47 1 2 1.209e+02 1.311e+02 95
32892 20 0 2 5.400e+02 5.520e+02 111 0 4 5.880e+02 5.880e+02 -14 0 1 5.553e+02 5.787e+02 217 0 2 6.273e+02 6.327e+02 50 0 4 6.589e+02 6.851e+02 244 0 3 5.598e+02 5.742e+02 134 0 4 6.300e+02 6.300e+02 -11 0 1 6.062e+02 6.118e+02 51 0 3 6.006e+02 6.174e+02 156 0 1 5.945e+02 6.235e+02 269 2 2 1.678e+02 1.682e+02 4 2 2 2.940e+02 2.940e+02 -15 2 1 1.798e+02 1.982e+02 170 2 4 2.886e+02 2.994e+02 100 2 3 1.343e+02 1.597e+02 236 2 1 3.090e+02 3.210e+02 112 2 3 3.119e+02 3.181e+02 58 2 3 2.638e+02 2.822e+02 170 2 1 3.015e+02 3.285e+02 251 3 1 1.381e+02 1.559e+02 166
32894 3 0 1 5.663e+02 5.677e+02 14 0 4 5.867e+02 5.893e+02 25 0 3 5.574e+02 5.766e+02 179
32895 9 2 4 4.993e+02 5.087e+02 88 2 2 4.962e+02 5.118e+02 146 2 1 5.098e+02 5.402e+02 282 2 3 5.143e+02 5.357e+02 199 3 4 4.581e+02 4.659e+02 72 3 3 5.217e+02 5.283e+02 62 3 3 4.760e+02 4.900e+02 130 3 3 4.235e+02 4.585e+02 325 3 4 4.906e+02 5.174e+02 249
32897 5 0 1 5.639e+02 5.701e+02 57 0 4 7.787e+01 9.013e+01 114 0 3 5.647e+02 5.693e+02 42 0 4 5.619e+02 6.141e+02 485 2 4 4.178e+02 4.222e+02 40
32898 48 0 4 5.777e+02 5.983e+02 190 1 1 6.083e+02 6.097e+02 14 1 3 5.931e+02 6.249e+02 296 1 2 6.140e+02 6.460e+02 296 2 3 1.039e+02 1.061e+02 21 2 2 2.482e+02 2.558e+02 70 2 1 2.710e+02 2.750e+02 37 2 2 5.000e+02 5.080e+02 74 2 1 3.564e+02 3.576e+02 10 2 2 5.422e+02 5.498e+02 70 2 3 6.024e+01 6.576e+01 51 2 2 1.595e+02 1.765e+02 157 2 3 4.347e+02 4.473e+02 116 2 4 2.516e+02 2.524e+02 7 2 4 5.007e+02 5.073e+02 62 2 4 2.894e+02 2.986e+02 86 2 4 5.396e+02 5.524e+02 118 2 3 3.539e+02 3.601e+02 57 2 3 1.469e+01 2.731e+01 117 2 4 1.161e+02 1.359e+02 183 2 4 4.512e+02 4.728e+02 200 2 4 1.614e+02 1.746e+02 123 2 1 4.716e+02 4.944e+02 211 2 4 2.089e+02 2.111e+02 20 2 2 4.445e+02 4.795e+02 325 2 3 2.972e+02 3.328e+02 331 2 3 4.624e+02 5.036e+02 383 2 2 3.673e+02 3.887e+02 198 2 1 5.386e+01 7.214e+01 170 2 2 7.096e+01 9.704e+01 242 2 3 1.347e+02 1.593e+02 228 2 3 2.270e+02 2.350e+02 75 2 4 3.693e+02 3.867e+02 162 2 1 1.384e+01 2.816e+01 133 2 4 7.540e+01 9.260e+01 160 2 1 2.182e+02 2.438e+02 238 2 2 3.275e+02 3.445e+02 158 2 1 4.592e+01 8.008e+01 317 2 2 1.115e+02 1.405e+02 269 2 4 3.248e+02 3.472e+02 209 2 2 2.353e+01 6.047e+01 343 2 4 6.490e+01 1.031e+02 355 2 1 3.415e+02 3.725e+02 288 2 4 3.196e+02 3.524e+02 306 3 2 4.040e+01 4.360e+01 30 3 3 1.074e+01 3.126e+01 190 3 1 1.363e+00 4.064e+01 365 3 1 4.534e+01 8.066e+01 328
32899 40 0 1 5.622e+02 5.718e+02 90 0 4 5.864e+02 5.896e+02 29 0 1 3.884e+02 4.096e+02 197 0 2 6.231e+02 6.369e+02 129 0 3 6.385e+02 6.635e+02 232 0 4 4.062e+02 4.338e+02 256 0 2 4.890e+02 5.190e+02 279 0 3 5.500e+02 5.840e+02 316 0 4 6.208e+02 6.392e+02 171 0 1 6.365e+02 6.655e+02 270 0 1 4.279e+02 4.541e+02 243 0 4 4.927e+02 5.153e+02 210 0 1 5.450e+02 5.890e+02 408 0 1 5.962e+02 6.218e+02 237 0 2 6.525e+02 6.915e+02 362 0 3 4.212e+02 4.608e+02 367 0 4 4.450e+02 4.790e+02 316 0 3 5.979e+02 6.201e+02 206 0 4 6.505e+02 6.935e+02 400 0 1 4.655e+02 5.005e+02 325 0 4 5.705e+02 6.055e+02 326 0 1 6.267e+02 6.753e+02 451 0 2 4.375e+02 4.865e+02 455 0 3 5.866e+02 6.314e+02 416 0 4 6.069e+02 6.531e+02 429 2 4 1.578e+02 1.782e+02 189 2 1 4.897e+01 7.703e+01 260 2 4 5.270e+02 5.650e+02 352 2 2 1.148e+02 1.372e+02 208 2 2 1.516e+02 1.844e+02 305 2 1 5.822e+02 6.358e+02 498 2 3 4.973e+01 7.627e+01 246 2 4 1.052e+02 1.468e+02 386 2 1 1.225e+02 1.715e+02 455 2 1 8.541e+00 3.346e+01 231 2 3 8.061e+01 1.294e+02 453 2 3 1.272e+02 1.668e+02 367 2 2 3.035e+01 5.365e+01 216 2 4 2.900e+01 5.500e+01 241 2 3 -8.346e-01 4.283e+01 406
32901 27 0 4 1.661e+02 1.699e+02 36 0 4 6.645e+02 6.795e+02 139 2 3 2.089e+01 2.111e+01 2 2 4 5.017e+02 5.063e+02 42 2 4 8.003e+01 8.797e+01 74 2 1 5.217e+02 5.283e+02 60 2 1 1.437e+02 1.503e+02 60 2 3 6.507e+02 6.513e+02 6 2 3 3.105e+02 3.195e+02 83 2 3 5.141e+02 5.359e+02 203 2 3 3.546e+02 3.594e+02 45 2 4 6.656e+02 6.784e+02 120 2 1 5.880e+01 6.720e+01 78 2 2 4.892e+02 5.188e+02 275 2 3 9.636e+01 1.136e+02 160 2 1 3.047e+02 3.253e+02 192 2 2 3.232e+02 3.488e+02 237 2 1 1.635e+01 2.565e+01 86 2 4 1.205e+02 1.315e+02 103 2 3 1.306e+02 1.634e+02 305 2 3 2.954e+02 3.346e+02 364 2 4 3.173e+02 3.547e+02 348 2 2 2.806e+01 5.594e+01 259 2 2 1.139e+02 1.381e+02 225 2 3 3.400e+02 3.740e+02 316 2 2 6.526e+01 1.027e+02 348 3 3 1.469e+01 2.731e+01 117
32903 13 0 3 6.510e+02 6.510e+02 -2 0 2 6.140e+02 6.460e+02 296 0 4 6.720e+02 6.720e+02 -3 0 1 6.444e+02 6.576e+02 122 0 4 6.589e+02 6.851e+02 243 1 4 6.300e+02 6.300e+02 -24 1 1 6.074e+02 6.106e+02 29 1 2 5.802e+02 5.958e+02 146 1 3 6.090e+02 6.090e+02 -11 1 4 5.723e+02 6.037e+02 291 1 2 6.210e+02 6.390e+02 166 1 3 5.947e+02 6.233e+02 266 3 1 1.445e+02 1.495e+02 46
32904 10 0 1 4.797e+02 4.863e+02 61 0 1 4.389e+02 4.431e+02 40 0 3 1.841e+02 1.939e+02 91 0 3 5.537e+02 5.803e+02 246 1 2 6.259e+02 6.341e+02 76 1 4 5.375e+02 5.545e+02 157 1 1 5.471e+02 5.869e+02 369 1 1 5.902e+02 6.278e+02 350 2 4 5.035e+02 5.045e+02 10 2 3 5.226e+02 5.274e+02 44
32908 11 0 1 6.505e+02 6.515e+02 10 0 3 1.031e+02 1.069e+02 35 0 1 5.660e+02 5.680e+02 18 0 2 6.704e+02 6.736e+02 29 0 4 5.802e+02 5.958e+02 146 0 3 6.475e+02 6.545e+02 65 0 2 6.550e+02 6.890e+02 316 0 4 6.585e+02 6.855e+02 250 2 3 7.512e+00 3.449e+01 250 2 4 2.735e+01 5.665e+01 272 2 1 5.358e+00 3.664e+01 290
32909 1 0 2 6.706e+02 6.734e+02 26
32911 42 0 3 4.404e+02 4.416e+02 11 0 3 1.884e+02 1.896e+02 11 0 2 4.599e+02 4.641e+02 39 0 2 1.644e+02 1.716e+02 67 0 1 5.243e+02 5.257e+02 13 0 4 2.010e+02 2.190e+02 168 0 1 6.046e+02 6.134e+02 81 0 4 3.218e+02 3.502e+02 265 0 3 6.483e+02 6.537e+02 50 0 2 1.505e+02 1.855e+02 326 0 2 5.033e+02 5.047e+02 13 0 3 5.205e+02 5.295e+02 83 0 3 6.072e+02 6.108e+02 33 0 2 6.686e+02 6.754e+02 63 0 1 4.737e+02 4.923e+02 173 0 2 5.295e+02 5.625e+02 306 0 2 6.236e+02 6.364e+02 118 0 4 6.658e+02 6.782e+02 115 0 4 4.003e+02 4.397e+02 366 0 2 4.441e+02 4.799e+02 332 0 4 5.819e+02 5.941e+02 113 0 1 6.463e+02 6.557e+02 88 0 4 4.846e+02 5.234e+02 360 0 4 6.151e+02 6.449e+02 277 0 4 5.733e+02 6.027e+02 272 0 1 5.954e+02 6.226e+02 253 0 3 5.931e+02 6.249e+02 295 0 2 6.133e+02 6.467e+02 310 1 3 5.627e+02 5.713e+02 80 1 3 6.090e+02 6.090e+02 -2 1 3 5.231e+02 5.269e+02 36 1 4 6.200e+02 6.400e+02 186 2 2 3.874e+01 4.526e+01 60 2 4 8.097e+01 8.703e+01 56 2 2 2.058e+02 2.142e+02 78 2 4 3.587e+01 4.813e+01 114 2 2 7.415e+01 9.385e+01 183 2 4 2.028e+02 2.172e+02 133 2 3 4.866e+00 3.713e+01 300 2 3 9.169e+01 1.183e+02 247 2 1 2.140e+02 2.480e+02 316 2 3 2.184e+02 2.436e+02 235
32912 19 0 2 5.377e+02 5.543e+02 155 0 4 5.814e+02 5.946e+02 122 0 4 2.385e+02 2.655e+02 250 0 3 5.562e+02 5.778e+02 201 0 3 2.081e+02 2.539e+02 426 0 3 5.949e+02 6.231e+02 262 0 1 5.529e+02 5.811e+02 262 0 4 5.668e+02 6.092e+02 393 0 3 5.457e+02 5.883e+02 396 1 4 6.257e+02 6.343e+02 80 1 4 6.142e+02 6.458e+02 293 2 4 4.617e+02 4.623e+02 6 2 1 4.783e+02 4.877e+02 87 2 4 1.553e+02 1.807e+02 236 2 3 1.710e+02 2.070e+02 334 2 3 4.723e+02 4.937e+02 199 2 3 -4.109e+00 4.611e+01 466 2 2 4.463e+02 4.777e+02 291 3 2 2.887e+01 5.513e+01 244
32918 3 0 3 6.488e+02 6.532e+02 41 0 1 6.480e+02 6.540e+02 56 0 4 6.129e+02 6.471e+02 317
32919 15 0 3 5.663e+02 5.677e+02 14 1 1 4.654e+02 5.006e+02 327 2 4 3.775e+02 3.785e+02 10 2 4 6.709e+02 6.731e+02 20 2 4 3.323e+02 3.397e+02 70 2 4 7.931e+01 8.869e+01 87 2 1 1.428e+02 1.512e+02 78 2 4 2.844e+02 3.036e+02 178 2 1 9.352e+00 3.265e+01 216 2 2 1.152e+02 1.368e+02 201 2 3 2.976e+02 3.324e+02 324 2 3 2.443e+00 3.956e+01 345 2 4 1.135e+02 1.385e+02 232 2 3 2.548e+02 2.912e+02 338 2 3 8.801e+01 1.220e+02 316
32920 13 0 2 6.720e+02 6.720e+02 -10 0 1 9.995e+01 1.101e+02 94 0 1 5.566e+02 5.774e+02 194 0 4 5.860e+02 5.900e+02 38 0 4 6.650e+02 6.790e+02 130 0 3 5.482e+02 5.858e+02 349 1 2 6.267e+02 6.333e+02 62 1 4 6.128e+02 6.472e+02 320 2 2 6.284e+02 6.316e+02 30 2 1 1.581e+01 2.619e+01 96 2 3 6.795e+00 3.521e+01 264 2 1 3.295e+00 3.871e+01 329 2 2 2.124e+01 6.276e+01 386
32921 0
32923 0
32924 1 0 4 6.184e+02 6.416e+02 216
