2124 18 0 1 4.824e+02 4.836e+02 10 0 1 6.072e+02 6.108e+02 34 0 3 6.464e+02 6.556e+02 86 0 3 4.768e+02 4.892e+02 116 0 3 6.012e+02 6.168e+02 145 0 4 6.610e+02 6.830e+02 204 0 2 4.876e+02 5.204e+02 304 0 2 6.159e+02 6.441e+02 262 0 4 4.917e+02 5.163e+02 228 0 4 6.180e+02 6.420e+02 222 1 2 6.146e+02 6.454e+02 286 1 4 6.076e+02 6.524e+02 416 2 4 4.609e+02 4.631e+02 20 2 3 4.304e+02 4.516e+02 197 3 3 3.820e+02 4.160e+02 316 3 3 4.294e+02 4.526e+02 215 3 2 4.062e+02 4.338e+02 256 3 4 3.935e+02 4.465e+02 491
2127 2 0 2 6.625e+02 6.815e+02 176 0 4 6.610e+02 6.830e+02 204
2128 2 1 3 6.082e+02 6.098e+02 16 1 2 6.263e+02 6.337e+02 69
2130 18 2 4 4.200e+02 4.200e+02 -9 2 4 5.826e+02 5.934e+02 100 2 1 4.390e+02 4.430e+02 37 2 3 6.061e+02 6.119e+02 53 2 2 4.105e+02 4.295e+02 176 2 1 6.018e+02 6.162e+02 133 2 3 4.294e+02 4.526e+02 216 2 2 6.134e+02 6.466e+02 309 3 3 1.037e+02 1.063e+02 25 3 3 2.244e+02 2.376e+02 122 3 2 1.253e+02 1.267e+02 14 3 4 6.710e+01 1.009e+02 314 3 2 1.928e+02 2.272e+02 319 3 4 1.245e+02 1.275e+02 27 3 3 1.381e+02 1.559e+02 165 3 1 9.304e+01 1.170e+02 222 3 2 1.169e+02 1.351e+02 169 3 3 9.039e+01 1.196e+02 271
2132 5 2 4 2.096e+02 2.104e+02 8 2 2 6.717e+02 6.723e+02 6 2 3 2.241e+02 2.379e+02 129 2 1 2.185e+02 2.435e+02 232 2 2 2.368e+02 2.672e+02 281
2133 37 0 2 5.443e+02 5.477e+02 32 0 1 3.116e+02 3.184e+02 63 0 2 6.275e+02 6.325e+02 47 0 4 3.352e+02 3.368e+02 16 0 4 6.707e+02 6.733e+02 25 0 2 3.253e+02 3.467e+02 198 0 1 4.372e+02 4.448e+02 70 0 2 4.570e+02 4.670e+02 93 0 1 5.652e+02 5.688e+02 33 0 4 6.268e+02 6.332e+02 60 0 1 6.489e+02 6.531e+02 40 0 3 5.653e+02 5.687e+02 31 0 1 6.053e+02 6.127e+02 69 0 3 6.497e+02 6.523e+02 25 0 2 5.285e+02 5.635e+02 326 0 3 6.036e+02 6.144e+02 100 0 2 6.688e+02 6.752e+02 60 0 3 5.520e+02 5.820e+02 278 0 1 5.985e+02 6.195e+02 196 0 1 6.370e+02 6.650e+02 260 0 1 5.058e+02 5.442e+02 357 0 3 5.946e+02 6.234e+02 268 0 3 6.402e+02 6.618e+02 200 0 4 5.704e+02 6.056e+02 327 0 3 6.320e+02 6.700e+02 353 1 2 6.105e+02 6.495e+02 363 2 1 6.198e+01 6.402e+01 19 2 3 1.461e+02 1.479e+02 17 2 4 2.471e+02 2.569e+02 90 2 3 6.104e+01 6.496e+01 36 2 3 1.839e+02 1.941e+02 96 2 2 2.968e+01 5.432e+01 229 2 2 1.099e+02 1.421e+02 299 2 1 1.353e+02 1.587e+02 217 2 4 2.734e+01 5.666e+01 272 2 4 1.551e+02 1.809e+02 239 2 1 3.811e+01 8.789e+01 462
2134 0
2135 9 0 1 6.507e+02 6.513e+02 6 0 4 4.996e+02 5.084e+02 81 0 3 6.490e+02 6.530e+02 36 0 1 4.806e+02 4.854e+02 45 0 4 6.546e+02 6.894e+02 324 0 3 4.717e+02 4.943e+02 210 0 2 6.538e+02 6.902e+02 337 0 2 4.920e+02 5.160e+02 223 2 1 1.209e+01 2.991e+01 166
2136 13 0 3 5.618e+02 5.722e+02 97 0 4 5.793e+02 5.967e+02 161 0 2 5.422e+02 5.498e+02 71 0 3 5.987e+02 6.193e+02 192 0 1 5.974e+02 6.206e+02 215 1 2 5.880e+02 5.880e+02 -7 1 3 6.074e+02 6.106e+02 30 1 1 5.640e+02 5.700e+02 56 1 2 6.208e+02 6.392e+02 171 1 4 6.178e+02 6.422e+02 227 2 2 4.112e+01 4.288e+01 16 2 4 3.843e+01 4.557e+01 66 3 1 5.988e+01 6.612e+01 58
2137 0
2139 9 0 3 4.822e+02 4.838e+02 16 0 4 5.838e+02 5.922e+02 79 0 4 4.893e+02 5.187e+02 274 0 2 6.094e+02 6.506e+02 383 0 4 3.584e+02 3.976e+02 365 0 3 4.218e+02 4.602e+02 357 0 1 3.357e+02 3.783e+02 395 0 2 4.452e+02 4.788e+02 312 0 3 5.500e+02 5.840e+02 316
2140 1 0 4 4.911e+02 5.170e+02 240
2141 3 0 4 7.733e+01 9.067e+01 124 1 3 5.849e+02 6.331e+02 448 2 1 6.075e+00 3.593e+01 277
2142 27 0 1 2.297e+02 2.323e+02 25 0 1 6.490e+02 6.530e+02 37 0 4 4.181e+02 4.219e+02 35 0 3 2.303e+02 2.317e+02 13 0 2 3.694e+02 3.866e+02 160 0 3 6.010e+02 6.170e+02 148 0 2 2.437e+02 2.603e+02 155 0 3 6.474e+02 6.546e+02 66 0 4 2.437e+02 2.603e+02 154 0 1 3.981e+02 3.999e+02 17 0 3 2.542e+02 2.918e+02 350 0 4 5.733e+02 6.027e+02 272 0 2 6.691e+02 6.749e+02 55 0 3 3.981e+02 3.999e+02 17 0 4 5.006e+02 5.074e+02 63 0 1 5.974e+02 6.206e+02 216 0 4 6.639e+02 6.801e+02 150 0 1 4.755e+02 4.905e+02 139 0 2 6.122e+02 6.478e+02 330 0 2 6.573e+02 6.867e+02 274 0 3 4.709e+02 4.951e+02 224 0 4 6.115e+02 6.485e+02 344 0 2 4.910e+02 5.170e+02 241 1 2 1.675e+02 1.685e+02 10 1 1 1.731e+02 2.049e+02 295 1 2 6.110e+02 6.490e+02 352 2 4 2.856e+02 3.024e+02 156
2145 56 0 2 1.661e+02 1.699e+02 36 0 4 5.004e+02 5.076e+02 67 0 4 1.594e+02 1.766e+02 159 0 4 4.557e+02 4.683e+02 116 0 3 1.692e+02 2.088e+02 368 0 2 1.483e+02 1.877e+02 366 1 2 5.746e+02 6.014e+02 250 2 1 1.878e+02 1.902e+02 23 2 1 6.500e+02 6.520e+02 19 2 1 3.132e+02 3.168e+02 34 2 3 4.391e+02 4.429e+02 35 2 3 3.564e+02 3.576e+02 11 2 3 5.239e+02 5.261e+02 20 2 3 1.922e+01 2.278e+01 33 2 3 6.059e+02 6.121e+02 58 2 2 1.256e+02 1.264e+02 8 2 4 1.661e+02 1.699e+02 36 2 2 4.179e+02 4.221e+02 39 2 4 2.060e+02 2.140e+02 74 2 4 4.968e+02 5.112e+02 134 2 1 2.726e+02 2.734e+02 7 2 2 5.364e+02 5.556e+02 178 2 1 3.516e+02 3.624e+02 100 2 2 6.276e+02 6.324e+02 44 2 2 3.479e+01 4.921e+01 134 2 2 8.276e+01 8.524e+01 23 2 4 4.166e+02 4.234e+02 64 2 3 1.359e+02 1.581e+02 206 2 2 4.524e+02 4.716e+02 178 2 2 2.476e+02 2.564e+02 81 2 4 5.780e+02 5.980e+02 186 2 3 2.704e+02 2.756e+02 48 2 3 3.871e+02 4.109e+02 220 2 4 3.241e+02 3.479e+02 221 2 4 4.057e+02 4.343e+02 266 2 4 3.695e+01 4.705e+01 94 2 1 4.251e+02 4.569e+02 295 2 4 7.895e+01 8.905e+01 94 2 3 1.733e+02 2.047e+02 292 2 2 2.035e+02 2.165e+02 120 2 2 2.933e+02 2.947e+02 12 2 2 3.597e+02 3.963e+02 340 2 1 1.200e+01 3.000e+01 167 2 3 9.846e+01 1.115e+02 121 2 1 1.331e+02 1.609e+02 259 2 3 2.217e+02 2.403e+02 172 2 4 2.796e+02 3.084e+02 268 2 4 2.703e+01 5.697e+01 278 2 2 7.145e+01 9.655e+01 233 2 4 2.402e+02 2.638e+02 220 2 1 2.545e+02 2.915e+02 343 2 3 4.453e+01 8.147e+01 343 2 4 7.145e+01 9.655e+01 233 2 1 4.440e+01 8.160e+01 346 3 1 5.835e+01 6.765e+01 86 3 4 2.357e+01 6.043e+01 342
2146 3 0 4 6.183e+02 6.417e+02 218 0 3 6.406e+02 6.614e+02 194 0 1 6.332e+02 6.688e+02 330
2148 1 2 4 1.982e+02 2.218e+02 219
2149 7 0 1 6.510e+02 6.510e+02 -8 0 3 6.493e+02 6.527e+02 32 0 2 6.720e+02 6.720e+02 -1 0 4 6.673e+02 6.767e+02 87 0 1 6.384e+02 6.636e+02 235 0 2 6.543e+02 6.897e+02 329 2 4 2.938e+02 2.942e+02 3
2150 20 0 1 6.048e+02 6.132e+02 77 0 2 6.247e+02 6.353e+02 99 0 3 6.429e+02 6.591e+02 151 0 4 6.268e+02 6.332e+02 60 0 1 6.382e+02 6.638e+02 238 0 4 4.868e+02 5.212e+02 320 0 3 5.989e+02 6.191e+02 187 1 4 1.250e+02 1.270e+02 19 1 4 2.068e+02 2.132e+02 59 1 2 3.211e+02 3.509e+02 277 1 1 1.019e+02 1.081e+02 58 1 4 1.508e+02 1.852e+02 320 1 3 1.015e+02 1.085e+02 65 1 3 1.727e+02 2.053e+02 302 2 3 2.265e+02 2.355e+02 83 2 2 2.456e+02 2.584e+02 118 2 4 2.805e+02 3.075e+02 251 2 1 2.171e+02 2.449e+02 258 2 4 2.374e+02 2.666e+02 271 3 1 1.353e+01 2.847e+01 139
2151 0
2152 6 0 3 6.510e+02 6.510e+02 -10 0 2 6.228e+02 6.372e+02 133 0 1 6.507e+02 6.513e+02 5 0 2 6.127e+02 6.473e+02 322 0 1 6.365e+02 6.655e+02 270 0 4 6.157e+02 6.443e+02 266
2153 0
2154 0
2156 32 0 1 5.650e+02 5.690e+02 36 0 4 6.246e+02 6.354e+02 100 0 2 6.704e+02 6.736e+02 30 0 1 3.442e+02 3.698e+02 237 0 4 3.627e+02 3.933e+02 285 0 3 4.386e+02 4.434e+02 44 0 3 5.644e+02 5.696e+02 49 0 2 3.231e+02 3.489e+02 239 0 2 6.173e+02 6.427e+02 236 0 1 6.481e+02 6.539e+02 54 0 1 4.291e+02 4.529e+02 220 0 4 4.473e+02 4.767e+02 273 0 2 5.286e+02 5.634e+02 323 0 3 6.379e+02 6.641e+02 244 1 1 6.077e+02 6.103e+02 25 1 2 6.283e+02 6.317e+02 31 1 1 6.060e+01 6.540e+01 45 1 4 6.289e+02 6.311e+02 20 1 3 5.987e+02 6.193e+02 191 1 4 8.195e+01 8.605e+01 38 2 2 3.303e+02 3.417e+02 106 2 4 6.205e+02 6.395e+02 176 2 4 1.208e+02 1.312e+02 97 2 3 3.020e+02 3.280e+02 242 2 4 3.238e+02 3.482e+02 226 2 4 4.029e+02 4.371e+02 317 2 2 8.236e+01 8.564e+01 30 2 1 1.338e+02 1.602e+02 245 2 3 4.772e+01 7.828e+01 284 2 4 7.612e+01 9.188e+01 146 2 3 1.345e+02 1.595e+02 231 2 2 1.135e+02 1.385e+02 233
2158 9 0 4 4.184e+02 4.216e+02 30 0 3 5.227e+02 5.273e+02 42 0 2 3.573e+02 3.987e+02 384 0 4 6.592e+02 6.848e+02 238 0 3 4.381e+02 4.439e+02 54 0 1 3.926e+02 4.054e+02 120 0 3 3.906e+02 4.074e+02 156 1 1 6.090e+02 6.090e+02 -20 1 2 3.100e+02 3.620e+02 483
2159 0
