19061 0
19063 18 0 2 3.709e+02 3.851e+02 132 2 4 6.282e+02 6.318e+02 34 2 2 6.228e+02 6.372e+02 135 2 1 6.412e+02 6.608e+02 181 2 3 6.374e+02 6.646e+02 253 2 1 5.081e+01 7.519e+01 226 3 3 4.399e+02 4.421e+02 21 3 3 4.830e+02 4.830e+02 -2 3 3 3.090e+02 3.210e+02 112 3 2 3.750e+02 3.810e+02 56 3 2 4.992e+02 5.088e+02 89 3 4 4.569e+02 4.671e+02 96 3 2 2.835e+02 3.045e+02 195 3 3 3.877e+02 4.103e+02 210 3 4 2.826e+02 3.054e+02 212 3 4 3.676e+02 3.884e+02 194 3 1 3.018e+02 3.282e+02 245 3 1 3.812e+02 4.168e+02 331
19065 4 3 3 4.804e+02 4.856e+02 49 3 2 5.006e+02 5.074e+02 63 3 4 4.417e+02 4.823e+02 376 3 4 4.876e+02 5.205e+02 306
19067 0
19069 0
19070 0
19073 0
19074 8 2 4 4.509e+02 4.731e+02 206 2 4 4.437e+02 4.803e+02 340 3 1 6.490e+02 6.530e+02 37 3 3 6.464e+02 6.556e+02 85 3 3 4.666e+02 4.994e+02 305 3 2 6.135e+02 6.465e+02 306 3 4 4.857e+02 5.223e+02 340 3 3 5.057e+02 5.443e+02 359
19075 2 0 2 6.582e+02 6.858e+02 257 2 4 2.825e+02 3.055e+02 214
19076 65 0 3 6.090e+02 6.090e+02 -17 0 1 6.500e+02 6.520e+02 19 0 3 4.395e+02 4.425e+02 27 0 2 3.264e+02 3.456e+02 178 0 4 4.603e+02 4.637e+02 31 0 1 5.234e+02 5.266e+02 30 0 4 1.495e+02 1.865e+02 343 0 3 6.498e+02 6.522e+02 23 0 1 2.981e+02 3.319e+02 315 0 2 4.534e+02 4.706e+02 160 0 1 3.425e+02 3.715e+02 270 0 3 5.250e+02 5.250e+02 -0 0 4 5.808e+02 5.952e+02 134 0 2 6.698e+02 6.742e+02 40 0 1 4.301e+02 4.519e+02 202 0 4 4.436e+02 4.804e+02 341 0 1 5.616e+02 5.724e+02 100 0 3 5.961e+02 6.219e+02 240 0 4 6.682e+02 6.758e+02 70 0 2 4.847e+02 5.233e+02 358 0 3 5.538e+02 5.802e+02 246 0 1 5.920e+02 6.260e+02 316 0 4 6.620e+02 6.820e+02 186 0 2 5.294e+02 5.626e+02 308 0 4 6.539e+02 6.901e+02 336 0 1 6.312e+02 6.708e+02 367 1 1 5.669e+02 5.671e+02 2 1 1 6.082e+02 6.098e+02 16 1 2 5.805e+02 5.955e+02 140 1 3 6.081e+02 6.099e+02 16 1 4 5.807e+02 5.953e+02 136 1 2 6.298e+02 6.302e+02 3 1 3 5.488e+02 5.852e+02 339 1 4 6.299e+02 6.301e+02 1 2 3 1.451e+02 1.489e+02 35 2 3 3.975e+02 4.005e+02 28 2 3 2.286e+02 2.334e+02 45 2 3 6.087e+02 6.093e+02 6 2 3 3.124e+02 3.176e+02 49 2 3 4.351e+02 4.469e+02 110 2 4 3.733e+02 3.827e+02 87 2 3 5.604e+02 5.736e+02 122 2 2 1.222e+02 1.298e+02 70 2 2 6.267e+02 6.333e+02 61 2 1 1.436e+02 1.504e+02 64 2 4 2.043e+02 2.157e+02 106 2 2 4.497e+02 4.743e+02 228 2 4 2.874e+02 3.006e+02 123 2 4 5.749e+02 6.011e+02 243 2 2 3.338e+02 3.382e+02 41 2 4 4.027e+02 4.373e+02 322 2 4 1.240e+02 1.280e+02 37 2 3 1.738e+02 2.042e+02 283 2 4 2.427e+02 2.613e+02 173 2 1 3.398e+02 3.742e+02 319 2 3 1.001e+02 1.099e+02 90 2 2 1.542e+02 1.818e+02 256 2 4 7.096e+01 9.704e+01 242 2 3 8.608e+01 1.239e+02 351 2 2 1.066e+02 1.454e+02 360 3 4 3.342e+02 3.378e+02 33 3 1 3.048e+02 3.252e+02 189 3 2 3.292e+02 3.428e+02 126 3 4 7.020e+01 9.780e+01 256 3 3 2.976e+02 3.324e+02 324
19088 14 2 3 6.080e+02 6.100e+02 19 2 4 6.712e+02 6.728e+02 15 2 2 6.275e+02 6.325e+02 46 2 1 6.330e+02 6.690e+02 335 2 4 6.251e+02 6.349e+02 90 2 1 5.940e+02 6.240e+02 279 2 4 6.111e+02 6.489e+02 351 3 3 5.231e+02 5.269e+02 35 3 3 3.962e+02 4.018e+02 51 3 4 4.530e+02 4.710e+02 166 3 2 5.027e+02 5.053e+02 25 3 4 4.060e+02 4.340e+02 260 3 4 5.025e+02 5.055e+02 27 3 1 5.076e+02 5.424e+02 323
19089 12 0 4 3.687e+02 3.873e+02 173 2 2 4.577e+02 4.663e+02 80 2 2 4.197e+01 4.203e+01 0 2 4 4.589e+02 4.651e+02 58 2 3 5.884e+01 6.716e+01 77 2 1 4.712e+02 4.948e+02 219 2 2 3.546e+01 4.854e+01 121 2 3 4.640e+02 5.020e+02 352 3 3 1.780e+02 2.000e+02 204 3 2 2.027e+02 2.173e+02 135 3 4 1.961e+02 2.239e+02 259 3 1 1.701e+02 2.079e+02 350
19090 20 0 4 5.015e+02 5.065e+02 46 0 2 3.732e+02 3.828e+02 90 0 4 6.717e+02 6.723e+02 6 0 4 4.090e+02 4.310e+02 204 0 4 3.699e+02 3.861e+02 150 0 3 4.727e+02 4.933e+02 192 0 2 6.700e+02 6.740e+02 38 0 3 3.826e+02 4.154e+02 305 0 2 4.899e+02 5.181e+02 262 0 3 6.352e+02 6.668e+02 294 0 1 6.344e+02 6.676e+02 309 2 4 5.457e+02 5.463e+02 6 2 3 5.646e+02 5.694e+02 45 2 4 4.155e+02 4.245e+02 84 2 3 4.304e+02 4.516e+02 197 2 4 1.933e+02 2.267e+02 310 2 1 1.514e-01 4.185e+01 387 2 2 4.108e+02 4.292e+02 171 2 4 2.324e+02 2.716e+02 365 2 1 4.240e+02 4.580e+02 316
19091 4 2 3 1.872e+02 1.908e+02 34 2 2 2.063e+02 2.137e+02 68 2 4 1.548e+02 1.812e+02 246 2 1 2.110e+02 2.510e+02 371
19092 3 0 2 6.698e+02 6.742e+02 40 0 1 6.352e+02 6.668e+02 294 0 4 6.547e+02 6.893e+02 320
19095 16 0 4 2.461e+02 2.579e+02 109 0 3 6.006e+02 6.174e+02 156 0 1 5.913e+02 6.267e+02 330 0 4 6.559e+02 6.881e+02 300 0 2 6.518e+02 6.922e+02 375 2 1 1.797e+01 2.403e+01 56 2 3 1.036e+02 1.064e+02 26 2 4 3.731e+01 4.669e+01 87 2 1 1.769e+02 2.011e+02 224 2 1 5.741e+01 6.859e+01 104 2 2 1.131e+02 1.389e+02 239 2 2 1.949e+02 2.251e+02 280 2 3 5.418e+01 7.182e+01 164 2 4 6.935e+01 9.865e+01 272 2 4 2.838e+01 5.562e+01 253 2 2 2.528e+01 5.872e+01 310
19096 0
19097 2 1 3 2.271e+02 2.349e+02 73 1 2 2.022e+02 2.178e+02 146
19098 3 2 3 1.846e+01 2.354e+01 47 2 3 9.856e+01 1.114e+02 120 2 4 1.112e+02 1.408e+02 275
19099 16 0 4 4.590e+02 4.650e+02 56 0 3 5.786e+01 6.814e+01 96 0 4 7.253e+01 9.547e+01 213 0 1 5.373e+01 7.227e+01 172 1 2 5.873e+02 5.887e+02 13 1 3 6.089e+02 6.091e+02 1 1 4 5.422e+02 5.498e+02 71 1 4 6.292e+02 6.308e+02 16 1 1 5.651e+02 5.689e+02 35 2 1 2.295e+02 2.325e+02 28 2 1 5.808e+01 6.792e+01 91 2 4 2.067e+02 2.133e+02 62 2 3 1.810e+02 1.970e+02 148 2 3 2.191e+02 2.429e+02 221 2 2 1.542e+02 1.818e+02 256 2 2 1.957e+02 2.243e+02 266
19101 26 0 2 5.455e+02 5.465e+02 10 0 4 6.291e+02 6.309e+02 17 0 3 5.208e+02 5.292e+02 78 0 1 6.057e+02 6.123e+02 60 0 2 6.676e+02 6.764e+02 81 0 2 4.937e+02 5.143e+02 190 0 1 5.538e+02 5.802e+02 246 0 2 6.239e+02 6.361e+02 114 0 1 6.386e+02 6.634e+02 230 0 3 5.598e+02 5.742e+02 134 0 1 5.952e+02 6.228e+02 256 0 3 6.373e+02 6.647e+02 255 0 1 5.108e+02 5.392e+02 264 0 3 5.946e+02 6.234e+02 268 0 2 6.525e+02 6.915e+02 361 2 2 3.780e+01 4.620e+01 78 2 4 1.253e+02 1.267e+02 14 2 3 2.730e+02 2.730e+02 -0 2 3 3.533e+02 3.607e+02 68 2 4 3.708e+01 4.692e+01 91 2 4 2.374e+02 2.666e+02 271 2 2 2.884e+02 2.996e+02 104 2 2 3.245e+02 3.475e+02 213 2 1 5.333e+01 7.267e+01 180 2 3 1.723e+00 4.028e+01 358 3 2 6.283e+02 6.317e+02 32
19102 0
19107 3 0 3 6.331e+02 6.689e+02 333 2 4 5.379e+02 5.541e+02 151 2 3 5.133e+02 5.367e+02 217
