31611 1 2 3 1.394e+02 1.546e+02 141
31613 4 3 3 3.567e+02 3.573e+02 5 3 4 3.773e+02 3.787e+02 13 3 2 3.204e+02 3.516e+02 290 3 1 4.658e+02 5.002e+02 319
31615 53 0 1 6.506e+02 6.514e+02 8 0 3 5.622e+02 5.718e+02 90 0 4 5.850e+02 5.910e+02 56 0 3 6.479e+02 6.541e+02 58 0 1 5.589e+02 5.751e+02 151 0 2 6.112e+02 6.488e+02 350 0 2 5.299e+02 5.621e+02 299 0 4 6.124e+02 6.476e+02 327 2 3 3.144e+02 3.156e+02 10 2 4 5.460e+02 5.460e+02 -7 2 3 3.563e+02 3.577e+02 13 2 3 1.885e+02 1.895e+02 9 2 4 4.609e+02 4.631e+02 20 2 2 2.076e+02 2.124e+02 45 2 1 5.670e+02 5.670e+02 -18 2 1 2.730e+02 2.730e+02 -4 2 2 3.360e+02 3.360e+02 -3 2 1 4.773e+02 4.887e+02 106 2 4 1.645e+02 1.715e+02 66 2 3 5.557e+02 5.783e+02 210 2 1 2.247e+02 2.373e+02 117 2 3 2.723e+02 2.737e+02 12 2 4 3.684e+02 3.876e+02 178 2 2 4.507e+02 4.733e+02 210 2 1 1.861e+02 1.919e+02 54 2 2 5.330e+02 5.590e+02 242 2 3 2.276e+02 2.344e+02 63 2 1 2.628e+02 2.832e+02 190 2 3 4.732e+02 4.928e+02 181 2 3 3.475e+02 3.665e+02 176 2 4 1.546e+02 1.814e+02 250 2 1 2.176e+02 2.444e+02 248 2 1 1.766e+02 2.014e+02 230 2 4 2.370e+02 2.670e+02 279 2 2 1.506e+02 1.854e+02 324 2 4 1.936e+02 2.264e+02 305 3 1 1.470e+02 1.470e+02 -14 3 4 4.200e+01 4.200e+01 -7 3 4 2.084e+02 2.116e+02 29 3 1 3.099e+02 3.201e+02 95 3 3 1.455e+02 1.485e+02 28 3 3 1.617e+01 2.583e+01 90 3 2 1.651e+02 1.709e+02 55 3 1 1.050e+02 1.050e+02 -6 3 2 1.593e+02 1.767e+02 162 3 1 1.074e+01 3.126e+01 190 3 3 1.024e+02 1.076e+02 48 3 2 6.845e+01 9.955e+01 289 3 4 1.559e+02 1.801e+02 226 3 2 1.259e+02 1.261e+02 1 3 4 1.241e+02 1.279e+02 36 3 4 6.966e+01 9.834e+01 266 3 3 9.228e+01 1.177e+02 236
31616 3 0 2 6.560e+02 6.880e+02 296 2 3 5.566e+01 7.034e+01 136 2 4 7.522e+01 9.278e+01 163
31617 6 0 3 3.923e+02 4.057e+02 124 0 4 2.804e+02 3.076e+02 253 0 3 5.588e+02 5.752e+02 152 0 4 5.790e+02 5.970e+02 168 0 4 2.745e+02 3.135e+02 361 0 4 4.018e+02 4.382e+02 339
31618 28 0 1 1.766e+02 2.014e+02 230 0 2 2.089e+02 2.111e+02 20 0 3 2.237e+02 2.383e+02 136 0 4 2.365e+02 2.675e+02 288 0 2 6.720e+02 6.720e+02 -1 0 3 4.396e+02 4.424e+02 26 0 4 4.618e+02 4.622e+02 4 0 1 6.090e+02 6.090e+02 -6 0 3 3.974e+02 4.006e+02 30 0 3 4.830e+02 4.830e+02 -11 0 4 5.828e+02 5.932e+02 96 0 3 6.453e+02 6.567e+02 106 0 1 4.749e+02 4.911e+02 150 0 2 6.633e+02 6.807e+02 161 0 2 6.550e+02 6.890e+02 316 0 4 6.527e+02 6.913e+02 359 1 3 6.070e+02 6.110e+02 38 1 4 6.237e+02 6.363e+02 117 2 4 1.260e+02 1.260e+02 -11 2 1 1.689e+01 2.511e+01 76 2 4 7.971e+01 8.829e+01 80 2 1 1.434e+02 1.506e+02 66 2 2 3.556e+01 4.844e+01 120 2 4 1.069e+02 1.451e+02 354 2 3 1.399e+02 1.541e+02 131 2 4 3.803e+01 4.597e+01 74 2 4 6.930e+01 9.870e+01 273 2 3 5.267e+00 3.673e+01 292
31619 1 0 2 6.556e+02 6.884e+02 304
31620 0
31621 7 0 3 3.931e+02 4.049e+02 110 0 2 3.711e+02 3.849e+02 128 0 3 2.163e+02 2.457e+02 273 0 2 1.911e+02 2.289e+02 351 0 4 1.949e+02 2.251e+02 281 1 4 7.738e+01 9.062e+01 123 1 1 1.408e+02 1.532e+02 116
31622 0
31623 0
31627 5 0 3 6.023e+02 6.157e+02 125 0 4 6.163e+02 6.437e+02 255 2 4 2.492e+02 2.548e+02 51 2 4 3.301e+02 3.419e+02 109 2 3 8.858e+00 3.314e+01 226
31628 0
31630 21 0 2 5.032e+02 5.048e+02 15 0 2 6.629e+02 6.811e+02 170 0 4 4.923e+02 5.157e+02 217 0 3 5.103e+02 5.397e+02 272 0 4 6.627e+02 6.813e+02 172 0 1 4.649e+02 5.011e+02 336 1 4 6.131e+02 6.469e+02 315 2 4 2.099e+02 2.101e+02 2 2 4 6.195e+02 6.405e+02 195 2 2 1.248e+02 1.272e+02 22 2 4 4.464e+02 4.776e+02 290 2 1 1.459e+02 1.481e+02 20 2 3 5.901e+02 6.279e+02 351 2 3 2.297e+02 2.323e+02 24 2 4 1.240e+02 1.280e+02 38 2 3 1.314e+02 1.626e+02 290 2 4 2.399e+02 2.641e+02 224 2 3 9.200e+01 1.180e+02 241 2 4 1.970e+02 2.230e+02 242 2 4 1.092e+02 1.428e+02 312 2 3 2.173e+02 2.447e+02 255
31631 8 0 3 1.880e+02 1.900e+02 19 0 2 5.011e+02 5.069e+02 54 0 2 6.682e+02 6.758e+02 70 0 2 1.610e+02 1.750e+02 130 0 4 5.027e+02 5.053e+02 25 0 4 1.975e+02 2.225e+02 231 0 3 4.661e+02 4.999e+02 313 0 1 4.641e+02 5.019e+02 351
31634 32 0 2 3.901e+01 4.499e+01 56 0 4 4.604e+02 4.636e+02 30 0 4 2.911e+02 2.969e+02 55 0 1 5.218e+02 5.282e+02 59 0 3 9.201e+01 1.180e+02 241 0 4 5.852e+02 5.908e+02 51 0 4 3.093e+01 5.307e+01 206 0 3 6.478e+02 6.542e+02 60 0 3 4.476e+01 8.124e+01 339 0 4 4.183e+02 4.217e+02 31 0 2 5.360e+02 5.560e+02 186 0 1 5.358e+00 3.664e+01 290 0 3 6.032e+02 6.148e+02 107 0 1 6.424e+02 6.596e+02 160 0 1 3.937e+02 4.043e+02 98 0 1 5.551e+02 5.789e+02 221 0 2 6.241e+02 6.359e+02 109 0 2 6.542e+02 6.898e+02 330 0 4 4.069e+02 4.331e+02 243 0 3 5.517e+02 5.823e+02 284 0 2 6.154e+02 6.446e+02 270 0 3 3.813e+02 4.167e+02 329 0 3 5.064e+02 5.436e+02 346 0 4 6.114e+02 6.486e+02 345 2 4 3.942e+01 4.458e+01 48 2 2 8.151e+01 8.649e+01 46 2 4 2.432e+02 2.608e+02 164 2 1 6.019e+01 6.581e+01 52 2 4 7.406e+01 9.394e+01 185 2 3 5.328e+01 7.272e+01 180 2 2 2.479e+01 5.921e+01 320 2 1 2.127e+00 3.987e+01 350
31635 11 0 4 6.188e+02 6.412e+02 207 0 4 4.973e+02 5.107e+02 124 0 2 6.610e+02 6.830e+02 204 0 1 5.092e+02 5.408e+02 294 0 4 6.586e+02 6.854e+02 248 2 4 2.069e+02 2.131e+02 57 2 3 2.723e+02 2.737e+02 14 2 4 2.450e+02 2.590e+02 130 2 2 2.830e+02 3.050e+02 204 2 1 2.596e+02 2.864e+02 248 2 3 1.699e+02 2.081e+02 356
31638 7 0 3 4.827e+02 4.833e+02 6 0 3 6.071e+02 6.109e+02 36 0 2 4.470e+02 4.770e+02 278 0 3 5.941e+02 6.239e+02 277 0 1 4.688e+02 4.972e+02 264 0 4 6.122e+02 6.478e+02 330 0 4 4.860e+02 5.220e+02 335
31639 2 0 4 5.823e+02 5.937e+02 106 0 3 5.511e+02 5.829e+02 296
31641 9 1 1 5.542e+02 5.798e+02 237 1 1 5.151e+02 5.349e+02 184 1 2 5.745e+02 6.015e+02 250 1 3 5.857e+02 6.323e+02 432 2 3 4.789e+02 4.871e+02 76 2 4 4.602e+02 4.638e+02 33 2 3 5.215e+02 5.285e+02 65 2 1 1.354e+02 1.586e+02 216 2 3 5.536e+02 5.804e+02 248
31642 11 0 3 6.506e+02 6.514e+02 8 0 2 6.179e+02 6.421e+02 225 0 1 5.901e+02 6.279e+02 351 0 4 6.545e+02 6.895e+02 325 0 1 6.324e+02 6.696e+02 346 2 2 2.504e+02 2.536e+02 29 2 2 2.079e+02 2.121e+02 39 2 4 1.198e+02 1.322e+02 115 2 4 4.513e+02 4.727e+02 200 2 3 8.671e+01 1.233e+02 340 2 2 1.903e+02 2.297e+02 366
31643 5 0 2 6.682e+02 6.758e+02 70 0 4 3.731e+02 3.829e+02 90 0 4 6.712e+02 6.728e+02 15 0 1 6.449e+02 6.571e+02 114 0 3 6.410e+02 6.610e+02 186
