35861 4 1 2 5.842e+02 5.918e+02 70 1 2 4.077e+02 4.323e+02 229 1 4 6.195e+02 6.405e+02 195 2 2 1.558e+02 1.802e+02 227
35862 1 3 3 4.405e+02 4.415e+02 10
35865 9 0 4 2.472e+02 2.568e+02 90 0 3 6.067e+02 6.113e+02 42 0 1 6.495e+02 6.525e+02 27 0 3 2.238e+02 2.382e+02 134 0 2 6.196e+02 6.404e+02 193 0 2 1.934e+02 2.266e+02 308 0 3 6.456e+02 6.564e+02 100 0 4 6.177e+02 6.423e+02 228 0 1 5.943e+02 6.237e+02 272
35867 0
35870 31 0 1 1.780e+02 2.000e+02 204 0 2 2.065e+02 2.135e+02 65 0 3 2.254e+02 2.366e+02 104 0 1 6.448e+02 6.572e+02 115 0 1 4.801e+02 4.859e+02 53 0 4 5.872e+02 5.888e+02 15 0 3 6.439e+02 6.581e+02 131 0 3 4.290e+02 4.530e+02 222 0 4 4.965e+02 5.115e+02 140 0 1 5.522e+02 5.818e+02 275 0 3 6.061e+02 6.119e+02 54 0 2 6.663e+02 6.777e+02 106 0 3 4.726e+02 4.934e+02 194 0 3 5.475e+02 5.865e+02 363 0 2 6.188e+02 6.412e+02 207 0 4 6.653e+02 6.787e+02 125 0 2 4.904e+02 5.176e+02 252 0 3 6.362e+02 6.658e+02 276 0 2 6.609e+02 6.831e+02 206 1 4 6.291e+02 6.309e+02 16 1 2 5.863e+02 5.897e+02 32 1 2 6.287e+02 6.313e+02 24 1 4 5.840e+02 5.920e+02 74 1 1 5.975e+02 6.205e+02 213 1 4 6.164e+02 6.436e+02 252 1 3 5.933e+02 6.247e+02 292 2 4 4.165e+02 4.235e+02 65 2 4 2.384e+02 2.656e+02 252 2 1 4.390e+02 4.430e+02 37 2 2 4.094e+02 4.306e+02 197 2 3 4.230e+02 4.590e+02 334
35871 2 0 3 5.201e+02 5.299e+02 91 0 2 5.277e+02 5.643e+02 340
35874 19 0 1 6.510e+02 6.510e+02 -5 0 4 3.343e+02 3.377e+02 31 0 3 4.410e+02 4.410e+02 -18 0 4 4.613e+02 4.627e+02 14 0 4 3.255e+02 3.465e+02 195 0 3 6.508e+02 6.512e+02 4 0 1 5.799e+01 6.801e+01 93 0 1 3.989e+02 3.991e+02 1 0 2 2.928e+01 5.472e+01 236 0 1 4.830e+02 4.830e+02 -7 0 2 6.184e+02 6.416e+02 215 0 2 6.690e+02 6.750e+02 56 0 4 4.163e+02 4.237e+02 68 0 4 6.125e+02 6.475e+02 325 0 1 6.411e+02 6.609e+02 184 0 3 3.917e+02 4.063e+02 136 0 4 6.652e+02 6.788e+02 126 0 1 3.868e+02 4.112e+02 226 0 2 6.574e+02 6.866e+02 271
35877 0
35881 13 0 1 5.235e+02 5.265e+02 27 0 1 2.303e+02 2.317e+02 12 0 4 5.880e+02 5.880e+02 -4 0 2 2.427e+02 2.613e+02 172 0 3 5.214e+02 5.286e+02 66 0 2 6.253e+02 6.347e+02 87 0 4 2.457e+02 2.583e+02 117 0 2 6.610e+02 6.830e+02 205 0 3 2.572e+02 2.888e+02 294 0 1 5.526e+02 5.814e+02 268 0 1 5.959e+02 6.221e+02 244 0 2 5.266e+02 5.654e+02 360 1 2 6.128e+02 6.472e+02 319
35882 4 0 1 6.484e+02 6.536e+02 49 0 2 6.203e+02 6.397e+02 180 0 3 6.457e+02 6.563e+02 98 1 4 6.191e+02 6.409e+02 202
35885 2 0 2 6.584e+02 6.856e+02 253 2 4 2.963e+01 5.437e+01 230
35888 0
35889 6 0 1 1.890e+02 1.890e+02 0 0 2 2.083e+02 2.117e+02 32 0 4 4.587e+02 4.653e+02 62 0 3 2.287e+02 2.333e+02 43 0 4 2.369e+02 2.671e+02 280 0 2 6.547e+02 6.893e+02 321
35892 8 0 1 6.483e+02 6.537e+02 50 0 3 6.033e+02 6.147e+02 106 0 2 6.623e+02 6.817e+02 180 0 4 6.102e+02 6.498e+02 367 0 4 6.599e+02 6.841e+02 224 2 4 7.042e+01 9.758e+01 252 2 3 4.332e+01 8.268e+01 366 2 3 8.756e+01 1.224e+02 324
35893 7 0 1 3.893e+02 4.087e+02 180 0 3 3.883e+02 4.097e+02 198 0 4 3.553e+02 4.007e+02 421 1 2 6.809e+01 9.991e+01 296 1 4 6.629e+01 1.017e+02 329 1 1 3.973e+01 8.627e+01 432 1 3 4.242e+01 8.358e+01 382
35894 5 0 1 4.803e+02 4.857e+02 50 0 1 6.085e+02 6.095e+02 10 0 4 5.025e+02 5.055e+02 28 0 2 4.965e+02 5.115e+02 140 0 3 4.654e+02 5.006e+02 326
35895 1 1 2 7.630e+01 9.170e+01 143
35896 0
35897 9 0 2 6.257e+02 6.343e+02 80 0 1 5.250e+02 5.250e+02 -0 0 4 6.259e+02 6.341e+02 76 0 2 4.989e+02 5.091e+02 95 0 1 5.924e+02 6.256e+02 309 0 4 4.973e+02 5.107e+02 125 0 3 5.942e+02 6.238e+02 275 1 2 6.222e+02 6.378e+02 145 2 1 4.102e+00 3.790e+01 314
35901 5 2 1 5.212e+02 5.288e+02 70 2 3 5.232e+02 5.268e+02 33 2 4 4.896e+02 5.184e+02 268 2 3 5.139e+02 5.361e+02 206 2 2 5.276e+02 5.644e+02 341
35903 7 0 2 7.558e+01 9.242e+01 156 0 4 3.529e+01 4.871e+01 125 0 2 2.497e+01 5.903e+01 316 0 3 4.579e+01 8.021e+01 320 2 2 8.400e+01 8.400e+01 -12 2 4 8.186e+01 8.614e+01 40 2 3 8.900e+01 1.210e+02 297
35904 27 0 1 5.651e+02 5.689e+02 35 0 3 5.670e+02 5.670e+02 -16 0 2 6.274e+02 6.326e+02 48 0 3 6.421e+02 6.599e+02 165 0 4 6.257e+02 6.343e+02 80 0 1 3.352e+02 3.788e+02 406 0 1 6.390e+02 6.630e+02 222 0 4 3.526e+02 4.034e+02 472 0 2 6.201e+02 6.399e+02 185 0 3 6.348e+02 6.672e+02 301 0 1 5.936e+02 6.244e+02 286 0 2 6.595e+02 6.845e+02 231 0 4 6.569e+02 6.871e+02 280 0 1 6.319e+02 6.701e+02 354 1 2 6.032e+02 6.568e+02 497 2 2 4.000e+01 4.400e+01 37 2 3 9.609e+01 1.139e+02 166 2 4 3.942e+01 4.458e+01 48 2 2 1.216e+02 1.304e+02 82 2 1 1.378e+02 1.562e+02 170 2 1 5.871e+01 6.729e+01 80 2 4 1.183e+02 1.337e+02 144 2 3 5.570e+01 7.030e+01 136 2 3 8.451e+01 1.255e+02 380 2 1 1.572e+01 2.628e+01 98 2 3 9.127e+00 3.287e+01 220 2 1 4.552e+01 8.048e+01 325
35906 18 0 2 5.458e+02 5.462e+02 4 0 2 6.657e+02 6.783e+02 117 2 3 1.029e+02 1.071e+02 39 2 4 1.646e+02 1.714e+02 63 2 4 5.857e+02 5.903e+02 43 2 3 2.272e+02 2.348e+02 70 2 2 1.215e+02 1.305e+02 84 2 3 5.107e+02 5.393e+02 266 2 1 1.873e+02 1.907e+02 32 2 4 5.291e+02 5.629e+02 315 2 4 2.514e+02 2.526e+02 10 2 4 1.245e+02 1.275e+02 27 2 1 1.375e+02 1.565e+02 177 2 2 7.617e+01 9.183e+01 146 2 2 1.554e+02 1.806e+02 235 2 4 8.007e+01 8.793e+01 73 2 3 1.731e+02 2.049e+02 296 2 4 6.786e+01 1.001e+02 300
35909 7 0 2 6.639e+02 6.801e+02 150 0 4 4.527e+02 4.713e+02 173 0 4 6.650e+02 6.790e+02 130 0 3 4.699e+02 4.961e+02 244 0 1 6.385e+02 6.635e+02 233 0 3 6.376e+02 6.644e+02 248 2 4 1.614e+02 1.746e+02 123
35910 10 0 4 2.808e+02 3.072e+02 246 1 1 4.742e+02 4.918e+02 163 1 2 4.438e+02 4.802e+02 338 2 3 1.048e+02 1.052e+02 4 2 3 4.797e+02 4.863e+02 60 2 2 7.783e+01 9.017e+01 115 2 2 1.073e+02 1.447e+02 347 2 3 4.636e+02 5.024e+02 360 2 4 6.836e+01 9.964e+01 290 3 2 1.242e+02 1.278e+02 33
35911 46 0 4 1.603e+02 1.757e+02 142 0 1 5.590e+02 5.750e+02 149 0 2 1.233e+02 1.287e+02 50 0 1 5.139e+02 5.361e+02 206 0 4 5.783e+02 5.977e+02 180 0 3 5.044e+02 5.456e+02 383 0 3 5.972e+02 6.208e+02 220 0 2 5.275e+02 5.645e+02 343 0 3 5.825e+02 6.355e+02 491 1 4 6.127e+02 6.473e+02 320 2 3 1.788e+01 2.412e+01 58 2 2 5.444e+02 5.476e+02 30 2 2 8.400e+01 8.400e+01 -2 2 1 3.954e+02 4.026e+02 66 2 2 1.671e+02 1.689e+02 17 2 4 5.411e+02 5.509e+02 90 2 2 2.520e+02 2.520e+02 -0 2 3 3.856e+02 4.124e+02 250 2 4 2.922e+02 2.958e+02 34 2 1 5.503e+02 5.837e+02 310 2 1 3.555e+02 3.585e+02 27 2 4 6.117e+02 6.483e+02 340 2 4 4.161e+01 4.239e+01 7 2 3 1.038e+02 1.062e+02 22 2 1 1.772e+02 2.008e+02 220 2 2 2.063e+02 2.137e+02 69 2 3 3.121e+02 3.179e+02 53 2 2 3.760e+02 3.800e+02 36 2 1 5.934e+01 6.666e+01 68 2 4 7.742e+01 9.058e+01 122 2 3 1.793e+02 1.987e+02 180 2 4 1.970e+02 2.230e+02 242 2 3 2.690e+02 2.770e+02 74 2 4 3.756e+02 3.804e+02 46 2 3 5.579e+01 7.021e+01 134 2 2 1.095e+02 1.425e+02 306 2 1 1.351e+02 1.589e+02 220 2 1 3.042e+02 3.258e+02 200 2 4 3.315e+02 3.405e+02 84 2 2 3.089e+01 5.311e+01 206 2 4 1.438e+02 1.922e+02 449 2 3 3.025e+02 3.275e+02 231 2 3 3.477e+02 3.663e+02 172 2 4 3.658e+02 3.902e+02 227 2 2 3.232e+02 3.488e+02 237 2 2 3.618e+02 3.942e+02 300
35912 6 0 4 6.052e+02 6.548e+02 460 0 2 6.473e+02 6.967e+02 458 0 4 6.464e+02 6.976e+02 476 1 2 6.298e+02 6.302e+02 3 1 1 5.947e+02 6.233e+02 266 2 2 1.743e+01 6.657e+01 456
35915 1 2 1 1.788e+01 2.412e+01 58
35916 3 0 3 3.984e+02 3.996e+02 11 2 3 4.377e+02 4.443e+02 62 2 4 4.158e+02 4.242e+02 77
35918 32 0 1 6.069e+02 6.111e+02 39 0 3 6.021e+02 6.159e+02 129 0 2 4.934e+02 5.146e+02 197 0 3 5.536e+02 5.804e+02 250 0 4 6.198e+02 6.402e+02 189 0 1 6.337e+02 6.683e+02 322 0 4 4.870e+02 5.210e+02 316 0 2 5.350e+02 5.570e+02 205 0 2 6.127e+02 6.473e+02 321 0 3 6.318e+02 6.702e+02 356 0 2 4.415e+02 4.825e+02 380 0 1 5.459e+02 5.881e+02 392 0 2 6.528e+02 6.912e+02 357 0 3 5.455e+02 5.885e+02 400 0 4 6.508e+02 6.932e+02 394 0 1 5.027e+02 5.473e+02 414 0 2 5.226e+02 5.694e+02 435 1 4 6.120e+02 6.480e+02 335 1 2 6.108e+02 6.492e+02 356 1 1 -2.494e+00 4.449e+01 436 2 4 3.511e+01 4.889e+01 128 2 1 2.971e+02 3.329e+02 332 2 3 1.420e+01 2.780e+01 126 2 4 1.065e+02 1.455e+02 361 2 1 5.189e+01 7.411e+01 206 2 2 1.058e+02 1.462e+02 376 2 2 2.675e+02 3.205e+02 493 2 3 2.665e+00 3.933e+01 340 2 1 4.296e+01 8.304e+01 372 2 3 3.838e+01 8.762e+01 457 2 1 -3.436e+00 4.544e+01 454 2 4 1.518e+01 6.882e+01 498
35919 0
