33767 8 0 1 6.503e+02 6.517e+02 14 0 4 4.200e+02 4.200e+02 -22 0 3 6.467e+02 6.553e+02 80 0 4 6.622e+02 6.818e+02 181 0 2 6.560e+02 6.880e+02 296 2 4 2.503e+02 2.537e+02 32 2 4 1.615e+02 1.745e+02 120 2 3 2.556e+02 2.904e+02 324
33768 6 0 3 6.483e+02 6.537e+02 50 1 4 6.238e+02 6.362e+02 115 2 2 8.397e+01 8.403e+01 0 2 3 5.741e+01 6.859e+01 104 2 4 5.772e+02 5.988e+02 200 2 4 6.387e+01 1.041e+02 374
33770 2 0 1 6.254e+02 6.766e+02 476 0 2 6.048e+02 6.552e+02 469
33771 36 0 1 4.822e+02 4.838e+02 15 0 2 5.040e+02 5.040e+02 -0 0 4 5.812e+02 5.948e+02 126 0 3 6.475e+02 6.545e+02 66 0 4 4.992e+02 5.088e+02 89 0 1 6.061e+02 6.119e+02 55 0 2 6.704e+02 6.736e+02 30 0 1 4.653e+02 5.007e+02 328 0 3 5.056e+02 5.444e+02 360 0 3 6.026e+02 6.154e+02 118 0 4 6.682e+02 6.758e+02 71 0 2 6.212e+02 6.388e+02 164 0 1 6.411e+02 6.609e+02 184 0 4 6.205e+02 6.395e+02 176 0 1 5.939e+02 6.241e+02 280 0 3 5.971e+02 6.209e+02 220 1 1 6.053e+02 6.127e+02 68 1 2 6.267e+02 6.333e+02 62 1 4 6.224e+02 6.376e+02 141 1 3 5.992e+02 6.188e+02 181 2 2 3.533e+01 4.867e+01 124 2 4 5.026e+02 5.054e+02 26 2 3 1.002e+02 1.098e+02 90 2 2 5.434e+02 5.486e+02 48 2 4 1.667e+02 1.693e+02 24 2 3 5.162e+02 5.338e+02 164 2 1 1.554e+01 2.646e+01 101 2 1 4.300e+02 4.520e+02 204 2 2 1.170e+02 1.350e+02 166 2 2 5.319e+02 5.601e+02 262 2 1 1.866e+02 1.914e+02 44 2 3 8.992e+00 3.301e+01 223 2 4 6.454e+01 1.035e+02 361 2 2 1.533e+02 1.827e+02 273 2 4 2.349e+01 6.051e+01 344 2 3 1.780e+02 2.000e+02 204
33772 1 2 4 3.596e+02 3.964e+02 341
33773 7 1 4 5.860e+02 5.900e+02 37 1 4 5.738e+02 6.022e+02 264 2 4 6.291e+02 6.309e+02 16 2 3 1.047e+02 1.053e+02 6 2 3 4.906e+01 7.694e+01 259 2 4 7.060e+01 9.740e+01 249 2 1 5.674e+00 3.633e+01 285
33774 19 0 1 6.510e+02 6.510e+02 -4 0 4 4.617e+02 4.623e+02 6 0 1 4.410e+02 4.410e+02 -4 0 4 6.140e+02 6.460e+02 298 0 2 4.472e+02 4.768e+02 275 0 4 6.568e+02 6.872e+02 283 0 3 6.262e+02 6.758e+02 461 0 2 6.469e+02 6.971e+02 466 2 3 2.100e+01 2.100e+01 -3 2 2 1.260e+02 1.260e+02 -10 2 1 1.470e+02 1.470e+02 -1 2 4 4.085e+01 4.315e+01 21 2 4 1.223e+02 1.297e+02 69 2 3 1.395e+02 1.545e+02 140 2 3 5.804e+01 6.796e+01 92 2 2 7.805e+01 8.995e+01 110 2 4 1.428e+02 1.932e+02 469 2 2 3.569e+01 4.831e+01 117 2 4 6.943e+01 9.857e+01 270
33775 10 0 2 6.677e+02 6.763e+02 80 0 4 6.688e+02 6.752e+02 60 0 2 6.626e+02 6.814e+02 174 0 1 6.353e+02 6.667e+02 292 0 3 6.343e+02 6.677e+02 310 0 2 6.543e+02 6.897e+02 329 0 4 6.525e+02 6.915e+02 363 2 3 9.883e+01 1.112e+02 115 2 2 1.143e+02 1.377e+02 218 2 4 1.092e+02 1.428e+02 312
33777 0
33778 11 0 1 6.058e+02 6.122e+02 59 0 2 3.713e+02 3.847e+02 124 0 3 6.035e+02 6.145e+02 102 0 4 3.757e+02 3.803e+02 42 0 2 6.287e+02 6.313e+02 24 0 1 3.506e+02 3.634e+02 120 0 2 6.159e+02 6.441e+02 262 0 4 6.185e+02 6.415e+02 213 2 4 8.159e+01 8.641e+01 45 2 2 7.554e+01 9.246e+01 157 2 3 9.353e+01 1.165e+02 213
33779 13 0 1 6.471e+02 6.549e+02 72 0 3 6.452e+02 6.568e+02 107 0 4 6.660e+02 6.780e+02 110 0 2 6.557e+02 6.883e+02 302 1 1 5.181e+02 5.319e+02 129 2 1 4.790e+02 4.870e+02 75 2 4 5.859e+02 5.901e+02 40 2 3 4.785e+02 4.875e+02 83 2 2 5.791e+02 5.969e+02 165 2 4 4.514e+02 4.726e+02 196 2 1 -1.013e+00 4.301e+01 409 2 3 5.960e+02 6.220e+02 240 2 2 4.455e+02 4.785e+02 307
33782 12 0 4 4.182e+02 4.218e+02 33 2 3 6.300e+01 6.300e+01 -24 2 1 1.855e+02 1.925e+02 66 2 4 3.730e+02 3.830e+02 92 2 4 1.590e+02 1.770e+02 167 2 1 5.589e+01 7.011e+01 132 2 4 6.778e+01 1.002e+02 301 2 3 1.793e+02 1.987e+02 180 2 2 2.896e+01 5.504e+01 242 2 2 1.545e+02 1.815e+02 250 3 1 1.195e+01 3.005e+01 168 3 2 2.712e+01 5.688e+01 276
33784 0
33786 8 0 3 5.647e+02 5.693e+02 43 0 2 5.278e+02 5.642e+02 339 1 4 4.975e+02 5.105e+02 120 1 4 4.900e+02 5.180e+02 260 2 4 5.450e+02 5.470e+02 18 2 3 5.621e+02 5.719e+02 90 2 1 5.523e+02 5.817e+02 273 2 2 5.740e+02 6.020e+02 260
33787 19 0 4 2.045e+02 2.155e+02 101 0 1 6.090e+02 6.090e+02 -6 0 3 3.987e+02 3.993e+02 6 0 3 4.830e+02 4.830e+02 -4 0 4 4.118e+02 4.282e+02 153 0 3 4.315e+02 4.505e+02 176 0 3 5.658e+02 5.682e+02 23 0 1 6.485e+02 6.535e+02 47 0 3 3.809e+02 4.171e+02 336 0 3 6.469e+02 6.551e+02 76 0 4 6.588e+02 6.852e+02 245 0 2 6.532e+02 6.908e+02 349 1 2 6.282e+02 6.318e+02 34 1 4 6.109e+02 6.491e+02 354 2 3 6.145e+01 6.455e+01 29 2 2 1.246e+02 1.274e+02 26 2 4 1.164e+02 1.356e+02 178 2 1 1.357e+02 1.583e+02 210 2 3 8.877e+01 1.212e+02 301
33789 31 0 1 4.821e+02 4.839e+02 17 0 1 5.653e+02 5.687e+02 31 0 4 5.866e+02 5.894e+02 26 0 3 4.404e+02 4.416e+02 11 0 4 5.026e+02 5.054e+02 26 0 3 5.639e+02 5.701e+02 58 0 3 6.056e+02 6.124e+02 63 0 1 4.333e+02 4.487e+02 142 0 4 4.481e+02 4.759e+02 258 0 2 6.299e+02 6.301e+02 2 0 4 6.706e+02 6.734e+02 26 0 2 4.884e+02 5.196e+02 290 0 4 6.267e+02 6.333e+02 62 0 3 6.475e+02 6.545e+02 66 0 1 5.922e+02 6.258e+02 312 0 2 6.616e+02 6.824e+02 194 0 4 6.122e+02 6.478e+02 330 0 4 6.652e+02 6.788e+02 126 2 3 6.081e+02 6.099e+02 17 2 4 5.847e+02 5.913e+02 62 2 3 9.690e+01 1.131e+02 150 2 3 5.983e+01 6.617e+01 59 2 2 6.253e+02 6.347e+02 86 2 4 7.612e+01 9.188e+01 146 2 1 6.359e+02 6.661e+02 280 2 3 1.796e+01 2.404e+01 56 2 2 6.670e+01 1.013e+02 321 2 2 3.645e+01 4.755e+01 103 2 1 1.025e+01 3.175e+01 200 2 2 2.905e+01 5.495e+01 240 2 4 2.882e+01 5.518e+01 245
33790 13 0 2 3.775e+02 3.785e+02 10 0 1 6.056e+02 6.124e+02 63 0 4 3.342e+02 3.378e+02 34 0 1 6.382e+02 6.638e+02 238 0 4 3.673e+02 3.887e+02 199 0 3 6.039e+02 6.141e+02 94 0 3 6.399e+02 6.621e+02 206 0 1 3.431e+02 3.709e+02 258 0 4 6.201e+02 6.399e+02 184 0 4 5.723e+02 6.037e+02 291 2 1 1.891e+01 2.309e+01 39 2 1 2.531e+00 3.947e+01 343 2 1 2.892e+02 3.408e+02 480
33793 10 0 1 4.811e+02 4.849e+02 35 0 1 6.055e+02 6.125e+02 66 0 4 4.132e+02 4.268e+02 127 0 2 4.985e+02 5.095e+02 103 0 3 6.030e+02 6.150e+02 111 0 4 4.897e+02 5.183e+02 265 0 3 5.089e+02 5.411e+02 300 0 4 6.244e+02 6.356e+02 105 0 2 6.119e+02 6.481e+02 336 2 4 1.977e+02 2.223e+02 229
33794 2 3 1 6.051e+02 6.129e+02 73 3 1 5.967e+02 6.213e+02 228
33795 13 0 2 6.688e+02 6.752e+02 59 0 2 5.001e+02 5.079e+02 73 0 2 6.293e+02 6.307e+02 14 0 4 6.635e+02 6.805e+02 158 0 4 4.999e+02 5.081e+02 76 0 4 6.253e+02 6.347e+02 87 0 1 6.378e+02 6.642e+02 245 0 3 4.753e+02 4.907e+02 142 0 3 6.000e+02 6.180e+02 167 0 4 5.723e+02 6.037e+02 291 0 1 5.950e+02 6.230e+02 260 2 4 4.197e+02 4.203e+02 6 2 3 3.845e+02 4.135e+02 270
33796 3 0 4 6.257e+02 6.343e+02 80 0 2 6.678e+02 6.762e+02 79 0 4 5.616e+02 6.144e+02 490
33798 10 0 4 6.714e+02 6.726e+02 10 0 4 2.085e+02 2.115e+02 28 0 4 6.555e+02 6.885e+02 306 0 1 3.457e+02 3.683e+02 210 0 1 2.289e+02 2.331e+02 40 0 3 2.245e+02 2.375e+02 121 1 1 2.704e+02 2.756e+02 48 1 4 2.940e+02 2.940e+02 -23 1 3 2.688e+02 2.772e+02 78 1 2 2.931e+02 2.949e+02 17
33799 10 1 2 6.246e+02 6.354e+02 100 2 2 5.447e+02 5.473e+02 25 2 4 2.502e+02 2.538e+02 34 2 3 6.300e+01 6.300e+01 -0 2 4 1.243e+02 1.277e+02 31 2 4 2.056e+02 2.144e+02 81 2 4 6.528e+02 6.912e+02 356 2 1 2.607e+02 2.853e+02 228 2 2 2.764e+02 3.116e+02 326 2 4 1.091e+02 1.429e+02 315
33800 43 0 4 6.696e+02 6.744e+02 45 0 2 6.634e+02 6.806e+02 159 2 2 4.200e+01 4.200e+01 -16 2 3 2.310e+02 2.310e+02 0 2 3 3.114e+02 3.186e+02 67 2 2 5.040e+02 5.040e+02 -4 2 4 3.287e+02 3.433e+02 136 2 2 5.441e+02 5.479e+02 35 2 1 6.001e+01 6.599e+01 56 2 3 4.323e+02 4.497e+02 161 2 2 8.352e+01 8.448e+01 9 2 2 4.620e+02 4.620e+02 -0 2 3 1.887e+02 1.893e+02 6 2 4 5.412e+02 5.508e+02 90 2 2 2.501e+02 2.539e+02 36 2 2 5.752e+02 6.008e+02 237 2 1 2.727e+02 2.733e+02 6 2 4 4.019e+02 4.381e+02 336 2 3 3.490e+02 3.650e+02 148 2 3 4.802e+02 4.858e+02 51 2 3 6.300e+01 6.300e+01 -4 2 3 5.566e+02 5.774e+02 194 2 4 7.971e+01 8.829e+01 80 2 1 4.710e+02 4.950e+02 223 2 1 1.785e+02 1.995e+02 195 2 1 5.484e+02 5.856e+02 346 2 4 2.475e+02 2.565e+02 83 2 1 5.036e+02 5.464e+02 397 2 3 2.575e+02 2.885e+02 287 2 2 5.279e+02 5.641e+02 336 2 1 1.936e+01 2.264e+01 30 2 3 9.348e+01 1.165e+02 214 2 4 1.542e+02 1.818e+02 256 2 4 2.020e+02 2.180e+02 149 2 4 2.792e+02 3.088e+02 275 2 3 1.796e+01 2.404e+01 56 2 2 1.975e+02 2.225e+02 233 2 1 2.958e+02 3.342e+02 357 2 1 5.140e+01 7.460e+01 216 2 2 2.380e+02 2.660e+02 260 2 3 1.038e+01 3.162e+01 197 2 4 2.995e+01 5.405e+01 224 2 3 4.574e+01 8.026e+01 320
33803 5 0 3 5.567e+02 5.773e+02 192 0 4 5.758e+02 6.002e+02 227 0 1 5.914e+02 6.266e+02 327 0 3 5.956e+02 6.224e+02 250 2 2 6.214e+02 6.386e+02 160
33806 17 0 4 3.358e+02 3.362e+02 3 0 2 5.033e+02 5.047e+02 12 0 4 2.384e+02 2.656e+02 252 0 4 5.862e+02 5.898e+02 33 0 3 2.685e+02 2.775e+02 84 0 1 4.692e+02 4.968e+02 256 0 2 2.370e+02 2.670e+02 279 0 2 6.568e+02 6.872e+02 281 0 3 5.477e+02 5.863e+02 358 1 4 6.269e+02 6.331e+02 57 1 2 2.100e+02 2.100e+02 -4 1 3 6.049e+02 6.131e+02 76 1 1 1.763e+02 2.017e+02 236 1 3 5.903e+02 6.277e+02 348 2 3 6.042e+01 6.558e+01 48 2 2 7.711e+01 9.089e+01 128 2 4 7.782e+01 9.018e+01 115
33807 13 0 2 6.288e+02 6.312e+02 22 0 3 5.638e+02 5.702e+02 60 0 4 6.273e+02 6.327e+02 50 0 4 4.516e+02 4.724e+02 193 0 2 5.426e+02 5.494e+02 63 0 3 4.276e+02 4.544e+02 250 0 1 5.099e+02 5.401e+02 281 0 1 5.909e+02 6.271e+02 336 0 3 6.337e+02 6.683e+02 321 2 1 4.776e+02 4.884e+02 100 2 3 4.378e+02 4.442e+02 60 2 2 4.565e+02 4.675e+02 101 2 4 4.060e+02 4.340e+02 260
33808 8 0 2 6.637e+02 6.803e+02 154 0 3 4.261e+02 4.559e+02 276 0 4 4.494e+02 4.746e+02 234 0 4 6.615e+02 6.825e+02 195 2 2 7.531e+01 9.269e+01 161 2 2 1.994e+02 2.206e+02 197 2 4 6.849e+01 9.951e+01 288 2 3 4.054e+01 8.546e+01 417
33809 37 0 1 6.050e+02 6.130e+02 75 0 3 6.491e+02 6.529e+02 36 0 3 5.583e+02 5.757e+02 162 0 4 5.757e+02 6.003e+02 228 0 1 6.437e+02 6.583e+02 135 0 1 5.536e+02 5.804e+02 250 0 2 6.166e+02 6.434e+02 248 0 2 6.567e+02 6.873e+02 285 0 4 6.552e+02 6.888e+02 312 1 1 6.078e+02 6.102e+02 22 1 1 5.174e+02 5.326e+02 141 1 2 6.271e+02 6.329e+02 53 1 1 5.500e+02 5.840e+02 316 1 4 6.281e+02 6.319e+02 36 1 3 5.974e+02 6.206e+02 215 1 1 5.930e+02 6.250e+02 296 1 4 6.115e+02 6.485e+02 344 2 3 1.931e+01 2.269e+01 31 2 4 2.484e+02 2.556e+02 67 2 4 6.673e+02 6.767e+02 87 2 3 3.555e+02 3.585e+02 27 2 2 6.604e+02 6.836e+02 216 2 2 4.004e+01 4.396e+01 36 2 4 1.227e+02 1.293e+02 61 2 4 1.591e+02 1.769e+02 165 2 2 2.426e+02 2.614e+02 176 2 4 3.287e+02 3.433e+02 136 2 1 5.979e+01 6.621e+01 60 2 2 7.392e+01 9.408e+01 187 2 4 1.481e+02 1.879e+02 370 2 1 2.175e+02 2.445e+02 251 2 2 3.628e+02 3.932e+02 282 2 3 5.467e+01 7.133e+01 155 2 4 1.144e+02 1.376e+02 215 2 3 2.133e+02 2.487e+02 328 2 4 2.936e+01 5.464e+01 235 2 3 7.017e+00 3.498e+01 260
33810 47 0 1 1.018e+02 1.082e+02 59 0 3 6.498e+02 6.522e+02 23 0 2 5.403e+02 5.517e+02 106 0 3 5.562e+02 5.778e+02 201 0 2 6.538e+02 6.902e+02 338 0 1 5.496e+02 5.844e+02 323 1 3 6.073e+02 6.107e+02 31 1 3 5.898e+02 6.282e+02 357 2 3 1.038e+02 1.062e+02 23 2 4 6.286e+02 6.314e+02 26 2 4 2.477e+02 2.563e+02 80 2 4 6.713e+02 6.727e+02 14 2 1 2.007e+01 2.193e+01 17 2 2 4.568e+02 4.672e+02 97 2 4 1.238e+02 1.282e+02 41 2 2 6.246e+02 6.354e+02 100 2 1 1.467e+02 1.473e+02 5 2 1 6.489e+02 6.531e+02 39 2 4 2.080e+02 2.120e+02 38 2 4 6.172e+02 6.428e+02 238 2 3 2.684e+02 2.776e+02 85 2 3 6.483e+02 6.537e+02 50 2 1 3.546e+02 3.594e+02 46 2 3 6.375e+02 6.645e+02 251 2 3 1.693e+01 2.507e+01 76 2 4 6.601e+02 6.839e+02 221 2 4 8.096e+01 8.704e+01 56 2 3 1.468e+02 1.472e+02 4 2 1 2.232e+02 2.388e+02 145 2 3 3.485e+02 3.655e+02 157 2 4 2.941e+01 5.459e+01 234 2 2 7.046e+01 9.754e+01 251 2 2 1.659e+02 1.701e+02 39 2 3 2.198e+02 2.422e+02 208 2 4 3.719e+02 3.841e+02 114 2 1 1.137e+00 4.086e+01 369 2 3 8.994e+01 1.201e+02 280 2 4 1.612e+02 1.748e+02 126 2 2 1.914e+02 2.286e+02 346 2 2 3.225e+02 3.495e+02 251 2 2 2.367e+01 6.033e+01 340 2 2 1.101e+02 1.419e+02 296 2 1 1.838e+02 1.942e+02 96 2 4 6.804e+01 9.996e+01 296 2 3 1.333e+02 1.607e+02 254 2 2 1.537e+02 1.823e+02 266 2 3 1.281e+02 1.659e+02 350
33812 24 0 1 6.090e+02 6.090e+02 -14 0 2 6.268e+02 6.332e+02 60 0 4 6.300e+02 6.300e+02 -16 0 3 6.048e+02 6.132e+02 79 1 3 5.232e+02 5.268e+02 33 1 4 4.090e+02 4.310e+02 205 1 3 4.293e+02 4.527e+02 218 2 4 1.650e+02 1.710e+02 56 2 3 5.645e+02 5.695e+02 46 2 3 1.847e+02 1.933e+02 80 2 4 5.859e+02 5.901e+02 39 2 2 1.992e+02 2.208e+02 200 2 1 6.475e+02 6.545e+02 66 2 1 2.440e+00 3.956e+01 345 2 3 4.709e+02 4.951e+02 226 2 4 1.113e+02 1.407e+02 274 2 4 5.401e+02 5.519e+02 110 2 1 1.711e+02 2.069e+02 332 2 3 6.008e+02 6.172e+02 153 2 2 6.717e+02 6.723e+02 6 2 2 6.184e+02 6.416e+02 215 2 3 6.387e+02 6.633e+02 228 2 4 6.554e+02 6.886e+02 308 3 3 1.801e+01 2.399e+01 56
33814 13 0 1 3.123e+02 3.177e+02 50 0 2 6.720e+02 6.720e+02 -14 0 4 3.344e+02 3.376e+02 30 0 3 5.658e+02 5.682e+02 21 0 4 3.281e+02 3.439e+02 146 0 1 6.052e+02 6.128e+02 71 0 2 3.205e+02 3.515e+02 288 0 1 5.570e+02 5.770e+02 186 0 3 6.063e+02 6.117e+02 50 0 1 6.355e+02 6.665e+02 288 0 2 5.350e+02 5.570e+02 204 0 3 6.336e+02 6.684e+02 323 1 4 6.203e+02 6.397e+02 180
33815 27 0 3 4.800e+02 4.860e+02 56 0 2 5.004e+02 5.076e+02 67 0 4 4.572e+02 4.668e+02 89 0 3 5.111e+02 5.389e+02 259 0 1 4.224e+02 4.596e+02 346 0 4 4.914e+02 5.166e+02 234 0 4 4.482e+02 4.758e+02 256 1 2 5.814e+02 5.946e+02 122 2 3 3.974e+02 4.006e+02 30 2 2 1.246e+02 1.274e+02 26 2 1 1.441e+02 1.499e+02 54 2 2 4.099e+02 4.301e+02 187 2 4 2.045e+02 2.155e+02 102 2 1 3.835e+02 4.145e+02 287 2 2 2.919e+02 2.961e+02 39 2 1 9.665e+00 3.233e+01 210 2 3 9.901e+01 1.110e+02 111 2 3 1.786e+02 1.994e+02 194 2 1 2.274e+02 2.346e+02 67 2 4 2.915e+02 2.965e+02 46 2 4 3.616e+02 3.944e+02 306 2 1 1.718e+02 2.062e+02 319 2 2 2.041e+02 2.159e+02 110 2 3 2.604e+02 2.856e+02 234 2 4 1.979e+02 2.221e+02 224 2 4 2.799e+02 3.081e+02 261 2 3 2.196e+02 2.424e+02 211
33816 10 0 3 6.070e+02 6.110e+02 38 0 2 5.392e+02 5.528e+02 127 0 1 6.061e+02 6.119e+02 53 0 4 2.825e+02 3.055e+02 214 0 3 5.555e+02 5.785e+02 214 0 4 6.132e+02 6.468e+02 312 0 1 5.526e+02 5.814e+02 268 2 4 8.321e+01 8.479e+01 15 2 2 7.478e+01 9.322e+01 171 2 3 8.949e+01 1.205e+02 288
33817 2 0 4 6.541e+02 6.899e+02 332 2 4 1.560e+02 1.800e+02 223
