3009 87 0 3 6.087e+02 6.093e+02 6 0 4 3.749e+02 3.811e+02 58 0 1 6.502e+02 6.518e+02 16 0 3 6.050e+01 6.550e+01 46 0 4 4.200e+02 4.200e+02 -9 0 2 1.680e+02 1.680e+02 -1 0 2 5.024e+02 5.056e+02 29 0 1 3.570e+02 3.570e+02 0 0 2 6.292e+02 6.308e+02 15 0 2 3.636e+02 3.924e+02 268 0 3 6.498e+02 6.522e+02 23 0 4 3.304e+01 5.096e+01 166 0 3 4.373e+02 4.447e+02 69 0 3 1.766e+02 2.014e+02 230 0 4 4.585e+02 4.655e+02 66 0 1 1.341e+02 1.599e+02 239 0 3 5.620e+02 5.720e+02 92 0 4 6.284e+02 6.316e+02 30 0 2 6.685e+02 6.755e+02 66 0 1 4.283e+02 4.537e+02 236 0 3 4.745e+02 4.915e+02 157 0 1 5.186e+02 5.314e+02 118 0 1 6.076e+02 6.104e+02 26 0 4 6.698e+02 6.742e+02 40 0 2 4.950e+02 5.130e+02 168 0 3 5.170e+02 5.330e+02 149 0 4 5.787e+02 5.973e+02 172 0 4 4.959e+02 5.121e+02 150 0 2 5.387e+02 5.533e+02 135 0 4 6.162e+02 6.438e+02 256 0 1 4.722e+02 4.938e+02 200 0 1 5.535e+02 5.805e+02 250 0 4 5.688e+02 6.072e+02 357 0 2 4.849e+02 5.231e+02 356 0 3 5.540e+02 5.800e+02 242 0 2 5.266e+02 5.654e+02 360 1 4 6.297e+02 6.303e+02 6 1 2 5.037e+02 5.043e+02 6 1 2 5.880e+02 5.880e+02 -10 1 1 6.079e+02 6.101e+02 20 1 4 5.018e+02 5.062e+02 40 1 4 5.875e+02 5.885e+02 10 1 3 6.084e+02 6.096e+02 11 1 3 4.721e+02 4.939e+02 202 1 2 5.434e+02 5.486e+02 49 1 2 6.298e+02 6.302e+02 4 1 2 4.867e+02 5.213e+02 320 1 1 5.649e+02 5.691e+02 40 1 4 5.378e+02 5.542e+02 153 1 3 5.562e+02 5.778e+02 200 2 2 4.134e+01 4.266e+01 12 2 3 2.294e+02 2.326e+02 29 2 3 6.033e+02 6.147e+02 106 2 3 3.121e+02 3.179e+02 55 2 4 6.681e+02 6.759e+02 73 2 4 3.707e+02 3.853e+02 136 2 4 5.032e+02 5.048e+02 16 2 4 4.071e+01 4.329e+01 24 2 4 5.782e+02 5.978e+02 181 2 2 1.257e+02 1.263e+02 6 2 4 1.598e+02 1.762e+02 151 2 4 2.482e+02 2.558e+02 71 2 4 4.539e+02 4.701e+02 150 2 1 2.642e+02 2.818e+02 164 2 2 5.704e+02 6.056e+02 326 2 3 5.611e+01 6.989e+01 128 2 4 1.241e+02 1.279e+02 35 2 3 1.302e+02 1.638e+02 312 2 3 4.647e+02 5.013e+02 340 2 4 2.060e+02 2.140e+02 74 2 4 4.846e+02 5.234e+02 360 2 3 2.571e+02 2.889e+02 295 2 1 3.396e+02 3.744e+02 324 2 3 1.765e+01 2.435e+01 62 2 3 9.703e+01 1.130e+02 148 2 2 2.421e+02 2.619e+02 183 2 1 1.047e+01 3.153e+01 196 2 2 1.130e+02 1.390e+02 242 2 4 1.966e+02 2.234e+02 250 2 3 2.484e+00 3.952e+01 344 2 1 2.167e+02 2.453e+02 266 2 2 2.361e+02 2.679e+02 295 3 1 9.591e+01 1.141e+02 169 3 3 1.990e+01 2.210e+01 20 3 3 5.296e+01 7.304e+01 186 3 3 7.242e+00 3.476e+01 256 3 4 2.277e+01 6.123e+01 357
3010 4 0 4 6.293e+02 6.307e+02 14 0 3 1.857e+02 1.923e+02 62 0 1 6.460e+02 6.560e+02 92 2 3 9.990e+01 1.101e+02 95
3013 0
3015 0
3016 7 0 3 4.399e+02 4.421e+02 20 0 4 6.296e+02 6.304e+02 8 2 3 1.872e+02 1.908e+02 33 3 1 1.438e+02 1.502e+02 59 3 3 1.449e+02 1.491e+02 39 3 2 1.509e+02 1.851e+02 318 3 4 1.495e+02 1.865e+02 344
3017 27 0 4 3.288e+02 3.432e+02 134 0 4 6.667e+02 6.773e+02 98 0 4 6.572e+02 6.868e+02 276 1 4 6.265e+02 6.335e+02 65 1 4 1.616e+02 1.744e+02 120 1 1 6.007e+02 6.173e+02 155 1 4 5.672e+02 6.088e+02 386 1 3 5.900e+02 6.280e+02 353 2 4 2.927e+02 2.953e+02 24 2 1 1.653e+01 2.547e+01 83 2 4 1.600e+02 1.760e+02 148 2 3 3.525e+02 3.615e+02 84 2 3 1.527e+01 2.673e+01 106 2 2 7.289e+01 9.511e+01 206 2 1 1.787e+02 1.993e+02 190 2 4 2.796e+02 3.084e+02 267 2 4 3.222e+02 3.498e+02 256 2 1 5.844e+01 6.756e+01 85 2 4 7.177e+01 9.623e+01 227 2 3 1.831e+02 1.949e+02 109 2 1 2.132e+02 2.488e+02 330 2 3 2.981e+02 3.319e+02 313 2 3 3.392e+02 3.748e+02 331 2 3 5.431e+01 7.169e+01 161 2 4 6.454e+01 1.035e+02 361 2 1 1.701e+02 2.079e+02 351 2 2 1.487e+02 1.873e+02 358
3020 15 0 2 2.520e+02 2.520e+02 -3 0 4 6.713e+02 6.727e+02 12 0 3 2.680e+02 2.780e+02 92 0 4 5.855e+02 5.905e+02 47 0 2 6.638e+02 6.802e+02 153 0 4 2.878e+02 3.002e+02 115 0 1 5.498e+02 5.842e+02 319 0 3 5.894e+02 6.286e+02 365 1 2 6.300e+02 6.300e+02 -6 1 2 5.715e+02 6.045e+02 306 2 2 1.631e+02 1.729e+02 91 2 4 1.680e+02 1.680e+02 -4 2 1 1.848e+02 1.932e+02 77 2 3 1.702e+02 2.078e+02 350 3 1 1.409e+02 1.531e+02 114
3022 0
3023 53 0 4 2.495e+02 2.545e+02 47 0 1 5.239e+02 5.261e+02 21 0 4 2.914e+02 2.966e+02 49 0 4 3.946e+01 4.454e+01 47 0 1 6.506e+02 6.514e+02 8 0 1 2.705e+02 2.755e+02 46 0 2 5.039e+02 5.041e+02 2 0 3 7.064e+00 3.494e+01 259 0 3 5.225e+02 5.275e+02 47 0 2 2.842e+02 3.038e+02 182 0 3 2.557e+02 2.903e+02 322 0 3 6.501e+02 6.519e+02 16 0 4 4.123e+02 4.277e+02 144 0 4 4.950e+02 5.130e+02 166 0 3 5.653e+02 5.687e+02 31 0 3 6.056e+02 6.124e+02 63 0 2 6.705e+02 6.735e+02 28 0 4 4.060e+02 4.340e+02 260 0 2 5.382e+02 5.538e+02 146 0 2 6.289e+02 6.311e+02 20 0 4 6.713e+02 6.727e+02 12 0 1 5.599e+02 5.741e+02 132 0 4 6.278e+02 6.322e+02 40 0 3 5.088e+02 5.412e+02 300 0 1 6.010e+02 6.170e+02 148 0 2 5.298e+02 5.622e+02 300 0 2 6.153e+02 6.447e+02 272 0 1 5.899e+02 6.281e+02 354 1 1 5.655e+02 5.685e+02 27 1 1 6.076e+02 6.104e+02 26 1 4 5.004e+02 5.076e+02 67 1 2 5.873e+02 5.887e+02 13 1 3 6.068e+02 6.112e+02 41 1 2 5.425e+02 5.495e+02 65 1 2 6.287e+02 6.313e+02 24 1 1 5.064e+02 5.436e+02 346 1 3 5.590e+02 5.750e+02 149 1 4 6.266e+02 6.334e+02 63 1 4 5.756e+02 6.004e+02 230 1 2 6.159e+02 6.441e+02 261 1 4 5.247e+02 5.673e+02 396 2 4 2.502e+02 2.538e+02 34 2 2 2.936e+02 2.944e+02 8 2 4 6.598e+02 6.842e+02 227 2 2 1.253e+02 1.267e+02 12 2 1 3.124e+02 3.176e+02 49 2 4 1.247e+02 1.273e+02 25 2 4 1.937e+02 2.263e+02 303 2 3 2.710e+02 2.750e+02 36 2 4 8.267e+01 8.533e+01 25 2 1 2.953e+02 3.347e+02 366 2 2 7.006e+01 9.794e+01 259 2 3 9.317e+01 1.168e+02 220
3025 0
3026 1 2 4 2.896e+01 5.504e+01 242
3027 5 2 4 4.166e+01 4.234e+01 6 2 2 3.511e+01 4.889e+01 128 2 1 5.409e+01 7.191e+01 166 2 1 1.195e+01 3.005e+01 168 2 3 4.821e+01 7.779e+01 275
3029 48 0 4 2.520e+02 2.520e+02 -11 0 4 3.729e+02 3.831e+02 95 0 2 2.825e+02 3.055e+02 214 0 4 3.633e+02 3.927e+02 274 0 2 6.290e+02 6.310e+02 18 0 3 4.512e+01 8.088e+01 332 0 4 3.535e+02 4.025e+02 455 0 4 6.265e+02 6.335e+02 65 0 1 3.881e+02 4.099e+02 203 0 1 5.966e+02 6.214e+02 230 1 4 2.520e+02 2.520e+02 -1 1 4 6.294e+02 6.306e+02 10 1 1 6.074e+02 6.106e+02 30 1 2 6.264e+02 6.336e+02 67 1 1 5.941e+02 6.239e+02 277 1 3 5.924e+02 6.256e+02 309 1 2 6.141e+02 6.459e+02 295 2 2 5.460e+02 5.460e+02 -15 2 4 5.017e+02 5.063e+02 42 2 3 5.658e+02 5.682e+02 23 2 3 3.146e+02 3.154e+02 8 2 4 4.166e+02 4.234e+02 63 2 2 3.778e+02 3.782e+02 4 2 4 4.576e+02 4.664e+02 81 2 3 6.289e+01 6.311e+01 2 2 4 5.362e+02 5.558e+02 181 2 4 1.230e+02 1.290e+02 56 2 3 4.253e+02 4.567e+02 291 2 4 2.066e+02 2.134e+02 64 2 3 4.816e+02 4.844e+02 26 2 4 2.903e+02 2.977e+02 68 2 3 5.495e+02 5.845e+02 325 2 1 2.079e+01 2.121e+01 4 2 4 5.706e+02 6.054e+02 324 2 2 8.173e+01 8.627e+01 42 2 3 5.064e+02 5.436e+02 345 2 1 1.420e+02 1.520e+02 93 2 3 2.299e+02 2.321e+02 20 2 4 3.978e+01 4.422e+01 41 2 3 9.964e+01 1.104e+02 100 2 3 1.370e+02 1.570e+02 186 2 2 2.443e+02 2.597e+02 142 2 4 2.681e+01 5.719e+01 282 2 2 1.194e+02 1.326e+02 123 2 2 1.916e+02 2.284e+02 341 2 3 5.405e+00 3.660e+01 290 2 4 1.918e+02 2.282e+02 339 3 1 3.365e+02 3.775e+02 380
3030 11 0 1 4.349e+02 4.471e+02 114 0 4 4.603e+02 4.637e+02 32 0 3 4.380e+02 4.440e+02 56 0 2 4.493e+02 4.747e+02 236 0 1 4.264e+02 4.556e+02 270 0 3 4.670e+02 4.990e+02 297 2 4 8.020e+01 8.780e+01 70 2 4 1.200e+02 1.320e+02 111 2 1 4.637e+00 3.736e+01 304 2 2 7.603e+01 9.197e+01 148 2 3 9.012e+01 1.199e+02 276
3031 2 1 1 9.726e+01 1.127e+02 144 2 4 5.346e+02 5.574e+02 212
3032 3 2 2 8.204e+01 8.596e+01 36 2 1 5.247e+01 7.353e+01 196 2 3 1.738e+02 2.042e+02 283
3034 5 1 4 5.834e+02 5.926e+02 85 1 3 6.088e+02 6.092e+02 3 1 4 5.708e+02 6.052e+02 320 1 3 5.472e+02 5.868e+02 368 2 3 5.540e+02 5.800e+02 241
3035 4 0 3 4.810e+02 4.850e+02 36 0 2 4.522e+02 4.718e+02 181 0 1 4.689e+02 4.971e+02 261 0 4 4.425e+02 4.815e+02 363
3036 63 0 1 5.663e+02 5.677e+02 12 0 4 3.331e+02 3.389e+02 55 0 2 6.257e+02 6.343e+02 80 0 3 1.832e+02 1.948e+02 108 0 1 6.455e+02 6.565e+02 102 0 1 3.084e+02 3.216e+02 123 0 2 3.269e+02 3.451e+02 170 0 3 5.615e+02 5.725e+02 101 0 4 6.262e+02 6.338e+02 70 0 1 3.346e+02 3.794e+02 416 0 3 6.437e+02 6.583e+02 136 0 2 5.350e+02 5.570e+02 205 0 1 6.030e+02 6.150e+02 110 0 2 6.577e+02 6.863e+02 265 0 1 5.518e+02 5.822e+02 281 0 4 5.763e+02 5.997e+02 217 0 4 6.595e+02 6.845e+02 231 0 3 5.965e+02 6.215e+02 233 1 3 4.386e+02 4.434e+02 45 1 2 5.002e+02 5.078e+02 70 1 2 5.395e+02 5.525e+02 121 1 4 3.856e+01 4.544e+01 64 1 1 6.041e+02 6.139e+02 90 1 3 4.668e+02 4.992e+02 301 1 2 6.253e+02 6.347e+02 86 1 4 6.251e+02 6.349e+02 90 1 3 5.995e+02 6.185e+02 177 2 4 6.285e+02 6.315e+02 28 2 2 3.762e+02 3.798e+02 34 2 3 2.066e+01 2.134e+01 6 2 2 8.101e+01 8.699e+01 56 2 3 4.781e+02 4.879e+02 90 2 3 1.872e+02 1.908e+02 33 2 4 2.463e+02 2.577e+02 106 2 3 3.512e+02 3.628e+02 108 2 4 4.537e+02 4.703e+02 154 2 2 2.945e+01 5.455e+01 233 2 2 6.188e+02 6.412e+02 207 2 2 1.235e+02 1.285e+02 46 2 1 6.437e+02 6.583e+02 135 2 4 1.644e+02 1.716e+02 66 2 4 4.062e+02 4.338e+02 256 2 4 2.798e+02 3.082e+02 264 2 3 6.388e+02 6.632e+02 226 2 3 3.429e+02 3.711e+02 261 2 4 2.833e+01 5.567e+01 254 2 4 1.160e+02 1.360e+02 186 2 1 1.816e+02 1.964e+02 137 2 2 1.923e+02 2.277e+02 328 2 3 3.007e+02 3.293e+02 266 2 1 4.866e+01 7.734e+01 266 2 4 7.617e+01 9.183e+01 146 2 3 1.375e+02 1.565e+02 177 2 3 4.511e+01 8.089e+01 332 2 3 8.846e+01 1.215e+02 307 2 2 1.578e+02 1.782e+02 189 3 3 1.047e+02 1.053e+02 6 3 3 1.985e+01 2.215e+01 21 3 3 6.207e+01 6.393e+01 17 3 3 1.410e+02 1.530e+02 111 3 1 9.124e+01 1.188e+02 256 3 1 1.752e+01 2.448e+01 65 3 4 3.991e+01 4.409e+01 39
3037 9 0 2 1.586e+02 1.774e+02 175 0 4 1.593e+02 1.767e+02 161 0 1 1.358e+02 1.582e+02 209 1 4 8.326e+01 8.474e+01 14 1 1 1.048e+02 1.052e+02 3 1 2 1.135e+02 1.385e+02 231 1 3 5.368e+01 7.232e+01 173 1 1 4.848e+01 7.752e+01 270 2 4 3.718e+02 3.842e+02 116
3038 5 0 1 4.399e+02 4.421e+02 20 0 1 4.248e+02 4.572e+02 301 0 3 5.476e+02 5.864e+02 360 2 3 1.294e+01 2.906e+01 150 2 4 3.533e+01 4.867e+01 124
3039 3 1 3 5.642e+02 5.698e+02 51 2 1 3.115e+02 3.185e+02 65 2 2 1.142e+02 1.378e+02 220
3040 0
3041 27 0 4 6.696e+02 6.744e+02 45 0 4 2.061e+02 2.139e+02 72 0 4 5.837e+02 5.923e+02 80 0 1 6.460e+02 6.560e+02 92 0 1 5.106e+02 5.394e+02 268 0 4 1.913e+02 2.287e+02 348 0 2 6.179e+02 6.421e+02 226 0 3 6.485e+02 6.535e+02 46 0 3 5.033e+02 5.467e+02 403 0 4 6.129e+02 6.471e+02 318 0 2 6.556e+02 6.884e+02 304 0 4 6.532e+02 6.908e+02 349 0 1 6.278e+02 6.742e+02 431 0 3 6.335e+02 6.685e+02 326 0 4 6.452e+02 6.988e+02 497 2 3 2.100e+01 2.100e+01 -3 2 2 1.245e+02 1.275e+02 27 2 4 1.657e+02 1.703e+02 42 2 2 4.126e+01 4.274e+01 14 2 4 4.084e+02 4.316e+02 216 2 4 1.189e+02 1.331e+02 132 2 1 5.279e+01 7.321e+01 190 2 3 9.169e+01 1.183e+02 247 2 1 1.505e+01 2.695e+01 110 2 3 8.723e+00 3.328e+01 228 2 4 2.999e+01 5.401e+01 223 2 3 1.905e+00 4.010e+01 355
3042 4 0 3 4.800e+02 4.860e+02 56 0 2 4.556e+02 4.684e+02 120 0 4 4.942e+02 5.138e+02 181 3 3 4.389e+02 4.431e+02 39
3044 27 0 3 3.982e+02 3.998e+02 16 2 1 2.701e+02 2.759e+02 55 2 4 5.011e+02 5.069e+02 54 2 1 3.547e+02 3.593e+02 43 2 1 5.219e+02 5.281e+02 57 2 4 1.224e+02 1.296e+02 66 2 2 6.616e+02 6.824e+02 194 2 4 2.377e+02 2.663e+02 266 2 3 3.813e+02 4.167e+02 329 2 3 2.705e+02 2.755e+02 47 2 2 4.935e+02 5.145e+02 195 2 2 3.728e+02 3.832e+02 96 2 3 5.560e+02 5.780e+02 205 2 2 8.168e+01 8.632e+01 43 2 4 6.595e+02 6.845e+02 231 2 2 2.856e+02 3.024e+02 156 2 3 4.696e+02 4.964e+02 250 2 4 3.764e+02 3.796e+02 30 2 3 6.308e+02 6.712e+02 376 2 4 7.877e+01 8.923e+01 97 2 4 4.429e+02 4.811e+02 356 2 3 3.047e+02 3.253e+02 192 2 2 3.351e+02 3.369e+02 16 2 3 9.779e+01 1.122e+02 134 2 1 2.526e+02 2.934e+02 380 2 4 3.342e+02 3.378e+02 34 2 4 3.213e+02 3.507e+02 272
3047 18 0 1 6.510e+02 6.510e+02 -16 0 1 4.769e+02 4.891e+02 113 0 1 5.618e+02 5.722e+02 97 0 2 6.277e+02 6.323e+02 42 0 3 6.503e+02 6.517e+02 13 0 3 4.765e+02 4.895e+02 120 0 3 5.581e+02 5.759e+02 165 0 4 6.270e+02 6.330e+02 56 0 2 4.898e+02 5.182e+02 264 0 2 5.344e+02 5.576e+02 215 0 4 5.812e+02 5.948e+02 126 0 4 4.932e+02 5.148e+02 200 0 4 6.180e+02 6.420e+02 222 2 1 5.898e+01 6.702e+01 75 2 4 1.583e+02 1.777e+02 180 2 3 6.145e+01 6.455e+01 29 2 2 6.697e+01 1.010e+02 316 2 4 6.576e+01 1.022e+02 339
3048 3 0 4 5.830e+02 5.930e+02 92 0 2 6.703e+02 6.737e+02 32 0 4 6.674e+02 6.766e+02 86
3051 38 0 1 6.437e+02 6.583e+02 136 0 4 6.150e+02 6.450e+02 279 0 3 6.442e+02 6.578e+02 127 1 4 5.431e+02 5.489e+02 53 2 1 1.945e+01 2.255e+01 29 2 3 4.819e+02 4.841e+02 21 2 4 8.128e+01 8.672e+01 50 2 3 5.234e+02 5.266e+02 30 2 4 2.506e+02 2.534e+02 26 2 1 4.388e+02 4.432e+02 40 2 2 2.918e+02 2.962e+02 41 2 2 4.594e+02 4.646e+02 48 2 3 1.815e+01 2.385e+01 53 2 2 5.451e+02 5.469e+02 16 2 4 1.212e+02 1.308e+02 90 2 3 4.337e+02 4.483e+02 136 2 2 2.430e+02 2.610e+02 166 2 4 4.554e+02 4.686e+02 122 2 3 2.612e+02 2.848e+02 219 2 1 5.660e+02 5.680e+02 19 2 3 6.001e+01 6.599e+01 56 2 4 4.022e+02 4.378e+02 330 2 2 8.025e+01 8.775e+01 70 2 1 4.715e+02 4.945e+02 214 2 1 2.528e+02 2.932e+02 376 2 3 5.586e+02 5.754e+02 156 2 2 3.273e+01 5.127e+01 172 2 1 4.230e+02 4.590e+02 335 2 4 1.102e+02 1.418e+02 294 2 2 4.934e+02 5.146e+02 197 2 4 3.026e+01 5.374e+01 218 2 4 5.386e+02 5.534e+02 138 2 3 6.344e+00 3.566e+01 272 2 3 4.227e+02 4.593e+02 340 2 1 6.462e-01 4.135e+01 378 2 4 4.902e+02 5.178e+02 256 3 1 2.227e+02 2.393e+02 154 3 4 1.089e+02 1.431e+02 318
