6350 8 0 4 6.693e+02 6.747e+02 50 0 1 6.439e+02 6.581e+02 131 0 3 6.353e+02 6.667e+02 291 2 3 2.012e+01 2.188e+01 16 2 2 3.143e+01 5.257e+01 196 2 4 7.576e+01 9.224e+01 153 2 1 4.910e+00 3.709e+01 299 2 4 5.729e+02 6.031e+02 281
6351 2 1 3 5.235e+02 5.265e+02 27 2 1 3.563e+02 3.577e+02 14
6352 37 0 1 5.242e+02 5.258e+02 16 0 1 6.083e+02 6.097e+02 14 0 2 6.720e+02 6.720e+02 -3 0 4 4.161e+02 4.239e+02 72 0 2 5.450e+02 5.470e+02 18 0 3 6.041e+02 6.139e+02 91 0 1 6.480e+02 6.540e+02 56 0 3 5.529e+02 5.811e+02 261 0 2 6.245e+02 6.355e+02 102 0 3 6.402e+02 6.618e+02 201 0 3 5.067e+02 5.433e+02 340 0 2 6.148e+02 6.452e+02 281 0 4 6.626e+02 6.814e+02 175 0 4 6.162e+02 6.438e+02 257 0 4 6.554e+02 6.886e+02 309 0 1 5.934e+02 6.246e+02 289 0 1 6.326e+02 6.694e+02 342 1 1 5.243e+02 5.257e+02 14 1 2 5.365e+02 5.555e+02 177 1 2 6.233e+02 6.367e+02 125 1 4 6.214e+02 6.386e+02 160 2 2 2.498e+02 2.542e+02 40 2 3 1.245e+01 2.955e+01 159 2 2 5.021e+02 5.059e+02 36 2 3 1.860e+02 1.920e+02 56 2 2 5.858e+02 5.902e+02 40 2 2 2.069e+02 2.131e+02 58 2 4 4.913e+02 5.167e+02 236 2 2 3.434e+01 4.966e+01 142 2 3 5.533e+02 5.807e+02 255 2 4 1.162e+02 1.358e+02 181 2 4 5.772e+02 5.988e+02 200 2 4 1.547e+02 1.813e+02 247 2 3 4.673e+02 4.987e+02 291 2 1 5.984e+00 3.602e+01 279 2 1 5.127e+02 5.373e+02 228 2 4 2.613e+01 5.787e+01 295
6353 0
6354 2 1 2 6.052e+02 6.548e+02 460 1 2 5.644e+02 6.116e+02 438
6355 19 0 1 6.090e+02 6.090e+02 -23 0 2 6.716e+02 6.724e+02 7 0 1 5.203e+02 5.297e+02 87 0 3 6.090e+02 6.090e+02 -11 0 4 6.644e+02 6.796e+02 141 0 2 6.300e+02 6.300e+02 -22 0 1 6.413e+02 6.607e+02 180 0 4 6.281e+02 6.319e+02 35 0 3 6.393e+02 6.627e+02 216 0 4 5.737e+02 6.023e+02 266 0 4 6.520e+02 6.920e+02 370 0 1 5.965e+02 6.215e+02 233 0 4 6.112e+02 6.488e+02 350 1 2 6.105e+02 6.495e+02 361 2 4 5.419e+02 5.501e+02 76 2 3 3.095e+02 3.205e+02 102 2 2 3.310e+02 3.410e+02 92 2 4 3.169e+02 3.551e+02 354 2 1 3.390e+02 3.750e+02 335
6356 5 0 4 2.100e+02 2.100e+02 -1 0 2 4.561e+02 4.679e+02 110 0 3 4.698e+02 4.962e+02 246 0 4 4.428e+02 4.812e+02 356 1 4 5.437e+02 5.483e+02 42
6357 3 0 1 4.410e+02 4.410e+02 -18 2 3 6.104e+01 6.496e+01 36 2 3 1.815e+01 2.385e+01 53
6358 8 0 4 5.774e+02 5.986e+02 196 0 4 5.703e+02 6.057e+02 330 0 3 5.891e+02 6.289e+02 369 2 4 8.303e+01 8.497e+01 18 2 3 3.484e+02 3.656e+02 159 2 2 7.168e+01 9.632e+01 229 2 4 3.716e+02 3.844e+02 119 2 3 9.026e+01 1.197e+02 274
6359 0
6360 6 0 4 6.261e+02 6.339e+02 73 2 4 8.209e+01 8.591e+01 36 2 1 5.988e+01 6.612e+01 58 2 3 5.018e+01 7.582e+01 238 2 2 7.298e+01 9.502e+01 205 2 3 3.291e+00 3.871e+01 329
6361 0
6362 10 2 4 2.096e+02 2.104e+02 7 2 1 2.026e+01 2.174e+01 14 2 1 2.303e+02 2.317e+02 12 2 3 2.172e+02 2.448e+02 256 3 4 3.354e+01 5.046e+01 157 3 3 1.470e+02 1.470e+02 -8 3 4 1.583e+02 1.777e+02 180 3 1 5.414e+01 7.186e+01 165 3 3 5.283e+01 7.317e+01 189 3 2 3.255e+01 5.145e+01 176
6363 0
6364 2 2 3 6.489e+02 6.531e+02 39 3 4 5.728e+02 6.032e+02 282
6365 10 0 4 6.677e+02 6.763e+02 80 0 2 6.647e+02 6.793e+02 136 0 1 6.396e+02 6.624e+02 211 0 3 6.368e+02 6.652e+02 264 2 4 7.554e+01 9.246e+01 157 2 3 1.110e+01 3.090e+01 184 2 3 9.882e+01 1.112e+02 115 2 3 2.156e+02 2.464e+02 286 2 4 2.829e+01 5.571e+01 255 2 2 6.746e+01 1.005e+02 307
6366 26 0 3 2.263e+02 2.357e+02 87 0 1 4.735e+02 4.925e+02 176 0 4 2.515e+02 2.525e+02 10 0 1 1.718e+02 2.062e+02 320 0 1 6.291e+02 6.729e+02 406 0 2 1.974e+02 2.226e+02 234 0 3 6.273e+02 6.747e+02 440 0 1 4.150e+02 4.670e+02 482 0 4 4.775e+02 5.305e+02 493 0 3 4.141e+02 4.679e+02 500 2 3 2.728e+02 2.732e+02 5 2 2 8.083e+01 8.717e+01 59 2 4 2.095e+02 2.105e+02 9 2 3 5.198e+01 7.402e+01 205 2 4 7.792e+01 9.008e+01 113 2 3 2.257e+02 2.363e+02 99 2 3 9.461e+01 1.154e+02 193 2 4 7.150e+01 9.650e+01 232 2 1 1.205e+02 1.735e+02 491 2 4 1.020e+02 1.500e+02 446 3 3 2.017e+01 2.183e+01 16 3 3 7.333e+00 3.467e+01 254 3 2 2.999e+01 5.401e+01 223 3 1 6.838e+00 3.516e+01 263 3 4 3.053e+01 5.347e+01 213 3 1 4.695e+01 7.905e+01 298
6367 11 0 4 5.848e+02 5.912e+02 60 0 3 5.593e+02 5.747e+02 142 2 3 2.310e+02 2.310e+02 -6 2 1 2.100e+01 2.100e+01 -19 2 2 8.285e+01 8.515e+01 21 2 4 2.078e+02 2.122e+02 41 2 1 2.271e+02 2.349e+02 72 2 3 5.220e+01 7.380e+01 200 2 4 7.020e+01 9.780e+01 256 2 2 2.034e+02 2.166e+02 123 2 3 2.143e+02 2.477e+02 310
6368 7 0 4 2.094e+02 2.106e+02 11 0 2 6.287e+02 6.313e+02 24 0 1 6.448e+02 6.572e+02 116 0 4 2.029e+02 2.171e+02 132 0 3 1.721e+02 2.059e+02 314 0 4 5.729e+02 6.031e+02 281 1 1 5.549e+02 5.791e+02 225
6369 0
6370 20 0 2 6.300e+02 6.300e+02 -23 0 4 3.234e+02 3.486e+02 234 0 3 6.504e+02 6.516e+02 10 0 4 6.297e+02 6.303e+02 6 0 1 5.112e+02 5.388e+02 256 0 4 5.860e+02 5.900e+02 37 0 1 6.508e+02 6.512e+02 3 0 3 5.501e+02 5.839e+02 313 0 1 6.013e+02 6.167e+02 143 0 2 6.695e+02 6.745e+02 46 0 3 6.040e+02 6.140e+02 93 0 3 6.396e+02 6.624e+02 212 0 4 6.179e+02 6.421e+02 226 0 4 5.774e+02 5.986e+02 196 0 3 5.929e+02 6.251e+02 300 1 2 6.292e+02 6.308e+02 16 1 4 6.290e+02 6.310e+02 19 1 1 6.057e+02 6.123e+02 62 1 3 5.932e+02 6.248e+02 294 2 2 3.651e+02 3.909e+02 240
6371 26 0 1 5.645e+02 5.695e+02 47 0 2 6.300e+02 6.300e+02 -8 0 1 6.486e+02 6.534e+02 45 0 1 5.228e+02 5.272e+02 41 0 4 6.279e+02 6.321e+02 40 0 3 6.492e+02 6.528e+02 34 0 2 5.406e+02 5.514e+02 100 0 4 5.819e+02 5.941e+02 113 0 4 6.546e+02 6.894e+02 323 0 3 5.580e+02 5.760e+02 168 0 1 6.087e+02 6.093e+02 5 0 3 6.341e+02 6.679e+02 315 0 1 5.525e+02 5.815e+02 269 0 3 6.065e+02 6.115e+02 46 0 2 6.555e+02 6.885e+02 306 0 4 6.206e+02 6.394e+02 175 0 2 6.114e+02 6.486e+02 345 0 4 6.147e+02 6.453e+02 285 0 1 5.915e+02 6.265e+02 325 1 2 6.121e+02 6.479e+02 332 2 3 1.918e+01 2.282e+01 34 2 2 3.753e+01 4.647e+01 83 2 4 4.112e+01 4.288e+01 16 2 1 5.674e+01 6.926e+01 116 2 3 5.687e+01 6.913e+01 114 2 1 7.199e+00 3.480e+01 256
6372 0
6373 13 0 2 6.720e+02 6.720e+02 -10 0 3 6.510e+02 6.510e+02 -5 0 4 5.807e+02 5.953e+02 136 0 2 6.573e+02 6.867e+02 272 0 2 6.137e+02 6.463e+02 302 0 4 6.613e+02 6.827e+02 199 1 2 6.300e+02 6.300e+02 -9 1 2 6.248e+02 6.352e+02 96 1 1 4.291e+02 4.529e+02 220 2 4 2.940e+02 2.940e+02 -1 2 1 1.608e+01 2.592e+01 91 2 1 1.750e+02 2.030e+02 260 2 3 2.980e+02 3.320e+02 316
6374 10 0 3 6.083e+02 6.097e+02 12 0 1 6.488e+02 6.532e+02 41 0 2 5.424e+02 5.496e+02 67 0 1 6.075e+02 6.105e+02 28 0 3 6.464e+02 6.556e+02 86 0 1 5.113e+02 5.387e+02 254 0 2 6.216e+02 6.384e+02 156 0 2 6.574e+02 6.866e+02 270 0 4 6.189e+02 6.411e+02 206 0 4 6.597e+02 6.843e+02 229
6375 0
6376 0
6377 3 0 4 2.477e+02 2.563e+02 80 0 3 2.160e+02 2.460e+02 278 2 1 5.360e+01 7.240e+01 175
6378 18 0 3 3.931e+02 4.049e+02 110 0 1 5.226e+02 5.274e+02 45 0 3 6.024e+02 6.156e+02 123 0 4 3.603e+02 3.957e+02 329 0 2 6.675e+02 6.765e+02 83 0 1 1.698e+02 2.082e+02 356 0 2 5.443e+02 5.477e+02 31 0 1 2.109e+02 2.511e+02 374 0 1 5.954e+02 6.226e+02 253 0 4 6.665e+02 6.775e+02 101 0 3 5.540e+02 5.800e+02 240 0 4 5.715e+02 6.045e+02 307 0 1 6.438e+02 6.582e+02 134 0 1 5.052e+02 5.448e+02 367 0 3 6.397e+02 6.623e+02 210 1 2 6.161e+02 6.439e+02 259 2 1 1.990e+01 2.210e+01 20 2 3 1.716e+01 2.484e+01 71
6379 0
6380 1 2 1 1.604e+01 2.596e+01 92
6381 1 0 1 6.499e+02 6.521e+02 20
6384 8 0 2 6.707e+02 6.733e+02 25 0 1 3.027e+02 3.273e+02 228 0 4 6.720e+02 6.720e+02 -20 0 2 3.204e+02 3.516e+02 290 0 1 6.477e+02 6.543e+02 62 0 3 6.453e+02 6.567e+02 106 0 1 6.380e+02 6.640e+02 240 0 3 6.334e+02 6.686e+02 326
6385 0
6386 9 0 2 6.618e+02 6.822e+02 189 0 4 6.625e+02 6.815e+02 176 0 1 5.883e+02 6.297e+02 384 1 2 6.035e+02 6.565e+02 491 2 4 3.313e+01 5.087e+01 165 2 3 5.364e+01 7.236e+01 174 2 4 6.445e+01 1.035e+02 363 2 3 4.440e+01 8.160e+01 346 2 3 7.908e+01 1.309e+02 481
6387 1 1 1 5.915e+02 6.265e+02 325
6388 41 0 1 2.310e+02 2.310e+02 -6 0 4 2.463e+02 2.577e+02 106 0 2 2.438e+02 2.602e+02 152 0 1 5.954e+02 6.226e+02 252 0 3 2.572e+02 2.888e+02 293 0 3 6.367e+02 6.653e+02 266 0 3 2.148e+02 2.472e+02 300 0 4 4.883e+02 5.197e+02 292 0 2 2.679e+02 3.201e+02 484 0 3 5.063e+02 5.437e+02 348 0 3 5.918e+02 6.262e+02 319 0 2 6.570e+02 6.870e+02 278 0 4 3.956e+02 4.444e+02 454 0 2 4.827e+02 5.253e+02 395 0 2 6.094e+02 6.506e+02 383 0 4 6.578e+02 6.862e+02 264 0 4 6.081e+02 6.519e+02 406 0 1 6.257e+02 6.763e+02 470 0 3 4.173e+02 4.647e+02 440 0 4 5.639e+02 6.121e+02 448 0 3 5.847e+02 6.333e+02 451 1 3 5.984e+02 6.196e+02 196 1 2 6.130e+02 6.470e+02 316 1 2 5.630e+02 6.130e+02 465 1 4 6.175e+02 6.425e+02 231 1 4 6.042e+02 6.558e+02 479 1 1 5.848e+02 6.332e+02 450 2 1 6.293e+01 6.307e+01 1 2 1 5.517e+01 7.083e+01 146 2 2 7.724e+01 9.076e+01 126 2 4 1.519e+02 1.841e+02 299 2 1 2.584e+02 2.876e+02 271 2 3 5.530e+01 7.070e+01 143 2 4 7.720e+01 9.080e+01 126 2 4 1.951e+02 2.249e+02 277 2 3 3.793e+01 8.807e+01 466 2 4 1.107e+02 1.413e+02 284 2 2 2.284e+02 2.756e+02 438 2 2 6.867e+01 9.933e+01 285 2 4 2.253e+02 2.787e+02 496 2 4 5.925e+01 1.088e+02 460
6389 36 0 1 5.628e+02 5.712e+02 79 0 4 5.877e+02 5.883e+02 5 0 3 5.569e+02 5.771e+02 188 0 3 6.052e+02 6.128e+02 70 0 2 6.609e+02 6.831e+02 206 0 3 4.242e+02 4.578e+02 312 0 1 4.657e+02 5.003e+02 321 0 3 5.033e+02 5.467e+02 403 0 4 5.779e+02 5.981e+02 188 0 4 6.584e+02 6.856e+02 252 0 1 4.172e+02 4.648e+02 442 0 3 4.592e+02 5.068e+02 441 0 1 5.032e+02 5.468e+02 405 0 1 5.958e+02 6.222e+02 245 0 4 4.827e+02 5.253e+02 396 0 2 6.150e+02 6.450e+02 278 0 2 6.554e+02 6.886e+02 308 1 3 1.774e+01 2.426e+01 60 1 4 3.008e+01 5.392e+01 221 1 2 4.853e+02 5.227e+02 348 1 2 5.720e+02 6.040e+02 297 1 1 5.939e+02 6.241e+02 280 1 2 5.286e+02 5.634e+02 324 1 2 6.140e+02 6.460e+02 296 1 4 6.099e+02 6.501e+02 374 1 3 5.858e+02 6.322e+02 431 1 3 3.608e+00 3.839e+01 323 2 2 8.400e+01 8.400e+01 -14 2 4 2.898e+02 2.982e+02 79 2 1 1.783e+01 2.417e+01 59 2 4 7.352e+01 9.448e+01 195 2 3 1.249e+01 2.951e+01 158 2 2 3.089e+01 5.311e+01 206 2 4 3.174e+01 5.226e+01 190 2 1 5.220e+01 7.380e+01 200 2 3 5.283e+01 7.317e+01 189
6390 5 0 2 2.507e+02 2.533e+02 25 0 4 5.026e+02 5.054e+02 26 0 4 2.469e+02 2.571e+02 95 0 3 2.541e+02 2.919e+02 351 1 1 5.113e+01 7.487e+01 220
