36563 12 0 2 6.258e+02 6.342e+02 79 0 1 6.465e+02 6.555e+02 84 0 3 6.467e+02 6.553e+02 80 0 4 6.608e+02 6.832e+02 207 1 4 5.859e+02 5.901e+02 39 1 2 6.225e+02 6.375e+02 140 2 2 3.359e+02 3.361e+02 1 2 3 1.868e+01 2.332e+01 43 2 4 3.345e+02 3.375e+02 28 2 1 1.617e+01 2.583e+01 90 2 2 2.856e+01 5.544e+01 250 2 4 2.429e+01 5.971e+01 329
36565 27 0 4 4.580e+02 4.660e+02 74 0 1 6.081e+02 6.099e+02 16 0 2 6.709e+02 6.731e+02 20 0 4 4.169e+02 4.231e+02 57 0 1 4.692e+02 4.968e+02 256 0 1 5.160e+02 5.340e+02 168 0 3 6.026e+02 6.154e+02 118 0 4 6.657e+02 6.783e+02 116 0 4 4.430e+02 4.810e+02 352 0 3 5.188e+02 5.312e+02 115 0 4 6.156e+02 6.444e+02 268 0 1 6.428e+02 6.592e+02 151 0 3 6.442e+02 6.578e+02 126 0 3 6.343e+02 6.677e+02 310 1 2 5.034e+02 5.046e+02 10 1 3 5.103e+02 5.397e+02 273 1 1 4.655e+02 5.005e+02 325 1 4 4.857e+02 5.223e+02 340 2 2 4.199e+02 4.201e+02 2 2 4 2.495e+02 2.545e+02 46 2 3 5.231e+02 5.269e+02 36 2 3 2.718e+02 2.742e+02 21 2 4 4.189e+02 4.211e+02 20 2 4 5.038e+02 5.042e+02 3 2 2 5.407e+02 5.513e+02 98 2 1 5.499e+02 5.841e+02 318 2 3 4.218e+02 4.602e+02 357
36567 8 0 3 4.377e+02 4.443e+02 62 0 2 2.308e+01 6.092e+01 351 0 1 -2.945e+00 4.494e+01 445 0 4 1.590e+01 6.810e+01 485 2 2 1.253e+02 1.267e+02 12 2 3 9.138e+01 1.186e+02 253 2 3 4.457e+01 8.143e+01 342 2 2 6.535e+01 1.026e+02 346
36569 20 0 1 5.670e+02 5.670e+02 -13 0 3 6.070e+02 6.110e+02 36 0 3 5.638e+02 5.702e+02 59 0 4 5.834e+02 5.926e+02 86 0 4 5.747e+02 6.013e+02 247 0 3 5.973e+02 6.207e+02 217 1 2 6.300e+02 6.300e+02 -14 1 4 5.345e+02 5.575e+02 213 1 1 5.958e+02 6.222e+02 245 2 1 6.288e+01 6.312e+01 2 2 3 1.470e+02 1.470e+02 -5 2 2 2.487e+02 2.553e+02 61 2 4 3.951e+01 4.449e+01 46 2 2 1.214e+02 1.306e+02 86 2 4 2.427e+02 2.613e+02 173 2 3 5.306e+01 7.294e+01 185 2 4 1.189e+02 1.331e+02 131 2 3 2.160e+02 2.460e+02 279 2 2 2.874e+01 5.526e+01 246 2 1 2.136e+02 2.484e+02 323
36570 2 0 3 4.408e+02 4.412e+02 3 0 3 4.246e+02 4.574e+02 306
36571 17 2 1 3.130e+02 3.170e+02 37 2 3 9.874e+01 1.113e+02 116 2 3 2.697e+02 2.763e+02 61 2 3 8.972e+01 1.203e+02 284 2 4 2.874e+02 3.006e+02 122 2 2 2.834e+02 3.046e+02 196 2 3 3.007e+02 3.293e+02 265 3 4 3.762e+02 3.798e+02 33 3 3 4.395e+02 4.425e+02 28 3 1 3.973e+02 4.007e+02 31 3 2 4.200e+02 4.200e+02 -4 3 2 3.762e+02 3.798e+02 33 3 1 4.356e+02 4.464e+02 100 3 1 3.480e+02 3.660e+02 168 3 4 4.422e+02 4.818e+02 368 3 3 3.445e+02 3.695e+02 232 3 2 3.611e+02 3.949e+02 315
36572 60 0 1 6.084e+02 6.096e+02 11 0 4 4.192e+02 4.208e+02 16 0 4 3.716e+02 3.844e+02 120 0 1 4.774e+02 4.886e+02 104 0 2 5.439e+02 5.481e+02 40 0 3 6.050e+02 6.130e+02 74 0 3 6.488e+02 6.532e+02 41 0 1 3.918e+02 4.062e+02 135 0 3 4.772e+02 4.888e+02 108 0 4 6.159e+02 6.441e+02 261 0 2 6.703e+02 6.737e+02 32 0 3 3.826e+02 4.154e+02 305 0 2 4.884e+02 5.196e+02 289 0 1 5.097e+02 5.403e+02 285 0 4 6.661e+02 6.779e+02 110 0 4 4.900e+02 5.180e+02 260 0 1 6.320e+02 6.700e+02 353 1 4 6.296e+02 6.304e+02 8 1 4 2.056e+02 2.144e+02 82 1 1 4.812e+02 4.848e+02 34 1 4 5.417e+02 5.503e+02 80 1 2 6.250e+02 6.350e+02 93 1 2 5.024e+02 5.056e+02 30 1 3 5.487e+02 5.853e+02 340 1 4 6.119e+02 6.481e+02 336 1 3 5.178e+02 5.322e+02 133 2 2 3.765e+02 3.795e+02 28 2 3 6.095e+01 6.505e+01 38 2 3 4.766e+02 4.894e+02 118 2 3 2.281e+02 2.339e+02 53 2 3 5.221e+02 5.279e+02 55 2 3 3.522e+02 3.618e+02 90 2 4 6.697e+02 6.743e+02 43 2 4 3.672e+01 4.728e+01 98 2 2 1.183e+02 1.337e+02 144 2 4 4.532e+02 4.708e+02 163 2 4 1.993e+02 2.207e+02 199 2 3 2.987e+02 3.313e+02 303 2 4 4.117e+02 4.283e+02 155 2 4 3.732e+02 3.828e+02 89 2 2 4.878e+02 5.202e+02 300 2 2 7.670e+01 9.130e+01 136 2 1 5.126e+02 5.374e+02 230 2 4 1.924e+02 2.276e+02 326 2 4 3.195e+02 3.525e+02 306 2 3 3.824e+02 4.156e+02 309 2 3 1.682e+02 2.098e+02 386 2 4 4.863e+02 5.217e+02 328 2 3 3.364e+02 3.776e+02 382 3 2 8.258e+01 8.542e+01 26 3 2 5.007e+02 5.073e+02 60 3 2 5.874e+02 5.886e+02 11 3 2 1.057e+02 1.463e+02 377 3 4 4.958e+02 5.122e+02 152 3 2 3.852e+01 4.548e+01 65 3 4 5.871e+02 5.889e+02 17 3 3 4.701e+02 4.959e+02 240 3 3 5.768e+01 6.832e+01 99 3 1 5.075e+02 5.425e+02 325 3 4 3.605e+01 4.795e+01 110
36574 8 0 3 4.385e+02 4.435e+02 46 0 2 4.617e+02 4.623e+02 6 0 2 4.477e+02 4.763e+02 266 0 4 4.039e+02 4.361e+02 299 2 4 2.940e+02 2.940e+02 -22 2 1 6.323e+02 6.697e+02 347 2 1 1.632e+00 4.037e+01 360 2 2 6.555e+02 6.885e+02 307
36575 18 0 2 6.289e+02 6.311e+02 20 0 4 6.715e+02 6.725e+02 9 0 4 1.607e+02 1.753e+02 136 0 4 6.260e+02 6.340e+02 74 0 1 6.486e+02 6.534e+02 45 0 4 4.457e+02 4.783e+02 302 0 3 6.035e+02 6.145e+02 103 0 3 6.472e+02 6.548e+02 70 0 4 4.880e+02 5.200e+02 298 0 2 6.133e+02 6.467e+02 310 0 2 6.695e+02 6.745e+02 46 0 4 6.108e+02 6.492e+02 356 0 3 6.348e+02 6.672e+02 301 1 3 5.240e+02 5.260e+02 19 2 3 1.774e+01 2.426e+01 60 2 4 7.679e+01 9.121e+01 134 2 4 2.631e+01 5.769e+01 291 2 2 1.063e+02 1.457e+02 366
36576 27 0 2 6.240e+02 6.360e+02 110 0 4 3.995e+01 4.405e+01 38 0 1 6.434e+02 6.586e+02 141 0 3 2.686e+02 2.774e+02 82 0 4 6.288e+02 6.312e+02 22 0 3 6.403e+02 6.617e+02 198 0 4 1.931e+02 2.269e+02 314 0 4 5.834e+02 5.926e+02 86 0 3 2.618e+02 2.842e+02 208 0 2 6.614e+02 6.826e+02 197 0 1 5.972e+02 6.208e+02 219 0 4 6.644e+02 6.796e+02 140 0 4 5.720e+02 6.040e+02 296 0 1 6.306e+02 6.714e+02 378 0 3 5.917e+02 6.263e+02 320 0 2 6.493e+02 6.947e+02 422 0 4 6.502e+02 6.938e+02 406 1 2 6.111e+02 6.489e+02 350 1 4 6.154e+02 6.446e+02 271 2 4 3.297e+02 3.423e+02 116 2 2 1.250e+02 1.270e+02 19 2 4 2.435e+02 2.605e+02 158 2 4 1.203e+02 1.317e+02 106 2 4 2.671e+01 5.729e+01 284 2 3 9.007e+01 1.199e+02 277 2 3 4.022e+01 8.578e+01 423 2 2 6.809e+01 9.991e+01 296
36578 0
36579 22 0 4 6.285e+02 6.315e+02 27 0 4 5.823e+02 5.937e+02 106 0 4 6.672e+02 6.768e+02 90 0 3 5.579e+02 5.761e+02 169 0 1 5.966e+02 6.214e+02 230 0 1 6.429e+02 6.591e+02 150 0 2 6.122e+02 6.478e+02 331 0 3 6.419e+02 6.601e+02 169 0 3 5.915e+02 6.265e+02 325 0 2 6.603e+02 6.837e+02 216 1 4 6.251e+02 6.349e+02 91 1 4 5.840e+02 5.920e+02 74 1 2 6.146e+02 6.454e+02 286 1 3 5.062e+02 5.438e+02 350 1 4 5.689e+02 6.071e+02 355 1 3 5.495e+02 5.845e+02 326 2 1 1.417e+02 1.523e+02 98 2 3 2.668e+02 2.792e+02 116 2 4 1.132e+02 1.388e+02 238 2 3 1.433e+02 1.507e+02 69 2 4 2.766e+02 3.114e+02 323 2 2 1.494e+02 1.866e+02 346
36580 4 0 3 5.662e+02 5.678e+02 16 0 2 5.329e+02 5.591e+02 244 0 1 5.518e+02 5.822e+02 282 0 3 5.536e+02 5.804e+02 250
36582 1 3 1 3.547e+02 3.593e+02 43
36583 5 2 3 6.496e+02 6.524e+02 26 2 4 5.731e+02 6.029e+02 277 2 3 6.381e+02 6.639e+02 240 2 3 5.943e+02 6.237e+02 272 2 3 6.310e+02 6.710e+02 371
36587 3 0 1 5.662e+02 5.678e+02 16 0 1 6.347e+02 6.673e+02 303 2 4 1.550e+01 6.850e+01 492
36588 5 0 3 2.290e+02 2.330e+02 37 0 3 5.584e+02 5.756e+02 159 2 4 1.680e+02 1.680e+02 -17 2 2 2.074e+02 2.126e+02 48 2 3 1.879e+02 1.901e+02 20
36590 4 2 4 3.646e+02 3.914e+02 250 2 4 4.367e+02 4.873e+02 470 2 1 3.302e+02 3.838e+02 498 3 3 4.709e+02 4.951e+02 224
36591 25 0 4 5.837e+02 5.923e+02 80 0 3 5.926e+02 6.254e+02 305 0 4 2.743e+01 5.657e+01 270 0 1 5.933e+02 6.247e+02 291 2 1 1.895e+01 2.305e+01 38 2 3 4.410e+02 4.410e+02 -4 2 3 4.825e+02 4.835e+02 10 2 4 5.853e+02 5.907e+02 50 2 1 5.943e+01 6.657e+01 66 2 3 3.935e+02 4.045e+02 102 2 2 2.836e+02 3.044e+02 193 2 3 5.211e+02 5.289e+02 72 2 4 3.180e+02 3.540e+02 334 2 3 3.800e+02 4.180e+02 352 2 3 1.258e+01 2.942e+01 156 2 4 4.910e+02 5.170e+02 242 2 1 3.052e+02 3.248e+02 182 2 2 4.866e+02 5.214e+02 323 2 3 3.402e+02 3.738e+02 311 2 2 3.462e+01 4.938e+01 137 2 2 1.086e+02 1.434e+02 323 2 3 2.587e+02 2.873e+02 266 2 4 3.598e+02 3.962e+02 337 2 4 3.511e+01 4.889e+01 128 2 4 2.782e+02 3.098e+02 293
36594 4 0 1 3.142e+02 3.158e+02 16 2 2 2.885e+02 2.995e+02 103 2 4 2.861e+02 3.019e+02 147 2 3 2.602e+02 2.858e+02 237
36595 4 0 1 4.814e+02 4.846e+02 29 0 4 4.551e+02 4.689e+02 129 0 2 4.910e+02 5.170e+02 241 1 1 2.984e+02 3.316e+02 309
36596 0
36598 4 2 2 3.883e+01 4.517e+01 59 2 1 1.824e+01 2.376e+01 51 2 3 1.783e+01 2.417e+01 59 2 2 2.694e+01 5.706e+01 280
36601 17 0 3 4.825e+02 4.835e+02 9 0 3 1.608e+01 2.592e+01 91 0 4 5.863e+02 5.897e+02 32 0 1 5.135e+02 5.365e+02 214 0 1 5.064e+02 5.436e+02 345 2 3 1.725e+01 2.475e+01 70 2 3 2.289e+02 2.331e+02 39 2 3 2.710e+02 2.750e+02 37 2 3 3.554e+02 3.586e+02 30 2 2 4.161e+01 4.239e+01 7 2 4 2.503e+02 2.537e+02 32 2 2 2.911e+02 2.969e+02 55 2 4 3.283e+02 3.437e+02 142 2 4 1.981e+02 2.219e+02 221 2 1 3.118e+02 3.182e+02 60 2 1 3.450e+02 3.690e+02 222 2 2 3.628e+02 3.932e+02 283
36602 3 0 4 5.793e+02 5.967e+02 162 2 4 1.669e+02 1.691e+02 20 2 3 1.755e+02 2.025e+02 250
36604 23 0 3 1.012e+02 1.088e+02 70 0 1 5.627e+02 5.713e+02 80 0 4 2.915e+02 2.965e+02 46 0 3 6.045e+02 6.135e+02 83 0 4 7.522e+01 9.278e+01 163 0 2 6.679e+02 6.761e+02 76 0 1 9.573e+01 1.143e+02 172 0 3 5.593e+02 5.747e+02 144 0 1 6.027e+02 6.153e+02 116 0 2 6.988e+01 9.812e+01 262 0 4 6.686e+02 6.754e+02 63 0 4 6.356e+01 1.044e+02 380 0 2 6.179e+02 6.421e+02 224 0 1 6.468e+02 6.552e+02 79 0 4 5.731e+02 6.029e+02 276 0 3 6.401e+02 6.619e+02 202 0 4 6.104e+02 6.496e+02 364 0 2 6.502e+02 6.938e+02 405 0 3 6.300e+02 6.720e+02 390 2 1 1.482e+01 2.718e+01 115 2 3 1.631e+01 2.569e+01 87 2 4 4.135e+02 4.265e+02 121 2 3 1.657e+02 2.123e+02 432
36605 3 0 4 4.127e+02 4.273e+02 136 0 4 4.944e+02 5.136e+02 179 0 3 4.301e+02 4.519e+02 203
36611 3 0 4 6.670e+02 6.770e+02 93 1 3 1.337e+02 1.603e+02 246 3 1 2.555e+02 2.905e+02 325
