4741 0
4743 11 0 1 5.190e+02 5.310e+02 112 0 4 2.035e+02 2.165e+02 121 0 2 1.998e+02 2.202e+02 190 0 3 5.148e+02 5.352e+02 189 0 2 5.339e+02 5.581e+02 226 0 1 2.183e+02 2.437e+02 236 1 1 1.772e+02 2.008e+02 220 2 2 1.254e+02 1.266e+02 10 2 3 1.016e+02 1.084e+02 63 2 3 6.031e+00 3.597e+01 278 2 4 6.984e+01 9.816e+01 263
4744 8 0 4 2.085e+02 2.115e+02 28 0 4 6.562e+02 6.878e+02 294 2 4 4.601e+02 4.639e+02 35 2 1 1.061e+01 3.139e+01 193 2 4 4.998e+02 5.082e+02 77 2 3 6.748e+00 3.525e+01 265 2 4 4.065e+02 4.335e+02 250 2 4 4.878e+02 5.202e+02 301
4745 0
4746 13 0 4 6.276e+02 6.324e+02 44 0 1 6.496e+02 6.524e+02 26 0 3 6.503e+02 6.517e+02 13 0 3 5.949e+02 6.231e+02 262 0 4 6.560e+02 6.880e+02 297 0 2 6.132e+02 6.468e+02 311 0 3 6.324e+02 6.696e+02 346 1 1 5.666e+02 5.674e+02 7 1 2 5.864e+02 5.896e+02 29 1 3 6.078e+02 6.102e+02 23 1 2 5.426e+02 5.494e+02 64 1 4 6.198e+02 6.402e+02 190 1 1 5.568e+02 5.772e+02 189
4748 19 2 4 8.375e+01 8.425e+01 5 2 2 3.765e+02 3.795e+02 27 2 2 5.040e+02 5.040e+02 -20 2 2 8.182e+01 8.618e+01 40 2 1 5.216e+02 5.284e+02 63 2 2 2.097e+02 2.103e+02 5 2 3 5.988e+02 6.192e+02 189 2 3 9.160e+01 1.184e+02 249 2 3 4.775e+02 4.885e+02 101 2 3 1.770e+02 2.010e+02 222 2 1 3.831e+02 4.149e+02 295 2 4 2.025e+02 2.175e+02 140 2 3 4.694e+02 4.966e+02 252 2 3 3.391e+02 3.749e+02 332 2 4 4.901e+02 5.179e+02 258 2 3 4.812e+01 7.788e+01 276 2 2 6.840e+01 9.960e+01 290 2 4 1.940e+02 2.260e+02 298 2 1 2.191e+02 2.429e+02 221
4749 14 0 2 6.290e+02 6.310e+02 19 0 3 6.488e+02 6.532e+02 41 0 2 6.168e+02 6.432e+02 245 2 3 1.967e+01 2.233e+01 25 2 3 2.283e+02 2.337e+02 50 2 3 3.133e+02 3.167e+02 31 2 1 5.992e+01 6.608e+01 57 2 2 2.073e+02 2.127e+02 50 2 1 3.061e+02 3.239e+02 166 2 2 3.243e+02 3.477e+02 217 2 2 3.551e+01 4.849e+01 120 2 4 1.944e+02 2.256e+02 290 2 1 4.594e+00 3.741e+01 305 2 1 4.664e+01 7.936e+01 304
4750 0
4751 25 0 1 5.643e+02 5.697e+02 50 0 1 6.459e+02 6.561e+02 95 0 1 5.250e+02 5.250e+02 -14 0 4 5.799e+02 5.961e+02 151 0 2 6.652e+02 6.788e+02 127 0 3 5.238e+02 5.262e+02 23 0 3 6.351e+02 6.669e+02 296 0 2 5.424e+02 5.496e+02 67 0 4 3.953e+02 4.447e+02 458 0 3 5.595e+02 5.745e+02 139 0 2 5.313e+02 5.607e+02 273 0 1 5.512e+02 5.828e+02 294 2 4 4.200e+01 4.200e+01 -14 2 2 8.400e+01 8.400e+01 -24 2 1 1.455e+02 1.485e+02 27 2 1 6.293e+01 6.307e+01 1 2 4 8.299e+01 8.501e+01 19 2 3 1.375e+02 1.565e+02 176 2 2 3.699e+01 4.701e+01 93 2 4 1.222e+02 1.298e+02 70 2 1 5.490e+01 7.110e+01 150 2 2 1.141e+02 1.379e+02 221 2 2 3.031e+01 5.369e+01 217 2 4 6.697e+01 1.010e+02 316 2 3 5.113e+01 7.487e+01 220
4756 9 1 3 4.678e-01 4.153e+01 381 2 2 4.593e+02 4.647e+02 50 2 4 4.578e+02 4.662e+02 77 2 1 4.255e+02 4.565e+02 287 2 3 4.243e+02 4.577e+02 310 3 1 3.937e+02 4.043e+02 99 3 2 1.583e+02 1.777e+02 180 3 1 3.441e+02 3.699e+02 239 3 2 3.614e+02 3.946e+02 309
4757 0
4759 17 0 1 2.706e+02 2.754e+02 44 0 2 2.833e+02 3.047e+02 198 0 4 2.849e+02 3.031e+02 170 0 3 2.545e+02 2.915e+02 343 2 3 1.048e+02 1.052e+02 5 2 1 2.730e+02 2.730e+02 -1 2 4 8.272e+01 8.528e+01 24 2 3 1.889e+02 1.891e+02 2 2 4 2.463e+02 2.577e+02 106 2 2 3.197e+01 5.203e+01 186 2 2 1.173e+02 1.347e+02 162 2 1 1.470e+02 1.470e+02 -2 2 2 2.384e+02 2.656e+02 253 2 3 2.621e+02 2.839e+02 203 2 1 1.718e+02 2.062e+02 319 2 2 1.511e+02 1.849e+02 314 2 4 1.493e+02 1.867e+02 348
4763 4 1 2 6.213e+02 6.387e+02 161 1 4 6.123e+02 6.477e+02 328 1 4 4.864e+02 5.216e+02 326 1 2 5.269e+02 5.651e+02 354
4764 9 0 3 2.174e+02 2.446e+02 252 2 4 2.488e+02 2.552e+02 60 2 3 3.134e+02 3.166e+02 30 2 2 3.268e+01 5.132e+01 173 2 1 2.717e+02 2.743e+02 25 2 4 3.120e+01 5.280e+01 200 2 2 2.377e+02 2.663e+02 265 2 3 2.620e+02 2.840e+02 204 2 1 1.173e+01 3.027e+01 172
4765 0
4766 0
4767 4 0 1 4.823e+02 4.837e+02 12 0 3 4.781e+02 4.879e+02 90 0 2 4.539e+02 4.701e+02 150 0 4 4.863e+02 5.217e+02 329
4768 0
4769 57 0 4 2.513e+02 2.527e+02 13 0 1 6.477e+02 6.543e+02 62 0 4 2.933e+02 2.947e+02 12 0 2 5.032e+02 5.048e+02 15 0 4 3.766e+02 3.794e+02 26 0 1 6.040e+02 6.140e+02 93 0 1 2.286e+02 2.334e+02 45 0 3 6.483e+02 6.537e+02 50 0 2 2.881e+02 2.999e+02 110 0 4 4.999e+02 5.081e+02 76 0 2 3.747e+02 3.813e+02 61 0 3 6.076e+02 6.104e+02 26 0 3 2.159e+02 2.461e+02 280 0 2 6.717e+02 6.723e+02 6 0 1 2.616e+02 2.844e+02 211 0 1 4.650e+02 5.010e+02 334 0 2 2.415e+02 2.625e+02 196 0 3 5.550e+02 5.790e+02 223 0 3 2.562e+02 2.898e+02 312 0 4 6.638e+02 6.802e+02 152 0 1 3.363e+02 3.777e+02 384 0 3 5.063e+02 5.437e+02 348 0 3 6.389e+02 6.631e+02 224 0 4 6.535e+02 6.905e+02 343 1 4 6.300e+02 6.300e+02 -0 1 4 4.593e+02 4.647e+02 50 1 2 5.874e+02 5.886e+02 11 1 1 6.069e+02 6.111e+02 40 1 3 5.171e+02 5.329e+02 146 1 4 5.863e+02 5.897e+02 32 1 3 6.075e+02 6.105e+02 27 1 1 5.646e+02 5.694e+02 44 1 2 6.269e+02 6.331e+02 58 1 3 5.652e+02 5.688e+02 34 2 4 2.513e+02 2.527e+02 12 2 1 2.638e+02 2.822e+02 171 2 3 5.929e+01 6.671e+01 69 2 4 4.993e+02 5.087e+02 88 2 4 7.971e+01 8.829e+01 80 2 3 5.178e+02 5.322e+02 133 2 3 1.860e+02 1.920e+02 56 2 2 2.408e+02 2.632e+02 207 2 4 4.915e+02 5.165e+02 232 2 3 2.619e+02 2.841e+02 206 2 4 5.296e+02 5.624e+02 305 2 1 1.622e+01 2.578e+01 89 2 3 8.954e+01 1.205e+02 287 2 4 5.678e+02 6.082e+02 375 2 4 1.607e+02 1.753e+02 135 2 3 2.538e+02 2.922e+02 357 2 3 1.465e+01 2.735e+01 118 2 1 1.704e+02 2.076e+02 346 2 4 2.977e+01 5.423e+01 227 2 3 8.228e+00 3.377e+01 237 3 3 1.559e+01 2.641e+01 100 3 2 3.013e+01 5.387e+01 220 3 1 4.731e+01 7.869e+01 291
4771 1 0 4 4.594e+02 4.646e+02 48
4772 0
4773 21 0 2 6.297e+02 6.303e+02 6 0 4 6.297e+02 6.303e+02 5 0 1 5.904e+02 6.276e+02 346 0 3 5.903e+02 6.277e+02 348 2 4 1.659e+02 1.701e+02 39 2 3 2.302e+02 2.318e+02 15 2 4 7.715e+01 9.085e+01 127 2 2 1.632e+02 1.728e+02 90 2 4 4.520e+02 4.720e+02 186 2 2 2.499e+02 2.541e+02 40 2 4 5.763e+02 5.997e+02 218 2 1 1.830e+02 1.950e+02 111 2 1 5.973e+02 6.207e+02 217 2 4 2.036e+02 2.164e+02 120 2 3 5.904e+02 6.276e+02 346 2 1 2.580e+02 2.880e+02 279 2 2 1.116e+02 1.404e+02 268 2 2 5.709e+02 6.051e+02 317 2 3 1.763e+02 2.017e+02 236 2 1 1.750e+02 2.030e+02 260 3 1 1.037e+02 1.063e+02 24
4774 0
4775 26 0 3 6.503e+02 6.517e+02 14 0 2 6.193e+02 6.407e+02 199 0 1 6.433e+02 6.587e+02 142 0 3 4.641e+02 5.019e+02 350 0 4 6.165e+02 6.435e+02 251 0 4 6.531e+02 6.909e+02 351 0 2 4.442e+02 4.798e+02 330 1 4 5.728e+02 6.032e+02 283 2 4 1.611e+02 1.749e+02 129 2 2 2.086e+02 2.114e+02 26 2 1 1.841e+02 1.939e+02 90 2 3 2.265e+02 2.355e+02 83 2 4 6.531e+02 6.909e+02 351 2 3 2.648e+02 2.812e+02 152 2 4 6.423e+01 1.038e+02 367 2 3 1.833e+02 1.947e+02 106 2 4 2.434e+02 2.606e+02 159 2 3 8.294e+01 1.271e+02 410 2 3 1.748e+02 2.032e+02 264 2 2 2.338e+02 2.702e+02 337 2 2 1.012e+02 1.508e+02 460 2 1 1.705e+02 2.075e+02 343 2 4 2.359e+02 2.681e+02 300 2 2 5.727e+01 1.107e+02 496 2 2 1.917e+02 2.283e+02 340 2 4 1.956e+02 2.244e+02 268
4776 5 0 2 6.557e+02 6.883e+02 303 0 1 3.458e+02 3.682e+02 207 0 2 5.239e+02 5.681e+02 410 0 4 6.466e+02 6.974e+02 472 2 4 1.900e+02 2.300e+02 371
4777 1 2 3 4.146e+00 3.785e+01 313
4778 5 0 4 6.624e+02 6.816e+02 178 1 4 8.025e+01 8.775e+01 70 2 2 2.869e+01 5.531e+01 247 2 4 3.322e+01 5.078e+01 163 2 3 4.866e+01 7.734e+01 266
4780 19 0 1 2.292e+02 2.328e+02 34 0 2 6.279e+02 6.321e+02 40 0 2 6.701e+02 6.739e+02 36 0 2 2.412e+02 2.628e+02 200 0 4 6.236e+02 6.364e+02 119 0 4 2.412e+02 2.628e+02 200 0 4 6.706e+02 6.734e+02 26 0 3 2.544e+02 2.916e+02 346 0 1 5.873e+02 6.307e+02 402 0 1 6.407e+02 6.613e+02 191 0 3 5.872e+02 6.308e+02 406 0 3 6.385e+02 6.635e+02 233 2 2 6.277e+02 6.323e+02 42 2 4 5.013e+02 5.067e+02 50 2 3 5.186e+02 5.314e+02 120 2 4 6.271e+02 6.329e+02 55 2 3 6.451e+02 6.569e+02 110 2 4 5.797e+02 5.963e+02 154 2 1 5.950e+02 6.230e+02 260
4781 7 0 1 5.649e+02 5.691e+02 39 0 1 4.753e+02 4.907e+02 143 0 1 5.219e+02 5.281e+02 58 0 4 5.806e+02 5.954e+02 137 0 2 5.370e+02 5.550e+02 167 0 3 5.148e+02 5.352e+02 190 1 4 6.300e+02 6.300e+02 -20
4782 0
4783 4 0 2 6.667e+02 6.773e+02 99 0 4 6.683e+02 6.757e+02 69 0 1 6.377e+02 6.643e+02 247 0 3 6.411e+02 6.609e+02 185
4784 11 0 3 5.623e+02 5.717e+02 87 0 1 5.571e+02 5.769e+02 184 0 4 4.357e+02 4.883e+02 488 1 4 5.446e+02 5.474e+02 26 1 3 5.144e+02 5.356e+02 196 1 2 5.310e+02 5.610e+02 278 2 2 4.063e+01 4.337e+01 26 2 4 3.937e+01 4.463e+01 49 2 1 5.714e+01 6.886e+01 109 2 1 4.543e+01 8.057e+01 326 2 3 2.083e+00 3.992e+01 351
