30136 0
30141 3 0 3 5.027e+02 5.473e+02 415 0 2 6.519e+02 6.921e+02 373 0 4 6.483e+02 6.957e+02 440
30142 6 0 1 1.050e+02 1.050e+02 -23 0 1 6.217e+01 6.383e+01 16 0 4 6.300e+02 6.300e+02 -18 1 2 6.300e+02 6.300e+02 -9 2 4 8.400e+01 8.400e+01 -18 3 2 7.944e+01 8.856e+01 85
30143 0
30145 1 2 2 2.394e+02 2.646e+02 235
30146 6 0 4 5.785e+02 5.975e+02 177 0 4 6.564e+02 6.876e+02 290 0 3 5.947e+02 6.233e+02 266 2 4 2.935e+02 2.945e+02 10 3 4 6.610e+02 6.830e+02 205 3 2 6.588e+02 6.852e+02 246
30147 0
30148 18 0 3 6.026e+02 6.154e+02 120 0 1 5.991e+02 6.189e+02 183 0 2 6.612e+02 6.828e+02 201 0 4 6.127e+02 6.473e+02 322 0 4 6.591e+02 6.849e+02 240 0 1 5.932e+02 6.248e+02 294 0 1 6.281e+02 6.739e+02 425 0 4 6.067e+02 6.533e+02 432 0 4 5.634e+02 6.126e+02 457 2 1 1.904e+01 2.296e+01 36 2 4 7.720e+01 9.080e+01 126 2 2 1.622e+02 1.738e+02 107 2 3 1.128e+01 3.072e+01 180 2 2 7.128e+01 9.672e+01 236 2 3 1.766e+02 2.014e+02 230 2 1 2.440e+00 3.956e+01 345 2 3 8.303e+01 1.270e+02 408 2 4 1.483e+02 1.877e+02 366
30150 3 0 4 6.658e+02 6.782e+02 116 2 4 6.251e+02 6.349e+02 90 2 2 7.401e+01 9.399e+01 186
30151 2 0 2 6.141e+02 6.459e+02 295 0 4 6.573e+02 6.867e+02 272
30152 13 0 2 3.351e+02 3.369e+02 16 0 1 6.510e+02 6.510e+02 -13 1 1 4.813e+02 4.847e+02 32 1 3 4.735e+02 4.925e+02 176 1 2 4.902e+02 5.178e+02 256 2 4 4.598e+02 4.642e+02 41 2 3 6.060e+02 6.120e+02 56 2 1 5.997e+02 6.183e+02 173 2 3 6.163e+01 6.437e+01 26 2 1 3.824e+02 4.156e+02 308 2 4 1.128e+02 1.392e+02 245 2 4 6.187e+02 6.413e+02 210 2 2 5.697e+02 6.063e+02 340
30154 0
30155 49 0 3 6.090e+02 6.090e+02 -23 0 2 6.718e+02 6.722e+02 3 0 1 5.619e+02 5.721e+02 95 0 4 6.709e+02 6.731e+02 20 0 3 5.972e+02 6.208e+02 220 0 1 6.483e+02 6.537e+02 50 0 2 6.119e+02 6.481e+02 336 0 3 6.495e+02 6.525e+02 27 0 3 6.404e+02 6.616e+02 196 0 1 6.317e+02 6.703e+02 358 0 3 6.324e+02 6.696e+02 345 1 2 6.282e+02 6.318e+02 33 1 4 6.274e+02 6.326e+02 48 1 3 5.923e+02 6.257e+02 310 1 2 1.473e+02 1.887e+02 385 1 1 5.086e+02 5.414e+02 304 1 2 6.158e+02 6.442e+02 263 1 4 6.170e+02 6.430e+02 241 2 2 1.680e+02 1.680e+02 -24 2 4 5.460e+02 5.460e+02 -24 2 2 3.773e+02 3.787e+02 14 2 3 3.990e+02 3.990e+02 -24 2 3 1.949e+01 2.251e+01 28 2 4 4.614e+02 4.626e+02 10 2 2 1.260e+02 1.260e+02 -4 2 1 3.912e+02 4.068e+02 145 2 3 1.859e+02 1.921e+02 58 2 1 4.797e+02 4.863e+02 61 2 4 3.773e+02 3.787e+02 14 2 2 5.777e+02 5.983e+02 191 2 3 5.678e+01 6.922e+01 116 2 3 4.255e+02 4.565e+02 288 2 4 7.984e+01 8.816e+01 77 2 3 4.802e+02 4.858e+02 52 2 1 1.470e+02 1.470e+02 -10 2 3 5.988e+02 6.192e+02 189 2 4 3.360e+02 3.360e+02 -14 2 2 4.564e+02 4.676e+02 104 2 3 9.775e+01 1.123e+02 135 2 4 4.508e+02 4.732e+02 209 2 1 1.844e+02 1.936e+02 86 2 1 4.709e+02 4.951e+02 224 2 3 3.559e+02 3.581e+02 20 2 2 4.900e+02 5.180e+02 260 2 4 1.148e+02 1.372e+02 209 2 4 1.508e+02 1.852e+02 320 2 4 3.719e+02 3.841e+02 114 2 2 1.124e+02 1.396e+02 252 2 2 6.724e+01 1.008e+02 311
30156 9 2 2 1.588e+02 1.772e+02 171 2 1 1.752e+02 2.028e+02 257 2 3 1.801e+02 1.979e+02 166 2 4 1.535e+02 1.825e+02 270 3 2 3.247e+02 3.473e+02 210 3 3 3.520e+02 3.620e+02 93 3 4 3.178e+02 3.542e+02 337 3 1 3.450e+02 3.690e+02 223 3 3 4.212e+02 4.608e+02 368
30157 18 1 3 5.650e+02 5.690e+02 36 2 2 1.661e+02 1.699e+02 35 2 4 6.256e+02 6.344e+02 82 2 4 2.473e+02 2.567e+02 86 2 1 4.396e+02 4.424e+02 26 2 3 2.713e+02 2.747e+02 32 2 3 4.364e+02 4.456e+02 86 2 1 1.527e+01 2.673e+01 106 2 2 2.416e+02 2.624e+02 193 2 4 4.132e+02 4.268e+02 126 2 2 2.860e+02 3.020e+02 149 2 1 4.282e+02 4.538e+02 238 2 4 3.663e+02 3.897e+02 216 2 3 5.492e+00 3.651e+01 288 2 3 1.339e+02 1.601e+02 244 2 3 2.159e+02 2.461e+02 280 2 1 2.556e+02 2.904e+02 323 2 3 1.707e+02 2.073e+02 340
30158 5 0 3 6.510e+02 6.510e+02 -20 0 2 6.154e+02 6.446e+02 271 0 2 6.714e+02 6.726e+02 10 0 4 6.687e+02 6.753e+02 61 0 1 6.484e+02 6.536e+02 48
30159 5 2 4 4.600e+02 4.640e+02 38 2 2 8.146e+01 8.654e+01 47 2 3 4.751e+02 4.909e+02 147 2 1 2.981e+02 3.319e+02 314 2 4 1.915e+02 2.285e+02 343
30162 6 0 4 5.743e+02 6.017e+02 255 0 1 5.446e+02 5.894e+02 416 2 2 2.981e+01 5.419e+01 226 2 4 7.150e+01 9.650e+01 232 2 1 4.969e+01 7.631e+01 247 2 3 1.858e+00 4.014e+01 356
30164 39 0 4 3.348e+02 3.372e+02 21 0 2 6.266e+02 6.334e+02 63 0 4 3.266e+02 3.454e+02 174 0 4 6.701e+02 6.739e+02 36 0 1 3.499e+02 3.641e+02 132 0 4 6.228e+02 6.372e+02 133 0 1 6.483e+02 6.537e+02 50 0 2 3.258e+02 3.462e+02 189 0 3 6.030e+02 6.150e+02 112 0 3 6.467e+02 6.553e+02 80 0 4 5.726e+02 6.034e+02 286 0 2 6.686e+02 6.754e+02 63 0 1 5.942e+02 6.238e+02 275 0 1 6.355e+02 6.665e+02 288 0 3 6.360e+02 6.660e+02 278 0 2 6.554e+02 6.886e+02 308 0 4 6.573e+02 6.867e+02 273 1 2 2.514e+02 2.526e+02 10 1 2 4.142e+02 4.258e+02 107 1 4 5.862e+02 5.898e+02 33 1 1 2.676e+02 2.784e+02 100 1 3 6.052e+02 6.128e+02 70 1 2 2.892e+02 2.988e+02 89 1 4 5.807e+02 5.953e+02 136 1 3 2.712e+02 2.748e+02 34 1 4 2.903e+02 2.977e+02 68 1 3 2.595e+02 2.865e+02 250 1 4 2.821e+02 3.059e+02 220 1 2 2.340e+02 2.700e+02 334 2 4 6.263e+02 6.337e+02 68 2 1 1.657e+01 2.543e+01 82 2 4 1.252e+02 1.268e+02 16 2 3 1.440e+02 1.500e+02 56 2 3 5.939e+02 6.241e+02 280 2 4 2.082e+02 2.118e+02 33 2 3 1.604e+01 2.596e+01 92 2 1 1.353e+02 1.587e+02 217 2 2 1.515e+02 1.845e+02 307 2 4 1.567e+02 1.793e+02 210
30168 0
30171 15 0 2 2.911e+02 2.969e+02 55 0 4 3.247e+02 3.473e+02 210 0 3 2.593e+02 2.867e+02 255 0 2 5.285e+02 5.635e+02 325 0 4 3.175e+02 3.545e+02 343 0 4 3.993e+02 4.407e+02 385 1 1 4.265e+02 4.555e+02 269 1 3 5.479e+02 5.861e+02 354 2 2 1.680e+02 1.680e+02 -13 2 1 3.524e+02 3.616e+02 86 2 3 1.361e+02 1.579e+02 202 2 4 3.313e+02 3.407e+02 87 2 1 1.766e+02 2.014e+02 230 2 3 3.463e+02 3.677e+02 200 2 2 3.223e+02 3.497e+02 255
30173 2 0 4 3.330e+02 3.390e+02 56 1 4 6.124e+02 6.476e+02 326
30176 3 2 4 5.361e+02 5.559e+02 184 2 1 6.004e+02 6.176e+02 160 2 3 5.068e+02 5.432e+02 337
30179 8 0 1 6.485e+02 6.535e+02 47 0 3 5.235e+02 5.265e+02 28 0 3 6.455e+02 6.565e+02 101 0 4 4.079e+02 4.321e+02 224 0 2 6.554e+02 6.886e+02 309 0 3 3.816e+02 4.164e+02 323 1 2 6.151e+02 6.449e+02 277 1 4 6.183e+02 6.417e+02 218
30180 0
30184 0
30187 6 0 4 6.666e+02 6.774e+02 100 0 2 6.651e+02 6.789e+02 128 0 1 6.389e+02 6.631e+02 226 0 3 6.362e+02 6.658e+02 275 2 4 6.678e+02 6.762e+02 78 2 2 6.542e+02 6.898e+02 331
30189 43 0 1 2.605e+02 2.855e+02 233 0 4 4.579e+02 4.661e+02 76 0 4 2.777e+02 3.103e+02 303 0 1 5.219e+02 5.281e+02 58 0 1 2.976e+02 3.324e+02 323 0 2 6.282e+02 6.318e+02 34 0 1 6.473e+02 6.547e+02 68 0 4 4.134e+02 4.266e+02 123 0 3 4.758e+02 4.902e+02 134 0 2 5.433e+02 5.487e+02 50 0 4 6.291e+02 6.309e+02 17 0 3 6.496e+02 6.524e+02 26 0 3 4.281e+02 4.539e+02 239 0 4 4.969e+02 5.111e+02 132 0 1 5.112e+02 5.388e+02 256 0 4 5.867e+02 5.893e+02 24 0 4 4.072e+02 4.328e+02 238 0 1 4.702e+02 4.958e+02 238 0 3 5.087e+02 5.413e+02 302 0 3 5.934e+02 6.246e+02 289 0 1 4.284e+02 4.536e+02 235 0 4 4.446e+02 4.794e+02 324 0 3 5.492e+02 5.848e+02 331 1 2 4.956e+02 5.124e+02 156 1 4 5.437e+02 5.483e+02 43 1 3 6.080e+02 6.100e+02 19 1 1 5.133e+02 5.367e+02 218 1 1 5.598e+02 5.742e+02 134 1 3 4.639e+02 5.021e+02 354 1 2 5.821e+02 5.939e+02 109 1 4 5.273e+02 5.647e+02 348 1 1 5.483e+02 5.857e+02 348 2 3 2.100e+01 2.100e+01 -24 2 4 1.170e+02 1.350e+02 167 2 1 1.863e+02 1.917e+02 50 2 4 2.403e+02 2.637e+02 217 2 2 3.417e+01 4.983e+01 146 2 3 9.573e+01 1.143e+02 172 2 1 1.425e+02 1.515e+02 84 2 2 1.117e+02 1.403e+02 265 2 4 1.521e+02 1.839e+02 295 2 3 8.559e+01 1.244e+02 360 2 3 1.333e+02 1.607e+02 254
30190 5 0 1 5.486e+02 5.854e+02 341 0 2 3.623e+02 3.937e+02 291 0 2 6.529e+02 6.911e+02 356 2 4 7.926e+01 8.874e+01 88 2 3 8.720e+01 1.228e+02 330
30192 25 0 2 6.270e+02 6.330e+02 56 0 1 6.461e+02 6.559e+02 91 0 4 6.250e+02 6.350e+02 92 0 3 6.480e+02 6.540e+02 56 0 2 6.168e+02 6.432e+02 245 0 2 6.627e+02 6.813e+02 173 0 4 6.191e+02 6.409e+02 203 0 4 6.646e+02 6.794e+02 137 0 4 6.120e+02 6.480e+02 334 0 1 5.872e+02 6.308e+02 406 1 2 6.283e+02 6.317e+02 31 1 2 2.070e+02 2.130e+02 56 1 2 2.449e+02 2.591e+02 131 2 3 5.979e+01 6.621e+01 60 2 4 1.256e+02 1.264e+02 7 2 1 4.705e+02 4.955e+02 232 2 1 1.433e+02 1.507e+02 69 2 3 1.868e+01 2.332e+01 43 2 3 1.364e+02 1.576e+02 197 2 4 3.592e+01 4.808e+01 113 2 2 1.080e+02 1.440e+02 335 2 1 5.360e+01 7.240e+01 175 2 2 6.656e+01 1.014e+02 324 3 2 3.750e+02 3.810e+02 56 3 2 3.667e+02 3.893e+02 210
30193 8 0 1 5.632e+02 5.708e+02 70 0 3 5.647e+02 5.693e+02 43 0 4 5.703e+02 6.057e+02 329 2 2 3.328e+02 3.392e+02 59 2 4 8.348e+01 8.452e+01 10 2 2 2.087e+02 2.113e+02 25 2 4 2.054e+02 2.146e+02 86 2 4 6.912e+01 9.888e+01 276
30195 0
30196 20 2 1 4.830e+02 4.830e+02 -0 2 3 4.804e+02 4.856e+02 49 2 2 5.013e+02 5.067e+02 50 2 3 5.090e+02 5.410e+02 296 2 3 4.220e+02 4.600e+02 353 2 2 4.612e+02 4.628e+02 16 2 1 5.087e+02 5.413e+02 302 2 1 4.684e+02 4.976e+02 270 3 3 3.986e+02 3.994e+02 7 3 3 4.390e+02 4.430e+02 38 3 1 4.798e+02 4.862e+02 60 3 2 3.274e+02 3.446e+02 160 3 3 4.723e+02 4.937e+02 199 3 3 3.551e+02 3.589e+02 35 3 4 4.578e+02 4.662e+02 79 3 4 3.629e+02 3.931e+02 280 3 1 4.350e+02 4.470e+02 112 3 3 4.307e+02 4.513e+02 191 3 2 4.486e+02 4.754e+02 248 3 4 4.418e+02 4.822e+02 376
30197 2 1 3 6.061e+02 6.119e+02 53 2 3 4.717e+02 4.943e+02 210
