39371 13 0 4 4.603e+02 4.637e+02 31 0 1 5.250e+02 5.250e+02 -16 0 3 6.499e+02 6.521e+02 20 0 1 4.305e+02 4.515e+02 196 0 2 5.457e+02 5.463e+02 6 0 4 6.568e+02 6.872e+02 282 0 3 4.267e+02 4.553e+02 266 0 3 5.550e+02 5.790e+02 223 0 1 6.296e+02 6.724e+02 398 0 3 6.282e+02 6.738e+02 424 0 2 6.543e+02 6.897e+02 329 1 4 3.261e+02 3.459e+02 185 2 3 2.100e+01 2.100e+01 -11
39372 0
39373 0
39375 6 1 4 6.196e+02 6.404e+02 194 2 2 6.286e+02 6.314e+02 26 2 3 1.845e+02 1.935e+02 83 2 4 6.166e+02 6.434e+02 248 2 1 5.942e+02 6.238e+02 276 2 3 5.908e+02 6.272e+02 338
39376 0
39377 14 0 1 6.007e+02 6.173e+02 154 0 3 6.007e+02 6.173e+02 154 0 2 6.598e+02 6.842e+02 226 0 2 6.188e+02 6.412e+02 207 0 4 6.568e+02 6.872e+02 283 0 4 6.200e+02 6.400e+02 186 0 4 5.698e+02 6.062e+02 337 1 2 6.135e+02 6.465e+02 306 2 3 5.670e+02 5.670e+02 -1 2 4 3.861e+01 4.539e+01 63 2 4 5.448e+02 5.472e+02 23 2 1 5.436e+01 7.164e+01 160 2 2 3.300e+01 5.100e+01 167 2 3 5.117e+01 7.483e+01 220
39378 2 2 1 1.761e+01 2.439e+01 63 2 3 1.034e+01 3.166e+01 198
39388 7 0 2 2.920e+02 2.960e+02 37 0 4 3.344e+02 3.376e+02 30 0 2 2.771e+02 3.109e+02 315 1 1 4.786e+02 4.874e+02 82 2 2 1.260e+02 1.260e+02 -14 2 2 1.191e+02 1.329e+02 129 2 3 1.372e+02 1.568e+02 181
39391 0
39392 17 0 3 6.074e+02 6.106e+02 30 0 1 5.987e+02 6.193e+02 190 2 2 4.076e+01 4.324e+01 23 2 2 3.741e+02 3.819e+02 72 2 4 4.182e+02 4.218e+02 33 2 4 2.043e+02 2.157e+02 106 2 1 6.395e+02 6.625e+02 214 2 3 2.697e+02 2.763e+02 62 2 3 4.352e+02 4.468e+02 107 2 1 5.490e+01 7.110e+01 150 2 2 4.467e+02 4.773e+02 285 2 2 2.402e+02 2.638e+02 220 2 1 4.265e+02 4.555e+02 269 2 3 1.065e+01 3.135e+01 192 2 2 1.928e+02 2.272e+02 320 2 3 2.545e+02 2.915e+02 343 2 2 2.977e+01 5.423e+01 227
39393 15 0 1 5.196e+02 5.304e+02 100 0 1 1.335e+01 2.865e+01 142 0 1 4.290e+02 4.530e+02 223 0 2 5.392e+02 5.528e+02 127 0 3 4.283e+02 4.537e+02 236 0 4 4.404e+02 4.836e+02 400 0 3 5.062e+02 5.438e+02 349 1 2 6.271e+02 6.329e+02 53 2 3 1.020e+02 1.080e+02 56 2 2 1.664e+02 1.696e+02 29 2 2 7.222e+01 9.578e+01 219 2 1 1.835e+02 1.945e+02 103 2 4 1.080e+02 1.440e+02 335 2 3 1.344e+02 1.596e+02 235 2 4 1.521e+02 1.839e+02 296
39395 26 0 4 6.293e+02 6.307e+02 13 0 1 6.505e+02 6.515e+02 10 0 2 6.275e+02 6.325e+02 46 0 3 5.315e+01 7.285e+01 183 0 4 7.307e+01 9.493e+01 203 0 2 6.162e+02 6.438e+02 256 0 2 7.029e+01 9.771e+01 255 0 2 6.671e+02 6.769e+02 91 0 2 4.497e+02 4.743e+02 228 0 1 5.909e+02 6.271e+02 336 0 4 6.705e+02 6.735e+02 28 0 3 5.893e+02 6.287e+02 366 0 1 6.335e+02 6.685e+02 326 0 4 6.111e+02 6.489e+02 351 0 4 6.533e+02 6.907e+02 347 2 4 3.312e+02 3.408e+02 90 2 2 1.229e+02 1.291e+02 58 2 1 5.979e+01 6.621e+01 60 2 3 9.604e+01 1.140e+02 166 2 1 1.323e+02 1.617e+02 274 2 3 1.752e+01 2.448e+01 65 2 4 1.101e+02 1.419e+02 296 2 1 5.153e+01 7.447e+01 213 2 3 4.848e+01 7.752e+01 270 2 1 5.136e+00 3.686e+01 295 2 2 2.842e+01 5.558e+01 252
39396 0
39397 16 1 4 4.187e+02 4.213e+02 24 1 2 4.121e+02 4.279e+02 146 1 2 5.880e+02 5.880e+02 -4 1 1 3.910e+02 4.070e+02 148 2 2 5.438e+02 5.482e+02 40 2 4 4.183e+02 4.217e+02 31 2 4 5.417e+02 5.503e+02 80 2 1 5.479e+02 5.861e+02 356 2 3 5.494e+02 5.846e+02 326 3 1 6.063e+02 6.117e+02 50 3 1 9.335e+01 1.166e+02 216 3 3 6.061e+02 6.119e+02 54 3 2 5.689e+02 6.071e+02 356 3 3 6.438e+02 6.582e+02 133 3 4 5.729e+02 6.031e+02 280 3 2 6.173e+02 6.427e+02 236
39399 0
39400 7 0 1 6.476e+02 6.544e+02 63 0 3 6.090e+02 6.090e+02 -0 0 3 6.476e+02 6.544e+02 64 0 2 6.169e+02 6.431e+02 244 0 2 6.624e+02 6.816e+02 178 0 4 6.199e+02 6.401e+02 188 1 2 6.195e+02 6.405e+02 196
39401 0
39402 6 0 2 6.605e+02 6.835e+02 213 0 2 6.542e+02 6.898e+02 330 0 4 6.574e+02 6.866e+02 270 2 2 5.860e+02 5.900e+02 36 2 2 5.742e+02 6.018e+02 257 2 2 6.173e+02 6.427e+02 236
39403 16 0 4 3.750e+02 3.810e+02 56 0 4 5.877e+02 5.883e+02 6 0 2 3.651e+02 3.909e+02 240 0 2 3.219e+02 3.501e+02 262 1 1 5.227e+02 5.273e+02 42 1 4 5.876e+02 5.884e+02 7 1 1 6.065e+02 6.115e+02 47 1 1 5.650e+02 5.690e+02 38 1 3 6.046e+02 6.134e+02 82 1 3 5.647e+02 5.693e+02 42 1 2 6.276e+02 6.324e+02 44 1 2 5.323e+02 5.597e+02 255 1 4 6.157e+02 6.443e+02 266 1 2 5.750e+02 6.010e+02 241 1 4 5.746e+02 6.014e+02 248 2 2 3.942e+01 4.458e+01 48
39404 4 0 2 3.766e+02 3.794e+02 26 0 4 3.723e+02 3.837e+02 106 0 3 3.826e+02 4.154e+02 306 0 1 3.443e+02 3.697e+02 236
39405 8 0 2 6.262e+02 6.338e+02 70 0 4 3.333e+02 3.387e+02 50 0 1 6.463e+02 6.557e+02 88 0 4 6.269e+02 6.331e+02 58 0 3 6.433e+02 6.587e+02 144 0 2 3.168e+02 3.552e+02 357 0 1 5.965e+02 6.215e+02 233 0 4 6.599e+02 6.841e+02 224
39407 27 0 1 4.826e+02 4.834e+02 7 0 1 5.234e+02 5.266e+02 29 0 2 6.628e+02 6.812e+02 171 0 2 4.992e+02 5.088e+02 89 0 3 5.225e+02 5.275e+02 47 0 4 6.609e+02 6.831e+02 206 0 4 4.953e+02 5.127e+02 162 0 1 5.120e+02 5.380e+02 240 0 2 4.893e+02 5.187e+02 274 0 2 5.304e+02 5.616e+02 290 1 2 6.175e+02 6.425e+02 233 1 4 6.139e+02 6.461e+02 300 2 4 1.254e+02 1.266e+02 11 2 3 2.292e+02 2.328e+02 34 2 1 2.606e+02 2.854e+02 230 2 4 3.901e+01 4.499e+01 56 2 2 8.375e+01 8.425e+01 5 2 2 2.355e+02 2.685e+02 307 2 1 5.593e+01 7.007e+01 131 2 4 8.397e+01 8.403e+01 0 2 4 1.956e+02 2.244e+02 267 2 3 1.164e+01 3.036e+01 174 2 3 9.367e+01 1.163e+02 210 2 2 3.435e+01 4.965e+01 142 2 4 2.977e+01 5.423e+01 227 2 3 4.893e+01 7.707e+01 261 2 1 5.762e+00 3.624e+01 283
39409 21 0 2 6.697e+02 6.743e+02 43 0 1 4.350e+02 4.470e+02 112 0 2 4.548e+02 4.692e+02 133 0 2 6.625e+02 6.815e+02 177 0 3 4.228e+02 4.592e+02 339 0 4 6.605e+02 6.835e+02 213 0 4 4.774e+02 5.306e+02 494 1 2 6.282e+02 6.318e+02 33 1 2 6.135e+02 6.465e+02 306 2 2 4.072e+01 4.328e+01 24 2 1 4.830e+02 4.830e+02 0 2 4 4.094e+01 4.306e+01 20 2 4 4.176e+02 4.224e+02 45 2 3 1.218e+01 2.982e+01 164 2 3 4.387e+02 4.433e+02 42 2 2 4.473e+02 4.767e+02 272 2 4 2.918e+01 5.482e+01 238 2 1 4.246e+02 4.574e+02 305 2 1 4.758e+01 7.842e+01 286 2 1 4.665e+02 4.995e+02 306 3 4 4.022e+01 4.378e+01 33
39410 2 0 3 4.703e+02 4.957e+02 236 0 2 4.436e+02 4.804e+02 342
39412 9 0 4 5.868e+02 5.892e+02 22 0 4 4.596e+02 4.644e+02 45 0 2 6.687e+02 6.753e+02 62 0 3 4.298e+02 4.522e+02 207 0 4 6.668e+02 6.772e+02 97 2 2 2.501e+02 2.539e+02 36 2 1 2.725e+02 2.735e+02 9 2 4 2.398e+02 2.642e+02 226 2 3 2.191e+02 2.429e+02 221
39413 1 0 3 8.142e+01 1.286e+02 438
39414 3 0 4 3.351e+02 3.369e+02 17 0 2 3.298e+02 3.422e+02 116 0 1 3.050e+02 3.250e+02 186
39418 0
39419 3 1 1 5.990e-01 4.140e+01 379 3 4 6.584e+02 6.856e+02 253 3 2 6.530e+02 6.910e+02 353
39421 5 0 2 6.718e+02 6.722e+02 3 0 4 6.700e+02 6.740e+02 36 1 3 1.050e+02 1.050e+02 -2 1 1 9.586e+01 1.141e+02 170 1 2 7.123e+01 9.677e+01 237
39422 5 0 4 6.715e+02 6.725e+02 9 0 4 5.851e+02 5.909e+02 55 0 2 6.582e+02 6.858e+02 257 1 4 6.122e+02 6.478e+02 330 2 4 2.425e+01 5.975e+01 330
39423 31 0 4 3.356e+02 3.364e+02 7 0 2 6.712e+02 6.728e+02 16 0 2 2.824e+02 3.056e+02 215 0 2 4.995e+02 5.085e+02 83 0 3 5.138e+02 5.362e+02 207 0 1 2.571e+02 2.889e+02 296 0 4 6.692e+02 6.748e+02 51 0 4 4.892e+02 5.188e+02 275 0 1 5.131e+02 5.369e+02 220 0 1 6.352e+02 6.668e+02 293 0 3 6.336e+02 6.684e+02 324 1 4 5.864e+02 5.896e+02 29 1 1 4.781e+02 4.879e+02 91 1 1 5.665e+02 5.675e+02 10 1 3 5.525e+02 5.815e+02 269 1 2 5.759e+02 6.001e+02 225 2 3 1.864e+02 1.916e+02 48 2 3 2.267e+02 2.353e+02 80 2 1 3.079e+02 3.221e+02 131 2 2 3.246e+02 3.474e+02 211 2 4 1.176e+02 1.344e+02 156 2 3 1.446e+02 1.494e+02 45 2 3 3.046e+02 3.254e+02 193 2 4 3.248e+02 3.472e+02 209 2 1 4.843e+01 7.757e+01 270 2 4 1.619e+02 1.741e+02 113 2 3 2.978e+02 3.322e+02 319 2 1 1.764e+02 2.016e+02 235 2 2 1.551e+02 1.809e+02 239 2 1 1.297e+02 1.643e+02 321 3 4 2.813e+02 3.067e+02 236
39424 2 2 3 3.930e+02 4.050e+02 111 2 2 3.676e+02 3.884e+02 193
39425 0
