24901 37 0 4 6.701e+02 6.739e+02 36 0 2 3.762e+02 3.798e+02 33 0 4 4.193e+02 4.207e+02 14 0 1 6.058e+02 6.122e+02 59 0 1 6.491e+02 6.529e+02 35 0 3 3.955e+02 4.025e+02 65 0 2 4.958e+02 5.122e+02 152 0 3 5.552e+02 5.788e+02 219 0 2 6.118e+02 6.482e+02 337 0 3 6.497e+02 6.523e+02 25 0 4 4.035e+02 4.365e+02 306 0 4 4.890e+02 5.190e+02 279 0 1 5.155e+02 5.345e+02 176 0 4 6.109e+02 6.491e+02 356 0 2 6.703e+02 6.737e+02 32 0 1 3.819e+02 4.161e+02 318 0 3 5.138e+02 5.362e+02 208 0 4 6.532e+02 6.908e+02 350 0 3 3.826e+02 4.154e+02 304 0 2 5.352e+02 5.568e+02 201 2 4 7.944e+01 8.856e+01 85 2 2 1.613e+02 1.747e+02 124 2 1 5.911e+01 6.689e+01 72 2 3 1.043e+02 1.057e+02 13 2 1 1.382e+02 1.558e+02 164 2 3 5.849e+01 6.751e+01 84 2 2 1.195e+02 1.325e+02 120 2 3 1.384e+02 1.556e+02 160 2 4 2.945e+01 5.455e+01 233 2 4 1.220e+02 1.300e+02 74 2 1 1.271e+02 1.669e+02 370 2 3 3.517e+00 3.848e+01 325 2 2 1.094e+02 1.426e+02 309 2 3 1.271e+02 1.669e+02 369 2 2 2.241e+01 6.159e+01 364 2 4 6.418e+01 1.038e+02 368 2 4 1.512e+02 1.848e+02 311
24902 1 3 4 6.709e+02 6.731e+02 20
24903 10 2 1 1.890e+02 1.890e+02 -0 2 3 1.838e+02 1.942e+02 97 2 2 6.872e+01 9.928e+01 284 2 2 1.538e+02 1.822e+02 264 2 4 1.540e+02 1.820e+02 260 3 2 3.318e+02 3.402e+02 79 3 1 3.437e+02 3.703e+02 246 3 4 3.311e+02 3.409e+02 90 3 1 5.112e+02 5.388e+02 256 3 3 3.448e+02 3.692e+02 226
24905 0
24906 10 0 1 5.661e+02 5.679e+02 17 0 2 6.251e+02 6.349e+02 90 0 3 9.062e+01 1.194e+02 267 0 3 6.393e+02 6.627e+02 217 0 1 6.376e+02 6.644e+02 248 1 2 5.430e+02 5.490e+02 56 1 2 3.317e+02 3.403e+02 80 2 4 3.995e+01 4.405e+01 38 2 3 5.947e+01 6.653e+01 66 2 4 2.901e+01 5.499e+01 241
24907 2 2 4 4.063e+01 4.337e+01 26 2 4 3.439e+01 4.961e+01 141
24909 0
24910 1 2 1 5.976e+02 6.204e+02 212
24911 9 0 1 6.500e+02 6.520e+02 19 0 4 3.337e+02 3.383e+02 42 0 1 3.055e+02 3.245e+02 177 0 3 6.457e+02 6.563e+02 98 0 2 3.242e+02 3.478e+02 220 0 2 6.681e+02 6.759e+02 72 0 4 6.582e+02 6.858e+02 256 1 2 6.156e+02 6.444e+02 268 1 4 6.112e+02 6.488e+02 350
24915 73 0 1 6.499e+02 6.521e+02 20 0 2 3.343e+02 3.377e+02 31 0 2 4.607e+02 4.633e+02 24 0 2 2.469e+02 2.571e+02 94 0 1 5.595e+02 5.745e+02 139 0 1 3.517e+02 3.623e+02 98 0 3 6.067e+02 6.113e+02 43 0 1 2.246e+02 2.374e+02 118 0 3 6.485e+02 6.535e+02 47 0 2 3.176e+02 3.544e+02 341 0 4 4.180e+02 4.220e+02 37 0 4 4.617e+02 4.623e+02 6 0 1 5.209e+02 5.291e+02 76 0 4 6.207e+02 6.393e+02 172 0 4 6.656e+02 6.784e+02 119 0 1 4.331e+02 4.489e+02 146 0 1 4.821e+02 4.839e+02 16 0 1 5.075e+02 5.425e+02 325 0 1 6.002e+02 6.178e+02 163 0 2 6.661e+02 6.779e+02 109 0 3 4.347e+02 4.473e+02 116 0 4 4.506e+02 4.734e+02 211 0 2 6.193e+02 6.407e+02 200 0 4 6.539e+02 6.901e+02 336 0 1 4.249e+02 4.571e+02 300 0 3 4.744e+02 4.916e+02 159 0 3 5.928e+02 6.252e+02 301 0 3 4.213e+02 4.607e+02 366 0 4 4.444e+02 4.796e+02 326 0 1 4.644e+02 5.016e+02 346 1 1 5.629e+02 5.711e+02 76 1 1 6.085e+02 6.095e+02 10 1 4 5.030e+02 5.050e+02 19 1 3 5.659e+02 5.681e+02 20 1 3 6.074e+02 6.106e+02 30 1 1 5.230e+02 5.270e+02 37 1 2 5.413e+02 5.507e+02 88 1 2 6.282e+02 6.318e+02 34 1 4 5.703e+02 6.057e+02 329 1 4 6.283e+02 6.317e+02 32 2 2 4.045e+01 4.355e+01 29 2 2 1.674e+02 1.686e+02 10 2 2 5.436e+02 5.484e+02 45 2 4 2.453e+02 2.587e+02 125 2 4 5.821e+02 5.939e+02 109 2 3 2.728e+02 2.732e+02 5 2 1 3.566e+02 3.574e+02 8 2 3 5.093e+02 5.407e+02 291 2 3 1.577e+01 2.623e+01 97 2 1 6.012e+02 6.168e+02 145 2 4 1.212e+02 1.308e+02 89 2 3 1.454e+02 1.486e+02 30 2 4 4.839e+02 5.241e+02 374 2 4 2.031e+02 2.169e+02 128 2 4 5.291e+02 5.629e+02 315 2 4 2.908e+02 2.972e+02 60 2 3 5.949e+02 6.231e+02 262 2 4 3.337e+02 3.383e+02 42 2 2 5.703e+02 6.057e+02 328 2 1 1.209e+01 2.991e+01 166 2 4 7.720e+01 9.080e+01 126 2 4 1.501e+02 1.859e+02 333 2 3 3.112e+02 3.188e+02 71 2 3 3.467e+02 3.673e+02 191 2 3 5.492e+00 3.651e+01 288 2 3 9.878e+01 1.112e+02 116 2 1 3.093e+02 3.207e+02 106 2 2 3.218e+02 3.502e+02 263 2 4 2.964e+01 5.436e+01 230 2 1 2.579e+02 2.881e+02 280 2 2 2.813e+02 3.067e+02 236 2 3 3.001e+02 3.299e+02 276 3 3 4.281e+00 3.772e+01 310
24917 5 1 1 5.656e+02 5.684e+02 26 1 2 5.800e+02 5.960e+02 149 1 4 6.183e+02 6.417e+02 217 1 4 5.765e+02 5.995e+02 214 1 3 5.902e+02 6.278e+02 349
24918 34 0 4 6.290e+02 6.310e+02 18 0 3 5.222e+02 5.278e+02 52 0 1 3.058e+02 3.242e+02 171 0 1 5.152e+02 5.348e+02 182 0 2 3.293e+02 3.427e+02 125 0 4 5.773e+02 5.987e+02 199 0 4 3.599e+02 3.961e+02 336 0 1 6.306e+02 6.714e+02 379 0 2 4.875e+02 5.205e+02 306 0 1 5.432e+02 5.908e+02 442 0 3 5.984e+02 6.196e+02 196 0 3 6.301e+02 6.719e+02 389 0 2 6.190e+02 6.410e+02 205 0 4 6.163e+02 6.437e+02 255 0 4 5.672e+02 6.088e+02 387 0 1 5.902e+02 6.278e+02 350 0 3 5.850e+02 6.330e+02 446 0 2 6.074e+02 6.526e+02 420 0 4 6.043e+02 6.557e+02 476 2 3 1.806e+01 2.394e+01 55 2 3 4.405e+02 4.415e+02 9 2 4 2.482e+02 2.558e+02 70 2 4 4.179e+02 4.221e+02 39 2 1 2.627e+02 2.833e+02 191 2 4 4.980e+02 5.100e+02 112 2 2 3.098e+01 5.302e+01 205 2 3 4.628e+02 5.032e+02 375 2 3 2.650e+02 2.810e+02 148 2 1 5.243e+01 7.357e+01 196 2 2 2.761e+02 3.119e+02 333 2 1 9.171e+00 3.283e+01 220 2 3 5.940e+00 3.606e+01 280 2 4 2.335e+01 6.065e+01 346 2 3 -4.651e+00 4.665e+01 476
24920 0
24925 15 0 4 4.168e+02 4.232e+02 60 0 3 3.802e+02 4.178e+02 350 2 4 3.340e+02 3.380e+02 38 2 2 4.067e+01 4.333e+01 25 2 2 1.660e+02 1.700e+02 38 2 4 4.143e+01 4.257e+01 10 2 2 7.558e+01 9.242e+01 156 2 3 1.873e+02 1.907e+02 32 2 4 1.109e+02 1.411e+02 280 2 3 1.429e+02 1.511e+02 76 2 3 4.498e+01 8.102e+01 335 2 3 1.796e+02 1.984e+02 176 2 1 2.756e+00 3.924e+01 339 2 4 1.542e+02 1.818e+02 256 3 1 2.100e+01 2.100e+01 -5
24926 10 0 2 3.352e+02 3.368e+02 16 0 4 3.306e+02 3.414e+02 100 0 3 5.925e+01 6.675e+01 70 0 1 3.013e+02 3.287e+02 254 1 4 5.438e+02 5.482e+02 40 1 1 5.226e+02 5.274e+02 44 1 3 5.135e+02 5.365e+02 214 1 2 5.317e+02 5.603e+02 265 2 3 5.668e+02 5.672e+02 4 2 4 5.294e+02 5.626e+02 309
24927 8 0 2 6.611e+02 6.829e+02 202 0 4 6.603e+02 6.837e+02 217 2 1 1.465e+02 1.475e+02 9 3 4 3.780e+02 3.780e+02 -1 3 1 3.570e+02 3.570e+02 -20 3 3 3.423e+02 3.717e+02 272 3 1 4.241e+02 4.579e+02 313 3 1 4.664e+02 4.996e+02 308
24928 14 0 4 3.327e+02 3.393e+02 62 0 2 6.674e+02 6.766e+02 86 1 2 6.289e+02 6.311e+02 21 1 2 5.866e+02 5.894e+02 26 1 1 6.031e+02 6.149e+02 109 1 4 5.817e+02 5.943e+02 116 1 3 6.043e+02 6.137e+02 87 1 2 5.726e+02 6.034e+02 286 1 3 5.905e+02 6.275e+02 344 2 2 4.094e+01 4.306e+01 20 2 2 2.520e+02 2.520e+02 -0 2 4 2.424e+02 2.616e+02 178 2 1 2.613e+02 2.847e+02 217 2 3 2.154e+02 2.466e+02 290
24930 0
24931 0
24932 4 0 2 2.329e+02 2.711e+02 354 1 2 6.263e+02 6.337e+02 69 1 1 5.086e+02 5.414e+02 304 1 2 5.755e+02 6.005e+02 231
24933 10 0 2 8.400e+01 8.400e+01 -8 0 4 2.916e+02 2.964e+02 44 0 3 1.039e+02 1.061e+02 20 0 3 5.645e+02 5.695e+02 46 0 3 2.687e+02 2.773e+02 80 0 1 5.591e+02 5.749e+02 146 0 2 5.314e+02 5.606e+02 271 2 1 2.100e+01 2.100e+01 -16 2 4 2.095e+02 2.105e+02 9 2 3 8.319e+00 3.368e+01 236
24934 18 0 4 2.497e+02 2.543e+02 43 0 2 6.717e+02 6.723e+02 6 0 3 5.631e+02 5.709e+02 72 0 4 5.838e+02 5.922e+02 77 0 4 6.694e+02 6.746e+02 48 0 2 5.389e+02 5.531e+02 132 0 1 5.982e+02 6.198e+02 200 0 2 6.594e+02 6.846e+02 235 0 3 5.939e+02 6.241e+02 280 1 1 6.030e+02 6.150e+02 111 2 3 1.842e+01 2.358e+01 48 2 2 8.290e+01 8.510e+01 20 2 4 3.847e+01 4.553e+01 66 2 4 7.590e+01 9.210e+01 150 2 1 5.718e+01 6.882e+01 108 2 3 5.072e+01 7.528e+01 228 2 1 1.339e+01 2.861e+01 141 2 2 3.040e+01 5.360e+01 216
24937 2 2 3 1.026e+02 1.074e+02 44 2 4 1.214e+02 1.306e+02 86
24939 53 0 4 6.271e+02 6.329e+02 53 0 2 3.761e+02 3.799e+02 36 0 1 6.504e+02 6.516e+02 10 0 3 2.654e+02 2.806e+02 141 0 4 5.820e+02 5.940e+02 110 0 4 3.682e+02 3.878e+02 181 0 3 6.480e+02 6.540e+02 56 0 4 2.880e+02 3.000e+02 111 0 1 5.159e+02 5.341e+02 169 0 1 2.625e+02 2.835e+02 196 0 2 6.249e+02 6.351e+02 94 0 2 2.812e+02 3.068e+02 237 0 2 6.637e+02 6.803e+02 155 0 1 5.920e+02 6.260e+02 316 0 4 6.643e+02 6.797e+02 144 0 3 5.946e+02 6.234e+02 267 0 2 6.583e+02 6.857e+02 255 1 2 6.300e+02 6.300e+02 -7 1 2 4.143e+02 4.257e+02 106 1 2 5.460e+02 5.460e+02 -4 1 4 6.300e+02 6.300e+02 -2 1 1 5.138e+02 5.362e+02 209 1 3 5.601e+02 5.739e+02 128 1 1 6.090e+02 6.090e+02 -5 1 3 5.103e+02 5.397e+02 272 1 2 5.360e+02 5.560e+02 186 1 3 5.970e+02 6.210e+02 223 1 4 5.724e+02 6.036e+02 290 1 4 6.130e+02 6.470e+02 316 2 4 6.297e+02 6.303e+02 5 2 4 4.591e+02 4.649e+02 54 2 3 1.043e+02 1.057e+02 13 2 3 5.662e+02 5.678e+02 16 2 3 2.288e+02 2.332e+02 40 2 3 4.810e+02 4.850e+02 38 2 2 1.231e+02 1.289e+02 55 2 3 5.247e+02 5.253e+02 5 2 4 2.028e+02 2.172e+02 134 2 4 5.821e+02 5.939e+02 109 2 4 3.604e+02 3.956e+02 327 2 4 4.989e+02 5.091e+02 95 2 4 1.209e+02 1.311e+02 95 2 1 6.000e+02 6.180e+02 166 2 1 1.307e+02 1.633e+02 303 2 4 6.528e+02 6.912e+02 357 2 1 2.182e+02 2.438e+02 238 2 3 4.734e+02 4.926e+02 179 2 4 1.099e+02 1.421e+02 300 2 2 5.685e+02 6.075e+02 362 2 2 2.358e+02 2.682e+02 301 2 4 5.700e+02 6.060e+02 334 2 4 6.567e+01 1.023e+02 340 2 2 6.118e+02 6.482e+02 338
24945 7 0 4 5.859e+02 5.901e+02 39 0 3 5.519e+02 5.821e+02 280 2 1 2.003e+01 2.197e+01 18 2 3 1.958e+01 2.242e+01 26 2 2 3.870e+01 4.530e+01 61 2 1 2.622e+00 3.938e+01 341 2 2 2.389e+01 6.011e+01 336
24946 6 1 4 6.267e+02 6.333e+02 61 2 2 4.593e+02 4.647e+02 50 2 1 4.822e+02 4.838e+02 15 2 1 2.207e+02 2.413e+02 191 2 2 2.259e+01 6.141e+01 360 2 2 2.397e+02 2.643e+02 228
24947 19 0 2 5.032e+02 5.048e+02 15 0 1 5.653e+02 5.687e+02 32 0 4 5.845e+02 5.915e+02 65 0 1 4.808e+02 4.852e+02 41 0 1 5.522e+02 5.818e+02 276 0 4 6.219e+02 6.381e+02 151 0 1 6.389e+02 6.631e+02 226 0 3 4.737e+02 4.923e+02 172 0 3 5.927e+02 6.253e+02 302 0 3 6.398e+02 6.622e+02 207 1 2 4.910e+02 5.170e+02 241 1 2 6.201e+02 6.399e+02 183 1 1 5.085e+02 5.415e+02 307 2 2 8.195e+01 8.605e+01 38 2 4 1.664e+02 1.696e+02 30 2 1 5.570e+01 7.030e+01 136 2 3 1.802e+02 1.978e+02 163 2 4 2.001e+02 2.199e+02 183 2 2 1.512e+02 1.848e+02 311
24949 3 0 4 5.711e+02 6.049e+02 315 0 4 4.364e+02 4.876e+02 475 0 1 5.407e+02 5.933e+02 489
24952 3 2 2 1.613e+02 1.747e+02 125 2 1 1.799e+02 1.981e+02 169 2 3 1.760e+02 2.020e+02 241
24953 8 0 1 1.432e+02 1.508e+02 71 0 2 1.147e+02 1.373e+02 210 1 2 5.002e+02 5.078e+02 70 1 3 3.570e+02 3.570e+02 -2 1 4 3.221e+02 3.499e+02 258 2 2 4.586e+02 4.654e+02 63 2 3 4.307e+02 4.513e+02 191 2 4 4.469e+02 4.771e+02 280
