14705 5 0 2 1.181e+02 1.339e+02 147 2 3 3.954e+02 4.026e+02 66 2 4 4.166e+02 4.234e+02 64 2 4 4.529e+02 4.711e+02 169 2 3 4.385e+02 4.435e+02 46
14706 0
14708 0
14709 17 0 4 6.720e+02 6.720e+02 -10 0 2 6.265e+02 6.335e+02 65 0 3 6.472e+02 6.548e+02 70 0 2 6.644e+02 6.796e+02 140 0 1 6.450e+02 6.570e+02 110 2 3 1.850e+01 2.350e+01 46 2 4 2.467e+02 2.573e+02 99 2 1 2.695e+02 2.765e+02 66 2 1 1.505e+01 2.695e+01 110 2 2 7.415e+01 9.385e+01 183 2 2 2.365e+02 2.675e+02 288 2 3 2.631e+02 2.829e+02 185 2 1 5.382e+01 7.218e+01 170 2 4 7.545e+01 9.255e+01 159 2 3 5.081e+01 7.519e+01 226 2 2 2.694e+01 5.706e+01 280 2 4 2.340e+01 6.060e+01 346
14710 16 0 3 5.198e+02 5.302e+02 96 1 2 5.871e+02 5.889e+02 16 1 4 5.851e+02 5.909e+02 53 1 3 5.996e+02 6.184e+02 174 1 1 5.642e+02 5.698e+02 51 1 4 5.742e+02 6.018e+02 256 1 4 5.300e+02 5.620e+02 296 2 3 1.990e+01 2.210e+01 20 2 4 2.873e+02 3.007e+02 125 2 1 1.123e+01 3.077e+01 181 2 3 9.555e+01 1.145e+02 176 2 1 3.068e+02 3.232e+02 151 2 2 2.479e+01 5.921e+01 320 2 4 6.647e+01 1.015e+02 326 2 3 3.044e+02 3.256e+02 197 2 2 2.797e+02 3.083e+02 265
14712 5 0 2 5.415e+02 5.505e+02 83 0 1 5.124e+02 5.376e+02 234 2 1 5.754e+01 6.846e+01 101 2 3 6.167e+01 6.433e+01 25 2 2 6.625e+01 1.018e+02 330
14715 59 0 1 4.830e+02 4.830e+02 -14 0 4 3.338e+02 3.382e+02 41 0 2 5.460e+02 5.460e+02 0 0 4 2.839e+02 3.041e+02 187 0 1 6.090e+02 6.090e+02 -14 0 2 6.720e+02 6.720e+02 -15 0 2 3.601e+02 3.959e+02 332 0 4 4.178e+02 4.222e+02 41 0 3 4.821e+02 4.839e+02 16 0 4 3.199e+02 3.521e+02 299 0 3 5.653e+02 5.687e+02 32 0 3 6.084e+02 6.096e+02 10 0 4 6.720e+02 6.720e+02 -20 0 1 3.931e+02 4.049e+02 109 0 2 4.953e+02 5.127e+02 162 0 3 5.208e+02 5.292e+02 79 0 2 6.300e+02 6.300e+02 -9 0 1 6.494e+02 6.526e+02 29 0 3 3.956e+02 4.024e+02 63 0 4 4.916e+02 5.164e+02 230 0 1 5.607e+02 5.733e+02 116 0 4 6.266e+02 6.334e+02 64 1 3 5.654e+02 5.686e+02 30 1 2 6.300e+02 6.300e+02 -14 1 1 5.233e+02 5.267e+02 32 1 2 5.859e+02 5.901e+02 40 1 4 6.300e+02 6.300e+02 -1 1 3 5.129e+02 5.371e+02 226 1 4 5.871e+02 5.889e+02 16 1 3 6.075e+02 6.105e+02 27 1 4 5.449e+02 5.471e+02 20 1 1 6.012e+02 6.168e+02 146 1 1 5.655e+02 5.685e+02 27 1 2 5.338e+02 5.582e+02 226 1 1 5.518e+02 5.822e+02 282 1 2 5.279e+02 5.641e+02 336 2 1 1.882e+02 1.898e+02 15 2 4 3.773e+02 3.787e+02 14 2 2 8.182e+01 8.618e+01 40 2 3 1.890e+02 1.890e+02 -10 2 4 4.189e+02 4.211e+02 20 2 2 2.083e+02 2.117e+02 32 2 4 4.058e+02 4.342e+02 264 2 4 2.925e+02 2.955e+02 28 2 4 4.448e+02 4.792e+02 320 2 4 3.349e+02 3.371e+02 21 2 4 3.704e+01 4.696e+01 92 2 4 8.272e+01 8.528e+01 24 2 2 1.616e+02 1.744e+02 119 2 4 2.100e+02 2.100e+02 -8 2 3 2.997e+02 3.303e+02 284 2 1 3.570e+02 3.570e+02 -13 2 3 5.961e+01 6.639e+01 63 2 3 1.016e+02 1.084e+02 64 2 4 1.551e+02 1.809e+02 239 2 3 2.243e+02 2.377e+02 125 2 2 3.274e+02 3.446e+02 159 2 1 5.077e+01 7.523e+01 227 3 4 3.574e+01 4.826e+01 116
14717 5 2 3 1.458e+02 1.482e+02 23 2 2 8.218e+01 8.582e+01 34 2 4 4.909e+02 5.171e+02 243 2 4 1.546e+02 1.814e+02 249 3 2 3.542e+01 4.858e+01 122
14720 11 1 2 8.195e+01 8.605e+01 38 1 3 5.813e+01 6.787e+01 90 1 4 7.468e+01 9.332e+01 173 1 2 6.696e+01 1.010e+02 316 2 4 2.106e+01 6.294e+01 389 3 2 3.776e+02 3.784e+02 7 3 4 3.719e+02 3.841e+02 114 3 1 6.347e+02 6.673e+02 302 3 2 6.582e+02 6.858e+02 256 3 3 3.798e+02 4.182e+02 357 3 4 6.496e+02 6.944e+02 416
14722 0
14723 1 2 2 2.095e+02 2.105e+02 10
14724 0
14725 10 0 2 6.686e+02 6.754e+02 64 0 4 4.538e+02 4.702e+02 153 0 4 6.676e+02 6.764e+02 82 2 4 1.256e+02 1.264e+02 8 2 2 1.249e+02 1.271e+02 20 2 1 1.282e+02 1.658e+02 350 3 2 7.921e+01 8.879e+01 89 3 4 8.070e+01 8.730e+01 61 3 1 9.129e+01 1.187e+02 255 3 3 9.138e+01 1.186e+02 253
14726 3 0 2 6.472e+02 6.968e+02 461 2 4 1.178e+02 1.342e+02 152 2 1 -4.829e+00 4.683e+01 480
14727 32 0 3 1.842e+02 1.938e+02 89 0 2 6.652e+02 6.788e+02 126 0 3 5.108e+02 5.392e+02 264 0 3 2.080e+02 2.540e+02 427 0 3 5.927e+02 6.253e+02 303 0 4 3.123e+02 3.597e+02 440 0 4 6.571e+02 6.869e+02 277 0 4 4.834e+02 5.246e+02 382 0 1 5.826e+02 6.354e+02 490 0 2 6.503e+02 6.937e+02 404 1 4 5.239e+02 5.681e+02 410 2 1 2.730e+02 2.730e+02 -7 2 2 4.004e+01 4.396e+01 36 2 4 1.645e+02 1.715e+02 65 2 1 4.775e+02 4.885e+02 103 2 1 2.310e+02 2.310e+02 -7 2 3 4.258e+02 4.562e+02 282 2 1 3.542e+02 3.598e+02 52 2 2 4.972e+02 5.108e+02 126 2 1 6.171e+01 6.429e+01 24 2 1 4.262e+02 4.558e+02 276 2 3 1.890e+02 1.890e+02 -4 2 4 4.951e+02 5.129e+02 165 2 2 2.059e+02 2.141e+02 76 2 3 4.693e+02 4.967e+02 254 2 4 3.707e+02 3.853e+02 136 2 3 6.046e+01 6.554e+01 47 2 4 3.273e+01 5.127e+01 172 2 2 6.611e+01 1.019e+02 332 2 1 6.435e+00 3.557e+01 270 2 3 1.029e+01 3.171e+01 199 2 3 4.444e+01 8.156e+01 345
14729 12 1 4 6.201e+02 6.399e+02 185 1 1 5.510e+02 5.830e+02 298 2 1 5.687e+01 6.913e+01 114 2 3 1.414e+02 1.526e+02 104 2 1 4.320e+02 4.500e+02 166 2 4 3.134e+01 5.266e+01 198 2 4 1.091e+02 1.429e+02 315 2 1 4.171e+02 4.649e+02 443 2 1 1.314e+02 1.626e+02 290 2 3 5.005e+01 7.595e+01 240 2 2 1.509e+02 1.851e+02 318 2 2 2.232e+01 6.168e+01 366
14730 7 0 2 6.577e+02 6.863e+02 266 0 4 6.584e+02 6.856e+02 253 0 1 6.284e+02 6.736e+02 420 0 3 6.289e+02 6.731e+02 410 2 1 2.712e+02 2.748e+02 34 2 3 2.260e+02 2.360e+02 92 2 2 2.438e+02 2.602e+02 153
14731 2 1 2 1.249e+02 1.271e+02 21 1 1 1.006e+02 1.094e+02 81
14732 6 0 2 6.675e+02 6.765e+02 84 0 4 4.185e+02 4.215e+02 28 2 1 2.294e+02 2.326e+02 29 2 4 2.512e+02 2.528e+02 15 2 2 2.418e+02 2.622e+02 189 3 1 3.412e+02 3.728e+02 293
14734 4 0 3 6.428e+02 6.592e+02 152 0 2 6.629e+02 6.811e+02 170 0 4 6.641e+02 6.799e+02 147 2 3 4.729e+02 4.931e+02 188
14736 0
14737 4 0 4 6.285e+02 6.315e+02 27 0 2 6.238e+02 6.362e+02 116 0 1 5.964e+02 6.216e+02 235 0 3 5.926e+02 6.254e+02 305
14738 9 0 3 6.509e+02 6.511e+02 1 0 4 6.159e+02 6.441e+02 261 0 1 6.496e+02 6.524e+02 26 0 2 6.105e+02 6.495e+02 363 0 2 6.529e+02 6.911e+02 356 2 4 8.106e+01 8.694e+01 55 2 3 9.887e+01 1.111e+02 114 2 2 1.070e+02 1.450e+02 353 2 4 1.134e+02 1.386e+02 235
14740 3 0 4 3.780e+02 3.780e+02 -1 1 4 1.668e+02 1.692e+02 22 1 4 2.508e+02 2.532e+02 23
14741 3 2 4 7.558e+01 9.242e+01 156 2 4 2.812e+02 3.068e+02 237 2 2 5.705e+02 6.055e+02 326
14742 1 1 2 1.953e+02 2.247e+02 272
14743 8 0 3 3.990e+02 3.990e+02 -1 0 1 6.083e+02 6.097e+02 13 0 2 6.652e+02 6.788e+02 127 0 3 6.075e+02 6.105e+02 28 0 2 6.549e+02 6.891e+02 317 0 4 5.835e+02 5.925e+02 83 0 4 6.546e+02 6.894e+02 323 2 1 6.522e+00 3.548e+01 269
14744 78 0 1 1.849e+02 1.931e+02 76 0 1 5.637e+02 5.703e+02 62 0 1 3.091e+02 3.209e+02 110 0 4 5.866e+02 5.894e+02 26 0 4 3.320e+02 3.400e+02 75 0 2 2.456e+02 2.584e+02 120 0 1 3.913e+02 4.067e+02 144 0 1 2.580e+02 2.880e+02 279 0 4 4.571e+02 4.669e+02 91 0 3 2.610e+02 2.850e+02 222 0 3 5.158e+02 5.342e+02 170 0 2 3.170e+02 3.550e+02 353 0 1 6.074e+02 6.106e+02 29 0 3 6.495e+02 6.525e+02 28 0 1 4.741e+02 4.919e+02 165 0 1 5.545e+02 5.795e+02 232 0 3 6.085e+02 6.095e+02 10 0 4 6.686e+02 6.754e+02 64 0 3 4.248e+02 4.572e+02 300 0 3 4.783e+02 4.877e+02 88 0 3 5.510e+02 5.830e+02 298 0 2 6.287e+02 6.313e+02 25 0 1 6.503e+02 6.517e+02 14 0 4 4.426e+02 4.814e+02 360 0 4 6.283e+02 6.317e+02 32 0 4 6.610e+02 6.830e+02 205 0 2 6.127e+02 6.473e+02 320 0 2 6.544e+02 6.896e+02 327 1 2 5.028e+02 5.052e+02 22 1 3 5.662e+02 5.678e+02 15 1 3 6.088e+02 6.092e+02 3 1 4 2.763e+02 3.117e+02 328 1 2 5.871e+02 5.889e+02 17 1 2 6.298e+02 6.302e+02 4 1 1 5.145e+02 5.355e+02 195 1 4 5.869e+02 5.891e+02 21 1 4 6.293e+02 6.307e+02 13 1 2 5.426e+02 5.494e+02 63 1 1 6.004e+02 6.176e+02 160 1 1 5.616e+02 5.724e+02 100 1 3 5.494e+02 5.846e+02 326 2 1 5.658e+02 5.682e+02 22 2 4 6.282e+02 6.318e+02 33 2 4 2.506e+02 2.534e+02 26 2 3 3.567e+02 3.573e+02 6 2 4 5.031e+02 5.049e+02 17 2 3 6.167e+01 6.433e+01 25 2 1 5.234e+02 5.266e+02 29 2 2 1.241e+02 1.279e+02 36 2 3 6.492e+02 6.528e+02 33 2 3 1.470e+02 1.470e+02 -24 2 2 2.428e+02 2.612e+02 171 2 4 4.484e+02 4.756e+02 252 2 3 2.723e+02 2.737e+02 14 2 3 5.214e+02 5.286e+02 66 2 4 3.337e+02 3.383e+02 43 2 1 6.438e+02 6.582e+02 133 2 1 5.485e+01 7.115e+01 151 2 2 8.074e+01 8.726e+01 60 2 2 5.421e+02 5.499e+02 72 2 4 2.433e+02 2.607e+02 162 2 2 6.633e+02 6.807e+02 162 2 2 2.931e+02 2.949e+02 16 2 4 3.200e+02 3.520e+02 297 2 1 5.118e+02 5.382e+02 246 2 4 3.116e+01 5.284e+01 201 2 4 8.187e+01 8.613e+01 40 2 4 2.347e+02 2.693e+02 321 2 1 2.650e+02 2.810e+02 149 2 3 9.062e+01 1.194e+02 267 2 3 2.115e+02 2.505e+02 361 2 4 1.116e+02 1.404e+02 268 3 4 1.668e+02 1.692e+02 23 3 4 8.209e+01 8.591e+01 36 3 3 6.060e+01 6.540e+01 45 3 2 6.459e+01 1.034e+02 360 3 4 7.038e+01 9.762e+01 253 3 2 2.443e+01 5.957e+01 326
14746 57 0 1 6.076e+02 6.104e+02 26 0 2 3.344e+02 3.376e+02 30 0 2 6.717e+02 6.723e+02 6 0 4 2.451e+02 2.589e+02 129 0 1 4.395e+02 4.425e+02 27 0 3 2.663e+02 2.797e+02 124 0 3 5.620e+02 5.720e+02 93 0 4 3.685e+02 3.875e+02 177 0 3 6.064e+02 6.116e+02 49 0 1 2.963e+02 3.337e+02 347 0 4 6.711e+02 6.729e+02 17 0 4 3.258e+02 3.462e+02 190 0 3 4.359e+02 4.461e+02 96 0 2 3.629e+02 3.931e+02 281 0 4 4.531e+02 4.709e+02 165 0 1 3.368e+02 3.772e+02 375 0 2 5.402e+02 5.518e+02 108 0 2 6.279e+02 6.321e+02 40 0 1 6.495e+02 6.525e+02 28 0 1 3.986e+02 3.994e+02 8 0 2 4.456e+02 4.784e+02 304 0 1 5.593e+02 5.747e+02 144 0 4 6.257e+02 6.343e+02 80 0 3 6.434e+02 6.586e+02 141 0 3 3.963e+02 4.017e+02 50 0 4 4.436e+02 4.804e+02 341 0 1 5.538e+02 5.802e+02 245 0 4 5.810e+02 5.950e+02 130 0 1 6.349e+02 6.671e+02 299 0 4 4.162e+02 4.238e+02 70 0 3 5.923e+02 6.257e+02 310 0 3 6.334e+02 6.686e+02 326 0 4 4.067e+02 4.333e+02 246 0 2 6.171e+02 6.429e+02 239 1 3 6.090e+02 6.090e+02 -1 1 3 5.214e+02 5.286e+02 66 1 2 5.880e+02 5.880e+02 0 1 2 6.300e+02 6.300e+02 -2 1 4 5.875e+02 5.885e+02 9 1 4 6.300e+02 6.300e+02 -8 1 2 5.439e+02 5.481e+02 40 1 1 6.083e+02 6.097e+02 14 1 4 5.453e+02 5.467e+02 14 1 1 5.642e+02 5.698e+02 52 1 3 5.629e+02 5.711e+02 76 2 4 2.507e+02 2.533e+02 25 2 2 1.620e+02 1.740e+02 112 2 4 5.021e+02 5.059e+02 36 2 4 2.069e+02 2.131e+02 57 2 4 3.659e+01 4.741e+01 100 2 4 1.228e+02 1.292e+02 59 2 4 4.851e+02 5.229e+02 350 2 1 1.833e+02 1.947e+02 106 2 3 2.280e+02 2.340e+02 56 2 3 1.410e+02 1.530e+02 111 2 4 1.569e+02 1.791e+02 206 2 2 1.514e+02 1.846e+02 308
14747 5 1 4 5.374e+02 5.546e+02 160 1 1 6.066e+02 6.114e+02 45 2 4 2.071e+02 2.129e+02 53 2 1 3.833e+00 3.817e+01 319 3 3 1.433e+01 2.767e+01 124
14749 58 0 4 5.872e+02 5.888e+02 16 0 4 3.742e+02 3.818e+02 70 0 3 6.488e+02 6.532e+02 41 0 4 4.076e+01 4.324e+01 23 0 1 3.957e+02 4.023e+02 60 0 4 3.179e+02 3.541e+02 336 0 1 4.740e+02 4.920e+02 168 0 3 5.636e+02 5.704e+02 64 0 2 6.294e+02 6.306e+02 11 0 2 6.631e+02 6.809e+02 166 0 3 3.944e+02 4.036e+02 85 0 2 4.890e+02 5.190e+02 279 0 1 5.182e+02 5.318e+02 127 0 4 6.287e+02 6.313e+02 25 0 4 6.588e+02 6.852e+02 245 0 4 4.098e+02 4.302e+02 189 0 3 5.199e+02 5.301e+02 94 0 1 5.931e+02 6.249e+02 295 0 3 6.369e+02 6.651e+02 262 0 2 5.378e+02 5.542e+02 151 0 1 5.518e+02 5.822e+02 281 1 1 5.654e+02 5.686e+02 30 1 3 6.086e+02 6.094e+02 8 1 1 4.388e+02 4.432e+02 40 1 2 5.868e+02 5.892e+02 22 1 2 6.296e+02 6.304e+02 8 1 1 4.258e+02 4.562e+02 282 1 4 5.851e+02 5.909e+02 55 1 4 6.284e+02 6.316e+02 30 1 4 5.426e+02 5.494e+02 63 1 1 6.053e+02 6.127e+02 68 1 2 5.359e+02 5.561e+02 187 1 1 5.978e+02 6.202e+02 207 1 3 5.493e+02 5.847e+02 328 1 3 5.902e+02 6.278e+02 349 1 2 5.719e+02 6.041e+02 299 1 1 5.908e+02 6.272e+02 339 1 4 5.702e+02 6.058e+02 330 2 4 1.664e+02 1.696e+02 30 2 1 2.021e+01 2.179e+01 15 2 4 4.183e+02 4.217e+02 32 2 4 1.238e+02 1.282e+02 41 2 2 5.023e+02 5.057e+02 31 2 4 2.085e+02 2.115e+02 27 2 1 5.236e+02 5.264e+02 26 2 3 1.842e+01 2.358e+01 48 2 4 4.115e+02 4.285e+02 158 2 2 1.167e+02 1.353e+02 172 2 4 4.999e+02 5.081e+02 76 2 1 1.395e+02 1.545e+02 140 2 1 5.166e+02 5.334e+02 156 2 4 3.286e+01 5.114e+01 170 2 2 4.951e+02 5.129e+02 166 2 3 1.331e+02 1.609e+02 258 2 3 5.069e+02 5.431e+02 336 2 3 3.248e+00 3.875e+01 330 2 3 4.672e+02 4.988e+02 293 2 4 1.497e+02 1.863e+02 340
14750 0
14751 21 0 3 4.810e+02 4.850e+02 37 0 2 6.299e+02 6.301e+02 1 0 4 6.270e+02 6.330e+02 56 0 4 4.932e+02 5.148e+02 200 0 3 5.989e+02 6.191e+02 187 0 1 6.473e+02 6.547e+02 68 0 2 4.483e+02 4.757e+02 255 0 4 4.473e+02 4.767e+02 273 1 4 5.724e+02 6.036e+02 289 1 3 5.915e+02 6.265e+02 325 2 1 2.100e+01 2.100e+01 -14 2 2 1.233e+02 1.287e+02 50 2 4 1.229e+02 1.291e+02 58 2 3 1.382e+02 1.558e+02 163 2 1 6.300e+01 6.300e+01 -7 2 2 8.039e+01 8.761e+01 67 2 2 1.566e+02 1.794e+02 211 2 3 6.300e+01 6.300e+01 -14 2 4 7.872e+01 8.928e+01 98 2 4 1.507e+02 1.853e+02 322 2 3 1.402e+01 2.798e+01 130
14752 0
