41720 10 0 4 4.139e+01 4.261e+01 11 0 4 8.214e+01 8.586e+01 35 0 1 5.422e+01 7.178e+01 163 0 3 1.008e+02 1.092e+02 79 0 3 5.387e+01 7.213e+01 170 0 1 5.061e+02 5.439e+02 350 0 2 1.161e+02 1.359e+02 184 0 2 6.818e+01 9.982e+01 294 1 1 6.087e+02 6.093e+02 6 1 1 5.475e+02 5.865e+02 363
41721 4 0 3 6.032e+02 6.148e+02 108 0 2 6.089e+02 6.511e+02 391 0 4 6.100e+02 6.500e+02 372 2 1 -1.777e+00 4.378e+01 423
41722 0
41723 11 0 1 6.489e+02 6.531e+02 40 0 2 5.020e+02 5.060e+02 38 0 1 5.993e+02 6.187e+02 180 0 3 6.450e+02 6.570e+02 112 0 4 4.891e+02 5.189e+02 276 0 3 5.133e+02 5.367e+02 217 0 3 6.020e+02 6.160e+02 130 0 4 6.600e+02 6.840e+02 223 0 1 4.684e+02 4.976e+02 270 0 4 5.730e+02 6.030e+02 279 2 3 1.308e+02 1.632e+02 301
41724 1 3 2 3.277e+02 3.443e+02 154
41725 8 2 3 2.100e+01 2.100e+01 -2 2 4 1.662e+02 1.698e+02 34 2 2 2.100e+02 2.100e+02 -1 2 3 1.848e+02 1.932e+02 77 2 2 2.012e+02 2.188e+02 164 2 1 9.218e+00 3.278e+01 219 2 3 1.739e+02 2.041e+02 280 2 2 2.986e+01 5.414e+01 226
41726 15 0 2 6.711e+02 6.729e+02 17 0 2 2.375e+02 2.665e+02 270 0 3 5.620e+02 5.720e+02 92 0 4 2.363e+02 2.677e+02 292 0 2 6.300e+02 6.300e+02 -9 2 4 1.621e+02 1.739e+02 109 2 2 4.930e+02 5.150e+02 205 2 3 2.194e+02 2.426e+02 216 2 1 4.696e+02 4.964e+02 248 2 4 2.327e+02 2.713e+02 358 3 3 3.936e+02 4.044e+02 100 3 4 3.710e+02 3.850e+02 130 3 1 3.877e+02 4.103e+02 210 3 2 3.640e+02 3.920e+02 260 3 3 3.384e+02 3.756e+02 345
41727 76 0 1 4.824e+02 4.836e+02 11 0 4 3.766e+02 3.794e+02 26 0 1 6.084e+02 6.096e+02 10 0 4 6.720e+02 6.720e+02 -2 0 2 3.355e+02 3.365e+02 10 0 3 4.384e+02 4.436e+02 48 0 1 3.539e+02 3.601e+02 57 0 4 4.998e+02 5.082e+02 78 0 1 5.211e+02 5.289e+02 73 0 2 3.669e+02 3.891e+02 206 0 3 6.065e+02 6.115e+02 46 0 1 6.503e+02 6.517e+02 14 0 4 4.093e+02 4.307e+02 198 0 2 4.601e+02 4.639e+02 36 0 3 5.150e+02 5.350e+02 186 0 2 6.291e+02 6.309e+02 16 0 3 6.501e+02 6.519e+02 16 0 3 4.277e+02 4.543e+02 247 0 4 4.595e+02 4.645e+02 47 0 2 5.282e+02 5.638e+02 330 0 4 6.294e+02 6.306e+02 11 0 2 6.688e+02 6.752e+02 59 0 1 3.876e+02 4.104e+02 212 0 3 4.764e+02 4.896e+02 123 0 1 5.495e+02 5.845e+02 325 0 4 5.810e+02 5.950e+02 130 0 3 6.335e+02 6.685e+02 325 0 1 4.267e+02 4.553e+02 266 0 2 4.948e+02 5.132e+02 170 0 3 5.531e+02 5.809e+02 258 0 2 6.105e+02 6.495e+02 362 0 4 4.455e+02 4.785e+02 306 0 1 5.084e+02 5.416e+02 308 0 3 4.678e+02 4.982e+02 281 0 2 4.450e+02 4.790e+02 316 1 1 5.659e+02 5.681e+02 20 1 2 6.285e+02 6.315e+02 28 1 4 4.123e+02 4.277e+02 144 1 3 4.364e+02 4.456e+02 85 1 1 5.226e+02 5.274e+02 44 1 2 5.871e+02 5.889e+02 16 1 4 6.288e+02 6.312e+02 22 1 3 5.214e+02 5.286e+02 66 1 4 5.878e+02 5.882e+02 4 1 1 6.087e+02 6.093e+02 5 1 3 4.825e+02 4.835e+02 9 1 2 5.447e+02 5.473e+02 25 1 3 6.078e+02 6.102e+02 21 1 4 5.454e+02 5.466e+02 11 1 3 5.615e+02 5.725e+02 103 2 4 3.358e+02 3.362e+02 4 2 2 4.599e+02 4.641e+02 40 2 3 1.882e+01 2.318e+01 40 2 3 5.225e+02 5.275e+02 46 2 2 2.887e+02 2.993e+02 98 2 2 4.170e+01 4.230e+01 6 2 4 3.183e+02 3.537e+02 329 2 3 4.316e+02 4.504e+02 174 2 1 9.262e+00 3.274e+01 218 2 4 4.587e+02 4.653e+02 62 2 3 2.129e+02 2.491e+02 336 2 2 5.436e+02 5.484e+02 44 2 2 2.600e+01 5.800e+01 297 2 3 1.697e+02 2.083e+02 359 2 1 4.805e+02 4.855e+02 47 2 1 5.553e+02 5.787e+02 216 2 4 4.007e+02 4.393e+02 359 2 3 4.826e+02 4.834e+02 7 2 4 4.934e+02 5.146e+02 197 2 1 4.727e+02 4.933e+02 191 2 2 4.942e+02 5.138e+02 182 3 4 2.080e+02 2.120e+02 36 3 3 1.429e+01 2.771e+01 125 3 4 7.746e+01 9.054e+01 121 3 3 8.094e+00 3.391e+01 240 3 4 3.385e+01 5.015e+01 151
41728 10 0 3 5.567e+02 5.773e+02 192 0 4 5.675e+02 6.085e+02 380 1 3 6.069e+02 6.111e+02 39 2 3 1.900e+01 2.300e+01 37 2 4 5.035e+02 5.045e+02 10 2 3 1.883e+02 1.897e+02 14 2 2 4.957e+02 5.123e+02 154 2 4 3.780e+01 4.620e+01 78 2 1 5.153e+02 5.347e+02 180 2 3 5.102e+02 5.398e+02 276
41729 1 0 2 6.033e+02 6.567e+02 496
41730 5 0 4 2.920e+02 2.960e+02 38 0 3 2.641e+02 2.819e+02 165 0 2 2.782e+02 3.098e+02 293 1 4 1.414e+02 1.946e+02 495 1 4 1.004e+02 1.516e+02 475
41731 23 0 1 6.072e+02 6.108e+02 33 0 1 5.589e+02 5.751e+02 150 0 2 6.247e+02 6.353e+02 99 0 4 2.353e+02 2.687e+02 310 0 1 6.348e+02 6.672e+02 301 0 3 5.592e+02 5.748e+02 145 0 4 6.227e+02 6.373e+02 136 0 3 6.388e+02 6.632e+02 226 0 4 5.804e+02 5.956e+02 141 0 3 6.009e+02 6.171e+02 151 0 2 6.152e+02 6.448e+02 276 1 4 4.593e+02 4.647e+02 50 2 4 2.519e+02 2.521e+02 1 2 4 4.563e+02 4.677e+02 106 2 1 2.700e+02 2.760e+02 56 2 2 2.051e+02 2.149e+02 91 2 3 2.690e+02 2.770e+02 74 2 3 1.786e+02 1.994e+02 194 2 1 2.633e+02 2.827e+02 180 2 1 1.708e+02 2.072e+02 338 2 4 1.942e+02 2.258e+02 293 2 3 2.623e+02 2.837e+02 198 2 2 2.764e+02 3.116e+02 326
41732 29 0 1 6.502e+02 6.518e+02 15 0 1 5.628e+02 5.712e+02 77 0 4 5.864e+02 5.896e+02 30 0 3 6.476e+02 6.544e+02 64 0 3 5.180e+02 5.320e+02 130 0 3 5.944e+02 6.236e+02 271 0 4 6.645e+02 6.795e+02 140 0 4 4.915e+02 5.165e+02 233 0 2 6.539e+02 6.901e+02 336 0 4 4.005e+02 4.395e+02 363 0 4 4.412e+02 4.828e+02 387 0 1 5.843e+02 6.337e+02 458 0 4 6.516e+02 6.924e+02 378 0 1 4.213e+02 4.607e+02 366 0 3 4.586e+02 5.074e+02 453 0 3 4.142e+02 4.678e+02 498 1 2 6.234e+02 6.366e+02 123 2 4 1.236e+02 1.284e+02 44 2 1 1.422e+02 1.518e+02 89 2 1 1.743e+01 2.457e+01 66 2 2 1.173e+02 1.347e+02 161 2 3 1.301e+02 1.639e+02 314 2 2 3.183e+01 5.217e+01 189 2 2 6.396e+01 1.040e+02 372 2 4 3.286e+01 5.114e+01 170 2 4 5.929e+01 1.087e+02 459 2 3 8.319e+00 3.368e+01 236 2 1 -2.628e+00 4.463e+01 439 2 3 3.672e+01 8.928e+01 488
41733 3 0 4 4.894e+02 5.186e+02 270 0 4 4.822e+02 5.258e+02 405 0 2 6.476e+02 6.964e+02 454
41734 5 0 4 4.045e+02 4.355e+02 288 0 3 4.260e+02 4.560e+02 279 2 2 2.385e+01 6.015e+01 337 2 4 2.703e+01 5.697e+01 278 2 4 4.426e+02 4.814e+02 360
41735 1 1 2 3.570e+02 3.990e+02 390
41736 46 0 2 6.279e+02 6.321e+02 40 0 3 1.008e+02 1.092e+02 79 0 3 4.797e+02 4.863e+02 60 0 4 2.924e+02 2.956e+02 30 0 1 5.573e+02 5.767e+02 180 0 4 6.223e+02 6.377e+02 142 0 3 4.724e+02 4.936e+02 196 0 1 5.984e+02 6.196e+02 196 0 3 4.637e+02 5.023e+02 359 1 1 6.071e+02 6.109e+02 35 1 2 4.905e+02 5.175e+02 251 1 2 5.793e+02 5.967e+02 162 1 3 6.089e+02 6.091e+02 1 1 4 5.698e+02 6.062e+02 337 2 3 2.008e+01 2.192e+01 17 2 3 3.979e+02 4.001e+02 20 2 4 1.252e+02 1.268e+02 15 2 4 2.093e+02 2.107e+02 13 2 2 4.192e+02 4.208e+02 16 2 3 2.715e+02 2.745e+02 27 2 4 4.184e+02 4.216e+02 30 2 1 3.564e+02 3.576e+02 10 2 4 4.463e+02 4.777e+02 292 2 1 6.109e+01 6.491e+01 36 2 1 3.913e+02 4.067e+02 142 2 1 1.443e+02 1.497e+02 50 2 4 4.009e+02 4.391e+02 356 2 1 2.278e+02 2.342e+02 59 2 2 2.809e+02 3.071e+02 243 2 3 3.559e+02 3.581e+02 20 2 2 3.085e+01 5.315e+01 207 2 2 1.115e+02 1.405e+02 269 2 3 1.744e+02 2.036e+02 271 2 2 2.468e+02 2.572e+02 97 2 1 2.608e+02 2.852e+02 227 2 4 3.764e+02 3.796e+02 30 2 1 3.608e+00 3.839e+01 323 2 3 1.339e+02 1.601e+02 243 2 2 2.010e+02 2.190e+02 167 2 4 3.253e+02 3.467e+02 199 2 3 2.203e+02 2.417e+02 198 2 2 3.661e+02 3.899e+02 221 2 4 2.346e+02 2.694e+02 324 2 4 3.585e+02 3.975e+02 362 3 2 2.499e+02 2.541e+02 39 3 1 1.671e+01 2.529e+01 80
41738 3 0 1 6.466e+02 6.554e+02 81 0 4 3.940e+02 4.460e+02 483 1 2 1.216e+02 1.304e+02 82
41739 25 0 1 6.457e+02 6.563e+02 98 0 3 5.638e+02 5.702e+02 59 0 2 6.647e+02 6.793e+02 135 0 1 5.589e+02 5.751e+02 150 0 4 5.735e+02 6.025e+02 269 0 4 6.638e+02 6.802e+02 152 0 2 5.319e+02 5.601e+02 261 0 2 6.097e+02 6.503e+02 376 0 4 6.542e+02 6.898e+02 330 0 1 5.440e+02 5.900e+02 426 0 4 6.073e+02 6.527e+02 422 0 3 6.252e+02 6.768e+02 480 2 2 2.496e+02 2.544e+02 46 2 4 2.484e+02 2.556e+02 67 2 2 1.202e+02 1.318e+02 107 2 3 2.139e+02 2.481e+02 318 2 4 2.739e+01 5.661e+01 271 2 4 1.186e+02 1.334e+02 138 2 3 1.300e+02 1.640e+02 316 2 3 2.574e+02 2.886e+02 289 2 1 4.550e+00 3.745e+01 306 2 4 7.056e+01 9.744e+01 250 2 3 1.986e-01 4.180e+01 386 2 2 2.532e+01 5.868e+01 310 2 1 3.695e+01 8.905e+01 484
41740 5 0 4 5.826e+02 5.934e+02 100 0 1 5.963e+02 6.217e+02 236 0 3 5.930e+02 6.250e+02 298 2 3 1.446e+02 1.494e+02 44 2 4 5.448e+02 5.472e+02 22
41741 29 0 1 5.651e+02 5.689e+02 36 0 4 6.290e+02 6.310e+02 19 0 4 6.706e+02 6.734e+02 26 0 3 4.803e+02 4.857e+02 50 0 4 5.848e+02 5.912e+02 59 0 1 6.504e+02 6.516e+02 10 0 2 4.483e+02 4.757e+02 254 0 1 6.045e+02 6.135e+02 84 0 3 6.499e+02 6.521e+02 20 0 1 4.722e+02 4.938e+02 201 0 2 6.256e+02 6.344e+02 81 0 2 6.710e+02 6.730e+02 18 0 4 4.850e+02 5.230e+02 353 0 3 5.945e+02 6.235e+02 269 0 1 6.320e+02 6.700e+02 353 0 4 6.098e+02 6.502e+02 375 0 3 6.269e+02 6.751e+02 448 1 4 6.242e+02 6.358e+02 107 1 2 2.022e+02 2.178e+02 146 1 3 5.957e+02 6.223e+02 247 2 3 1.034e+02 1.066e+02 30 2 1 1.457e+02 1.483e+02 24 2 4 1.204e+02 1.316e+02 105 2 3 1.464e+02 1.476e+02 10 2 2 1.147e+02 1.373e+02 210 2 1 1.815e+02 1.965e+02 139 2 4 1.077e+02 1.443e+02 340 2 2 1.598e+02 1.762e+02 152 2 3 1.764e+02 2.016e+02 235
41742 16 0 1 6.492e+02 6.528e+02 34 0 1 3.978e+02 4.002e+02 22 0 2 6.267e+02 6.333e+02 62 0 3 6.475e+02 6.545e+02 65 0 4 6.236e+02 6.364e+02 118 0 2 6.673e+02 6.767e+02 87 0 3 5.967e+02 6.213e+02 229 0 4 6.672e+02 6.768e+02 89 0 2 6.161e+02 6.439e+02 258 0 1 5.900e+02 6.280e+02 352 1 4 5.424e+02 5.496e+02 67 2 4 3.357e+02 3.363e+02 6 2 1 2.026e+01 2.174e+01 14 2 1 5.987e+00 3.601e+01 279 2 3 9.978e+00 3.202e+01 205 3 1 4.295e+02 4.525e+02 213
41744 30 0 3 3.979e+02 4.001e+02 20 0 4 4.188e+02 4.212e+02 23 0 2 4.967e+02 5.113e+02 136 0 2 5.322e+02 5.598e+02 257 0 3 6.057e+02 6.123e+02 61 0 4 4.051e+02 4.349e+02 277 0 4 4.917e+02 5.163e+02 229 0 3 5.564e+02 5.776e+02 197 0 2 6.225e+02 6.375e+02 139 0 1 4.310e+02 4.510e+02 186 0 1 4.636e+02 5.024e+02 360 0 1 5.428e+02 5.912e+02 449 0 4 6.232e+02 6.368e+02 126 0 3 4.176e+02 4.644e+02 435 0 2 4.804e+02 5.276e+02 438 0 3 5.011e+02 5.489e+02 443 0 3 5.961e+02 6.219e+02 239 0 1 4.578e+02 5.082e+02 469 0 4 5.710e+02 6.050e+02 316 0 2 6.053e+02 6.547e+02 459 0 4 6.042e+02 6.558e+02 480 0 1 5.846e+02 6.334e+02 453 0 3 5.851e+02 6.329e+02 445 1 4 5.853e+02 5.907e+02 50 1 3 5.586e+02 5.754e+02 156 1 1 5.488e+02 5.852e+02 337 1 2 5.696e+02 6.064e+02 342 2 3 1.945e+01 2.255e+01 29 2 1 6.031e+00 3.597e+01 278 2 2 2.573e+01 5.827e+01 302
41745 16 1 2 2.907e+02 2.973e+02 61 2 1 3.563e+02 3.577e+02 13 2 3 3.976e+02 4.004e+02 26 2 3 1.861e+02 1.919e+02 53 2 4 2.893e+02 2.987e+02 87 2 4 3.327e+02 3.393e+02 61 2 3 1.644e+01 2.556e+01 85 2 4 1.653e+02 1.707e+02 50 2 1 3.108e+02 3.192e+02 79 2 3 3.516e+02 3.624e+02 100 2 3 3.090e+02 3.210e+02 112 2 4 3.698e+02 3.862e+02 151 2 2 2.751e+02 3.129e+02 351 2 2 3.175e+02 3.545e+02 344 3 3 6.004e+02 6.176e+02 160 3 3 5.895e+02 6.285e+02 363
41746 11 0 4 6.293e+02 6.307e+02 13 0 4 6.052e+02 6.548e+02 461 0 4 6.537e+02 6.903e+02 340 1 2 6.173e+02 6.427e+02 236 2 1 5.612e+02 5.728e+02 107 2 3 5.217e+02 5.283e+02 60 2 4 4.893e+02 5.187e+02 274 2 1 2.127e+00 3.987e+01 350 2 2 5.376e+02 5.544e+02 156 2 3 1.050e+00 4.095e+01 370 3 4 5.689e+02 6.071e+02 355
41753 5 0 3 4.388e+02 4.432e+02 40 0 1 5.952e+02 6.228e+02 256 0 2 4.427e+02 4.813e+02 358 0 2 4.771e+02 5.309e+02 499 0 3 5.002e+02 5.498e+02 460
41754 6 0 3 4.289e+02 4.531e+02 224 0 1 3.891e+02 4.089e+02 184 0 4 4.066e+02 4.334e+02 248 2 3 4.402e+02 4.418e+02 16 2 4 4.078e+02 4.322e+02 226 2 2 4.469e+02 4.771e+02 280
41755 13 0 2 6.649e+02 6.791e+02 131 0 4 6.656e+02 6.784e+02 120 2 4 3.663e+01 4.737e+01 100 2 3 1.013e+02 1.087e+02 68 2 1 1.410e+02 1.530e+02 111 2 2 2.458e+02 2.582e+02 116 2 1 3.467e+02 3.673e+02 192 2 2 3.286e+01 5.114e+01 170 2 2 7.150e+01 9.650e+01 232 2 3 1.739e+02 2.041e+02 280 2 3 2.151e+02 2.469e+02 295 2 4 1.066e+02 1.454e+02 360 2 4 2.397e+02 2.643e+02 229
41756 0
41758 13 0 4 6.550e+02 6.890e+02 316 0 1 3.798e+02 4.182e+02 356 0 2 3.520e+02 4.040e+02 483 1 2 6.078e+02 6.522e+02 412 1 4 6.081e+02 6.519e+02 407 2 2 1.180e+02 1.340e+02 149 2 4 1.172e+02 1.348e+02 164 2 4 5.275e+02 5.645e+02 343 2 3 9.308e+01 1.169e+02 221 3 2 7.850e+01 8.950e+01 102 3 4 7.720e+01 9.080e+01 126 3 3 4.803e+01 7.797e+01 278 3 1 4.799e+01 7.801e+01 279
41759 33 0 2 3.343e+02 3.377e+02 31 0 4 3.316e+02 3.404e+02 81 0 4 1.485e+02 1.875e+02 362 0 1 3.455e+02 3.685e+02 213 1 2 2.940e+02 2.940e+02 -1 1 4 6.118e+02 6.482e+02 339 2 2 4.197e+01 4.203e+01 0 2 4 3.309e+02 3.411e+02 94 2 3 3.953e+02 4.027e+02 69 2 3 1.887e+01 2.313e+01 40 2 2 4.588e+02 4.652e+02 60 2 4 2.449e+02 2.591e+02 132 2 4 5.841e+02 5.919e+02 72 2 1 3.558e+02 3.582e+02 23 2 1 3.858e+02 4.122e+02 246 2 1 5.530e+01 7.070e+01 143 2 1 4.774e+02 4.886e+02 105 2 4 1.218e+02 1.302e+02 78 2 4 5.304e+02 5.616e+02 289 2 3 3.543e+02 3.597e+02 50 2 1 6.053e+02 6.127e+02 70 2 3 5.862e+01 6.738e+01 81 2 2 4.050e+02 4.350e+02 279 2 2 6.517e+01 1.028e+02 350 2 4 4.461e+02 4.779e+02 295 2 4 3.716e+02 3.844e+02 120 2 3 5.935e+02 6.245e+02 287 2 4 3.188e+01 5.212e+01 188 2 3 4.264e+02 4.556e+02 270 2 4 3.214e+02 3.506e+02 270 2 2 4.845e+02 5.235e+02 362 2 2 3.595e+02 3.965e+02 344 2 2 5.740e+02 6.020e+02 260
41763 6 0 2 6.108e+02 6.492e+02 357 0 4 6.124e+02 6.476e+02 327 0 3 5.851e+02 6.329e+02 444 0 3 6.247e+02 6.773e+02 489 2 2 1.922e+01 6.478e+01 423 2 1 1.210e+02 1.730e+02 482
41764 8 2 2 3.333e+02 3.387e+02 50 2 3 9.357e+01 1.164e+02 212 2 3 3.056e+02 3.244e+02 175 2 2 1.148e+02 1.372e+02 208 2 4 2.741e+02 3.139e+02 370 2 1 3.419e+02 3.721e+02 280 2 4 1.169e+02 1.351e+02 170 2 1 2.962e+02 3.338e+02 350
41765 13 0 3 5.213e+02 5.287e+02 68 0 4 5.868e+02 5.892e+02 22 0 2 5.008e+02 5.072e+02 59 0 3 5.606e+02 5.734e+02 118 0 1 6.068e+02 6.112e+02 40 0 2 5.321e+02 5.599e+02 259 0 3 6.074e+02 6.106e+02 30 0 4 6.195e+02 6.405e+02 196 0 4 5.705e+02 6.055e+02 325 1 4 5.388e+02 5.532e+02 133 2 3 3.030e+02 3.270e+02 223 2 4 3.208e+02 3.512e+02 282 2 1 3.388e+02 3.752e+02 337
41769 0
41771 67 0 1 6.490e+02 6.530e+02 37 0 3 1.884e+02 1.896e+02 11 0 3 5.248e+02 5.252e+02 5 0 4 2.089e+02 2.111e+02 20 0 4 5.866e+02 5.894e+02 26 0 1 2.295e+02 2.325e+02 27 0 3 6.495e+02 6.525e+02 28 0 4 4.167e+02 4.233e+02 62 0 2 2.471e+02 2.569e+02 91 0 2 5.011e+02 5.069e+02 55 0 3 2.558e+02 2.902e+02 320 0 1 5.658e+02 5.682e+02 23 0 4 2.371e+02 2.669e+02 277 0 1 6.067e+02 6.113e+02 42 0 1 2.166e+02 2.454e+02 267 0 2 6.680e+02 6.760e+02 74 0 4 4.084e+02 4.316e+02 216 0 2 4.583e+02 4.657e+02 69 0 3 5.660e+02 5.680e+02 18 0 3 6.081e+02 6.099e+02 16 0 4 6.680e+02 6.760e+02 75 0 1 4.313e+02 4.507e+02 180 0 4 4.581e+02 4.659e+02 72 0 1 5.181e+02 5.319e+02 129 0 4 6.249e+02 6.351e+02 94 0 1 6.353e+02 6.667e+02 291 0 3 4.241e+02 4.579e+02 313 0 1 4.661e+02 4.999e+02 315 0 2 5.406e+02 5.514e+02 100 0 2 6.223e+02 6.377e+02 143 0 3 6.341e+02 6.679e+02 313 0 1 3.876e+02 4.104e+02 212 0 3 4.633e+02 5.027e+02 366 0 3 5.498e+02 5.842e+02 320 0 2 6.110e+02 6.490e+02 353 0 2 6.557e+02 6.883e+02 302 0 4 4.018e+02 4.382e+02 338 0 2 4.854e+02 5.226e+02 346 0 4 6.125e+02 6.475e+02 326 1 3 5.645e+02 5.695e+02 46 1 1 6.080e+02 6.100e+02 18 1 4 4.609e+02 4.631e+02 20 1 2 5.814e+02 5.946e+02 123 1 3 6.078e+02 6.102e+02 22 1 4 5.817e+02 5.943e+02 117 1 2 6.294e+02 6.306e+02 11 1 1 5.077e+02 5.423e+02 321 1 2 5.396e+02 5.524e+02 119 1 4 6.297e+02 6.303e+02 6 2 1 1.887e+02 1.893e+02 6 2 4 2.504e+02 2.536e+02 29 2 1 3.126e+02 3.174e+02 46 2 4 3.725e+02 3.835e+02 102 2 1 1.707e+01 2.493e+01 73 2 3 1.882e+02 1.898e+02 16 2 4 2.870e+02 3.010e+02 130 2 4 3.322e+02 3.398e+02 71 2 3 1.160e+01 3.040e+01 175 2 3 1.440e+02 1.500e+02 56 2 2 2.017e+02 2.183e+02 155 2 2 2.811e+02 3.069e+02 240 2 3 3.515e+02 3.625e+02 102 2 4 1.574e+02 1.786e+02 197 2 4 1.914e+02 2.286e+02 345 2 3 2.967e+02 3.333e+02 340 2 1 1.694e+02 2.086e+02 365 3 1 1.725e+01 2.475e+01 70
