6528 0
6530 1 2 1 2.026e+01 2.174e+01 14
6531 5 0 1 6.090e+02 6.090e+02 -24 0 4 6.717e+02 6.723e+02 6 0 2 6.680e+02 6.760e+02 74 0 4 5.784e+02 5.976e+02 179 0 4 6.653e+02 6.787e+02 124
6532 14 0 1 6.498e+02 6.522e+02 22 0 3 6.507e+02 6.513e+02 6 0 2 6.108e+02 6.492e+02 356 1 4 6.195e+02 6.405e+02 195 2 1 6.113e+01 6.487e+01 35 2 3 6.032e+01 6.568e+01 50 2 3 5.963e+02 6.217e+02 236 2 2 2.313e+01 6.087e+01 350 2 4 2.586e+01 5.814e+01 300 2 4 6.127e+02 6.473e+02 320 3 3 1.411e+01 2.789e+01 128 3 4 3.556e+01 4.844e+01 120 3 1 1.276e+01 2.924e+01 153 3 2 2.950e+01 5.450e+01 232
6533 3 3 3 5.553e+02 5.787e+02 218 3 2 5.295e+02 5.625e+02 306 3 4 5.291e+02 5.629e+02 313
6534 58 0 3 4.410e+02 4.410e+02 -10 0 3 1.030e+02 1.070e+02 37 0 3 4.828e+02 4.832e+02 4 0 2 1.674e+02 1.686e+02 10 0 2 6.271e+02 6.329e+02 54 0 4 3.734e+02 3.826e+02 86 0 3 6.510e+02 6.510e+02 -19 0 3 1.865e+02 1.915e+02 46 0 1 3.960e+02 4.020e+02 56 0 2 7.029e+01 9.771e+01 255 0 1 4.787e+02 4.873e+02 80 0 1 1.459e+02 1.481e+02 20 0 2 5.407e+02 5.513e+02 98 0 4 1.960e+02 2.240e+02 260 0 4 6.284e+02 6.316e+02 29 0 1 9.232e+01 1.177e+02 236 0 2 6.714e+02 6.726e+02 10 0 3 1.791e+02 1.989e+02 185 0 3 3.932e+02 4.048e+02 108 0 4 4.478e+02 4.762e+02 263 0 1 5.600e+02 5.740e+02 130 0 4 5.820e+02 5.940e+02 112 0 4 6.720e+02 6.720e+02 -3 0 4 4.103e+02 4.297e+02 180 0 4 4.871e+02 5.209e+02 315 0 3 5.536e+02 5.804e+02 249 0 1 5.982e+02 6.198e+02 200 0 1 6.498e+02 6.522e+02 23 0 2 4.447e+02 4.793e+02 320 0 3 5.926e+02 6.254e+02 305 0 3 6.387e+02 6.633e+02 229 0 2 6.139e+02 6.461e+02 299 1 1 6.090e+02 6.090e+02 -9 1 2 4.574e+02 4.666e+02 85 1 2 5.428e+02 5.492e+02 59 1 4 4.138e+02 4.262e+02 115 1 2 6.300e+02 6.300e+02 -9 1 4 4.478e+02 4.762e+02 265 1 3 5.106e+02 5.394e+02 267 1 1 5.533e+02 5.807e+02 255 1 4 6.280e+02 6.320e+02 37 1 3 4.689e+02 4.971e+02 262 1 2 5.702e+02 6.058e+02 330 1 3 6.056e+02 6.124e+02 63 2 4 1.673e+02 1.687e+02 14 2 4 4.049e+01 4.351e+01 28 2 3 1.878e+02 1.902e+02 22 2 4 5.416e+02 5.504e+02 82 2 2 2.100e+02 2.100e+02 -16 2 3 5.609e+02 5.731e+02 114 2 3 2.730e+02 2.730e+02 -1 2 3 5.256e+01 7.344e+01 194 2 1 2.277e+02 2.343e+02 61 2 4 2.905e+02 2.975e+02 66 2 2 3.120e+01 5.280e+01 200 2 2 6.701e+01 1.010e+02 316 2 4 2.406e+02 2.634e+02 211 2 3 2.160e+02 2.460e+02 278
6535 11 2 1 2.053e+01 2.147e+01 9 2 4 8.299e+01 8.501e+01 19 2 2 6.716e+02 6.724e+02 8 2 3 2.084e+01 2.116e+01 3 2 2 1.181e+02 1.339e+02 147 2 4 6.625e+02 6.815e+02 176 2 2 2.438e+01 5.962e+01 327 2 3 6.345e+02 6.675e+02 307 2 4 1.207e+02 1.313e+02 99 2 3 9.115e+01 1.188e+02 257 2 2 6.845e+01 9.955e+01 289
6537 0
6538 0
6539 0
6540 1 1 4 2.520e+02 2.520e+02 -2
6543 6 0 3 5.248e+02 5.252e+02 3 0 4 5.859e+02 5.901e+02 40 0 1 6.043e+02 6.137e+02 88 0 2 6.532e+02 6.908e+02 350 0 3 5.480e+02 5.860e+02 353 0 1 5.069e+02 5.431e+02 336
6544 0
6546 9 0 4 5.863e+02 5.897e+02 32 0 1 5.574e+02 5.766e+02 179 0 3 5.551e+02 5.789e+02 220 1 4 6.265e+02 6.335e+02 65 1 3 5.979e+02 6.201e+02 206 1 2 6.228e+02 6.372e+02 135 2 3 2.295e+02 2.325e+02 28 2 4 2.003e+02 2.197e+02 180 2 3 1.726e+02 2.054e+02 306
6548 0
6550 33 0 3 4.790e+02 4.870e+02 75 0 3 5.247e+02 5.253e+02 6 0 1 6.090e+02 6.090e+02 -8 0 2 5.015e+02 5.065e+02 47 0 3 6.062e+02 6.118e+02 52 0 4 4.561e+02 4.679e+02 110 0 2 6.130e+02 6.470e+02 316 0 3 4.692e+02 4.968e+02 256 1 2 5.777e+02 5.983e+02 192 2 1 1.858e+02 1.922e+02 59 2 4 6.283e+02 6.317e+02 32 2 2 3.924e+01 4.476e+01 51 2 3 5.211e+02 5.289e+02 72 2 3 1.437e+02 1.503e+02 60 2 4 5.830e+02 5.930e+02 92 2 1 5.400e+01 7.200e+01 167 2 4 4.937e+02 5.143e+02 191 2 4 1.161e+02 1.359e+02 185 2 2 5.372e+02 5.548e+02 163 2 2 1.620e+02 1.740e+02 112 2 2 5.756e+02 6.004e+02 230 2 3 4.951e+01 7.649e+01 250 2 4 5.403e+02 5.517e+02 106 2 4 7.172e+01 9.628e+01 228 2 4 5.749e+02 6.011e+02 243 2 4 1.622e+02 1.738e+02 107 2 1 5.611e+02 5.729e+02 110 2 1 8.050e+00 3.395e+01 240 2 4 5.305e+02 5.615e+02 288 2 4 1.045e+02 1.475e+02 400 2 3 5.064e+02 5.436e+02 345 2 3 1.815e+02 1.965e+02 140 2 1 1.327e+02 1.613e+02 266
6551 36 0 1 1.470e+02 1.470e+02 -10 0 4 5.880e+02 5.880e+02 -9 0 3 6.510e+02 6.510e+02 -4 0 1 9.910e+01 1.109e+02 110 0 1 5.174e+02 5.326e+02 140 0 3 1.846e+02 1.934e+02 82 0 3 6.090e+02 6.090e+02 -22 0 2 1.142e+02 1.378e+02 220 0 2 6.710e+02 6.730e+02 19 0 2 1.645e+02 1.715e+02 66 0 2 4.934e+02 5.146e+02 196 0 1 1.804e+02 1.976e+02 160 0 3 5.191e+02 5.309e+02 109 0 4 1.524e+02 1.836e+02 290 0 2 6.300e+02 6.300e+02 -21 0 4 6.700e+02 6.740e+02 38 0 4 4.913e+02 5.167e+02 236 0 2 5.373e+02 5.547e+02 162 0 4 6.300e+02 6.300e+02 -5 0 1 6.487e+02 6.533e+02 42 0 1 5.582e+02 5.758e+02 164 0 1 6.053e+02 6.127e+02 70 0 4 6.643e+02 6.797e+02 143 2 2 3.305e+02 3.415e+02 102 2 4 4.067e+01 4.333e+01 25 2 4 2.405e+02 2.635e+02 214 2 1 3.532e+02 3.608e+02 70 2 3 2.100e+01 2.100e+01 -3 2 4 1.210e+02 1.310e+02 92 2 3 2.964e+02 3.336e+02 346 2 4 3.273e+02 3.447e+02 161 2 2 2.910e+01 5.490e+01 240 2 3 9.385e+01 1.162e+02 207 2 3 3.381e+02 3.759e+02 351 2 4 2.986e+01 5.414e+01 226 2 2 1.122e+02 1.398e+02 256
6552 8 0 1 1.692e+02 2.088e+02 368 0 3 6.316e+02 6.704e+02 360 0 3 1.661e+02 2.119e+02 426 0 1 6.255e+02 6.765e+02 473 0 2 6.455e+02 6.985e+02 492 1 2 6.090e+02 6.510e+02 390 1 4 6.033e+02 6.567e+02 496 2 4 3.523e+02 4.037e+02 478
6553 10 0 2 6.281e+02 6.319e+02 35 0 1 6.003e+02 6.177e+02 162 0 3 6.388e+02 6.632e+02 227 0 4 6.155e+02 6.445e+02 270 0 2 6.582e+02 6.858e+02 256 2 4 5.867e+02 5.893e+02 25 2 3 6.081e+02 6.099e+02 16 2 1 6.423e+02 6.597e+02 161 2 2 6.289e+02 6.311e+02 20 2 4 5.714e+02 6.046e+02 308
6554 5 0 2 6.719e+02 6.721e+02 2 0 2 6.578e+02 6.862e+02 264 0 4 6.553e+02 6.887e+02 310 2 4 1.205e+02 1.315e+02 101 2 3 8.994e+01 1.201e+02 280
6558 2 2 3 1.467e+02 1.473e+02 6 2 4 1.107e+02 1.413e+02 284
6559 2 0 3 8.693e+01 1.231e+02 336 0 1 5.105e+02 5.395e+02 270
6561 26 0 3 6.081e+02 6.099e+02 17 0 3 5.657e+02 5.683e+02 24 0 4 5.849e+02 5.911e+02 57 0 3 6.430e+02 6.590e+02 148 0 3 4.292e+02 4.528e+02 219 0 1 5.543e+02 5.797e+02 236 0 2 6.226e+02 6.374e+02 138 0 2 6.657e+02 6.783e+02 116 0 4 4.080e+02 4.320e+02 223 0 2 5.324e+02 5.596e+02 253 0 4 6.197e+02 6.403e+02 192 0 4 6.640e+02 6.800e+02 148 0 1 5.077e+02 5.423e+02 320 0 3 5.949e+02 6.231e+02 261 0 1 6.414e+02 6.606e+02 179 1 3 9.156e+01 1.184e+02 250 1 2 1.102e+02 1.418e+02 294 2 2 4.200e+01 4.200e+01 -24 2 3 1.049e+02 1.051e+02 2 2 4 1.661e+02 1.699e+02 35 2 4 3.888e+01 4.512e+01 58 2 2 7.392e+01 9.408e+01 187 2 1 1.732e+02 2.048e+02 294 2 3 7.599e+00 3.440e+01 249 2 3 1.301e+02 1.639e+02 313 2 1 5.009e+01 7.591e+01 240
6563 6 1 4 5.292e+02 5.628e+02 311 1 2 6.109e+02 6.491e+02 355 2 2 1.253e+02 1.267e+02 13 2 1 1.056e+01 3.144e+01 194 2 4 1.160e+02 1.360e+02 186 2 3 8.909e+01 1.209e+02 296
6564 45 0 4 3.351e+02 3.369e+02 17 0 3 5.243e+02 5.257e+02 13 0 4 2.492e+02 2.548e+02 51 0 2 6.275e+02 6.325e+02 47 0 2 3.668e+01 4.732e+01 99 0 1 6.471e+02 6.549e+02 73 0 3 1.007e+01 3.193e+01 203 0 1 4.788e+02 4.872e+02 79 0 4 2.744e+02 3.136e+02 365 0 2 5.440e+02 5.480e+02 37 0 4 3.163e+02 3.557e+02 366 0 4 6.274e+02 6.326e+02 48 0 3 6.419e+02 6.601e+02 170 0 3 4.315e+02 4.505e+02 177 0 3 4.735e+02 4.925e+02 177 0 1 5.135e+02 5.365e+02 213 0 1 6.017e+02 6.163e+02 135 0 2 6.689e+02 6.751e+02 58 0 2 4.967e+02 5.113e+02 136 0 1 5.530e+02 5.810e+02 260 0 4 6.174e+02 6.426e+02 235 0 4 6.649e+02 6.791e+02 131 1 4 6.293e+02 6.307e+02 14 1 4 5.843e+02 5.917e+02 69 1 1 6.073e+02 6.107e+02 31 1 1 5.608e+02 5.732e+02 115 1 3 6.066e+02 6.114e+02 45 1 3 5.527e+02 5.813e+02 265 1 2 6.271e+02 6.329e+02 55 1 2 5.709e+02 6.051e+02 317 1 3 5.908e+02 6.272e+02 338 2 3 1.039e+02 1.061e+02 20 2 1 1.873e+01 2.327e+01 42 2 4 7.980e+01 8.820e+01 78 2 3 1.874e+02 1.906e+02 30 2 3 4.683e+02 4.977e+02 274 2 4 3.811e+01 4.589e+01 72 2 4 6.620e+02 6.820e+02 186 2 4 1.580e+02 1.780e+02 186 2 4 4.902e+02 5.178e+02 256 2 1 9.154e-01 4.108e+01 373 2 2 1.502e+02 1.858e+02 330 2 3 3.921e+00 3.808e+01 317 2 4 1.484e+02 1.876e+02 365 3 3 1.676e+01 2.524e+01 79
6568 1 1 4 2.391e+02 2.649e+02 239
