1234 21 0 3 6.073e+02 6.107e+02 31 0 3 6.492e+02 6.528e+02 33 0 2 6.283e+02 6.317e+02 31 0 2 6.714e+02 6.726e+02 11 0 4 6.240e+02 6.360e+02 111 0 4 6.702e+02 6.738e+02 34 0 4 6.122e+02 6.478e+02 330 0 1 6.391e+02 6.629e+02 221 0 3 6.378e+02 6.642e+02 246 2 1 5.239e+02 5.261e+02 20 2 1 1.263e+01 2.937e+01 156 2 2 1.208e+02 1.312e+02 96 2 2 4.913e+02 5.167e+02 236 2 2 2.892e+01 5.508e+01 243 2 3 5.123e+02 5.377e+02 236 2 4 8.043e+01 8.757e+01 66 2 4 4.450e+02 4.790e+02 316 2 4 2.699e+01 5.701e+01 279 2 3 9.582e+01 1.142e+02 170 2 2 6.679e+01 1.012e+02 320 2 2 1.095e+02 1.424e+02 306
1235 10 2 4 4.568e+02 4.672e+02 97 2 4 4.118e+02 4.282e+02 151 3 3 3.971e+02 4.009e+02 35 3 1 3.551e+02 3.589e+02 35 3 1 4.349e+02 4.471e+02 113 3 4 3.198e+02 3.522e+02 300 3 1 3.934e+02 4.046e+02 104 3 4 4.106e+02 4.294e+02 176 3 3 4.324e+02 4.496e+02 160 3 2 4.071e+02 4.329e+02 240
1236 1 0 4 5.763e+02 5.997e+02 218
1237 18 0 4 6.254e+02 6.346e+02 86 0 4 3.339e+02 3.381e+02 40 0 3 2.288e+02 2.332e+02 40 0 4 5.834e+02 5.926e+02 86 0 4 3.275e+02 3.445e+02 157 0 1 5.478e+02 5.862e+02 356 0 4 2.320e+02 2.720e+02 372 0 2 6.265e+02 6.335e+02 66 0 4 2.776e+02 3.104e+02 306 0 3 6.371e+02 6.649e+02 258 0 3 1.688e+02 2.092e+02 376 0 3 5.966e+02 6.214e+02 230 0 3 2.121e+02 2.499e+02 350 0 1 5.914e+02 6.266e+02 326 0 3 2.542e+02 2.918e+02 349 0 2 6.093e+02 6.507e+02 384 1 4 6.254e+02 6.346e+02 86 2 3 6.024e+01 6.576e+01 51
1238 0
1239 2 0 2 6.680e+02 6.760e+02 75 0 2 6.544e+02 6.896e+02 327
1240 50 0 4 4.618e+02 4.622e+02 5 0 3 3.919e+02 4.061e+02 132 0 4 4.075e+02 4.325e+02 232 0 2 6.568e+02 6.872e+02 283 0 4 6.531e+02 6.909e+02 350 1 1 6.066e+02 6.114e+02 45 1 1 5.237e+02 5.263e+02 24 1 1 4.337e+02 4.483e+02 136 1 2 6.257e+02 6.343e+02 80 1 2 5.734e+02 6.026e+02 270 1 4 6.167e+02 6.433e+02 246 1 3 5.061e+02 5.439e+02 350 1 2 5.330e+02 5.590e+02 241 2 4 5.433e+02 5.487e+02 50 2 3 3.137e+02 3.163e+02 25 2 4 5.874e+02 5.886e+02 10 2 2 3.766e+02 3.794e+02 26 2 3 4.359e+02 4.461e+02 94 2 4 4.054e+01 4.346e+01 27 2 2 5.002e+02 5.078e+02 71 2 3 1.437e+02 1.503e+02 60 2 3 5.645e+02 5.695e+02 47 2 4 2.867e+02 3.013e+02 136 2 3 6.082e+02 6.098e+02 16 2 4 3.297e+02 3.423e+02 117 2 2 6.619e+02 6.821e+02 187 2 1 6.028e+01 6.572e+01 50 2 1 3.966e+02 4.014e+02 44 2 2 1.153e+02 1.367e+02 199 2 4 5.022e+02 5.058e+02 34 2 1 3.042e+02 3.258e+02 201 2 4 5.345e+02 5.575e+02 214 2 1 3.477e+02 3.663e+02 173 2 2 5.740e+02 6.020e+02 260 2 2 3.367e+01 5.033e+01 155 2 4 6.612e+02 6.828e+02 200 2 4 1.079e+02 1.441e+02 336 2 4 4.156e+02 4.244e+02 81 2 4 3.668e+02 3.892e+02 207 2 4 4.530e+02 4.710e+02 167 2 3 4.377e+01 8.223e+01 357 2 1 5.545e+02 5.795e+02 233 2 2 3.217e+02 3.503e+02 266 2 1 3.831e+02 4.149e+02 295 2 3 1.858e+00 4.014e+01 356 2 3 4.714e+02 4.946e+02 215 2 3 3.441e+02 3.699e+02 239 2 1 5.143e+02 5.357e+02 198 2 2 4.009e+02 4.391e+02 356 2 1 4.695e+02 4.965e+02 251
1241 2 2 1 5.663e+02 5.677e+02 12 3 1 6.398e+02 6.622e+02 207
1242 13 0 4 3.734e+02 3.826e+02 86 0 1 2.562e+02 2.898e+02 311 0 2 6.629e+02 6.811e+02 170 0 1 3.519e+02 3.621e+02 95 0 4 6.584e+02 6.856e+02 252 0 1 1.354e+02 1.586e+02 215 0 2 3.171e+02 3.549e+02 351 0 1 6.271e+02 6.749e+02 443 0 2 2.688e+02 3.192e+02 469 0 2 6.493e+02 6.947e+02 422 0 1 3.322e+02 3.818e+02 461 1 1 5.984e+02 6.196e+02 196 1 2 6.157e+02 6.443e+02 266
1243 10 0 1 6.392e+02 6.628e+02 220 0 3 3.896e+02 4.084e+02 175 0 2 4.507e+02 4.733e+02 210 0 3 6.372e+02 6.648e+02 256 0 2 3.555e+02 4.005e+02 418 0 4 4.400e+02 4.840e+02 408 0 4 6.057e+02 6.543e+02 451 0 4 3.996e+02 4.404e+02 380 0 3 4.573e+02 5.087e+02 476 2 4 1.089e+02 1.431e+02 318
1244 9 0 3 5.250e+02 5.250e+02 -0 0 2 4.971e+02 5.109e+02 128 0 1 6.503e+02 6.517e+02 14 0 4 4.879e+02 5.201e+02 299 0 1 5.075e+02 5.425e+02 326 0 3 6.499e+02 6.521e+02 20 0 1 6.381e+02 6.639e+02 239 2 2 1.248e+02 1.272e+02 21 2 3 8.684e+01 1.232e+02 337
1245 0
1246 18 2 1 4.400e+02 4.420e+02 18 2 3 3.947e+02 4.033e+02 80 2 1 4.691e+02 4.969e+02 258 2 2 4.168e+02 4.232e+02 59 2 4 4.175e+02 4.225e+02 47 2 1 4.228e+02 4.592e+02 337 2 3 4.240e+02 4.580e+02 316 3 3 5.249e+02 5.251e+02 2 3 3 4.310e+02 4.510e+02 186 3 4 5.460e+02 5.460e+02 -0 3 1 4.817e+02 4.843e+02 25 3 4 4.121e+02 4.279e+02 147 3 3 4.821e+02 4.839e+02 17 3 3 4.208e+02 4.612e+02 376 3 2 5.313e+02 5.607e+02 274 3 4 4.898e+02 5.182e+02 264 3 1 5.096e+02 5.404e+02 286 3 2 4.852e+02 5.228e+02 349
1247 0
1248 73 0 3 4.793e+02 4.867e+02 70 0 3 6.073e+01 6.527e+01 42 0 1 5.664e+02 5.676e+02 11 0 3 2.181e+02 2.439e+02 240 0 1 6.485e+02 6.535e+02 46 0 2 3.242e+02 3.478e+02 220 0 4 4.982e+02 5.098e+02 108 0 4 2.350e+02 2.690e+02 316 0 3 5.618e+02 5.722e+02 96 0 1 3.440e+02 3.700e+02 242 0 4 5.849e+02 5.911e+02 58 0 2 2.214e+01 6.186e+01 369 0 3 6.453e+02 6.567e+02 106 0 3 5.153e+02 5.347e+02 180 0 1 6.048e+02 6.132e+02 79 0 2 6.638e+02 6.802e+02 153 0 2 4.839e+02 5.241e+02 374 0 2 5.404e+02 5.516e+02 104 0 2 6.229e+02 6.371e+02 132 0 4 6.636e+02 6.804e+02 156 0 1 5.528e+02 5.812e+02 263 0 4 5.773e+02 5.987e+02 199 0 1 6.412e+02 6.608e+02 181 0 1 5.151e+02 5.349e+02 183 0 1 5.899e+02 6.281e+02 355 0 3 5.068e+02 5.432e+02 339 0 2 6.120e+02 6.480e+02 335 0 1 5.058e+02 5.442e+02 356 1 1 6.087e+02 6.093e+02 6 1 4 5.873e+02 5.887e+02 12 1 3 6.085e+02 6.095e+02 10 1 3 4.710e+02 4.950e+02 223 1 1 5.565e+02 5.775e+02 195 1 2 6.281e+02 6.319e+02 35 1 2 5.799e+02 5.961e+02 151 1 4 6.274e+02 6.326e+02 49 1 4 5.782e+02 5.978e+02 181 1 1 5.913e+02 6.267e+02 330 1 3 5.482e+02 5.858e+02 350 2 1 2.721e+02 2.739e+02 17 2 4 5.449e+02 5.471e+02 20 2 4 3.742e+02 3.818e+02 71 2 4 4.103e+01 4.297e+01 18 2 1 3.970e+02 4.010e+02 38 2 2 8.267e+01 8.533e+01 25 2 3 1.846e+02 1.934e+02 82 2 3 3.861e+02 4.119e+02 240 2 2 2.100e+02 2.100e+02 -0 2 3 2.724e+02 2.736e+02 11 2 1 5.988e+01 6.612e+01 58 2 4 7.298e+01 9.502e+01 205 2 4 1.518e+02 1.842e+02 300 2 1 2.290e+02 2.330e+02 37 2 3 2.625e+02 2.835e+02 196 2 2 3.651e+02 3.909e+02 240 2 1 1.931e+01 2.269e+01 31 2 4 2.393e+02 2.647e+02 236 2 2 2.761e+02 3.119e+02 332 2 3 5.543e+01 7.057e+01 140 2 2 2.896e+01 5.504e+01 242 2 3 2.396e+00 3.960e+01 346 2 2 2.313e+01 6.087e+01 350 3 4 1.256e+02 1.264e+02 7 3 4 8.016e+01 8.784e+01 71 3 4 2.100e+02 2.100e+02 -0 3 3 3.048e+02 3.252e+02 190 3 4 3.888e+01 4.512e+01 58 3 4 1.650e+02 1.710e+02 56 3 2 3.315e+02 3.405e+02 84 3 4 2.420e+01 5.980e+01 330 3 4 1.109e+02 1.411e+02 280 3 4 3.200e+02 3.520e+02 296 3 2 2.786e+02 3.094e+02 286
1249 6 0 2 1.982e+02 2.218e+02 219 0 1 1.627e+02 2.153e+02 488 0 1 2.055e+02 2.565e+02 473 1 2 6.277e+02 6.323e+02 43 2 3 4.610e+01 7.990e+01 314 2 1 5.987e+00 3.601e+01 279
1250 36 0 2 6.657e+02 6.783e+02 116 0 3 6.071e+02 6.109e+02 35 0 4 6.684e+02 6.756e+02 67 0 4 6.276e+02 6.324e+02 45 0 3 5.896e+02 6.284e+02 360 1 3 6.070e+02 6.110e+02 37 1 2 6.290e+02 6.310e+02 19 1 1 5.903e+02 6.277e+02 347 1 3 5.946e+02 6.234e+02 268 2 4 1.632e+02 1.728e+02 89 2 2 2.097e+02 2.103e+02 6 2 1 3.900e+02 4.080e+02 167 2 3 3.562e+02 3.578e+02 15 2 3 3.948e+02 4.032e+02 78 2 4 4.072e+01 4.328e+01 24 2 4 7.814e+01 8.986e+01 109 2 2 4.142e+02 4.258e+02 108 2 1 1.857e+02 1.923e+02 61 2 1 4.331e+02 4.489e+02 147 2 1 2.202e+02 2.418e+02 201 2 4 3.714e+02 3.846e+02 123 2 3 5.907e+01 6.693e+01 73 2 3 8.680e+01 1.232e+02 338 2 3 1.877e+02 1.903e+02 24 2 3 2.192e+02 2.428e+02 220 2 2 3.690e+02 3.870e+02 166 2 1 1.918e+01 2.282e+01 34 2 4 6.450e+01 1.035e+02 362 2 1 1.726e+02 2.054e+02 305 2 4 1.936e+02 2.264e+02 305 2 4 3.209e+02 3.511e+02 280 2 1 4.933e+01 7.667e+01 254 2 2 1.905e+02 2.295e+02 363 2 3 5.068e+01 7.532e+01 229 2 3 3.025e+00 3.897e+01 334 2 2 2.936e+01 5.464e+01 235
1251 0
1252 20 0 2 6.703e+02 6.737e+02 32 0 1 3.946e+02 4.034e+02 81 0 1 6.035e+02 6.145e+02 102 0 1 3.405e+02 3.735e+02 306 0 4 6.658e+02 6.782e+02 116 0 4 4.081e+02 4.319e+02 221 0 3 6.051e+02 6.129e+02 73 0 3 4.260e+02 4.560e+02 279 0 1 5.983e+02 6.197e+02 199 0 1 3.811e+02 4.169e+02 333 0 4 5.668e+02 6.092e+02 394 2 1 1.581e+01 2.619e+01 96 2 4 6.182e+02 6.418e+02 220 2 2 3.919e+01 4.481e+01 52 2 3 6.479e+02 6.541e+02 58 2 2 6.677e+02 6.763e+02 80 2 1 5.498e+01 7.102e+01 149 2 3 1.433e+01 2.767e+01 124 2 3 6.395e+02 6.625e+02 213 2 4 2.488e+01 5.912e+01 318
1256 4 1 2 6.238e+02 6.362e+02 115 1 2 5.792e+02 5.968e+02 164 1 4 6.254e+02 6.346e+02 86 1 1 5.946e+02 6.234e+02 267
1257 8 0 2 6.245e+02 6.355e+02 103 0 3 6.498e+02 6.522e+02 21 0 4 6.128e+02 6.472e+02 319 0 1 6.452e+02 6.568e+02 107 0 1 6.333e+02 6.687e+02 328 0 2 6.520e+02 6.920e+02 372 1 4 6.258e+02 6.342e+02 79 1 2 6.114e+02 6.486e+02 345
1258 7 0 1 5.617e+02 5.723e+02 98 0 2 5.004e+02 5.076e+02 66 0 4 4.941e+02 5.139e+02 183 2 4 2.100e+02 2.100e+02 -10 2 3 2.465e+02 2.995e+02 491 3 3 5.182e+02 5.318e+02 127 3 4 4.965e+02 5.115e+02 139
1260 1 0 3 5.527e+02 5.813e+02 266
1261 52 0 3 6.045e+02 6.135e+02 84 0 3 6.497e+02 6.523e+02 24 0 2 2.890e+02 2.990e+02 93 0 1 6.033e+02 6.147e+02 106 0 4 2.744e+02 3.136e+02 364 0 2 6.710e+02 6.730e+02 19 0 3 4.309e+02 4.511e+02 188 0 1 5.114e+02 5.386e+02 253 0 2 6.147e+02 6.453e+02 284 0 4 4.040e+02 4.360e+02 298 0 1 4.616e+02 5.044e+02 397 0 3 5.128e+02 5.372e+02 227 0 4 6.117e+02 6.483e+02 340 0 1 4.222e+02 4.598e+02 349 1 3 5.625e+02 5.715e+02 84 1 2 6.296e+02 6.304e+02 7 1 3 5.221e+02 5.279e+02 55 1 4 5.400e+02 5.520e+02 111 1 4 6.287e+02 6.313e+02 24 1 4 5.756e+02 6.004e+02 230 1 1 6.068e+02 6.112e+02 41 1 2 5.702e+02 6.058e+02 331 1 3 6.022e+02 6.158e+02 126 1 3 5.896e+02 6.284e+02 360 2 3 3.145e+02 3.155e+02 10 2 2 4.596e+02 4.644e+02 46 2 1 6.104e+01 6.496e+01 36 2 2 1.654e+02 1.706e+02 49 2 3 3.854e+02 4.126e+02 253 2 4 2.837e+02 3.043e+02 190 2 4 4.610e+02 4.630e+02 19 2 3 3.524e+02 3.616e+02 85 2 4 6.614e+02 6.826e+02 196 2 3 2.034e+01 2.166e+01 12 2 3 4.219e+02 4.601e+02 354 2 3 1.385e+02 1.555e+02 158 2 3 4.803e+02 4.857e+02 50 2 2 3.718e+02 3.842e+02 115 2 1 3.807e+02 4.173e+02 340 2 4 3.748e+01 4.652e+01 84 2 2 4.433e+02 4.807e+02 347 2 4 1.113e+02 1.407e+02 273 2 4 3.997e+02 4.403e+02 376 2 1 1.740e+02 2.040e+02 278 2 4 3.587e+02 3.973e+02 359 2 3 5.148e+01 7.452e+01 214 2 2 6.701e+01 1.010e+02 316 2 4 1.489e+02 1.871e+02 355 2 4 3.193e+02 3.527e+02 310 2 3 2.396e+00 3.960e+01 346 2 2 2.353e+01 6.047e+01 343 3 4 7.630e+01 9.170e+01 143
1262 17 0 1 3.979e+02 4.001e+02 20 0 2 4.562e+02 4.678e+02 108 0 1 5.225e+02 5.275e+02 46 0 2 6.665e+02 6.775e+02 103 0 3 4.748e+02 4.912e+02 151 0 1 5.616e+02 5.724e+02 100 0 4 6.674e+02 6.766e+02 85 0 1 4.252e+02 4.568e+02 294 0 2 4.465e+02 4.775e+02 287 0 1 5.481e+02 5.859e+02 351 0 3 6.416e+02 6.604e+02 174 0 1 5.069e+02 5.431e+02 336 0 4 6.603e+02 6.837e+02 218 2 2 2.520e+02 2.520e+02 -19 2 3 1.536e+01 2.664e+01 105 2 1 1.200e+01 3.000e+01 167 2 2 2.945e+01 5.455e+01 233
1263 19 0 1 4.806e+02 4.854e+02 44 0 4 5.863e+02 5.897e+02 31 0 3 9.349e+01 1.165e+02 214 0 1 6.467e+02 6.553e+02 80 0 4 3.225e+02 3.495e+02 251 0 4 5.015e+02 5.065e+02 46 0 3 8.617e+01 1.238e+02 350 0 3 5.605e+02 5.735e+02 121 0 2 6.160e+02 6.440e+02 260 0 3 6.449e+02 6.571e+02 113 0 2 4.946e+02 5.134e+02 175 0 2 5.379e+02 5.541e+02 150 0 4 6.164e+02 6.436e+02 253 0 2 6.597e+02 6.843e+02 229 0 3 4.654e+02 5.006e+02 327 0 4 6.603e+02 6.837e+02 218 2 4 7.697e+01 9.103e+01 130 2 3 1.006e+02 1.094e+02 82 2 2 1.075e+02 1.445e+02 343
1264 0
1265 19 0 1 6.420e+02 6.600e+02 167 0 3 5.090e+02 5.410e+02 296 0 4 6.536e+02 6.904e+02 342 0 2 3.515e+02 4.045e+02 493 0 2 4.898e+02 5.182e+02 264 0 1 6.289e+02 6.731e+02 411 0 2 6.495e+02 6.945e+02 418 1 4 6.265e+02 6.335e+02 65 1 4 6.158e+02 6.442e+02 264 1 4 5.724e+02 6.036e+02 290 2 3 2.197e+02 2.423e+02 210 2 2 3.642e+02 3.918e+02 256 2 1 1.858e+00 4.014e+01 356 2 2 1.901e+02 2.299e+02 370 2 3 3.311e+02 3.829e+02 480 2 3 4.732e+00 3.727e+01 302 2 4 1.884e+02 2.316e+02 401 2 4 3.554e+02 4.006e+02 419 2 1 2.043e+02 2.577e+02 496
1266 8 0 4 5.778e+02 5.982e+02 190 0 4 6.032e+01 1.077e+02 440 2 4 7.729e+01 9.071e+01 125 2 3 3.505e+02 3.635e+02 121 2 3 9.470e+01 1.153e+02 191 2 4 3.686e+02 3.874e+02 174 2 2 1.136e+02 1.384e+02 230 3 3 4.161e+01 8.439e+01 397
1267 2 0 2 6.663e+02 6.777e+02 106 0 4 6.647e+02 6.793e+02 136
1268 14 0 1 6.431e+02 6.589e+02 146 0 3 6.367e+02 6.653e+02 266 1 4 4.193e+02 4.207e+02 12 1 1 2.640e+02 2.820e+02 167 2 4 5.455e+02 5.465e+02 10 2 1 5.903e+01 6.697e+01 74 2 1 1.400e+02 1.540e+02 130 2 2 3.251e+01 5.149e+01 176 2 1 1.802e+02 1.978e+02 163 2 1 2.153e+02 2.467e+02 292 2 3 3.386e+00 3.861e+01 327 2 1 1.344e+02 1.596e+02 235 2 4 2.470e+01 5.930e+01 321 2 1 1.669e+02 2.111e+02 410
1269 8 0 4 5.877e+02 5.883e+02 6 0 3 6.072e+02 6.108e+02 34 0 4 4.147e+02 4.253e+02 98 0 4 6.300e+02 6.300e+02 -0 0 3 4.263e+02 4.557e+02 274 0 1 6.039e+02 6.141e+02 96 0 3 5.958e+02 6.222e+02 245 2 4 6.695e+02 6.745e+02 46
1271 1 1 4 6.195e+02 6.405e+02 195
1272 53 0 4 8.263e+01 8.537e+01 26 0 2 6.300e+02 6.300e+02 -1 0 4 2.520e+02 2.520e+02 -10 0 4 6.720e+02 6.720e+02 -24 0 4 3.268e+02 3.452e+02 170 0 1 3.974e+02 4.006e+02 30 0 4 3.968e+01 4.432e+01 43 0 4 2.425e+02 2.615e+02 176 0 1 5.250e+02 5.250e+02 -18 0 2 3.672e+02 3.888e+02 200 0 4 5.880e+02 5.880e+02 -3 0 4 7.127e+01 9.673e+01 236 0 3 3.990e+02 3.990e+02 -19 0 1 6.078e+02 6.102e+02 21 0 3 6.483e+02 6.537e+02 50 0 1 3.900e+02 4.080e+02 168 0 2 4.576e+02 4.664e+02 82 0 2 5.419e+02 5.501e+02 76 0 3 6.025e+02 6.155e+02 120 0 2 6.720e+02 6.720e+02 -19 0 4 4.052e+02 4.348e+02 275 0 4 4.538e+02 4.702e+02 151 0 3 5.618e+02 5.722e+02 97 0 2 6.225e+02 6.375e+02 139 0 2 6.609e+02 6.831e+02 206 0 1 4.718e+02 4.942e+02 208 0 2 5.331e+02 5.589e+02 240 0 4 6.262e+02 6.338e+02 71 0 3 4.752e+02 4.908e+02 146 0 1 5.952e+02 6.228e+02 256 0 4 4.454e+02 4.786e+02 309 0 2 4.875e+02 5.205e+02 306 1 2 5.040e+02 5.040e+02 -16 1 1 4.793e+02 4.867e+02 69 1 3 5.117e+02 5.383e+02 246 1 4 5.876e+02 5.884e+02 8 1 4 4.884e+02 5.196e+02 290 1 3 5.532e+02 5.808e+02 257 1 2 5.346e+02 5.574e+02 211 2 2 5.040e+02 5.040e+02 -14 2 4 8.400e+01 8.400e+01 -24 2 2 4.106e+02 4.294e+02 174 2 1 3.878e+02 4.102e+02 207 2 4 3.152e+01 5.248e+01 195 2 1 1.363e+02 1.577e+02 198 2 2 1.252e+02 1.268e+02 15 2 3 1.348e+02 1.592e+02 226 2 4 3.273e+02 3.447e+02 162 2 3 3.668e+01 8.932e+01 489 2 2 7.235e+01 9.565e+01 216 2 4 3.691e+02 3.869e+02 166 2 4 7.275e+01 9.525e+01 209 2 1 3.421e+02 3.719e+02 277
1273 11 0 4 2.490e+02 2.550e+02 56 0 4 5.860e+02 5.900e+02 38 0 1 6.075e+02 6.105e+02 28 0 3 2.147e+02 2.473e+02 302 0 4 6.621e+02 6.819e+02 185 0 3 2.559e+02 2.901e+02 318 0 3 5.919e+02 6.261e+02 317 2 3 6.194e+01 6.406e+01 20 2 3 1.657e+01 2.543e+01 82 2 2 7.607e+01 9.193e+01 147 2 1 5.714e+01 6.886e+01 109
1274 13 0 2 5.446e+02 5.474e+02 26 0 4 3.780e+02 3.780e+02 -9 0 3 5.225e+02 5.275e+02 46 0 4 4.932e+02 5.148e+02 200 0 4 3.587e+02 3.973e+02 358 0 4 4.045e+02 4.355e+02 287 1 2 5.442e+02 5.478e+02 33 1 4 6.118e+02 6.482e+02 337 2 4 3.769e+02 3.791e+02 20 2 1 4.395e+02 4.425e+02 28 2 2 3.672e+01 4.728e+01 98 2 3 7.825e+00 3.418e+01 245 2 4 3.156e+01 5.244e+01 194
