44475 1 1 4 3.234e+02 3.486e+02 235
44476 14 0 3 5.243e+02 5.257e+02 13 0 1 1.541e+01 2.659e+01 104 0 4 5.870e+02 5.890e+02 18 0 1 9.591e+01 1.141e+02 169 0 1 5.650e+02 5.690e+02 37 0 2 6.773e+01 1.003e+02 302 0 1 6.421e+02 6.599e+02 166 0 2 3.587e+02 3.973e+02 358 0 3 5.546e+02 5.794e+02 230 1 3 5.661e+02 5.679e+02 17 1 4 6.274e+02 6.326e+02 48 1 4 5.859e+02 5.901e+02 39 1 2 6.177e+02 6.423e+02 229 1 4 6.151e+02 6.449e+02 277
44477 12 0 2 6.692e+02 6.748e+02 52 0 3 6.390e+02 6.630e+02 222 1 2 6.153e+02 6.447e+02 273 2 4 2.482e+02 2.558e+02 70 2 1 2.693e+02 2.767e+02 69 2 2 4.163e+02 4.237e+02 69 2 3 4.657e+02 5.003e+02 321 2 2 2.396e+02 2.644e+02 230 2 3 2.613e+02 2.847e+02 217 3 1 1.994e+01 2.206e+01 20 3 1 7.330e+00 3.467e+01 254 3 1 4.834e+01 7.766e+01 272
44482 19 0 2 5.450e+02 5.470e+02 18 0 1 5.613e+02 5.727e+02 106 0 4 5.851e+02 5.909e+02 54 0 3 5.543e+02 5.797e+02 236 0 2 6.547e+02 6.893e+02 322 0 4 4.081e+02 4.319e+02 221 0 3 4.257e+02 4.563e+02 285 1 2 6.272e+02 6.328e+02 52 1 4 6.159e+02 6.441e+02 261 1 1 5.896e+02 6.284e+02 360 2 4 2.505e+02 2.535e+02 28 2 3 6.055e+01 6.545e+01 46 2 4 5.879e+02 5.881e+02 1 2 4 1.653e+02 1.707e+02 50 2 2 7.693e+01 9.107e+01 131 2 1 1.377e+02 1.563e+02 172 2 4 3.219e+01 5.181e+01 182 2 3 1.345e+02 1.595e+02 233 2 2 1.581e+02 1.779e+02 183
44484 26 0 2 2.940e+02 2.940e+02 -14 0 2 6.711e+02 6.729e+02 17 0 1 3.918e+02 4.062e+02 135 0 1 2.631e+02 2.829e+02 183 0 4 6.703e+02 6.737e+02 32 0 4 2.783e+02 3.097e+02 292 0 1 6.369e+02 6.651e+02 262 0 3 6.328e+02 6.692e+02 337 1 3 6.090e+02 6.090e+02 -9 1 4 6.216e+02 6.384e+02 156 1 1 5.985e+02 6.195e+02 196 1 2 5.742e+02 6.018e+02 257 2 3 1.886e+02 1.894e+02 8 2 3 3.051e+02 3.249e+02 183 2 1 9.396e+00 3.260e+01 216 2 4 1.170e+02 1.350e+02 167 2 4 1.526e+02 1.834e+02 286 2 3 2.990e+02 3.310e+02 296 2 4 1.923e+02 2.277e+02 328 2 1 3.361e+02 3.779e+02 389 2 3 -3.123e+00 4.512e+01 448 2 1 2.078e+02 2.542e+02 431 3 3 5.539e+01 7.061e+01 141 3 4 3.569e+01 4.831e+01 117 3 1 4.781e+01 7.819e+01 282 3 2 6.656e+01 1.014e+02 324
44488 0
44492 2 1 4 4.027e+01 4.373e+01 32 3 2 2.486e+02 2.554e+02 64
44494 3 2 4 8.079e+01 8.721e+01 60 2 2 7.347e+01 9.453e+01 196 2 3 9.192e+01 1.181e+02 243
44495 5 2 4 2.480e+02 2.560e+02 74 2 1 2.690e+02 2.770e+02 74 2 2 2.417e+02 2.623e+02 191 2 3 2.613e+02 2.847e+02 216 3 2 8.366e+01 8.434e+01 6
44496 6 1 4 1.223e+02 1.297e+02 70 1 1 1.392e+02 1.548e+02 145 1 2 6.137e+02 6.463e+02 302 1 2 1.129e+02 1.391e+02 243 1 3 1.339e+02 1.601e+02 244 2 4 1.546e+02 1.814e+02 248
44497 1 2 4 1.905e+02 2.295e+02 362
44498 0
44500 76 0 4 6.300e+02 6.300e+02 -23 0 2 3.348e+02 3.372e+02 23 0 3 4.410e+02 4.410e+02 -3 0 3 5.670e+02 5.670e+02 -14 0 4 3.766e+02 3.794e+02 26 0 4 5.872e+02 5.888e+02 16 0 1 1.814e+02 1.966e+02 140 0 3 6.510e+02 6.510e+02 -16 0 2 2.063e+02 2.137e+02 68 0 4 4.164e+02 4.236e+02 67 0 4 2.055e+02 2.145e+02 84 0 2 5.040e+02 5.040e+02 0 0 3 5.245e+02 5.255e+02 9 0 2 6.300e+02 6.300e+02 -5 0 4 6.720e+02 6.720e+02 -4 0 1 3.958e+02 4.022e+02 59 0 4 5.002e+02 5.078e+02 70 0 2 5.460e+02 5.460e+02 -4 0 4 5.751e+02 6.009e+02 239 0 1 6.484e+02 6.536e+02 48 0 1 3.814e+02 4.166e+02 327 0 2 4.592e+02 4.648e+02 51 0 1 5.670e+02 5.670e+02 -1 0 1 5.951e+02 6.229e+02 258 0 2 6.670e+02 6.770e+02 92 0 4 4.565e+02 4.675e+02 102 0 3 5.077e+02 5.423e+02 320 0 3 5.948e+02 6.232e+02 263 0 2 6.533e+02 6.907e+02 348 0 1 4.721e+02 4.939e+02 203 0 2 5.289e+02 5.631e+02 318 0 4 5.615e+02 6.145e+02 492 0 4 6.539e+02 6.901e+02 336 0 3 4.738e+02 4.922e+02 170 0 1 6.323e+02 6.697e+02 348 1 3 5.248e+02 5.252e+02 5 1 3 3.092e+02 3.208e+02 107 1 4 5.880e+02 5.880e+02 -14 1 1 6.085e+02 6.095e+02 10 1 2 5.038e+02 5.042e+02 4 1 1 5.638e+02 5.702e+02 59 1 1 4.671e+02 4.989e+02 295 1 2 5.880e+02 5.880e+02 -19 1 4 6.300e+02 6.300e+02 -3 1 2 5.423e+02 5.497e+02 70 2 3 6.070e+02 6.110e+02 36 2 4 2.931e+02 2.949e+02 17 2 1 3.983e+02 3.997e+02 14 2 2 3.340e+02 3.380e+02 36 2 4 4.584e+02 4.656e+02 66 2 1 2.100e+01 2.100e+01 -15 2 2 6.298e+02 6.302e+02 5 2 4 1.251e+02 1.269e+02 17 2 1 4.289e+02 4.531e+02 225 2 2 2.100e+02 2.100e+02 -3 2 2 4.543e+02 4.697e+02 143 2 1 3.144e+02 3.156e+02 11 2 4 5.848e+02 5.912e+02 60 2 4 3.225e+02 3.495e+02 251 2 3 4.339e+02 4.481e+02 131 2 3 1.097e+01 3.103e+01 186 2 4 5.719e+02 6.041e+02 299 2 4 7.689e+01 9.111e+01 132 2 1 3.809e+02 4.171e+02 336 2 3 2.274e+02 2.346e+02 67 2 3 3.057e+02 3.243e+02 172 2 1 3.455e+02 3.685e+02 214 2 4 2.524e+01 5.876e+01 311 2 2 1.207e+02 1.313e+02 99 2 4 2.007e+02 2.193e+02 172 2 2 2.791e+02 3.089e+02 277 2 2 3.202e+02 3.518e+02 293 2 3 4.601e+01 7.999e+01 316 2 3 8.810e+01 1.219e+02 314 3 3 5.540e+02 5.800e+02 240 3 4 1.144e+02 1.376e+02 216
44502 31 0 1 5.591e+02 5.749e+02 147 0 4 5.869e+02 5.891e+02 20 0 2 6.720e+02 6.720e+02 -20 0 4 6.251e+02 6.349e+02 90 0 1 6.445e+02 6.575e+02 120 0 3 5.496e+02 5.844e+02 323 0 3 6.394e+02 6.626e+02 215 0 1 5.477e+02 5.863e+02 359 0 2 6.591e+02 6.849e+02 240 0 4 6.633e+02 6.807e+02 162 0 2 6.522e+02 6.918e+02 367 0 4 6.515e+02 6.925e+02 381 2 2 8.400e+01 8.400e+01 -4 2 1 1.465e+02 1.475e+02 9 2 4 1.221e+02 1.299e+02 72 2 3 1.461e+02 1.479e+02 16 2 2 2.073e+02 2.127e+02 50 2 2 4.121e+01 4.279e+01 15 2 2 1.169e+02 1.351e+02 170 2 4 1.677e+02 1.683e+02 5 2 2 1.962e+02 2.238e+02 257 2 4 4.027e+01 4.373e+01 32 2 4 1.154e+02 1.366e+02 197 2 3 1.833e+02 1.947e+02 106 2 4 1.958e+02 2.242e+02 264 2 3 5.671e+00 3.633e+01 285 2 2 1.083e+02 1.437e+02 328 2 3 1.409e+02 1.531e+02 114 2 1 2.177e+02 2.443e+02 247 2 1 4.449e+01 8.151e+01 344 2 1 1.822e+02 1.958e+02 126
44504 62 0 3 1.030e+02 1.070e+02 37 0 2 6.289e+02 6.311e+02 20 0 1 3.143e+02 3.157e+02 14 0 2 6.710e+02 6.730e+02 19 0 2 3.350e+02 3.370e+02 19 0 2 4.583e+02 4.657e+02 69 0 4 3.234e+02 3.486e+02 234 0 2 5.379e+02 5.541e+02 150 0 2 1.153e+02 1.367e+02 198 0 4 6.284e+02 6.316e+02 30 0 4 1.500e+02 1.860e+02 335 0 4 6.714e+02 6.726e+02 10 0 1 2.973e+02 3.327e+02 328 0 4 4.119e+02 4.281e+02 150 0 2 7.249e+01 9.551e+01 214 0 4 4.612e+02 4.628e+02 16 0 1 1.313e+02 1.627e+02 291 0 3 5.599e+02 5.741e+02 132 0 1 8.927e+01 1.207e+02 292 0 1 5.931e+02 6.249e+02 295 0 3 6.495e+02 6.525e+02 28 0 3 4.254e+02 4.566e+02 290 0 2 4.500e+02 4.740e+02 223 0 1 5.496e+02 5.844e+02 324 0 3 5.916e+02 6.264e+02 323 0 1 6.423e+02 6.597e+02 161 0 1 6.329e+02 6.691e+02 336 0 3 6.342e+02 6.678e+02 312 1 3 5.651e+02 5.689e+02 35 1 4 6.286e+02 6.314e+02 26 1 2 5.874e+02 5.886e+02 10 1 1 6.086e+02 6.094e+02 7 1 4 5.861e+02 5.899e+02 36 1 3 6.065e+02 6.115e+02 46 1 1 5.649e+02 5.691e+02 40 1 2 6.267e+02 6.333e+02 62 1 2 5.273e+02 5.647e+02 348 1 1 5.904e+02 6.276e+02 346 1 3 5.916e+02 6.264e+02 323 2 4 3.763e+02 3.797e+02 32 2 1 4.766e+02 4.894e+02 120 2 4 1.679e+02 1.681e+02 1 2 4 5.852e+02 5.908e+02 51 2 4 3.825e+01 4.575e+01 70 2 4 6.700e+02 6.740e+02 37 2 2 7.419e+01 9.381e+01 182 2 4 4.168e+02 4.232e+02 59 2 1 1.839e+02 1.941e+02 96 2 2 4.504e+02 4.736e+02 215 2 1 6.131e+01 6.469e+01 31 2 3 4.368e+02 4.452e+02 79 2 3 1.336e+02 1.604e+02 248 2 2 6.569e+02 6.871e+02 280 2 4 1.963e+02 2.237e+02 254 2 3 6.024e+01 6.576e+01 51 2 2 1.552e+02 1.808e+02 238 2 2 3.138e+01 5.262e+01 197 2 1 1.728e+02 2.052e+02 300 2 3 4.471e+01 8.129e+01 340 2 3 1.765e+02 2.015e+02 233 2 1 2.575e+00 3.943e+01 342 3 4 6.708e+02 6.732e+02 22
44505 7 1 2 6.295e+02 6.305e+02 9 2 4 8.334e+01 8.466e+01 12 2 3 2.296e+02 2.324e+02 26 2 4 3.892e+01 4.508e+01 57 2 2 2.892e+02 2.988e+02 90 2 3 4.146e+00 3.785e+01 313 2 1 2.549e+02 2.911e+02 336
44506 3 0 2 6.720e+02 6.720e+02 -22 0 4 6.689e+02 6.751e+02 57 0 1 6.345e+02 6.675e+02 306
44510 0
44512 0
44513 4 1 4 1.101e+02 1.419e+02 295 2 4 2.034e+02 2.166e+02 123 2 4 3.201e+01 5.199e+01 186 2 4 2.209e+01 6.191e+01 370
44514 0
44515 1 2 4 1.523e+02 1.837e+02 292
44516 5 0 4 1.903e+02 2.297e+02 366 0 3 2.098e+02 2.522e+02 393 1 4 3.115e+02 3.605e+02 456 2 4 3.226e+02 3.494e+02 249 3 4 3.753e+02 3.807e+02 50
44521 27 2 2 1.641e+02 1.719e+02 73 2 2 2.094e+02 2.106e+02 11 2 4 1.636e+02 1.724e+02 81 2 4 2.086e+02 2.114e+02 26 2 1 1.309e+02 1.631e+02 300 2 1 2.124e+02 2.496e+02 345 2 3 1.313e+02 1.627e+02 291 3 3 3.962e+02 4.018e+02 52 3 1 1.461e+02 1.479e+02 16 3 4 2.094e+02 2.106e+02 10 3 1 2.306e+02 2.314e+02 7 3 2 7.145e+01 9.655e+01 233 3 3 3.102e+02 3.198e+02 89 3 4 7.096e+01 9.704e+01 242 3 3 3.570e+02 3.570e+02 -5 3 3 9.901e+01 1.110e+02 111 3 2 1.675e+02 1.685e+02 9 3 3 2.173e+02 2.447e+02 255 3 4 3.285e+02 3.435e+02 140 3 2 1.257e+02 1.263e+02 6 3 4 1.644e+02 1.716e+02 66 3 4 1.233e+02 1.287e+02 50 3 3 1.869e+02 1.911e+02 40 3 3 1.367e+02 1.573e+02 192 3 2 2.004e+02 2.196e+02 178 3 1 9.600e+01 1.140e+02 167 3 1 8.922e+01 1.208e+02 293
44522 9 1 1 5.995e+02 6.185e+02 176 2 2 5.005e+02 5.075e+02 65 2 2 2.649e+01 5.751e+01 288 2 4 4.571e+02 4.669e+02 91 2 4 6.595e+02 6.845e+02 233 2 1 4.758e+02 4.902e+02 134 2 3 4.719e+02 4.941e+02 206 2 2 4.876e+02 5.204e+02 305 2 2 4.403e+02 4.837e+02 404
44523 35 0 2 5.020e+02 5.060e+02 37 0 4 6.696e+02 6.744e+02 44 0 4 4.973e+02 5.107e+02 125 0 2 1.979e+02 2.221e+02 226 0 1 6.440e+02 6.580e+02 130 0 3 4.715e+02 4.945e+02 213 0 3 6.420e+02 6.600e+02 167 0 2 6.590e+02 6.850e+02 242 1 3 6.064e+02 6.116e+02 48 1 1 6.009e+02 6.171e+02 150 1 2 5.731e+02 6.029e+02 277 1 4 6.112e+02 6.488e+02 349 2 3 3.141e+02 3.159e+02 16 2 3 1.467e+02 1.473e+02 6 2 4 6.232e+02 6.368e+02 127 2 2 2.453e+02 2.587e+02 125 2 3 6.503e+02 6.517e+02 14 2 4 2.933e+02 2.947e+02 14 2 2 6.669e+02 6.771e+02 95 2 3 5.727e+01 6.873e+01 106 2 3 4.247e+02 4.573e+02 303 2 3 1.845e+02 1.935e+02 84 2 4 2.444e+02 2.596e+02 140 2 1 2.690e+02 2.770e+02 74 2 4 3.250e+01 5.150e+01 176 2 4 1.133e+02 1.387e+02 236 2 1 1.361e+02 1.579e+02 203 2 3 2.126e+02 2.494e+02 341 2 3 4.771e+01 7.829e+01 284 2 2 6.885e+01 9.915e+01 281 2 2 1.530e+02 1.830e+02 279 2 2 2.245e+01 6.155e+01 363 2 4 7.082e+01 9.718e+01 245 2 4 1.500e+02 1.860e+02 335 3 1 1.792e+01 2.408e+01 57
44525 13 0 3 3.952e+02 4.028e+02 70 0 2 3.614e+02 3.946e+02 309 0 4 3.620e+02 3.940e+02 296 1 3 5.623e+02 5.717e+02 88 1 2 6.271e+02 6.329e+02 54 1 4 6.223e+02 6.377e+02 144 1 2 5.771e+02 5.989e+02 202 1 1 5.989e+02 6.191e+02 187 1 4 5.739e+02 6.021e+02 261 2 2 3.758e+01 4.642e+01 82 2 4 3.257e+02 3.463e+02 191 2 3 1.514e+01 2.686e+01 109 2 4 3.287e+01 5.113e+01 170
44526 0
44530 7 0 1 6.501e+02 6.519e+02 16 0 3 6.479e+02 6.541e+02 58 0 2 6.699e+02 6.741e+02 40 0 4 6.669e+02 6.771e+02 95 0 3 6.351e+02 6.669e+02 295 0 2 6.559e+02 6.881e+02 299 0 4 6.605e+02 6.835e+02 214
