17588 3 0 4 1.482e+02 1.878e+02 368 1 4 1.489e+02 1.871e+02 356 2 2 7.123e+01 9.677e+01 237
17589 58 0 2 3.342e+02 3.378e+02 34 0 4 4.587e+02 4.653e+02 61 0 1 6.044e+02 6.136e+02 86 0 4 3.302e+02 3.418e+02 107 0 4 6.687e+02 6.753e+02 60 0 4 1.988e+02 2.212e+02 208 0 3 6.014e+02 6.166e+02 140 0 2 6.165e+02 6.435e+02 250 0 4 6.185e+02 6.415e+02 213 1 1 5.670e+02 5.670e+02 -4 1 4 5.838e+02 5.922e+02 77 1 2 6.227e+02 6.373e+02 136 1 1 4.697e+02 4.963e+02 247 1 3 5.578e+02 5.762e+02 171 1 4 6.190e+02 6.410e+02 204 1 2 5.716e+02 6.044e+02 304 2 4 3.336e+02 3.384e+02 44 2 4 5.447e+02 5.473e+02 25 2 1 1.931e+01 2.269e+01 31 2 2 6.249e+02 6.351e+02 95 2 3 1.034e+02 1.066e+02 30 2 3 3.916e+02 4.064e+02 138 2 3 1.454e+02 1.486e+02 30 2 4 6.273e+02 6.327e+02 50 2 3 2.288e+02 2.332e+02 40 2 1 6.350e+02 6.670e+02 296 2 4 2.901e+02 2.979e+02 73 2 1 3.543e+02 3.597e+02 50 2 4 4.117e+02 4.283e+02 154 2 1 5.938e+01 6.662e+01 67 2 3 6.348e+02 6.672e+02 301 2 2 1.238e+02 1.282e+02 41 2 2 1.662e+02 1.698e+02 34 2 2 2.015e+02 2.185e+02 157 2 3 3.103e+02 3.197e+02 88 2 2 3.715e+02 3.845e+02 121 2 3 6.073e+01 6.527e+01 42 2 4 1.239e+02 1.281e+02 40 2 3 1.867e+02 1.913e+02 43 2 4 2.067e+02 2.133e+02 60 2 1 3.061e+02 3.239e+02 165 2 2 3.319e+02 3.401e+02 76 2 4 3.336e+01 5.064e+01 160 2 4 7.975e+01 8.825e+01 79 2 1 1.346e+02 1.594e+02 230 2 1 2.248e+02 2.372e+02 115 2 3 2.979e+02 3.321e+02 317 2 3 3.499e+02 3.641e+02 132 2 3 2.531e+00 3.947e+01 343 2 2 7.262e+01 9.538e+01 211 2 4 1.534e+02 1.826e+02 271 2 1 2.112e+02 2.508e+02 368 2 2 3.195e+02 3.525e+02 307 2 4 6.495e+01 1.031e+02 354 2 4 3.196e+02 3.524e+02 305 2 4 1.067e+02 1.453e+02 358 3 4 8.357e+01 8.443e+01 8 3 4 3.062e+01 5.338e+01 211
17590 3 2 3 1.803e+02 1.977e+02 161 2 2 2.024e+02 2.176e+02 141 2 4 1.919e+02 2.281e+02 336
17591 39 0 2 1.680e+02 1.680e+02 -5 0 2 6.286e+02 6.314e+02 26 0 1 2.679e+02 2.781e+02 94 0 1 6.473e+02 6.547e+02 69 0 4 1.660e+02 1.700e+02 38 0 3 5.233e+02 5.267e+02 31 0 4 3.287e+02 3.433e+02 136 0 4 6.275e+02 6.325e+02 46 0 2 2.850e+02 3.030e+02 166 0 3 6.479e+02 6.541e+02 57 0 1 2.570e+02 2.890e+02 296 0 3 5.596e+02 5.744e+02 137 0 4 5.822e+02 5.938e+02 108 0 2 6.681e+02 6.759e+02 73 0 2 4.922e+02 5.158e+02 220 0 1 5.182e+02 5.318e+02 127 0 1 5.921e+02 6.259e+02 313 0 4 6.661e+02 6.779e+02 109 0 2 6.608e+02 6.832e+02 208 0 4 6.590e+02 6.850e+02 241 2 4 3.358e+02 3.362e+02 4 2 1 4.410e+02 4.410e+02 -12 2 3 3.956e+02 4.024e+02 64 2 2 2.100e+02 2.100e+02 -8 2 1 1.178e+01 3.022e+01 171 2 2 4.194e+02 4.206e+02 10 2 4 8.400e+01 8.400e+01 -10 2 2 4.489e+02 4.751e+02 244 2 3 1.827e+02 1.953e+02 116 2 3 4.392e+02 4.428e+02 33 2 1 2.243e+02 2.377e+02 125 2 4 4.111e+02 4.289e+02 165 2 4 2.809e+02 3.071e+02 244 2 4 3.668e+02 3.892e+02 209 2 3 1.227e+01 2.973e+01 162 2 4 1.186e+02 1.334e+02 137 2 1 1.358e+02 1.582e+02 207 2 3 9.205e+01 1.180e+02 240 2 4 1.524e+02 1.836e+02 290
17592 24 0 3 4.368e+02 4.452e+02 77 0 2 2.100e+02 2.100e+02 -12 0 1 5.250e+02 5.250e+02 -10 0 1 1.756e+02 2.024e+02 248 0 3 5.112e+02 5.388e+02 257 0 4 1.970e+02 2.230e+02 241 0 4 6.558e+02 6.882e+02 300 0 3 2.205e+02 2.415e+02 195 0 1 3.801e+02 4.179e+02 350 0 1 4.199e+02 4.621e+02 391 1 2 5.880e+02 5.880e+02 -16 1 3 6.058e+02 6.122e+02 60 1 4 5.868e+02 5.892e+02 22 1 2 6.255e+02 6.345e+02 83 1 2 5.436e+02 5.484e+02 45 1 1 6.017e+02 6.163e+02 135 1 4 5.357e+02 5.563e+02 190 1 1 5.559e+02 5.781e+02 206 1 3 5.501e+02 5.839e+02 315 1 4 5.733e+02 6.027e+02 274 2 2 1.253e+02 1.267e+02 12 2 3 9.631e+01 1.137e+02 161 2 1 1.322e+02 1.618e+02 276 3 4 4.090e+01 4.310e+01 20
17593 1 0 4 5.811e+02 5.949e+02 128
17594 0
17595 7 1 3 2.310e+02 2.310e+02 -20 2 2 3.843e+01 4.557e+01 66 2 2 3.234e+02 3.486e+02 234 2 2 1.542e+02 1.818e+02 257 3 2 1.253e+02 1.267e+02 12 3 2 8.061e+01 8.739e+01 63 3 2 6.953e+01 9.847e+01 269
17596 1 2 2 4.009e+02 4.391e+02 356
17597 6 0 2 5.443e+02 5.477e+02 31 0 1 5.656e+02 5.684e+02 26 0 1 5.184e+02 5.316e+02 123 0 1 5.920e+02 6.260e+02 316 0 1 5.555e+02 5.785e+02 214 0 3 5.596e+02 5.744e+02 138
17598 23 1 4 6.280e+02 6.320e+02 36 1 1 6.018e+02 6.162e+02 134 1 2 6.174e+02 6.426e+02 234 2 1 1.874e+02 1.906e+02 29 2 4 2.512e+02 2.528e+02 16 2 4 6.188e+02 6.412e+02 208 2 4 2.937e+02 2.943e+02 6 2 4 6.682e+02 6.758e+02 70 2 2 3.960e+01 4.440e+01 45 2 2 4.049e+02 4.351e+02 281 2 1 3.125e+02 3.175e+02 47 2 4 4.031e+01 4.369e+01 31 2 3 6.336e+02 6.684e+02 323 2 3 8.842e+01 1.216e+02 308 2 2 2.862e+02 3.018e+02 146 2 1 5.916e+01 6.684e+01 71 2 4 6.809e+01 9.991e+01 296 2 3 2.952e+02 3.348e+02 368 2 3 5.239e+01 7.361e+01 197 2 3 8.814e+00 3.319e+01 226 2 1 4.520e+01 8.080e+01 330 2 3 2.443e+00 3.956e+01 345 2 2 2.560e+01 5.840e+01 305
17599 0
17600 9 1 2 5.838e+02 5.922e+02 78 1 3 6.003e+02 6.177e+02 162 1 4 5.706e+02 6.054e+02 324 1 3 5.893e+02 6.287e+02 366 2 2 8.236e+01 8.564e+01 30 2 1 1.446e+02 1.494e+02 45 2 4 7.379e+01 9.421e+01 190 2 3 4.830e+01 7.770e+01 273 2 1 1.341e+02 1.599e+02 240
17601 29 0 1 6.076e+02 6.104e+02 26 0 2 6.720e+02 6.720e+02 -16 0 2 5.407e+02 5.513e+02 98 0 3 6.042e+02 6.138e+02 90 0 4 6.719e+02 6.721e+02 1 0 4 4.122e+02 4.278e+02 145 0 3 5.546e+02 5.794e+02 230 0 4 6.165e+02 6.435e+02 251 0 4 6.655e+02 6.785e+02 121 0 1 3.862e+02 4.118e+02 237 0 1 5.484e+02 5.856e+02 346 0 2 6.125e+02 6.475e+02 325 0 1 6.363e+02 6.657e+02 274 0 3 4.238e+02 4.582e+02 320 0 3 6.377e+02 6.643e+02 246 0 4 6.548e+02 6.892e+02 320 2 3 1.936e+01 2.264e+01 30 2 4 7.890e+01 8.910e+01 95 2 1 1.464e+02 1.476e+02 10 2 4 2.100e+02 2.100e+02 -20 2 2 6.606e+02 6.834e+02 211 2 2 3.515e+01 4.885e+01 127 2 3 9.923e+01 1.108e+02 107 2 3 1.470e+02 1.470e+02 -16 2 1 4.328e+00 3.767e+01 310 2 4 1.188e+02 1.332e+02 135 2 2 1.559e+02 1.801e+02 226 2 2 7.558e+01 9.242e+01 156 2 4 1.121e+02 1.399e+02 259
17602 30 0 3 5.199e+02 5.301e+02 96 1 3 5.235e+02 5.265e+02 27 1 3 5.647e+02 5.693e+02 42 1 4 5.858e+02 5.902e+02 40 1 2 5.700e+02 6.060e+02 335 2 3 3.990e+02 3.990e+02 -5 2 3 2.297e+02 2.323e+02 24 2 4 5.456e+02 5.464e+02 8 2 4 2.922e+02 2.958e+02 34 2 2 5.880e+02 5.880e+02 -2 2 3 1.870e+02 1.910e+02 37 2 2 2.497e+02 2.543e+02 42 2 2 4.096e+02 4.304e+02 194 2 4 3.675e+02 3.885e+02 196 2 3 5.668e+02 5.672e+02 3 2 4 1.153e+02 1.367e+02 199 2 1 6.060e+02 6.120e+02 56 2 1 1.452e+02 1.488e+02 34 2 1 3.829e+02 4.151e+02 299 2 4 2.020e+02 2.180e+02 149 2 4 4.053e+02 4.347e+02 272 2 4 2.748e+02 3.132e+02 357 2 2 1.095e+02 1.425e+02 307 2 3 1.404e+02 1.536e+02 122 2 4 2.394e+02 2.646e+02 235 2 1 2.554e+02 2.906e+02 327 2 3 1.309e+02 1.631e+02 300 2 4 1.524e+02 1.836e+02 290 3 3 1.016e+02 1.084e+02 64 3 4 8.276e+01 8.524e+01 23
17603 86 0 3 5.234e+02 5.266e+02 30 0 4 3.297e+02 3.423e+02 116 0 4 5.857e+02 5.903e+02 42 0 2 1.212e+02 1.308e+02 89 0 2 6.686e+02 6.754e+02 63 0 2 3.688e+02 3.872e+02 171 0 4 4.153e+02 4.247e+02 88 0 1 1.337e+02 1.603e+02 246 0 2 5.027e+02 5.053e+02 25 0 4 2.326e+02 2.714e+02 360 0 2 5.426e+02 5.494e+02 63 0 1 3.406e+02 3.734e+02 305 0 1 6.055e+02 6.125e+02 65 0 1 3.308e+02 3.832e+02 486 0 4 6.714e+02 6.726e+02 10 0 3 3.957e+02 4.023e+02 60 0 4 5.011e+02 5.069e+02 55 0 1 5.645e+02 5.695e+02 46 0 3 6.083e+02 6.097e+02 12 0 1 6.484e+02 6.536e+02 48 0 4 4.000e+02 4.400e+02 371 0 1 4.788e+02 4.872e+02 79 0 3 5.642e+02 5.698e+02 51 0 2 6.254e+02 6.346e+02 85 0 3 6.455e+02 6.565e+02 103 0 4 4.479e+02 4.761e+02 262 0 1 5.236e+02 5.264e+02 26 0 2 6.111e+02 6.489e+02 351 0 1 6.396e+02 6.624e+02 211 0 1 4.673e+02 4.987e+02 292 0 2 5.360e+02 5.560e+02 186 0 4 6.133e+02 6.467e+02 310 0 3 6.320e+02 6.700e+02 353 0 4 4.848e+02 5.232e+02 357 0 1 5.589e+02 5.751e+02 150 0 3 5.539e+02 5.801e+02 243 0 1 5.100e+02 5.400e+02 278 0 2 5.276e+02 5.644e+02 342 1 1 5.645e+02 5.695e+02 46 1 3 6.076e+02 6.104e+02 26 1 3 5.661e+02 5.679e+02 17 1 2 6.295e+02 6.305e+02 9 1 2 5.862e+02 5.898e+02 33 1 4 6.296e+02 6.304e+02 8 1 4 5.864e+02 5.896e+02 30 1 1 6.070e+02 6.110e+02 36 1 4 5.736e+02 6.024e+02 268 1 2 5.320e+02 5.600e+02 260 1 2 5.715e+02 6.045e+02 306 2 4 1.673e+02 1.687e+02 13 2 1 1.990e+01 2.210e+01 20 2 2 8.038e+01 8.762e+01 67 2 1 4.403e+02 4.417e+02 12 2 1 1.881e+02 1.899e+02 16 2 4 5.007e+02 5.073e+02 62 2 2 2.061e+02 2.139e+02 72 2 3 2.723e+02 2.737e+02 14 2 2 4.189e+02 4.211e+02 21 2 3 1.631e+01 2.569e+01 87 2 2 4.587e+02 4.653e+02 60 2 4 7.751e+01 9.049e+01 120 2 3 4.288e+02 4.532e+02 226 2 3 1.881e+02 1.899e+02 17 2 1 4.807e+02 4.853e+02 43 2 4 2.086e+02 2.114e+02 26 2 3 3.880e+02 4.100e+02 204 2 2 2.913e+02 2.967e+02 50 2 4 4.498e+02 4.742e+02 227 2 2 4.058e+01 4.342e+01 26 2 4 4.036e+02 4.364e+02 304 2 2 1.219e+02 1.301e+02 76 2 1 1.454e+02 1.486e+02 30 2 3 2.233e+02 2.387e+02 144 2 1 3.070e+02 3.230e+02 148 2 4 3.313e+01 5.087e+01 165 2 4 1.160e+02 1.360e+02 186 2 1 1.376e+02 1.564e+02 175 2 2 2.472e+02 2.568e+02 89 2 1 5.122e+01 7.478e+01 219 2 3 9.120e+01 1.188e+02 256 2 2 1.566e+02 1.794e+02 211 2 4 2.441e+02 2.599e+02 146 2 3 4.965e+01 7.635e+01 248 3 1 1.832e+01 2.368e+01 50 3 2 1.227e+02 1.293e+02 61 3 1 9.891e+00 3.211e+01 206
17604 2 0 4 2.935e+02 2.945e+02 10 0 2 6.576e+02 6.864e+02 268
17605 17 0 3 6.071e+02 6.109e+02 35 0 2 6.297e+02 6.303e+02 5 0 4 6.283e+02 6.317e+02 31 0 1 6.060e+02 6.120e+02 56 0 3 6.326e+02 6.694e+02 341 0 1 5.929e+02 6.251e+02 300 0 3 5.908e+02 6.272e+02 337 1 2 6.300e+02 6.300e+02 -4 2 2 4.031e+01 4.369e+01 31 2 3 2.246e+02 2.374e+02 119 2 3 2.692e+02 2.768e+02 70 2 3 1.839e+02 1.941e+02 96 2 4 1.982e+02 2.218e+02 219 2 4 1.594e+02 1.766e+02 159 2 3 2.131e+02 2.489e+02 332 2 4 2.362e+01 6.038e+01 341 2 3 1.763e+02 2.017e+02 236
17606 4 2 2 8.079e+01 8.721e+01 60 2 4 7.603e+01 9.197e+01 148 2 3 4.722e+01 7.878e+01 293 2 4 1.910e+02 2.290e+02 353
17607 4 2 4 2.501e+02 2.539e+02 36 2 1 2.714e+02 2.746e+02 30 2 2 2.364e+02 2.676e+02 290 2 3 2.629e+02 2.831e+02 188
17608 13 0 1 2.717e+02 2.743e+02 24 0 3 5.233e+02 5.267e+02 32 0 2 2.893e+02 2.987e+02 87 0 4 2.818e+02 3.062e+02 226 0 1 5.125e+02 5.375e+02 231 0 2 4.861e+02 5.219e+02 332 2 3 1.043e+02 1.057e+02 14 2 4 6.702e+02 6.738e+02 34 2 2 1.259e+02 1.261e+02 1 2 2 3.688e+02 3.872e+02 170 2 4 8.159e+01 8.641e+01 45 2 1 1.360e+02 1.580e+02 205 2 4 6.481e+01 1.032e+02 356
17609 12 2 2 5.011e+02 5.069e+02 53 2 1 2.239e+02 2.381e+02 132 2 4 4.980e+02 5.100e+02 112 2 3 2.201e+02 2.419e+02 202 2 3 4.674e+02 4.986e+02 290 2 2 2.417e+02 2.623e+02 190 3 4 3.724e+02 3.836e+02 104 3 1 3.917e+02 4.063e+02 136 3 1 3.467e+02 3.673e+02 191 3 3 3.438e+02 3.702e+02 245 3 2 3.707e+02 3.853e+02 136 3 3 3.881e+02 4.099e+02 202
17610 7 0 3 6.462e+02 6.558e+02 90 1 2 6.159e+02 6.441e+02 262 3 1 5.207e+02 5.293e+02 80 3 3 5.245e+02 5.255e+02 10 3 2 5.353e+02 5.567e+02 198 3 4 4.919e+02 5.161e+02 225 3 1 5.113e+02 5.387e+02 255
17611 0
17612 6 0 2 6.708e+02 6.732e+02 22 0 4 3.291e+02 3.429e+02 128 0 2 2.810e+02 3.070e+02 241 0 4 6.682e+02 6.758e+02 70 0 2 6.608e+02 6.832e+02 209 0 2 6.520e+02 6.920e+02 372
17613 0
17614 26 0 3 1.830e+02 1.950e+02 111 0 1 3.381e+02 3.759e+02 350 1 1 6.019e+02 6.161e+02 132 2 2 4.183e+02 4.217e+02 31 2 2 1.680e+02 1.680e+02 -1 2 2 2.100e+02 2.100e+02 -9 2 3 3.926e+02 4.054e+02 118 2 4 2.940e+02 2.940e+02 -12 2 2 4.068e+02 4.332e+02 245 2 1 3.544e+02 3.596e+02 48 2 4 1.222e+02 1.298e+02 70 2 1 3.804e+02 4.176e+02 345 2 3 1.429e+02 1.511e+02 76 2 2 2.491e+02 2.549e+02 55 2 3 3.097e+02 3.203e+02 99 2 2 3.759e+02 3.801e+02 40 2 2 1.166e+02 1.354e+02 174 2 4 1.607e+02 1.753e+02 136 2 2 2.387e+02 2.653e+02 246 2 3 2.705e+02 2.755e+02 47 2 4 3.779e+02 3.781e+02 1 2 4 2.413e+02 2.627e+02 198 2 2 2.898e+02 2.982e+02 79 2 2 3.652e+02 3.908e+02 238 2 1 3.017e+02 3.283e+02 247 2 2 3.204e+02 3.516e+02 290
17615 0
17616 3 2 4 3.348e+02 3.372e+02 22 2 3 3.559e+02 3.581e+02 20 2 2 3.772e+02 3.788e+02 15
17617 18 0 2 6.282e+02 6.318e+02 34 1 2 5.877e+02 5.883e+02 6 1 2 3.309e+02 3.411e+02 95 1 1 6.040e+02 6.140e+02 92 1 2 3.239e+02 3.481e+02 225 1 2 5.459e+02 5.461e+02 2 1 2 3.627e+02 3.933e+02 285 1 3 6.090e+02 6.090e+02 -3 1 1 4.675e+02 4.985e+02 287 1 3 5.650e+02 5.690e+02 36 1 2 6.261e+02 6.339e+02 72 1 4 5.770e+02 5.990e+02 205 1 4 6.287e+02 6.313e+02 25 1 1 5.544e+02 5.796e+02 235 1 3 5.915e+02 6.265e+02 326 1 2 5.703e+02 6.057e+02 330 1 2 6.112e+02 6.488e+02 349 1 4 6.111e+02 6.489e+02 350
17618 2 2 3 2.727e+02 2.733e+02 5 3 1 6.474e+02 6.546e+02 67
17619 53 0 1 6.078e+02 6.102e+02 22 0 1 3.517e+02 3.623e+02 98 0 3 6.074e+02 6.106e+02 30 0 4 3.685e+02 3.875e+02 177 0 2 6.581e+02 6.859e+02 258 0 1 5.950e+02 6.230e+02 260 0 2 3.609e+02 3.951e+02 318 0 4 6.581e+02 6.859e+02 258 0 4 6.115e+02 6.485e+02 343 1 4 4.199e+02 4.201e+02 2 1 3 3.950e+02 4.030e+02 75 1 3 5.946e+02 6.234e+02 267 2 3 3.145e+02 3.155e+02 9 2 2 8.321e+01 8.479e+01 15 2 4 5.872e+02 5.888e+02 16 2 3 1.454e+02 1.486e+02 29 2 4 4.169e+02 4.231e+02 58 2 4 2.086e+02 2.114e+02 26 2 3 5.642e+02 5.698e+02 51 2 2 2.925e+02 2.955e+02 28 2 4 6.634e+02 6.806e+02 160 2 1 3.554e+02 3.586e+02 30 2 1 4.362e+02 4.458e+02 90 2 4 4.004e+01 4.396e+01 36 2 4 5.695e+02 6.065e+02 344 2 4 1.244e+02 1.276e+02 30 2 3 4.320e+02 4.500e+02 167 2 4 1.670e+02 1.690e+02 19 2 1 2.270e+02 2.350e+02 74 2 4 2.927e+02 2.953e+02 24 2 3 3.557e+02 3.583e+02 25 2 3 4.884e+01 7.716e+01 263 2 4 7.361e+01 9.439e+01 193 2 1 1.827e+02 1.953e+02 116 2 4 2.473e+02 2.567e+02 86 2 1 3.136e+02 3.164e+02 26 2 4 3.755e+02 3.805e+02 46 2 1 5.401e+00 3.660e+01 290 2 2 1.629e+02 1.731e+02 94 2 3 2.205e+02 2.415e+02 195 2 1 2.636e+02 2.824e+02 175 2 4 3.220e+02 3.500e+02 260 2 4 1.491e+02 1.869e+02 350 2 2 1.925e+02 2.275e+02 326 2 3 2.644e+02 2.816e+02 159 2 3 3.380e+02 3.760e+02 352 2 3 1.713e+02 2.067e+02 328 2 1 3.035e+02 3.265e+02 213 2 2 3.609e+02 3.951e+02 317 2 3 3.025e+02 3.275e+02 232 2 2 3.179e+02 3.541e+02 336 2 4 2.782e+02 3.098e+02 293 3 3 2.100e+01 2.100e+01 -4
17620 0
17621 4 3 2 5.868e+02 5.892e+02 21 3 3 5.192e+02 5.308e+02 107 3 2 4.881e+02 5.199e+02 295 3 1 5.510e+02 5.830e+02 297
17622 0
17623 0
17624 7 1 3 6.090e+02 6.090e+02 -1 1 1 6.059e+02 6.121e+02 57 1 2 5.687e+02 6.073e+02 358 2 2 3.807e+01 4.593e+01 73 2 4 8.326e+01 8.474e+01 14 2 3 1.420e+01 2.780e+01 126 2 1 4.624e+01 7.976e+01 311
17625 14 1 4 6.292e+02 6.308e+02 15 2 3 3.139e+02 3.161e+02 20 2 2 4.192e+02 4.208e+02 15 2 2 3.309e+02 3.411e+02 94 2 4 5.034e+02 5.046e+02 10 2 2 8.191e+01 8.609e+01 39 2 3 3.876e+02 4.104e+02 211 2 4 2.920e+02 2.960e+02 38 2 2 4.544e+02 4.696e+02 140 2 1 3.429e+02 3.711e+02 261 2 4 4.504e+02 4.736e+02 215 2 4 4.019e+02 4.381e+02 336 2 1 4.726e+02 4.934e+02 193 2 3 4.710e+02 4.950e+02 222
17626 0
