11086 0
11088 3 2 3 1.824e+01 2.376e+01 51 2 2 2.299e+01 6.101e+01 353 3 1 5.179e+00 3.682e+01 294
11090 3 1 4 6.227e+02 6.373e+02 136 1 2 4.071e+02 4.329e+02 240 1 3 5.499e+02 5.841e+02 317
11092 11 1 4 6.271e+02 6.329e+02 53 1 2 6.247e+02 6.353e+02 98 1 1 6.012e+02 6.168e+02 145 1 3 5.918e+02 6.262e+02 320 2 2 2.501e+02 2.539e+02 36 2 3 3.915e+02 4.065e+02 140 2 1 2.671e+02 2.789e+02 109 2 4 2.449e+02 2.591e+02 131 2 3 2.151e+02 2.469e+02 295 3 1 9.756e+00 3.224e+01 209 3 1 1.723e+00 4.028e+01 358
11093 1 0 4 3.331e+01 5.069e+01 161
11094 28 0 3 4.813e+02 4.847e+02 31 0 4 6.692e+02 6.748e+02 52 0 1 3.029e+02 3.271e+02 225 0 1 4.766e+02 4.894e+02 118 0 4 3.700e+02 3.860e+02 149 0 1 6.429e+02 6.591e+02 150 0 4 4.889e+02 5.191e+02 280 0 2 6.616e+02 6.824e+02 194 0 3 6.363e+02 6.657e+02 274 1 4 5.825e+02 5.935e+02 102 1 2 6.243e+02 6.357e+02 106 1 3 4.714e+02 4.946e+02 216 2 3 1.035e+02 1.065e+02 27 2 1 6.042e+01 6.558e+01 48 2 2 1.251e+02 1.269e+02 16 2 1 1.463e+02 1.477e+02 13 2 4 3.670e+02 3.890e+02 204 2 2 3.870e+01 4.530e+01 61 2 4 1.260e+02 1.260e+02 -1 2 3 1.359e+02 1.581e+02 206 2 4 2.814e+02 3.066e+02 235 2 3 3.462e+02 3.678e+02 200 2 3 8.679e+00 3.332e+01 229 2 4 7.697e+01 9.103e+01 130 2 2 1.547e+02 1.813e+02 247 2 2 3.638e+02 3.922e+02 263 2 2 2.806e+01 5.594e+01 259 2 2 2.205e+01 6.195e+01 370
11095 2 2 1 1.855e+02 1.925e+02 66 2 3 8.684e+01 1.232e+02 337
11096 4 2 4 2.443e+02 2.597e+02 142 2 1 2.601e+02 2.859e+02 240 2 2 2.318e+02 2.722e+02 375 2 3 2.552e+02 2.908e+02 330
11097 9 0 3 4.344e+02 4.476e+02 122 0 4 4.023e+02 4.377e+02 328 2 3 1.879e+02 1.901e+02 21 2 4 2.100e+02 2.100e+02 -6 2 1 3.902e+02 4.078e+02 164 2 2 4.010e+02 4.390e+02 353 3 1 6.056e+02 6.124e+02 63 3 2 6.300e+02 6.300e+02 -5 3 1 6.368e+02 6.652e+02 265
11098 33 0 1 5.658e+02 5.682e+02 21 0 2 4.620e+02 4.620e+02 -13 0 4 2.891e+02 2.989e+02 91 0 1 6.070e+02 6.110e+02 36 0 2 4.962e+02 5.118e+02 145 0 3 5.169e+02 5.331e+02 150 0 2 2.781e+02 3.099e+02 295 0 3 6.048e+02 6.132e+02 77 0 2 4.900e+02 5.180e+02 260 0 1 5.546e+02 5.794e+02 230 0 4 5.789e+02 5.971e+02 170 0 4 4.899e+02 5.181e+02 261 0 1 5.078e+02 5.422e+02 320 0 3 4.651e+02 5.009e+02 333 1 4 5.880e+02 5.880e+02 -0 1 4 6.219e+02 6.381e+02 150 1 1 5.572e+02 5.768e+02 181 1 4 5.290e+02 5.630e+02 316 1 4 6.110e+02 6.490e+02 352 2 4 3.360e+02 3.360e+02 -20 2 2 6.258e+02 6.342e+02 78 2 1 1.457e+02 1.483e+02 25 2 1 3.545e+02 3.595e+02 46 2 3 5.993e+02 6.187e+02 180 2 1 1.810e+01 2.390e+01 54 2 2 1.642e+02 1.718e+02 71 2 4 6.183e+02 6.417e+02 216 2 2 2.366e+02 2.674e+02 286 2 3 2.262e+00 3.974e+01 348 2 4 1.623e+02 1.737e+02 106 2 2 1.941e+02 2.259e+02 295 2 3 1.431e+02 1.509e+02 72 3 4 6.809e+01 9.991e+01 296
11099 10 2 3 2.258e+02 2.362e+02 96 2 2 6.665e+02 6.775e+02 101 2 3 5.961e+01 6.639e+01 63 2 1 3.950e+02 4.030e+02 74 2 4 2.014e+02 2.186e+02 160 2 3 6.011e+02 6.169e+02 146 2 3 6.459e+02 6.561e+02 96 2 2 5.313e+02 5.607e+02 272 2 4 6.105e+02 6.495e+02 361 2 1 6.324e+02 6.696e+02 345
11101 10 0 3 5.623e+02 5.717e+02 86 2 2 6.283e+02 6.317e+02 32 2 3 6.013e+02 6.167e+02 143 2 3 1.698e+01 2.502e+01 75 2 1 6.395e+02 6.625e+02 214 2 1 9.484e+00 3.252e+01 214 2 4 6.097e+02 6.503e+02 376 2 4 1.152e+02 1.368e+02 200 2 4 5.678e+02 6.082e+02 375 2 3 8.747e+01 1.225e+02 326
11103 19 0 4 5.802e+02 5.958e+02 146 0 3 5.920e+02 6.260e+02 316 1 4 6.270e+02 6.330e+02 56 1 3 3.556e+02 3.584e+02 26 1 1 2.254e+02 2.366e+02 105 1 2 3.733e+02 3.827e+02 88 2 1 4.815e+02 4.845e+02 28 2 4 4.174e+02 4.226e+02 48 2 4 1.216e+02 1.304e+02 82 2 2 4.596e+02 4.644e+02 45 2 2 1.578e+02 1.782e+02 190 2 3 4.408e+02 4.412e+02 3 2 3 1.025e+01 3.175e+01 200 2 2 4.512e+02 4.728e+02 200 2 4 1.120e+02 1.400e+02 260 2 1 1.824e+02 1.956e+02 122 2 4 7.428e+01 9.372e+01 180 2 3 1.314e+02 1.626e+02 289 2 2 1.102e+02 1.418e+02 293
11109 0
11110 11 0 4 2.723e+02 3.157e+02 404 0 2 2.734e+02 3.146e+02 382 0 2 4.777e+02 5.303e+02 488 2 4 6.097e+02 6.503e+02 377 2 4 6.418e+01 1.038e+02 368 2 2 5.849e+01 1.095e+02 474 3 1 4.806e+02 4.854e+02 45 3 3 4.791e+02 4.869e+02 73 3 4 5.778e+02 5.982e+02 189 3 2 4.875e+02 5.205e+02 306 3 4 4.890e+02 5.190e+02 278
11111 8 1 2 4.992e+02 5.088e+02 90 2 1 3.148e+02 3.152e+02 5 2 3 9.892e+01 1.111e+02 113 2 2 7.980e+01 8.820e+01 78 2 2 1.569e+02 1.791e+02 206 2 3 4.529e+01 8.071e+01 329 2 4 7.854e+01 8.946e+01 101 3 1 6.043e+02 6.137e+02 87
11112 0
11113 1 1 4 4.556e+02 4.684e+02 120
11114 4 0 1 5.229e+02 5.271e+02 39 0 2 5.385e+02 5.535e+02 139 0 1 5.586e+02 5.754e+02 156 0 3 5.615e+02 5.725e+02 101
11115 1 2 3 8.545e+00 3.346e+01 231
11116 65 0 1 3.138e+02 3.162e+02 21 0 2 5.457e+02 5.463e+02 6 0 2 3.353e+02 3.367e+02 13 0 1 6.087e+02 6.093e+02 6 0 2 8.294e+01 8.506e+01 20 0 2 6.720e+02 6.720e+02 -2 0 3 2.725e+02 2.735e+02 10 0 4 4.194e+02 4.206e+02 10 0 4 3.353e+02 3.367e+02 13 0 2 4.599e+02 4.641e+02 40 0 1 5.736e+01 6.864e+01 105 0 1 5.653e+02 5.687e+02 31 0 3 1.005e+02 1.095e+02 83 0 3 6.087e+02 6.093e+02 5 0 1 3.564e+02 3.576e+02 11 0 4 6.710e+02 6.730e+02 18 0 2 3.239e+02 3.481e+02 225 0 4 4.615e+02 4.625e+02 10 0 4 3.215e+02 3.505e+02 269 0 3 5.642e+02 5.698e+02 51 0 4 3.581e+02 3.979e+02 370 0 4 5.839e+02 5.921e+02 76 0 3 6.441e+02 6.579e+02 129 0 1 4.254e+02 4.566e+02 289 0 1 5.221e+02 5.279e+02 55 0 4 6.196e+02 6.404e+02 194 0 1 6.386e+02 6.634e+02 230 0 3 3.816e+02 4.164e+02 324 0 3 5.183e+02 5.317e+02 125 0 2 6.172e+02 6.428e+02 237 0 3 6.370e+02 6.650e+02 260 1 2 6.297e+02 6.303e+02 6 1 2 5.852e+02 5.908e+02 52 1 1 4.389e+02 4.431e+02 40 1 4 6.299e+02 6.301e+02 1 1 2 4.589e+02 4.651e+02 57 1 1 4.735e+02 4.925e+02 176 1 3 5.649e+02 5.691e+02 39 1 1 6.081e+02 6.099e+02 16 1 2 4.908e+02 5.172e+02 246 1 4 5.816e+02 5.944e+02 119 1 3 6.086e+02 6.094e+02 7 1 3 5.092e+02 5.408e+02 294 1 4 5.732e+02 6.028e+02 275 1 1 5.936e+02 6.244e+02 286 1 4 4.846e+02 5.234e+02 360 2 4 2.512e+02 2.528e+02 15 2 3 6.230e+01 6.370e+01 13 2 3 1.429e+02 1.511e+02 76 2 4 4.189e+02 4.211e+02 20 2 3 2.718e+02 2.742e+02 23 2 4 5.327e+02 5.593e+02 246 2 4 3.538e+01 4.862e+01 123 2 4 4.067e+02 4.333e+02 246 2 2 8.038e+01 8.762e+01 67 2 4 2.896e+02 2.984e+02 82 2 1 5.777e+01 6.823e+01 97 2 4 1.130e+02 1.389e+02 240 2 1 2.624e+02 2.836e+02 197 2 1 1.159e+01 3.041e+01 175 2 4 6.441e+01 1.036e+02 364 2 2 2.881e+02 2.999e+02 110 2 3 2.557e+02 2.903e+02 320 3 4 1.664e+02 1.696e+02 29 3 1 1.456e+02 1.484e+02 26
11118 27 0 3 6.459e+02 6.561e+02 94 0 2 6.147e+02 6.453e+02 285 0 1 6.425e+02 6.595e+02 157 0 4 6.127e+02 6.473e+02 322 0 4 6.525e+02 6.915e+02 361 0 2 6.526e+02 6.914e+02 360 1 2 4.888e+02 5.192e+02 283 2 4 3.754e+02 3.806e+02 48 2 2 4.604e+02 4.636e+02 30 2 2 3.901e+01 4.499e+01 56 2 4 4.162e+02 4.238e+02 70 2 4 2.423e+02 2.617e+02 180 2 4 4.487e+02 4.753e+02 247 2 3 2.717e+02 2.743e+02 24 2 3 4.334e+02 4.486e+02 140 2 4 3.412e+01 4.988e+01 146 2 4 6.522e+02 6.918e+02 368 2 4 7.235e+01 9.565e+01 216 2 1 3.858e+02 4.122e+02 245 2 3 3.072e+02 3.228e+02 146 2 3 3.880e+02 4.100e+02 204 2 3 8.632e+00 3.337e+01 230 2 2 4.107e+02 4.293e+02 173 2 2 2.814e+02 3.066e+02 235 2 1 3.964e+00 3.804e+01 316 2 1 2.587e+02 2.873e+02 266 2 2 2.367e+01 6.033e+01 340
11119 2 2 4 2.483e+02 2.557e+02 69 2 3 2.692e+02 2.768e+02 70
11120 0
11122 0
11124 4 0 3 2.498e+02 2.962e+02 431 0 1 5.869e+02 6.311e+02 410 0 4 6.036e+02 6.564e+02 490 2 1 2.675e+02 2.785e+02 102
11125 7 2 2 1.667e+02 1.693e+02 24 2 3 3.552e+02 3.588e+02 34 2 4 1.601e+02 1.759e+02 147 2 2 3.754e+02 3.806e+02 49 2 1 1.736e+02 2.044e+02 286 2 4 3.244e+02 3.476e+02 215 2 3 1.296e+02 1.644e+02 324
11126 0
11127 9 2 3 3.120e+02 3.180e+02 56 2 4 3.347e+02 3.373e+02 25 2 4 5.826e+02 5.934e+02 100 2 3 2.976e+02 3.324e+02 324 2 1 6.084e+02 6.096e+02 11 2 3 5.985e+02 6.195e+02 196 2 4 2.316e+02 2.724e+02 378 2 3 3.382e+02 3.758e+02 350 2 2 5.705e+02 6.055e+02 326
