22005 14 0 2 2.452e+02 2.588e+02 126 0 1 2.633e+02 2.827e+02 180 0 4 2.425e+02 2.615e+02 177 0 3 2.640e+02 2.820e+02 168 0 1 1.652e+02 2.128e+02 441 1 1 6.344e+00 3.566e+01 272 2 2 3.753e+02 3.807e+02 50 2 1 3.948e+02 4.032e+02 79 2 3 5.916e+01 6.684e+01 71 2 4 3.712e+02 3.848e+02 126 2 4 3.349e+01 5.051e+01 158 2 4 7.388e+01 9.412e+01 188 2 3 1.300e+02 1.640e+02 316 2 3 3.404e+02 3.736e+02 308
22007 1 1 4 4.883e+02 5.197e+02 292
22010 0
22011 2 0 3 6.073e+02 6.107e+02 32 3 4 4.826e+02 5.254e+02 398
22012 6 0 2 6.611e+02 6.829e+02 202 0 4 6.597e+02 6.843e+02 229 0 2 6.528e+02 6.912e+02 356 2 4 2.089e+02 2.111e+02 20 2 4 6.198e+02 6.402e+02 190 3 1 1.119e+01 3.081e+01 182
22013 0
22014 46 0 2 3.771e+02 3.789e+02 16 0 3 3.930e+02 4.050e+02 111 0 1 6.355e+02 6.665e+02 287 0 4 3.777e+02 3.783e+02 6 0 1 5.243e+01 7.357e+01 196 0 4 1.947e+02 2.253e+02 285 0 1 3.498e+02 3.642e+02 135 0 4 3.633e+02 3.927e+02 272 0 1 3.428e+02 3.712e+02 264 1 2 5.864e+02 5.896e+02 30 1 1 4.340e+02 4.480e+02 130 1 2 6.247e+02 6.353e+02 99 1 4 5.362e+02 5.558e+02 181 1 1 5.995e+02 6.185e+02 176 1 1 5.531e+02 5.809e+02 259 1 4 6.144e+02 6.456e+02 290 2 4 2.498e+02 2.542e+02 41 2 3 3.143e+02 3.157e+02 14 2 4 4.602e+02 4.638e+02 33 2 1 3.566e+02 3.574e+02 7 2 2 5.419e+02 5.501e+02 76 2 1 6.060e+01 6.540e+01 45 2 2 8.214e+01 8.586e+01 35 2 3 4.700e+02 4.960e+02 241 2 3 1.468e+02 1.472e+02 4 2 2 2.461e+02 2.579e+02 109 2 1 2.700e+02 2.760e+02 56 2 4 3.933e+01 4.467e+01 50 2 4 1.151e+02 1.369e+02 203 2 1 1.327e+02 1.613e+02 266 2 3 2.129e+02 2.491e+02 336 2 3 2.707e+02 2.753e+02 42 2 1 3.415e+02 3.725e+02 287 2 3 5.606e+01 6.994e+01 129 2 4 6.939e+01 9.861e+01 271 2 2 1.546e+02 1.814e+02 248 2 4 2.882e+02 2.998e+02 108 2 2 3.186e+02 3.534e+02 324 2 2 2.497e+01 5.903e+01 316 2 2 2.776e+02 3.104e+02 305 2 4 3.180e+02 3.540e+02 335 2 1 4.390e+01 8.210e+01 355 2 1 2.995e+02 3.305e+02 288 2 3 2.986e+02 3.314e+02 305 3 3 6.055e+01 6.545e+01 46 3 4 4.175e+01 4.225e+01 5
22015 49 0 2 6.492e+02 6.948e+02 424 0 4 6.471e+02 6.969e+02 462 2 4 1.251e+02 1.269e+02 16 2 2 4.177e+02 4.223e+02 42 2 3 2.257e+02 2.363e+02 98 2 4 4.590e+02 4.650e+02 56 2 2 3.258e+02 3.462e+02 190 2 4 5.427e+02 5.493e+02 60 2 2 1.256e+02 1.264e+02 7 2 4 5.856e+02 5.904e+02 44 2 2 2.008e+02 2.192e+02 170 2 4 4.184e+02 4.216e+02 30 2 4 3.275e+02 3.445e+02 158 2 1 4.821e+02 4.839e+02 16 2 3 9.106e+01 1.189e+02 259 2 1 5.658e+02 5.682e+02 23 2 3 1.277e+02 1.663e+02 358 2 1 6.069e+02 6.111e+02 39 2 1 2.185e+02 2.435e+02 232 2 1 4.301e+02 4.519e+02 203 2 1 3.488e+02 3.652e+02 153 2 3 4.821e+02 4.839e+02 17 2 4 1.912e+02 2.288e+02 349 2 2 5.402e+02 5.518e+02 108 2 3 3.470e+02 3.670e+02 186 2 2 5.783e+02 5.977e+02 180 2 3 4.309e+02 4.511e+02 188 2 2 5.007e+02 5.073e+02 62 2 4 5.327e+02 5.593e+02 246 2 3 5.918e+02 6.262e+02 319 2 1 3.818e+02 4.162e+02 320 2 4 5.000e+02 5.080e+02 74 2 1 5.546e+02 5.794e+02 230 2 3 3.818e+02 4.162e+02 320 2 2 4.564e+02 4.676e+02 105 2 3 5.565e+02 5.775e+02 195 3 4 4.619e+02 4.621e+02 2 3 1 3.956e+02 4.024e+02 64 3 2 4.173e+02 4.227e+02 50 3 1 4.763e+02 4.897e+02 124 3 3 3.952e+02 4.028e+02 70 3 4 5.391e+02 5.529e+02 129 3 4 4.200e+02 4.200e+02 -5 3 4 4.963e+02 5.117e+02 144 3 2 3.579e+02 3.981e+02 374 3 3 4.705e+02 4.955e+02 232 3 1 4.397e+02 4.423e+02 24 3 3 4.383e+02 4.437e+02 50 3 2 4.605e+02 4.635e+02 27
22017 1 2 3 9.309e+00 3.269e+01 217
22021 0
22022 8 0 1 4.405e+02 4.415e+02 9 0 3 4.354e+02 4.466e+02 105 0 2 4.449e+02 4.791e+02 318 0 2 6.586e+02 6.854e+02 250 0 4 4.491e+02 4.749e+02 240 0 4 6.548e+02 6.892e+02 319 2 4 1.624e+02 1.736e+02 105 2 3 1.341e+02 1.599e+02 240
22024 8 0 2 4.575e+02 4.665e+02 84 0 2 6.233e+02 6.367e+02 125 0 4 4.502e+02 4.738e+02 220 0 3 4.670e+02 4.990e+02 298 0 3 6.350e+02 6.670e+02 296 0 1 4.198e+02 4.622e+02 393 2 1 7.370e-01 4.126e+01 376 3 4 2.376e+01 6.024e+01 339
22025 1 2 1 6.373e+02 6.647e+02 255
22027 1 2 2 2.676e+01 5.724e+01 283
22028 0
22029 10 0 2 3.780e+02 3.780e+02 -2 0 4 3.687e+02 3.873e+02 173 0 1 5.078e+02 5.422e+02 320 0 2 3.567e+02 3.993e+02 396 0 2 5.234e+02 5.686e+02 420 2 2 4.200e+01 4.200e+01 -10 2 4 5.879e+02 5.881e+02 2 2 4 3.273e+01 5.127e+01 172 2 3 9.753e+00 3.225e+01 209 2 1 4.722e+01 7.878e+01 293
22030 10 0 4 4.986e+02 5.094e+02 100 0 3 4.756e+02 4.904e+02 137 0 4 6.579e+02 6.861e+02 261 2 3 1.774e+01 2.426e+01 60 2 1 1.245e+01 2.955e+01 159 2 2 3.215e+01 5.185e+01 183 2 4 1.094e+02 1.426e+02 308 2 4 2.806e+01 5.594e+01 259 2 2 2.187e+01 6.213e+01 374 2 3 -5.142e+00 4.714e+01 486
22031 0
22032 4 0 1 4.814e+02 4.846e+02 30 0 3 4.779e+02 4.881e+02 94 0 4 4.926e+02 5.154e+02 211 2 4 6.576e+01 1.022e+02 339
22033 0
22034 1 2 4 6.871e+01 9.929e+01 284
22035 20 0 1 6.467e+02 6.553e+02 80 0 3 6.457e+02 6.563e+02 99 0 2 6.564e+02 6.876e+02 289 1 4 3.345e+02 3.375e+02 28 1 4 5.038e+02 5.042e+02 3 1 3 3.087e+02 3.213e+02 117 1 1 2.534e+02 2.926e+02 364 1 2 2.812e+02 3.068e+02 238 1 1 2.951e+02 3.349e+02 369 1 4 4.839e+02 5.241e+02 374 2 1 1.738e+01 2.462e+01 67 2 2 2.904e+02 2.976e+02 66 2 1 3.110e+02 3.190e+02 75 2 3 6.478e+00 3.552e+01 270 2 3 2.607e+02 2.853e+02 228 2 4 2.788e+02 3.092e+02 281 3 2 5.452e+02 5.468e+02 16 3 4 5.359e+02 5.561e+02 188 3 3 5.107e+02 5.393e+02 265 3 1 5.509e+02 5.831e+02 299
22036 0
22037 4 3 3 4.825e+02 4.835e+02 9 3 2 4.559e+02 4.681e+02 113 3 1 1.791e+02 1.989e+02 184 3 4 4.860e+02 5.220e+02 334
22038 1 1 4 1.501e+02 1.859e+02 333
22039 0
22040 15 0 4 5.867e+02 5.893e+02 25 0 2 6.696e+02 6.744e+02 45 0 1 5.539e+02 5.801e+02 244 0 3 6.016e+02 6.164e+02 137 0 1 5.965e+02 6.215e+02 232 0 4 6.540e+02 6.900e+02 335 0 3 5.499e+02 5.841e+02 317 0 3 5.846e+02 6.334e+02 454 0 1 6.311e+02 6.709e+02 370 2 2 4.085e+01 4.315e+01 21 2 3 8.588e+00 3.341e+01 230 2 4 3.017e+01 5.383e+01 220 2 4 1.897e+02 2.303e+02 376 2 1 4.606e+01 7.994e+01 315 2 3 2.064e+02 2.556e+02 456
22041 8 0 2 6.289e+02 6.311e+02 20 0 3 4.380e+02 4.440e+02 56 0 4 5.018e+02 5.062e+02 40 0 4 6.225e+02 6.375e+02 139 0 1 5.977e+02 6.203e+02 210 0 3 6.347e+02 6.673e+02 303 0 2 6.577e+02 6.863e+02 266 2 4 1.249e+02 1.271e+02 20
22042 7 0 3 5.613e+02 5.727e+02 106 0 3 5.505e+02 5.835e+02 307 2 3 2.100e+01 2.100e+01 -10 2 3 1.870e+02 1.910e+02 37 2 1 8.858e+00 3.314e+01 226 2 4 1.953e+02 2.247e+02 274 2 2 2.941e+01 5.459e+01 234
22043 29 0 1 6.502e+02 6.518e+02 15 0 3 4.403e+02 4.417e+02 14 0 1 3.534e+02 3.606e+02 67 0 2 6.241e+02 6.359e+02 110 0 3 6.497e+02 6.523e+02 25 0 2 3.169e+02 3.551e+02 355 0 4 4.518e+02 4.722e+02 190 0 4 6.220e+02 6.380e+02 148 0 2 6.708e+02 6.732e+02 23 0 1 5.961e+02 6.219e+02 240 0 4 6.713e+02 6.727e+02 14 0 3 5.989e+02 6.191e+02 187 2 3 1.990e+01 2.210e+01 20 2 4 8.227e+01 8.573e+01 32 2 3 1.455e+02 1.485e+02 27 2 2 3.583e+01 4.817e+01 115 2 4 1.231e+02 1.289e+02 53 2 4 1.672e+02 1.688e+02 15 2 4 2.070e+02 2.130e+02 56 2 4 3.134e+01 5.266e+01 198 2 3 9.600e+01 1.140e+02 167 2 1 1.835e+02 1.945e+02 102 2 1 1.020e+01 3.180e+01 200 2 4 1.127e+02 1.393e+02 246 2 2 1.586e+02 1.774e+02 175 2 3 3.160e+00 3.884e+01 331 2 2 6.809e+01 9.991e+01 296 2 3 1.731e+02 2.049e+02 295 2 2 1.090e+02 1.430e+02 316
22045 0
22046 7 0 1 5.670e+02 5.670e+02 -13 0 2 5.406e+02 5.514e+02 100 0 3 4.999e+02 5.501e+02 466 1 4 5.244e+02 5.676e+02 401 2 2 2.429e+01 5.971e+01 329 2 4 1.486e+02 1.874e+02 360 2 4 2.371e+01 6.029e+01 340
22049 6 2 3 3.476e+02 3.664e+02 175 2 4 3.238e+02 3.482e+02 226 2 2 3.212e+02 3.508e+02 275 3 2 5.002e+02 5.078e+02 71 3 1 3.947e+02 4.033e+02 80 3 1 5.135e+02 5.365e+02 214
22052 13 0 2 6.688e+02 6.752e+02 59 0 4 6.719e+02 6.721e+02 2 0 1 6.369e+02 6.651e+02 262 0 3 6.316e+02 6.704e+02 360 0 2 6.564e+02 6.876e+02 289 2 1 3.559e+02 3.581e+02 21 2 3 2.720e+02 2.740e+02 18 2 3 3.538e+02 3.602e+02 59 2 1 3.481e+02 3.659e+02 165 2 1 2.171e+00 3.983e+01 350 2 2 3.619e+02 3.941e+02 300 2 3 3.564e+00 3.844e+01 324 2 4 3.597e+02 3.963e+02 340
22053 17 0 4 6.300e+02 6.300e+02 -14 0 3 4.404e+02 4.416e+02 11 0 4 4.576e+02 4.664e+02 81 0 3 6.395e+02 6.625e+02 213 0 2 6.583e+02 6.857e+02 255 0 4 6.568e+02 6.872e+02 283 1 4 1.680e+02 1.680e+02 -21 1 4 6.300e+02 6.300e+02 -13 1 2 1.619e+02 1.741e+02 113 1 3 6.072e+02 6.108e+02 34 1 2 2.898e+02 2.982e+02 79 1 2 5.364e+02 5.556e+02 178 1 1 1.388e+02 1.552e+02 153 1 4 5.348e+02 5.572e+02 208 1 3 1.377e+02 1.563e+02 172 1 2 1.130e+02 1.390e+02 242 1 1 5.564e+02 5.776e+02 196
22054 9 0 4 3.345e+02 3.375e+02 27 0 1 5.639e+02 5.701e+02 58 0 3 6.493e+02 6.527e+02 31 0 1 5.582e+02 5.758e+02 164 0 4 5.814e+02 5.946e+02 123 0 1 6.487e+02 6.533e+02 43 0 3 5.582e+02 5.758e+02 163 0 2 6.548e+02 6.892e+02 319 1 2 6.280e+02 6.320e+02 38
22056 5 0 4 3.353e+02 3.367e+02 14 0 2 3.293e+02 3.427e+02 125 0 1 3.464e+02 3.676e+02 197 1 4 2.511e+02 2.529e+02 16 1 1 3.049e+02 3.251e+02 188
