8204 11 0 3 6.013e+02 6.167e+02 143 0 2 6.682e+02 6.758e+02 70 0 4 6.163e+02 6.437e+02 254 0 4 6.701e+02 6.739e+02 35 1 2 6.284e+02 6.316e+02 30 1 2 5.682e+02 6.078e+02 367 2 3 1.025e+02 1.075e+02 46 2 4 2.869e+01 5.531e+01 247 2 2 1.146e+02 1.374e+02 211 2 3 5.536e+00 3.646e+01 287 2 4 6.912e+01 9.888e+01 276
8205 12 0 1 5.594e+02 5.746e+02 140 0 4 5.870e+02 5.890e+02 18 0 3 5.641e+02 5.699e+02 53 0 2 5.307e+02 5.613e+02 285 0 4 5.742e+02 6.018e+02 257 1 1 6.059e+02 6.121e+02 57 1 2 5.790e+02 5.970e+02 168 1 3 6.010e+02 6.170e+02 148 1 2 6.175e+02 6.425e+02 232 2 3 1.878e+02 1.902e+02 23 2 2 1.612e+02 1.748e+02 126 2 1 1.800e+02 1.980e+02 168
8206 2 3 1 1.861e+02 1.919e+02 53 3 2 2.045e+02 2.155e+02 101
8207 2 0 3 5.015e+02 5.485e+02 437 0 4 1.878e+01 6.522e+01 431
8208 16 0 1 6.479e+02 6.541e+02 57 0 4 4.181e+02 4.219e+02 35 1 1 5.898e+02 6.282e+02 356 1 2 6.105e+02 6.495e+02 362 2 3 2.088e+01 2.112e+01 2 2 4 2.091e+02 2.109e+02 17 2 2 4.153e+01 4.247e+01 9 2 1 2.248e+02 2.372e+02 115 2 1 5.709e+01 6.891e+01 110 2 2 1.965e+02 2.235e+02 250 2 1 1.734e+01 2.466e+01 68 2 3 2.116e+02 2.504e+02 360 2 4 3.385e+01 5.015e+01 151 2 3 7.468e+00 3.453e+01 251 2 2 2.622e+01 5.778e+01 293 2 4 2.461e+01 5.939e+01 323
8209 5 2 3 5.226e+02 5.274e+02 45 2 2 5.361e+02 5.559e+02 185 2 1 2.148e+02 2.472e+02 300 2 4 4.873e+02 5.207e+02 310 2 1 5.097e+02 5.403e+02 285
8210 59 0 1 3.115e+02 3.185e+02 65 0 1 6.429e+02 6.591e+02 150 0 1 3.948e+02 4.032e+02 79 0 1 5.192e+02 5.308e+02 107 0 4 6.675e+02 6.765e+02 84 0 4 4.154e+02 4.246e+02 86 0 3 5.161e+02 5.339e+02 165 0 1 5.920e+02 6.260e+02 316 0 3 3.876e+02 4.104e+02 211 0 2 5.430e+02 5.490e+02 56 0 2 5.315e+02 5.605e+02 269 1 3 5.644e+02 5.696e+02 48 1 2 5.431e+02 5.489e+02 54 1 1 6.071e+02 6.109e+02 35 1 3 5.532e+02 5.808e+02 257 1 3 6.013e+02 6.167e+02 143 1 1 4.668e+02 4.992e+02 301 1 2 6.201e+02 6.399e+02 185 1 4 6.254e+02 6.346e+02 86 1 1 5.951e+02 6.229e+02 259 2 4 6.283e+02 6.317e+02 32 2 3 2.296e+02 2.324e+02 26 2 4 4.196e+02 4.204e+02 8 2 4 2.933e+02 2.947e+02 14 2 2 4.600e+02 4.640e+02 36 2 2 3.337e+02 3.383e+02 42 2 1 5.225e+02 5.275e+02 47 2 4 1.260e+02 1.260e+02 -0 2 3 6.465e+02 6.555e+02 84 2 2 2.510e+02 2.530e+02 19 2 3 4.375e+02 4.445e+02 65 2 3 2.693e+02 2.767e+02 69 2 1 4.798e+02 4.862e+02 60 2 4 3.332e+02 3.388e+02 52 2 2 6.632e+02 6.808e+02 164 2 3 8.501e+00 3.350e+01 232 2 3 3.850e+02 4.130e+02 260 2 4 8.204e+01 8.596e+01 36 2 3 4.740e+02 4.920e+02 167 2 4 2.092e+02 2.108e+02 15 2 4 4.076e+02 4.324e+02 230 2 2 2.879e+02 3.001e+02 113 2 2 5.009e+02 5.071e+02 57 2 4 3.678e+02 3.882e+02 189 2 3 4.256e+02 4.564e+02 286 2 4 2.802e+01 5.598e+01 260 2 4 4.539e+02 4.701e+02 151 2 1 2.276e+02 2.344e+02 64 2 4 4.856e+02 5.224e+02 341 2 3 3.105e+02 3.195e+02 84 2 4 4.435e+02 4.805e+02 343 2 1 3.442e+02 3.698e+02 237 2 3 4.627e+02 5.033e+02 376 2 3 4.467e+01 8.133e+01 340 2 4 2.461e+02 2.579e+02 110 2 3 2.977e+02 3.323e+02 320 2 3 2.199e+02 2.421e+02 206 2 2 2.344e+02 2.696e+02 327 2 4 2.398e+02 2.642e+02 226
8212 6 0 1 5.540e+02 5.800e+02 241 2 2 2.926e+02 2.954e+02 26 2 4 4.954e+02 5.126e+02 160 2 4 2.804e+02 3.076e+02 252 2 1 3.016e+02 3.284e+02 248 2 3 2.599e+02 2.861e+02 243
8213 54 0 1 6.501e+02 6.519e+02 17 0 1 5.242e+02 5.258e+02 16 0 3 6.485e+02 6.535e+02 46 0 2 5.457e+02 5.463e+02 5 0 2 6.195e+02 6.405e+02 196 0 1 6.416e+02 6.604e+02 175 0 3 5.176e+02 5.324e+02 138 0 4 6.174e+02 6.426e+02 235 0 4 6.573e+02 6.867e+02 272 0 2 4.858e+02 5.222e+02 337 0 3 5.503e+02 5.837e+02 310 0 2 6.532e+02 6.908e+02 350 1 4 5.880e+02 5.880e+02 -9 1 1 6.066e+02 6.114e+02 44 1 2 3.671e+02 3.889e+02 203 1 4 5.011e+02 5.069e+02 55 1 3 5.670e+02 5.670e+02 -9 1 2 6.283e+02 6.317e+02 32 1 2 5.427e+02 5.493e+02 61 1 4 6.270e+02 6.330e+02 56 1 2 5.776e+02 5.984e+02 194 1 3 6.004e+02 6.176e+02 160 1 1 5.536e+02 5.804e+02 250 1 3 5.935e+02 6.245e+02 288 1 3 5.476e+02 5.864e+02 360 1 4 6.125e+02 6.475e+02 325 2 2 1.674e+02 1.686e+02 11 2 3 4.824e+02 4.836e+02 10 2 3 2.310e+02 2.310e+02 -8 2 4 6.282e+02 6.318e+02 33 2 1 3.144e+02 3.156e+02 10 2 3 1.393e+01 2.807e+01 131 2 2 5.019e+02 5.061e+02 39 2 4 1.642e+02 1.718e+02 70 2 1 5.196e+02 5.304e+02 100 2 2 2.519e+02 2.521e+02 2 2 2 6.210e+02 6.390e+02 168 2 1 3.537e+02 3.603e+02 60 2 4 5.020e+02 5.060e+02 38 2 2 3.829e+01 4.571e+01 69 2 3 6.410e+02 6.610e+02 186 2 4 1.155e+02 1.365e+02 195 2 4 4.076e+02 4.324e+02 230 2 1 1.444e+02 1.496e+02 48 2 4 4.501e+02 4.739e+02 220 2 4 2.500e+02 2.540e+02 37 2 1 2.987e+02 3.313e+02 303 2 4 3.542e+01 4.858e+01 122 2 3 1.360e+02 1.580e+02 205 2 4 2.060e+02 2.140e+02 74 2 4 2.465e+01 5.935e+01 322 2 1 2.187e+02 2.433e+02 229 2 1 4.884e+01 7.716e+01 263 3 3 6.176e+01 6.424e+01 23
8214 1 0 1 5.218e+02 5.282e+02 59
8217 6 0 1 6.080e+02 6.100e+02 18 0 3 6.061e+02 6.119e+02 53 0 1 5.155e+02 5.345e+02 176 0 2 6.148e+02 6.452e+02 282 0 4 6.116e+02 6.484e+02 342 1 2 6.109e+02 6.491e+02 354
8220 13 0 4 6.300e+02 6.300e+02 -0 0 1 6.510e+02 6.510e+02 -21 0 3 5.670e+02 5.670e+02 -22 0 3 6.090e+02 6.090e+02 -14 0 3 6.483e+02 6.537e+02 50 0 4 2.587e+01 5.813e+01 300 0 1 6.027e+02 6.153e+02 116 0 2 6.715e+02 6.725e+02 9 0 4 6.700e+02 6.740e+02 36 2 2 4.067e+01 4.333e+01 25 2 1 1.801e+01 2.399e+01 56 2 4 3.699e+01 4.701e+01 93 2 3 9.800e+00 3.220e+01 208
8222 3 0 3 6.075e+02 6.105e+02 28 0 1 6.042e+02 6.138e+02 89 2 1 2.304e+02 2.316e+02 10
8223 0
8224 32 0 1 2.297e+02 2.323e+02 25 0 2 6.287e+02 6.313e+02 24 0 2 6.714e+02 6.726e+02 11 0 4 3.689e+02 3.871e+02 170 0 3 4.771e+02 4.889e+02 110 0 1 2.144e+02 2.476e+02 309 0 3 5.199e+02 5.301e+02 96 0 4 6.296e+02 6.304e+02 8 0 4 6.705e+02 6.735e+02 27 0 2 4.933e+02 5.147e+02 198 0 1 5.102e+02 5.398e+02 275 0 2 6.192e+02 6.408e+02 200 0 1 6.474e+02 6.546e+02 67 0 4 4.002e+02 4.398e+02 368 0 4 4.852e+02 5.228e+02 349 0 2 6.123e+02 6.477e+02 328 0 3 6.489e+02 6.531e+02 40 0 4 4.438e+02 4.802e+02 337 0 1 6.401e+02 6.619e+02 202 0 2 6.564e+02 6.876e+02 290 0 4 6.567e+02 6.873e+02 285 1 2 5.013e+02 5.067e+02 50 1 2 6.299e+02 6.301e+02 2 1 2 5.875e+02 5.885e+02 9 1 1 6.056e+02 6.124e+02 64 1 2 4.871e+02 5.209e+02 315 1 2 5.450e+02 5.470e+02 19 1 3 6.015e+02 6.165e+02 139 1 4 6.219e+02 6.381e+02 150 2 3 6.062e+02 6.118e+02 52 2 4 5.807e+02 5.953e+02 135 2 2 6.145e+02 6.455e+02 288
8225 1 2 4 5.864e+02 5.896e+02 30
8226 15 0 4 6.253e+02 6.347e+02 87 0 2 6.692e+02 6.748e+02 51 0 3 5.603e+02 5.737e+02 125 0 3 5.995e+02 6.185e+02 176 0 2 5.413e+02 5.507e+02 86 0 2 6.135e+02 6.465e+02 306 0 4 6.562e+02 6.878e+02 293 1 2 6.293e+02 6.307e+02 12 1 1 5.578e+02 5.762e+02 170 2 4 1.238e+02 1.282e+02 40 2 4 7.711e+01 9.089e+01 128 2 1 1.380e+02 1.560e+02 166 2 4 2.824e+01 5.576e+01 256 2 2 1.080e+02 1.440e+02 334 2 3 1.376e+02 1.564e+02 175
8227 2 0 1 6.086e+02 6.094e+02 7 0 4 5.853e+02 5.907e+02 50
8228 5 0 2 6.709e+02 6.731e+02 21 0 4 6.659e+02 6.781e+02 113 0 1 6.346e+02 6.674e+02 304 1 2 6.258e+02 6.342e+02 77 1 2 6.127e+02 6.473e+02 321
8229 0
8232 3 1 4 5.025e+02 5.055e+02 27 1 3 4.789e+02 4.871e+02 76 2 2 4.997e+02 5.083e+02 80
8233 13 0 4 2.636e+01 5.764e+01 290 1 2 5.016e+02 5.064e+02 44 1 1 3.554e+02 3.586e+02 30 1 2 4.898e+02 5.182e+02 263 2 2 1.680e+02 1.680e+02 -7 2 2 2.514e+02 2.526e+02 10 2 2 3.360e+02 3.360e+02 -20 2 4 1.596e+02 1.764e+02 156 2 2 2.068e+02 2.132e+02 59 2 2 2.936e+02 2.944e+02 7 2 2 1.552e+02 1.808e+02 237 2 3 1.309e+02 1.631e+02 300 2 2 1.942e+02 2.258e+02 293
8234 17 0 1 5.654e+02 5.686e+02 29 0 3 4.390e+02 4.430e+02 38 0 4 4.620e+02 4.620e+02 -20 0 2 6.689e+02 6.751e+02 58 0 4 4.548e+02 4.692e+02 134 0 4 5.869e+02 5.891e+02 20 0 4 6.622e+02 6.818e+02 181 0 2 4.956e+02 5.124e+02 156 0 3 5.476e+02 5.864e+02 360 0 2 6.180e+02 6.420e+02 222 0 4 6.557e+02 6.883e+02 302 0 4 4.990e+02 5.090e+02 93 0 4 6.116e+02 6.484e+02 342 0 3 4.723e+02 4.937e+02 199 2 3 1.868e+01 2.332e+01 43 2 1 1.738e+01 2.462e+01 67 2 2 2.542e+01 5.858e+01 308
8235 68 0 3 4.804e+02 4.856e+02 48 0 2 5.443e+02 5.477e+02 32 0 1 1.815e+02 1.965e+02 140 0 1 6.087e+02 6.093e+02 6 0 2 2.077e+02 2.123e+02 43 0 2 6.691e+02 6.749e+02 55 0 4 1.949e+02 2.251e+02 280 0 4 5.015e+02 5.065e+02 46 0 3 2.174e+02 2.446e+02 253 0 1 5.610e+02 5.730e+02 110 0 3 6.063e+02 6.117e+02 50 0 4 6.695e+02 6.745e+02 47 0 1 4.740e+02 4.920e+02 167 0 3 5.649e+02 5.691e+02 40 0 1 5.982e+02 6.198e+02 201 0 1 6.480e+02 6.540e+02 56 0 2 4.972e+02 5.108e+02 127 0 2 5.287e+02 5.633e+02 320 0 4 5.724e+02 6.036e+02 290 0 3 6.348e+02 6.672e+02 301 0 4 4.909e+02 5.171e+02 244 0 1 5.502e+02 5.838e+02 311 0 2 6.121e+02 6.479e+02 333 0 2 6.547e+02 6.893e+02 320 0 2 4.464e+02 4.776e+02 290 0 3 5.511e+02 5.829e+02 296 0 4 6.522e+02 6.918e+02 367 0 1 4.644e+02 5.016e+02 345 0 1 6.317e+02 6.703e+02 359 0 3 4.635e+02 5.025e+02 363 1 4 5.442e+02 5.478e+02 33 1 2 6.294e+02 6.306e+02 11 1 2 4.192e+02 4.208e+02 16 1 3 5.233e+02 5.267e+02 32 1 2 3.589e+02 3.971e+02 356 1 2 5.855e+02 5.905e+02 46 1 3 6.056e+02 6.124e+02 63 1 4 5.874e+02 5.886e+02 11 1 4 6.204e+02 6.396e+02 179 1 2 5.435e+02 5.485e+02 46 1 1 5.996e+02 6.184e+02 174 1 1 5.572e+02 5.768e+02 181 1 3 5.889e+02 6.291e+02 374 1 3 5.562e+02 5.778e+02 200 1 2 5.669e+02 6.091e+02 392 2 3 3.127e+02 3.173e+02 42 2 4 3.289e+02 3.431e+02 131 2 3 5.659e+02 5.681e+02 20 2 3 5.862e+01 6.738e+01 81 2 4 1.248e+02 1.272e+02 22 2 4 5.385e+02 5.535e+02 139 2 3 3.535e+02 3.605e+02 66 2 4 5.788e+02 5.972e+02 170 2 1 1.882e+01 2.318e+01 40 2 3 5.472e+02 5.868e+02 367 2 1 1.379e+02 1.561e+02 170 2 4 1.972e+02 2.228e+02 237 2 4 2.803e+02 3.077e+02 254 2 3 1.554e+01 2.646e+01 101 2 2 6.750e+01 1.005e+02 306 2 3 1.375e+02 1.565e+02 177 2 2 3.600e+01 4.800e+01 111 2 2 1.043e+02 1.477e+02 403 2 2 1.485e+02 1.875e+02 363 2 4 3.870e+01 4.530e+01 61 2 1 5.709e+01 6.891e+01 110 2 1 8.319e+00 3.368e+01 236 2 2 2.348e+01 6.052e+01 344
8236 4 1 1 2.679e+02 2.781e+02 94 1 3 2.675e+02 2.785e+02 103 1 4 2.387e+02 2.653e+02 247 1 2 2.727e+02 3.153e+02 395
8237 3 0 3 5.144e+02 5.356e+02 196 1 2 2.940e+02 2.940e+02 -5 1 2 3.260e+02 3.460e+02 186
8238 4 2 4 2.447e+02 2.593e+02 135 2 3 2.664e+02 2.796e+02 123 2 2 2.352e+02 2.688e+02 311 2 2 2.792e+02 3.088e+02 275
8239 10 0 3 3.987e+02 3.993e+02 6 0 4 1.664e+02 1.696e+02 29 0 4 2.495e+02 2.545e+02 47 0 1 3.570e+02 3.570e+02 -24 0 4 4.093e+02 4.307e+02 200 0 2 3.780e+02 3.780e+02 -20 0 3 1.804e+02 1.976e+02 160 2 2 4.076e+01 4.324e+01 23 2 4 3.677e+01 4.723e+01 97 2 3 1.142e+01 3.058e+01 178
8240 3 0 2 6.695e+02 6.745e+02 46 0 4 6.714e+02 6.726e+02 11 2 4 1.208e+02 1.312e+02 97
8241 0
8242 6 0 1 6.501e+02 6.519e+02 17 0 2 6.557e+02 6.883e+02 303 3 1 1.848e+02 1.932e+02 77 3 3 1.827e+02 1.953e+02 117 3 2 1.542e+02 1.818e+02 256 3 4 1.556e+02 1.804e+02 230
8243 4 0 4 4.543e+02 4.697e+02 143 2 3 2.294e+02 2.326e+02 30 2 2 2.382e+02 2.658e+02 256 2 1 2.155e+02 2.465e+02 288
8244 64 0 2 1.680e+02 1.680e+02 -1 0 2 6.293e+02 6.307e+02 13 0 4 2.495e+02 2.545e+02 47 0 2 6.715e+02 6.725e+02 10 0 1 2.688e+02 2.772e+02 77 0 1 4.383e+02 4.437e+02 50 0 4 1.636e+02 1.724e+02 81 0 2 4.561e+02 4.679e+02 110 0 1 1.723e+02 2.057e+02 310 0 4 6.284e+02 6.316e+02 30 0 3 2.122e+02 2.498e+02 350 0 4 6.700e+02 6.740e+02 38 0 4 4.611e+02 4.629e+02 16 0 3 5.545e+02 5.795e+02 231 0 4 5.873e+02 5.887e+02 12 0 1 6.379e+02 6.641e+02 243 0 3 4.266e+02 4.554e+02 267 0 3 4.755e+02 4.905e+02 140 0 1 5.169e+02 5.331e+02 150 0 1 6.070e+02 6.110e+02 36 0 3 6.420e+02 6.600e+02 166 0 4 4.485e+02 4.755e+02 251 0 3 5.166e+02 5.334e+02 156 0 3 6.057e+02 6.123e+02 62 0 2 4.924e+02 5.156e+02 216 0 1 5.502e+02 5.838e+02 311 0 1 5.967e+02 6.213e+02 229 0 4 4.901e+02 5.179e+02 258 0 2 6.111e+02 6.489e+02 350 0 1 4.646e+02 5.014e+02 341 0 4 5.721e+02 6.039e+02 295 0 1 5.909e+02 6.271e+02 336 1 3 5.669e+02 5.671e+02 2 1 2 6.300e+02 6.300e+02 -4 1 4 5.033e+02 5.047e+02 14 1 4 6.295e+02 6.305e+02 9 1 3 4.810e+02 4.850e+02 36 1 4 5.796e+02 5.964e+02 156 1 1 6.045e+02 6.135e+02 83 1 2 5.325e+02 5.595e+02 250 1 3 6.082e+02 6.098e+02 15 1 1 5.536e+02 5.804e+02 249 1 1 5.936e+02 6.244e+02 286 1 2 5.758e+02 6.002e+02 226 2 4 1.258e+02 1.262e+02 4 2 2 1.650e+02 1.710e+02 56 2 2 2.075e+02 2.125e+02 46 2 3 2.717e+02 2.743e+02 25 2 1 5.665e+01 6.935e+01 118 2 4 6.535e+02 6.905e+02 343 2 2 8.110e+01 8.690e+01 54 2 4 1.650e+02 1.710e+02 56 2 4 2.474e+02 2.566e+02 85 2 3 5.943e+01 6.657e+01 66 2 4 6.845e+01 9.955e+01 289 2 1 1.843e+02 1.937e+02 87 2 4 2.014e+02 2.186e+02 159 2 4 3.125e+01 5.275e+01 200 2 2 1.089e+02 1.431e+02 318 2 3 1.857e+02 1.923e+02 61 2 3 2.179e+02 2.441e+02 244 2 3 1.370e+02 1.570e+02 186 2 2 2.378e+02 2.662e+02 263 2 4 2.386e+02 2.654e+02 250
8245 10 0 1 2.722e+02 2.738e+02 15 0 4 6.711e+02 6.729e+02 17 0 3 2.722e+02 2.738e+02 16 0 2 6.698e+02 6.742e+02 41 0 2 2.354e+02 2.686e+02 309 0 4 2.375e+02 2.665e+02 269 2 3 4.370e+02 4.450e+02 75 2 2 4.571e+02 4.669e+02 90 2 3 3.798e+02 4.182e+02 356 2 2 4.479e+02 4.761e+02 262
8246 5 0 4 6.656e+02 6.784e+02 119 0 1 6.444e+02 6.576e+02 122 0 2 6.115e+02 6.485e+02 343 0 3 6.452e+02 6.568e+02 108 0 2 6.551e+02 6.889e+02 313
8247 16 0 3 6.497e+02 6.523e+02 24 0 1 6.456e+02 6.564e+02 100 0 3 5.074e+02 5.426e+02 327 0 2 6.136e+02 6.464e+02 304 0 2 6.529e+02 6.911e+02 354 0 2 4.881e+02 5.199e+02 296 0 1 5.021e+02 5.479e+02 425 1 1 6.185e+01 6.415e+01 21 2 4 2.395e+02 2.645e+02 232 2 4 5.432e+02 5.488e+02 51 2 3 2.693e+02 2.767e+02 69 2 4 5.319e+02 5.601e+02 262 2 2 2.871e+02 3.009e+02 129 2 4 4.902e+02 5.178e+02 257 2 1 2.535e+02 2.925e+02 362 2 1 2.945e+02 3.355e+02 381
8248 12 0 1 6.057e+02 6.123e+02 60 0 3 1.845e+02 1.935e+02 83 0 4 6.172e+02 6.428e+02 238 2 3 4.712e+02 4.948e+02 219 2 2 4.962e+02 5.118e+02 146 2 4 4.937e+02 5.143e+02 191 2 1 4.678e+02 4.982e+02 283 3 3 3.931e+02 4.049e+02 110 3 1 3.900e+02 4.080e+02 167 3 1 4.297e+02 4.523e+02 210 3 2 4.074e+02 4.326e+02 234 3 4 4.043e+02 4.357e+02 291
8249 0
