18456 0
18457 10 0 1 5.180e+02 5.320e+02 130 0 4 3.630e+02 3.930e+02 278 0 4 5.839e+02 5.921e+02 76 0 2 6.649e+02 6.791e+02 131 0 2 5.369e+02 5.551e+02 169 0 3 5.903e+02 6.277e+02 347 0 4 6.597e+02 6.843e+02 228 0 3 5.107e+02 5.393e+02 266 0 1 5.494e+02 5.846e+02 327 2 3 1.168e+01 3.032e+01 173
18460 8 0 4 5.860e+02 5.900e+02 36 0 2 6.635e+02 6.805e+02 158 0 4 6.608e+02 6.832e+02 207 0 3 6.293e+02 6.727e+02 403 0 1 6.256e+02 6.764e+02 472 1 2 5.867e+02 5.893e+02 25 1 3 6.001e+02 6.179e+02 165 1 4 6.115e+02 6.485e+02 343
18461 0
18462 17 0 2 6.272e+02 6.328e+02 52 0 2 3.750e+02 3.810e+02 56 0 4 3.667e+02 3.893e+02 210 0 4 6.676e+02 6.764e+02 81 0 2 6.609e+02 6.831e+02 206 0 1 3.826e+02 4.154e+02 306 0 4 6.591e+02 6.849e+02 239 0 3 3.830e+02 4.150e+02 298 0 1 6.347e+02 6.673e+02 302 1 4 1.660e+02 1.700e+02 36 1 3 1.777e+02 2.003e+02 210 1 4 1.946e+02 2.254e+02 286 1 3 1.703e+02 2.077e+02 346 2 1 1.804e+02 1.976e+02 159 2 3 1.800e+02 1.980e+02 166 2 4 1.986e+02 2.214e+02 212 2 2 1.963e+02 2.237e+02 255
18463 12 0 4 3.279e+02 3.441e+02 150 0 1 1.701e+02 2.079e+02 350 0 4 6.167e+02 6.433e+02 247 0 4 6.720e+02 6.720e+02 -24 0 1 6.494e+02 6.526e+02 30 1 1 6.089e+02 6.091e+02 2 1 2 8.267e+01 8.533e+01 25 2 1 1.698e+01 2.502e+01 75 2 4 6.700e+02 6.740e+02 37 2 3 2.100e+01 2.100e+01 -5 2 2 2.824e+01 5.576e+01 256 2 2 4.472e+02 4.768e+02 276
18464 24 0 3 4.817e+02 4.843e+02 24 0 2 6.720e+02 6.720e+02 -8 0 3 4.362e+02 4.458e+02 89 0 3 2.724e+02 2.736e+02 10 0 4 4.591e+02 4.649e+02 53 0 2 2.381e+02 2.659e+02 258 0 4 6.210e+02 6.390e+02 166 0 4 2.844e+02 3.036e+02 178 0 4 6.706e+02 6.734e+02 26 0 1 2.621e+02 2.839e+02 203 0 1 6.468e+02 6.552e+02 79 0 1 3.813e+02 4.167e+02 328 0 3 6.441e+02 6.579e+02 128 0 4 6.543e+02 6.897e+02 329 1 2 6.151e+02 6.449e+02 277 1 2 1.464e+02 1.896e+02 400 2 2 8.191e+01 8.609e+01 39 2 1 1.007e+01 3.193e+01 203 2 3 9.860e+01 1.114e+02 119 2 3 5.762e+00 3.624e+01 283 2 2 1.230e+02 1.290e+02 56 2 1 4.480e+01 8.120e+01 338 2 4 7.338e+01 9.462e+01 197 2 4 1.122e+02 1.398e+02 256
18465 0
18466 18 0 2 6.070e+02 6.530e+02 426 0 4 6.102e+02 6.498e+02 367 1 1 5.597e+02 5.743e+02 136 2 3 1.985e+01 2.215e+01 21 2 4 5.855e+02 5.905e+02 46 2 3 5.638e+01 6.962e+01 123 2 4 5.013e+02 5.067e+02 50 2 2 6.235e+02 6.365e+02 121 2 1 4.889e+01 7.711e+01 262 2 4 4.584e+02 4.656e+02 66 2 2 7.428e+01 9.372e+01 180 2 1 6.041e+02 6.139e+02 90 2 1 8.185e+00 3.382e+01 238 2 4 4.014e+02 4.386e+02 345 2 4 6.629e+01 1.017e+02 329 2 2 5.769e+02 5.991e+02 206 2 2 2.829e+01 5.571e+01 255 2 3 5.945e+02 6.235e+02 269
18467 22 0 1 6.454e+02 6.566e+02 104 0 4 2.048e+02 2.152e+02 96 0 1 3.977e+02 4.003e+02 25 0 3 6.476e+02 6.544e+02 63 0 4 4.167e+02 4.233e+02 62 0 2 6.150e+02 6.450e+02 278 0 2 6.691e+02 6.749e+02 55 0 3 4.202e+02 4.618e+02 386 0 4 6.108e+02 6.492e+02 357 0 1 6.317e+02 6.703e+02 358 2 2 3.664e+01 4.736e+01 100 2 3 6.058e+02 6.122e+02 60 2 3 1.034e+02 1.066e+02 30 2 4 2.086e+02 2.114e+02 26 2 3 5.737e+01 6.863e+01 105 2 4 5.721e+02 6.039e+02 296 2 1 1.537e+01 2.663e+01 105 2 2 6.535e+01 1.026e+02 346 2 2 5.677e+02 6.083e+02 376 2 3 1.353e+01 2.847e+01 139 2 2 1.071e+02 1.449e+02 350 2 4 2.519e+01 5.881e+01 312
18469 12 0 1 6.478e+02 6.542e+02 59 0 2 6.684e+02 6.756e+02 67 0 3 4.691e+02 4.969e+02 259 0 2 6.186e+02 6.414e+02 211 0 4 6.642e+02 6.798e+02 146 0 4 4.429e+02 4.811e+02 354 0 4 6.123e+02 6.477e+02 328 0 3 6.432e+02 6.588e+02 145 0 2 6.112e+02 6.488e+02 350 0 4 6.565e+02 6.875e+02 288 0 1 6.310e+02 6.710e+02 372 2 3 1.595e+01 2.605e+01 94
18470 25 0 1 5.577e+02 5.763e+02 173 0 3 5.569e+02 5.771e+02 187 0 4 3.062e+01 5.338e+01 211 0 1 6.000e+02 6.180e+02 168 0 3 -2.766e+00 4.477e+01 441 0 2 5.356e+02 5.564e+02 194 0 2 6.120e+02 6.480e+02 334 0 4 6.491e+02 6.949e+02 425 0 4 6.039e+02 6.561e+02 485 1 2 5.029e+02 5.051e+02 20 1 3 5.144e+02 5.356e+02 196 1 4 5.777e+02 5.983e+02 190 1 4 4.876e+02 5.204e+02 304 1 1 5.518e+02 5.822e+02 282 1 2 6.114e+02 6.486e+02 345 1 3 5.573e+02 5.767e+02 180 1 4 6.088e+02 6.512e+02 394 1 2 5.772e+02 5.988e+02 201 1 2 5.284e+02 5.636e+02 326 2 2 3.747e+02 3.813e+02 61 2 4 1.546e+02 1.814e+02 248 2 1 3.824e+02 4.156e+02 309 2 4 3.741e+02 3.819e+02 72 2 1 -4.829e+00 4.683e+01 480 2 3 3.823e+02 4.157e+02 310
18472 2 0 4 6.265e+02 6.335e+02 66 0 1 3.076e+02 3.224e+02 138
18473 3 0 2 1.192e+02 1.328e+02 127 0 2 6.577e+02 6.863e+02 265 0 4 1.495e+02 1.865e+02 344
18474 23 0 2 6.232e+02 6.368e+02 126 0 2 6.702e+02 6.738e+02 33 0 4 6.715e+02 6.725e+02 10 0 2 4.937e+02 5.143e+02 190 0 1 6.476e+02 6.544e+02 63 0 4 4.905e+02 5.175e+02 250 0 1 5.024e+02 5.476e+02 420 0 4 6.645e+02 6.795e+02 139 0 3 6.354e+02 6.666e+02 289 0 2 6.571e+02 6.869e+02 276 1 4 6.289e+02 6.311e+02 20 1 2 6.164e+02 6.436e+02 253 1 3 5.838e+02 6.342e+02 469 2 4 1.638e+02 1.722e+02 77 2 2 2.064e+02 2.136e+02 66 2 4 3.856e+01 4.544e+01 64 2 3 1.794e+02 1.986e+02 178 2 1 5.561e+01 7.039e+01 137 2 3 5.041e+01 7.559e+01 234 2 1 1.326e+01 2.874e+01 144 2 3 6.031e+00 3.597e+01 278 2 2 3.147e+01 5.253e+01 196 2 4 2.793e+01 5.607e+01 261
18475 0
18476 6 2 3 2.088e+01 2.112e+01 2 2 4 4.179e+01 4.221e+01 4 2 1 1.949e+01 2.251e+01 28 3 3 1.447e+01 2.753e+01 121 3 1 1.474e+01 2.726e+01 116 3 4 2.793e+01 5.607e+01 261
18477 36 2 1 5.642e+02 5.698e+02 51 2 4 6.706e+02 6.734e+02 26 2 2 5.033e+02 5.047e+02 13 2 1 3.495e+02 3.645e+02 139 2 3 6.022e+02 6.158e+02 127 2 2 3.262e+02 3.458e+02 182 2 1 6.450e+02 6.570e+02 111 2 4 4.139e+02 4.261e+02 114 2 4 3.228e+02 3.492e+02 246 2 4 4.610e+02 4.630e+02 18 2 3 3.459e+02 3.681e+02 206 2 3 5.103e+02 5.397e+02 274 2 2 6.197e+02 6.403e+02 190 2 3 6.499e+02 6.521e+02 20 2 4 4.976e+02 5.104e+02 120 2 1 5.499e+02 5.841e+02 317 2 4 6.242e+02 6.358e+02 107 2 2 6.563e+02 6.877e+02 292 2 3 4.667e+02 4.993e+02 303 2 1 5.985e+02 6.195e+02 196 2 4 6.155e+02 6.445e+02 270 3 2 5.040e+02 5.040e+02 -10 3 1 5.666e+02 5.674e+02 7 3 4 4.599e+02 4.641e+02 40 3 2 4.534e+02 4.706e+02 159 3 1 5.237e+02 5.263e+02 24 3 3 5.650e+02 5.690e+02 38 3 4 4.451e+02 4.789e+02 314 3 3 5.235e+02 5.265e+02 28 3 2 5.856e+02 5.904e+02 45 3 1 5.966e+02 6.214e+02 230 3 1 4.824e+02 4.836e+02 11 3 4 5.414e+02 5.506e+02 86 3 3 4.788e+02 4.872e+02 77 3 2 5.305e+02 5.615e+02 287 3 4 5.008e+02 5.072e+02 59
18478 22 0 4 5.034e+02 5.046e+02 11 0 3 6.499e+02 6.521e+02 20 0 2 6.204e+02 6.396e+02 179 0 1 6.462e+02 6.558e+02 89 0 1 5.923e+02 6.257e+02 310 0 3 6.362e+02 6.658e+02 275 0 2 6.108e+02 6.492e+02 356 0 4 6.564e+02 6.876e+02 290 0 4 6.105e+02 6.495e+02 362 1 3 1.039e+02 1.061e+02 20 1 4 1.230e+02 1.290e+02 56 1 4 3.237e+01 5.163e+01 179 1 1 1.376e+02 1.564e+02 176 1 2 6.136e+02 6.464e+02 305 1 3 5.274e+01 7.326e+01 190 2 3 9.456e+01 1.154e+02 194 2 4 2.941e+01 5.459e+01 234 2 4 7.074e+01 9.726e+01 246 2 3 5.193e+01 7.407e+01 206 2 1 8.905e+00 3.310e+01 225 2 3 7.242e+00 3.476e+01 256 2 4 1.918e+01 6.482e+01 424
18479 8 0 4 3.357e+02 3.363e+02 6 0 3 4.810e+02 4.850e+02 37 0 4 4.952e+02 5.128e+02 163 0 1 3.062e+02 3.238e+02 163 0 4 3.621e+02 3.939e+02 296 0 2 4.572e+02 4.668e+02 90 0 2 2.758e+02 3.122e+02 337 0 1 4.675e+02 4.985e+02 288
18480 25 0 2 4.620e+02 4.620e+02 -6 0 4 6.706e+02 6.734e+02 26 0 1 4.830e+02 4.830e+02 0 0 3 5.977e+02 6.203e+02 210 0 2 6.675e+02 6.765e+02 84 0 2 5.031e+02 5.049e+02 17 0 3 5.081e+02 5.419e+02 315 0 4 5.757e+02 6.003e+02 228 0 1 6.420e+02 6.600e+02 167 0 1 4.251e+02 4.569e+02 296 0 4 4.993e+02 5.087e+02 87 0 1 5.534e+02 5.806e+02 252 0 3 6.349e+02 6.671e+02 300 0 4 4.524e+02 4.716e+02 179 0 3 4.709e+02 4.951e+02 225 2 4 4.197e+01 4.203e+01 0 2 2 8.400e+01 8.400e+01 -7 2 1 1.835e+02 1.945e+02 102 2 4 2.094e+02 2.106e+02 11 2 1 1.958e+01 2.242e+01 26 2 2 2.009e+02 2.191e+02 169 2 2 3.435e+01 4.965e+01 142 2 3 1.743e+02 2.037e+02 274 2 4 1.963e+02 2.237e+02 255 2 3 2.847e+00 3.915e+01 337
18481 0
18482 4 0 4 4.587e+02 4.653e+02 62 0 4 4.850e+02 5.230e+02 352 2 4 4.172e+02 4.228e+02 51 2 3 4.322e+02 4.498e+02 163
18483 27 0 2 6.720e+02 6.720e+02 -14 0 4 3.342e+02 3.378e+02 33 0 3 5.622e+02 5.718e+02 90 0 1 6.000e+02 6.180e+02 166 0 4 6.716e+02 6.724e+02 8 0 2 5.386e+02 5.534e+02 138 0 3 6.044e+02 6.136e+02 85 0 2 6.676e+02 6.764e+02 82 0 1 5.541e+02 5.799e+02 239 0 4 5.737e+02 6.023e+02 265 0 1 6.400e+02 6.620e+02 204 0 3 6.390e+02 6.630e+02 222 0 1 6.333e+02 6.687e+02 328 1 1 6.087e+02 6.093e+02 6 1 3 6.040e+02 6.140e+02 93 1 4 6.240e+02 6.360e+02 111 1 2 6.140e+02 6.460e+02 296 2 3 1.050e+02 1.050e+02 -17 2 4 8.267e+01 8.533e+01 25 2 2 3.901e+01 4.499e+01 56 2 2 7.491e+01 9.309e+01 169 2 4 3.475e+01 4.925e+01 135 2 3 9.344e+01 1.166e+02 215 2 1 5.633e+01 6.967e+01 124 2 2 6.934e+01 9.866e+01 272 2 3 1.083e+01 3.117e+01 189 2 3 4.677e+01 7.923e+01 301
18484 5 0 3 5.160e+02 5.340e+02 168 0 2 4.952e+02 5.128e+02 164 0 1 5.122e+02 5.378e+02 238 0 4 4.895e+02 5.185e+02 270 2 1 5.615e+02 5.725e+02 101
18485 1 0 4 1.680e+02 1.680e+02 -4
18486 2 0 3 3.925e+02 4.055e+02 120 2 4 7.257e+01 9.543e+01 212
18487 28 0 4 6.278e+02 6.322e+02 40 0 2 8.236e+01 8.564e+01 30 0 1 6.033e+02 6.147e+02 106 0 3 1.879e+02 1.901e+02 20 0 3 6.437e+02 6.583e+02 136 0 1 5.225e+01 7.375e+01 200 0 2 6.223e+02 6.377e+02 144 0 4 6.804e+01 9.996e+01 296 0 2 6.660e+02 6.780e+02 110 0 1 1.827e+02 1.953e+02 117 0 3 5.895e+02 6.285e+02 361 0 4 1.954e+02 2.246e+02 271 0 4 6.635e+02 6.805e+02 158 0 1 4.426e+01 8.174e+01 348 0 4 6.149e+02 6.451e+02 280 0 3 8.909e+01 1.209e+02 296 0 2 6.536e+02 6.904e+02 341 0 2 1.515e+02 1.845e+02 306 0 4 6.525e+02 6.915e+02 361 1 3 6.070e+02 6.110e+02 36 1 3 5.491e+02 5.849e+02 333 1 4 6.184e+02 6.416e+02 216 1 2 5.730e+02 6.030e+02 279 1 1 5.955e+02 6.225e+02 251 2 3 5.530e+01 7.070e+01 143 2 4 7.424e+01 9.376e+01 181 2 1 9.127e+00 3.287e+01 220 2 3 1.088e+01 3.112e+01 188
18488 1 2 4 3.771e+02 3.789e+02 16
18489 3 0 1 3.990e+02 3.990e+02 -24 0 4 4.144e+02 4.256e+02 104 2 4 7.065e+01 9.735e+01 248
18490 27 0 3 6.090e+02 6.090e+02 -18 0 3 5.632e+02 5.708e+02 71 0 1 6.446e+02 6.574e+02 119 0 4 6.300e+02 6.300e+02 -7 0 3 6.391e+02 6.629e+02 221 0 1 6.090e+02 6.090e+02 -2 0 1 6.359e+02 6.661e+02 280 0 3 6.023e+02 6.157e+02 124 0 2 6.186e+02 6.414e+02 211 0 4 6.166e+02 6.434e+02 250 1 1 5.649e+02 5.691e+02 39 1 2 5.782e+02 5.978e+02 181 1 4 6.282e+02 6.318e+02 34 1 3 6.018e+02 6.162e+02 133 1 4 6.148e+02 6.452e+02 283 2 4 3.776e+02 3.784e+02 8 2 4 8.267e+01 8.533e+01 25 2 4 1.672e+02 1.688e+02 15 2 3 6.300e+01 6.300e+01 -2 2 3 9.447e+01 1.155e+02 196 2 1 1.883e+02 1.897e+02 13 2 3 2.100e+01 2.100e+01 -19 2 2 6.795e+01 1.000e+02 298 2 2 3.291e+01 5.109e+01 169 2 2 1.079e+02 1.441e+02 336 2 4 2.887e+01 5.513e+01 244 2 2 2.488e+01 5.912e+01 318
18491 1 0 2 1.969e+02 2.231e+02 244
18493 1 0 1 5.499e+02 5.841e+02 318
18494 1 2 3 2.100e+01 2.100e+01 -19
18497 3 0 3 4.308e+02 4.512e+02 190 0 1 3.909e+02 4.071e+02 150 0 4 4.072e+02 4.328e+02 238
18499 11 1 2 5.656e+02 6.104e+02 416 2 4 1.674e+02 1.686e+02 11 2 2 4.592e+02 4.648e+02 51 2 4 4.031e+01 4.369e+01 31 2 3 4.311e+02 4.509e+02 183 2 3 1.832e+02 1.948e+02 108 2 1 4.740e+02 4.920e+02 167 2 2 2.055e+02 2.145e+02 84 2 3 5.056e+02 5.444e+02 360 2 3 2.800e+00 3.920e+01 338 2 2 2.609e+01 5.791e+01 296
18501 3 2 4 1.252e+02 1.268e+02 16 2 3 1.386e+02 1.554e+02 156 3 3 1.457e+02 1.483e+02 24
18503 5 1 1 6.090e+02 6.090e+02 -3 1 2 6.122e+02 6.478e+02 331 2 2 4.620e+02 4.620e+02 -10 2 1 2.097e+01 2.103e+01 0 2 3 6.031e+00 3.597e+01 278
18504 0
18505 0
18506 5 3 2 4.518e+02 4.722e+02 190 3 4 4.539e+02 4.701e+02 150 3 1 5.138e+02 5.362e+02 207 3 1 4.250e+02 4.570e+02 296 3 3 4.279e+02 4.541e+02 243
18509 28 0 1 4.778e+02 4.882e+02 96 0 3 6.484e+02 6.536e+02 48 0 2 4.565e+02 4.675e+02 103 0 4 6.179e+02 6.421e+02 224 0 2 6.673e+02 6.767e+02 87 0 4 4.512e+02 4.728e+02 200 0 4 6.691e+02 6.749e+02 53 0 3 4.698e+02 4.962e+02 246 0 1 6.467e+02 6.553e+02 80 0 2 6.590e+02 6.850e+02 240 0 4 6.602e+02 6.838e+02 219 1 3 6.082e+02 6.098e+02 15 1 2 6.300e+02 6.300e+02 -3 1 4 6.284e+02 6.316e+02 29 1 1 5.998e+02 6.182e+02 171 2 3 4.806e+02 4.854e+02 46 2 2 4.579e+02 4.661e+02 76 2 2 8.119e+01 8.681e+01 52 2 1 5.221e+02 5.279e+02 54 2 4 2.056e+02 2.144e+02 82 2 3 6.010e+01 6.590e+01 54 2 4 4.853e+02 5.227e+02 347 2 1 1.868e+01 2.332e+01 43 2 2 1.067e+02 1.453e+02 358 2 4 3.466e+01 4.934e+01 136 2 2 6.670e+01 1.013e+02 321 2 3 3.429e+00 3.857e+01 326 2 2 2.627e+01 5.773e+01 292
18513 2 2 4 6.599e+02 6.841e+02 224 2 1 6.372e+02 6.648e+02 256
18514 0
18515 1 1 4 5.876e+02 5.884e+02 7
