34286 2 2 2 3.187e+02 3.533e+02 322 2 3 2.928e+02 3.372e+02 413
34287 16 0 3 6.504e+02 6.516e+02 10 0 2 5.357e+02 5.563e+02 191 0 2 6.720e+02 6.720e+02 -0 0 1 5.545e+02 5.795e+02 231 0 2 6.130e+02 6.470e+02 316 0 4 6.705e+02 6.735e+02 27 0 3 5.604e+02 5.736e+02 123 0 4 6.114e+02 6.486e+02 346 0 1 6.501e+02 6.519e+02 17 2 2 6.294e+02 6.306e+02 11 2 3 5.657e+02 5.683e+02 24 2 2 5.856e+02 5.904e+02 45 2 3 6.467e+02 6.553e+02 80 2 4 5.412e+02 5.508e+02 90 2 2 5.326e+02 5.594e+02 250 2 2 6.520e+02 6.920e+02 371
34288 8 3 3 3.989e+02 3.991e+02 2 3 1 4.812e+02 4.848e+02 34 3 4 4.189e+02 4.211e+02 20 3 4 4.563e+02 4.677e+02 106 3 3 4.727e+02 4.933e+02 190 3 1 3.407e+02 3.733e+02 302 3 2 4.501e+02 4.739e+02 221 3 4 3.617e+02 3.943e+02 303
34289 2 1 4 5.690e+02 6.070e+02 352 2 4 5.868e+02 5.892e+02 22
34290 0
34291 5 0 2 6.658e+02 6.782e+02 116 0 4 6.682e+02 6.758e+02 70 0 3 6.321e+02 6.699e+02 350 1 4 6.206e+02 6.394e+02 174 2 3 9.665e+00 3.233e+01 210
34292 75 0 3 4.813e+02 4.847e+02 32 0 4 2.099e+02 2.101e+02 1 0 1 5.667e+02 5.673e+02 6 0 3 2.729e+02 2.731e+02 2 0 1 6.477e+02 6.543e+02 62 0 2 3.770e+02 3.790e+02 18 0 4 4.200e+02 4.200e+02 -0 0 3 1.856e+02 1.924e+02 63 0 2 5.026e+02 5.054e+02 26 0 2 2.513e+02 2.527e+02 14 0 3 5.199e+02 5.301e+02 95 0 1 3.108e+02 3.192e+02 77 0 1 6.047e+02 6.133e+02 80 0 1 3.496e+02 3.644e+02 138 0 3 6.501e+02 6.519e+02 17 0 1 1.448e+02 1.492e+02 40 0 3 4.388e+02 4.432e+02 41 0 2 2.006e+02 2.194e+02 175 0 2 4.611e+02 4.629e+02 16 0 1 2.640e+02 2.820e+02 166 0 2 5.440e+02 5.480e+02 38 0 2 3.226e+02 3.494e+02 248 0 3 6.034e+02 6.146e+02 104 0 4 1.645e+02 1.715e+02 65 0 2 6.572e+02 6.868e+02 276 0 2 2.361e+02 2.679e+02 295 0 3 3.879e+02 4.101e+02 206 0 2 2.797e+02 3.083e+02 265 0 4 4.560e+02 4.680e+02 111 0 4 3.259e+02 3.461e+02 187 0 3 5.562e+02 5.778e+02 200 0 1 1.829e+02 1.951e+02 113 0 4 5.784e+02 5.976e+02 178 0 4 2.773e+02 3.107e+02 310 0 4 6.595e+02 6.845e+02 232 0 4 3.614e+02 3.946e+02 309 0 1 4.256e+02 4.564e+02 286 0 2 1.540e+02 1.820e+02 260 0 1 4.787e+02 4.873e+02 80 0 4 3.164e+02 3.556e+02 364 0 1 5.146e+02 5.354e+02 193 0 4 1.511e+02 1.849e+02 313 0 3 5.926e+02 6.254e+02 305 0 2 4.920e+02 5.160e+02 223 0 3 5.106e+02 5.394e+02 268 0 2 6.132e+02 6.468e+02 312 0 4 4.928e+02 5.152e+02 209 0 4 6.092e+02 6.508e+02 386 0 1 4.694e+02 4.966e+02 253 0 2 4.434e+02 4.806e+02 346 0 4 4.445e+02 4.795e+02 325 1 2 6.300e+02 6.300e+02 -4 1 2 5.866e+02 5.894e+02 26 1 4 6.298e+02 6.302e+02 3 1 1 5.533e+02 5.807e+02 255 1 1 6.080e+02 6.100e+02 18 1 4 5.727e+02 6.033e+02 285 1 3 6.075e+02 6.105e+02 28 2 1 2.714e+02 2.746e+02 30 2 3 1.985e+01 2.215e+01 21 2 3 3.945e+02 4.035e+02 84 2 3 1.450e+02 1.490e+02 37 2 3 5.227e+02 5.273e+02 43 2 3 2.692e+02 2.768e+02 71 2 4 4.979e+02 5.101e+02 113 2 1 1.572e+01 2.628e+01 98 2 4 1.175e+02 1.345e+02 158 2 3 3.802e+02 4.178e+02 350 2 1 1.349e+02 1.591e+02 226 2 2 4.895e+02 5.185e+02 270 2 4 2.030e+02 2.170e+02 130 2 4 2.782e+02 3.098e+02 293 2 2 2.833e+01 5.567e+01 254 2 2 2.759e+02 3.121e+02 336 3 1 6.209e+00 3.579e+01 275
34293 3 2 3 6.482e+02 6.538e+02 51 3 2 1.628e+02 1.732e+02 97 3 4 1.131e+02 1.389e+02 240
34294 0
34295 12 0 4 1.930e+02 2.270e+02 316 1 3 6.083e+02 6.097e+02 12 1 1 5.558e+02 5.782e+02 208 1 4 6.249e+02 6.351e+02 95 1 2 5.763e+02 5.997e+02 217 2 2 3.484e+01 4.916e+01 133 2 4 1.647e+02 1.713e+02 60 2 1 9.396e+00 3.260e+01 216 2 2 1.141e+02 1.379e+02 221 2 3 9.800e+00 3.220e+01 208 2 4 1.901e+02 2.299e+02 370 2 4 2.846e+01 5.554e+01 251
34296 32 0 4 4.916e+02 5.164e+02 230 1 4 5.829e+02 5.931e+02 95 2 3 2.300e+02 2.320e+02 19 2 4 5.874e+02 5.886e+02 10 2 1 2.702e+02 2.758e+02 52 2 3 5.640e+02 5.700e+02 56 2 1 3.557e+02 3.583e+02 24 2 2 6.644e+02 6.796e+02 141 2 3 1.703e+01 2.497e+01 74 2 2 5.734e+02 6.026e+02 271 2 4 1.214e+02 1.306e+02 85 2 3 6.349e+02 6.671e+02 300 2 3 1.408e+02 1.532e+02 115 2 4 6.104e+02 6.496e+02 365 2 4 2.513e+02 2.527e+02 12 2 4 6.532e+02 6.908e+02 349 2 3 2.673e+02 2.787e+02 106 2 4 3.287e+02 3.433e+02 136 2 2 3.784e+01 4.616e+01 77 2 4 7.643e+01 9.157e+01 140 2 2 2.401e+02 2.639e+02 220 2 2 3.256e+02 3.464e+02 194 2 4 3.062e+01 5.338e+01 211 2 2 1.202e+02 1.318e+02 107 2 4 2.392e+02 2.648e+02 237 2 3 3.381e+02 3.759e+02 350 2 1 5.400e+01 7.200e+01 167 2 2 7.518e+01 9.282e+01 164 2 4 1.977e+02 2.223e+02 228 2 3 4.372e+01 8.228e+01 358 2 3 9.030e+01 1.197e+02 273 2 3 2.844e+00 3.916e+01 337
34297 0
34298 3 0 2 6.290e+02 6.310e+02 18 0 4 6.297e+02 6.303e+02 6 0 3 5.897e+02 6.283e+02 358
34299 12 0 2 3.287e+02 3.433e+02 136 0 1 3.968e+02 4.012e+02 41 0 1 3.075e+02 3.225e+02 139 0 2 6.174e+02 6.426e+02 234 0 4 3.201e+02 3.519e+02 295 0 2 6.660e+02 6.780e+02 110 0 3 3.922e+02 4.058e+02 126 0 4 6.127e+02 6.473e+02 320 0 4 6.639e+02 6.801e+02 150 0 4 4.113e+02 4.287e+02 161 0 1 6.324e+02 6.696e+02 345 1 2 6.170e+02 6.430e+02 242
34300 7 0 4 5.808e+02 5.952e+02 133 0 4 3.209e+02 3.511e+02 280 0 3 5.936e+02 6.244e+02 286 0 1 2.964e+02 3.336e+02 345 2 3 2.043e+01 2.157e+01 10 2 1 1.460e+01 2.740e+01 119 2 2 2.456e+01 5.944e+01 324
34301 20 0 1 4.830e+02 4.830e+02 -7 0 1 6.087e+02 6.093e+02 6 0 2 6.720e+02 6.720e+02 -2 0 4 3.650e+02 3.910e+02 241 0 1 4.356e+02 4.464e+02 100 0 2 5.015e+02 5.065e+02 46 0 3 5.132e+02 5.368e+02 220 0 2 6.285e+02 6.315e+02 27 0 4 6.669e+02 6.771e+02 94 0 3 3.941e+02 4.039e+02 90 0 1 4.673e+02 4.987e+02 291 0 1 5.955e+02 6.225e+02 250 0 1 6.417e+02 6.603e+02 173 0 1 4.210e+02 4.610e+02 371 0 4 6.146e+02 6.454e+02 286 0 3 6.428e+02 6.592e+02 152 0 2 6.590e+02 6.850e+02 240 0 1 6.345e+02 6.675e+02 306 0 4 6.541e+02 6.899e+02 332 1 3 4.159e+02 4.661e+02 466
34302 11 0 2 6.226e+02 6.374e+02 137 0 1 6.470e+02 6.550e+02 75 0 3 5.576e+02 5.764e+02 175 0 4 6.210e+02 6.390e+02 168 0 2 6.702e+02 6.738e+02 33 0 2 5.357e+02 5.563e+02 190 0 4 6.695e+02 6.745e+02 46 0 1 5.534e+02 5.806e+02 253 0 3 6.375e+02 6.645e+02 251 0 1 6.358e+02 6.662e+02 281 2 4 2.029e+02 2.171e+02 131
34303 14 0 4 6.300e+02 6.300e+02 -1 0 4 8.155e+01 8.645e+01 46 0 2 6.717e+02 6.723e+02 6 0 1 6.045e+02 6.135e+02 84 0 3 8.810e+01 1.219e+02 314 0 4 6.720e+02 6.720e+02 -11 0 3 6.022e+02 6.158e+02 126 0 2 6.640e+02 6.800e+02 148 0 2 6.196e+02 6.404e+02 194 0 3 6.348e+02 6.672e+02 301 0 1 6.359e+02 6.661e+02 281 2 4 1.188e+02 1.332e+02 133 2 1 5.671e+00 3.633e+01 285 2 3 9.483e+01 1.152e+02 189
34304 2 2 4 5.440e+02 5.480e+02 36 2 3 5.545e+02 5.795e+02 232
34305 35 0 1 5.666e+02 5.674e+02 7 0 2 6.291e+02 6.309e+02 17 0 4 2.464e+02 2.576e+02 104 0 4 6.720e+02 6.720e+02 -1 0 1 2.203e+02 2.417e+02 199 0 3 5.643e+02 5.697e+02 50 0 4 6.288e+02 6.312e+02 21 0 3 2.137e+02 2.483e+02 321 0 1 6.486e+02 6.534e+02 44 0 2 2.342e+02 2.698e+02 330 0 2 5.399e+02 5.521e+02 113 0 4 5.875e+02 5.885e+02 9 0 3 6.510e+02 6.510e+02 -11 0 3 6.042e+02 6.138e+02 89 0 2 6.702e+02 6.738e+02 33 0 4 5.689e+02 6.071e+02 355 0 1 5.909e+02 6.271e+02 336 1 4 6.211e+02 6.389e+02 165 2 1 1.465e+02 1.475e+02 10 2 1 2.309e+02 2.311e+02 1 2 3 1.500e+01 2.700e+01 111 2 4 4.888e+02 5.192e+02 281 2 4 7.486e+01 9.314e+01 170 2 4 1.669e+02 1.691e+02 20 2 2 2.033e+02 2.167e+02 124 2 2 3.219e+01 5.181e+01 182 2 2 6.782e+01 1.002e+02 300 2 1 1.829e+02 1.951e+02 113 2 2 1.966e+02 2.234e+02 249 2 1 7.599e+00 3.440e+01 249 2 3 8.698e+01 1.230e+02 335 2 1 1.746e+02 2.034e+02 267 2 4 2.622e+01 5.778e+01 293 2 3 1.776e+02 2.004e+02 211 2 1 1.292e+02 1.648e+02 330
34306 5 0 2 2.520e+02 2.520e+02 -15 0 3 2.722e+02 2.738e+02 15 0 4 2.788e+02 3.092e+02 283 2 1 1.931e+01 2.269e+01 31 2 3 1.617e+01 2.583e+01 90
34307 43 0 2 6.235e+02 6.365e+02 121 0 4 6.673e+02 6.767e+02 87 0 4 6.251e+02 6.349e+02 91 0 1 6.442e+02 6.578e+02 126 0 4 5.775e+02 5.985e+02 196 0 3 6.413e+02 6.607e+02 180 0 4 3.521e+02 4.039e+02 481 0 3 4.176e+02 4.644e+02 434 0 1 5.966e+02 6.214e+02 230 0 2 6.649e+02 6.791e+02 132 0 3 5.976e+02 6.204e+02 211 0 1 6.246e+02 6.774e+02 490 0 3 6.250e+02 6.770e+02 483 1 1 3.966e+02 4.014e+02 44 1 4 5.291e+02 5.629e+02 315 2 4 2.511e+02 2.529e+02 16 2 3 2.725e+02 2.735e+02 9 2 4 4.195e+02 4.205e+02 9 2 3 3.535e+02 3.605e+02 65 2 4 4.989e+02 5.091e+02 94 2 4 4.054e+01 4.346e+01 27 2 3 5.627e+02 5.713e+02 80 2 2 8.370e+01 8.430e+01 6 2 2 5.846e+02 5.914e+02 63 2 2 2.928e+02 2.952e+02 21 2 1 3.893e+02 4.087e+02 180 2 4 3.775e+02 3.785e+02 10 2 4 5.351e+02 5.569e+02 203 2 1 5.862e+01 6.738e+01 81 2 1 6.066e+02 6.114e+02 44 2 4 8.016e+01 8.784e+01 71 2 4 2.337e+02 2.703e+02 340 2 3 6.010e+01 6.590e+01 54 2 3 3.885e+02 4.095e+02 195 2 3 9.882e+01 1.112e+02 115 2 2 3.997e+02 4.403e+02 376 2 3 2.007e+01 2.193e+01 17 2 2 3.686e+01 4.714e+01 96 2 4 2.636e+01 5.764e+01 290 2 3 4.646e+01 7.954e+01 307 2 1 3.742e+00 3.826e+01 320 3 1 6.522e+00 3.548e+01 269 3 2 2.474e+01 5.926e+01 320
34308 6 0 4 2.940e+02 2.940e+02 -7 0 1 2.655e+02 2.805e+02 139 0 2 2.879e+02 3.001e+02 113 0 3 2.582e+02 2.878e+02 276 2 1 2.719e+02 2.741e+02 20 2 4 3.276e+02 3.444e+02 156
34309 78 0 2 6.287e+02 6.313e+02 24 0 4 6.717e+02 6.723e+02 5 0 4 5.033e+02 5.047e+02 12 0 4 3.727e+02 3.833e+02 99 0 3 5.660e+02 5.680e+02 18 0 1 9.542e+01 1.146e+02 178 0 4 6.291e+02 6.309e+02 16 0 3 1.848e+02 1.932e+02 79 0 1 6.481e+02 6.539e+02 54 0 2 1.569e+02 1.791e+02 206 0 2 4.586e+02 4.654e+02 64 0 4 1.920e+02 2.280e+02 335 0 2 5.444e+02 5.476e+02 30 0 2 1.080e+02 1.440e+02 334 0 4 5.862e+02 5.898e+02 34 0 1 1.746e+02 2.034e+02 268 0 3 6.466e+02 6.554e+02 82 0 1 4.303e+02 4.517e+02 198 0 4 4.575e+02 4.665e+02 83 0 1 5.637e+02 5.703e+02 61 0 1 6.083e+02 6.097e+02 13 0 2 6.715e+02 6.725e+02 9 0 1 4.810e+02 4.850e+02 36 0 1 5.115e+02 5.385e+02 251 0 3 6.015e+02 6.165e+02 140 0 2 6.493e+02 6.947e+02 421 0 3 4.805e+02 4.855e+02 47 0 3 5.108e+02 5.392e+02 263 0 1 5.889e+02 6.291e+02 373 0 2 5.008e+02 5.072e+02 60 0 2 5.263e+02 5.657e+02 366 0 4 6.052e+02 6.548e+02 461 0 2 4.478e+02 4.762e+02 263 0 3 4.660e+02 5.000e+02 316 0 2 4.859e+02 5.221e+02 336 0 4 4.845e+02 5.235e+02 363 0 4 4.398e+02 4.842e+02 413 1 3 4.825e+02 4.835e+02 9 1 1 6.064e+02 6.116e+02 49 1 4 5.032e+02 5.048e+02 15 1 3 4.251e+02 4.569e+02 295 1 2 5.827e+02 5.933e+02 99 1 3 6.048e+02 6.132e+02 78 1 1 5.140e+02 5.360e+02 205 1 4 5.819e+02 5.941e+02 114 1 2 6.284e+02 6.316e+02 30 1 2 5.394e+02 5.526e+02 123 1 4 6.282e+02 6.318e+02 34 1 3 5.573e+02 5.767e+02 180 1 3 5.895e+02 6.285e+02 363 1 3 5.484e+02 5.856e+02 345 2 2 8.330e+01 8.470e+01 13 2 2 4.603e+02 4.637e+02 32 2 4 3.708e+02 3.852e+02 133 2 3 6.506e+02 6.514e+02 7 2 3 6.109e+01 6.491e+01 36 2 4 8.370e+01 8.430e+01 6 2 3 4.375e+02 4.445e+02 66 2 4 3.299e+02 3.421e+02 114 2 4 6.211e+02 6.389e+02 166 2 4 3.219e+01 5.181e+01 182 2 4 6.707e+02 6.733e+02 25 2 3 1.036e+02 1.064e+02 26 2 4 4.088e+02 4.312e+02 207 2 1 2.128e+02 2.492e+02 338 2 2 4.515e+02 4.725e+02 196 2 4 3.122e+02 3.598e+02 441 2 3 9.326e+01 1.167e+02 218 2 3 1.688e+02 2.092e+02 376 2 2 1.906e+02 2.294e+02 360 2 2 1.141e+02 1.379e+02 221 2 2 6.203e+01 1.060e+02 408 3 1 1.041e+02 1.059e+02 17 3 1 1.438e+02 1.502e+02 59 3 1 6.140e+01 6.460e+01 30 3 2 1.628e+02 1.732e+02 97 3 3 1.699e+02 2.081e+02 355 3 1 1.909e+01 2.291e+01 36
34310 47 0 4 2.511e+02 2.529e+02 17 0 1 5.670e+02 5.670e+02 -3 0 4 3.768e+02 3.792e+02 23 0 2 6.260e+02 6.340e+02 74 0 3 6.501e+02 6.519e+02 17 0 1 4.404e+02 4.416e+02 11 0 2 4.544e+02 4.696e+02 141 0 3 5.634e+02 5.706e+02 67 0 4 6.288e+02 6.312e+02 21 0 4 6.690e+02 6.750e+02 56 0 3 4.361e+02 4.459e+02 91 0 4 4.543e+02 4.697e+02 143 0 1 5.246e+02 5.254e+02 8 0 1 6.054e+02 6.126e+02 67 0 1 6.485e+02 6.535e+02 46 0 4 4.014e+02 4.386e+02 345 0 2 4.850e+02 5.230e+02 353 0 3 5.211e+02 5.289e+02 72 0 4 6.205e+02 6.395e+02 176 0 2 6.692e+02 6.748e+02 52 0 1 5.168e+02 5.332e+02 153 0 1 5.969e+02 6.211e+02 226 0 2 5.279e+02 5.641e+02 336 0 3 5.930e+02 6.250e+02 296 0 4 5.702e+02 6.058e+02 330 1 4 5.448e+02 5.472e+02 21 1 2 6.299e+02 6.301e+02 2 1 2 5.827e+02 5.933e+02 98 1 4 6.261e+02 6.339e+02 73 1 1 5.149e+02 5.351e+02 187 1 4 5.876e+02 5.884e+02 7 1 1 6.087e+02 6.093e+02 5 1 3 5.109e+02 5.391e+02 262 1 2 5.378e+02 5.542e+02 153 1 3 6.050e+02 6.130e+02 75 1 1 5.493e+02 5.847e+02 329 1 1 5.970e+02 6.210e+02 223 2 2 8.128e+01 8.672e+01 50 2 3 1.467e+02 1.473e+02 6 2 2 4.938e+02 5.142e+02 189 2 4 7.024e+01 9.776e+01 256 2 1 5.148e+02 5.352e+02 189 2 3 4.516e+01 8.084e+01 331 2 4 4.983e+02 5.097e+02 106 2 4 1.125e+02 1.395e+02 251 2 3 5.163e+02 5.337e+02 161 2 1 1.363e+00 4.064e+01 365
34311 0
34312 23 0 3 6.090e+02 6.090e+02 -18 0 4 6.291e+02 6.309e+02 17 0 2 6.716e+02 6.724e+02 8 0 1 6.081e+02 6.099e+02 17 0 4 6.697e+02 6.743e+02 42 0 2 6.256e+02 6.344e+02 82 0 2 6.528e+02 6.912e+02 356 0 3 5.934e+02 6.246e+02 289 0 4 6.527e+02 6.913e+02 358 0 2 6.188e+02 6.412e+02 208 0 4 5.713e+02 6.047e+02 310 0 4 6.110e+02 6.490e+02 353 2 2 2.100e+02 2.100e+02 -10 2 2 3.777e+02 3.783e+02 6 2 4 7.419e+01 9.381e+01 182 2 1 3.845e+02 4.135e+02 269 2 4 1.621e+02 1.739e+02 109 2 4 3.672e+02 3.888e+02 200 2 3 9.743e+01 1.126e+02 140 2 3 1.286e+02 1.654e+02 341 2 3 3.402e+02 3.738e+02 312 2 3 1.716e+02 2.064e+02 323 2 2 1.921e+02 2.279e+02 332
34313 18 0 1 6.510e+02 6.510e+02 -8 0 4 3.773e+02 3.787e+02 12 0 3 4.410e+02 4.410e+02 -18 0 2 3.282e+02 3.438e+02 146 0 3 6.090e+02 6.090e+02 -11 0 3 6.435e+02 6.585e+02 140 0 2 6.300e+02 6.300e+02 -16 0 1 6.428e+02 6.592e+02 152 0 2 6.203e+02 6.397e+02 180 0 4 6.214e+02 6.386e+02 160 2 3 3.960e+02 4.020e+02 56 2 4 3.660e+02 3.900e+02 222 2 1 3.871e+02 4.109e+02 221 2 2 3.628e+02 3.932e+02 282 2 1 4.259e+02 4.561e+02 281 2 3 3.808e+02 4.172e+02 337 2 2 3.963e+02 4.437e+02 440 2 4 3.961e+02 4.439e+02 443
34314 9 0 2 1.643e+02 1.717e+02 68 0 1 1.416e+02 1.524e+02 100 0 1 6.001e+02 6.179e+02 165 0 4 2.023e+02 2.177e+02 144 0 4 6.720e+02 6.720e+02 -4 0 3 1.771e+02 2.009e+02 221 0 4 6.124e+02 6.476e+02 327 2 1 1.931e+01 2.269e+01 31 2 3 1.249e+01 2.951e+01 158
34316 40 0 1 6.048e+02 6.132e+02 79 0 3 6.504e+02 6.516e+02 11 0 2 4.523e+02 4.717e+02 180 0 3 5.150e+02 5.350e+02 186 0 3 6.033e+02 6.147e+02 106 0 2 6.720e+02 6.720e+02 -1 0 1 4.701e+02 4.959e+02 240 0 2 5.354e+02 5.566e+02 196 0 2 6.231e+02 6.369e+02 128 0 1 6.381e+02 6.639e+02 240 0 4 4.902e+02 5.178e+02 257 0 1 5.543e+02 5.797e+02 236 0 3 5.962e+02 6.218e+02 238 0 1 6.328e+02 6.692e+02 337 0 4 4.445e+02 4.795e+02 326 0 3 5.518e+02 5.822e+02 282 0 4 6.167e+02 6.433e+02 246 0 1 5.882e+02 6.298e+02 386 1 3 5.116e+02 5.384e+02 248 1 3 5.610e+02 5.730e+02 111 1 3 5.992e+02 6.188e+02 181 1 2 5.780e+02 5.980e+02 186 1 4 5.835e+02 5.925e+02 83 2 1 1.245e+01 2.955e+01 159 2 3 6.455e+02 6.565e+02 102 2 3 9.133e+01 1.187e+02 254 2 1 4.235e+02 4.585e+02 325 2 4 3.637e+02 3.923e+02 265 2 3 1.604e+01 2.596e+01 92 2 1 3.803e+02 4.177e+02 348 2 4 1.118e+02 1.402e+02 264 2 2 3.618e+01 4.782e+01 108 2 2 6.957e+01 9.843e+01 268 2 4 3.165e+01 5.235e+01 192 2 1 3.651e+00 3.835e+01 322 2 3 5.132e+00 3.687e+01 295 2 2 2.398e+01 6.002e+01 335 2 1 4.677e+01 7.923e+01 301 2 2 1.693e+01 6.707e+01 466 3 3 5.580e+00 3.642e+01 286
34317 57 0 3 4.830e+02 4.830e+02 -2 0 1 3.568e+02 3.572e+02 5 0 4 6.296e+02 6.304e+02 8 0 2 1.260e+02 1.260e+02 -20 0 4 2.915e+02 2.965e+02 46 0 3 4.383e+02 4.437e+02 50 0 1 3.065e+02 3.235e+02 157 0 2 5.027e+02 5.053e+02 25 0 4 2.968e+01 5.432e+01 229 0 2 5.436e+02 5.484e+02 44 0 3 1.747e+02 2.033e+02 266 0 4 5.829e+02 5.931e+02 95 0 4 1.944e+02 2.256e+02 290 0 3 6.510e+02 6.510e+02 -18 0 2 2.806e+02 3.074e+02 250 0 3 3.977e+02 4.003e+02 24 0 4 4.553e+02 4.687e+02 125 0 1 5.500e+02 5.840e+02 316 0 1 6.018e+02 6.162e+02 133 0 4 6.720e+02 6.720e+02 -5 0 1 4.342e+02 4.478e+02 127 0 1 4.770e+02 4.890e+02 111 0 2 6.236e+02 6.364e+02 118 0 3 6.438e+02 6.582e+02 133 0 4 4.035e+02 4.365e+02 307 0 4 4.941e+02 5.139e+02 183 1 2 6.300e+02 6.300e+02 -8 1 1 4.771e+02 4.889e+02 110 1 4 5.348e+02 5.572e+02 207 1 4 6.300e+02 6.300e+02 -10 1 1 6.090e+02 6.090e+02 -7 1 1 5.991e+02 6.189e+02 185 1 1 5.921e+02 6.259e+02 313 2 1 1.890e+02 1.890e+02 -4 2 2 3.780e+02 3.780e+02 -18 2 1 3.978e+02 4.002e+02 23 2 4 5.437e+02 5.483e+02 43 2 4 8.308e+01 8.492e+01 17 2 3 3.974e+02 4.006e+02 30 2 2 4.112e+02 4.288e+02 163 2 3 2.310e+02 2.310e+02 -5 2 4 4.919e+02 5.161e+02 224 2 2 2.895e+02 2.985e+02 84 2 3 5.536e+02 5.804e+02 250 2 4 3.780e+02 3.780e+02 -16 2 2 5.318e+02 5.602e+02 263 2 4 1.173e+02 1.347e+02 162 2 2 1.618e+02 1.742e+02 116 2 2 1.995e+02 2.205e+02 196 2 4 2.903e+02 2.977e+02 69 2 4 3.360e+02 3.360e+02 -20 2 4 3.251e+01 5.149e+01 176 2 2 7.473e+01 9.327e+01 172 2 4 2.053e+02 2.147e+02 87 2 3 2.553e+02 2.907e+02 329 2 3 3.570e+02 3.570e+02 -1 2 1 4.565e+01 8.035e+01 322
34318 33 0 3 4.761e+02 4.899e+02 128 0 4 4.956e+02 5.124e+02 156 0 2 2.023e+02 2.177e+02 143 1 1 9.878e+01 1.112e+02 116 1 1 2.308e+02 2.312e+02 3 1 1 8.622e+01 1.238e+02 349 1 2 1.940e+02 2.260e+02 297 2 2 4.081e+01 4.319e+01 22 2 2 6.246e+02 6.354e+02 100 2 3 1.438e+02 1.502e+02 59 2 3 2.310e+02 2.310e+02 -5 2 4 6.205e+02 6.395e+02 177 2 1 1.541e+01 2.659e+01 104 2 4 1.668e+02 1.692e+02 22 2 3 5.963e+02 6.217e+02 236 2 4 2.452e+02 2.588e+02 126 2 1 5.927e+02 6.253e+02 303 2 2 2.802e+01 5.598e+01 260 3 2 1.244e+02 1.276e+02 29 3 3 4.797e+02 4.863e+02 62 3 1 9.542e+01 1.146e+02 178 3 1 4.749e+02 4.911e+02 150 3 2 2.070e+02 2.130e+02 56 3 3 4.700e+02 4.960e+02 241 3 3 5.054e+01 7.546e+01 231 3 3 2.241e+02 2.379e+02 129 3 3 1.360e+02 1.580e+02 205 3 2 4.891e+02 5.189e+02 277 3 1 1.731e+02 2.049e+02 295 3 4 4.850e+02 5.230e+02 353 3 4 2.320e+02 2.720e+02 371 3 4 1.072e+02 1.448e+02 350 3 4 1.896e+02 2.304e+02 380
34321 10 0 2 6.720e+02 6.720e+02 -4 0 2 6.243e+02 6.357e+02 106 0 4 6.714e+02 6.726e+02 10 0 4 6.223e+02 6.377e+02 144 0 1 6.371e+02 6.649e+02 259 0 3 6.380e+02 6.640e+02 242 0 1 6.313e+02 6.707e+02 366 1 3 1.050e+02 1.050e+02 -5 1 2 7.863e+01 8.937e+01 100 2 4 4.586e+02 4.654e+02 63
34322 5 0 1 5.658e+02 5.682e+02 23 0 4 6.680e+02 6.760e+02 74 0 3 6.460e+02 6.560e+02 93 0 2 6.560e+02 6.880e+02 298 2 4 8.146e+01 8.654e+01 47
34324 17 0 2 4.975e+02 5.105e+02 120 0 2 5.377e+02 5.543e+02 154 0 4 5.826e+02 5.934e+02 100 0 4 4.917e+02 5.163e+02 228 0 3 5.564e+02 5.776e+02 197 0 1 5.974e+02 6.206e+02 216 0 2 6.577e+02 6.863e+02 266 0 3 5.137e+02 5.363e+02 210 0 3 5.919e+02 6.261e+02 317 0 1 5.520e+02 5.820e+02 279 0 1 5.068e+02 5.432e+02 337 2 4 4.121e+01 4.279e+01 15 2 1 6.217e+01 6.383e+01 16 2 4 7.303e+01 9.497e+01 204 2 3 5.530e+01 7.070e+01 143 2 4 6.652e+01 1.015e+02 325 2 2 2.510e+01 5.890e+01 314
34326 4 0 3 4.819e+02 4.841e+02 21 0 3 5.995e+02 6.185e+02 177 0 4 5.751e+02 6.009e+02 239 0 1 5.953e+02 6.227e+02 255
34329 1 0 1 6.368e+02 6.652e+02 265
34332 6 2 2 2.889e+02 2.991e+02 94 3 4 1.680e+02 1.680e+02 -14 3 1 1.887e+02 1.893e+02 5 3 3 1.890e+02 1.890e+02 -22 3 2 1.523e+02 1.837e+02 292 3 4 1.445e+02 1.915e+02 436
34333 44 0 1 5.643e+02 5.697e+02 50 0 4 6.276e+02 6.324e+02 44 0 4 6.709e+02 6.731e+02 20 0 4 4.200e+02 4.200e+02 -4 0 4 5.040e+02 5.040e+02 -1 0 3 5.669e+02 5.671e+02 1 0 1 6.087e+02 6.093e+02 6 0 1 6.499e+02 6.521e+02 20 0 3 3.899e+02 4.081e+02 170 0 3 4.678e+02 4.982e+02 282 0 2 5.333e+02 5.587e+02 236 0 2 6.250e+02 6.350e+02 92 0 3 6.493e+02 6.527e+02 32 0 1 5.528e+02 5.812e+02 263 0 3 5.947e+02 6.233e+02 265 0 2 6.709e+02 6.731e+02 20 0 2 5.280e+02 5.640e+02 335 0 1 6.417e+02 6.603e+02 173 0 3 6.426e+02 6.594e+02 156 1 4 5.040e+02 5.040e+02 -11 1 2 6.285e+02 6.315e+02 27 1 4 4.907e+02 5.173e+02 246 1 4 5.720e+02 6.040e+02 298 1 4 5.289e+02 5.631e+02 317 2 3 2.310e+02 2.310e+02 -24 2 1 6.300e+01 6.300e+01 -14 2 4 8.366e+01 8.434e+01 6 2 1 1.459e+02 1.481e+02 20 2 1 2.100e+01 2.100e+01 -17 2 4 1.237e+02 1.283e+02 42 2 3 1.462e+02 1.478e+02 16 2 2 4.067e+01 4.333e+01 25 2 2 7.733e+01 9.067e+01 124 2 2 1.629e+02 1.731e+02 95 2 4 1.954e+02 2.246e+02 270 2 3 5.404e+01 7.196e+01 166 2 3 9.088e+01 1.191e+02 262 2 1 1.740e+02 2.040e+02 278 2 3 1.424e+01 2.776e+01 126 2 2 1.174e+02 1.346e+02 159 2 3 1.296e+02 1.644e+02 323 2 4 3.439e+01 4.961e+01 141 2 2 2.613e+01 5.787e+01 295 2 1 4.659e+01 7.941e+01 305
