22175 19 0 3 5.182e+02 5.318e+02 126 2 2 1.590e+02 1.770e+02 166 2 3 5.208e+02 5.292e+02 79 2 1 1.791e+02 1.989e+02 184 2 3 1.767e+02 2.013e+02 229 3 4 3.297e+02 3.423e+02 116 3 1 1.459e+02 1.481e+02 20 3 2 7.056e+01 9.744e+01 250 3 2 1.648e+02 1.712e+02 59 3 4 7.150e+01 9.650e+01 232 3 3 1.442e+02 1.498e+02 52 3 4 1.617e+02 1.743e+02 116 3 1 1.006e+02 1.094e+02 81 3 1 1.829e+02 1.951e+02 113 3 3 9.784e+01 1.122e+02 133 3 2 1.532e+02 1.828e+02 275 3 4 1.209e+02 1.311e+02 95 3 3 1.736e+02 2.044e+02 286 3 2 1.101e+02 1.419e+02 295
22177 4 2 4 8.375e+01 8.425e+01 5 2 4 3.348e+02 3.372e+02 22 2 2 3.964e+01 4.436e+01 44 2 1 5.893e+01 6.707e+01 76
22178 16 0 2 5.037e+02 5.043e+02 6 0 4 5.842e+02 5.918e+02 70 0 3 4.289e+02 4.531e+02 225 0 4 5.001e+02 5.079e+02 72 0 1 5.476e+02 5.864e+02 360 0 3 5.911e+02 6.269e+02 332 0 1 4.235e+02 4.585e+02 326 0 1 4.782e+02 4.878e+02 90 0 3 5.064e+02 5.436e+02 346 0 4 4.426e+02 4.814e+02 360 1 2 6.201e+02 6.399e+02 183 1 2 6.057e+02 6.543e+02 452 2 2 3.762e+01 4.638e+01 81 2 4 3.376e+01 5.024e+01 153 2 1 4.193e+00 3.781e+01 312 2 3 7.602e+00 3.440e+01 249
22179 1 1 2 2.368e+02 2.672e+02 282
22184 9 0 4 6.083e+02 6.517e+02 402 0 3 6.273e+02 6.747e+02 440 1 1 5.971e+02 6.209e+02 221 1 2 6.205e+02 6.395e+02 176 2 3 1.877e+02 1.903e+02 24 2 4 3.270e+02 3.450e+02 166 2 1 5.754e+01 6.846e+01 101 2 1 1.796e+02 1.984e+02 174 2 3 1.759e+02 2.021e+02 243
22185 7 2 4 5.433e+02 5.487e+02 50 2 4 2.081e+02 2.119e+02 36 2 3 5.670e+02 5.670e+02 -4 2 1 6.044e+02 6.136e+02 86 2 3 2.952e+02 3.348e+02 368 2 1 5.498e+02 5.842e+02 320 2 3 5.913e+02 6.267e+02 328
22186 4 0 2 6.606e+02 6.834e+02 211 0 2 4.923e+02 5.157e+02 217 1 4 5.867e+02 5.893e+02 24 2 1 1.891e+01 2.309e+01 39
22187 0
22189 3 0 1 4.670e+02 4.990e+02 297 0 2 6.576e+02 6.864e+02 268 0 4 6.603e+02 6.837e+02 216
22190 21 0 2 5.033e+02 5.047e+02 12 0 2 2.354e+02 2.686e+02 308 0 1 5.174e+02 5.326e+02 141 0 4 6.611e+02 6.829e+02 202 0 3 2.545e+02 2.915e+02 344 0 4 4.928e+02 5.152e+02 208 0 3 5.151e+02 5.349e+02 184 0 2 6.119e+02 6.481e+02 336 0 2 6.568e+02 6.872e+02 283 0 1 4.659e+02 5.001e+02 317 0 1 5.094e+02 5.406e+02 290 0 4 6.082e+02 6.518e+02 405 0 3 6.289e+02 6.731e+02 411 0 3 5.097e+02 5.403e+02 284 2 3 4.758e+01 7.842e+01 286 2 4 1.964e+02 2.236e+02 253 2 4 2.699e+01 5.701e+01 279 2 1 4.525e+01 8.075e+01 330 2 1 -4.469e+00 4.647e+01 473 2 3 -9.255e-01 4.293e+01 407 2 4 1.868e+01 6.532e+01 433
22191 6 1 4 5.434e+02 5.486e+02 49 2 1 3.085e+02 3.215e+02 120 2 2 2.822e+02 3.058e+02 219 2 3 3.028e+02 3.272e+02 227 2 2 2.767e+02 3.113e+02 322 2 4 2.754e+02 3.126e+02 346
22192 23 0 2 5.449e+02 5.471e+02 20 0 4 5.838e+02 5.922e+02 78 0 3 5.923e+02 6.257e+02 310 0 1 5.081e+02 5.419e+02 315 0 1 5.903e+02 6.277e+02 348 1 2 5.873e+02 5.887e+02 14 1 4 6.272e+02 6.328e+02 52 1 4 5.847e+02 5.913e+02 61 1 3 5.953e+02 6.227e+02 255 1 1 5.470e+02 5.870e+02 370 1 1 5.938e+02 6.242e+02 283 2 4 2.070e+02 2.130e+02 56 2 3 2.157e+02 2.463e+02 284 3 4 4.599e+02 4.641e+02 40 3 2 3.772e+02 3.788e+02 16 3 3 4.385e+02 4.435e+02 46 3 4 3.674e+02 3.886e+02 196 3 3 4.648e+02 5.012e+02 337 3 2 4.550e+02 4.690e+02 130 3 3 3.834e+02 4.146e+02 289 3 2 4.030e+02 4.370e+02 316 3 1 3.445e+02 3.695e+02 233 3 4 4.038e+02 4.362e+02 300
22195 3 2 2 1.223e+02 1.297e+02 68 2 3 1.354e+02 1.586e+02 215 2 4 1.196e+02 1.324e+02 118
22198 2 0 2 6.617e+02 6.823e+02 190 2 4 1.604e+02 1.756e+02 141
22199 4 0 2 6.717e+02 6.723e+02 6 0 4 6.690e+02 6.750e+02 56 0 2 6.642e+02 6.798e+02 146 1 2 4.905e+02 5.175e+02 251
22200 1 1 3 4.906e+01 7.694e+01 259
22201 0
22202 2 0 1 1.662e+02 2.118e+02 424 3 3 6.253e+00 3.575e+01 274
22204 0
22206 2 0 2 6.641e+02 6.799e+02 146 0 4 6.635e+02 6.805e+02 157
22208 4 2 2 4.009e+01 4.391e+01 36 2 4 3.960e+01 4.440e+01 45 2 1 4.954e+00 3.705e+01 298 2 3 4.415e+00 3.758e+01 308
22209 33 0 4 6.280e+02 6.320e+02 37 0 1 6.491e+02 6.529e+02 35 0 1 6.051e+02 6.129e+02 72 0 3 6.499e+02 6.521e+02 20 0 3 6.081e+02 6.099e+02 17 0 2 6.702e+02 6.738e+02 34 0 2 6.237e+02 6.363e+02 116 0 4 6.671e+02 6.769e+02 91 0 4 6.209e+02 6.391e+02 170 0 3 6.394e+02 6.626e+02 216 0 4 6.114e+02 6.486e+02 346 0 1 6.354e+02 6.666e+02 290 0 2 6.105e+02 6.495e+02 362 0 4 6.529e+02 6.911e+02 355 2 3 6.217e+01 6.383e+01 16 2 3 1.043e+02 1.057e+02 14 2 4 5.847e+02 5.913e+02 62 2 3 1.449e+02 1.491e+02 40 2 4 6.693e+02 6.747e+02 50 2 2 2.456e+02 2.584e+02 119 2 2 1.228e+02 1.292e+02 60 2 1 1.380e+02 1.560e+02 167 2 4 2.508e+02 2.532e+02 22 2 1 2.598e+02 2.862e+02 246 2 4 1.245e+02 1.275e+02 27 2 1 1.304e+02 1.636e+02 308 2 3 2.564e+02 2.896e+02 308 2 4 2.609e+01 5.791e+01 296 2 3 9.250e+01 1.175e+02 232 2 3 1.273e+02 1.667e+02 366 2 1 4.588e+01 8.012e+01 318 2 4 1.073e+02 1.447e+02 348 2 2 1.538e+02 1.822e+02 265
22210 0
