27676 0
27678 1 2 2 1.254e+02 1.266e+02 11
27680 1 0 4 4.857e+02 5.223e+02 340
27681 10 0 3 5.663e+02 5.677e+02 14 0 1 2.263e+02 2.357e+02 86 0 4 5.836e+02 5.924e+02 81 0 4 6.057e+02 6.543e+02 451 0 4 6.680e+02 6.760e+02 75 0 1 6.468e+02 6.552e+02 77 0 3 6.460e+02 6.560e+02 92 2 4 2.096e+02 2.104e+02 7 2 3 1.662e+01 2.538e+01 81 2 3 4.745e+01 7.855e+01 289
27683 0
27684 0
27686 5 0 1 6.510e+02 6.510e+02 -20 0 3 6.033e+02 6.147e+02 106 0 4 5.742e+02 6.018e+02 257 0 2 6.555e+02 6.885e+02 306 0 1 5.970e+02 6.210e+02 223
27687 23 0 4 6.705e+02 6.735e+02 28 0 3 6.483e+02 6.537e+02 50 0 4 6.111e+02 6.489e+02 351 0 3 5.990e-01 4.140e+01 379 0 2 6.684e+02 6.756e+02 67 0 1 6.374e+02 6.646e+02 253 0 3 6.336e+02 6.684e+02 324 1 1 1.752e+02 2.028e+02 257 1 1 4.354e+01 8.246e+01 361 2 4 3.756e+02 3.804e+02 45 2 1 3.987e+02 3.993e+02 6 2 3 1.765e+01 2.435e+01 62 2 3 9.622e+01 1.138e+02 163 2 1 2.290e+02 2.330e+02 36 2 3 3.838e+02 4.142e+02 282 2 2 4.107e+01 4.293e+01 17 2 3 2.290e+02 2.330e+02 36 2 2 3.656e+02 3.904e+02 230 2 2 1.089e+02 1.431e+02 317 2 4 1.999e+02 2.201e+02 187 2 4 5.786e+01 1.101e+02 486 2 2 1.910e+02 2.290e+02 352 2 4 1.919e+02 2.281e+02 336
27688 4 2 3 5.844e+01 6.756e+01 85 2 1 5.243e+01 7.357e+01 196 2 2 2.981e+01 5.419e+01 226 2 4 2.658e+01 5.742e+01 286
27689 38 0 2 6.667e+02 6.773e+02 99 0 4 6.644e+02 6.796e+02 140 0 4 6.577e+02 6.863e+02 266 0 2 6.566e+02 6.874e+02 286 2 3 3.987e+02 3.993e+02 6 2 3 2.730e+02 2.730e+02 -8 2 4 5.418e+02 5.502e+02 77 2 4 3.704e+02 3.856e+02 140 2 4 3.959e+01 4.441e+01 45 2 2 4.092e+02 4.308e+02 201 2 4 1.241e+02 1.279e+02 36 2 2 5.037e+02 5.043e+02 5 2 3 1.869e+02 1.911e+02 39 2 3 5.641e+02 5.699e+02 53 2 4 2.400e+02 2.640e+02 222 2 2 5.846e+02 5.914e+02 64 2 3 3.022e+02 3.278e+02 237 2 4 4.119e+02 4.281e+02 151 2 2 3.311e+02 3.409e+02 90 2 4 4.967e+02 5.113e+02 135 2 1 6.248e+01 6.352e+01 10 2 2 5.318e+02 5.602e+02 264 2 4 6.576e+01 1.022e+02 339 2 3 4.658e+02 5.002e+02 319 2 3 1.407e+02 1.533e+02 116 2 4 2.333e+02 2.707e+02 348 2 4 2.746e+02 3.134e+02 360 2 4 3.324e+02 3.396e+02 67 2 3 5.584e+01 7.016e+01 133 2 3 8.622e+01 1.238e+02 349 2 3 1.796e+02 1.984e+02 175 2 4 3.185e+02 3.535e+02 326 2 1 1.671e+01 2.529e+01 80 2 3 1.797e+01 2.403e+01 56 2 2 3.354e+01 5.046e+01 157 2 1 6.795e+00 3.521e+01 264 2 3 9.440e+00 3.256e+01 215 3 1 1.465e+01 2.735e+01 118
27690 0
27692 3 0 1 6.090e+02 6.090e+02 -15 0 3 6.015e+02 6.165e+02 139 0 2 6.157e+02 6.443e+02 265
27693 32 0 2 6.286e+02 6.314e+02 26 0 2 5.422e+02 5.498e+02 70 0 2 3.241e+02 3.479e+02 220 0 4 6.284e+02 6.316e+02 29 0 3 5.611e+02 5.729e+02 110 0 3 6.354e+02 6.666e+02 289 0 1 5.909e+02 6.271e+02 336 0 2 6.557e+02 6.883e+02 303 1 2 6.247e+02 6.353e+02 98 1 4 5.763e+02 5.997e+02 218 1 4 6.207e+02 6.393e+02 172 1 1 5.923e+02 6.257e+02 310 2 2 1.654e+02 1.706e+02 48 2 3 6.074e+02 6.106e+02 29 2 1 3.135e+02 3.165e+02 28 2 2 6.697e+02 6.743e+02 42 2 2 3.726e+02 3.834e+02 100 2 3 5.643e+02 5.697e+02 50 2 4 4.067e+01 4.333e+01 25 2 4 6.637e+02 6.803e+02 154 2 3 1.353e+02 1.587e+02 216 2 1 3.816e+02 4.164e+02 323 2 2 2.802e+02 3.078e+02 257 2 4 5.369e+02 5.551e+02 170 2 3 3.484e+02 3.656e+02 160 2 1 6.326e+02 6.694e+02 342 2 4 3.134e+01 5.266e+01 198 2 3 5.051e+02 5.450e+02 370 2 4 1.493e+02 1.867e+02 346 2 3 6.342e+02 6.678e+02 312 2 4 3.597e+02 3.963e+02 340 2 1 1.712e+02 2.068e+02 330
27694 2 1 4 2.395e+02 2.645e+02 232 1 1 2.060e+02 2.560e+02 465
27697 2 0 4 2.488e+02 2.552e+02 59 0 3 2.191e+02 2.429e+02 220
27698 43 0 1 1.725e+02 2.055e+02 307 0 4 4.544e+02 4.696e+02 141 0 1 6.041e+02 6.139e+02 91 0 1 4.299e+02 4.521e+02 206 0 2 4.526e+02 4.714e+02 174 0 2 6.237e+02 6.363e+02 117 0 3 4.314e+02 4.506e+02 178 0 4 6.119e+02 6.481e+02 336 0 1 6.493e+02 6.527e+02 31 0 4 4.071e+02 4.329e+02 239 0 3 6.469e+02 6.551e+02 76 0 1 4.223e+02 4.597e+02 347 0 2 6.575e+02 6.865e+02 269 1 3 5.657e+02 5.683e+02 24 1 2 6.292e+02 6.308e+02 15 1 4 5.870e+02 5.890e+02 18 1 4 6.290e+02 6.310e+02 18 1 2 5.419e+02 5.501e+02 76 1 1 6.090e+02 6.090e+02 -2 1 4 5.430e+02 5.490e+02 56 1 3 6.088e+02 6.092e+02 3 1 2 5.764e+02 5.996e+02 216 1 3 5.900e+02 6.280e+02 353 2 3 3.141e+02 3.159e+02 16 2 2 1.654e+02 1.706e+02 49 2 3 4.385e+02 4.435e+02 46 2 4 2.904e+02 2.976e+02 67 2 4 6.227e+02 6.373e+02 136 2 4 3.950e+01 4.450e+01 46 2 3 6.503e+02 6.517e+02 14 2 4 1.653e+02 1.707e+02 50 2 1 4.358e+02 4.462e+02 97 2 1 3.115e+02 3.185e+02 65 2 2 4.507e+02 4.733e+02 210 2 1 6.154e+01 6.446e+01 27 2 4 4.113e+02 4.287e+02 162 2 1 1.755e+02 2.025e+02 250 2 2 2.755e+02 3.125e+02 344 2 2 3.143e+01 5.257e+01 196 2 3 1.696e+02 2.084e+02 360 2 4 2.878e+01 5.522e+01 246 2 3 4.763e+01 7.837e+01 286 3 3 1.868e+01 2.332e+01 43
27699 0
27701 2 0 4 4.601e+02 4.639e+02 35 2 4 5.445e+02 5.475e+02 27
27702 26 0 2 5.403e+02 5.517e+02 106 0 3 6.469e+02 6.551e+02 76 0 1 6.409e+02 6.611e+02 188 1 1 4.828e+02 4.832e+02 4 1 3 4.812e+02 4.848e+02 34 1 4 5.360e+02 5.560e+02 186 1 3 5.164e+02 5.336e+02 159 1 2 4.854e+02 5.226e+02 346 1 4 4.860e+02 5.220e+02 334 2 1 1.635e+01 2.565e+01 86 2 2 8.343e+01 8.457e+01 10 2 3 1.739e+01 2.461e+01 67 2 2 4.548e+02 4.692e+02 135 2 2 1.214e+02 1.306e+02 86 2 3 4.305e+01 8.295e+01 370 2 1 4.399e+01 8.201e+01 353 2 2 4.442e+02 4.798e+02 331 3 2 3.825e+01 4.575e+01 70 3 1 1.050e+02 1.050e+02 -7 3 4 4.112e+01 4.288e+01 16 3 1 9.443e+00 3.256e+01 215 3 1 6.127e+01 6.473e+01 32 3 3 6.435e+00 3.557e+01 270 3 3 5.813e+01 6.787e+01 90 3 2 8.097e+01 8.703e+01 56 3 4 7.724e+01 9.076e+01 126
27703 3 0 1 6.420e+02 6.600e+02 168 0 2 6.160e+02 6.440e+02 260 0 3 6.448e+02 6.572e+02 115
27704 7 2 2 7.742e+01 9.058e+01 122 2 4 3.235e+02 3.485e+02 233 2 1 5.072e+01 7.528e+01 228 2 4 8.056e+01 8.744e+01 64 2 4 2.798e+02 3.082e+02 264 2 3 4.583e+01 8.017e+01 319 2 4 2.260e+02 2.780e+02 483
27705 4 2 4 4.993e+02 5.087e+02 87 2 3 5.182e+02 5.318e+02 126 2 2 4.909e+02 5.171e+02 243 2 1 5.112e+02 5.388e+02 257
27706 8 0 3 6.270e+01 6.330e+01 6 0 1 6.477e+02 6.543e+02 62 0 4 6.669e+02 6.771e+02 96 0 2 6.608e+02 6.832e+02 207 0 2 7.011e+01 9.789e+01 258 0 4 2.483e+01 5.917e+01 319 3 1 4.745e+02 4.915e+02 158 3 1 4.658e+02 5.002e+02 320
27707 0
27708 3 1 4 4.461e+02 4.779e+02 295 1 3 4.261e+02 4.559e+02 276 2 3 2.030e+01 2.170e+01 13
27711 3 0 3 5.652e+02 5.688e+02 34 2 4 2.896e+02 2.984e+02 82 2 4 2.382e+02 2.658e+02 256
27713 5 0 4 6.300e+02 6.300e+02 -1 0 2 6.261e+02 6.339e+02 72 0 1 6.008e+02 6.172e+02 153 2 1 1.420e+01 2.780e+01 126 2 3 1.992e+00 4.001e+01 353
27714 0
27715 13 0 1 6.499e+02 6.521e+02 20 0 3 6.481e+02 6.539e+02 54 0 2 6.538e+02 6.902e+02 339 0 4 6.546e+02 6.894e+02 323 1 4 6.198e+02 6.402e+02 189 2 1 1.406e+02 1.534e+02 120 2 3 1.423e+02 1.517e+02 86 2 2 1.534e+02 1.826e+02 270 2 4 1.524e+02 1.836e+02 290 3 3 9.532e+01 1.147e+02 180 3 2 1.166e+02 1.354e+02 174 3 4 1.157e+02 1.363e+02 191 3 1 9.348e+01 1.165e+02 214
27716 7 0 2 6.700e+02 6.740e+02 36 0 3 6.372e+02 6.648e+02 256 0 1 6.354e+02 6.666e+02 290 2 4 4.197e+02 4.203e+02 6 2 4 3.448e+01 4.952e+01 140 2 4 7.598e+01 9.202e+01 149 3 2 8.290e+01 8.510e+01 20
27717 0
