15801 7 2 3 2.262e+02 2.358e+02 89 2 1 2.194e+02 2.426e+02 216 2 2 1.866e+02 2.334e+02 436 3 1 3.548e+02 3.592e+02 40 3 2 3.770e+02 3.790e+02 19 3 4 3.748e+02 3.812e+02 60 3 3 3.809e+02 4.171e+02 336
15802 46 0 3 3.973e+02 4.007e+02 32 0 4 5.839e+02 5.921e+02 76 0 2 3.700e+02 3.860e+02 148 0 1 6.419e+02 6.601e+02 169 0 1 3.371e+02 3.769e+02 369 0 4 4.077e+02 4.323e+02 228 0 1 5.499e+02 5.841e+02 317 0 2 6.155e+02 6.445e+02 270 0 3 6.468e+02 6.552e+02 79 0 4 4.354e+02 4.886e+02 495 0 3 5.904e+02 6.276e+02 346 2 2 4.200e+02 4.200e+02 -1 2 3 2.283e+02 2.337e+02 50 2 4 6.291e+02 6.309e+02 16 2 1 2.730e+02 2.730e+02 -20 2 3 6.510e+02 6.510e+02 -21 2 3 3.570e+02 3.570e+02 -10 2 1 4.373e+02 4.447e+02 69 2 3 1.438e+01 2.762e+01 123 2 2 4.606e+02 4.634e+02 26 2 4 7.684e+01 9.116e+01 133 2 4 6.720e+02 6.720e+02 -4 2 4 2.520e+02 2.520e+02 -6 2 3 4.410e+02 4.410e+02 -1 2 3 2.723e+02 2.737e+02 13 2 1 4.722e+02 4.938e+02 201 2 4 3.780e+02 3.780e+02 -16 2 3 3.956e+02 4.024e+02 63 2 1 7.915e+00 3.408e+01 243 2 3 9.928e+01 1.107e+02 106 2 4 4.165e+02 4.235e+02 66 2 3 1.787e+02 1.993e+02 191 2 4 2.077e+02 2.123e+02 42 2 3 3.865e+02 4.115e+02 232 2 1 3.033e+02 3.267e+02 218 2 2 3.700e+02 3.860e+02 149 2 2 3.228e+01 5.172e+01 180 2 4 4.041e+02 4.359e+02 296 2 3 8.887e+01 1.211e+02 300 2 2 2.474e+02 2.566e+02 86 2 1 3.828e+02 4.152e+02 301 2 2 2.764e+02 3.116e+02 327 2 4 3.271e+02 3.449e+02 166 2 4 2.510e+01 5.890e+01 314 2 2 6.549e+01 1.025e+02 344 2 3 2.176e+02 2.444e+02 250
15803 2 1 2 5.818e+02 5.942e+02 115 3 1 1.749e+02 2.031e+02 261
15804 7 0 2 6.563e+02 6.877e+02 292 1 4 4.963e+02 5.117e+02 142 2 3 1.826e+02 1.954e+02 120 2 2 2.030e+02 2.170e+02 130 2 1 1.756e+02 2.024e+02 250 2 4 1.968e+02 2.232e+02 246 3 1 9.928e+01 1.107e+02 106
15805 16 0 4 6.692e+02 6.748e+02 51 0 4 5.040e+02 5.040e+02 -2 0 1 6.069e+02 6.111e+02 39 0 2 6.701e+02 6.739e+02 36 0 2 4.991e+02 5.089e+02 90 0 3 5.610e+02 5.730e+02 111 0 3 6.008e+02 6.172e+02 151 0 1 6.405e+02 6.615e+02 195 0 1 4.707e+02 4.953e+02 228 0 2 5.357e+02 5.563e+02 191 0 4 6.210e+02 6.390e+02 166 0 3 6.379e+02 6.641e+02 243 0 2 6.151e+02 6.449e+02 276 0 1 6.242e+02 6.778e+02 498 2 1 2.127e+00 3.987e+01 350 2 2 1.577e+01 6.823e+01 487
15807 12 0 2 2.940e+02 2.940e+02 -4 0 2 6.266e+02 6.334e+02 63 0 2 5.011e+02 5.069e+02 53 0 1 2.564e+02 2.896e+02 308 0 4 6.269e+02 6.331e+02 57 0 1 1.312e+02 1.628e+02 293 0 3 5.965e+02 6.215e+02 232 1 4 2.483e+02 2.557e+02 69 1 4 1.988e+02 2.212e+02 209 2 2 8.335e+01 8.465e+01 12 2 4 3.085e+01 5.315e+01 207 2 1 1.545e+00 4.046e+01 361
15808 41 0 2 6.239e+02 6.361e+02 113 0 3 6.460e+02 6.560e+02 92 0 1 5.147e+02 5.353e+02 191 0 4 3.640e+02 3.920e+02 260 0 4 6.226e+02 6.374e+02 138 0 1 2.943e+02 3.357e+02 385 0 2 6.678e+02 6.762e+02 79 0 2 3.226e+02 3.494e+02 249 0 4 4.063e+02 4.337e+02 255 0 2 4.919e+02 5.161e+02 226 0 3 5.141e+02 5.359e+02 203 0 4 5.792e+02 5.968e+02 163 0 4 6.651e+02 6.789e+02 129 0 3 4.275e+02 4.545e+02 251 0 4 4.827e+02 5.253e+02 396 0 2 5.372e+02 5.548e+02 163 0 2 6.159e+02 6.441e+02 262 0 1 6.425e+02 6.595e+02 158 0 3 5.492e+02 5.848e+02 331 0 4 6.125e+02 6.475e+02 325 0 4 6.570e+02 6.870e+02 278 0 1 5.452e+02 5.888e+02 405 0 3 5.877e+02 6.303e+02 396 0 1 6.354e+02 6.666e+02 290 0 2 6.070e+02 6.530e+02 426 0 3 6.352e+02 6.668e+02 294 1 1 6.054e+02 6.126e+02 67 1 2 6.269e+02 6.331e+02 57 1 4 6.185e+02 6.415e+02 213 1 4 6.071e+02 6.529e+02 425 2 3 1.904e+01 2.296e+01 36 2 4 2.446e+02 2.594e+02 138 2 1 2.685e+02 2.775e+02 83 2 3 1.421e+02 1.519e+02 91 2 2 2.854e+02 3.026e+02 159 2 2 1.142e+02 1.378e+02 219 2 2 2.357e+02 2.683e+02 303 2 3 4.457e+01 8.143e+01 342 2 2 6.934e+01 9.866e+01 272 2 3 2.504e+02 2.956e+02 419 2 4 6.580e+01 1.022e+02 338
15810 4 0 2 5.033e+02 5.047e+02 13 0 4 4.942e+02 5.138e+02 181 0 3 5.091e+02 5.409e+02 295 0 1 4.686e+02 4.974e+02 268
15811 0
15812 6 0 1 6.278e+02 6.742e+02 431 0 3 6.289e+02 6.731e+02 411 0 4 6.053e+02 6.547e+02 460 2 4 2.270e+02 2.770e+02 464 2 1 2.471e+02 2.989e+02 481 2 3 -4.648e+00 4.665e+01 476
15813 20 0 2 6.704e+02 6.736e+02 29 0 2 5.432e+02 5.488e+02 51 0 4 6.717e+02 6.723e+02 6 0 3 5.963e+02 6.217e+02 236 0 1 6.359e+02 6.661e+02 280 0 3 5.485e+02 5.855e+02 343 0 2 6.483e+02 6.957e+02 440 0 1 5.046e+02 5.454e+02 379 1 2 3.278e+02 3.442e+02 153 1 2 6.204e+02 6.396e+02 178 1 2 6.122e+02 6.478e+02 331 2 2 3.906e+01 4.494e+01 55 2 3 1.034e+02 1.066e+02 30 2 4 3.385e+01 5.015e+01 151 2 4 7.083e+01 9.717e+01 245 2 3 4.102e+00 3.790e+01 314 2 2 1.121e+02 1.399e+02 259 2 1 4.265e+01 8.335e+01 378 3 3 1.833e+01 2.367e+01 50 3 2 7.693e+01 9.107e+01 131
15814 13 0 3 6.496e+02 6.524e+02 26 0 1 6.494e+02 6.526e+02 30 0 2 6.095e+02 6.505e+02 381 2 3 1.815e+01 2.385e+01 53 2 2 8.348e+01 8.452e+01 10 2 3 5.525e+01 7.075e+01 144 2 4 7.805e+01 8.995e+01 110 2 1 1.020e+01 3.180e+01 200 2 4 6.782e+01 1.002e+02 300 2 2 2.882e+01 5.518e+01 245 2 1 4.790e+01 7.810e+01 280 3 1 4.814e+02 4.846e+02 30 3 1 5.614e+02 5.726e+02 105
15815 35 0 4 6.694e+02 6.746e+02 48 0 2 4.593e+02 4.647e+02 50 0 4 3.192e+01 5.208e+01 187 0 3 6.027e+02 6.153e+02 116 0 1 5.198e+01 7.402e+01 205 0 1 6.510e+02 6.510e+02 0 0 4 4.597e+02 4.643e+02 43 0 3 5.315e+01 7.285e+01 183 0 2 6.195e+02 6.405e+02 195 0 2 3.031e+01 5.369e+01 217 0 3 6.449e+02 6.571e+02 114 0 1 4.256e+02 4.564e+02 286 0 1 5.956e+02 6.224e+02 249 0 2 6.570e+02 6.870e+02 279 0 3 4.214e+02 4.606e+02 364 0 4 5.703e+02 6.057e+02 329 0 4 6.575e+02 6.865e+02 269 1 3 6.084e+02 6.096e+02 11 1 1 2.310e+02 2.310e+02 -4 1 2 5.865e+02 5.895e+02 28 1 2 6.267e+02 6.333e+02 62 1 2 1.920e+02 2.280e+02 334 1 1 5.603e+02 5.737e+02 125 1 4 6.259e+02 6.341e+02 76 1 4 5.779e+02 5.981e+02 187 1 2 6.132e+02 6.468e+02 311 2 1 3.130e+02 3.170e+02 37 2 4 3.349e+02 3.371e+02 20 2 3 1.036e+02 1.064e+02 26 2 4 2.931e+02 2.949e+02 17 2 4 7.006e+01 9.794e+01 259 2 3 3.053e+02 3.247e+02 180 2 3 4.459e+00 3.754e+01 307 2 2 2.738e+02 3.142e+02 376 2 2 1.076e+02 1.444e+02 341
15816 19 0 1 6.508e+02 6.512e+02 3 0 3 6.057e+02 6.123e+02 61 0 2 6.217e+02 6.383e+02 154 0 3 6.476e+02 6.544e+02 63 0 4 5.721e+02 6.039e+02 295 0 1 6.367e+02 6.653e+02 266 0 4 1.877e+02 2.323e+02 414 0 3 3.731e+02 4.249e+02 480 0 4 6.085e+02 6.515e+02 400 0 2 6.534e+02 6.906e+02 345 0 4 4.780e+02 5.300e+02 483 0 1 4.984e+02 5.516e+02 494 0 4 5.645e+02 6.115e+02 437 0 4 6.565e+02 6.875e+02 288 0 3 4.981e+02 5.519e+02 499 0 2 6.066e+02 6.534e+02 435 0 1 6.309e+02 6.711e+02 374 2 3 1.862e+02 1.918e+02 51 2 3 1.453e+02 1.487e+02 32
15817 26 0 3 6.266e+01 6.334e+01 6 0 2 4.575e+02 4.665e+02 83 0 4 7.957e+01 8.843e+01 82 0 2 5.400e+02 5.520e+02 112 0 2 3.520e+01 4.880e+01 126 0 3 6.494e+02 6.526e+02 29 0 3 8.765e+01 1.223e+02 322 0 3 4.791e+02 4.869e+02 72 0 1 4.954e+00 3.705e+01 298 0 3 5.574e+02 5.766e+02 179 0 2 6.160e+02 6.440e+02 260 0 4 6.547e+02 6.893e+02 320 1 4 6.281e+02 6.319e+02 36 1 4 5.873e+02 5.887e+02 14 1 2 6.280e+02 6.320e+02 38 1 4 6.117e+02 6.483e+02 340 1 4 5.736e+02 6.024e+02 268 2 4 2.504e+02 2.536e+02 29 2 2 1.251e+02 1.269e+02 16 2 3 5.332e+01 7.268e+01 180 2 4 1.234e+02 1.286e+02 49 2 1 4.704e+01 7.896e+01 296 2 2 7.756e+01 9.044e+01 120 2 1 1.705e+02 2.075e+02 343 2 4 7.015e+01 9.785e+01 257 2 3 8.550e+01 1.245e+02 362
15818 1 0 4 2.075e+02 2.125e+02 47
15819 0
15820 6 2 4 7.993e+01 8.807e+01 76 2 3 9.111e+01 1.189e+02 258 2 3 1.825e+02 1.955e+02 120 2 2 7.258e+01 9.542e+01 212 2 4 1.537e+02 1.823e+02 266 3 1 2.634e+02 2.826e+02 178
15821 37 0 4 1.651e+02 1.709e+02 53 0 2 6.300e+02 6.300e+02 0 0 1 3.564e+02 3.576e+02 11 0 3 6.483e+02 6.537e+02 50 0 2 4.977e+02 5.103e+02 116 0 4 3.756e+02 3.804e+02 44 0 3 5.197e+02 5.303e+02 98 0 2 1.120e+02 1.400e+02 260 0 4 6.284e+02 6.316e+02 30 0 1 1.324e+02 1.616e+02 271 0 4 6.682e+02 6.758e+02 70 0 2 3.622e+02 3.938e+02 294 0 4 4.083e+02 4.317e+02 216 0 1 5.086e+02 5.414e+02 305 0 1 5.970e+02 6.210e+02 222 0 1 6.451e+02 6.569e+02 109 0 4 4.873e+02 5.207e+02 310 0 3 6.001e+02 6.179e+02 165 0 2 6.673e+02 6.767e+02 87 0 4 6.159e+02 6.441e+02 262 0 1 6.401e+02 6.619e+02 203 0 4 5.770e+02 5.990e+02 204 0 3 6.342e+02 6.678e+02 311 1 2 6.277e+02 6.323e+02 42 1 1 6.043e+02 6.137e+02 88 2 2 6.300e+02 6.300e+02 -23 2 1 1.922e+01 2.278e+01 33 2 4 6.197e+02 6.403e+02 191 2 4 1.260e+02 1.260e+02 -13 2 1 6.397e+02 6.623e+02 210 2 1 1.468e+02 1.472e+02 4 2 3 5.978e+02 6.202e+02 208 2 3 1.599e+01 2.601e+01 93 2 3 9.941e+01 1.106e+02 104 2 2 1.183e+02 1.337e+02 142 2 3 1.303e+02 1.637e+02 310 2 4 1.108e+02 1.412e+02 282
15822 7 0 3 5.598e+02 5.742e+02 133 0 2 5.357e+02 5.563e+02 192 0 2 6.548e+02 6.892e+02 319 0 1 5.542e+02 5.798e+02 237 2 4 2.491e+02 2.549e+02 53 2 1 1.442e+01 2.758e+01 122 2 3 1.222e+01 2.978e+01 163
15823 0
15824 0
15825 1 1 4 8.400e+01 8.400e+01 -17
15826 7 2 3 3.130e+02 3.170e+02 37 2 3 1.649e+01 2.551e+01 84 2 4 8.186e+01 8.614e+01 40 2 3 1.427e+02 1.513e+02 80 2 3 1.031e+02 1.069e+02 36 2 4 2.791e+02 3.089e+02 276 2 2 2.353e+01 6.047e+01 343
15827 8 0 3 5.162e+02 5.338e+02 163 0 1 5.935e+02 6.245e+02 287 0 1 6.246e+02 6.774e+02 490 0 3 5.416e+02 5.924e+02 472 0 2 6.053e+02 6.547e+02 460 0 2 4.779e+02 5.301e+02 484 0 4 6.109e+02 6.491e+02 354 2 4 1.019e+02 1.501e+02 448
15828 0
