12102 0
12103 2 0 4 5.856e+02 5.904e+02 44 2 4 8.294e+01 8.506e+01 20
12104 10 0 3 4.779e+02 4.881e+02 96 0 2 4.956e+02 5.124e+02 156 0 4 6.468e+02 6.972e+02 467 0 3 5.420e+02 5.920e+02 464 0 1 6.250e+02 6.770e+02 483 0 3 6.245e+02 6.775e+02 493 0 2 4.355e+02 4.885e+02 491 0 2 6.455e+02 6.985e+02 492 2 4 5.741e+01 1.106e+02 494 2 3 -5.455e+00 4.746e+01 491
12106 18 2 4 4.616e+02 4.624e+02 7 2 1 4.398e+02 4.422e+02 21 2 2 4.611e+02 4.629e+02 17 2 3 6.045e+02 6.135e+02 84 2 3 4.403e+02 4.417e+02 14 2 2 6.201e+02 6.399e+02 184 2 1 5.968e+02 6.212e+02 226 2 4 6.135e+02 6.465e+02 306 3 1 4.410e+02 4.410e+02 0 3 1 4.759e+02 4.901e+02 131 3 3 4.401e+02 4.419e+02 17 3 3 4.724e+02 4.936e+02 197 3 3 3.809e+02 4.171e+02 336 3 2 4.613e+02 4.627e+02 14 3 4 4.612e+02 4.628e+02 15 3 1 4.276e+02 4.544e+02 248 3 3 4.229e+02 4.591e+02 336 3 4 4.471e+02 4.769e+02 277
12107 33 0 1 6.090e+02 6.090e+02 -0 0 2 6.714e+02 6.726e+02 10 0 1 4.407e+02 4.413e+02 6 0 4 4.569e+02 4.671e+02 94 0 4 2.345e+02 2.695e+02 326 0 2 5.429e+02 5.491e+02 58 0 3 6.063e+02 6.117e+02 50 0 4 6.713e+02 6.727e+02 12 0 4 4.105e+02 4.295e+02 176 0 2 4.472e+02 4.768e+02 275 0 3 5.590e+02 5.750e+02 148 0 1 5.972e+02 6.208e+02 219 0 1 6.490e+02 6.530e+02 38 0 3 4.311e+02 4.509e+02 185 0 1 5.528e+02 5.812e+02 264 0 2 6.155e+02 6.445e+02 269 0 3 6.475e+02 6.545e+02 66 0 4 4.024e+02 4.376e+02 326 0 3 5.516e+02 5.824e+02 286 0 4 6.133e+02 6.467e+02 310 0 1 6.329e+02 6.691e+02 336 0 1 4.224e+02 4.596e+02 346 1 4 6.291e+02 6.309e+02 16 1 2 6.208e+02 6.392e+02 171 1 1 5.966e+02 6.214e+02 230 1 3 5.934e+02 6.246e+02 290 2 3 6.217e+01 6.383e+01 16 2 3 9.977e+01 1.102e+02 97 2 4 2.884e+02 2.996e+02 104 2 3 1.882e+01 2.318e+01 40 2 3 5.485e+01 7.115e+01 151 2 3 4.588e+01 8.012e+01 318 2 3 3.338e+00 3.866e+01 328
12109 5 2 4 7.540e+01 9.260e+01 160 2 4 6.912e+01 9.888e+01 276 2 3 1.744e+02 2.036e+02 270 3 2 5.460e+02 5.460e+02 0 3 2 5.732e+02 6.028e+02 275
12112 1 0 3 5.660e+02 5.680e+02 19
12113 11 2 1 3.093e+02 3.207e+02 106 2 2 2.024e+02 2.176e+02 140 2 3 3.123e+02 3.177e+02 50 2 3 2.201e+02 2.419e+02 203 2 2 2.782e+02 3.098e+02 293 2 4 1.934e+02 2.266e+02 309 2 4 2.733e+02 3.147e+02 384 2 1 2.163e+02 2.457e+02 274 3 1 3.388e+02 3.752e+02 338 3 4 5.373e+02 5.547e+02 161 3 4 4.033e+02 4.367e+02 310
12119 8 0 2 6.709e+02 6.731e+02 20 0 4 6.709e+02 6.731e+02 20 0 1 6.382e+02 6.638e+02 237 0 3 6.368e+02 6.652e+02 263 0 1 6.318e+02 6.702e+02 356 2 1 1.783e+01 2.417e+01 59 2 4 2.052e+02 2.148e+02 89 2 4 1.646e+02 1.714e+02 64
12120 4 0 1 5.632e+02 5.708e+02 71 2 1 1.967e+01 2.233e+01 25 2 3 1.275e+02 1.665e+02 361 2 4 1.478e+02 1.882e+02 375
12122 27 0 2 6.630e+02 6.810e+02 168 1 4 6.268e+02 6.332e+02 59 1 4 6.109e+02 6.491e+02 354 2 4 2.518e+02 2.522e+02 3 2 4 8.065e+01 8.735e+01 62 2 3 9.425e+01 1.158e+02 200 2 3 1.384e+02 1.556e+02 159 2 2 1.195e+02 1.325e+02 121 2 1 1.290e+02 1.650e+02 335 2 4 1.095e+02 1.425e+02 306 3 1 5.669e+02 5.671e+02 1 3 2 4.585e+02 4.655e+02 66 3 2 4.993e+02 5.087e+02 87 3 4 4.613e+02 4.627e+02 13 3 2 5.865e+02 5.895e+02 27 3 3 5.129e+02 5.371e+02 225 3 4 4.483e+02 4.757e+02 254 3 4 5.874e+02 5.886e+02 11 3 2 4.084e+02 4.316e+02 215 3 1 4.679e+02 4.981e+02 280 3 3 5.638e+02 5.702e+02 59 3 3 5.913e+02 6.267e+02 329 3 3 4.738e+02 4.922e+02 171 3 4 5.375e+02 5.545e+02 157 3 4 4.919e+02 5.161e+02 226 3 2 5.277e+02 5.643e+02 340 3 1 5.048e+02 5.452e+02 375
12124 1 2 1 1.401e+02 1.539e+02 128
12126 3 1 3 6.172e+01 6.428e+01 24 1 4 7.204e+01 9.596e+01 222 3 1 9.487e+00 3.251e+01 214
12127 8 1 1 5.944e+02 6.236e+02 270 2 2 1.161e+02 1.359e+02 184 2 3 1.387e+02 1.553e+02 155 2 4 1.129e+02 1.391e+02 243 2 1 1.318e+02 1.622e+02 282 3 1 1.384e+01 2.816e+01 133 3 1 6.114e+01 6.486e+01 35 3 2 3.188e+01 5.212e+01 188
12128 71 0 2 5.448e+02 5.472e+02 21 0 2 2.492e+02 2.548e+02 52 0 3 6.049e+02 6.131e+02 76 0 3 6.502e+02 6.518e+02 15 0 4 5.016e+02 5.064e+02 46 0 3 5.150e+02 5.350e+02 186 0 2 6.238e+02 6.362e+02 116 0 2 6.694e+02 6.746e+02 48 0 2 5.348e+02 5.572e+02 208 0 4 6.251e+02 6.349e+02 91 0 4 6.710e+02 6.730e+02 19 0 4 4.850e+02 5.230e+02 353 0 1 5.114e+02 5.386e+02 252 0 4 5.849e+02 5.911e+02 58 0 1 6.489e+02 6.531e+02 40 0 3 5.068e+02 5.432e+02 338 0 1 6.051e+02 6.129e+02 72 0 4 6.586e+02 6.854e+02 249 0 1 5.475e+02 5.865e+02 361 0 3 5.989e+02 6.191e+02 188 0 3 5.473e+02 5.867e+02 366 0 2 6.165e+02 6.435e+02 250 0 4 5.728e+02 6.032e+02 281 0 3 5.900e+02 6.280e+02 353 1 1 5.658e+02 5.682e+02 21 1 2 6.298e+02 6.302e+02 3 1 4 5.862e+02 5.898e+02 33 1 4 6.292e+02 6.308e+02 15 1 2 5.776e+02 5.984e+02 194 1 1 5.974e+02 6.206e+02 215 1 3 5.964e+02 6.216e+02 234 2 1 1.881e+02 1.899e+02 17 2 3 6.072e+02 6.108e+02 33 2 4 2.925e+02 2.955e+02 27 2 2 3.331e+02 3.389e+02 53 2 4 4.597e+02 4.643e+02 43 2 4 3.973e+01 4.427e+01 42 2 4 5.825e+02 5.935e+02 103 2 2 1.254e+02 1.266e+02 10 2 2 6.706e+02 6.734e+02 26 2 4 1.638e+02 1.722e+02 79 2 4 4.110e+02 4.290e+02 168 2 4 2.396e+02 2.644e+02 230 2 4 5.276e+02 5.644e+02 341 2 3 3.130e+02 3.170e+02 37 2 2 5.775e+02 5.985e+02 195 2 1 3.543e+02 3.597e+02 50 2 1 6.252e+01 6.348e+01 9 2 4 4.851e+02 5.229e+02 350 2 4 1.181e+02 1.339e+02 146 2 3 5.480e+02 5.860e+02 353 2 4 2.338e+02 2.702e+02 338 2 1 5.943e+02 6.237e+02 272 2 3 3.509e+02 3.631e+02 114 2 3 5.072e+02 5.428e+02 330 2 3 5.875e+01 6.725e+01 79 2 3 5.926e+02 6.254e+02 304 2 2 7.118e+01 9.682e+01 238 2 2 6.107e+02 6.493e+02 358 2 4 3.204e+02 3.516e+02 289 2 1 1.877e+01 2.323e+01 41 2 3 8.752e+01 1.225e+02 325 2 1 3.416e+02 3.724e+02 286 2 3 1.864e+01 2.336e+01 44 2 3 3.382e+02 3.758e+02 349 2 4 3.340e+01 5.060e+01 160 2 3 9.844e+00 3.216e+01 207 2 2 3.246e+01 5.154e+01 177 2 1 4.960e+01 7.640e+01 249 3 3 1.734e+01 2.466e+01 68 3 2 2.286e+01 6.114e+01 356
12129 12 0 4 2.861e+02 3.019e+02 146 0 3 4.329e+02 4.491e+02 151 0 4 4.537e+02 4.703e+02 154 0 2 4.477e+02 4.763e+02 266 1 2 6.280e+02 6.320e+02 36 1 4 5.813e+02 5.947e+02 124 1 4 6.260e+02 6.340e+02 75 1 1 5.967e+02 6.213e+02 228 1 2 5.675e+02 6.085e+02 381 2 4 6.274e+02 6.326e+02 49 3 2 4.179e+01 4.221e+01 4 3 2 7.949e+01 8.851e+01 84
12131 0
12133 0
12134 1 0 4 2.890e+02 2.990e+02 93
12136 4 3 2 4.160e+02 4.240e+02 74 3 3 4.351e+02 4.469e+02 110 3 1 3.802e+02 4.178e+02 349 3 4 4.018e+02 4.382e+02 337
12137 0
12138 2 0 2 6.679e+02 6.761e+02 76 0 4 6.679e+02 6.761e+02 76
12139 7 0 1 6.083e+02 6.097e+02 14 0 3 6.033e+02 6.147e+02 106 0 2 6.625e+02 6.815e+02 176 0 2 6.124e+02 6.476e+02 327 0 4 6.594e+02 6.846e+02 235 2 1 1.846e+01 2.354e+01 47 2 4 1.551e+02 1.809e+02 240
12141 24 0 4 3.759e+02 3.801e+02 40 0 4 5.034e+02 5.046e+02 11 0 3 5.986e+02 6.194e+02 193 0 2 6.619e+02 6.821e+02 187 0 4 5.763e+02 5.997e+02 217 0 4 6.660e+02 6.780e+02 111 0 1 5.956e+02 6.224e+02 248 1 1 4.820e+02 4.840e+02 19 1 1 4.381e+02 4.439e+02 55 1 4 5.458e+02 5.462e+02 3 1 2 4.163e+02 4.237e+02 69 1 4 6.285e+02 6.315e+02 27 1 2 5.015e+02 5.065e+02 47 1 2 6.253e+02 6.347e+02 88 1 3 5.237e+02 5.263e+02 24 2 4 1.232e+02 1.288e+02 52 2 3 5.218e+02 5.282e+02 60 2 3 1.468e+02 1.472e+02 4 2 4 4.980e+02 5.100e+02 111 2 2 1.209e+02 1.311e+02 96 2 2 1.563e+02 1.797e+02 217 2 4 3.093e+01 5.307e+01 206 2 4 1.075e+02 1.445e+02 344 2 1 1.307e+02 1.633e+02 303
12142 0
12143 8 0 3 4.780e+02 4.880e+02 93 0 3 5.577e+02 5.763e+02 173 0 1 5.909e+02 6.271e+02 336 0 4 6.538e+02 6.902e+02 337 0 4 4.894e+02 5.186e+02 271 0 3 5.943e+02 6.237e+02 272 0 2 6.522e+02 6.918e+02 367 2 3 4.059e+00 3.794e+01 315
12144 23 0 3 4.830e+02 4.830e+02 -2 0 3 6.279e+01 6.321e+01 4 0 4 6.258e+02 6.342e+02 79 0 4 5.034e+02 5.046e+02 11 0 2 2.559e+01 5.841e+01 305 0 1 4.800e+02 4.860e+02 56 0 2 4.944e+02 5.136e+02 179 0 4 6.840e+01 9.960e+01 290 0 2 4.512e+02 4.728e+02 200 1 4 6.151e+02 6.449e+02 277 2 3 2.025e+01 2.175e+01 14 2 1 4.810e+02 4.850e+02 36 2 4 1.645e+02 1.715e+02 66 2 4 4.136e+02 4.264e+02 118 2 1 1.804e+02 1.976e+02 159 2 3 4.790e+02 4.870e+02 75 2 4 2.721e+01 5.679e+01 275 2 3 3.863e+02 4.117e+02 236 2 3 1.861e+02 1.919e+02 53 2 4 4.547e+02 4.693e+02 136 2 2 1.945e+02 2.255e+02 288 2 2 4.475e+02 4.765e+02 270 2 3 8.094e+00 3.391e+01 240
12145 31 2 4 5.441e+02 5.479e+02 35 2 3 3.150e+02 3.150e+02 0 2 3 4.381e+02 4.439e+02 55 2 2 3.760e+02 3.800e+02 37 2 2 5.040e+02 5.040e+02 0 2 1 3.108e+02 3.192e+02 79 2 3 5.224e+02 5.276e+02 49 2 4 3.758e+02 3.802e+02 41 2 2 5.849e+02 5.911e+02 58 2 4 3.220e+02 3.500e+02 260 2 4 4.972e+02 5.108e+02 126 2 2 2.761e+02 3.119e+02 333 2 2 5.415e+02 5.505e+02 83 2 1 6.056e+02 6.124e+02 63 2 3 4.255e+02 4.565e+02 288 2 4 4.857e+02 5.223e+02 340 2 1 5.563e+02 5.777e+02 199 2 4 5.807e+02 5.953e+02 136 2 1 3.809e+02 4.171e+02 336 2 1 5.131e+02 5.369e+02 221 2 2 5.309e+02 5.611e+02 281 2 3 5.479e+02 5.861e+02 355 3 2 4.165e+02 4.235e+02 66 3 1 3.917e+02 4.063e+02 136 3 4 4.176e+02 4.224e+02 44 3 3 3.909e+02 4.071e+02 150 3 1 4.671e+02 4.989e+02 295 3 1 4.391e+02 4.429e+02 35 3 1 3.462e+02 3.678e+02 200 3 3 4.315e+02 4.505e+02 176 3 4 3.597e+02 3.963e+02 340
12146 0
12147 4 2 1 3.983e+02 3.997e+02 14 2 3 3.973e+02 4.007e+02 31 2 4 3.634e+02 3.926e+02 270 2 2 4.009e+02 4.391e+02 354
