12631 6 0 4 6.701e+02 6.739e+02 36 0 4 3.281e+02 3.439e+02 147 0 4 6.112e+02 6.488e+02 350 0 2 2.802e+02 3.078e+02 257 0 4 6.570e+02 6.870e+02 278 2 4 1.517e+02 1.843e+02 302
12634 31 0 2 2.081e+02 2.119e+02 36 0 2 6.704e+02 6.736e+02 29 0 3 2.719e+02 2.741e+02 20 0 2 4.992e+02 5.088e+02 89 0 1 1.805e+02 1.975e+02 158 0 3 5.584e+02 5.756e+02 160 0 3 2.215e+02 2.405e+02 177 0 1 5.993e+02 6.187e+02 180 0 4 2.893e+02 2.987e+02 87 0 4 6.661e+02 6.779e+02 109 0 4 2.332e+02 2.708e+02 349 0 3 4.288e+02 4.532e+02 226 0 2 4.572e+02 4.668e+02 90 0 3 5.184e+02 5.316e+02 123 0 3 5.969e+02 6.211e+02 226 0 1 6.481e+02 6.539e+02 54 0 2 4.463e+02 4.777e+02 292 0 2 6.210e+02 6.390e+02 166 0 1 6.350e+02 6.670e+02 296 0 1 4.595e+02 5.065e+02 437 0 2 6.580e+02 6.860e+02 260 2 3 2.270e+02 2.350e+02 74 2 1 1.648e+01 2.552e+01 84 2 3 1.846e+02 1.934e+02 81 2 4 2.037e+02 2.163e+02 116 2 3 1.173e+01 3.027e+01 172 2 1 2.202e+02 2.418e+02 200 2 1 2.665e+00 3.933e+01 340 2 2 1.949e+02 2.251e+02 280 2 4 1.941e+02 2.259e+02 296 3 1 4.381e+01 8.219e+01 356
12635 9 0 4 6.687e+02 6.753e+02 60 0 4 4.980e+02 5.100e+02 111 0 1 6.422e+02 6.598e+02 164 0 2 6.640e+02 6.800e+02 148 0 3 6.352e+02 6.668e+02 293 2 4 8.142e+01 8.658e+01 48 2 3 3.887e+02 4.093e+02 190 2 4 6.634e+01 1.017e+02 328 2 3 4.503e+01 8.097e+01 334
12636 26 0 1 6.495e+02 6.525e+02 27 0 3 6.472e+02 6.548e+02 71 0 2 5.015e+02 5.065e+02 47 0 1 5.177e+02 5.323e+02 136 0 4 6.639e+02 6.801e+02 150 0 1 4.685e+02 4.975e+02 270 0 3 5.158e+02 5.342e+02 170 0 2 6.635e+02 6.805e+02 157 0 4 4.856e+02 5.224e+02 341 0 3 5.107e+02 5.393e+02 265 0 4 6.573e+02 6.867e+02 274 0 1 6.359e+02 6.661e+02 280 0 2 6.525e+02 6.915e+02 363 1 3 6.046e+02 6.134e+02 82 1 2 6.269e+02 6.331e+02 58 1 4 6.241e+02 6.359e+02 110 2 4 4.022e+01 4.378e+01 33 2 4 1.598e+02 1.762e+02 153 2 4 6.159e+02 6.441e+02 261 2 2 2.041e+02 2.159e+02 109 2 2 3.111e+01 5.289e+01 202 2 3 6.392e+02 6.628e+02 219 2 3 1.291e+02 1.649e+02 332 2 1 5.377e+01 7.223e+01 171 2 3 1.726e+02 2.054e+02 305 2 3 4.897e+01 7.703e+01 260
12637 6 0 1 6.427e+02 6.593e+02 155 0 3 5.219e+02 5.281e+02 57 0 4 6.643e+02 6.797e+02 144 0 2 5.444e+02 5.476e+02 30 0 4 6.572e+02 6.868e+02 276 0 3 5.609e+02 5.731e+02 114
12638 0
12639 4 2 3 5.615e+01 6.985e+01 127 2 2 1.207e+02 1.313e+02 99 2 4 1.184e+02 1.336e+02 140 2 3 8.940e+01 1.206e+02 290
12640 0
12642 1 0 2 5.319e+02 5.601e+02 262
12643 17 0 1 6.482e+02 6.538e+02 51 0 4 3.735e+02 3.825e+02 84 0 2 6.678e+02 6.762e+02 78 0 4 4.150e+02 4.250e+02 92 0 2 5.397e+02 5.523e+02 117 0 4 6.665e+02 6.775e+02 102 0 1 5.559e+02 5.781e+02 206 0 3 6.450e+02 6.570e+02 110 0 3 5.509e+02 5.831e+02 299 0 2 6.612e+02 6.828e+02 201 2 3 1.050e+02 1.050e+02 -20 2 3 5.929e+01 6.671e+01 69 2 2 1.241e+02 1.279e+02 36 2 1 5.140e+01 7.460e+01 216 2 2 7.576e+01 9.224e+01 153 2 1 1.316e+02 1.624e+02 286 2 4 7.204e+01 9.596e+01 222
12646 0
12647 17 0 3 6.078e+02 6.102e+02 21 0 4 5.698e+02 6.062e+02 337 0 1 5.921e+02 6.259e+02 314 2 4 4.063e+01 4.337e+01 26 2 4 2.393e+02 2.647e+02 236 2 3 4.673e+01 7.927e+01 302 3 4 2.504e+02 2.536e+02 30 3 1 2.719e+02 2.741e+02 20 3 4 3.170e+01 5.230e+01 191 3 1 3.129e+02 3.171e+02 40 3 4 1.531e+02 1.829e+02 277 3 2 2.477e+02 2.563e+02 80 3 2 2.839e+02 3.041e+02 187 3 4 1.901e+02 2.299e+02 369 3 3 2.155e+02 2.465e+02 288 3 3 3.001e+02 3.299e+02 277 3 4 2.381e+02 2.659e+02 258
12648 11 2 1 2.718e+02 2.742e+02 22 2 1 1.936e+01 2.264e+01 30 2 3 1.443e+02 1.497e+02 50 2 1 6.415e+02 6.605e+02 176 2 4 3.307e+02 3.413e+02 99 2 3 2.610e+02 2.850e+02 222 2 3 5.189e+01 7.411e+01 206 2 2 2.834e+02 3.046e+02 197 2 3 3.387e+02 3.753e+02 340 2 4 2.846e+02 3.034e+02 174 2 3 2.957e+02 3.343e+02 359
12649 3 3 3 3.984e+02 3.996e+02 10 3 2 3.621e+02 3.939e+02 295 3 1 3.843e+02 4.137e+02 274
12652 0
12653 23 0 1 4.830e+02 4.830e+02 -15 0 1 5.250e+02 5.250e+02 -4 0 4 5.878e+02 5.882e+02 5 0 3 6.483e+02 6.537e+02 50 0 4 5.023e+02 5.057e+02 31 0 2 5.362e+02 5.558e+02 181 0 1 6.463e+02 6.557e+02 88 0 3 4.739e+02 4.921e+02 170 0 1 5.534e+02 5.806e+02 253 0 2 4.927e+02 5.153e+02 210 0 3 5.533e+02 5.807e+02 255 0 3 5.120e+02 5.380e+02 242 1 3 5.662e+02 5.678e+02 15 1 4 6.200e+02 6.400e+02 186 2 4 4.027e+01 4.373e+01 32 2 1 6.279e+01 6.321e+01 4 2 2 7.424e+01 9.376e+01 181 2 3 6.300e+01 6.300e+01 -23 2 4 7.186e+01 9.614e+01 226 2 2 3.255e+01 5.145e+01 176 2 2 6.773e+01 1.003e+02 302 2 3 7.915e+00 3.408e+01 243 2 1 5.045e+00 3.696e+01 296
12654 9 0 2 6.720e+02 6.720e+02 -0 0 4 5.867e+02 5.893e+02 25 0 1 6.489e+02 6.531e+02 40 0 2 5.327e+02 5.593e+02 247 0 4 6.646e+02 6.794e+02 137 0 1 6.322e+02 6.698e+02 350 1 1 1.050e+02 1.050e+02 -16 1 1 2.286e+02 2.334e+02 46 2 4 8.151e+01 8.649e+01 46
12655 26 2 1 1.821e+02 1.959e+02 128 2 4 5.028e+02 5.052e+02 23 2 3 1.821e+02 1.959e+02 129 2 2 4.962e+02 5.118e+02 145 2 2 1.559e+02 1.801e+02 224 2 1 5.170e+02 5.330e+02 148 2 4 1.589e+02 1.771e+02 170 2 3 5.075e+02 5.425e+02 325 3 4 3.767e+01 4.633e+01 80 3 4 2.087e+02 2.113e+02 24 3 1 6.445e+02 6.575e+02 121 3 1 1.001e+02 1.099e+02 91 3 4 7.527e+01 9.273e+01 162 3 4 1.660e+02 1.700e+02 36 3 3 2.262e+02 2.358e+02 90 3 4 5.778e+02 5.982e+02 190 3 1 3.456e+02 3.684e+02 211 3 2 7.132e+01 9.668e+01 236 3 3 9.622e+01 1.138e+02 163 3 1 1.859e+02 1.921e+02 58 3 1 2.179e+02 2.441e+02 243 3 2 2.049e+02 2.151e+02 96 3 2 2.356e+02 2.684e+02 304 3 3 1.790e+02 1.990e+02 186 3 2 1.548e+02 1.812e+02 246 3 1 1.694e+02 2.086e+02 364
12656 14 1 1 3.109e+02 3.191e+02 76 1 3 3.042e+02 3.258e+02 201 1 2 2.844e+02 3.036e+02 179 1 1 2.963e+02 3.337e+02 347 2 4 5.010e+02 5.070e+02 56 2 3 4.679e+02 4.981e+02 280 2 2 4.870e+02 5.210e+02 316 3 1 3.969e+02 4.011e+02 40 3 3 4.394e+02 4.426e+02 29 3 3 3.897e+02 4.083e+02 172 3 4 4.173e+02 4.227e+02 50 3 1 4.363e+02 4.457e+02 88 3 2 4.043e+02 4.357e+02 292 3 4 4.012e+02 4.388e+02 350
12657 0
12658 0
12659 25 0 1 3.134e+02 3.166e+02 29 0 1 5.657e+02 5.683e+02 25 0 4 3.308e+02 3.412e+02 96 0 1 6.090e+02 6.090e+02 -14 0 3 6.510e+02 6.510e+02 -24 0 1 2.979e+02 3.321e+02 317 0 3 5.656e+02 5.684e+02 26 0 2 3.194e+02 3.526e+02 309 0 2 6.206e+02 6.394e+02 175 0 2 6.717e+02 6.723e+02 6 0 2 5.005e+02 5.075e+02 65 0 4 6.231e+02 6.369e+02 129 0 4 6.720e+02 6.720e+02 -16 0 4 4.906e+02 5.174e+02 249 0 1 5.065e+02 5.435e+02 344 0 4 5.745e+02 6.015e+02 250 0 1 6.492e+02 6.528e+02 33 0 1 6.408e+02 6.612e+02 189 0 1 6.338e+02 6.682e+02 320 0 3 6.332e+02 6.688e+02 331 0 2 6.542e+02 6.898e+02 330 1 2 6.181e+02 6.419e+02 221 2 2 1.192e+02 1.328e+02 126 2 3 9.667e+01 1.133e+02 155 2 4 1.140e+02 1.380e+02 223
12660 0
12661 3 1 4 5.846e+02 5.914e+02 64 1 3 5.519e+02 5.821e+02 281 3 1 1.035e+02 1.065e+02 27
12662 3 1 1 2.710e+02 2.750e+02 37 1 4 2.894e+02 2.986e+02 86 1 3 2.973e+02 3.327e+02 328
12663 4 0 4 2.099e+02 2.101e+02 2 0 2 1.961e+02 2.239e+02 259 2 3 2.667e+02 2.793e+02 116 2 2 2.378e+02 2.662e+02 263
12664 15 0 1 2.724e+02 2.736e+02 11 0 4 6.720e+02 6.720e+02 -9 0 4 2.491e+02 2.549e+02 55 0 2 2.921e+02 2.959e+02 36 0 1 6.330e+02 6.690e+02 334 0 4 2.908e+02 2.972e+02 60 0 3 6.318e+02 6.702e+02 357 0 3 2.667e+02 2.793e+02 116 1 2 6.283e+02 6.317e+02 31 2 1 1.999e+01 2.201e+01 19 2 4 8.335e+01 8.465e+01 12 2 1 1.445e+02 1.495e+02 46 2 4 1.148e+02 1.372e+02 207 2 3 1.424e+02 1.516e+02 86 2 2 1.063e+02 1.457e+02 366
12665 2 0 2 6.197e+02 6.403e+02 192 0 3 6.450e+02 6.570e+02 112
12666 26 1 2 4.963e+02 5.117e+02 143 1 1 5.116e+02 5.384e+02 248 1 3 5.120e+02 5.380e+02 242 1 1 4.715e+02 4.945e+02 214 2 4 1.675e+02 1.685e+02 10 2 4 2.934e+02 2.946e+02 10 2 4 3.349e+02 3.371e+02 20 2 3 5.979e+01 6.621e+01 60 2 4 6.562e+02 6.878e+02 293 2 2 1.235e+02 1.284e+02 46 2 1 3.051e+02 3.249e+02 183 2 3 6.330e+02 6.690e+02 334 2 3 3.481e+02 3.659e+02 166 2 1 1.599e+01 2.601e+01 93 2 4 8.074e+01 8.726e+01 60 2 1 1.329e+02 1.611e+02 262 2 3 3.033e+02 3.267e+02 216 2 3 1.859e+01 2.341e+01 45 2 3 9.909e+01 1.109e+02 110 2 2 1.523e+02 1.837e+02 291 2 2 2.771e+02 3.109e+02 314 2 3 4.359e+01 8.241e+01 360 2 2 6.939e+01 9.861e+01 271 2 1 1.730e+02 2.050e+02 298 2 4 2.277e+01 6.123e+01 357 2 4 6.768e+01 1.003e+02 303
12667 0
12668 13 0 2 6.702e+02 6.738e+02 34 0 3 4.359e+02 4.461e+02 95 0 4 6.684e+02 6.756e+02 67 0 1 3.839e+02 4.141e+02 280 0 1 6.471e+02 6.549e+02 73 0 4 4.007e+02 4.393e+02 358 0 2 6.649e+02 6.791e+02 131 0 3 6.314e+02 6.706e+02 365 1 2 6.291e+02 6.309e+02 17 1 4 6.300e+02 6.300e+02 -4 1 3 6.041e+02 6.139e+02 90 1 2 5.737e+02 6.023e+02 266 1 1 5.963e+02 6.217e+02 236
12669 62 0 1 6.490e+02 6.530e+02 38 0 1 3.974e+02 4.006e+02 30 0 2 3.266e+02 3.454e+02 176 0 3 4.772e+02 4.888e+02 108 0 3 5.643e+02 5.697e+02 50 0 4 3.257e+02 3.463e+02 191 0 4 5.847e+02 5.913e+02 60 0 1 3.492e+02 3.648e+02 145 0 2 6.710e+02 6.730e+02 18 0 1 4.317e+02 4.503e+02 173 0 2 4.972e+02 5.108e+02 126 0 1 5.225e+02 5.275e+02 47 0 3 6.049e+02 6.131e+02 76 0 4 6.706e+02 6.734e+02 26 0 4 4.047e+02 4.353e+02 284 0 2 4.557e+02 4.683e+02 117 0 2 5.448e+02 5.472e+02 23 0 1 5.975e+02 6.205e+02 214 0 3 6.401e+02 6.619e+02 202 0 3 4.290e+02 4.530e+02 223 0 4 4.541e+02 4.699e+02 147 0 1 5.600e+02 5.740e+02 130 0 2 6.190e+02 6.410e+02 204 0 1 6.331e+02 6.689e+02 333 0 1 4.213e+02 4.607e+02 366 0 1 4.716e+02 4.944e+02 212 0 3 5.119e+02 5.381e+02 243 0 3 5.912e+02 6.268e+02 330 0 3 6.317e+02 6.703e+02 358 0 3 4.683e+02 4.977e+02 274 0 1 5.523e+02 5.817e+02 274 0 4 6.099e+02 6.501e+02 373 0 4 4.444e+02 4.796e+02 327 0 1 5.085e+02 5.415e+02 307 1 3 6.069e+02 6.111e+02 39 1 4 5.844e+02 5.916e+02 66 1 2 6.293e+02 6.307e+02 12 1 1 5.463e+02 5.877e+02 385 1 4 6.293e+02 6.307e+02 14 1 1 5.899e+02 6.281e+02 356 2 2 3.351e+02 3.369e+02 17 2 3 2.057e+01 2.143e+01 8 2 3 5.225e+02 5.275e+02 46 2 4 3.337e+02 3.383e+02 42 2 3 5.654e+02 5.686e+02 29 2 4 3.717e+01 4.683e+01 90 2 4 5.774e+02 5.986e+02 197 2 4 1.218e+02 1.302e+02 79 2 4 5.323e+02 5.597e+02 255 2 3 3.523e+02 3.617e+02 88 2 4 4.860e+02 5.220e+02 334 2 1 6.158e+01 6.442e+01 26 2 2 7.993e+01 8.807e+01 76 2 3 2.971e+02 3.329e+02 333 2 1 3.528e+02 3.612e+02 77 2 3 5.884e+01 6.716e+01 77 2 4 7.473e+01 9.327e+01 172 2 2 3.587e+02 3.973e+02 359 2 1 7.017e+00 3.498e+01 260 2 3 8.689e+01 1.231e+02 336 2 2 2.887e+01 5.513e+01 244 2 3 3.302e+02 3.838e+02 498
12670 5 2 1 2.726e+02 2.734e+02 8 2 2 2.898e+02 2.982e+02 79 2 4 6.704e+02 6.736e+02 30 2 3 2.618e+02 2.842e+02 208 2 4 2.788e+02 3.092e+02 282
