2539 2 2 4 2.908e+02 2.972e+02 59 2 3 2.546e+02 2.914e+02 341
2540 4 0 2 4.603e+02 4.637e+02 31 0 4 4.507e+02 4.733e+02 210 0 1 4.224e+02 4.596e+02 346 0 3 4.692e+02 4.968e+02 256
2541 0
2542 34 0 3 2.291e+02 2.329e+02 36 0 2 6.693e+02 6.747e+02 50 0 2 2.915e+02 2.965e+02 46 0 4 4.175e+02 4.225e+02 47 0 1 2.604e+02 2.856e+02 235 0 2 6.588e+02 6.852e+02 245 0 1 2.154e+02 2.466e+02 290 0 4 4.048e+02 4.352e+02 283 0 4 2.837e+02 3.043e+02 192 0 4 6.584e+02 6.856e+02 252 0 4 2.322e+02 2.718e+02 367 1 1 6.080e+02 6.100e+02 18 1 4 6.291e+02 6.309e+02 17 1 3 6.008e+02 6.172e+02 153 1 2 6.124e+02 6.476e+02 326 2 2 4.179e+01 4.221e+01 4 2 4 3.701e+02 3.859e+02 146 2 4 4.167e+02 4.233e+02 62 2 1 6.172e+01 6.428e+01 24 2 4 1.223e+02 1.297e+02 70 2 1 3.969e+02 4.011e+02 40 2 1 1.448e+02 1.492e+02 41 2 3 3.927e+02 4.053e+02 117 2 4 2.036e+02 2.164e+02 119 2 4 4.854e+02 5.226e+02 345 2 1 1.725e+01 2.475e+01 70 2 1 3.874e+02 4.106e+02 216 2 2 1.146e+02 1.374e+02 211 2 3 2.239e+02 2.381e+02 131 2 3 1.510e+01 2.690e+01 110 2 3 8.554e+01 1.245e+02 361 2 2 1.976e+02 2.224e+02 230 2 4 3.394e+01 5.006e+01 150 2 3 5.400e+01 7.200e+01 167
2543 1 2 4 6.662e+02 6.778e+02 108
2546 7 0 1 9.591e+01 1.141e+02 169 0 2 6.647e+01 1.015e+02 326 0 4 4.858e+02 5.222e+02 339 1 2 6.295e+02 6.305e+02 9 1 4 6.294e+02 6.306e+02 10 1 4 6.169e+02 6.431e+02 243 1 2 5.730e+02 6.030e+02 279
2547 0
2548 12 0 4 5.830e+02 5.930e+02 93 2 2 4.175e+01 4.225e+01 5 2 4 3.852e+01 4.548e+01 65 2 3 1.418e+02 1.522e+02 97 2 3 6.284e+01 6.316e+01 3 2 2 1.144e+02 1.376e+02 216 2 1 1.369e+02 1.571e+02 188 2 1 5.660e+01 6.940e+01 119 2 2 6.683e+01 1.012e+02 319 2 4 2.555e+01 5.845e+01 306 2 1 4.350e+01 8.250e+01 362 2 3 2.622e+00 3.938e+01 341
2549 7 0 3 5.670e+02 5.670e+02 -9 1 3 5.084e+02 5.416e+02 309 1 4 5.281e+02 5.639e+02 332 1 2 4.859e+02 5.221e+02 336 2 2 8.294e+01 8.506e+01 20 2 4 7.975e+01 8.825e+01 79 2 3 4.529e+01 8.071e+01 329
2550 0
2551 6 0 2 6.700e+02 6.740e+02 37 1 2 6.231e+02 6.369e+02 128 1 3 4.677e+02 4.983e+02 285 2 1 1.783e+01 2.417e+01 59 2 2 2.452e+01 5.948e+01 325 3 4 6.499e+01 1.030e+02 353
2552 7 0 1 5.200e+02 5.300e+02 93 0 4 5.860e+02 5.900e+02 36 0 1 5.568e+02 5.772e+02 189 0 3 5.476e+02 5.864e+02 360 1 4 1.660e+02 1.700e+02 38 2 1 1.581e+01 2.619e+01 96 2 3 7.377e+00 3.462e+01 253
2553 26 0 2 6.297e+02 6.303e+02 6 0 3 5.235e+02 5.265e+02 27 0 1 6.081e+02 6.099e+02 17 0 2 6.691e+02 6.749e+02 55 0 1 5.639e+02 5.701e+02 57 0 3 6.061e+02 6.119e+02 53 0 4 6.669e+02 6.771e+02 95 0 4 4.856e+02 5.224e+02 342 0 1 5.152e+02 5.348e+02 181 0 4 6.249e+02 6.351e+02 96 0 1 6.414e+02 6.606e+02 179 0 2 5.307e+02 5.613e+02 285 0 4 6.163e+02 6.437e+02 254 0 3 6.328e+02 6.692e+02 339 0 1 5.919e+02 6.261e+02 318 0 2 6.120e+02 6.480e+02 334 2 4 2.094e+02 2.106e+02 10 2 1 1.433e+02 1.507e+02 69 2 4 5.029e+02 5.051e+02 20 2 2 2.469e+02 2.571e+02 94 2 3 5.150e+02 5.350e+02 186 2 1 2.561e+02 2.899e+02 315 2 4 1.155e+02 1.365e+02 195 2 3 1.402e+02 1.538e+02 126 2 3 2.245e+02 2.375e+02 121 2 1 2.141e+02 2.479e+02 313
2554 1 2 4 6.651e+02 6.789e+02 129
2555 21 0 1 6.053e+02 6.127e+02 68 0 3 5.578e+02 5.762e+02 170 0 4 6.236e+02 6.364e+02 118 0 1 5.566e+02 5.774e+02 194 0 3 5.971e+02 6.209e+02 221 0 2 6.195e+02 6.405e+02 195 0 1 5.873e+02 6.307e+02 402 0 3 5.918e+02 6.262e+02 320 0 4 6.472e+02 6.968e+02 460 2 4 2.929e+02 2.951e+02 21 2 3 1.819e+01 2.381e+01 52 2 1 4.730e+02 4.930e+02 186 2 4 1.252e+02 1.268e+02 15 2 1 1.429e+02 1.511e+02 76 2 1 2.623e+02 2.837e+02 198 2 2 3.013e+01 5.387e+01 220 2 2 7.895e+01 8.905e+01 94 2 3 1.327e+02 1.613e+02 266 2 1 8.275e+00 3.372e+01 236 2 2 1.158e+02 1.362e+02 189 3 3 1.747e+01 2.453e+01 66
2556 2 2 4 8.101e+01 8.699e+01 56 2 2 3.955e+01 4.445e+01 46
2557 18 0 3 5.217e+02 5.283e+02 62 0 1 6.075e+02 6.105e+02 28 0 2 1.207e+02 1.313e+02 98 0 2 6.720e+02 6.720e+02 -16 0 1 6.510e+02 6.510e+02 -10 0 4 6.689e+02 6.751e+02 58 0 4 6.551e+02 6.889e+02 315 0 1 6.339e+02 6.681e+02 318 1 4 1.960e+02 2.240e+02 260 2 2 8.400e+01 8.400e+01 -0 2 4 3.968e+01 4.432e+01 43 2 1 3.913e+02 4.067e+02 143 2 3 1.023e+02 1.077e+02 50 2 4 1.224e+02 1.296e+02 67 2 4 7.078e+01 9.722e+01 246 3 3 4.387e+02 4.433e+02 43 3 4 4.119e+02 4.281e+02 150 3 4 4.040e+02 4.360e+02 298
2558 0
2559 53 0 4 5.040e+02 5.040e+02 -20 0 1 5.250e+02 5.250e+02 -7 0 1 6.090e+02 6.090e+02 -18 0 3 6.510e+02 6.510e+02 -19 0 3 4.384e+02 4.436e+02 49 0 2 4.619e+02 4.621e+02 2 0 2 5.444e+02 5.476e+02 30 0 2 6.300e+02 6.300e+02 -10 0 2 6.720e+02 6.720e+02 -3 0 4 4.606e+02 4.634e+02 26 0 1 5.670e+02 5.670e+02 -8 0 4 6.300e+02 6.300e+02 -9 0 4 6.697e+02 6.743e+02 43 0 1 4.245e+02 4.575e+02 307 0 3 4.830e+02 4.830e+02 -20 0 3 5.625e+02 5.715e+02 83 0 4 5.854e+02 5.906e+02 49 0 1 6.502e+02 6.518e+02 16 0 2 4.968e+02 5.112e+02 134 0 3 5.208e+02 5.292e+02 79 0 2 6.175e+02 6.425e+02 232 0 4 6.557e+02 6.883e+02 302 0 2 4.476e+02 4.764e+02 267 0 1 5.114e+02 5.386e+02 252 0 1 5.917e+02 6.263e+02 321 0 1 4.629e+02 5.031e+02 374 0 2 5.287e+02 5.633e+02 320 0 3 5.950e+02 6.230e+02 260 0 3 5.835e+02 6.345e+02 474 1 2 4.494e+02 4.746e+02 235 1 2 6.046e+02 6.554e+02 472 2 2 4.200e+01 4.200e+01 -14 2 1 1.707e+01 2.493e+01 73 2 2 1.253e+02 1.267e+02 13 2 3 1.890e+02 1.890e+02 -5 2 4 4.132e+02 4.268e+02 126 2 4 2.067e+02 2.133e+02 62 2 3 3.909e+02 4.071e+02 150 2 4 3.551e+01 4.849e+01 120 2 2 8.218e+01 8.582e+01 34 2 4 4.047e+02 4.353e+02 284 2 1 1.354e+02 1.586e+02 215 2 1 5.252e+01 7.348e+01 195 2 4 8.400e+01 8.400e+01 -7 2 2 1.525e+02 1.835e+02 287 2 3 5.265e+01 7.335e+01 192 2 4 7.289e+01 9.511e+01 206 2 4 1.542e+02 1.818e+02 256 2 3 1.222e+01 2.978e+01 163 2 3 8.761e+01 1.224e+02 323 2 1 5.045e+00 3.696e+01 296 3 3 5.243e+02 5.257e+02 12 3 3 6.440e+02 6.580e+02 130
2560 13 0 4 6.300e+02 6.300e+02 -4 0 2 6.288e+02 6.312e+02 23 0 1 6.031e+02 6.149e+02 109 0 3 6.005e+02 6.175e+02 158 0 2 6.132e+02 6.468e+02 311 0 2 6.464e+02 6.976e+02 475 0 4 6.482e+02 6.958e+02 441 1 4 6.120e+02 6.480e+02 334 2 4 2.089e+02 2.111e+02 20 2 4 1.975e+02 2.225e+02 232 2 4 5.290e+02 5.630e+02 316 2 4 1.886e+02 2.314e+02 397 3 4 3.330e+02 3.390e+02 56
2561 22 0 3 4.817e+02 4.843e+02 25 0 4 4.194e+02 4.206e+02 11 0 3 6.484e+02 6.536e+02 48 0 3 4.284e+02 4.536e+02 235 0 4 4.981e+02 5.099e+02 109 0 3 5.974e+02 6.206e+02 215 0 2 6.575e+02 6.865e+02 269 0 4 6.148e+02 6.452e+02 282 0 4 6.549e+02 6.891e+02 318 1 3 5.606e+02 5.734e+02 119 1 2 6.260e+02 6.340e+02 74 1 2 6.170e+02 6.430e+02 241 1 3 5.419e+02 5.921e+02 466 1 4 5.212e+02 5.708e+02 460 2 4 2.514e+02 2.526e+02 10 2 3 2.053e+01 2.147e+01 9 2 2 5.874e+02 5.886e+02 11 2 4 2.915e+02 2.965e+02 47 2 4 3.267e+02 3.453e+02 172 2 4 5.823e+02 5.937e+02 106 2 3 5.494e+02 5.846e+02 327 2 4 5.738e+02 6.022e+02 265
2562 8 0 2 6.599e+02 6.841e+02 224 0 4 6.594e+02 6.846e+02 235 2 1 1.922e+01 2.278e+01 33 2 1 4.826e+02 4.834e+02 8 2 3 1.945e+01 2.255e+01 29 2 4 3.371e+01 5.029e+01 154 2 4 4.046e+02 4.354e+02 286 2 2 2.232e+01 6.168e+01 366
2563 22 0 3 4.812e+02 4.848e+02 33 0 3 4.748e+02 4.912e+02 153 0 4 4.530e+02 4.710e+02 168 0 1 5.128e+02 5.372e+02 227 0 3 4.226e+02 4.594e+02 342 0 3 4.641e+02 5.019e+02 350 1 2 5.848e+02 5.912e+02 59 1 1 5.618e+02 5.722e+02 96 1 3 5.568e+02 5.772e+02 189 1 4 5.823e+02 5.937e+02 106 2 4 1.680e+02 1.680e+02 0 2 1 2.100e+01 2.100e+01 -9 2 4 6.203e+02 6.397e+02 180 2 3 2.039e+01 2.161e+01 11 2 1 5.129e+02 5.371e+02 226 2 4 2.028e+02 2.172e+02 134 2 3 5.964e+02 6.216e+02 234 2 4 3.634e+02 3.926e+02 271 2 2 5.299e+02 5.621e+02 299 2 1 1.115e+01 3.085e+01 183 2 4 2.274e+02 2.766e+02 456 2 4 2.551e+01 5.849e+01 306
2564 7 0 2 5.010e+02 5.070e+02 56 0 4 2.883e+02 2.997e+02 106 0 4 5.040e+02 5.040e+02 -10 0 1 4.734e+02 4.926e+02 178 0 3 4.669e+02 4.991e+02 299 1 2 6.189e+02 6.411e+02 206 1 4 6.149e+02 6.451e+02 280
2565 19 0 3 6.081e+02 6.099e+02 16 0 2 6.248e+02 6.352e+02 96 0 2 6.646e+02 6.794e+02 138 0 4 6.202e+02 6.398e+02 181 0 4 6.626e+02 6.814e+02 174 0 4 6.115e+02 6.485e+02 344 0 3 6.372e+02 6.648e+02 257 1 1 1.761e+02 2.019e+02 240 2 2 4.188e+01 4.212e+01 2 2 4 6.258e+02 6.342e+02 78 2 4 6.714e+02 6.726e+02 11 2 4 8.281e+01 8.519e+01 22 2 4 3.147e+01 5.253e+01 196 2 2 7.033e+01 9.767e+01 254 2 1 5.386e+01 7.214e+01 170 2 3 9.169e+01 1.183e+02 247 2 3 5.463e+01 7.137e+01 156 2 3 6.569e+00 3.543e+01 268 2 2 2.972e+01 5.428e+01 228
2566 2 3 3 2.306e+02 2.314e+02 8 3 3 2.164e+02 2.456e+02 271
2567 21 0 3 6.071e+02 6.109e+02 35 0 1 6.498e+02 6.522e+02 22 0 4 5.801e+02 5.959e+02 146 0 3 6.473e+02 6.547e+02 69 0 1 5.484e+02 5.856e+02 346 0 4 6.666e+02 6.774e+02 100 0 3 6.347e+02 6.673e+02 302 0 2 6.546e+02 6.894e+02 324 0 4 6.572e+02 6.868e+02 275 1 4 5.874e+02 5.886e+02 11 2 2 3.964e+01 4.436e+01 44 2 1 3.979e+02 4.001e+02 21 2 4 3.959e+01 4.441e+01 45 2 4 5.872e+02 5.888e+02 15 2 3 6.014e+02 6.166e+02 140 2 3 5.252e+01 7.348e+01 195 2 2 5.738e+02 6.022e+02 264 2 1 1.536e+01 2.664e+01 105 2 3 8.679e+00 3.332e+01 229 2 3 4.583e+01 8.017e+01 319 2 1 6.613e+00 3.539e+01 267
2568 60 0 1 3.558e+02 3.582e+02 21 0 4 3.741e+02 3.819e+02 72 0 1 3.410e+02 3.730e+02 296 0 2 3.604e+02 3.956e+02 326 0 3 6.076e+02 6.104e+02 26 0 2 6.716e+02 6.724e+02 7 0 1 4.395e+02 4.425e+02 28 0 4 4.526e+02 4.714e+02 176 0 2 6.258e+02 6.342e+02 77 0 1 6.485e+02 6.535e+02 46 0 3 4.346e+02 4.474e+02 119 0 3 5.113e+02 5.387e+02 255 0 4 6.232e+02 6.368e+02 127 0 3 6.451e+02 6.569e+02 109 0 2 4.440e+02 4.800e+02 335 0 4 5.712e+02 6.048e+02 311 0 4 6.662e+02 6.778e+02 108 0 1 5.913e+02 6.267e+02 329 0 3 6.327e+02 6.693e+02 340 0 1 6.314e+02 6.706e+02 364 1 3 5.632e+02 5.708e+02 71 1 4 3.752e+02 3.808e+02 52 1 3 6.070e+02 6.110e+02 37 1 3 5.190e+02 5.310e+02 112 1 2 5.864e+02 5.896e+02 30 1 3 3.421e+02 3.719e+02 277 1 2 6.274e+02 6.326e+02 49 1 4 5.829e+02 5.931e+02 96 1 4 6.282e+02 6.318e+02 34 1 1 5.586e+02 5.754e+02 156 1 1 6.047e+02 6.133e+02 80 1 3 5.539e+02 5.801e+02 243 1 2 5.691e+02 6.069e+02 351 1 2 5.269e+02 5.651e+02 356 2 3 6.070e+02 6.110e+02 37 2 3 2.100e+01 2.100e+01 -3 2 2 6.718e+02 6.722e+02 3 2 3 9.748e+01 1.125e+02 140 2 3 3.918e+02 4.062e+02 134 2 1 2.259e+02 2.361e+02 95 2 3 4.797e+02 4.863e+02 61 2 4 2.868e+02 3.012e+02 134 2 2 6.192e+02 6.408e+02 200 2 4 3.659e+02 3.901e+02 225 2 2 4.133e+02 4.267e+02 124 2 3 2.170e+02 2.450e+02 260 2 4 4.504e+02 4.736e+02 215 2 4 2.371e+01 6.029e+01 340 2 4 5.326e+02 5.594e+02 249 2 4 1.089e+02 1.431e+02 317 2 4 6.106e+02 6.494e+02 360 2 2 1.948e+02 2.252e+02 282 2 4 6.565e+02 6.875e+02 288 2 1 3.905e+02 4.075e+02 158 2 3 5.508e+02 5.832e+02 301 2 4 5.697e+02 6.063e+02 340 2 3 6.321e+02 6.699e+02 351 2 4 4.062e+02 4.338e+02 257 2 1 5.896e+02 6.284e+02 360 2 4 3.971e+02 4.429e+02 426
2569 3 0 4 4.534e+02 4.706e+02 160 0 4 6.058e+02 6.542e+02 450 2 4 7.374e+01 9.426e+01 190
2570 29 0 1 2.716e+02 2.744e+02 26 0 3 6.074e+02 6.106e+02 30 0 2 6.720e+02 6.720e+02 -15 0 3 2.672e+02 2.788e+02 108 0 4 4.189e+02 4.211e+02 20 0 4 2.875e+02 3.005e+02 120 0 4 4.600e+02 4.640e+02 37 0 1 5.602e+02 5.738e+02 126 0 2 2.776e+02 3.104e+02 304 0 2 6.300e+02 6.300e+02 -7 0 4 6.707e+02 6.733e+02 24 0 1 3.949e+02 4.031e+02 76 0 3 5.536e+02 5.804e+02 249 0 4 6.291e+02 6.309e+02 16 0 3 6.492e+02 6.528e+02 33 0 3 3.885e+02 4.095e+02 195 0 4 5.859e+02 5.901e+02 39 0 2 6.632e+02 6.808e+02 163 0 1 6.001e+02 6.179e+02 166 0 4 6.642e+02 6.798e+02 145 0 4 6.109e+02 6.491e+02 356 0 4 6.542e+02 6.898e+02 330 0 1 6.324e+02 6.696e+02 345 2 3 6.001e+01 6.599e+01 56 2 3 1.890e+02 1.890e+02 -7 2 3 1.680e+01 2.520e+01 78 2 4 5.343e+02 5.577e+02 216 2 4 1.594e+02 1.766e+02 160 2 3 4.390e+01 8.210e+01 355
2571 4 1 1 5.916e+02 6.264e+02 323 2 3 1.751e+02 2.029e+02 259 2 2 1.414e+02 1.946e+02 495 2 4 1.857e+02 2.343e+02 450
2572 3 0 2 6.679e+02 6.761e+02 76 0 4 6.654e+02 6.786e+02 123 0 4 6.549e+02 6.891e+02 318
2573 30 0 3 6.074e+02 6.106e+02 30 0 2 6.720e+02 6.720e+02 -0 0 4 6.260e+02 6.340e+02 74 0 4 6.708e+02 6.732e+02 23 0 1 5.485e+02 5.855e+02 344 0 4 5.862e+02 5.898e+02 34 0 1 6.479e+02 6.541e+02 57 0 1 6.080e+02 6.100e+02 18 0 3 6.459e+02 6.561e+02 96 0 3 5.433e+02 5.907e+02 440 0 2 6.244e+02 6.356e+02 104 0 1 6.377e+02 6.643e+02 246 0 4 5.783e+02 5.977e+02 180 0 3 6.357e+02 6.663e+02 285 0 1 5.953e+02 6.227e+02 255 0 4 6.502e+02 6.938e+02 405 0 4 6.110e+02 6.490e+02 353 0 3 5.891e+02 6.289e+02 370 0 2 6.035e+02 6.565e+02 491 0 2 6.466e+02 6.974e+02 471 0 4 5.616e+02 6.144e+02 490 2 1 2.725e+02 2.735e+02 10 2 3 2.308e+02 2.312e+02 4 2 4 4.997e+02 5.083e+02 80 2 4 1.974e+02 2.226e+02 235 2 3 5.167e+02 5.333e+02 154 2 1 1.949e+00 4.005e+01 354 2 2 2.429e+02 2.611e+02 169 2 3 2.218e+00 3.978e+01 349 2 4 1.801e+01 6.599e+01 446
