348 14 0 4 6.692e+02 6.748e+02 51 0 2 6.648e+02 6.792e+02 134 2 4 2.512e+02 2.528e+02 15 2 3 4.386e+02 4.434e+02 45 2 3 1.866e+02 1.914e+02 44 2 2 2.436e+02 2.604e+02 156 2 3 3.962e+02 4.018e+02 51 2 1 1.734e+02 2.046e+02 290 2 4 4.073e+02 4.327e+02 236 2 2 2.001e+02 2.199e+02 185 2 4 3.652e+02 3.908e+02 238 2 3 3.843e+02 4.137e+02 274 2 4 1.985e+02 2.215e+02 213 2 3 2.584e+02 2.876e+02 270
350 22 0 1 6.508e+02 6.512e+02 4 0 3 5.239e+02 5.261e+02 21 0 2 5.017e+02 5.063e+02 43 0 2 5.457e+02 5.463e+02 5 0 2 6.703e+02 6.737e+02 32 0 4 5.040e+02 5.040e+02 -8 0 3 5.635e+02 5.705e+02 66 0 2 6.127e+02 6.473e+02 320 0 4 6.694e+02 6.746e+02 49 0 1 4.689e+02 4.971e+02 261 0 1 5.247e+02 5.253e+02 6 0 4 6.618e+02 6.822e+02 190 0 3 4.673e+02 4.987e+02 292 0 1 5.153e+02 5.347e+02 180 0 2 6.548e+02 6.892e+02 319 1 2 6.279e+02 6.321e+02 40 2 3 9.847e+01 1.115e+02 121 2 2 1.193e+02 1.327e+02 124 2 3 1.844e+02 1.936e+02 86 2 4 1.964e+02 2.236e+02 253 2 4 1.112e+02 1.408e+02 276 2 2 1.956e+02 2.244e+02 268
352 8 0 4 4.613e+02 4.627e+02 12 0 4 4.901e+02 5.179e+02 259 0 4 4.011e+02 4.389e+02 351 2 2 3.717e+01 4.683e+01 90 2 2 8.047e+01 8.753e+01 66 2 4 3.461e+01 4.939e+01 137 2 4 7.976e+01 8.824e+01 79 2 3 8.931e+01 1.207e+02 291
354 9 2 3 1.882e+01 2.318e+01 40 2 2 1.638e+02 1.722e+02 77 2 4 2.887e+02 2.993e+02 98 2 1 1.393e+01 2.807e+01 131 2 4 1.650e+02 1.710e+02 56 2 3 7.242e+00 3.476e+01 256 2 1 1.764e+02 2.016e+02 235 2 2 2.479e+01 5.921e+01 320 2 3 1.768e+02 2.012e+02 227
355 57 0 2 5.445e+02 5.475e+02 27 0 4 2.925e+02 2.955e+02 27 0 3 6.069e+02 6.111e+02 39 0 2 3.779e+02 3.781e+02 1 0 2 6.714e+02 6.726e+02 10 0 4 8.294e+01 8.506e+01 20 0 3 3.914e+02 4.066e+02 140 0 3 1.838e+02 1.942e+02 97 0 4 5.031e+02 5.049e+02 16 0 4 2.097e+02 2.103e+02 6 0 1 5.670e+02 5.670e+02 0 0 1 2.725e+02 2.735e+02 9 0 4 5.864e+02 5.896e+02 30 0 2 3.334e+02 3.386e+02 49 0 4 6.706e+02 6.734e+02 26 0 2 1.195e+02 1.325e+02 121 0 4 4.107e+02 4.293e+02 173 0 4 1.648e+02 1.712e+02 59 0 2 4.584e+02 4.656e+02 66 0 2 1.968e+02 2.232e+02 246 0 3 5.635e+02 5.705e+02 65 0 2 2.882e+02 2.998e+02 108 0 2 6.219e+02 6.381e+02 151 0 4 3.321e+02 3.399e+02 72 0 1 6.491e+02 6.529e+02 35 0 4 2.470e+01 5.930e+01 321 0 1 3.903e+02 4.077e+02 162 0 1 9.043e+01 1.196e+02 270 0 1 5.216e+02 5.284e+02 63 0 3 1.741e+02 2.039e+02 277 0 4 5.748e+02 6.012e+02 245 0 1 3.039e+02 3.261e+02 206 0 3 6.372e+02 6.648e+02 256 0 1 3.552e+02 3.588e+02 33 0 3 4.223e+02 4.597e+02 348 0 1 1.289e+02 1.651e+02 336 0 4 2.803e+02 3.077e+02 254 0 3 5.933e+02 6.247e+02 291 0 1 3.457e+02 3.683e+02 210 0 1 6.325e+02 6.695e+02 343 0 4 3.614e+02 3.946e+02 308 0 1 3.386e+02 3.754e+02 341 0 4 6.133e+02 6.467e+02 310 0 4 5.622e+02 6.138e+02 480 1 3 5.215e+02 5.285e+02 65 1 2 5.426e+02 5.494e+02 63 1 4 6.264e+02 6.336e+02 66 1 2 4.917e+02 5.163e+02 229 1 3 5.621e+02 5.719e+02 90 1 3 5.106e+02 5.394e+02 268 1 4 5.753e+02 6.007e+02 236 1 3 5.899e+02 6.281e+02 354 1 4 5.283e+02 5.637e+02 328 2 4 6.692e+01 1.011e+02 317 2 3 4.328e+01 8.272e+01 366 2 2 6.279e+01 1.052e+02 394 2 3 7.854e+01 1.315e+02 491
356 1 2 2 2.510e+02 2.530e+02 19
357 6 0 4 5.880e+02 5.880e+02 -7 0 2 6.641e+02 6.799e+02 146 0 1 5.543e+02 5.797e+02 236 0 3 5.497e+02 5.843e+02 322 2 4 5.018e+02 5.062e+02 41 2 4 5.457e+02 5.463e+02 6
361 5 2 1 1.954e+01 2.246e+01 27 2 3 9.935e+00 3.207e+01 206 2 4 3.615e+02 3.945e+02 306 3 1 4.328e+02 4.492e+02 152 3 1 5.842e+02 6.338e+02 460
363 1 2 3 5.826e+01 6.774e+01 88
364 0
366 31 0 2 3.351e+02 3.369e+02 16 0 1 3.072e+02 3.228e+02 145 0 1 6.081e+02 6.099e+02 16 0 2 1.605e+02 1.755e+02 139 0 3 6.499e+02 6.521e+02 21 0 4 3.204e+02 3.516e+02 290 0 3 6.070e+02 6.110e+02 36 0 4 1.580e+02 1.780e+02 186 0 2 6.712e+02 6.728e+02 15 0 1 1.764e+02 2.016e+02 235 0 2 6.179e+02 6.421e+02 224 0 4 6.694e+02 6.746e+02 48 0 3 1.763e+02 2.017e+02 236 0 4 6.153e+02 6.447e+02 272 0 1 6.399e+02 6.621e+02 206 0 2 6.093e+02 6.507e+02 384 0 2 6.607e+02 6.833e+02 210 0 2 6.522e+02 6.918e+02 367 0 1 6.313e+02 6.707e+02 366 1 3 6.074e+02 6.106e+02 30 1 2 6.286e+02 6.314e+02 26 1 4 5.701e+02 6.059e+02 333 1 4 6.253e+02 6.347e+02 87 1 3 6.014e+02 6.166e+02 140 2 2 3.353e+02 3.367e+02 13 2 4 3.307e+02 3.413e+02 98 2 2 1.231e+02 1.289e+02 55 2 1 1.388e+02 1.552e+02 153 2 3 3.444e+02 3.696e+02 234 2 4 1.258e+02 1.262e+02 4 2 3 1.303e+02 1.637e+02 310
368 37 0 4 6.671e+02 6.769e+02 91 0 3 5.223e+02 5.277e+02 50 0 4 6.182e+02 6.418e+02 220 0 3 6.436e+02 6.584e+02 137 0 2 6.116e+02 6.484e+02 342 0 2 6.652e+02 6.788e+02 126 0 1 6.402e+02 6.618e+02 200 0 3 6.358e+02 6.662e+02 282 0 2 6.565e+02 6.875e+02 288 0 4 6.553e+02 6.887e+02 310 1 2 6.241e+02 6.359e+02 110 1 4 1.499e+02 1.861e+02 336 2 3 1.034e+02 1.066e+02 30 2 3 6.072e+02 6.108e+02 34 2 4 2.517e+02 2.523e+02 6 2 4 4.184e+02 4.216e+02 30 2 1 2.681e+02 2.779e+02 91 2 4 5.851e+02 5.909e+02 55 2 3 3.550e+02 3.590e+02 36 2 3 4.382e+02 4.438e+02 51 2 3 1.421e+02 1.519e+02 90 2 3 6.424e+02 6.596e+02 159 2 3 2.681e+02 2.779e+02 91 2 3 3.922e+02 4.058e+02 126 2 4 3.331e+02 3.389e+02 55 2 2 1.667e+02 1.693e+02 25 2 2 2.342e+02 2.698e+02 331 2 4 2.912e+02 2.968e+02 52 2 4 3.699e+02 3.861e+02 150 2 2 1.090e+02 1.430e+02 316 2 1 1.796e+02 1.984e+02 176 2 3 3.087e+02 3.213e+02 117 2 2 3.239e+02 3.481e+02 224 2 4 1.081e+02 1.439e+02 333 2 3 2.610e+02 2.850e+02 223 2 3 3.415e+02 3.725e+02 288 2 4 6.800e+01 1.000e+02 297
369 1 2 1 1.470e+02 1.470e+02 -22
370 1 0 4 6.717e+02 6.723e+02 6
372 1 2 3 1.617e+01 2.583e+01 90
373 9 0 4 8.400e+01 8.400e+01 -16 1 2 2.520e+02 2.520e+02 -20 1 1 2.730e+02 2.730e+02 -8 1 3 2.700e+02 2.760e+02 56 1 4 2.432e+02 2.608e+02 164 1 4 2.787e+02 3.093e+02 285 1 3 2.588e+02 2.872e+02 263 3 2 4.180e+02 4.220e+02 36 3 2 4.019e+02 4.381e+02 336
375 5 0 4 4.819e+02 5.261e+02 410 1 2 1.917e+02 2.283e+02 340 2 3 2.658e+02 2.802e+02 134 2 4 2.765e+02 3.115e+02 326 3 1 5.491e+02 5.849e+02 332
376 4 0 4 5.865e+02 5.895e+02 27 2 4 4.899e+02 5.181e+02 262 2 3 4.667e+02 4.993e+02 302 2 4 4.410e+02 4.830e+02 390
377 0
381 0
382 11 0 2 6.568e+02 6.872e+02 282 1 1 5.660e+02 5.680e+02 19 1 3 5.665e+02 5.675e+02 9 1 4 5.854e+02 5.906e+02 48 1 2 6.124e+02 6.476e+02 326 1 2 5.370e+02 5.550e+02 166 1 2 5.743e+02 6.017e+02 254 1 4 5.771e+02 5.989e+02 203 1 3 5.505e+02 5.835e+02 306 2 4 3.641e+02 3.919e+02 259 2 4 3.583e+02 3.977e+02 366
383 10 0 4 5.833e+02 5.927e+02 88 0 2 4.972e+02 5.108e+02 127 0 3 5.139e+02 5.361e+02 206 0 3 5.908e+02 6.272e+02 339 0 4 4.907e+02 5.173e+02 246 0 1 5.071e+02 5.429e+02 333 0 1 5.463e+02 5.877e+02 384 2 2 1.249e+02 1.271e+02 20 2 4 1.168e+02 1.352e+02 171 2 1 1.310e+02 1.630e+02 296
384 2 0 4 6.293e+02 6.307e+02 14 2 1 1.613e+01 2.587e+01 90
385 11 2 3 9.703e+01 1.130e+02 148 2 2 7.002e+01 9.798e+01 260 2 3 2.557e+02 2.903e+02 321 2 4 7.006e+01 9.794e+01 259 3 3 3.568e+02 3.572e+02 3 3 4 5.006e+02 5.074e+02 64 3 4 3.753e+02 3.807e+02 50 3 3 4.302e+02 4.518e+02 200 3 2 3.215e+02 3.505e+02 270 3 1 3.467e+02 3.673e+02 190 3 4 4.515e+02 4.725e+02 196
386 6 0 4 3.772e+02 3.788e+02 16 0 3 6.064e+01 6.536e+01 44 0 2 8.137e+01 8.663e+01 49 1 2 2.100e+02 2.100e+02 -0 1 1 2.310e+02 2.310e+02 -11 2 4 6.635e+02 6.805e+02 157
392 0
393 3 1 2 6.279e+02 6.321e+02 39 2 4 2.855e+02 3.025e+02 157 2 3 2.553e+02 2.907e+02 328
395 11 0 1 5.653e+02 5.687e+02 32 0 3 5.627e+02 5.713e+02 80 0 2 5.320e+02 5.600e+02 260 2 2 3.342e+02 3.378e+02 34 2 3 2.221e+02 2.399e+02 165 2 3 3.111e+02 3.189e+02 72 2 1 1.159e+01 3.041e+01 175 2 2 2.478e+02 2.562e+02 79 2 3 8.632e+00 3.337e+01 230 2 4 2.412e+02 2.628e+02 200 2 1 2.189e+02 2.431e+02 226
396 16 0 4 6.217e+02 6.383e+02 155 0 3 5.987e+02 6.193e+02 192 1 2 6.257e+02 6.343e+02 80 1 4 6.247e+02 6.353e+02 98 1 1 6.052e+02 6.128e+02 70 1 3 5.914e+02 6.266e+02 327 1 2 6.161e+02 6.439e+02 258 2 4 8.326e+01 8.474e+01 14 2 1 6.262e+01 6.338e+01 7 2 2 7.953e+01 8.847e+01 83 2 3 1.357e+01 2.843e+01 138 2 3 8.617e+01 1.238e+02 350 2 4 3.789e+01 4.611e+01 76 2 1 6.795e+00 3.521e+01 264 2 2 2.690e+01 5.710e+01 280 2 4 2.636e+01 5.764e+01 290
398 0
399 5 0 2 6.262e+02 6.338e+02 71 0 4 6.300e+02 6.300e+02 -8 0 1 6.061e+02 6.119e+02 54 0 4 6.183e+02 6.417e+02 216 0 3 5.924e+02 6.256e+02 308
400 7 1 4 5.874e+02 5.886e+02 11 1 2 6.148e+02 6.452e+02 282 1 4 5.702e+02 6.058e+02 330 2 4 3.679e+02 3.881e+02 188 2 3 3.022e+02 3.278e+02 237 2 4 3.178e+02 3.542e+02 337 2 4 2.745e+02 3.135e+02 361
402 5 0 2 2.084e+02 2.116e+02 30 0 3 2.716e+02 2.744e+02 26 0 3 2.135e+02 2.485e+02 326 0 4 2.800e+02 3.080e+02 260 0 2 1.909e+02 2.291e+02 354
