12372 6 0 3 6.090e+02 6.090e+02 -17 0 4 6.241e+02 6.359e+02 110 1 2 5.008e+02 5.072e+02 59 1 1 5.234e+02 5.266e+02 30 2 4 4.200e+01 4.200e+01 -2 2 3 6.248e+01 6.352e+01 10
12373 1 0 3 6.492e+02 6.528e+02 33
12374 20 0 4 6.115e+02 6.485e+02 343 0 3 5.104e+02 5.396e+02 270 0 4 5.675e+02 6.085e+02 380 0 2 6.549e+02 6.891e+02 317 0 2 4.806e+02 5.274e+02 435 0 1 5.920e+02 6.260e+02 316 0 4 6.509e+02 6.931e+02 391 0 4 4.365e+02 4.875e+02 473 0 3 5.903e+02 6.277e+02 348 0 2 6.080e+02 6.520e+02 408 2 4 7.316e+01 9.484e+01 201 2 1 5.086e+01 7.514e+01 226 2 4 2.294e+02 2.746e+02 420 2 3 3.608e+00 3.839e+01 323 2 2 6.517e+01 1.028e+02 350 2 2 2.739e+01 5.661e+01 271 2 3 8.182e+01 1.282e+02 430 2 4 2.241e+01 6.159e+01 364 2 1 -2.359e+00 4.436e+01 434 2 3 -4.961e+00 4.696e+01 482
12375 6 0 2 2.080e+02 2.120e+02 36 2 4 4.620e+02 4.620e+02 -21 2 1 5.961e+01 6.639e+01 63 2 3 4.758e+02 4.902e+02 133 2 3 1.680e+01 2.520e+01 78 2 2 4.916e+02 5.164e+02 230
12376 7 1 1 6.085e+02 6.095e+02 10 1 2 5.820e+02 5.940e+02 111 1 3 6.061e+02 6.119e+02 54 1 4 5.761e+02 5.999e+02 220 1 2 6.201e+02 6.399e+02 183 1 4 6.251e+02 6.349e+02 90 1 1 5.889e+02 6.291e+02 374
12377 4 1 4 5.451e+02 5.469e+02 17 2 3 1.438e+02 1.502e+02 59 2 4 4.975e+02 5.105e+02 121 2 4 2.020e+02 2.180e+02 149
12378 0
12379 5 0 2 6.693e+02 6.747e+02 50 0 1 6.447e+02 6.573e+02 116 0 3 6.451e+02 6.569e+02 110 0 4 6.679e+02 6.761e+02 76 0 2 6.585e+02 6.855e+02 250
12381 12 0 3 6.503e+02 6.517e+02 12 0 1 6.482e+02 6.538e+02 52 0 2 6.129e+02 6.471e+02 318 0 2 6.635e+02 6.805e+02 158 0 4 6.627e+02 6.813e+02 172 1 1 5.647e+02 5.693e+02 43 1 2 5.725e+02 6.035e+02 288 2 3 3.942e+02 4.038e+02 90 2 3 6.929e+00 3.507e+01 261 2 2 4.045e+02 4.355e+02 288 2 4 4.048e+02 4.352e+02 282 3 1 6.616e+00 3.538e+01 267
12382 38 0 2 2.470e+02 2.570e+02 93 0 4 2.877e+02 3.003e+02 117 0 2 2.833e+02 3.047e+02 199 0 3 2.584e+02 2.876e+02 270 0 1 5.648e+02 5.692e+02 40 0 1 6.076e+02 6.104e+02 26 0 2 2.729e+02 3.151e+02 391 0 4 6.711e+02 6.729e+02 16 0 3 6.049e+02 6.131e+02 76 0 1 6.394e+02 6.626e+02 216 0 4 6.175e+02 6.425e+02 233 0 2 6.108e+02 6.492e+02 357 1 1 5.648e+02 5.692e+02 40 1 1 6.074e+02 6.106e+02 30 1 3 5.642e+02 5.698e+02 51 1 3 5.993e+02 6.187e+02 180 1 2 5.801e+02 5.959e+02 147 1 1 5.908e+02 6.272e+02 337 1 4 5.784e+02 5.976e+02 179 1 3 5.915e+02 6.265e+02 325 1 2 5.275e+02 5.645e+02 344 1 4 5.269e+02 5.651e+02 354 2 3 2.061e+01 2.139e+01 7 2 2 4.195e+02 4.205e+02 10 2 1 1.545e+01 2.655e+01 103 2 2 4.613e+02 4.627e+02 14 2 2 7.998e+01 8.802e+01 75 2 3 6.052e+02 6.128e+02 70 2 3 5.256e+01 7.344e+01 194 2 3 4.403e+02 4.417e+02 14 2 4 7.015e+01 9.785e+01 257 2 4 4.602e+02 4.638e+02 34 2 2 2.918e+01 5.482e+01 238 2 4 5.780e+02 5.980e+02 186 2 4 2.609e+01 5.791e+01 296 2 2 4.010e+02 4.390e+02 353 2 1 4.716e+02 4.944e+02 212 3 4 2.151e+01 6.249e+01 380
12383 6 0 2 6.227e+02 6.373e+02 135 0 2 6.635e+02 6.805e+02 157 0 4 6.186e+02 6.414e+02 211 0 4 6.620e+02 6.820e+02 186 0 1 6.421e+02 6.599e+02 166 0 3 6.415e+02 6.605e+02 176
12385 19 0 4 4.177e+02 4.223e+02 43 0 2 6.623e+02 6.817e+02 180 0 1 4.286e+02 4.534e+02 230 0 4 6.576e+02 6.864e+02 267 0 3 4.316e+02 4.504e+02 175 0 3 3.826e+02 4.154e+02 305 1 2 6.296e+02 6.304e+02 7 1 3 6.041e+02 6.139e+02 90 1 2 2.867e+02 3.013e+02 136 1 3 2.611e+02 2.849e+02 221 1 4 6.214e+02 6.386e+02 159 2 3 1.042e+02 1.058e+02 15 2 2 3.605e+01 4.795e+01 110 2 4 3.080e+01 5.320e+01 208 2 2 1.208e+02 1.312e+02 97 2 3 1.353e+02 1.587e+02 217 2 3 1.034e+01 3.166e+01 198 2 4 1.192e+02 1.328e+02 127 2 4 6.993e+01 9.807e+01 261
12386 13 0 1 6.080e+02 6.100e+02 19 0 3 6.070e+02 6.110e+02 37 1 1 6.054e+02 6.126e+02 66 1 2 5.757e+02 6.003e+02 228 1 3 5.994e+02 6.186e+02 179 1 4 5.742e+02 6.018e+02 256 2 3 6.203e+01 6.397e+01 18 2 2 8.132e+01 8.668e+01 50 2 1 5.727e+01 6.873e+01 106 2 2 2.721e+01 5.679e+01 275 2 4 2.869e+01 5.531e+01 247 3 1 2.043e+01 2.157e+01 10 3 3 2.061e+01 2.139e+01 7
12387 5 0 4 8.061e+01 8.739e+01 63 0 3 4.982e+01 7.618e+01 245 1 1 5.663e+02 5.677e+02 13 2 3 3.484e+02 3.656e+02 160 3 3 6.221e+01 6.379e+01 15
12388 2 3 1 4.987e+02 5.513e+02 489 3 3 4.989e+02 5.511e+02 485
12389 32 0 4 6.249e+02 6.351e+02 96 0 2 6.718e+02 6.722e+02 3 0 2 1.235e+02 1.284e+02 46 0 1 5.201e+02 5.299e+02 90 0 4 2.446e+02 2.594e+02 137 0 4 5.829e+02 5.931e+02 96 0 3 2.696e+02 2.764e+02 63 0 4 6.714e+02 6.726e+02 10 0 4 1.536e+02 1.824e+02 268 0 3 5.140e+02 5.360e+02 205 0 3 2.602e+02 2.858e+02 237 0 3 6.037e+02 6.143e+02 99 0 2 1.095e+02 1.424e+02 306 0 1 6.449e+02 6.571e+02 113 0 2 5.292e+02 5.628e+02 311 0 1 5.938e+02 6.242e+02 283 0 3 6.471e+02 6.549e+02 72 0 2 6.160e+02 6.440e+02 260 0 2 6.604e+02 6.836e+02 216 0 4 6.556e+02 6.884e+02 305 0 1 6.331e+02 6.689e+02 333 2 1 1.872e+02 1.908e+02 34 2 2 4.123e+02 4.277e+02 142 2 4 2.093e+02 2.107e+02 12 2 3 3.548e+02 3.592e+02 41 2 3 8.720e+01 1.228e+02 330 2 3 1.835e+02 1.945e+02 102 2 4 3.235e+02 3.485e+02 231 2 2 1.109e+02 1.411e+02 280 2 2 1.539e+02 1.821e+02 262 2 2 3.620e+02 3.940e+02 297 2 4 1.570e+02 1.790e+02 204
12391 13 0 4 6.293e+02 6.307e+02 13 0 1 6.490e+02 6.530e+02 38 0 1 5.602e+02 5.738e+02 126 0 2 6.253e+02 6.347e+02 88 0 2 6.702e+02 6.738e+02 33 0 4 5.766e+02 5.994e+02 211 0 4 6.685e+02 6.755e+02 65 0 1 5.945e+02 6.235e+02 269 0 3 6.445e+02 6.575e+02 120 0 3 5.905e+02 6.275e+02 343 0 1 6.371e+02 6.649e+02 258 0 3 6.354e+02 6.666e+02 290 2 4 1.177e+02 1.343e+02 154
12393 4 0 4 6.666e+02 6.774e+02 100 2 3 5.463e+01 7.137e+01 156 2 2 7.527e+01 9.273e+01 162 2 4 6.643e+01 1.016e+02 326
12395 12 0 1 6.498e+02 6.522e+02 22 0 3 6.475e+02 6.545e+02 65 0 2 6.533e+02 6.907e+02 347 0 4 6.551e+02 6.889e+02 315 2 4 1.662e+02 1.698e+02 33 2 4 3.303e+02 3.417e+02 106 2 1 6.015e+01 6.585e+01 53 2 1 1.802e+02 1.978e+02 164 2 3 2.678e+02 2.782e+02 96 2 3 1.787e+02 1.993e+02 192 2 3 3.004e+02 3.296e+02 270 2 2 1.489e+02 1.871e+02 354
12397 3 0 2 6.609e+02 6.831e+02 206 0 3 6.357e+02 6.663e+02 285 0 1 6.319e+02 6.701e+02 354
12398 3 0 3 5.994e+02 6.186e+02 178 0 1 5.949e+02 6.231e+02 261 0 4 5.694e+02 6.066e+02 346
12399 10 2 3 3.570e+02 3.570e+02 -7 2 1 3.909e+02 4.071e+02 150 2 1 6.300e+01 6.300e+01 -4 2 4 2.884e+02 2.996e+02 105 2 4 4.069e+02 4.331e+02 243 2 2 3.748e+02 3.812e+02 60 2 3 6.118e+01 6.482e+01 34 2 4 3.265e+02 3.455e+02 176 2 4 3.017e+01 5.383e+01 220 2 2 2.393e+01 6.007e+01 336
12401 22 0 4 6.289e+02 6.311e+02 20 0 1 6.507e+02 6.513e+02 6 0 2 2.444e+02 2.596e+02 140 0 2 6.290e+02 6.310e+02 18 0 1 2.238e+02 2.382e+02 134 0 3 6.497e+02 6.523e+02 24 0 1 5.987e+02 6.193e+02 190 0 4 2.363e+02 2.677e+02 292 0 2 6.699e+02 6.741e+02 39 0 3 2.572e+02 2.888e+02 294 0 4 4.476e+02 4.764e+02 268 0 3 2.118e+02 2.502e+02 356 0 3 5.952e+02 6.228e+02 257 0 4 6.704e+02 6.736e+02 30 0 4 6.140e+02 6.460e+02 297 0 1 5.900e+02 6.280e+02 353 1 2 6.253e+02 6.347e+02 86 1 4 6.297e+02 6.303e+02 6 1 4 5.742e+02 6.018e+02 256 1 4 6.183e+02 6.417e+02 216 1 1 5.963e+02 6.217e+02 236 1 3 5.952e+02 6.228e+02 256
12403 43 0 1 5.619e+02 5.721e+02 96 0 4 5.838e+02 5.922e+02 78 0 1 2.220e+02 2.400e+02 168 0 3 5.556e+02 5.784e+02 212 1 1 5.654e+02 5.686e+02 29 1 1 6.065e+02 6.115e+02 46 1 2 6.295e+02 6.305e+02 9 1 4 6.240e+02 6.360e+02 110 1 4 6.089e+02 6.511e+02 391 2 3 5.244e+02 5.256e+02 10 2 4 6.694e+02 6.746e+02 48 2 4 4.990e+02 5.090e+02 93 2 2 5.420e+02 5.500e+02 74 2 2 4.090e+02 4.310e+02 205 2 4 4.489e+02 4.751e+02 243 2 4 5.400e+02 5.520e+02 110 2 4 6.559e+02 6.881e+02 299 2 4 4.029e+02 4.371e+02 317 2 3 4.641e+02 5.019e+02 350 2 3 5.524e+02 5.816e+02 270 2 4 2.086e+02 2.114e+02 26 2 4 4.885e+02 5.195e+02 287 2 2 3.339e+02 3.381e+02 40 2 1 5.844e+01 6.756e+01 85 2 4 8.020e+01 8.780e+01 70 2 3 1.835e+02 1.945e+02 103 2 4 2.482e+02 2.558e+02 70 2 3 3.060e+02 3.240e+02 168 2 4 3.271e+02 3.449e+02 166 2 3 6.221e+01 6.379e+01 15 2 3 9.654e+01 1.135e+02 157 2 4 1.513e+02 1.847e+02 310 2 2 2.077e+02 2.123e+02 42 2 4 2.772e+02 3.108e+02 311 2 1 3.541e+02 3.599e+02 53 2 3 1.209e+01 2.991e+01 166 2 2 6.907e+01 9.893e+01 277 2 3 2.259e+02 2.361e+02 95 2 4 2.999e+01 5.401e+01 223 2 2 2.404e+02 2.636e+02 215 2 4 1.982e+02 2.218e+02 219 2 1 2.164e+02 2.456e+02 271 3 4 4.897e+02 5.183e+02 266
12404 5 2 2 6.637e+02 6.803e+02 155 3 2 3.348e+02 3.372e+02 21 3 3 3.497e+02 3.643e+02 135 3 4 4.988e+02 5.092e+02 97 3 4 3.625e+02 3.935e+02 288
12405 3 0 4 2.760e+02 3.120e+02 334 0 2 6.579e+02 6.861e+02 261 0 4 6.556e+02 6.884e+02 305
12406 5 0 1 5.219e+02 5.281e+02 58 0 2 4.900e+02 5.180e+02 260 0 3 5.166e+02 5.334e+02 156 0 4 4.932e+02 5.148e+02 200 2 1 9.935e+00 3.207e+01 206
