15545 11 0 2 6.711e+02 6.729e+02 17 0 1 5.504e+02 5.836e+02 308 0 4 5.872e+02 5.888e+02 15 0 1 6.430e+02 6.590e+02 149 0 1 6.023e+02 6.157e+02 124 0 3 6.413e+02 6.607e+02 180 0 3 5.987e+02 6.193e+02 191 0 1 5.949e+02 6.231e+02 262 2 2 1.680e+02 1.680e+02 -21 2 1 1.823e+02 1.957e+02 124 2 4 1.551e+02 1.809e+02 240
15546 1 0 4 2.867e+02 3.013e+02 136
15547 17 0 3 4.810e+02 4.850e+02 38 0 3 6.071e+02 6.109e+02 35 0 1 4.770e+02 4.890e+02 111 0 1 5.562e+02 5.778e+02 200 0 4 5.837e+02 5.923e+02 80 0 4 4.913e+02 5.167e+02 236 0 1 5.161e+02 5.339e+02 166 0 4 6.129e+02 6.471e+02 318 0 2 4.424e+02 4.816e+02 364 0 2 5.337e+02 5.583e+02 228 0 3 5.482e+02 5.858e+02 349 1 2 6.182e+02 6.418e+02 219 1 4 6.135e+02 6.465e+02 306 2 3 1.514e+01 2.686e+01 109 2 2 3.242e+01 5.158e+01 178 2 4 2.726e+01 5.674e+01 274 2 1 6.165e+00 3.583e+01 276
15548 0
15551 19 0 1 6.445e+02 6.575e+02 120 0 2 6.205e+02 6.395e+02 177 0 2 1.495e+02 1.865e+02 343 0 3 6.483e+02 6.537e+02 50 0 2 6.099e+02 6.501e+02 374 0 2 6.669e+02 6.771e+02 94 0 4 6.666e+02 6.774e+02 100 0 4 6.509e+02 6.931e+02 391 0 1 6.335e+02 6.685e+02 325 0 3 6.307e+02 6.713e+02 377 2 1 5.965e+01 6.635e+01 62 2 2 8.164e+01 8.636e+01 44 2 2 3.345e+01 5.055e+01 159 2 4 8.052e+01 8.748e+01 65 2 1 9.665e+00 3.233e+01 210 2 3 9.806e+01 1.119e+02 129 2 3 9.844e+00 3.216e+01 207 2 3 8.446e+01 1.255e+02 381 2 4 2.483e+01 5.917e+01 319
15552 41 0 4 4.586e+02 4.654e+02 64 0 1 6.466e+02 6.554e+02 82 0 2 3.573e+01 4.827e+01 116 0 4 4.139e+02 4.261e+02 114 0 1 4.764e+02 4.896e+02 123 0 3 3.835e+02 4.145e+02 288 1 3 5.648e+02 5.692e+02 40 1 3 5.217e+02 5.283e+02 60 1 4 5.848e+02 5.912e+02 60 1 4 6.159e+02 6.441e+02 261 1 4 5.330e+02 5.590e+02 240 2 4 1.662e+02 1.698e+02 34 2 3 6.054e+02 6.126e+02 66 2 4 2.499e+02 2.541e+02 40 2 4 4.173e+02 4.227e+02 50 2 3 2.718e+02 2.742e+02 21 2 3 3.565e+02 3.575e+02 9 2 3 4.363e+02 4.457e+02 86 2 2 3.695e+01 4.705e+01 94 2 4 5.765e+02 5.995e+02 213 2 4 8.146e+01 8.654e+01 47 2 1 3.843e+02 4.137e+02 274 2 3 1.869e+02 1.911e+02 40 2 2 2.037e+02 2.163e+02 116 2 2 2.928e+02 2.952e+02 21 2 2 3.771e+02 3.789e+02 17 2 4 3.443e+01 4.957e+01 140 2 2 7.307e+01 9.493e+01 203 2 1 1.808e+02 1.972e+02 153 2 1 3.132e+02 3.168e+02 34 2 4 3.272e+02 3.448e+02 164 2 1 5.180e+01 7.420e+01 208 2 3 8.684e+01 1.232e+02 337 2 3 1.748e+02 2.032e+02 263 2 4 2.858e+02 3.022e+02 151 2 1 3.534e+02 3.606e+02 66 2 3 4.368e+01 8.232e+01 359 2 2 6.400e+01 1.040e+02 371 2 2 1.542e+02 1.818e+02 256 2 3 2.961e+02 3.339e+02 350 2 4 1.482e+02 1.878e+02 368
15553 11 0 4 5.040e+02 5.040e+02 -24 0 2 6.715e+02 6.725e+02 9 0 2 5.020e+02 5.060e+02 37 0 4 6.711e+02 6.729e+02 17 0 4 4.885e+02 5.195e+02 287 0 1 6.264e+02 6.756e+02 457 0 1 4.655e+02 5.005e+02 326 0 4 6.464e+02 6.976e+02 476 1 4 4.605e+02 4.635e+02 27 2 4 4.200e+02 4.200e+02 -7 2 3 1.020e+01 3.180e+01 200
15554 6 0 1 5.150e+02 5.350e+02 186 0 2 4.958e+02 5.122e+02 153 2 2 4.200e+01 4.200e+01 -2 2 4 3.040e+01 5.360e+01 216 2 1 5.176e+01 7.424e+01 209 2 3 8.275e+00 3.372e+01 236
15555 6 0 2 4.595e+02 4.645e+02 47 0 4 3.680e+02 3.880e+02 186 0 3 4.718e+02 4.942e+02 208 1 2 5.730e+02 6.030e+02 279 2 2 4.992e+02 5.088e+02 90 2 2 5.274e+02 5.646e+02 346
15556 31 0 1 4.381e+02 4.439e+02 55 0 3 4.350e+02 4.470e+02 111 0 4 4.090e+02 4.310e+02 205 1 3 5.250e+02 5.250e+02 -3 1 4 3.309e+02 3.411e+02 96 1 2 3.741e+02 3.819e+02 72 1 4 5.027e+02 5.053e+02 24 1 3 3.051e+02 3.249e+02 183 1 4 6.262e+02 6.338e+02 70 1 1 3.516e+02 3.624e+02 100 1 1 5.249e+02 5.251e+02 1 1 2 2.815e+02 3.065e+02 233 1 4 5.278e+02 5.642e+02 339 1 4 3.703e+02 3.857e+02 142 1 1 6.067e+02 6.113e+02 42 1 1 2.988e+02 3.312e+02 301 1 2 6.255e+02 6.345e+02 84 2 4 2.470e+02 2.570e+02 92 2 1 2.719e+02 2.741e+02 20 2 1 3.949e+02 4.031e+02 76 2 1 6.293e+01 6.307e+01 1 2 3 2.662e+02 2.798e+02 126 2 1 3.852e+02 4.128e+02 257 2 4 3.919e+01 4.481e+01 52 2 2 2.335e+02 2.705e+02 343 2 3 5.306e+01 7.294e+01 185 2 2 2.658e+01 5.742e+01 286 3 3 1.635e+01 2.565e+01 86 3 1 1.448e+02 1.492e+02 40 3 4 7.468e+01 9.332e+01 173 3 4 6.728e+01 1.007e+02 310
15557 4 0 4 4.072e+01 4.328e+01 24 0 4 4.565e+02 4.675e+02 101 0 3 1.738e+01 2.462e+01 67 0 4 3.627e+02 3.933e+02 285
15558 26 0 1 6.506e+02 6.514e+02 8 0 1 4.816e+02 4.844e+02 26 0 4 6.254e+02 6.346e+02 86 0 3 6.496e+02 6.524e+02 26 0 1 5.976e+02 6.204e+02 212 0 4 6.717e+02 6.723e+02 6 0 4 4.911e+02 5.170e+02 240 0 2 6.217e+02 6.383e+02 154 0 2 6.610e+02 6.830e+02 204 0 2 4.473e+02 4.767e+02 273 0 3 5.947e+02 6.233e+02 266 0 2 6.533e+02 6.907e+02 347 0 2 4.860e+02 5.220e+02 335 1 4 6.210e+02 6.390e+02 166 2 2 8.400e+01 8.400e+01 -15 2 4 1.669e+02 1.691e+02 20 2 1 2.310e+02 2.310e+02 -16 2 1 2.730e+02 2.730e+02 -3 2 3 6.300e+01 6.300e+01 -4 2 1 1.777e+02 2.003e+02 210 2 2 2.075e+02 2.125e+02 46 2 3 1.807e+02 1.973e+02 154 2 4 2.012e+02 2.188e+02 164 2 4 2.806e+01 5.594e+01 259 2 2 6.661e+01 1.014e+02 323 2 1 2.179e+02 2.441e+02 243
15559 20 0 2 6.699e+02 6.741e+02 40 0 4 6.662e+02 6.778e+02 107 1 1 1.599e+01 2.601e+01 93 2 3 4.822e+02 4.838e+02 15 2 3 1.040e+02 1.060e+02 19 2 4 3.346e+02 3.374e+02 26 2 2 2.100e+02 2.100e+02 -8 2 2 4.948e+02 5.132e+02 170 2 4 7.105e+01 9.695e+01 240 2 4 5.790e+02 5.970e+02 167 2 2 1.124e+02 1.396e+02 253 3 2 4.963e+02 5.117e+02 143 3 4 4.976e+02 5.104e+02 120 3 1 5.188e+02 5.312e+02 116 3 2 2.568e+01 5.832e+01 303 3 4 5.287e+02 5.633e+02 321 3 3 5.078e+02 5.422e+02 319 3 3 4.662e+02 4.998e+02 311 3 2 4.812e+02 5.268e+02 423 3 4 4.818e+02 5.262e+02 412
15560 3 1 3 1.430e+02 1.510e+02 74 1 2 1.156e+02 1.364e+02 193 1 2 1.103e+02 1.417e+02 291
15561 0
15562 30 0 4 4.549e+02 4.691e+02 132 0 4 2.417e+02 2.623e+02 190 0 1 5.980e+02 6.200e+02 204 0 2 6.616e+02 6.824e+02 194 0 3 4.278e+02 4.542e+02 245 0 2 4.493e+02 4.747e+02 236 0 2 5.313e+02 5.607e+02 272 0 3 5.946e+02 6.234e+02 268 0 4 6.633e+02 6.807e+02 161 0 1 4.267e+02 4.553e+02 266 0 1 5.457e+02 5.883e+02 396 0 2 6.099e+02 6.501e+02 374 0 1 6.299e+02 6.721e+02 392 0 3 4.185e+02 4.635e+02 417 0 3 5.516e+02 5.824e+02 286 0 4 6.137e+02 6.463e+02 302 0 3 6.280e+02 6.740e+02 428 1 2 6.217e+02 6.383e+02 155 1 4 6.171e+02 6.429e+02 239 1 1 5.875e+02 6.305e+02 399 2 4 3.506e+01 4.894e+01 129 2 4 4.970e+02 5.110e+02 130 2 1 4.772e+01 7.828e+01 284 2 3 5.590e+02 5.750e+02 149 2 4 4.486e+02 4.754e+02 248 2 3 4.085e+01 8.515e+01 411 2 3 5.158e+02 5.342e+02 171 2 3 -3.796e+00 4.580e+01 460 2 4 4.801e+02 5.279e+02 444 2 3 5.415e+02 5.925e+02 474
15563 0
15564 9 0 2 6.287e+02 6.313e+02 24 0 2 6.720e+02 6.720e+02 -6 0 4 6.709e+02 6.731e+02 20 1 4 5.426e+02 5.494e+02 64 1 2 6.109e+02 6.491e+02 355 2 3 1.880e+02 1.900e+02 18 2 4 2.325e+02 2.715e+02 361 2 3 2.534e+02 2.926e+02 364 2 4 2.745e+02 3.135e+02 361
15565 13 0 4 1.659e+02 1.701e+02 40 0 4 6.710e+02 6.730e+02 18 0 3 1.752e+02 2.028e+02 257 2 4 3.349e+02 3.371e+02 21 2 3 1.858e+02 1.922e+02 59 2 3 2.273e+02 2.347e+02 68 2 4 2.840e+02 3.040e+02 186 2 2 1.958e+02 2.242e+02 263 2 1 3.047e+02 3.253e+02 192 2 3 3.075e+02 3.225e+02 139 2 2 2.804e+02 3.076e+02 253 2 1 2.980e+02 3.320e+02 316 3 2 5.838e+02 5.922e+02 78
15566 6 0 3 5.666e+02 5.674e+02 7 0 1 5.583e+02 5.757e+02 162 0 4 5.781e+02 5.979e+02 183 2 1 1.676e+01 2.524e+01 79 2 3 1.918e+01 2.282e+01 34 2 2 2.412e+01 5.988e+01 332
15567 0
15568 10 2 2 6.300e+02 6.300e+02 -8 2 3 3.523e+02 3.617e+02 88 2 3 5.962e+02 6.218e+02 237 2 1 6.401e+02 6.619e+02 203 2 4 6.222e+02 6.378e+02 146 3 3 4.404e+02 4.416e+02 10 3 1 4.348e+02 4.472e+02 115 3 3 4.342e+02 4.478e+02 126 3 2 4.512e+02 4.728e+02 200 3 4 4.486e+02 4.754e+02 249
15569 0
15570 1 0 4 3.315e+02 3.405e+02 83
15571 3 0 4 6.709e+02 6.731e+02 20 0 3 5.215e+02 5.285e+02 66 0 3 5.079e+02 5.421e+02 317
15572 6 0 2 8.400e+01 8.400e+01 -2 0 1 1.017e+02 1.083e+02 61 0 3 4.763e+01 7.837e+01 286 0 3 1.005e+02 1.095e+02 83 0 4 7.446e+01 9.354e+01 177 0 3 8.882e+01 1.212e+02 300
15573 16 0 2 5.458e+02 5.462e+02 5 0 1 6.079e+02 6.101e+02 20 0 2 6.700e+02 6.740e+02 36 0 1 4.343e+02 4.477e+02 124 0 1 5.173e+02 5.327e+02 142 0 3 6.061e+02 6.119e+02 55 0 4 6.704e+02 6.736e+02 30 0 1 5.543e+02 5.797e+02 236 0 2 6.228e+02 6.372e+02 135 0 1 6.396e+02 6.624e+02 212 0 4 6.238e+02 6.362e+02 115 0 3 6.433e+02 6.587e+02 143 1 2 6.177e+02 6.423e+02 229 1 1 5.929e+02 6.251e+02 300 2 3 1.954e+01 2.246e+01 27 2 4 1.515e+02 1.845e+02 306
15574 12 0 2 3.305e+02 3.415e+02 102 0 1 6.506e+02 6.514e+02 7 0 1 2.598e+02 2.862e+02 246 0 3 6.468e+02 6.552e+02 78 0 4 3.222e+02 3.498e+02 257 0 4 6.591e+02 6.849e+02 240 0 1 3.384e+02 3.756e+02 346 0 2 6.542e+02 6.898e+02 331 1 1 6.059e+02 6.121e+02 58 1 3 6.032e+02 6.148e+02 107 1 4 6.209e+02 6.391e+02 170 1 2 6.114e+02 6.486e+02 346
15575 7 0 4 6.172e+02 6.428e+02 238 0 1 5.894e+02 6.286e+02 364 0 2 6.136e+02 6.464e+02 304 2 4 3.308e+02 3.412e+02 96 2 1 3.534e+02 3.606e+02 66 2 3 3.533e+02 3.607e+02 70 2 2 3.603e+02 3.957e+02 330
15578 0
15579 29 0 1 6.468e+02 6.552e+02 77 0 2 5.414e+02 5.506e+02 85 0 4 5.855e+02 5.905e+02 46 0 3 6.466e+02 6.554e+02 81 0 2 5.017e+02 5.063e+02 43 0 1 5.164e+02 5.336e+02 160 0 1 6.083e+02 6.097e+02 14 0 2 6.670e+02 6.770e+02 92 0 4 4.946e+02 5.134e+02 175 0 3 5.551e+02 5.789e+02 220 0 2 6.156e+02 6.444e+02 267 0 4 6.687e+02 6.753e+02 61 0 1 4.634e+02 5.026e+02 364 0 3 5.102e+02 5.398e+02 275 0 4 6.129e+02 6.471e+02 318 0 1 6.411e+02 6.609e+02 183 0 1 5.479e+02 5.861e+02 355 0 3 6.382e+02 6.638e+02 237 0 2 6.572e+02 6.868e+02 276 0 4 6.565e+02 6.875e+02 288 2 3 2.025e+01 2.175e+01 14 2 3 2.713e+02 2.747e+02 32 2 1 7.242e+00 3.476e+01 256 2 2 1.167e+02 1.353e+02 172 2 1 1.371e+02 1.569e+02 185 2 4 2.350e+02 2.690e+02 316 2 3 1.341e+02 1.599e+02 239 2 2 1.553e+02 1.807e+02 236 2 4 1.508e+02 1.852e+02 319
15580 4 2 4 5.873e+02 5.887e+02 12 2 3 5.957e+02 6.223e+02 247 3 3 1.936e+01 2.264e+01 30 3 3 7.421e+00 3.458e+01 252
15584 4 2 3 5.196e+02 5.304e+02 100 2 4 1.169e+02 1.351e+02 170 2 3 5.090e+02 5.410e+02 296 2 3 8.994e+01 1.201e+02 280
15585 16 0 4 3.360e+02 3.360e+02 -14 0 4 5.860e+02 5.900e+02 37 0 4 3.213e+02 3.507e+02 273 0 4 6.672e+02 6.768e+02 90 0 4 2.819e+02 3.061e+02 226 0 1 5.547e+02 5.793e+02 228 0 3 6.018e+02 6.162e+02 134 2 4 2.100e+02 2.100e+02 -24 2 3 6.300e+01 6.300e+01 -10 2 3 2.066e+01 2.134e+01 6 2 2 3.802e+01 4.598e+01 74 2 1 5.821e+01 6.779e+01 89 2 1 1.397e+01 2.803e+01 130 2 4 3.376e+01 5.024e+01 153 2 1 1.811e+00 4.019e+01 356 2 1 4.534e+01 8.066e+01 328
15587 5 1 1 1.771e+02 2.009e+02 221 2 1 5.193e+01 7.407e+01 206 2 4 4.925e+02 5.155e+02 213 2 2 7.689e+01 9.111e+01 132 2 4 7.217e+01 9.583e+01 220
