45593 14 0 2 4.620e+02 4.620e+02 -11 0 1 5.250e+02 5.250e+02 0 0 4 4.537e+02 4.703e+02 155 0 3 5.156e+02 5.344e+02 175 0 4 5.852e+02 5.908e+02 52 0 3 6.418e+02 6.602e+02 171 0 1 4.322e+02 4.498e+02 164 0 3 4.700e+02 4.960e+02 241 0 1 5.532e+02 5.808e+02 257 0 2 6.227e+02 6.373e+02 135 0 3 5.928e+02 6.252e+02 300 2 3 1.050e+02 1.050e+02 0 2 3 5.018e+01 7.582e+01 238 2 4 6.737e+01 1.006e+02 309
45596 4 0 3 4.308e+02 4.512e+02 190 0 4 4.470e+02 4.770e+02 278 0 3 3.858e+02 4.122e+02 246 0 1 4.985e+02 5.515e+02 491
45597 29 0 4 3.345e+02 3.375e+02 28 0 2 5.452e+02 5.468e+02 15 0 4 8.272e+01 8.528e+01 24 0 2 6.701e+02 6.739e+02 35 0 2 2.940e+02 2.940e+02 0 0 1 9.658e+01 1.134e+02 156 0 4 6.656e+02 6.784e+02 118 0 2 7.011e+01 9.789e+01 258 0 1 5.069e+02 5.431e+02 336 0 3 8.913e+01 1.209e+02 295 0 2 6.580e+02 6.860e+02 260 0 3 5.482e+02 5.858e+02 349 1 4 3.448e+01 4.952e+01 140 1 3 4.049e+01 8.551e+01 418 1 1 3.877e+00 3.812e+01 318 2 4 8.348e+01 8.452e+01 10 2 2 8.299e+01 8.501e+01 19 2 4 5.029e+02 5.051e+02 21 2 4 3.506e+01 4.894e+01 129 2 3 9.699e+01 1.130e+02 149 2 4 2.360e+02 2.680e+02 297 2 4 4.893e+02 5.187e+02 274 2 1 2.561e+02 2.899e+02 315 2 3 5.225e+01 7.375e+01 200 2 2 7.051e+01 9.749e+01 250 2 3 2.502e+02 2.958e+02 423 2 1 4.673e+01 7.927e+01 302 2 4 7.459e+01 9.341e+01 175 2 2 2.674e+02 3.206e+02 495
45600 5 0 1 5.859e+02 6.321e+02 429 0 1 4.582e+02 5.078e+02 461 0 3 5.854e+02 6.326e+02 439 2 1 4.305e+01 8.295e+01 370 2 4 1.439e+02 1.921e+02 448
45603 20 0 3 2.684e+02 2.776e+02 85 0 4 4.151e+02 4.249e+02 90 0 2 2.399e+02 2.641e+02 224 0 1 2.616e+02 2.844e+02 212 0 4 4.093e+02 4.307e+02 199 0 4 3.080e+01 5.320e+01 208 0 3 4.276e+02 4.544e+02 250 0 4 2.537e+01 5.863e+01 309 2 3 5.242e+02 5.258e+02 16 2 4 3.751e+02 3.809e+02 54 2 1 5.164e+02 5.336e+02 160 2 1 1.770e+01 2.430e+01 61 2 3 3.878e+02 4.102e+02 208 2 2 3.650e+01 4.750e+01 102 2 2 5.279e+02 5.641e+02 336 2 4 3.403e+01 4.997e+01 148 2 4 4.873e+02 5.207e+02 310 2 3 5.296e+01 7.304e+01 186 2 1 4.459e+00 3.754e+01 307 2 3 8.588e+00 3.341e+01 230
45604 0
45605 0
45606 2 1 3 1.427e+02 1.513e+02 80 2 3 1.626e+01 2.574e+01 88
45607 5 0 3 6.070e+02 6.110e+02 38 0 1 5.585e+02 5.755e+02 157 0 4 6.281e+02 6.319e+02 35 1 3 2.303e+02 2.317e+02 14 2 3 2.012e+01 2.188e+01 16
45608 0
45609 4 0 2 6.713e+02 6.727e+02 14 1 3 4.381e+02 4.439e+02 53 2 4 2.519e+02 2.521e+02 2 2 4 1.937e+02 2.263e+02 302
45610 10 0 1 2.693e+02 2.767e+02 69 0 2 2.920e+02 2.960e+02 38 0 2 6.690e+02 6.750e+02 56 0 4 6.134e+02 6.466e+02 308 0 4 6.634e+02 6.806e+02 159 2 4 5.040e+02 5.040e+02 -20 2 4 2.100e+02 2.100e+02 -3 2 3 1.734e+01 2.466e+01 68 2 3 5.134e+02 5.366e+02 216 2 2 2.945e+01 5.455e+01 233
45611 7 0 1 4.662e+02 4.998e+02 311 2 1 1.455e+02 1.485e+02 27 2 3 4.378e+02 4.442e+02 59 2 4 1.222e+02 1.298e+02 71 2 2 1.139e+02 1.381e+02 226 2 3 1.293e+02 1.647e+02 328 2 3 8.303e+01 1.270e+02 408
45612 11 0 2 6.275e+02 6.325e+02 47 0 1 6.493e+02 6.527e+02 32 0 3 6.444e+02 6.576e+02 123 0 1 5.900e+02 6.280e+02 352 0 4 6.130e+02 6.470e+02 316 2 2 3.345e+02 3.375e+02 28 2 3 1.463e+02 1.477e+02 14 2 3 1.796e+02 1.984e+02 174 2 4 1.956e+02 2.244e+02 267 2 2 2.850e+02 3.030e+02 168 2 1 5.162e+01 7.438e+01 211
45615 1 1 2 8.375e+01 8.425e+01 5
45617 8 1 2 6.292e+02 6.308e+02 15 1 1 6.001e+02 6.179e+02 166 1 4 6.178e+02 6.422e+02 227 2 3 3.557e+02 3.583e+02 24 2 4 1.238e+02 1.282e+02 40 2 4 3.352e+02 3.368e+02 16 2 3 4.884e+01 7.716e+01 263 2 4 4.844e+02 5.236e+02 365
45618 0
45622 4 0 3 4.407e+02 4.413e+02 6 0 4 4.536e+02 4.704e+02 156 0 1 3.947e+02 4.033e+02 80 0 1 3.869e+02 4.111e+02 226
45623 22 0 3 6.088e+02 6.092e+02 5 0 2 3.356e+02 3.364e+02 7 0 1 6.083e+02 6.097e+02 12 0 2 8.326e+01 8.474e+01 14 0 2 6.674e+02 6.766e+02 86 0 1 3.555e+02 3.585e+02 27 0 2 6.273e+02 6.327e+02 50 0 3 5.126e+01 7.474e+01 218 0 4 6.702e+02 6.738e+02 33 0 4 8.303e+01 8.497e+01 18 0 4 5.771e+02 5.989e+02 202 0 2 3.693e+02 3.867e+02 161 0 1 6.388e+02 6.632e+02 226 0 4 3.259e+02 3.461e+02 187 0 4 6.155e+02 6.445e+02 269 0 2 3.629e+02 3.931e+02 280 0 3 6.369e+02 6.651e+02 262 0 1 5.920e+02 6.260e+02 316 2 1 5.593e+01 7.007e+01 131 2 3 6.149e+01 6.451e+01 28 2 2 6.867e+01 9.933e+01 285 2 4 3.408e+01 4.992e+01 147
45624 4 0 4 4.903e+02 5.177e+02 255 0 4 4.487e+02 4.753e+02 247 1 4 6.272e+02 6.328e+02 51 1 1 5.623e+02 5.717e+02 87
45625 4 0 3 5.975e+02 6.205e+02 213 2 2 1.165e+02 1.355e+02 176 2 3 8.254e+01 1.275e+02 417 2 1 1.218e+02 1.722e+02 469
45627 0
45628 46 0 4 6.710e+02 6.730e+02 18 0 1 5.225e+02 5.275e+02 47 0 2 3.262e+02 3.458e+02 182 0 1 6.031e+02 6.149e+02 110 0 4 3.617e+02 3.943e+02 303 0 1 6.506e+02 6.514e+02 8 0 4 4.121e+02 4.279e+02 147 0 1 3.369e+02 3.771e+02 374 0 3 5.233e+02 5.267e+02 31 0 2 6.239e+02 6.361e+02 113 0 3 6.453e+02 6.567e+02 106 0 3 4.365e+02 4.455e+02 83 0 3 5.033e+02 5.467e+02 403 0 4 6.213e+02 6.387e+02 161 0 2 6.710e+02 6.730e+02 18 0 3 3.892e+02 4.088e+02 181 0 2 4.846e+02 5.234e+02 360 0 3 5.938e+02 6.242e+02 282 0 3 6.394e+02 6.626e+02 216 0 1 5.905e+02 6.275e+02 343 0 4 6.546e+02 6.894e+02 324 0 2 6.038e+02 6.562e+02 486 0 1 6.342e+02 6.678e+02 311 0 2 6.550e+02 6.890e+02 316 1 2 6.268e+02 6.332e+02 60 1 4 6.185e+02 6.415e+02 213 1 1 5.897e+02 6.283e+02 358 2 2 3.340e+02 3.380e+02 38 2 3 1.014e+02 1.086e+02 67 2 4 6.708e+02 6.732e+02 21 2 2 1.669e+02 1.691e+02 20 2 1 2.279e+02 2.341e+02 57 2 3 3.098e+02 3.202e+02 97 2 4 6.528e+02 6.912e+02 357 2 1 3.550e+02 3.590e+02 38 2 3 1.360e+02 1.580e+02 205 2 4 2.048e+02 2.152e+02 97 2 1 5.088e+00 3.691e+01 296 2 4 6.544e+01 1.026e+02 345 2 4 1.548e+02 1.812e+02 245 2 1 2.225e+02 2.395e+02 158 2 4 2.760e+02 3.120e+02 334 2 4 2.205e+01 6.195e+01 370 2 1 1.778e+02 2.002e+02 209 2 3 2.235e+02 2.385e+02 140 2 2 1.924e+02 2.276e+02 326
45633 0
45637 23 0 2 6.205e+02 6.395e+02 176 0 3 5.867e+02 6.313e+02 414 0 1 6.272e+02 6.748e+02 441 0 2 4.819e+02 5.261e+02 410 0 1 5.039e+02 5.461e+02 391 0 4 6.074e+02 6.526e+02 420 0 3 4.999e+02 5.501e+02 466 0 2 6.050e+02 6.550e+02 464 1 1 5.642e+02 5.698e+02 51 1 4 5.836e+02 5.924e+02 81 1 3 5.556e+02 5.784e+02 212 1 4 6.087e+02 6.513e+02 395 1 2 5.766e+02 5.994e+02 211 1 3 5.427e+02 5.913e+02 451 1 2 5.195e+02 5.725e+02 492 2 2 8.159e+01 8.641e+01 45 2 2 2.082e+02 2.118e+02 34 2 1 5.927e+02 6.253e+02 302 2 4 7.015e+01 9.785e+01 257 2 4 1.969e+02 2.231e+02 243 2 1 4.363e+01 8.237e+01 360 2 3 1.728e+02 2.052e+02 301 2 2 1.877e+01 6.523e+01 431
45638 4 0 4 5.842e+02 5.918e+02 71 0 3 5.532e+02 5.808e+02 256 2 1 1.317e+01 2.883e+01 146 2 3 1.631e+01 2.569e+01 87
