26885 5 0 4 6.242e+02 6.358e+02 108 0 4 5.632e+02 6.128e+02 460 1 1 5.862e+02 6.318e+02 424 1 4 6.046e+02 6.554e+02 472 2 1 -1.955e+00 4.396e+01 426
26891 0
26893 7 0 4 5.830e+02 5.930e+02 93 0 4 6.720e+02 6.720e+02 -21 0 1 6.473e+02 6.547e+02 69 0 1 5.222e+02 5.278e+02 52 0 3 6.443e+02 6.577e+02 125 0 3 5.160e+02 5.340e+02 167 0 4 6.594e+02 6.846e+02 234
26894 12 0 4 6.706e+02 6.734e+02 26 0 2 6.670e+02 6.770e+02 93 0 1 6.387e+02 6.633e+02 229 0 3 6.339e+02 6.681e+02 318 0 2 6.602e+02 6.838e+02 220 2 4 8.213e+01 8.587e+01 35 2 3 1.455e+02 1.485e+02 28 2 4 1.601e+02 1.759e+02 147 2 1 1.407e+02 1.533e+02 116 2 3 1.704e+02 2.076e+02 345 2 3 1.289e+02 1.651e+02 336 2 2 1.492e+02 1.868e+02 350
26896 1 2 4 7.240e+01 9.560e+01 216
26898 0
26899 16 0 2 6.704e+02 6.736e+02 29 0 1 5.629e+02 5.711e+02 76 0 4 6.222e+02 6.378e+02 145 0 4 6.720e+02 6.720e+02 0 0 2 5.355e+02 5.565e+02 196 0 3 6.438e+02 6.582e+02 134 1 4 5.880e+02 5.880e+02 -0 1 4 6.267e+02 6.333e+02 60 1 2 5.794e+02 5.966e+02 159 1 1 6.013e+02 6.167e+02 143 1 3 5.992e+02 6.188e+02 182 1 3 5.928e+02 6.252e+02 301 2 3 5.637e+02 5.703e+02 60 2 3 5.122e+01 7.478e+01 219 2 2 5.870e+02 5.890e+02 19 2 4 5.312e+02 5.608e+02 275
26901 0
26902 3 0 2 6.258e+02 6.342e+02 78 0 4 6.240e+02 6.360e+02 111 0 3 6.356e+02 6.664e+02 286
26903 6 0 3 4.800e+02 4.860e+02 56 0 4 4.856e+02 5.224e+02 341 2 2 4.130e+01 4.270e+01 13 2 1 6.113e+01 6.487e+01 35 2 1 4.996e+01 7.604e+01 242 2 2 7.284e+01 9.516e+01 207
26905 0
26906 0
26907 14 0 3 5.233e+02 5.267e+02 31 0 2 6.236e+02 6.364e+02 118 0 4 6.713e+02 6.727e+02 13 0 3 4.746e+02 4.914e+02 156 0 4 6.265e+02 6.335e+02 65 0 2 6.634e+02 6.806e+02 160 0 2 4.912e+02 5.168e+02 238 0 3 5.079e+02 5.421e+02 317 0 1 5.921e+02 6.259e+02 315 0 4 6.545e+02 6.895e+02 325 0 3 5.896e+02 6.284e+02 360 2 4 2.468e+02 2.572e+02 97 2 3 2.683e+02 2.777e+02 88 2 2 2.351e+02 2.689e+02 314
26908 10 0 1 4.822e+02 4.838e+02 16 0 4 5.000e+02 5.080e+02 74 0 2 4.976e+02 5.104e+02 119 0 3 4.635e+02 5.025e+02 361 2 2 4.027e+01 4.373e+01 32 2 3 6.483e+02 6.537e+02 50 2 4 5.768e+02 5.992e+02 209 2 4 3.084e+01 5.316e+01 207 2 1 5.157e+01 7.443e+01 212 2 3 6.031e+00 3.597e+01 278
26911 8 2 1 1.734e+01 2.466e+01 68 2 2 7.684e+01 9.116e+01 133 2 3 1.460e+01 2.740e+01 119 2 4 7.222e+01 9.578e+01 219 2 1 4.893e+01 7.707e+01 261 2 3 5.301e+01 7.299e+01 186 2 1 6.616e+00 3.538e+01 267 2 3 6.256e+00 3.574e+01 274
26912 14 0 1 5.637e+02 5.703e+02 62 0 1 3.122e+02 3.178e+02 52 0 1 4.804e+02 4.856e+02 49 0 1 2.694e+02 2.766e+02 66 0 3 5.623e+02 5.717e+02 87 0 2 4.950e+02 5.130e+02 168 0 2 3.211e+02 3.509e+02 276 0 3 5.228e+02 5.272e+02 41 0 4 5.770e+02 5.990e+02 204 0 2 6.567e+02 6.873e+02 284 2 1 1.415e+01 2.785e+01 127 2 3 1.469e+01 2.731e+01 117 2 2 3.174e+01 5.226e+01 190 2 4 2.676e+01 5.724e+01 283
26913 0
26914 0
26917 0
26918 12 0 2 6.709e+02 6.731e+02 20 0 4 6.704e+02 6.736e+02 30 0 1 6.311e+02 6.709e+02 369 2 1 1.874e+02 1.906e+02 30 2 1 1.426e+02 1.514e+02 81 2 1 2.272e+02 2.348e+02 70 2 2 7.702e+01 9.098e+01 130 2 4 7.248e+01 9.552e+01 214 2 1 1.266e+02 1.674e+02 379 2 1 2.137e+02 2.483e+02 320 2 3 9.043e+01 1.196e+02 270 2 2 6.634e+01 1.017e+02 328
26919 0
26920 24 2 3 1.868e+01 2.332e+01 43 2 4 2.904e+02 2.976e+02 67 2 3 5.231e+02 5.269e+02 35 2 4 3.744e+01 4.656e+01 85 2 2 5.868e+02 5.892e+02 22 2 1 3.122e+02 3.178e+02 51 2 2 6.709e+02 6.731e+02 20 2 1 3.438e+02 3.702e+02 245 2 4 5.446e+02 5.474e+02 26 2 1 8.945e+00 3.305e+01 224 2 1 6.075e+02 6.105e+02 27 2 3 3.041e+02 3.259e+02 202 2 3 6.398e+02 6.622e+02 209 2 2 2.918e+01 5.482e+01 238 2 3 5.587e+02 5.753e+02 154 2 3 2.560e+02 2.900e+02 316 2 4 5.771e+02 5.989e+02 202 2 3 3.069e+00 3.893e+01 333 2 4 6.568e+02 6.872e+02 281 2 2 2.759e+02 3.121e+02 336 2 2 5.296e+02 5.624e+02 305 2 3 5.900e+02 6.280e+02 353 2 4 5.260e+02 5.660e+02 371 3 3 6.387e+00 3.561e+01 271
26921 6 0 4 6.566e+02 6.874e+02 286 0 1 6.331e+02 6.689e+02 333 0 3 6.303e+02 6.717e+02 385 0 2 6.535e+02 6.905e+02 344 2 4 1.556e+02 1.804e+02 230 2 4 1.995e+02 2.205e+02 196
26922 19 0 2 6.581e+02 6.859e+02 258 0 4 6.536e+02 6.904e+02 342 1 3 6.079e+02 6.101e+02 20 1 2 6.287e+02 6.313e+02 24 1 4 6.168e+02 6.432e+02 246 1 1 5.987e+02 6.193e+02 191 2 3 2.293e+02 2.327e+02 32 2 3 4.389e+02 4.431e+02 40 2 1 6.073e+01 6.527e+01 42 2 1 1.424e+02 1.516e+02 85 2 2 4.523e+02 4.717e+02 180 2 4 2.077e+02 2.123e+02 43 2 4 4.086e+02 4.314e+02 211 2 1 2.003e+01 2.197e+01 18 2 3 1.461e+02 1.479e+02 16 2 1 4.268e+02 4.552e+02 263 2 1 4.772e+00 3.723e+01 301 2 4 1.064e+02 1.456e+02 365 2 2 1.503e+02 1.857e+02 328
26923 10 0 3 1.723e+00 4.028e+01 358 0 1 4.226e+02 4.594e+02 342 0 2 6.516e+02 6.924e+02 379 0 4 6.487e+02 6.953e+02 433 1 2 6.217e+02 6.383e+02 155 1 2 6.153e+02 6.447e+02 274 1 4 6.125e+02 6.475e+02 326 2 2 7.159e+01 9.641e+01 230 2 2 1.546e+02 1.814e+02 248 2 3 1.242e+02 1.698e+02 424
26924 6 0 1 6.056e+02 6.124e+02 64 0 3 6.046e+02 6.134e+02 82 0 4 5.731e+02 6.029e+02 276 0 2 6.589e+02 6.851e+02 244 0 4 6.561e+02 6.879e+02 296 2 3 6.344e+00 3.566e+01 272
26926 1 0 1 -3.975e+00 4.597e+01 464
26928 10 0 3 5.250e+02 5.250e+02 -22 0 1 5.639e+02 5.701e+02 58 0 3 5.996e+02 6.184e+02 174 0 2 6.215e+02 6.385e+02 158 0 4 6.191e+02 6.409e+02 203 0 2 6.626e+02 6.814e+02 175 2 3 1.459e+02 1.481e+02 21 2 2 1.530e+02 1.830e+02 279 2 4 5.775e+02 5.985e+02 195 2 4 1.505e+02 1.855e+02 325
26931 5 0 2 2.451e+02 2.589e+02 128 0 1 2.639e+02 2.821e+02 170 0 3 2.664e+02 2.796e+02 123 0 4 2.828e+02 3.052e+02 207 0 2 2.760e+02 3.120e+02 335
26934 3 2 4 6.106e+02 6.494e+02 360 2 3 6.331e+02 6.689e+02 333 2 4 6.557e+02 6.883e+02 302
26935 11 0 2 6.471e+02 6.969e+02 463 2 2 3.695e+02 3.865e+02 157 2 1 3.852e+02 4.128e+02 256 2 4 3.700e+02 3.860e+02 148 2 3 3.869e+02 4.111e+02 225 3 1 3.882e+02 4.098e+02 200 3 3 4.316e+02 4.504e+02 176 3 2 4.103e+02 4.297e+02 180 3 4 4.090e+02 4.310e+02 205 3 1 4.319e+02 4.501e+02 169 3 3 4.247e+02 4.573e+02 302
