16220 0
16221 6 2 3 1.446e+02 1.494e+02 45 2 2 1.648e+02 1.712e+02 59 2 4 1.080e+02 1.440e+02 334 3 1 2.017e+01 2.183e+01 16 3 1 6.270e+01 6.330e+01 6 3 1 2.531e+00 3.947e+01 343
16223 28 0 2 6.285e+02 6.315e+02 27 0 2 2.517e+02 2.523e+02 6 0 1 6.461e+02 6.559e+02 90 0 1 2.232e+02 2.388e+02 145 0 3 4.754e+02 4.906e+02 140 0 3 2.697e+02 2.763e+02 61 0 3 5.233e+02 5.267e+02 32 0 4 2.456e+02 2.584e+02 119 0 4 6.282e+02 6.318e+02 33 0 4 2.814e+02 3.066e+02 235 0 3 6.437e+02 6.583e+02 136 0 3 2.164e+02 2.456e+02 271 0 2 4.528e+02 4.712e+02 170 0 2 5.314e+02 5.606e+02 271 0 3 6.007e+02 6.173e+02 155 0 4 6.662e+02 6.778e+02 107 0 4 4.468e+02 4.772e+02 283 0 4 6.170e+02 6.430e+02 241 0 2 6.580e+02 6.860e+02 260 0 1 4.691e+02 4.969e+02 258 0 4 6.599e+02 6.841e+02 224 1 2 6.212e+02 6.388e+02 164 1 4 6.160e+02 6.440e+02 260 2 4 6.280e+02 6.320e+02 38 2 4 5.873e+02 5.887e+02 13 2 1 1.500e+01 2.700e+01 111 2 4 6.694e+02 6.746e+02 48 2 3 5.984e+00 3.602e+01 279
16224 1 1 2 1.866e+02 2.334e+02 434
16225 12 0 4 6.278e+02 6.322e+02 41 0 1 5.572e+02 5.768e+02 181 0 2 6.275e+02 6.325e+02 46 0 3 5.587e+02 5.753e+02 154 0 1 5.942e+02 6.238e+02 275 0 3 6.319e+02 6.701e+02 355 1 3 5.627e+02 5.713e+02 80 1 1 6.077e+02 6.103e+02 25 1 4 5.721e+02 6.039e+02 295 1 3 5.930e+02 6.250e+02 296 1 2 5.689e+02 6.071e+02 355 2 1 2.186e+02 2.434e+02 230
16226 25 0 4 6.595e+02 6.845e+02 232 0 2 6.560e+02 6.880e+02 296 2 3 2.021e+01 2.179e+01 15 2 4 1.635e+02 1.725e+02 84 2 4 5.459e+02 5.461e+02 2 2 3 2.722e+02 2.738e+02 16 2 4 5.006e+02 5.074e+02 64 2 2 4.045e+01 4.355e+01 29 2 3 5.633e+02 5.707e+02 69 2 1 1.854e+02 1.926e+02 67 2 4 5.783e+02 5.977e+02 180 2 4 2.394e+02 2.646e+02 235 2 2 4.903e+02 5.177e+02 255 2 4 2.907e+02 2.973e+02 61 2 1 5.213e+02 5.287e+02 69 2 2 6.917e+01 9.883e+01 276 2 3 5.115e+02 5.385e+02 250 2 2 1.598e+02 1.762e+02 151 2 1 3.134e+02 3.166e+02 30 2 1 4.673e+01 7.927e+01 302 2 3 1.704e+02 2.076e+02 345 2 2 2.832e+02 3.048e+02 200 2 1 3.070e+02 3.230e+02 148 2 1 2.578e+02 2.882e+02 283 2 3 2.965e+02 3.335e+02 343
16227 23 0 1 6.509e+02 6.511e+02 2 0 2 6.287e+02 6.313e+02 24 0 4 3.759e+02 3.801e+02 40 0 4 6.247e+02 6.353e+02 98 0 2 3.242e+02 3.478e+02 220 0 1 2.970e+02 3.330e+02 334 0 3 6.373e+02 6.647e+02 254 0 1 3.400e+02 3.740e+02 316 0 2 6.573e+02 6.867e+02 274 0 4 6.569e+02 6.871e+02 280 1 2 5.020e+02 5.060e+02 37 1 2 6.143e+02 6.457e+02 291 2 3 1.030e+02 1.070e+02 38 2 3 6.068e+01 6.532e+01 43 2 2 8.400e+01 8.400e+01 -5 2 1 1.425e+02 1.515e+02 83 2 4 1.132e+02 1.388e+02 238 2 3 1.469e+02 1.471e+02 2 2 1 4.803e+01 7.797e+01 278 2 4 7.500e+01 9.300e+01 167 2 2 1.506e+02 1.854e+02 323 2 3 4.709e+01 7.891e+01 296 2 2 1.097e+02 1.423e+02 303
16229 15 0 1 3.131e+02 3.169e+02 35 0 4 6.263e+02 6.337e+02 70 0 4 3.341e+02 3.379e+02 36 0 3 6.452e+02 6.568e+02 108 0 2 2.808e+02 3.072e+02 245 0 1 5.989e+02 6.191e+02 187 0 3 5.949e+02 6.231e+02 261 2 3 1.035e+02 1.065e+02 28 2 4 5.451e+02 5.469e+02 16 2 3 1.362e+01 2.838e+01 137 2 4 2.829e+01 5.571e+01 255 2 2 1.144e+02 1.376e+02 216 2 3 5.541e+02 5.799e+02 239 2 3 3.411e+02 3.729e+02 295 2 4 6.639e+01 1.016e+02 327
16232 4 0 2 6.698e+02 6.742e+02 41 0 3 4.342e+02 4.478e+02 126 0 2 4.538e+02 4.702e+02 153 0 4 6.711e+02 6.729e+02 16
16233 4 0 2 6.146e+02 6.454e+02 286 0 4 6.118e+02 6.482e+02 338 0 2 6.490e+02 6.950e+02 426 0 4 6.464e+02 6.976e+02 475
16235 10 2 4 5.312e+02 5.608e+02 276 2 4 6.531e+01 1.027e+02 347 3 3 1.852e+02 1.928e+02 71 3 1 1.376e+02 1.564e+02 175 3 2 2.010e+02 2.190e+02 166 3 3 3.025e+02 3.275e+02 233 3 3 1.367e+02 1.573e+02 190 3 1 1.789e+02 1.991e+02 187 3 2 1.164e+02 1.356e+02 178 3 4 1.161e+02 1.359e+02 184
16236 2 0 1 6.496e+02 6.524e+02 26 1 1 9.800e+00 3.220e+01 208
16237 16 0 1 4.817e+02 4.843e+02 24 0 2 4.953e+02 5.127e+02 161 0 4 4.029e+02 4.371e+02 318 0 3 4.717e+02 4.943e+02 210 2 2 3.773e+02 3.787e+02 14 2 2 4.197e+02 4.203e+02 6 2 4 3.349e+02 3.371e+02 21 2 4 6.144e+02 6.456e+02 289 2 4 4.094e+01 4.306e+01 20 2 2 4.018e+02 4.382e+02 338 2 2 7.756e+01 9.044e+01 120 2 3 3.563e+02 3.577e+02 12 2 1 5.570e+01 7.030e+01 136 2 4 3.196e+02 3.524e+02 306 2 3 4.889e+01 7.711e+01 262 2 1 3.409e+02 3.731e+02 299
16238 2 2 4 3.554e+02 4.006e+02 419 3 4 2.069e+02 2.131e+02 58
16239 2 2 2 4.166e+02 4.234e+02 64 2 3 3.863e+02 4.117e+02 236
16240 8 0 3 5.250e+02 5.250e+02 -9 0 3 6.452e+02 6.568e+02 107 0 3 6.069e+02 6.111e+02 39 0 4 6.197e+02 6.403e+02 191 2 1 2.278e+02 2.342e+02 59 2 2 8.151e+01 8.649e+01 46 2 4 7.500e+01 9.300e+01 167 2 4 1.152e+02 1.368e+02 201
16242 14 0 1 6.036e+02 6.144e+02 100 0 2 6.694e+02 6.746e+02 48 0 3 6.056e+02 6.124e+02 64 0 4 5.700e+02 6.060e+02 334 1 2 6.120e+02 6.480e+02 335 2 1 1.463e+02 1.477e+02 13 2 2 3.556e+01 4.844e+01 120 2 2 1.254e+02 1.266e+02 11 2 1 2.600e+02 2.860e+02 242 2 4 3.672e+01 4.728e+01 98 2 4 1.147e+02 1.373e+02 210 2 1 1.713e+02 2.067e+02 329 2 3 4.821e+01 7.779e+01 275 2 3 8.860e+01 1.214e+02 305
16243 20 0 1 3.043e+02 3.257e+02 198 0 4 6.193e+02 6.407e+02 198 0 4 3.281e+02 3.439e+02 146 0 2 6.631e+02 6.809e+02 165 0 2 3.159e+02 3.561e+02 374 0 2 4.521e+02 4.719e+02 183 0 4 6.628e+02 6.812e+02 171 0 3 4.661e+02 4.999e+02 315 0 4 5.687e+02 6.073e+02 358 0 1 4.173e+02 4.647e+02 440 0 4 4.364e+02 4.876e+02 475 1 4 1.660e+02 1.700e+02 36 1 4 5.358e+02 5.562e+02 190 2 2 1.249e+02 1.271e+02 21 2 4 1.232e+02 1.288e+02 51 2 3 1.275e+02 1.665e+02 363 2 3 3.731e+01 8.869e+01 477 2 2 7.607e+01 9.193e+01 147 2 1 3.623e+01 8.977e+01 497 2 4 6.759e+01 1.004e+02 305
16244 5 1 1 4.759e+02 4.901e+02 131 2 3 1.012e+02 1.088e+02 71 2 1 5.650e+02 5.690e+02 36 2 2 4.113e+02 4.287e+02 162 2 4 6.953e+01 9.847e+01 269
16245 35 0 3 4.810e+02 4.850e+02 38 0 1 3.130e+02 3.170e+02 36 0 2 5.446e+02 5.474e+02 26 0 2 3.317e+02 3.403e+02 80 0 2 6.281e+02 6.319e+02 35 0 4 3.269e+02 3.451e+02 170 0 4 4.180e+02 4.220e+02 38 0 1 4.737e+02 4.923e+02 173 0 1 5.647e+02 5.693e+02 43 0 4 6.300e+02 6.300e+02 -7 0 4 6.720e+02 6.720e+02 0 0 3 3.951e+02 4.029e+02 72 0 2 4.496e+02 4.744e+02 230 0 1 5.974e+02 6.206e+02 215 0 1 6.489e+02 6.531e+02 40 0 4 4.854e+02 5.226e+02 346 0 1 5.191e+02 5.309e+02 110 0 3 5.953e+02 6.227e+02 255 0 3 6.464e+02 6.556e+02 86 0 3 5.117e+02 5.383e+02 247 0 4 6.144e+02 6.456e+02 290 0 3 6.386e+02 6.634e+02 230 0 2 5.332e+02 5.588e+02 237 0 4 6.571e+02 6.869e+02 277 0 1 6.318e+02 6.702e+02 357 1 2 6.300e+02 6.300e+02 -10 1 2 5.449e+02 5.471e+02 21 1 1 6.061e+02 6.119e+02 54 1 3 6.007e+02 6.173e+02 154 1 2 5.278e+02 5.642e+02 337 1 4 6.261e+02 6.339e+02 73 1 2 6.143e+02 6.457e+02 292 2 1 1.450e+02 1.490e+02 36 2 3 5.449e+01 7.151e+01 158 2 3 1.303e+01 2.897e+01 148
16246 10 0 2 6.242e+02 6.358e+02 108 0 3 6.377e+02 6.643e+02 247 0 1 5.174e+02 5.326e+02 140 0 4 6.206e+02 6.394e+02 174 0 3 5.089e+02 5.411e+02 300 0 4 5.726e+02 6.034e+02 286 0 2 6.108e+02 6.492e+02 356 0 4 6.115e+02 6.485e+02 344 2 4 1.564e+02 1.796e+02 216 2 3 2.116e+02 2.504e+02 360
16247 2 0 1 5.615e+02 5.725e+02 103 0 3 5.557e+02 5.783e+02 210
16248 5 2 3 1.817e+02 1.963e+02 136 2 2 2.050e+02 2.150e+02 92 2 4 1.495e+02 1.865e+02 344 2 4 1.902e+02 2.298e+02 367 2 1 2.123e+02 2.497e+02 348
16249 9 0 1 6.510e+02 6.510e+02 -1 0 2 6.258e+02 6.342e+02 79 0 2 6.586e+02 6.854e+02 250 0 1 5.867e+02 6.313e+02 414 0 3 5.860e+02 6.320e+02 426 2 4 3.803e+01 4.597e+01 74 2 1 5.754e+01 6.846e+01 101 2 3 5.086e+01 7.514e+01 226 2 2 3.210e+01 5.190e+01 184
16250 22 1 4 4.590e+02 4.650e+02 56 1 2 5.024e+02 5.056e+02 30 1 2 6.284e+02 6.316e+02 30 1 2 6.161e+02 6.439e+02 258 1 1 4.635e+02 5.025e+02 362 1 4 6.179e+02 6.421e+02 224 2 4 2.509e+02 2.531e+02 20 2 4 5.878e+02 5.882e+02 4 2 3 3.543e+02 3.597e+02 50 2 1 6.075e+02 6.105e+02 28 2 3 1.885e+02 1.895e+02 10 2 1 6.397e+02 6.623e+02 210 2 4 3.279e+02 3.441e+02 150 2 3 6.073e+02 6.107e+02 31 2 1 1.748e+02 2.032e+02 264 2 3 5.481e+02 5.859e+02 350 2 2 1.957e+02 2.243e+02 266 2 2 6.257e+02 6.343e+02 80 2 4 1.511e+02 1.849e+02 314 2 2 5.795e+02 5.965e+02 158 2 1 5.975e+02 6.205e+02 213 2 3 5.893e+02 6.287e+02 366
16251 7 0 1 6.488e+02 6.532e+02 41 0 2 6.720e+02 6.720e+02 -6 0 4 6.715e+02 6.725e+02 9 2 4 8.298e+01 8.502e+01 19 2 2 7.468e+01 9.332e+01 173 2 3 9.192e+01 1.181e+02 243 2 2 6.688e+01 1.011e+02 318
16252 0
16253 0
16255 9 0 2 6.635e+02 6.805e+02 157 0 4 6.598e+02 6.842e+02 227 2 2 3.614e+01 4.786e+01 109 2 3 9.950e+01 1.105e+02 102 2 4 3.686e+01 4.714e+01 96 2 2 7.706e+01 9.094e+01 129 2 3 5.229e+01 7.371e+01 199 2 3 8.498e+00 3.350e+01 232 2 2 6.091e+01 1.071e+02 429
16256 0
16257 14 2 1 5.218e+02 5.282e+02 59 3 1 5.665e+02 5.675e+02 10 3 3 4.395e+02 4.425e+02 27 3 3 5.210e+02 5.290e+02 74 3 4 4.512e+02 4.728e+02 200 3 2 5.458e+02 5.462e+02 3 3 2 4.050e+02 4.350e+02 278 3 1 4.789e+02 4.871e+02 76 3 4 5.338e+02 5.582e+02 226 3 1 4.293e+02 4.527e+02 217 3 4 4.937e+02 5.143e+02 192 3 2 4.419e+02 4.821e+02 374 3 1 5.052e+02 5.448e+02 367 3 3 5.089e+02 5.411e+02 299
16258 0
16259 2 0 3 6.268e+02 6.752e+02 449 2 2 1.958e+01 6.442e+01 416
16260 4 0 1 3.901e+02 4.079e+02 165 0 2 3.661e+02 3.899e+02 221 0 3 3.913e+02 4.067e+02 142 0 4 3.659e+02 3.901e+02 226
