46033 3 2 3 4.710e+02 4.950e+02 222 2 4 4.950e+02 5.130e+02 168 2 3 5.086e+02 5.414e+02 304
46034 4 2 2 2.922e+02 2.958e+02 33 2 4 2.910e+02 2.970e+02 56 2 3 2.669e+02 2.791e+02 113 2 4 2.809e+02 3.071e+02 244
46035 15 0 1 6.090e+02 6.090e+02 -1 0 2 3.314e+02 3.406e+02 86 0 3 6.040e+02 6.140e+02 93 0 4 3.301e+02 3.419e+02 110 0 1 2.981e+02 3.319e+02 315 0 4 6.179e+02 6.421e+02 224 0 2 6.139e+02 6.461e+02 299 1 4 6.300e+02 6.300e+02 -14 1 2 4.997e+02 5.083e+02 80 1 1 4.750e+02 4.910e+02 149 1 1 5.994e+02 6.186e+02 179 1 3 5.945e+02 6.235e+02 269 1 2 6.191e+02 6.409e+02 202 2 3 5.923e+02 6.257e+02 310 2 3 3.406e+02 3.734e+02 305
46037 12 0 2 5.439e+02 5.481e+02 40 0 4 4.187e+02 4.213e+02 25 0 4 4.994e+02 5.086e+02 85 0 3 5.655e+02 5.685e+02 27 0 4 4.065e+02 4.335e+02 250 0 1 5.218e+02 5.282e+02 60 0 4 5.736e+02 6.024e+02 268 0 3 3.839e+02 4.141e+02 281 0 3 5.069e+02 5.431e+02 336 1 4 6.280e+02 6.320e+02 37 1 4 5.871e+02 5.889e+02 16 1 4 5.742e+02 6.018e+02 256
46038 4 0 2 6.625e+02 6.815e+02 176 0 4 6.598e+02 6.842e+02 227 2 3 1.467e+02 1.473e+02 6 2 4 1.154e+02 1.366e+02 196
46039 2 2 1 1.693e+01 2.507e+01 76 3 1 5.235e+02 5.265e+02 28
46040 61 0 2 6.295e+02 6.305e+02 9 0 4 3.340e+02 3.380e+02 36 0 1 4.402e+02 4.418e+02 15 0 4 1.609e+02 1.751e+02 131 0 4 4.593e+02 4.647e+02 50 0 1 3.117e+02 3.183e+02 60 0 1 6.430e+02 6.590e+02 148 0 2 3.256e+02 3.464e+02 193 0 2 4.484e+02 4.756e+02 253 0 1 5.965e+02 6.215e+02 232 0 3 4.227e+02 4.593e+02 340 0 2 4.888e+02 5.192e+02 282 0 3 5.097e+02 5.403e+02 285 0 3 5.934e+02 6.246e+02 290 0 3 6.356e+02 6.664e+02 286 1 2 4.171e+02 4.229e+02 54 1 4 5.875e+02 5.885e+02 10 1 3 6.026e+02 6.154e+02 120 1 1 5.654e+02 5.686e+02 30 1 2 6.272e+02 6.328e+02 52 1 3 5.587e+02 5.753e+02 154 1 1 5.966e+02 6.214e+02 230 1 2 5.819e+02 5.941e+02 113 1 1 5.897e+02 6.283e+02 359 1 3 5.524e+02 5.816e+02 270 1 4 6.113e+02 6.487e+02 348 1 2 5.760e+02 6.000e+02 223 2 3 6.257e+01 6.343e+01 8 2 3 5.212e+02 5.288e+02 71 2 4 1.254e+02 1.266e+02 10 2 1 1.461e+02 1.479e+02 17 2 4 2.058e+02 2.142e+02 77 2 1 3.838e+02 4.142e+02 282 2 2 2.903e+02 2.977e+02 69 2 4 5.707e+02 6.053e+02 320 2 4 4.143e+01 4.257e+01 10 2 2 4.023e+02 4.377e+02 328 2 2 8.173e+01 8.627e+01 42 2 3 5.902e+02 6.278e+02 349 2 3 1.428e+02 1.512e+02 79 2 2 2.471e+02 2.569e+02 91 2 1 2.667e+02 2.793e+02 116 2 2 3.318e+01 5.082e+01 164 2 2 1.205e+02 1.315e+02 102 2 3 1.840e+02 1.940e+02 92 2 4 2.428e+02 2.612e+02 170 2 3 2.682e+02 2.778e+02 89 2 1 4.920e+01 7.680e+01 256 2 2 7.042e+01 9.758e+01 252 2 2 1.606e+02 1.754e+02 137 2 2 2.012e+02 2.188e+02 164 2 2 2.741e+02 3.139e+02 370 2 1 3.022e+00 3.898e+01 334 2 3 8.770e+01 1.223e+02 321 2 1 1.709e+02 2.071e+02 336 2 1 2.213e+02 2.407e+02 180 2 4 2.622e+01 5.778e+01 293 2 3 1.703e+02 2.077e+02 348 2 2 2.382e+02 2.658e+02 256 2 4 1.971e+02 2.229e+02 239 2 3 2.112e+02 2.508e+02 368
46042 21 0 1 1.832e+01 2.368e+01 50 0 1 3.935e+02 4.045e+02 101 0 3 5.650e+02 5.690e+02 36 0 2 3.694e+02 3.866e+02 160 0 4 6.236e+02 6.364e+02 118 0 4 3.616e+02 3.944e+02 305 0 2 6.684e+02 6.756e+02 66 0 3 3.903e+02 4.077e+02 162 0 1 5.571e+02 5.769e+02 185 0 4 5.775e+02 5.985e+02 196 0 4 6.667e+02 6.773e+02 99 0 2 5.335e+02 5.585e+02 233 1 4 5.861e+02 5.899e+02 36 2 2 2.514e+02 2.526e+02 10 2 4 3.764e+02 3.796e+02 30 2 2 8.142e+01 8.658e+01 48 2 4 2.447e+02 2.593e+02 136 2 1 5.723e+01 6.877e+01 107 2 3 2.142e+02 2.478e+02 311 2 3 5.844e+01 6.756e+01 85 2 4 3.219e+01 5.181e+01 182
46043 31 2 4 3.347e+02 3.373e+02 24 2 1 1.976e+01 2.224e+01 23 2 2 8.326e+01 8.474e+01 14 2 3 1.439e+02 1.501e+02 57 2 4 5.833e+02 5.927e+02 88 2 1 2.303e+02 2.317e+02 13 2 4 4.473e+02 4.767e+02 272 2 3 3.515e+02 3.625e+02 102 2 2 4.148e+01 4.252e+01 10 2 2 1.251e+02 1.269e+02 17 2 3 4.676e+02 4.984e+02 286 2 4 1.655e+02 1.705e+02 46 2 2 3.326e+02 3.394e+02 63 2 1 5.642e+01 6.958e+01 122 2 4 1.233e+02 1.287e+02 50 2 2 1.606e+02 1.754e+02 137 2 3 5.925e+01 6.675e+01 70 2 4 7.531e+01 9.269e+01 161 2 3 1.723e+02 2.057e+02 310 2 3 1.622e+01 2.578e+01 89 2 4 6.988e+01 9.812e+01 262 2 4 2.833e+01 5.567e+01 254 2 3 5.005e+01 7.595e+01 240 2 3 6.391e+00 3.561e+01 271 2 1 4.368e+01 8.232e+01 359 3 1 1.868e+01 2.332e+01 43 3 1 1.019e+02 1.081e+02 57 3 1 6.042e+01 6.558e+01 48 3 1 8.178e+01 1.282e+02 431 3 1 2.709e+00 3.929e+01 340 3 1 4.206e+01 8.394e+01 389
46044 0
46045 45 0 1 3.135e+02 3.165e+02 28 0 1 5.657e+02 5.683e+02 24 0 4 3.309e+02 3.411e+02 94 0 4 6.265e+02 6.335e+02 66 0 4 6.714e+02 6.726e+02 10 0 1 4.794e+02 4.866e+02 66 0 2 3.180e+02 3.540e+02 334 0 3 5.223e+02 5.277e+02 50 0 4 5.820e+02 5.940e+02 111 0 1 6.469e+02 6.551e+02 76 0 4 4.165e+02 4.235e+02 66 0 2 4.933e+02 5.147e+02 198 0 3 5.628e+02 5.712e+02 78 0 1 6.047e+02 6.133e+02 80 0 3 6.491e+02 6.529e+02 35 0 1 3.900e+02 4.080e+02 168 0 2 5.361e+02 5.559e+02 184 0 2 6.271e+02 6.329e+02 54 0 2 6.716e+02 6.724e+02 7 0 1 5.520e+02 5.820e+02 279 0 4 5.750e+02 6.010e+02 240 0 3 5.546e+02 5.794e+02 230 0 3 5.978e+02 6.202e+02 207 0 1 5.088e+02 5.412e+02 300 0 2 5.273e+02 5.647e+02 348 1 3 6.085e+02 6.095e+02 10 1 2 5.814e+02 5.946e+02 123 1 2 6.289e+02 6.311e+02 21 1 4 6.280e+02 6.320e+02 38 1 1 6.034e+02 6.146e+02 105 1 3 5.893e+02 6.287e+02 366 2 2 1.668e+02 1.692e+02 23 2 4 5.435e+02 5.485e+02 46 2 4 3.839e+01 4.561e+01 67 2 2 5.861e+02 5.899e+02 36 2 3 1.390e+02 1.550e+02 148 2 3 5.650e+02 5.690e+02 38 2 1 5.615e+01 6.985e+01 127 2 4 6.211e+02 6.389e+02 165 2 4 1.580e+02 1.780e+02 186 2 3 4.480e+01 8.120e+01 338 2 4 1.069e+02 1.451e+02 356 2 1 1.735e+02 2.045e+02 287 2 3 1.302e+02 1.638e+02 311 2 4 1.490e+02 1.870e+02 352
46046 11 0 2 6.293e+02 6.307e+02 12 0 4 4.978e+02 5.102e+02 116 0 3 5.529e+02 5.811e+02 262 0 4 6.263e+02 6.337e+02 68 0 2 6.673e+02 6.767e+02 86 0 3 6.441e+02 6.579e+02 128 2 3 1.954e+01 2.246e+01 27 2 4 2.088e+02 2.112e+02 21 2 1 5.692e+01 6.908e+01 113 3 3 2.100e+01 2.100e+01 -18 3 4 3.829e+01 4.571e+01 69
46047 18 0 4 4.620e+02 4.620e+02 -4 0 4 4.183e+02 4.217e+02 32 0 2 6.552e+02 6.888e+02 311 0 3 3.844e+02 4.136e+02 270 0 1 6.047e+02 6.133e+02 80 2 1 1.842e+01 2.358e+01 48 2 4 7.980e+01 8.820e+01 78 2 3 2.248e+02 2.372e+02 116 2 3 2.100e+01 2.100e+01 -4 2 2 7.746e+01 9.054e+01 121 2 2 2.470e+02 2.570e+02 93 2 4 4.179e+01 4.221e+01 4 2 3 8.680e+01 1.232e+02 338 2 4 2.396e+02 2.644e+02 230 2 2 3.430e+01 4.970e+01 143 2 1 5.332e+01 7.268e+01 180 2 3 4.812e+01 7.788e+01 276 2 2 2.577e+01 5.823e+01 301
46048 8 0 1 4.796e+02 4.864e+02 63 0 3 5.648e+02 5.692e+02 40 0 4 4.173e+02 4.227e+02 50 0 1 5.235e+02 5.265e+02 27 0 3 4.260e+02 4.560e+02 278 0 2 5.444e+02 5.476e+02 30 2 1 1.088e+01 3.112e+01 188 2 3 7.693e+00 3.431e+01 247
46050 6 0 2 6.619e+02 6.821e+02 187 0 3 5.496e+02 5.844e+02 323 2 4 3.356e+02 3.364e+02 7 2 4 2.490e+02 2.550e+02 56 2 1 2.638e+02 2.822e+02 171 2 3 2.636e+02 2.824e+02 174
46051 0
46052 13 0 4 5.879e+02 5.881e+02 1 0 1 5.493e+02 5.847e+02 329 0 3 5.472e+02 5.868e+02 367 1 2 5.854e+02 5.906e+02 49 1 4 5.873e+02 5.887e+02 13 1 1 5.512e+02 5.828e+02 293 1 3 5.491e+02 5.849e+02 332 2 2 3.439e+01 4.961e+01 141 2 4 3.327e+01 5.073e+01 162 2 1 8.363e+00 3.364e+01 235 2 3 9.083e+00 3.292e+01 221 3 1 7.333e+00 3.467e+01 254 3 3 6.165e+00 3.583e+01 276
46054 2 0 4 2.929e+02 2.951e+02 21 0 4 2.764e+02 3.116e+02 327
46057 4 0 4 2.847e+01 5.553e+01 251 1 4 2.477e+02 2.563e+02 80 2 4 1.652e+02 1.708e+02 52 2 4 1.566e+02 1.794e+02 212
46058 33 0 3 5.250e+02 5.250e+02 -1 0 1 3.543e+02 3.597e+02 50 0 4 5.880e+02 5.880e+02 -10 0 2 3.751e+02 3.809e+02 53 0 1 1.034e+01 3.166e+01 198 0 4 4.996e+02 5.084e+02 81 0 4 3.681e+02 3.879e+02 183 0 1 5.178e+02 5.322e+02 135 0 3 4.685e+00 3.732e+01 303 0 1 6.085e+02 6.095e+02 9 0 4 6.720e+02 6.720e+02 -4 0 3 3.882e+02 4.098e+02 201 0 2 4.957e+02 5.123e+02 154 0 2 5.412e+02 5.508e+02 89 0 1 6.474e+02 6.546e+02 66 0 3 5.528e+02 5.812e+02 263 0 4 6.270e+02 6.330e+02 56 0 3 6.487e+02 6.533e+02 43 0 3 5.091e+02 5.409e+02 295 0 3 6.011e+02 6.169e+02 147 0 3 6.398e+02 6.622e+02 207 0 4 6.161e+02 6.439e+02 258 0 2 6.526e+02 6.914e+02 360 0 4 5.732e+02 6.028e+02 276 0 3 6.300e+02 6.720e+02 390 0 1 5.963e+02 6.217e+02 236 2 4 4.558e+02 4.682e+02 116 2 3 4.736e+02 4.924e+02 175 2 4 3.120e+01 5.280e+01 200 2 2 6.518e+02 6.922e+02 376 2 4 6.476e+02 6.964e+02 454 3 1 9.218e+00 3.278e+01 219 3 3 3.473e+00 3.853e+01 326
46061 3 0 1 5.232e+02 5.268e+02 33 0 3 5.171e+02 5.329e+02 147 0 2 5.348e+02 5.572e+02 209
46063 18 0 3 1.886e+02 1.894e+02 8 0 2 6.229e+02 6.371e+02 132 0 2 6.694e+02 6.746e+02 48 0 4 2.016e+02 2.184e+02 156 0 3 5.615e+02 5.725e+02 101 0 4 5.819e+02 5.941e+02 113 0 4 6.656e+02 6.784e+02 118 0 3 5.998e+02 6.182e+02 170 0 4 6.196e+02 6.404e+02 194 0 1 5.937e+02 6.243e+02 285 2 3 1.890e+02 1.890e+02 -6 2 2 4.106e+02 4.294e+02 175 2 2 1.652e+02 1.708e+02 52 2 4 5.272e+02 5.648e+02 349 2 2 1.992e+02 2.208e+02 200 2 4 1.566e+02 1.794e+02 212 2 3 1.371e+02 1.569e+02 183 2 1 1.739e+02 2.041e+02 280
46064 6 0 1 3.978e+02 4.002e+02 22 0 1 6.090e+02 6.090e+02 -8 0 3 6.068e+02 6.112e+02 41 2 3 1.927e+01 2.273e+01 32 2 1 4.797e+02 4.863e+02 60 2 2 3.600e+01 4.800e+01 111
46065 31 0 2 6.720e+02 6.720e+02 -10 0 1 1.456e+02 1.484e+02 26 0 3 3.990e+02 3.990e+02 0 0 3 5.194e+02 5.306e+02 104 0 4 1.583e+02 1.777e+02 180 0 4 5.838e+02 5.922e+02 77 0 2 1.102e+02 1.418e+02 293 0 3 6.510e+02 6.510e+02 -3 0 3 4.365e+02 4.455e+02 84 0 2 4.958e+02 5.122e+02 153 0 1 5.536e+02 5.804e+02 248 0 1 6.090e+02 6.090e+02 -0 0 4 6.709e+02 6.731e+02 20 0 4 4.058e+02 4.342e+02 263 0 4 4.524e+02 4.716e+02 179 0 1 5.101e+02 5.399e+02 276 0 3 6.013e+02 6.167e+02 142 0 1 6.456e+02 6.564e+02 100 0 4 4.873e+02 5.207e+02 310 0 4 6.237e+02 6.363e+02 117 0 2 4.449e+02 4.791e+02 317 0 4 5.766e+02 5.994e+02 212 0 2 6.170e+02 6.430e+02 241 1 2 6.275e+02 6.325e+02 47 1 2 3.256e+02 3.464e+02 194 2 4 3.777e+02 3.783e+02 6 2 2 3.744e+01 4.656e+01 85 2 4 4.161e+01 4.239e+01 7 2 4 3.659e+02 3.901e+02 224 2 1 1.756e+01 2.444e+01 64 2 3 2.665e+00 3.933e+01 340
46067 3 0 4 3.780e+02 3.780e+02 -2 0 4 6.720e+02 6.720e+02 -14 2 3 5.986e+02 6.194e+02 194
46069 0
46071 10 0 2 6.702e+02 6.738e+02 33 0 4 4.992e+02 5.088e+02 90 0 4 6.695e+02 6.745e+02 46 0 1 6.503e+02 6.517e+02 13 0 3 6.350e+02 6.670e+02 297 1 3 4.828e+02 4.832e+02 4 1 3 5.661e+02 5.679e+02 17 1 4 5.880e+02 5.880e+02 -20 1 1 5.138e+02 5.362e+02 209 1 2 5.398e+02 5.522e+02 116
46072 11 0 4 6.286e+02 6.314e+02 26 0 2 6.290e+02 6.310e+02 19 0 1 6.410e+02 6.610e+02 186 0 4 6.119e+02 6.481e+02 336 0 3 6.442e+02 6.578e+02 127 0 1 5.909e+02 6.271e+02 336 0 3 6.379e+02 6.641e+02 244 2 1 2.100e+01 2.100e+01 -4 2 3 2.100e+01 2.100e+01 -4 2 3 1.065e+01 3.135e+01 192 2 2 2.439e+01 5.961e+01 327
46073 19 0 4 6.712e+02 6.728e+02 16 0 4 4.606e+02 4.634e+02 26 0 1 6.066e+02 6.114e+02 45 0 4 2.344e+02 2.696e+02 326 0 2 6.719e+02 6.721e+02 1 0 1 4.324e+02 4.496e+02 159 0 2 4.541e+02 4.699e+02 146 0 3 6.026e+02 6.154e+02 118 0 1 6.321e+02 6.699e+02 350 0 3 4.267e+02 4.553e+02 265 0 4 6.247e+02 6.353e+02 98 0 2 6.547e+02 6.893e+02 322 0 4 5.612e+02 6.148e+02 498 2 1 2.075e+01 2.125e+01 5 2 3 1.022e+02 1.078e+02 52 2 3 1.608e+01 2.592e+01 91 2 2 1.181e+02 1.339e+02 146 2 4 6.499e+01 1.030e+02 353 2 1 1.280e+02 1.660e+02 353
46074 4 1 3 4.380e+02 4.440e+02 56 2 3 6.149e+01 6.451e+01 28 2 4 2.905e+01 5.495e+01 240 2 2 6.818e+01 9.982e+01 294
46075 9 0 4 3.259e+02 3.461e+02 188 0 4 5.738e+02 6.022e+02 263 0 2 6.595e+02 6.845e+02 233 0 4 6.590e+02 6.850e+02 241 2 2 7.809e+01 8.991e+01 110 2 1 4.543e+01 8.057e+01 326 2 4 1.120e+02 1.400e+02 260 2 3 5.117e+01 7.483e+01 220 2 1 2.214e+00 3.979e+01 349
46076 40 0 3 4.816e+02 4.844e+02 26 0 3 6.503e+02 6.517e+02 14 0 3 4.410e+02 4.410e+02 -3 0 1 4.759e+02 4.901e+02 132 0 2 6.177e+02 6.423e+02 228 0 1 6.432e+02 6.588e+02 146 0 1 4.354e+02 4.466e+02 105 0 2 4.490e+02 4.750e+02 241 0 2 6.632e+02 6.808e+02 163 0 4 4.862e+02 5.218e+02 330 0 4 6.675e+02 6.765e+02 84 0 4 4.434e+02 4.806e+02 346 1 4 5.040e+02 5.040e+02 -7 1 4 6.277e+02 6.323e+02 42 1 1 6.089e+02 6.091e+02 2 1 3 6.038e+02 6.142e+02 96 1 2 6.138e+02 6.462e+02 301 2 3 1.815e+01 2.385e+01 53 2 2 6.720e+02 6.720e+02 -18 2 2 1.676e+02 1.684e+02 8 2 3 5.659e+02 5.681e+02 21 2 2 2.864e+02 3.016e+02 140 2 3 6.006e+02 6.174e+02 156 2 2 3.304e+02 3.416e+02 104 2 4 6.698e+02 6.742e+02 41 2 4 1.210e+02 1.310e+02 93 2 4 5.354e+02 5.566e+02 196 2 4 1.658e+02 1.702e+02 41 2 2 6.267e+02 6.333e+02 62 2 4 2.871e+02 3.009e+02 129 2 2 6.117e+02 6.483e+02 340 2 4 3.194e+02 3.526e+02 309 2 4 5.718e+02 6.042e+02 300 2 2 7.536e+01 9.264e+01 160 2 1 1.717e+02 2.063e+02 322 2 3 3.101e+02 3.199e+02 91 2 1 3.405e+02 3.735e+02 306 2 3 1.296e+02 1.644e+02 324 2 3 2.986e+02 3.314e+02 306 2 3 2.545e+02 2.915e+02 343
46077 1 1 4 6.146e+02 6.454e+02 286
46078 9 0 2 2.758e+02 3.122e+02 338 0 3 4.191e+02 4.629e+02 407 0 1 2.481e+02 2.979e+02 463 0 2 4.363e+02 4.877e+02 478 2 2 1.563e+02 1.797e+02 218 2 1 1.992e+00 4.001e+01 353 2 4 6.194e+01 1.061e+02 410 2 4 1.468e+02 1.892e+02 394 3 1 1.901e+00 4.010e+01 355
46079 0
46080 18 0 2 1.216e+02 1.304e+02 82 0 2 6.584e+02 6.856e+02 252 0 1 1.302e+02 1.638e+02 311 0 4 6.551e+02 6.889e+02 314 1 2 1.654e+02 1.706e+02 48 1 1 1.756e+02 2.024e+02 250 2 1 2.711e+02 2.749e+02 35 2 4 3.769e+02 3.791e+02 20 2 1 6.051e+02 6.129e+02 73 2 1 2.100e+01 2.100e+01 -4 2 2 8.119e+01 8.681e+01 52 2 4 2.482e+02 2.558e+02 70 2 4 7.320e+01 9.480e+01 200 2 2 2.404e+02 2.636e+02 215 2 3 4.839e+01 7.761e+01 271 2 1 2.150e+02 2.470e+02 297 2 3 2.567e+02 2.893e+02 302 2 2 1.069e+02 1.451e+02 356
46081 16 0 4 3.331e+02 3.389e+02 55 0 3 2.681e+02 2.779e+02 90 0 3 6.074e+02 6.106e+02 30 0 4 2.775e+02 3.105e+02 307 0 1 5.497e+02 5.843e+02 322 0 4 6.296e+02 6.304e+02 8 0 1 6.498e+02 6.522e+02 22 0 1 6.064e+02 6.116e+02 49 0 3 6.507e+02 6.513e+02 5 0 4 6.170e+02 6.430e+02 240 0 3 6.387e+02 6.633e+02 229 0 4 5.740e+02 6.020e+02 260 2 1 1.832e+01 2.368e+01 50 2 3 6.063e+02 6.117e+02 50 2 3 1.873e+02 1.907e+02 32 2 3 1.298e+01 2.902e+01 149
46082 13 0 1 2.654e+02 2.806e+02 140 0 4 6.300e+02 6.300e+02 -19 0 4 2.853e+02 3.027e+02 162 0 1 6.368e+02 6.652e+02 264 0 3 6.355e+02 6.665e+02 288 2 3 6.300e+01 6.300e+01 -23 2 1 6.037e+02 6.143e+02 99 2 1 1.882e+01 2.318e+01 40 2 3 6.017e+02 6.163e+02 136 2 3 1.465e+01 2.735e+01 118 2 2 6.199e+02 6.401e+02 187 2 2 6.077e+02 6.523e+02 414 2 4 6.121e+02 6.479e+02 333
