12598 69 0 1 1.887e+02 1.893e+02 6 0 2 3.771e+02 3.789e+02 16 0 3 5.649e+02 5.691e+02 39 0 2 4.103e+01 4.297e+01 18 0 3 6.503e+02 6.517e+02 13 0 1 1.449e+02 1.491e+02 39 0 3 4.751e+02 4.909e+02 147 0 2 2.071e+02 2.129e+02 53 0 3 5.205e+02 5.295e+02 83 0 4 3.761e+02 3.799e+02 35 0 2 6.182e+02 6.418e+02 220 0 4 2.391e+02 2.649e+02 240 0 1 6.407e+02 6.613e+02 191 0 3 2.612e+02 2.848e+02 220 0 1 3.851e+02 4.129e+02 259 0 1 3.475e+02 3.665e+02 176 0 1 5.649e+02 5.691e+02 39 0 4 6.187e+02 6.413e+02 210 0 2 6.615e+02 6.825e+02 196 0 4 5.717e+02 6.043e+02 302 0 4 6.594e+02 6.846e+02 234 0 1 5.919e+02 6.261e+02 317 1 2 5.877e+02 5.883e+02 6 1 1 6.068e+02 6.112e+02 40 1 4 5.440e+02 5.480e+02 37 1 3 6.083e+02 6.097e+02 12 1 1 5.658e+02 5.682e+02 22 1 2 6.300e+02 6.300e+02 -0 1 4 5.844e+02 5.916e+02 66 1 4 6.261e+02 6.339e+02 73 1 3 5.520e+02 5.820e+02 278 1 1 5.927e+02 6.253e+02 303 1 4 5.272e+02 5.648e+02 349 1 1 5.488e+02 5.852e+02 339 2 1 2.722e+02 2.738e+02 16 2 4 4.615e+02 4.625e+02 10 2 2 3.359e+02 3.361e+02 2 2 3 5.233e+02 5.267e+02 32 2 4 1.674e+02 1.686e+02 11 2 2 4.125e+02 4.275e+02 139 2 4 2.472e+02 2.568e+02 89 2 1 4.750e+02 4.910e+02 148 2 4 2.940e+02 2.940e+02 -9 2 3 5.661e+02 5.679e+02 16 2 1 3.538e+02 3.602e+02 60 2 4 4.093e+02 4.307e+02 199 2 3 6.006e+01 6.594e+01 55 2 3 4.748e+02 4.912e+02 151 2 2 8.204e+01 8.596e+01 36 2 1 3.885e+02 4.095e+02 196 2 1 1.883e+02 1.897e+02 14 2 4 4.934e+02 5.146e+02 196 2 2 2.424e+02 2.616e+02 179 2 3 3.835e+02 4.145e+02 288 2 3 3.067e+02 3.233e+02 154 2 2 4.865e+02 5.215e+02 325 2 3 3.553e+02 3.587e+02 31 2 1 1.204e+01 2.996e+01 166 2 2 1.575e+02 1.785e+02 195 2 3 2.591e+02 2.869e+02 259 2 2 3.776e+02 3.784e+02 7 2 4 3.152e+01 5.248e+01 195 2 3 1.752e+02 2.028e+02 256 2 4 3.707e+02 3.853e+02 136 2 2 2.797e+01 5.603e+01 260 2 4 1.534e+02 1.826e+02 271 2 4 3.331e+02 3.389e+02 54 2 4 3.626e+02 3.934e+02 286 2 4 3.173e+02 3.547e+02 346
12599 2 0 4 6.674e+02 6.766e+02 85 2 4 4.184e+02 4.216e+02 29
12601 0
12603 12 0 4 5.866e+02 5.894e+02 26 0 1 2.278e+02 2.342e+02 60 0 3 6.485e+02 6.535e+02 46 0 1 5.579e+02 5.761e+02 170 0 2 6.720e+02 6.720e+02 -15 0 1 2.176e+02 2.444e+02 248 0 4 6.683e+02 6.757e+02 69 0 1 6.475e+02 6.545e+02 65 0 4 6.577e+02 6.863e+02 266 2 1 6.010e+01 6.590e+01 54 2 1 1.963e+01 2.237e+01 26 2 3 1.644e+01 2.556e+01 85
12604 12 0 1 5.665e+02 5.675e+02 10 0 4 2.937e+02 2.943e+02 6 0 1 2.194e+02 2.426e+02 216 0 3 5.618e+02 5.722e+02 97 0 3 2.638e+02 2.822e+02 171 0 4 5.762e+02 5.998e+02 219 0 2 2.345e+02 2.695e+02 325 0 1 2.576e+02 2.884e+02 286 2 1 1.981e+01 2.219e+01 22 2 3 2.070e+01 2.130e+01 6 2 2 3.331e+01 5.069e+01 161 2 1 2.935e+00 3.907e+01 336
12605 11 2 1 3.570e+02 3.570e+02 -3 2 2 3.614e+02 3.946e+02 309 3 1 3.138e+02 3.162e+02 23 3 3 4.364e+02 4.456e+02 85 3 2 4.174e+02 4.226e+02 49 3 4 4.125e+02 4.275e+02 140 3 1 4.286e+02 4.534e+02 230 3 2 4.514e+02 4.726e+02 196 3 2 4.037e+02 4.363e+02 302 3 3 4.229e+02 4.591e+02 336 3 4 4.447e+02 4.793e+02 321
12607 17 0 3 6.077e+02 6.103e+02 25 0 1 6.082e+02 6.098e+02 15 0 4 6.640e+02 6.800e+02 149 0 2 6.106e+02 6.494e+02 360 0 4 6.133e+02 6.467e+02 310 0 2 6.530e+02 6.910e+02 353 1 3 5.670e+02 5.670e+02 0 1 4 2.077e+02 2.123e+02 42 1 3 5.247e+02 5.253e+02 5 1 3 4.818e+02 4.842e+02 23 1 2 4.479e+02 4.761e+02 261 1 4 6.174e+02 6.426e+02 234 1 3 5.918e+02 6.262e+02 320 1 3 4.213e+02 4.607e+02 366 2 1 1.449e+02 1.491e+02 39 2 3 1.420e+02 1.520e+02 92 2 4 1.088e+02 1.432e+02 320
12608 7 0 3 6.481e+02 6.539e+02 54 0 4 6.605e+02 6.835e+02 214 2 1 1.470e+02 1.470e+02 -11 2 3 1.439e+02 1.501e+02 58 2 4 1.129e+02 1.391e+02 244 2 2 1.073e+02 1.447e+02 347 2 4 1.012e+02 1.508e+02 460
12609 13 0 2 6.254e+02 6.346e+02 86 0 1 6.480e+02 6.540e+02 56 0 2 5.414e+02 5.506e+02 86 0 4 6.286e+02 6.314e+02 26 0 3 6.460e+02 6.560e+02 93 0 4 4.896e+02 5.184e+02 267 0 3 5.577e+02 5.763e+02 172 0 2 6.155e+02 6.445e+02 270 0 3 6.364e+02 6.656e+02 271 0 1 5.492e+02 5.848e+02 330 0 2 6.569e+02 6.871e+02 281 2 1 9.396e+00 3.260e+01 216 2 3 6.344e+00 3.566e+01 272
12610 16 0 1 1.882e+02 1.898e+02 15 0 2 2.095e+02 2.105e+02 10 0 2 6.691e+02 6.749e+02 55 0 2 2.918e+02 2.962e+02 40 0 1 5.154e+02 5.346e+02 178 0 3 2.294e+02 2.326e+02 30 0 4 6.698e+02 6.742e+02 40 0 4 2.913e+02 2.967e+02 50 0 2 5.392e+02 5.528e+02 126 0 4 2.438e+02 2.602e+02 153 0 2 1.926e+02 2.274e+02 324 0 1 2.166e+02 2.454e+02 267 1 3 4.237e+00 3.776e+01 311 2 3 2.218e+02 2.402e+02 170 2 1 2.584e+02 2.876e+02 271 2 4 3.076e+01 5.324e+01 209
12613 2 0 2 1.253e+02 1.267e+02 13 0 4 1.672e+02 1.688e+02 16
12614 0
12615 6 0 1 5.204e+02 5.296e+02 85 0 3 5.570e+02 5.770e+02 186 0 3 5.919e+02 6.261e+02 317 1 1 6.038e+02 6.142e+02 97 1 2 6.201e+02 6.399e+02 183 1 1 5.094e+02 5.406e+02 290
12616 5 0 4 5.721e+02 6.039e+02 295 1 4 4.460e+02 4.780e+02 296 1 3 5.923e+02 6.257e+02 310 2 1 3.130e+02 3.170e+02 36 2 1 6.122e+01 6.478e+01 33
12617 19 0 4 6.709e+02 6.731e+02 20 0 4 4.190e+02 4.210e+02 19 0 4 6.621e+02 6.819e+02 184 2 2 8.088e+01 8.712e+01 58 2 3 5.250e+02 5.250e+02 0 2 1 1.842e+02 1.938e+02 89 2 4 4.942e+02 5.138e+02 181 2 2 3.277e+02 3.443e+02 154 2 2 5.349e+02 5.571e+02 206 2 3 1.035e+02 1.065e+02 28 2 1 5.089e+02 5.411e+02 300 2 3 1.813e+02 1.967e+02 144 2 3 3.435e+02 3.705e+02 251 2 4 3.246e+01 5.154e+01 177 2 4 1.170e+02 1.350e+02 166 2 4 1.584e+02 1.776e+02 179 2 2 6.791e+01 1.001e+02 299 2 2 1.527e+02 1.833e+02 284 2 3 8.685e+01 1.232e+02 337
12618 4 0 4 3.680e+02 3.880e+02 186 0 4 5.672e+02 6.088e+02 386 0 3 5.886e+02 6.294e+02 380 0 1 5.858e+02 6.322e+02 431
12619 3 0 1 1.049e+02 1.051e+02 2 2 4 2.509e+02 2.531e+02 20 2 3 2.673e+02 2.787e+02 106
12620 10 0 3 4.827e+02 4.833e+02 6 0 4 6.714e+02 6.726e+02 11 0 2 4.555e+02 4.685e+02 121 0 4 4.940e+02 5.140e+02 186 0 2 6.582e+02 6.858e+02 257 0 1 4.251e+02 4.569e+02 295 0 4 6.539e+02 6.901e+02 336 2 2 1.653e+02 1.707e+02 50 2 4 1.594e+02 1.766e+02 159 2 3 1.808e+02 1.972e+02 153
12622 12 2 4 5.460e+02 5.460e+02 -10 2 2 5.451e+02 5.469e+02 16 2 3 5.568e+02 5.772e+02 189 2 1 5.518e+02 5.822e+02 283 3 1 4.830e+02 4.830e+02 -4 3 1 4.370e+02 4.450e+02 74 3 3 4.829e+02 4.831e+02 2 3 3 4.400e+02 4.420e+02 19 3 2 4.874e+02 5.206e+02 308 3 2 4.462e+02 4.778e+02 294 3 4 4.485e+02 4.755e+02 251 3 2 4.068e+02 4.332e+02 245
12624 2 1 4 2.514e+02 2.526e+02 10 1 4 1.974e+02 2.226e+02 235
12625 0
12627 32 0 4 4.579e+02 4.661e+02 76 0 2 6.690e+02 6.750e+02 56 0 3 5.129e+02 5.371e+02 224 0 4 6.700e+02 6.740e+02 36 0 1 6.364e+02 6.656e+02 270 1 3 6.084e+02 6.096e+02 11 1 3 5.956e+02 6.224e+02 249 1 2 6.109e+02 6.491e+02 356 2 4 3.338e+02 3.382e+02 41 2 3 4.807e+02 4.853e+02 42 2 4 8.218e+01 8.582e+01 34 2 4 1.666e+02 1.694e+02 26 2 4 4.180e+02 4.220e+02 37 2 3 3.525e+02 3.615e+02 84 2 4 4.540e+02 4.700e+02 149 2 3 1.048e+02 1.052e+02 3 2 1 4.364e+02 4.456e+02 85 2 1 1.883e+02 1.897e+02 12 2 1 4.745e+02 4.915e+02 157 2 2 3.678e+02 3.882e+02 189 2 2 4.086e+02 4.314e+02 211 2 2 1.217e+02 1.303e+02 80 2 4 4.435e+02 4.805e+02 344 2 3 1.890e+02 1.890e+02 -1 2 3 4.271e+02 4.549e+02 258 2 2 7.123e+01 9.677e+01 237 2 4 4.845e+02 5.235e+02 362 2 2 1.515e+02 1.845e+02 306 2 2 4.437e+02 4.803e+02 340 2 2 1.913e+02 2.287e+02 347 2 3 9.070e+01 1.193e+02 266 2 1 1.295e+02 1.645e+02 326
12628 0
