50609 0
50610 2 2 3 1.038e+02 1.062e+02 22 2 3 4.825e+01 7.775e+01 274
50612 19 0 1 5.652e+02 5.688e+02 34 0 4 3.316e+02 3.404e+02 81 0 4 6.287e+02 6.313e+02 25 0 1 6.457e+02 6.563e+02 99 0 2 5.397e+02 5.523e+02 117 0 4 5.807e+02 5.953e+02 136 0 3 6.448e+02 6.572e+02 115 0 3 5.582e+02 5.758e+02 163 0 2 6.251e+02 6.349e+02 91 0 4 6.678e+02 6.762e+02 78 0 3 5.472e+02 5.868e+02 367 0 1 5.974e+02 6.206e+02 216 0 3 5.925e+02 6.255e+02 307 1 2 6.097e+02 6.503e+02 376 2 1 3.148e+02 3.152e+02 4 2 1 2.034e+01 2.166e+01 12 2 3 1.577e+01 2.623e+01 97 2 4 3.251e+01 5.149e+01 176 2 2 2.438e+01 5.962e+01 327
50613 7 0 2 3.623e+01 4.777e+01 107 0 2 6.720e+02 6.720e+02 -2 0 1 5.975e+02 6.205e+02 213 0 3 5.926e+02 6.254e+02 304 1 4 3.587e+01 4.813e+01 114 1 3 4.888e+01 7.712e+01 262 2 1 3.897e+02 4.083e+02 173
50614 2 0 4 6.607e+02 6.833e+02 210 2 2 5.040e+02 5.040e+02 -8
50615 37 0 2 6.262e+02 6.338e+02 70 0 1 6.481e+02 6.539e+02 54 0 2 1.215e+02 1.305e+02 83 0 3 5.617e+02 5.723e+02 99 0 1 9.797e+01 1.120e+02 130 0 4 6.278e+02 6.322e+02 41 0 2 6.659e+02 6.781e+02 113 0 4 4.116e+02 4.284e+02 156 0 3 5.234e+02 5.266e+02 30 0 1 6.051e+02 6.129e+02 73 0 4 6.679e+02 6.761e+02 76 0 3 4.271e+02 4.549e+02 258 0 2 4.897e+02 5.183e+02 266 0 1 5.571e+02 5.769e+02 184 0 3 6.000e+02 6.180e+02 166 0 3 6.364e+02 6.656e+02 271 0 1 3.888e+02 4.092e+02 189 0 1 5.144e+02 5.356e+02 197 0 4 5.773e+02 5.987e+02 199 0 2 6.541e+02 6.899e+02 333 0 2 5.337e+02 5.583e+02 229 2 3 6.145e+01 6.455e+01 29 2 3 4.813e+02 4.847e+02 31 2 3 1.459e+02 1.481e+02 20 2 4 4.515e+02 4.725e+02 196 2 3 3.550e+02 3.590e+02 37 2 4 3.932e+01 4.468e+01 50 2 1 4.732e+02 4.928e+02 181 2 2 1.556e+02 1.804e+02 230 2 2 4.867e+02 5.213e+02 320 2 4 3.252e+02 3.468e+02 200 2 1 5.997e+01 6.603e+01 56 2 4 1.113e+02 1.407e+02 273 2 1 1.314e+02 1.626e+02 290 2 2 3.246e+01 5.154e+01 177 2 2 6.504e+01 1.030e+02 352 2 3 4.938e+01 7.662e+01 253
50616 4 0 1 6.090e+02 6.090e+02 -14 0 3 4.404e+02 4.416e+02 11 0 1 3.852e+02 4.128e+02 256 0 4 4.493e+02 4.747e+02 236
50617 0
50618 43 0 2 6.692e+02 6.748e+02 52 0 4 1.564e+02 1.796e+02 216 0 2 6.639e+02 6.801e+02 151 0 1 6.365e+02 6.655e+02 270 0 3 6.333e+02 6.687e+02 329 1 4 5.435e+02 5.485e+02 46 1 3 3.901e+02 4.079e+02 165 1 1 6.067e+02 6.113e+02 43 1 1 5.239e+02 5.261e+02 20 1 1 5.648e+02 5.692e+02 41 1 3 6.068e+02 6.112e+02 41 1 3 5.084e+02 5.416e+02 309 1 4 5.851e+02 5.909e+02 55 1 2 6.294e+02 6.306e+02 11 1 2 4.888e+02 5.192e+02 282 1 2 5.719e+02 6.041e+02 299 1 4 6.278e+02 6.322e+02 41 1 2 5.274e+02 5.646e+02 346 1 3 5.914e+02 6.266e+02 326 1 1 5.503e+02 5.837e+02 310 1 4 6.112e+02 6.488e+02 349 1 4 5.687e+02 6.073e+02 358 2 2 2.506e+02 2.534e+02 26 2 3 6.077e+02 6.103e+02 24 2 2 3.339e+02 3.381e+02 39 2 4 4.597e+02 4.643e+02 43 2 1 1.815e+01 2.385e+01 53 2 4 5.396e+02 5.524e+02 119 2 2 7.971e+01 8.829e+01 80 2 2 6.246e+02 6.354e+02 100 2 4 2.412e+02 2.628e+02 200 2 1 4.783e+02 4.877e+02 87 2 3 2.675e+02 2.785e+02 101 2 4 5.785e+02 5.975e+02 177 2 4 3.241e+02 3.479e+02 220 2 3 4.757e+02 4.903e+02 136 2 3 2.184e+02 2.436e+02 235 2 1 5.925e+02 6.255e+02 306 2 3 2.998e+02 3.302e+02 282 2 2 4.413e+02 4.827e+02 385 2 1 3.439e+02 3.701e+02 243 2 4 6.481e+01 1.032e+02 356 2 4 2.338e+02 2.702e+02 338
50619 0
50621 0
50622 12 0 3 6.083e+02 6.097e+02 13 0 1 6.477e+02 6.543e+02 62 0 1 6.048e+02 6.132e+02 78 0 4 6.109e+02 6.491e+02 354 0 4 6.564e+02 6.876e+02 290 2 3 1.922e+01 2.278e+01 33 2 2 4.197e+01 4.203e+01 0 2 4 3.479e+01 4.921e+01 134 2 4 4.874e+02 5.206e+02 308 2 1 6.077e+01 6.523e+01 41 2 3 6.075e+00 3.593e+01 277 2 2 2.187e+01 6.213e+01 374
50624 4 2 3 1.824e+01 2.376e+01 51 2 3 3.086e+02 3.214e+02 118 2 1 6.973e+00 3.503e+01 260 2 4 3.185e+02 3.535e+02 325
50625 18 0 3 5.653e+02 5.687e+02 32 0 4 6.124e+02 6.476e+02 326 0 1 6.482e+02 6.538e+02 51 0 2 6.117e+02 6.483e+02 340 0 3 6.492e+02 6.528e+02 34 2 1 2.302e+02 2.318e+02 15 2 4 3.892e+01 4.508e+01 57 2 4 1.218e+02 1.302e+02 77 2 2 2.487e+02 2.553e+02 61 2 1 1.487e+01 2.713e+01 114 2 3 1.362e+02 1.578e+02 200 2 2 2.026e+02 2.174e+02 138 2 1 2.545e+02 2.915e+02 343 2 3 4.987e+01 7.613e+01 244 2 3 1.728e+02 2.052e+02 300 2 3 2.234e+02 2.386e+02 140 2 4 1.974e+02 2.226e+02 234 2 4 2.336e+02 2.704e+02 341
50627 9 0 4 6.720e+02 6.720e+02 -22 0 1 6.453e+02 6.567e+02 106 0 2 6.121e+02 6.479e+02 333 0 3 6.425e+02 6.595e+02 158 1 1 5.514e+02 5.826e+02 290 1 2 6.166e+02 6.434e+02 250 2 4 7.217e+01 9.583e+01 220 2 4 3.367e+01 5.033e+01 155 2 3 4.790e+01 7.810e+01 280
50628 0
50629 6 0 4 4.602e+02 4.638e+02 34 0 3 4.391e+02 4.429e+02 35 0 3 4.682e+02 4.978e+02 275 2 3 1.465e+02 1.475e+02 9 2 4 1.252e+02 1.268e+02 15 2 2 1.639e+02 1.721e+02 76
50630 7 0 2 6.625e+02 6.815e+02 176 0 4 6.592e+02 6.848e+02 237 2 3 1.032e+02 1.068e+02 33 2 4 1.240e+02 1.280e+02 36 2 4 1.568e+02 1.792e+02 209 2 4 1.076e+02 1.444e+02 341 2 3 1.708e+02 2.072e+02 338
50631 0
50632 55 0 1 2.717e+02 2.743e+02 25 0 2 3.320e+02 3.400e+02 74 0 1 5.238e+02 5.262e+02 21 0 4 2.484e+02 2.556e+02 67 0 1 6.044e+02 6.136e+02 86 0 1 3.084e+02 3.216e+02 123 0 2 6.680e+02 6.760e+02 75 0 4 4.167e+02 4.233e+02 61 0 3 5.177e+02 5.323e+02 136 0 2 6.242e+02 6.358e+02 107 0 4 6.590e+02 6.850e+02 240 0 4 4.063e+02 4.337e+02 255 0 2 5.384e+02 5.536e+02 141 0 2 6.150e+02 6.450e+02 279 0 3 5.103e+02 5.397e+02 272 0 4 6.175e+02 6.425e+02 232 0 3 5.477e+02 5.863e+02 358 1 4 5.873e+02 5.887e+02 14 1 4 6.266e+02 6.334e+02 63 1 3 6.000e+02 6.180e+02 168 1 2 6.228e+02 6.372e+02 134 1 1 5.886e+02 6.294e+02 378 1 3 5.934e+02 6.246e+02 290 2 3 1.033e+02 1.067e+02 32 2 1 5.611e+02 5.729e+02 109 2 2 3.735e+02 3.825e+02 84 2 1 6.079e+02 6.101e+02 20 2 4 3.816e+01 4.584e+01 71 2 3 5.655e+02 5.685e+02 28 2 3 1.867e+02 1.913e+02 42 2 1 5.981e+02 6.199e+02 202 2 2 2.060e+02 2.140e+02 75 2 4 3.745e+02 3.815e+02 65 2 3 4.320e+02 4.500e+02 166 2 3 1.783e+01 2.417e+01 59 2 4 4.911e+02 5.169e+02 239 2 2 1.157e+02 1.363e+02 190 2 3 5.147e+02 5.353e+02 191 2 4 1.550e+02 1.810e+02 241 2 1 6.403e+02 6.617e+02 199 2 4 3.316e+02 3.404e+02 81 2 3 3.843e+02 4.137e+02 273 2 2 3.188e+01 5.212e+01 188 2 3 5.529e+02 5.811e+02 261 2 4 6.836e+01 9.964e+01 290 2 1 3.800e+02 4.180e+02 352 2 1 1.800e+02 1.980e+02 167 2 2 5.333e+02 5.587e+02 236 2 3 3.492e+02 3.648e+02 146 2 1 5.484e+02 5.856e+02 346 2 1 5.714e+00 3.629e+01 284 2 1 5.051e+02 5.450e+02 370 2 2 1.547e+02 1.813e+02 246 2 1 3.382e+02 3.758e+02 349 3 3 6.926e+00 3.507e+01 261
50633 5 0 2 6.218e+02 6.382e+02 152 0 3 6.383e+02 6.637e+02 236 1 3 2.220e+02 2.400e+02 167 2 2 4.191e+02 4.209e+02 16 2 3 3.921e+00 3.808e+01 317
50634 12 0 4 6.289e+02 6.311e+02 21 0 1 6.475e+02 6.545e+02 65 0 3 6.074e+02 6.106e+02 30 0 3 5.574e+02 5.766e+02 178 0 4 5.796e+02 5.964e+02 156 0 4 3.573e+02 3.987e+02 385 0 2 6.143e+02 6.457e+02 291 0 4 6.154e+02 6.446e+02 271 1 1 5.489e+02 5.851e+02 336 2 3 2.100e+01 2.100e+01 -2 2 1 1.393e+01 2.807e+01 131 2 2 2.990e+01 5.410e+01 225
50635 0
50636 9 0 2 6.296e+02 6.304e+02 7 0 4 6.199e+02 6.401e+02 188 0 1 6.000e+02 6.180e+02 166 0 3 6.368e+02 6.652e+02 263 2 3 4.776e+02 4.884e+02 100 2 1 4.757e+02 4.903e+02 136 2 2 4.491e+02 4.749e+02 240 2 4 4.469e+02 4.771e+02 280 3 1 4.824e+02 4.836e+02 10
50637 34 0 1 6.490e+02 6.530e+02 37 0 2 1.631e+02 1.729e+02 90 0 3 6.458e+02 6.562e+02 96 0 2 2.838e+02 3.042e+02 190 0 2 6.132e+02 6.468e+02 311 0 4 6.158e+02 6.442e+02 263 1 1 6.071e+02 6.109e+02 35 1 4 6.279e+02 6.321e+02 40 1 3 5.946e+02 6.234e+02 268 1 2 6.187e+02 6.413e+02 210 2 4 6.293e+02 6.307e+02 12 2 4 3.337e+02 3.383e+02 42 2 4 4.585e+02 4.655e+02 66 2 3 1.458e+02 1.482e+02 23 2 3 5.228e+02 5.272e+02 40 2 1 2.267e+02 2.353e+02 80 2 4 6.670e+02 6.770e+02 92 2 2 2.910e+02 2.970e+02 56 2 4 5.006e+02 5.074e+02 63 2 4 1.184e+02 1.336e+02 140 2 4 4.079e+02 4.321e+02 225 2 1 1.849e+02 1.931e+02 76 2 2 2.022e+02 2.178e+02 145 2 3 3.093e+02 3.207e+02 106 2 2 3.222e+02 3.498e+02 256 2 1 1.354e+02 1.586e+02 215 2 4 2.018e+02 2.182e+02 151 2 3 2.621e+02 2.839e+02 202 2 2 1.498e+02 1.862e+02 339 2 3 2.114e+02 2.506e+02 364 2 4 2.798e+02 3.082e+02 263 2 3 1.692e+02 2.088e+02 368 2 1 2.951e+02 3.349e+02 370 3 1 3.922e+02 4.058e+02 126
50639 29 0 1 5.653e+02 5.687e+02 32 0 1 5.182e+02 5.318e+02 126 0 2 6.266e+02 6.334e+02 63 0 2 6.696e+02 6.744e+02 45 0 3 5.610e+02 5.730e+02 110 0 4 6.273e+02 6.327e+02 50 0 4 6.688e+02 6.752e+02 60 0 1 6.065e+02 6.115e+02 46 0 3 6.350e+02 6.670e+02 298 0 3 6.004e+02 6.176e+02 160 0 2 6.545e+02 6.895e+02 326 0 2 6.176e+02 6.424e+02 230 0 1 6.324e+02 6.696e+02 345 0 4 6.530e+02 6.910e+02 353 1 4 5.790e+02 5.970e+02 167 2 3 2.057e+01 2.143e+01 8 2 1 3.979e+02 4.001e+02 20 2 2 3.946e+01 4.454e+01 47 2 4 5.867e+02 5.893e+02 24 2 1 1.416e+02 1.524e+02 100 2 3 6.048e+02 6.132e+02 77 2 4 3.497e+01 4.903e+01 130 2 2 6.215e+02 6.385e+02 158 2 2 6.773e+01 1.003e+02 302 2 3 5.893e+01 6.707e+01 76 2 3 1.186e+01 3.014e+01 170 2 1 5.014e+01 7.586e+01 239 2 3 4.704e+01 7.896e+01 296 2 4 2.479e+01 5.921e+01 320
50640 5 0 2 6.199e+02 6.401e+02 188 0 4 6.172e+02 6.428e+02 237 0 3 6.412e+02 6.608e+02 182 2 2 2.869e+02 3.011e+02 131 2 1 3.104e+02 3.196e+02 86
50641 0
50642 4 2 1 6.402e+02 6.618e+02 201 2 3 1.200e+01 3.000e+01 167 2 4 2.355e+02 2.685e+02 306 2 4 2.809e+02 3.071e+02 243
50643 6 0 4 6.258e+02 6.342e+02 78 2 4 2.507e+02 2.533e+02 25 2 4 5.430e+02 5.490e+02 56 2 2 2.972e+01 5.428e+01 228 2 3 2.189e+02 2.431e+02 224 2 2 2.806e+02 3.074e+02 250
50644 14 2 2 4.569e+02 4.671e+02 94 2 1 5.214e+02 5.286e+02 67 2 3 4.273e+02 4.547e+02 255 2 4 4.512e+02 4.728e+02 200 2 1 4.269e+02 4.551e+02 261 3 4 4.190e+02 4.210e+02 19 3 3 4.769e+02 4.891e+02 114 3 2 4.558e+02 4.682e+02 115 3 4 5.404e+02 5.516e+02 104 3 1 4.694e+02 4.966e+02 252 3 1 5.629e+02 5.711e+02 76 3 2 4.926e+02 5.154e+02 212 3 3 5.586e+02 5.754e+02 156 3 4 4.869e+02 5.211e+02 317
50645 0
50648 12 0 3 1.855e+01 2.345e+01 46 0 3 5.579e+02 5.761e+02 170 0 4 2.860e+01 5.540e+01 249 0 2 6.603e+02 6.837e+02 218 0 2 5.366e+02 5.554e+02 175 1 3 6.090e+02 6.090e+02 -11 2 4 1.644e+02 1.716e+02 67 2 4 3.757e+01 4.643e+01 82 2 3 1.820e+02 1.960e+02 130 2 3 5.925e+01 6.675e+01 70 2 2 6.970e+01 9.830e+01 266 2 1 4.615e+01 7.985e+01 313
