14281 16 0 1 5.163e+02 5.337e+02 161 0 3 6.429e+02 6.591e+02 150 0 4 1.985e+02 2.215e+02 213 0 3 5.169e+02 5.331e+02 151 0 2 6.077e+02 6.523e+02 415 0 1 6.411e+02 6.609e+02 184 0 2 6.476e+02 6.964e+02 453 0 2 4.792e+02 5.288e+02 461 0 4 6.481e+02 6.959e+02 443 2 1 5.970e+01 6.630e+01 61 2 4 3.803e+01 4.597e+01 74 2 1 5.238e+01 7.362e+01 197 2 2 6.324e+01 1.048e+02 386 2 3 5.588e+01 7.012e+01 132 2 4 3.165e+01 5.235e+01 192 2 2 2.479e+01 5.921e+01 320
14282 0
14283 8 0 1 4.364e+02 4.456e+02 85 0 4 4.556e+02 4.684e+02 118 0 3 4.311e+02 4.509e+02 184 0 2 4.486e+02 4.754e+02 248 1 2 6.105e+02 6.495e+02 362 2 2 3.825e+01 4.575e+01 70 2 3 1.097e+01 3.103e+01 186 2 4 2.829e+01 5.571e+01 255
14284 8 0 4 6.616e+02 6.824e+02 194 0 1 6.358e+02 6.662e+02 282 0 2 6.545e+02 6.895e+02 325 1 3 3.087e+02 3.213e+02 116 1 2 3.715e+02 3.845e+02 121 1 4 6.073e+02 6.527e+02 422 2 3 1.940e+01 2.260e+01 30 3 2 5.450e+02 5.470e+02 18
14285 0
14286 0
14287 0
14288 10 0 1 6.072e+02 6.108e+02 34 0 3 6.057e+02 6.123e+02 60 0 1 6.411e+02 6.609e+02 184 0 1 3.982e+02 3.998e+02 15 0 2 6.101e+02 6.499e+02 370 0 4 6.157e+02 6.443e+02 265 1 3 5.148e+02 5.352e+02 189 2 4 3.765e+02 3.795e+02 27 2 2 3.760e+02 3.800e+02 37 2 3 3.798e+02 4.182e+02 356
14289 0
14290 59 0 4 1.580e+02 1.780e+02 186 0 3 6.478e+02 6.542e+02 59 0 4 4.200e+02 4.200e+02 -10 0 4 4.498e+02 4.742e+02 226 0 2 5.345e+02 5.575e+02 213 0 4 5.810e+02 5.950e+02 130 0 1 4.300e+02 4.520e+02 205 0 2 4.432e+02 4.808e+02 350 0 1 5.994e+02 6.186e+02 179 0 1 6.396e+02 6.624e+02 212 0 3 4.239e+02 4.581e+02 317 0 1 5.911e+02 6.269e+02 333 0 2 6.642e+02 6.798e+02 145 0 3 3.839e+02 4.141e+02 280 0 4 6.074e+02 6.526e+02 420 0 4 6.642e+02 6.798e+02 146 0 3 4.176e+02 4.644e+02 435 1 4 5.731e+02 6.029e+02 276 1 2 6.145e+02 6.455e+02 288 1 4 6.114e+02 6.486e+02 346 1 1 2.026e+01 2.174e+01 14 2 4 2.100e+02 2.100e+02 -0 2 2 3.453e+01 4.947e+01 139 2 4 7.653e+01 9.147e+01 139 2 4 4.112e+02 4.288e+02 163 2 2 2.034e+02 2.166e+02 123 2 1 4.326e+02 4.494e+02 156 2 3 1.016e+01 3.184e+01 201 2 2 1.176e+02 1.344e+02 156 2 3 4.313e+02 4.507e+02 180 2 1 2.196e+02 2.424e+02 212 2 2 4.084e+02 4.316e+02 215 2 4 1.162e+02 1.358e+02 181 2 3 1.264e+02 1.676e+02 383 2 3 2.140e+02 2.480e+02 316 2 4 1.985e+01 6.415e+01 411 2 2 7.105e+01 9.695e+01 240 2 3 8.514e+01 1.249e+02 369 2 2 1.116e+02 1.404e+02 268 3 4 1.680e+02 1.680e+02 -8 3 3 2.301e+02 2.319e+02 16 3 1 1.446e+02 1.494e+02 45 3 1 1.887e+02 1.893e+02 6 3 4 2.482e+02 2.558e+02 71 3 3 1.463e+02 1.477e+02 13 3 3 1.859e+02 1.921e+02 58 3 3 2.717e+02 2.743e+02 24 3 1 1.029e+02 1.071e+02 39 3 2 2.063e+02 2.137e+02 69 3 1 2.268e+02 2.352e+02 79 3 4 2.746e+02 3.134e+02 360 3 1 8.985e+01 1.201e+02 281 3 4 2.029e+02 2.171e+02 132 3 4 2.393e+02 2.647e+02 236 3 1 1.315e+02 1.625e+02 287 3 2 1.669e+02 1.691e+02 21 3 1 2.165e+02 2.455e+02 269 3 2 2.350e+02 2.690e+02 316 3 3 2.112e+02 2.508e+02 367
14291 0
14292 23 0 4 3.780e+02 3.780e+02 0 0 3 3.990e+02 3.990e+02 -7 0 4 6.713e+02 6.727e+02 12 0 2 3.745e+02 3.815e+02 66 0 1 3.467e+02 3.673e+02 191 0 2 6.584e+02 6.856e+02 253 0 4 4.072e+02 4.328e+02 238 0 1 3.836e+02 4.144e+02 286 1 1 2.207e+02 2.413e+02 192 1 2 6.148e+02 6.452e+02 282 2 3 2.100e+01 2.100e+01 -15 2 4 1.675e+02 1.685e+02 10 2 4 4.200e+01 4.200e+01 -10 2 1 1.879e+02 1.901e+02 21 2 1 6.032e+01 6.568e+01 50 2 2 1.577e+02 1.783e+02 190 2 3 5.988e+01 6.612e+01 58 2 4 1.099e+02 1.421e+02 299 2 3 1.773e+02 2.007e+02 217 2 2 3.251e+01 5.149e+01 176 2 4 3.354e+01 5.046e+01 157 2 3 5.162e+01 7.438e+01 211 2 4 2.488e+01 5.912e+01 318
14293 7 3 1 3.972e+02 4.008e+02 33 3 2 4.606e+02 4.634e+02 26 3 1 4.381e+02 4.439e+02 53 3 1 4.763e+02 4.897e+02 125 3 4 4.527e+02 4.713e+02 172 3 1 4.639e+02 5.021e+02 354 3 3 4.271e+02 4.549e+02 258
14294 12 0 1 6.364e+02 6.656e+02 271 0 2 6.116e+02 6.484e+02 342 0 3 5.436e+02 5.904e+02 435 0 4 6.142e+02 6.458e+02 294 1 4 6.236e+02 6.364e+02 119 1 4 6.114e+02 6.486e+02 346 2 3 3.927e+02 4.053e+02 117 2 4 4.614e+02 4.626e+02 10 2 4 5.870e+02 5.890e+02 18 2 2 4.538e+02 4.702e+02 153 2 1 4.703e+02 4.957e+02 236 2 3 4.681e+02 4.979e+02 276
14295 0
14296 64 0 1 4.803e+02 4.857e+02 50 0 3 5.224e+02 5.276e+02 49 0 1 9.698e+01 1.130e+02 149 0 4 5.839e+02 5.921e+02 76 0 3 6.503e+02 6.517e+02 14 0 2 1.171e+02 1.349e+02 166 0 3 4.774e+02 4.886e+02 104 0 2 1.962e+02 2.238e+02 256 0 1 5.639e+02 5.701e+02 57 0 3 8.747e+01 1.225e+02 326 0 2 6.282e+02 6.318e+02 34 0 4 6.710e+02 6.730e+02 19 0 2 5.026e+02 5.054e+02 26 0 1 5.161e+02 5.339e+02 166 0 1 5.968e+02 6.212e+02 227 0 1 6.461e+02 6.559e+02 91 0 4 5.002e+02 5.078e+02 70 0 3 5.515e+02 5.825e+02 288 0 2 6.156e+02 6.444e+02 267 0 2 6.619e+02 6.821e+02 187 0 1 4.710e+02 4.950e+02 222 0 4 6.109e+02 6.491e+02 355 0 2 6.538e+02 6.902e+02 339 0 2 4.899e+02 5.181e+02 261 0 4 4.847e+02 5.233e+02 358 1 1 6.085e+02 6.095e+02 9 1 2 6.300e+02 6.300e+02 -0 1 4 6.299e+02 6.301e+02 2 1 3 6.039e+02 6.141e+02 95 1 3 5.934e+02 6.246e+02 290 2 3 4.803e+02 4.857e+02 50 2 2 2.500e+02 2.540e+02 37 2 2 5.448e+02 5.472e+02 23 2 1 2.707e+02 2.753e+02 42 2 4 5.876e+02 5.884e+02 8 2 4 3.834e+01 4.566e+01 68 2 3 4.398e+02 4.422e+02 23 2 4 1.250e+02 1.270e+02 19 2 4 4.596e+02 4.644e+02 46 2 1 1.438e+02 1.502e+02 59 2 1 5.222e+02 5.278e+02 52 2 3 2.188e+02 2.432e+02 227 2 2 5.842e+02 5.918e+02 70 2 1 6.140e+01 6.460e+01 30 2 3 3.917e+02 4.063e+02 136 2 3 1.417e+02 1.523e+02 99 2 2 4.965e+02 5.115e+02 139 2 4 1.955e+02 2.245e+02 269 2 1 5.901e+02 6.279e+02 351 2 1 2.550e+02 2.910e+02 335 2 2 4.160e+02 4.240e+02 74 2 1 1.644e+01 2.556e+01 85 2 4 4.461e+02 4.779e+02 296 2 3 1.332e+02 1.608e+02 256 2 3 5.925e+02 6.255e+02 306 2 1 2.143e+02 2.477e+02 310 2 4 4.106e+02 4.294e+02 176 2 2 3.569e+01 4.831e+01 117 2 4 4.034e+02 4.366e+02 308 2 2 2.337e+02 2.703e+02 340 2 3 5.342e+01 7.258e+01 178 2 3 9.127e+00 3.287e+01 220 2 2 2.492e+01 5.908e+01 317 2 4 2.384e+01 6.016e+01 337
14297 5 3 2 4.597e+02 4.643e+02 43 3 4 4.597e+02 4.643e+02 42 3 2 4.517e+02 4.723e+02 192 3 3 4.232e+02 4.588e+02 331 3 1 4.239e+02 4.581e+02 318
14298 2 0 4 6.641e+02 6.799e+02 146 0 3 6.395e+02 6.625e+02 214
14299 10 0 3 4.820e+02 4.840e+02 18 0 1 6.434e+02 6.586e+02 140 0 3 6.487e+02 6.533e+02 42 0 4 4.915e+02 5.165e+02 232 0 4 6.113e+02 6.487e+02 347 0 2 6.561e+02 6.879e+02 296 0 4 6.515e+02 6.925e+02 380 2 3 2.299e+02 2.321e+02 20 2 4 1.992e+02 2.208e+02 200 2 3 2.146e+02 2.474e+02 306
14300 1 3 4 2.032e+02 2.168e+02 126
14301 7 2 1 6.477e+02 6.543e+02 62 2 1 4.287e+02 4.533e+02 229 2 3 4.325e+02 4.495e+02 158 3 2 4.947e+02 5.133e+02 172 3 4 4.884e+02 5.196e+02 289 3 3 4.611e+02 5.049e+02 406 3 1 4.999e+02 5.501e+02 466
14302 4 0 4 6.718e+02 6.722e+02 4 0 2 6.541e+02 6.899e+02 332 2 4 5.018e+02 5.062e+02 40 2 3 5.159e+02 5.341e+02 169
14303 9 2 4 3.991e+01 4.409e+01 39 2 2 8.249e+01 8.551e+01 28 2 3 5.310e+01 7.290e+01 184 2 3 4.275e+02 4.545e+02 250 2 4 8.128e+01 8.672e+01 50 2 3 4.703e+02 4.957e+02 236 2 2 2.649e+01 5.751e+01 288 2 3 4.431e+01 8.169e+01 347 3 3 3.882e+02 4.098e+02 200
14304 0
14305 0
14306 25 0 4 5.028e+02 5.052e+02 22 0 3 5.109e+02 5.391e+02 261 0 1 5.965e+02 6.215e+02 231 0 3 5.932e+02 6.248e+02 293 2 2 2.503e+02 2.537e+02 32 2 2 8.400e+01 8.400e+01 -11 2 3 4.391e+02 4.429e+02 35 2 3 1.890e+02 1.890e+02 -0 2 3 6.462e+02 6.558e+02 89 2 4 2.514e+02 2.526e+02 10 2 1 3.962e+02 4.018e+02 51 2 3 5.665e+01 6.935e+01 118 2 4 6.161e+02 6.439e+02 259 2 4 7.249e+01 9.551e+01 214 2 2 6.695e+02 6.745e+02 46 2 1 2.203e+02 2.417e+02 199 2 4 4.119e+02 4.281e+02 150 2 3 2.597e+02 2.863e+02 246 2 2 4.452e+02 4.788e+02 312 2 4 3.169e+02 3.551e+02 356 2 4 6.564e+02 6.876e+02 290 2 1 2.134e+02 2.486e+02 327 2 1 4.349e+02 4.471e+02 114 2 1 2.532e+02 2.928e+02 367 2 3 2.139e+02 2.481e+02 317
14307 18 0 4 4.619e+02 4.621e+02 1 0 2 6.693e+02 6.747e+02 50 0 1 1.377e+02 1.563e+02 172 0 1 4.378e+02 4.442e+02 60 0 4 6.607e+02 6.833e+02 210 0 3 4.256e+02 4.564e+02 286 0 2 4.513e+02 4.727e+02 200 0 2 6.564e+02 6.876e+02 289 1 4 6.220e+02 6.380e+02 149 1 4 6.125e+02 6.475e+02 325 1 3 5.891e+02 6.289e+02 369 2 1 1.877e+02 1.903e+02 24 2 3 5.965e+01 6.635e+01 62 2 4 1.633e+02 1.727e+02 88 2 2 1.575e+02 1.785e+02 195 2 4 5.765e+02 5.995e+02 213 2 3 1.721e+02 2.059e+02 314 3 1 3.399e+02 3.741e+02 317
14308 3 0 3 2.640e+02 2.820e+02 168 0 4 4.063e+02 4.337e+02 254 0 3 3.847e+02 4.133e+02 266
14309 0
14310 5 0 3 4.372e+02 4.448e+02 70 0 4 4.101e+02 4.299e+02 184 0 4 4.919e+02 5.161e+02 224 0 1 4.321e+02 4.499e+02 165 0 4 4.851e+02 5.229e+02 351
14311 16 0 4 4.613e+02 4.627e+02 13 0 3 4.256e+02 4.564e+02 286 0 2 6.564e+02 6.876e+02 290 1 1 3.131e+02 3.169e+02 35 1 4 5.708e+02 6.052e+02 320 2 4 3.321e+02 3.399e+02 73 2 3 1.452e+02 1.488e+02 34 2 3 6.502e+02 6.518e+02 16 2 4 3.228e+01 5.172e+01 180 2 4 1.182e+02 1.338e+02 146 2 4 6.160e+02 6.440e+02 260 2 2 1.660e+02 1.700e+02 37 2 4 3.181e+02 3.539e+02 332 2 3 7.017e+00 3.498e+01 260 2 3 4.588e+01 8.012e+01 318 3 1 6.023e+01 6.577e+01 51
14312 53 0 1 5.670e+02 5.670e+02 -5 0 2 8.400e+01 8.400e+01 -8 0 1 6.485e+02 6.535e+02 46 0 1 6.086e+01 6.514e+01 40 0 2 6.227e+02 6.373e+02 135 0 3 6.496e+02 6.524e+02 26 0 1 4.379e+02 4.441e+02 58 0 3 5.615e+02 5.725e+02 101 0 4 6.214e+02 6.386e+02 160 0 2 6.710e+02 6.730e+02 18 0 3 4.372e+02 4.448e+02 70 0 4 5.757e+02 6.003e+02 229 0 4 6.702e+02 6.738e+02 34 0 4 4.091e+02 4.309e+02 202 0 3 6.415e+02 6.605e+02 177 0 1 6.367e+02 6.653e+02 265 1 2 5.004e+02 5.076e+02 66 1 4 5.869e+02 5.891e+02 20 1 1 6.075e+02 6.105e+02 28 1 1 5.195e+02 5.305e+02 101 1 2 5.453e+02 5.467e+02 12 1 3 6.067e+02 6.113e+02 43 1 4 4.888e+02 5.192e+02 283 1 3 5.599e+02 5.741e+02 131 1 2 6.297e+02 6.303e+02 6 1 3 5.133e+02 5.367e+02 218 1 2 5.860e+02 5.900e+02 38 1 4 6.255e+02 6.345e+02 83 1 1 4.637e+02 5.023e+02 358 1 2 5.709e+02 6.051e+02 318 1 4 5.722e+02 6.038e+02 293 1 1 5.514e+02 5.826e+02 290 2 4 4.139e+01 4.261e+01 11 2 1 1.412e+02 1.528e+02 107 2 2 5.029e+02 5.051e+02 20 2 1 5.889e+01 6.711e+01 76 2 3 5.208e+02 5.292e+02 79 2 4 1.483e+02 1.877e+02 366 2 3 1.550e+01 2.650e+01 102 2 4 1.065e+02 1.455e+02 363 2 4 5.267e+02 5.653e+02 359 2 2 3.125e+01 5.275e+01 200 2 4 3.345e+01 5.055e+01 159 2 3 4.969e+01 7.631e+01 247 2 1 9.127e+00 3.287e+01 220 2 4 2.591e+01 5.809e+01 299 2 1 4.520e+01 8.080e+01 330 2 1 1.901e+00 4.010e+01 355 3 1 2.034e+01 2.166e+01 12 3 1 5.961e+01 6.639e+01 63 3 1 7.242e+00 3.476e+01 256 3 2 8.245e+01 8.555e+01 29 3 1 4.350e+01 8.250e+01 362
14313 74 0 1 5.648e+02 5.692e+02 40 0 4 2.503e+02 2.537e+02 32 0 2 6.272e+02 6.328e+02 52 0 3 2.725e+02 2.735e+02 9 0 1 6.490e+02 6.530e+02 38 0 1 2.288e+02 2.332e+02 41 0 2 5.004e+02 5.076e+02 67 0 1 2.711e+02 2.749e+02 35 0 3 5.617e+02 5.723e+02 99 0 4 3.668e+02 3.892e+02 209 0 4 6.281e+02 6.319e+02 35 0 3 2.200e+02 2.420e+02 205 0 3 6.473e+02 6.547e+02 69 0 2 2.875e+02 3.005e+02 120 0 1 4.793e+02 4.867e+02 68 0 2 3.604e+02 3.956e+02 327 0 1 5.212e+02 5.288e+02 70 0 2 2.424e+02 2.616e+02 179 0 4 5.837e+02 5.923e+02 80 0 1 3.098e+02 3.202e+02 96 0 4 6.681e+02 6.759e+02 73 0 4 2.793e+02 3.087e+02 273 0 3 4.738e+02 4.922e+02 170 0 3 5.238e+02 5.262e+02 22 0 1 6.058e+02 6.122e+02 59 0 3 6.363e+02 6.657e+02 274 0 2 5.343e+02 5.577e+02 217 0 3 6.047e+02 6.133e+02 80 0 2 6.585e+02 6.855e+02 251 0 1 5.468e+02 5.872e+02 375 0 4 5.755e+02 6.005e+02 233 0 4 6.584e+02 6.856e+02 253 0 3 5.914e+02 6.266e+02 327 0 2 6.171e+02 6.429e+02 240 0 4 6.153e+02 6.447e+02 274 1 3 5.666e+02 5.674e+02 8 1 2 3.765e+02 3.795e+02 27 1 4 6.299e+02 6.301e+02 2 1 2 5.869e+02 5.891e+02 21 1 4 1.524e+02 1.836e+02 290 1 3 6.064e+02 6.116e+02 49 1 1 5.190e+02 5.310e+02 111 1 4 5.854e+02 5.906e+02 49 1 2 6.276e+02 6.324e+02 45 1 2 5.438e+02 5.482e+02 41 1 1 5.948e+02 6.232e+02 264 1 4 5.407e+02 5.513e+02 98 1 3 5.483e+02 5.857e+02 347 1 4 5.701e+02 6.059e+02 333 1 2 5.300e+02 5.620e+02 297 1 1 5.463e+02 5.877e+02 384 2 3 1.861e+02 1.919e+02 55 2 4 6.192e+02 6.408e+02 200 2 4 2.430e+02 2.610e+02 167 2 1 3.530e+02 3.610e+02 75 2 3 4.329e+02 4.491e+02 150 2 4 3.834e+01 4.566e+01 68 2 2 4.554e+02 4.686e+02 122 2 3 2.666e+02 2.794e+02 118 2 3 5.619e+02 5.721e+02 94 2 3 3.534e+02 3.606e+02 66 2 4 5.743e+02 6.017e+02 255 2 3 1.905e+00 4.010e+01 355 2 3 6.423e+02 6.597e+02 161 2 3 2.124e+02 2.496e+02 345 2 4 4.447e+02 4.793e+02 320 2 3 2.539e+02 2.921e+02 356 2 1 4.226e+02 4.594e+02 341 2 2 3.702e+02 3.858e+02 145 2 3 3.463e+02 3.677e+02 198 2 4 3.644e+02 3.916e+02 253 2 4 3.209e+02 3.511e+02 281 2 1 3.399e+02 3.741e+02 317 3 3 1.662e+01 2.538e+01 81
14314 6 2 2 6.675e+02 6.765e+02 83 2 4 6.695e+02 6.745e+02 47 2 1 6.375e+02 6.645e+02 251 2 3 6.334e+02 6.686e+02 326 3 4 6.597e+02 6.843e+02 229 3 2 6.556e+02 6.884e+02 304
14315 1 1 1 1.389e+02 1.551e+02 150
14316 5 0 1 4.278e+02 4.542e+02 246 0 3 5.473e+02 5.867e+02 366 1 3 6.065e+02 6.115e+02 46 1 4 6.288e+02 6.312e+02 22 2 3 1.249e+01 2.951e+01 158
