27087 21 0 1 6.490e+02 6.530e+02 36 0 3 6.502e+02 6.518e+02 16 0 2 6.711e+02 6.729e+02 16 0 4 6.696e+02 6.744e+02 45 0 1 6.356e+02 6.664e+02 286 1 3 6.068e+02 6.112e+02 40 1 4 6.179e+02 6.421e+02 225 2 1 1.842e+02 1.938e+02 89 2 2 3.746e+02 3.814e+02 63 2 4 5.029e+02 5.051e+02 20 2 1 1.366e+01 2.834e+01 136 2 3 5.201e+02 5.299e+02 90 2 2 1.610e+02 1.750e+02 130 2 4 4.505e+02 4.735e+02 214 2 4 3.762e+02 3.798e+02 33 2 2 5.296e+02 5.624e+02 304 2 3 1.249e+01 2.951e+01 158 2 4 1.557e+02 1.803e+02 228 2 1 3.440e+02 3.700e+02 242 2 3 1.283e+02 1.657e+02 348 2 3 3.384e+02 3.756e+02 346
27088 6 0 1 5.925e+02 6.255e+02 306 0 3 5.923e+02 6.257e+02 310 2 3 4.830e+02 4.830e+02 -3 2 2 5.037e+02 5.043e+02 5 2 1 5.223e+02 5.277e+02 50 2 4 4.599e+02 4.641e+02 39
27089 3 0 1 5.561e+02 5.779e+02 202 0 4 5.768e+02 5.992e+02 207 1 4 2.487e+02 2.553e+02 61
27092 3 0 4 5.020e+02 5.060e+02 38 0 1 8.227e+01 1.277e+02 422 0 2 9.977e+01 1.522e+02 487
27094 9 0 3 2.730e+02 2.730e+02 -10 1 3 2.730e+02 2.730e+02 -1 1 4 2.911e+02 2.969e+02 53 1 1 3.080e+02 3.220e+02 130 1 4 3.668e+02 3.892e+02 208 1 2 2.336e+02 2.704e+02 342 1 4 3.248e+02 3.472e+02 207 3 3 3.478e+02 3.662e+02 171 3 4 6.602e+02 6.838e+02 219
27096 31 0 1 6.492e+02 6.528e+02 34 0 4 4.993e+02 5.087e+02 87 0 2 6.243e+02 6.357e+02 106 0 3 6.495e+02 6.525e+02 27 0 3 3.866e+02 4.114e+02 230 0 4 4.601e+02 4.639e+02 35 0 4 6.242e+02 6.358e+02 108 0 2 6.573e+02 6.867e+02 273 0 4 4.072e+02 4.328e+02 237 0 1 4.773e+02 4.887e+02 106 0 2 6.153e+02 6.447e+02 272 0 4 6.603e+02 6.837e+02 218 0 3 4.219e+02 4.601e+02 354 0 3 4.724e+02 4.936e+02 197 0 4 6.100e+02 6.500e+02 371 0 3 3.791e+02 4.189e+02 369 0 2 4.898e+02 5.182e+02 263 1 4 5.434e+02 5.486e+02 48 1 4 6.236e+02 6.364e+02 120 1 4 5.332e+02 5.588e+02 238 1 2 6.186e+02 6.414e+02 212 1 4 5.277e+02 5.643e+02 340 2 3 2.294e+02 2.326e+02 30 2 3 4.341e+02 4.479e+02 128 2 4 1.998e+02 2.202e+02 189 2 2 4.522e+02 4.718e+02 182 2 1 2.542e+02 2.918e+02 350 2 1 4.242e+02 4.578e+02 312 2 2 2.426e+02 2.614e+02 175 2 4 4.438e+02 4.802e+02 338 2 1 2.120e+02 2.500e+02 353
27100 0
27101 10 0 1 6.510e+02 6.510e+02 -13 0 2 6.231e+02 6.369e+02 129 0 1 4.345e+02 4.475e+02 120 0 4 6.208e+02 6.392e+02 171 0 3 6.409e+02 6.611e+02 188 2 2 3.587e+01 4.813e+01 114 2 4 3.901e+01 4.499e+01 56 2 1 6.042e+01 6.558e+01 48 2 3 1.325e+02 1.615e+02 270 2 3 4.190e+00 3.781e+01 312
27103 2 2 1 1.927e+01 2.273e+01 32 2 3 9.262e+00 3.274e+01 218
27104 17 0 4 6.275e+02 6.325e+02 46 0 1 6.491e+02 6.529e+02 36 0 2 6.286e+02 6.314e+02 26 0 2 6.702e+02 6.738e+02 33 0 2 6.197e+02 6.403e+02 190 0 4 6.688e+02 6.752e+02 59 0 1 5.905e+02 6.275e+02 343 0 3 6.444e+02 6.576e+02 122 0 4 6.593e+02 6.847e+02 236 0 1 6.312e+02 6.708e+02 367 0 3 6.317e+02 6.703e+02 358 0 2 6.571e+02 6.869e+02 277 2 4 4.161e+02 4.239e+02 73 2 3 3.954e+02 4.026e+02 67 2 3 3.391e+02 3.749e+02 332 2 4 3.598e+02 3.962e+02 337 2 4 3.161e+02 3.559e+02 370
27105 28 0 2 3.699e+02 3.861e+02 150 0 2 4.524e+02 4.716e+02 178 0 4 5.816e+02 5.944e+02 118 0 2 3.292e+02 3.428e+02 126 0 3 3.789e+02 4.191e+02 373 0 1 2.965e+02 3.335e+02 343 0 4 4.550e+02 4.690e+02 130 0 4 3.656e+02 3.904e+02 230 0 3 5.493e+02 5.847e+02 328 0 1 4.210e+02 4.610e+02 372 0 2 4.915e+02 5.165e+02 233 0 3 4.185e+02 4.635e+02 417 0 4 4.932e+02 5.148e+02 201 0 1 3.753e+02 4.227e+02 440 0 1 4.661e+02 4.999e+02 314 0 3 4.650e+02 5.010e+02 335 1 2 4.563e+02 4.677e+02 106 1 1 4.775e+02 4.885e+02 103 1 4 4.540e+02 4.700e+02 148 1 3 4.736e+02 4.924e+02 174 1 4 4.468e+02 4.772e+02 283 1 2 4.897e+02 5.183e+02 266 1 1 4.197e+02 4.623e+02 396 1 4 4.921e+02 5.159e+02 220 1 3 4.580e+02 5.080e+02 464 2 1 1.743e+01 2.457e+01 66 2 3 1.734e+01 2.466e+01 68 2 3 2.800e+00 3.920e+01 338
27106 7 1 4 2.511e+02 2.529e+02 16 1 4 3.219e+01 5.181e+01 182 1 1 5.575e+01 7.025e+01 135 2 2 8.400e+01 8.400e+01 -4 2 4 7.514e+01 9.286e+01 165 2 1 5.117e+01 7.483e+01 220 2 3 5.153e+01 7.447e+01 213
27107 8 1 2 6.286e+02 6.314e+02 26 1 4 6.285e+02 6.315e+02 27 1 2 5.723e+02 6.037e+02 292 1 1 5.899e+02 6.281e+02 355 1 3 5.905e+02 6.275e+02 343 2 1 1.863e+02 1.917e+02 50 2 1 1.437e+02 1.503e+02 62 3 1 1.070e+01 3.130e+01 191
27108 0
27114 75 0 1 2.305e+02 2.315e+02 9 0 3 5.243e+02 5.257e+02 14 0 3 5.826e+01 6.774e+01 88 0 1 6.072e+02 6.108e+02 33 0 2 2.482e+02 2.558e+02 70 0 3 6.510e+02 6.510e+02 -4 0 2 2.636e+01 5.764e+01 290 0 3 4.813e+02 4.847e+02 31 0 4 2.457e+02 2.583e+02 116 0 2 5.452e+02 5.468e+02 15 0 3 2.555e+02 2.905e+02 325 0 2 6.297e+02 6.303e+02 6 0 4 2.236e+01 6.164e+01 365 0 2 6.683e+02 6.757e+02 69 0 3 2.128e+02 2.492e+02 338 0 4 5.018e+02 5.062e+02 40 0 1 5.628e+02 5.712e+02 78 0 4 6.295e+02 6.305e+02 10 0 4 6.696e+02 6.744e+02 44 0 1 4.741e+02 4.919e+02 166 0 3 5.613e+02 5.727e+02 106 0 4 5.855e+02 5.905e+02 46 0 1 6.475e+02 6.545e+02 66 0 2 4.967e+02 5.113e+02 136 0 3 5.506e+02 5.834e+02 305 0 3 6.014e+02 6.166e+02 140 0 1 6.340e+02 6.680e+02 316 0 4 4.866e+02 5.214e+02 324 0 4 5.775e+02 5.985e+02 196 0 3 5.901e+02 6.279e+02 350 0 4 6.117e+02 6.483e+02 340 1 1 6.089e+02 6.091e+02 2 1 2 5.834e+02 5.926e+02 86 1 3 6.090e+02 6.090e+02 -4 1 1 5.121e+02 5.379e+02 239 1 4 5.872e+02 5.888e+02 16 1 2 6.294e+02 6.306e+02 10 1 3 5.168e+02 5.332e+02 152 1 2 5.440e+02 5.480e+02 36 1 4 6.293e+02 6.307e+02 12 1 1 5.054e+02 5.446e+02 364 1 1 5.627e+02 5.713e+02 80 1 3 5.565e+02 5.775e+02 195 1 2 5.775e+02 5.985e+02 195 1 2 5.717e+02 6.043e+02 302 2 4 2.940e+02 2.940e+02 -1 2 3 3.984e+02 3.996e+02 11 2 4 3.740e+02 3.820e+02 75 2 3 4.796e+02 4.864e+02 63 2 2 8.361e+01 8.439e+01 7 2 3 5.661e+02 5.679e+02 17 2 3 1.852e+02 1.928e+02 71 2 2 5.828e+02 5.932e+02 97 2 2 2.411e+02 2.629e+02 202 2 2 4.161e+02 4.239e+02 73 2 3 3.117e+02 3.183e+02 60 2 4 4.941e+02 5.139e+02 183 2 2 3.257e+02 3.463e+02 192 2 3 5.221e+02 5.279e+02 53 2 4 8.307e+01 8.493e+01 17 2 2 6.191e+02 6.409e+02 203 2 4 1.585e+02 1.775e+02 177 2 1 4.364e+02 4.456e+02 86 2 4 2.395e+02 2.645e+02 231 2 4 4.489e+02 4.751e+02 244 2 1 2.966e+02 3.334e+02 341 2 4 5.326e+02 5.594e+02 250 2 4 3.067e+01 5.333e+01 210 2 4 5.790e+02 5.970e+02 168 2 3 2.145e+02 2.475e+02 307 2 3 4.467e+01 8.133e+01 340 2 2 1.913e+02 2.287e+02 348 2 3 3.069e+00 3.893e+01 333 3 4 2.909e+02 2.971e+02 58 3 4 1.230e+02 1.290e+02 56
27116 0
27119 0
27120 0
27121 32 0 4 3.758e+02 3.802e+02 40 0 2 3.296e+02 3.424e+02 120 0 2 6.708e+02 6.732e+02 22 0 4 5.806e+02 5.954e+02 138 0 2 3.221e+02 3.499e+02 258 0 4 6.701e+02 6.739e+02 35 0 2 6.189e+02 6.411e+02 206 0 1 6.415e+02 6.605e+02 176 0 4 6.157e+02 6.443e+02 266 0 3 6.431e+02 6.589e+02 146 0 1 5.895e+02 6.285e+02 363 0 3 5.924e+02 6.256e+02 309 1 2 6.282e+02 6.318e+02 33 1 2 6.173e+02 6.427e+02 236 1 4 6.140e+02 6.460e+02 297 1 1 5.952e+02 6.228e+02 256 2 3 2.057e+01 2.143e+01 8 2 3 1.050e+02 1.050e+02 -19 2 2 4.139e+01 4.261e+01 11 2 2 1.239e+02 1.281e+02 39 2 3 1.810e+02 1.970e+02 148 2 4 4.045e+01 4.355e+01 29 2 4 1.143e+02 1.377e+02 218 2 1 1.345e+02 1.595e+02 231 2 1 5.777e+01 6.823e+01 97 2 4 7.231e+01 9.569e+01 217 2 3 5.736e+01 6.864e+01 105 2 3 9.061e+01 1.194e+02 267 2 1 1.707e+01 2.493e+01 73 2 3 4.830e+01 7.770e+01 273 2 3 3.561e+00 3.844e+01 324 2 2 2.528e+01 5.872e+01 310
27123 11 0 3 6.052e+02 6.128e+02 70 1 3 5.632e+02 5.708e+02 70 1 3 6.083e+02 6.097e+02 14 1 4 5.789e+02 5.971e+02 170 1 4 6.285e+02 6.315e+02 28 1 2 5.787e+02 5.973e+02 172 1 4 6.203e+02 6.397e+02 180 1 3 5.502e+02 5.838e+02 312 1 1 5.952e+02 6.228e+02 256 1 4 5.702e+02 6.058e+02 331 2 3 5.505e+02 5.835e+02 306
27125 15 0 1 6.501e+02 6.519e+02 16 0 3 6.470e+02 6.550e+02 74 0 2 6.126e+02 6.474e+02 324 0 4 6.133e+02 6.467e+02 310 2 3 1.954e+01 2.246e+01 27 2 4 5.400e+02 5.520e+02 110 2 1 6.068e+01 6.532e+01 43 2 4 4.983e+02 5.097e+02 106 2 2 2.986e+01 5.414e+01 226 2 4 4.885e+02 5.195e+02 288 2 4 6.571e+01 1.023e+02 340 2 4 5.269e+02 5.651e+02 354 2 1 8.185e+00 3.382e+01 238 2 2 6.560e+02 6.880e+02 298 2 4 4.462e+02 4.778e+02 294
27126 8 2 3 6.028e+01 6.572e+01 50 2 4 2.094e+02 2.106e+02 11 2 1 5.853e+01 6.747e+01 83 2 1 2.295e+02 2.325e+02 27 2 4 3.071e+01 5.329e+01 210 2 2 6.517e+01 1.028e+02 350 2 3 2.176e+02 2.444e+02 250 2 2 1.949e+02 2.251e+02 280
27127 8 0 2 6.268e+02 6.332e+02 59 0 3 6.510e+02 6.510e+02 -0 0 2 4.982e+02 5.098e+02 108 0 4 6.238e+02 6.362e+02 116 0 4 4.939e+02 5.141e+02 188 0 3 5.120e+02 5.380e+02 240 0 1 6.317e+02 6.703e+02 358 2 1 6.028e+01 6.572e+01 50
27130 2 0 2 6.650e+02 6.790e+02 130 0 4 6.653e+02 6.787e+02 125
27132 15 0 1 5.236e+02 5.264e+02 26 0 3 5.223e+02 5.277e+02 50 0 2 4.857e+02 5.223e+02 340 1 2 1.256e+02 1.264e+02 8 1 2 6.248e+02 6.352e+02 97 1 1 5.959e+02 6.221e+02 243 1 1 8.918e+01 1.208e+02 294 1 3 5.936e+02 6.244e+02 286 2 2 3.774e+02 3.786e+02 11 2 3 3.884e+02 4.096e+02 197 2 4 7.706e+01 9.094e+01 129 2 2 5.362e+02 5.558e+02 181 2 1 3.445e+02 3.695e+02 231 2 3 5.539e+02 5.801e+02 243 2 4 3.645e+02 3.915e+02 250
27135 10 2 2 4.094e+01 4.306e+01 20 2 1 3.085e+02 3.215e+02 121 2 4 3.928e+01 4.472e+01 50 2 2 7.854e+01 8.946e+01 101 2 3 3.117e+02 3.183e+02 62 2 3 3.386e+00 3.861e+01 327 2 2 7.298e+01 9.502e+01 205 2 4 2.849e+02 3.031e+02 170 2 4 1.905e+02 2.295e+02 361 2 2 2.745e+02 3.135e+02 362
27136 2 1 2 2.491e+02 2.549e+02 54 1 3 2.176e+02 2.444e+02 248
27137 4 0 3 5.670e+02 5.670e+02 -20 0 2 6.289e+02 6.311e+02 21 0 4 6.156e+02 6.444e+02 267 0 3 6.439e+02 6.581e+02 132
27138 5 0 2 4.966e+02 5.114e+02 137 2 1 1.801e+02 1.979e+02 165 2 1 7.151e+00 3.485e+01 257 2 2 5.718e+01 1.108e+02 498 3 3 1.662e+01 2.538e+01 81
27139 9 0 4 5.841e+02 5.919e+02 73 0 3 6.040e+02 6.140e+02 92 0 3 6.392e+02 6.628e+02 220 0 3 5.975e+02 6.205e+02 214 0 1 6.355e+02 6.665e+02 287 0 2 6.170e+02 6.430e+02 241 0 4 6.133e+02 6.467e+02 310 0 4 5.731e+02 6.029e+02 277 1 2 1.239e+02 1.281e+02 40
27140 5 0 3 6.026e+02 6.154e+02 120 0 1 9.218e+00 3.278e+01 219 0 4 6.103e+02 6.497e+02 366 1 3 2.017e+01 2.183e+01 16 1 4 2.842e+01 5.558e+01 252
27143 14 0 4 3.353e+02 3.367e+02 14 0 2 6.700e+02 6.740e+02 37 0 1 3.074e+02 3.226e+02 140 0 3 6.436e+02 6.584e+02 138 0 4 6.605e+02 6.835e+02 214 0 2 3.173e+02 3.547e+02 348 0 2 6.529e+02 6.911e+02 355 2 3 1.869e+02 1.911e+02 40 2 3 1.459e+02 1.481e+02 20 2 2 1.959e+02 2.241e+02 262 2 4 1.096e+02 1.424e+02 305 2 4 1.643e+02 1.717e+02 68 2 1 1.360e+02 1.580e+02 205 2 2 1.499e+02 1.861e+02 336
27147 4 0 2 6.678e+02 6.762e+02 79 0 4 6.720e+02 6.720e+02 0 0 1 6.469e+02 6.551e+02 76 0 3 6.345e+02 6.675e+02 307
27148 6 0 4 3.582e+02 3.978e+02 367 0 4 5.616e+02 6.144e+02 490 1 2 6.074e+02 6.526e+02 420 1 1 5.837e+02 6.343e+02 470 2 1 -3.214e+00 4.521e+01 450 2 3 -5.546e+00 4.755e+01 493
