23321 0
23322 1 0 3 2.496e+02 2.964e+02 436
23323 31 0 3 5.670e+02 5.670e+02 -24 0 3 6.495e+02 6.525e+02 27 0 3 4.409e+02 4.411e+02 2 0 3 4.741e+02 4.919e+02 165 0 2 6.684e+02 6.756e+02 66 0 1 4.327e+02 4.493e+02 155 0 4 4.442e+02 4.798e+02 330 0 2 6.111e+02 6.489e+02 351 0 4 6.709e+02 6.731e+02 21 0 1 6.485e+02 6.535e+02 46 0 1 6.372e+02 6.648e+02 256 0 2 6.567e+02 6.873e+02 285 1 4 5.880e+02 5.880e+02 -12 1 1 6.083e+02 6.097e+02 14 1 2 5.858e+02 5.902e+02 40 1 4 6.300e+02 6.300e+02 -4 1 2 6.192e+02 6.408e+02 201 1 4 6.196e+02 6.404e+02 193 1 3 5.970e+02 6.210e+02 222 2 4 4.049e+01 4.351e+01 28 2 4 6.720e+02 6.720e+02 -20 2 4 1.239e+02 1.281e+02 39 2 3 1.444e+02 1.496e+02 49 2 1 2.239e+02 2.381e+02 132 2 3 6.289e+01 6.311e+01 2 2 2 7.397e+01 9.403e+01 186 2 4 2.874e+01 5.526e+01 246 2 2 1.086e+02 1.434e+02 324 2 1 4.969e+01 7.631e+01 247 2 2 6.881e+01 9.919e+01 282 3 1 2.262e+02 2.358e+02 89
23325 13 0 3 6.090e+02 6.090e+02 -1 1 3 5.545e+02 5.795e+02 232 1 4 5.756e+02 6.004e+02 230 1 3 5.439e+02 5.901e+02 430 2 2 3.708e+01 4.692e+01 91 2 4 3.610e+01 4.790e+01 110 2 4 1.532e+02 1.828e+02 275 3 4 4.116e+02 4.284e+02 156 3 3 6.024e+02 6.156e+02 122 3 3 3.454e+02 3.686e+02 216 3 2 5.757e+02 6.003e+02 229 3 1 5.966e+02 6.214e+02 230 3 4 5.724e+02 6.036e+02 290
23326 3 2 4 6.275e+02 6.325e+02 46 2 4 7.370e+01 9.430e+01 191 2 4 6.147e+02 6.453e+02 285
23327 0
23328 12 0 2 6.137e+02 6.463e+02 302 0 4 6.135e+02 6.465e+02 307 0 2 6.543e+02 6.897e+02 328 0 4 5.707e+02 6.053e+02 320 1 4 6.300e+02 6.300e+02 -2 2 4 2.906e+02 2.974e+02 63 2 4 1.639e+02 1.721e+02 76 2 1 3.122e+02 3.178e+02 51 2 1 1.815e+02 1.965e+02 139 2 2 2.830e+02 3.050e+02 205 2 3 1.716e+02 2.064e+02 323 2 3 3.055e+02 3.245e+02 176
23329 0
23330 3 1 3 3.150e+02 3.150e+02 -11 1 4 3.345e+02 3.375e+02 27 1 2 3.752e+02 3.808e+02 51
23331 0
23332 0
23333 20 0 4 3.325e+02 3.395e+02 65 0 2 6.695e+02 6.745e+02 46 0 2 4.976e+02 5.104e+02 118 0 4 3.637e+02 3.923e+02 266 0 3 5.137e+02 5.363e+02 210 0 2 3.166e+02 3.554e+02 360 0 2 6.205e+02 6.395e+02 176 0 4 6.678e+02 6.762e+02 79 0 4 4.919e+02 5.161e+02 224 0 1 5.079e+02 5.421e+02 317 0 4 6.160e+02 6.440e+02 260 0 1 6.484e+02 6.536e+02 48 0 3 6.426e+02 6.594e+02 156 1 2 6.164e+02 6.436e+02 252 1 4 6.106e+02 6.494e+02 360 2 3 3.145e+02 3.155e+02 10 2 2 3.309e+02 3.411e+02 96 2 3 2.691e+02 2.769e+02 72 2 4 3.174e+02 3.546e+02 346 2 2 2.741e+02 3.139e+02 370
23334 16 0 2 6.265e+02 6.335e+02 66 0 4 6.258e+02 6.342e+02 79 0 1 6.336e+02 6.684e+02 324 0 1 2.911e+02 3.389e+02 443 0 3 5.903e+02 6.277e+02 347 0 2 6.534e+02 6.906e+02 346 0 2 2.678e+02 3.202e+02 486 0 2 6.114e+02 6.486e+02 346 0 4 6.524e+02 6.916e+02 364 1 4 6.122e+02 6.478e+02 330 1 2 5.692e+02 6.068e+02 350 1 1 5.876e+02 6.304e+02 397 1 4 5.668e+02 6.092e+02 393 1 2 6.077e+02 6.523e+02 415 2 4 3.152e+02 3.568e+02 386 2 1 3.365e+02 3.775e+02 380
23336 0
23337 1 0 4 6.460e+02 6.980e+02 482
23338 0
23339 14 0 2 6.171e+02 6.429e+02 240 0 3 6.426e+02 6.594e+02 156 0 4 6.179e+02 6.421e+02 225 2 3 2.304e+02 2.316e+02 11 2 1 6.145e+01 6.455e+01 29 2 2 2.415e+02 2.625e+02 195 2 3 5.884e+01 6.716e+01 77 2 4 6.599e+02 6.841e+02 225 2 4 1.976e+02 2.224e+02 230 2 4 4.072e+02 4.328e+02 237 2 4 2.995e+01 5.405e+01 224 2 1 3.803e+02 4.177e+02 348 2 1 2.112e+02 2.508e+02 367 2 2 2.223e+01 6.177e+01 367
23342 9 0 1 2.241e+02 2.379e+02 128 0 2 7.495e+01 9.305e+01 168 0 3 2.257e+02 2.363e+02 98 0 1 8.599e+01 1.240e+02 353 0 1 2.138e+02 2.482e+02 319 0 2 2.310e+02 2.730e+02 390 0 2 1.909e+02 2.291e+02 356 1 4 1.975e+02 2.225e+02 231 1 3 2.119e+02 2.501e+02 356
23343 1 0 3 6.510e+02 6.510e+02 -18
23344 8 0 4 6.718e+02 6.722e+02 3 0 2 3.339e+02 3.381e+02 39 0 4 4.162e+01 4.238e+01 7 0 2 6.688e+02 6.752e+02 60 0 4 3.653e+02 3.907e+02 236 0 3 6.212e+00 3.579e+01 275 0 1 3.435e+02 3.705e+02 251 1 4 1.593e+02 1.767e+02 161
23345 19 0 2 5.456e+02 5.464e+02 7 0 1 6.063e+02 6.117e+02 50 0 3 5.639e+02 5.701e+02 57 0 3 6.026e+02 6.154e+02 120 0 1 5.597e+02 5.743e+02 136 0 4 6.177e+02 6.423e+02 228 0 3 5.576e+02 5.764e+02 175 0 2 6.136e+02 6.464e+02 304 0 2 5.284e+02 5.636e+02 326 0 4 5.651e+02 6.109e+02 426 2 3 1.909e+01 2.291e+01 36 2 2 6.696e+02 6.744e+02 45 2 2 3.724e+02 3.836e+02 104 2 4 3.735e+01 4.665e+01 86 2 4 3.684e+02 3.876e+02 179 2 1 9.887e+00 3.211e+01 206 2 1 3.423e+02 3.717e+02 273 2 2 2.860e+01 5.540e+01 249 2 3 3.424e+02 3.716e+02 271
23346 9 2 3 1.030e+02 1.070e+02 38 2 2 2.911e+02 2.969e+02 54 2 2 7.473e+01 9.327e+01 172 2 4 2.433e+02 2.607e+02 161 2 3 2.666e+02 2.794e+02 119 2 4 7.895e+01 8.905e+01 94 2 1 1.341e+02 1.599e+02 240 2 3 4.251e+01 8.349e+01 380 2 3 9.133e+01 1.187e+02 254
23347 0
23348 5 0 2 6.646e+02 6.794e+02 137 0 1 2.192e+02 2.428e+02 220 0 4 6.652e+02 6.788e+02 127 0 1 6.398e+02 6.622e+02 207 0 3 6.393e+02 6.627e+02 217
23349 18 0 4 6.587e+02 6.853e+02 246 0 1 5.849e+02 6.331e+02 447 0 2 2.267e+02 2.773e+02 470 0 3 2.496e+02 2.964e+02 434 0 4 6.039e+02 6.561e+02 485 1 2 5.866e+02 5.894e+02 26 2 2 3.704e+01 4.696e+01 92 2 4 5.029e+02 5.051e+02 20 2 1 1.635e+01 2.565e+01 86 2 2 5.015e+02 5.065e+02 46 2 3 5.066e+02 5.434e+02 341 3 3 2.307e+02 2.313e+02 6 3 1 3.948e+02 4.032e+02 78 3 1 4.371e+02 4.449e+02 73 3 3 3.948e+02 4.032e+02 79 3 3 4.342e+02 4.478e+02 126 3 4 4.079e+02 4.321e+02 224 3 2 4.050e+02 4.350e+02 278
23350 0
23351 44 0 2 2.910e+02 2.970e+02 56 0 1 4.381e+02 4.439e+02 53 0 4 2.896e+02 2.984e+02 82 0 3 4.373e+02 4.447e+02 68 0 1 2.602e+02 2.858e+02 238 0 4 4.463e+02 4.777e+02 292 1 1 5.250e+02 5.250e+02 -0 1 3 3.968e+02 4.012e+02 41 1 1 5.637e+02 5.703e+02 61 1 4 4.101e+02 4.299e+02 183 1 2 5.012e+02 5.068e+02 52 1 3 5.635e+02 5.705e+02 66 1 1 5.985e+02 6.195e+02 195 1 3 5.226e+02 5.274e+02 44 1 4 5.787e+02 5.973e+02 172 1 3 6.004e+02 6.176e+02 160 1 4 4.934e+02 5.146e+02 197 1 2 5.418e+02 5.502e+02 77 1 2 6.196e+02 6.404e+02 194 1 1 4.663e+02 4.997e+02 310 1 4 5.350e+02 5.570e+02 205 1 4 6.178e+02 6.422e+02 227 1 3 5.565e+02 5.775e+02 196 1 2 6.126e+02 6.474e+02 323 1 2 5.789e+02 5.971e+02 169 2 2 6.273e+02 6.327e+02 50 2 4 4.126e+01 4.274e+01 14 2 1 5.355e+01 7.245e+01 176 2 4 6.252e+02 6.348e+02 90 2 3 5.328e+01 7.272e+01 180 2 1 5.912e+02 6.268e+02 330 2 2 6.540e+01 1.026e+02 346 2 3 5.925e+02 6.255e+02 307 2 2 2.335e+01 6.065e+01 346 3 1 5.645e+02 5.695e+02 46 3 2 6.296e+02 6.304e+02 7 3 1 1.635e+01 2.565e+01 86 3 3 5.623e+02 5.717e+02 88 3 1 7.962e+00 3.404e+01 242 3 4 5.300e+02 5.620e+02 298 3 2 1.921e+02 2.279e+02 332 3 3 5.931e+02 6.249e+02 295 3 2 5.290e+02 5.630e+02 316 3 1 6.338e+02 6.682e+02 320
23352 13 0 3 9.402e+01 1.160e+02 204 0 4 4.515e+02 4.725e+02 195 0 3 5.649e+02 5.691e+02 40 0 2 6.608e+02 6.832e+02 209 0 4 4.911e+02 5.169e+02 239 0 4 6.595e+02 6.845e+02 231 0 2 4.493e+02 4.747e+02 236 0 1 4.167e+02 4.653e+02 451 0 1 4.627e+02 5.033e+02 377 0 3 4.676e+02 4.984e+02 286 0 2 4.862e+02 5.218e+02 331 0 4 4.796e+02 5.284e+02 453 1 2 6.070e+02 6.530e+02 428
23353 5 0 4 5.862e+02 5.898e+02 34 0 3 4.389e+02 4.431e+02 39 0 3 6.083e+02 6.097e+02 13 0 4 6.154e+02 6.446e+02 270 0 4 5.708e+02 6.052e+02 319
23354 0
23355 42 0 4 5.793e+02 5.967e+02 162 1 4 6.263e+02 6.337e+02 69 1 2 5.850e+02 5.910e+02 56 1 1 6.068e+02 6.112e+02 40 2 2 4.184e+01 4.216e+01 3 2 4 1.667e+02 1.693e+02 25 2 1 5.632e+02 5.708e+02 70 2 3 2.286e+02 2.334e+02 45 2 2 5.028e+02 5.052e+02 22 2 1 2.701e+02 2.759e+02 55 2 3 5.663e+02 5.677e+02 14 2 1 6.185e+01 6.415e+01 21 2 4 4.559e+02 4.681e+02 114 2 2 1.232e+02 1.288e+02 51 2 1 5.239e+02 5.261e+02 21 2 3 1.408e+02 1.532e+02 116 2 2 5.738e+02 6.022e+02 263 2 2 2.480e+02 2.560e+02 75 2 1 4.762e+02 4.898e+02 126 2 4 3.901e+01 4.499e+01 56 2 3 5.245e+02 5.255e+02 9 2 4 8.214e+01 8.586e+01 35 2 4 4.938e+02 5.142e+02 190 2 2 1.608e+02 1.752e+02 135 2 4 5.426e+02 5.494e+02 63 2 4 2.048e+02 2.152e+02 97 2 3 4.705e+02 4.955e+02 232 2 3 8.858e+00 3.314e+01 226 2 3 5.540e+02 5.800e+02 242 2 3 1.008e+02 1.092e+02 77 2 2 4.469e+02 4.771e+02 281 2 1 1.303e+02 1.637e+02 310 2 2 5.295e+02 5.625e+02 306 2 4 2.435e+02 2.605e+02 157 2 1 5.547e+02 5.793e+02 228 2 2 2.770e+01 5.630e+01 266 2 1 5.087e+02 5.413e+02 303 2 2 7.118e+01 9.682e+01 238 2 4 1.491e+02 1.869e+02 351 2 4 2.743e+01 5.657e+01 270 2 3 8.985e+01 1.201e+02 281 2 3 4.821e+01 7.779e+01 275
23356 9 0 4 2.564e+01 5.836e+01 304 2 3 6.344e+02 6.676e+02 308 2 4 6.072e+02 6.528e+02 423 3 4 5.293e+02 5.627e+02 310 3 3 5.490e+02 5.850e+02 334 3 1 5.921e+02 6.259e+02 313 3 3 4.989e+02 5.511e+02 485 3 2 5.687e+02 6.073e+02 359 3 2 5.258e+02 5.662e+02 376
23357 16 0 3 6.048e+02 6.132e+02 77 0 4 6.720e+02 6.720e+02 -6 0 4 7.693e+01 9.107e+01 131 0 1 5.977e+02 6.203e+02 210 0 4 6.894e+01 9.906e+01 280 0 1 6.386e+02 6.634e+02 230 0 4 5.707e+02 6.053e+02 320 0 2 6.574e+02 6.866e+02 271 0 3 6.328e+02 6.692e+02 338 2 3 3.517e+02 3.623e+02 98 2 4 3.901e+01 4.499e+01 56 2 2 8.357e+01 8.443e+01 8 2 1 1.447e+02 1.493e+02 42 2 4 3.235e+02 3.485e+02 233 2 4 8.052e+01 8.748e+01 65 2 3 2.154e+02 2.466e+02 289
23359 104 0 4 4.612e+02 4.628e+02 16 0 4 2.504e+02 2.536e+02 29 0 1 5.615e+02 5.725e+02 101 0 4 2.921e+02 2.959e+02 36 0 2 6.265e+02 6.335e+02 66 0 4 3.325e+02 3.395e+02 65 0 2 6.716e+02 6.724e+02 8 0 2 2.026e+02 2.174e+02 138 0 1 4.393e+02 4.427e+02 31 0 1 3.108e+02 3.192e+02 77 0 1 4.810e+02 4.850e+02 38 0 2 3.246e+02 3.474e+02 211 0 3 5.666e+02 5.674e+02 8 0 1 2.263e+02 2.357e+02 88 0 4 5.834e+02 5.926e+02 85 0 3 2.659e+02 2.801e+02 131 0 4 6.714e+02 6.726e+02 10 0 4 3.161e+02 3.559e+02 369 0 3 4.404e+02 4.416e+02 10 0 3 2.207e+02 2.413e+02 192 0 3 4.801e+02 4.859e+02 54 0 2 2.904e+02 2.976e+02 66 0 3 5.221e+02 5.279e+02 55 0 2 2.410e+02 2.630e+02 205 0 3 5.965e+02 6.215e+02 232 0 1 2.622e+02 2.838e+02 201 0 1 6.498e+02 6.522e+02 22 0 4 2.380e+02 2.660e+02 260 0 2 4.584e+02 4.656e+02 66 0 2 5.368e+02 5.552e+02 170 0 4 5.775e+02 5.985e+02 195 0 3 6.467e+02 6.553e+02 80 0 3 4.721e+02 4.939e+02 202 0 1 5.148e+02 5.352e+02 189 0 1 5.916e+02 6.264e+02 323 0 3 6.375e+02 6.645e+02 250 0 2 4.974e+02 5.106e+02 123 0 2 5.282e+02 5.638e+02 331 0 3 5.913e+02 6.267e+02 329 0 4 4.906e+02 5.174e+02 249 0 1 5.473e+02 5.867e+02 366 0 2 6.129e+02 6.471e+02 317 0 4 4.453e+02 4.787e+02 310 0 3 4.656e+02 5.004e+02 323 1 1 4.828e+02 4.832e+02 4 1 2 4.588e+02 4.652e+02 59 1 1 5.661e+02 5.679e+02 17 1 2 6.297e+02 6.303e+02 5 1 4 5.018e+02 5.062e+02 41 1 3 5.644e+02 5.696e+02 48 1 4 6.287e+02 6.313e+02 24 1 3 4.691e+02 4.969e+02 258 1 2 5.880e+02 5.880e+02 -3 1 1 6.072e+02 6.108e+02 34 1 4 5.869e+02 5.891e+02 20 1 3 6.021e+02 6.159e+02 129 1 2 5.393e+02 5.527e+02 125 1 3 5.508e+02 5.832e+02 300 1 2 5.690e+02 6.070e+02 353 2 1 1.882e+02 1.898e+02 16 2 4 5.452e+02 5.468e+02 15 2 2 2.498e+02 2.542e+02 40 2 1 3.986e+02 3.994e+02 7 2 1 2.675e+02 2.785e+02 101 2 4 5.038e+02 5.042e+02 4 2 2 3.753e+02 3.807e+02 50 2 1 5.641e+02 5.699e+02 54 2 3 6.297e+01 6.303e+01 0 2 3 6.443e+02 6.577e+02 124 2 2 7.967e+01 8.833e+01 80 2 3 5.630e+02 5.710e+02 75 2 3 1.852e+02 1.928e+02 70 2 2 5.764e+02 5.996e+02 215 2 2 2.063e+02 2.137e+02 68 2 1 2.592e+02 2.868e+02 256 2 3 5.247e+02 5.253e+02 6 2 4 3.667e+02 3.893e+02 210 2 1 5.949e+02 6.231e+02 262 2 1 1.851e+01 2.349e+01 46 2 2 5.440e+02 5.480e+02 38 2 3 1.021e+02 1.079e+02 53 2 4 6.134e+02 6.466e+02 309 2 1 1.454e+02 1.486e+02 30 2 2 5.323e+02 5.597e+02 254 2 3 2.283e+02 2.337e+02 50 2 3 3.406e+02 3.734e+02 305 2 3 1.667e+01 2.533e+01 80 2 2 1.219e+02 1.301e+02 76 2 3 1.457e+02 1.483e+02 25 2 4 1.954e+02 2.246e+02 270 2 2 4.000e+01 4.400e+01 37 2 4 1.153e+02 1.367e+02 198 2 2 1.664e+02 1.696e+02 30 2 1 2.178e+02 2.442e+02 246 2 4 2.892e+01 5.508e+01 243 2 4 7.576e+01 9.224e+01 153 2 4 1.534e+02 1.826e+02 271 2 3 4.624e+01 7.976e+01 311 2 3 8.931e+01 1.207e+02 291 2 1 1.300e+02 1.640e+02 316 3 4 1.243e+02 1.277e+02 31 3 3 1.441e+02 1.499e+02 54 3 4 6.629e+02 6.811e+02 169 3 1 7.017e+00 3.498e+01 260
23360 20 0 1 6.468e+02 6.552e+02 78 0 1 6.041e+02 6.139e+02 90 0 3 6.452e+02 6.568e+02 107 0 1 6.370e+02 6.650e+02 260 1 4 6.282e+02 6.318e+02 33 1 3 5.574e+02 5.766e+02 179 1 4 5.320e+02 5.600e+02 260 2 3 6.203e+01 6.397e+01 18 2 1 4.390e+02 4.430e+02 37 2 2 1.243e+02 1.277e+02 32 2 2 5.829e+02 5.931e+02 94 2 4 3.291e+01 5.109e+01 169 2 4 4.178e+02 4.222e+02 40 2 2 7.253e+01 9.547e+01 213 2 2 4.038e+02 4.362e+02 300 2 1 4.839e+01 7.761e+01 271 2 3 4.261e+02 4.559e+02 276 2 4 1.129e+02 1.391e+02 243 2 1 1.298e+02 1.642e+02 320 2 3 8.667e+01 1.233e+02 340
23363 13 2 4 4.619e+02 4.621e+02 1 2 2 4.564e+02 4.676e+02 105 2 1 4.318e+02 4.502e+02 170 2 4 2.806e+01 5.594e+01 259 2 3 4.234e+02 4.586e+02 326 3 3 5.645e+02 5.695e+02 46 3 3 5.194e+02 5.306e+02 105 3 2 5.383e+02 5.537e+02 143 3 1 5.194e+02 5.306e+02 104 3 1 5.623e+02 5.717e+02 88 3 4 5.334e+02 5.586e+02 235 3 1 5.494e+02 5.846e+02 327 3 2 5.689e+02 6.071e+02 355
23364 25 0 1 5.587e+02 5.753e+02 154 0 2 6.652e+02 6.788e+02 126 0 4 2.826e+02 3.054e+02 212 0 2 5.378e+02 5.542e+02 153 0 4 5.772e+02 5.988e+02 200 0 4 6.650e+02 6.790e+02 130 0 3 5.533e+02 5.807e+02 254 0 1 5.967e+02 6.213e+02 228 0 1 6.431e+02 6.589e+02 147 0 2 4.791e+02 5.289e+02 463 0 2 5.261e+02 5.659e+02 369 0 2 6.146e+02 6.454e+02 286 0 3 6.431e+02 6.589e+02 147 0 4 6.121e+02 6.479e+02 333 0 3 6.265e+02 6.755e+02 456 0 1 5.854e+02 6.326e+02 439 0 2 6.055e+02 6.545e+02 456 0 4 6.051e+02 6.549e+02 462 1 1 2.695e+02 2.765e+02 65 1 2 2.913e+02 2.967e+02 50 1 3 2.622e+02 2.838e+02 201 1 4 2.936e+02 2.944e+02 7 2 3 1.976e+01 2.224e+01 23 2 2 4.004e+01 4.396e+01 36 2 1 6.031e+00 3.597e+01 278
23365 0
23369 3 1 3 6.039e+02 6.141e+02 94 2 2 8.307e+01 8.493e+01 17 2 3 4.798e+01 7.802e+01 279
23370 18 0 4 4.603e+02 4.637e+02 31 0 2 5.403e+02 5.517e+02 106 0 2 5.022e+02 5.058e+02 34 0 3 5.621e+02 5.719e+02 90 0 3 4.281e+02 4.539e+02 239 0 4 4.867e+02 5.213e+02 320 0 3 5.195e+02 5.305e+02 101 0 3 3.787e+02 4.193e+02 377 0 4 4.483e+02 4.757e+02 255 0 3 5.080e+02 5.420e+02 316 0 4 4.020e+02 4.380e+02 334 0 3 4.619e+02 5.041e+02 391 0 2 5.296e+02 5.624e+02 304 0 3 4.226e+02 4.594e+02 341 2 3 1.415e+01 2.785e+01 127 2 2 3.111e+01 5.289e+01 202 2 1 7.781e+00 3.422e+01 246 2 4 2.609e+01 5.791e+01 296
