33665 5 0 3 6.055e+02 6.125e+02 66 0 4 3.759e+02 3.801e+02 40 0 2 6.300e+02 6.300e+02 -4 0 2 3.720e+02 3.840e+02 111 0 1 3.456e+02 3.684e+02 211
33667 4 0 4 2.829e+01 5.571e+01 255 1 3 4.774e+02 4.886e+02 104 1 4 4.976e+02 5.104e+02 120 2 2 3.357e+02 3.363e+02 6
33669 0
33673 59 0 1 5.653e+02 5.687e+02 31 0 4 5.842e+02 5.918e+02 71 0 3 5.919e+02 6.261e+02 318 1 3 5.212e+02 5.288e+02 70 1 4 5.375e+02 5.545e+02 158 2 2 4.036e+01 4.364e+01 30 2 1 3.983e+02 3.997e+02 12 2 4 1.676e+02 1.684e+02 7 2 2 4.615e+02 4.625e+02 9 2 1 2.678e+02 2.782e+02 96 2 3 5.238e+02 5.262e+02 22 2 3 3.555e+02 3.585e+02 28 2 3 6.500e+02 6.520e+02 19 2 1 5.781e+01 6.819e+01 96 2 3 4.409e+02 4.411e+02 1 2 2 7.697e+01 9.103e+01 130 2 4 4.610e+02 4.630e+02 19 2 3 1.861e+02 1.919e+02 55 2 1 5.639e+02 5.701e+02 58 2 3 2.692e+02 2.768e+02 71 2 2 5.803e+02 5.957e+02 143 2 4 3.268e+02 3.452e+02 170 2 2 6.687e+02 6.753e+02 61 2 3 5.665e+01 6.935e+01 118 2 3 3.932e+02 4.048e+02 108 2 4 6.742e+01 1.006e+02 308 2 2 5.008e+02 5.072e+02 59 2 2 1.928e+02 2.272e+02 320 2 1 5.191e+02 5.309e+02 109 2 2 3.659e+02 3.901e+02 226 2 4 5.783e+02 5.977e+02 180 2 4 3.394e+01 5.006e+01 150 2 1 6.482e+02 6.538e+02 52 2 2 2.327e+02 2.713e+02 358 2 2 4.134e+02 4.266e+02 123 2 1 3.388e+02 3.752e+02 339 2 4 5.008e+02 5.072e+02 60 2 3 8.811e+00 3.319e+01 226 2 2 5.378e+02 5.542e+02 153 2 4 3.595e+02 3.965e+02 343 2 4 6.147e+02 6.453e+02 285 2 2 2.250e+01 6.150e+01 362 2 4 6.624e+02 6.816e+02 179 2 1 4.556e+01 8.044e+01 324 2 4 4.080e+02 4.320e+02 222 2 1 1.632e+00 4.037e+01 360 2 2 4.928e+02 5.152e+02 208 3 1 4.830e+02 4.830e+02 -1 3 1 4.408e+02 4.412e+02 4 3 2 5.453e+02 5.467e+02 13 3 3 4.372e+02 4.448e+02 70 3 3 4.830e+02 4.830e+02 -1 3 2 4.573e+02 4.667e+02 87 3 2 5.016e+02 5.064e+02 44 3 4 5.284e+02 5.636e+02 326 3 4 4.538e+02 4.702e+02 152 3 4 5.004e+02 5.076e+02 66 3 1 5.233e+02 5.267e+02 31 3 3 5.230e+02 5.270e+02 38
33674 0
33676 3 0 3 2.271e+02 2.349e+02 73 0 2 4.448e+02 4.792e+02 320 0 4 4.460e+02 4.780e+02 296
33682 14 0 4 6.678e+02 6.762e+02 77 0 2 6.205e+02 6.395e+02 177 0 2 6.664e+02 6.776e+02 104 0 1 6.388e+02 6.632e+02 227 0 3 6.360e+02 6.660e+02 278 1 3 4.382e+02 4.438e+02 52 2 1 2.061e+01 2.139e+01 7 2 3 1.855e+02 1.925e+02 66 2 3 1.456e+01 2.744e+01 120 2 1 1.426e+02 1.514e+02 82 2 3 1.403e+02 1.537e+02 125 2 2 1.922e+02 2.278e+02 330 2 2 1.526e+02 1.834e+02 286 2 4 1.480e+02 1.880e+02 371
33683 13 0 2 6.718e+02 6.722e+02 4 0 4 6.705e+02 6.735e+02 28 0 1 2.925e+02 3.375e+02 417 1 2 6.300e+02 6.300e+02 -10 3 2 5.029e+02 5.051e+02 20 3 4 5.038e+02 5.042e+02 4 3 4 5.369e+02 5.551e+02 169 3 1 5.217e+02 5.283e+02 61 3 3 5.504e+02 5.836e+02 308 3 3 5.154e+02 5.346e+02 179 3 3 4.746e+02 4.914e+02 156 3 1 5.102e+02 5.398e+02 275 3 3 5.062e+02 5.438e+02 350
33684 5 2 2 4.054e+01 4.346e+01 27 2 4 3.991e+01 4.409e+01 39 2 2 3.493e+01 4.907e+01 131 2 1 2.396e+00 3.960e+01 346 2 3 2.083e+00 3.992e+01 351
33686 5 0 4 3.348e+02 3.372e+02 23 2 4 5.865e+02 5.895e+02 28 2 4 1.502e+02 1.858e+02 331 2 4 5.738e+02 6.022e+02 263 2 4 5.672e+02 6.088e+02 387
33687 8 0 1 4.797e+02 4.863e+02 60 0 3 4.782e+02 4.878e+02 89 0 2 4.912e+02 5.168e+02 237 0 4 4.913e+02 5.167e+02 236 1 3 9.842e+01 1.116e+02 122 2 4 8.321e+01 8.479e+01 15 2 3 5.252e+01 7.348e+01 195 2 3 4.632e+01 7.968e+01 310
33688 11 0 4 6.293e+02 6.307e+02 13 0 4 5.862e+02 5.898e+02 34 0 4 6.220e+02 6.380e+02 149 0 3 5.507e+02 5.833e+02 303 0 4 5.794e+02 5.966e+02 160 0 3 5.934e+02 6.246e+02 289 0 1 5.900e+02 6.280e+02 353 2 2 3.995e+01 4.405e+01 38 2 4 4.179e+01 4.221e+01 4 2 1 5.682e+01 6.918e+01 115 2 3 5.095e+01 7.505e+01 224
33691 3 0 4 5.033e+02 5.047e+02 14 0 3 4.699e+02 4.961e+02 244 0 2 4.850e+02 5.230e+02 352
33692 7 0 4 3.345e+02 3.375e+02 27 0 2 3.289e+02 3.431e+02 131 1 4 6.288e+02 6.312e+02 22 1 2 5.831e+02 5.929e+02 91 1 4 5.782e+02 5.978e+02 182 1 3 5.910e+02 6.270e+02 334 2 1 8.363e+00 3.364e+01 235
33694 2 2 4 3.986e+01 4.414e+01 40 2 3 2.440e+00 3.956e+01 345
33695 4 3 1 3.965e+02 4.015e+02 47 3 3 3.937e+02 4.043e+02 99 3 2 3.643e+02 3.917e+02 254 3 4 3.633e+02 3.927e+02 272
33696 12 0 2 5.026e+02 5.054e+02 26 0 1 3.070e+02 3.230e+02 148 0 2 6.695e+02 6.745e+02 46 0 4 3.248e+02 3.472e+02 207 0 4 6.696e+02 6.744e+02 45 0 1 4.654e+02 5.006e+02 327 0 4 6.557e+02 6.883e+02 303 0 2 6.538e+02 6.902e+02 337 2 4 2.450e+02 2.590e+02 130 2 4 3.489e+01 4.911e+01 132 2 4 1.921e+02 2.279e+02 333 2 3 -2.585e+00 4.458e+01 438
33698 0
33699 7 0 4 7.311e+01 9.489e+01 202 0 3 6.497e+02 6.523e+02 24 0 4 6.700e+02 6.740e+02 37 0 4 6.614e+02 6.826e+02 196 0 1 6.372e+02 6.648e+02 257 0 3 6.359e+02 6.661e+02 280 1 2 6.214e+02 6.386e+02 160
33701 3 1 4 6.295e+02 6.305e+02 9 1 1 6.056e+02 6.124e+02 63 1 2 6.192e+02 6.408e+02 200
33702 7 0 2 6.606e+02 6.834e+02 212 0 4 6.553e+02 6.887e+02 310 2 4 8.400e+01 8.400e+01 -15 2 1 1.653e+01 2.547e+01 83 2 2 3.780e+01 4.620e+01 78 2 4 3.255e+01 5.145e+01 176 2 3 9.935e+00 3.207e+01 206
33703 5 0 2 3.771e+01 4.629e+01 80 0 2 6.716e+02 6.724e+02 7 0 4 6.687e+02 6.753e+02 60 0 4 4.868e+02 5.212e+02 320 2 2 3.107e+01 5.293e+01 203
33705 3 0 1 6.327e+02 6.693e+02 340 0 3 6.322e+02 6.698e+02 350 0 2 6.482e+02 6.958e+02 442
33710 6 0 3 6.090e+02 6.090e+02 -5 0 1 6.057e+02 6.123e+02 61 0 4 5.743e+02 6.017e+02 254 2 2 3.704e+01 4.696e+01 92 2 1 5.660e+01 6.940e+01 119 2 4 2.133e+01 6.267e+01 384
33711 11 0 3 5.077e+02 5.423e+02 320 0 4 5.702e+02 6.058e+02 330 0 4 6.477e+02 6.963e+02 451 0 1 5.026e+02 5.474e+02 416 0 1 6.296e+02 6.724e+02 398 0 2 6.457e+02 6.983e+02 489 2 2 2.333e+02 2.707e+02 348 2 3 3.384e+02 3.756e+02 345 2 4 6.454e+01 1.035e+02 361 2 2 1.460e+02 1.900e+02 409 2 2 5.821e+01 1.098e+02 479
33712 5 0 2 6.677e+02 6.763e+02 80 0 4 6.646e+02 6.794e+02 138 2 2 6.577e+02 6.863e+02 265 2 4 6.605e+02 6.835e+02 213 2 3 6.331e+02 6.689e+02 332
33713 19 0 1 6.375e+02 6.645e+02 251 0 4 3.210e+02 3.510e+02 278 0 4 5.746e+02 6.014e+02 250 0 1 3.464e+02 3.676e+02 196 0 2 6.585e+02 6.855e+02 251 0 4 1.923e+02 2.277e+02 329 0 2 6.068e+02 6.532e+02 430 0 1 2.939e+02 3.361e+02 392 0 3 6.320e+02 6.700e+02 353 0 2 3.160e+02 3.560e+02 372 0 4 6.033e+02 6.567e+02 496 2 4 5.026e+02 5.054e+02 26 2 2 5.448e+02 5.472e+02 23 2 3 5.187e+02 5.313e+02 116 2 4 2.981e+01 5.419e+01 226 2 3 7.108e+00 3.489e+01 258 2 3 3.950e+01 8.650e+01 436 2 1 -3.439e+00 4.544e+01 454 2 3 -2.810e+00 4.481e+01 442
33714 15 0 1 6.487e+02 6.533e+02 42 0 2 6.252e+02 6.348e+02 90 0 4 6.282e+02 6.318e+02 34 0 3 6.398e+02 6.622e+02 208 0 2 6.541e+02 6.899e+02 332 0 4 6.561e+02 6.879e+02 296 2 3 4.396e+02 4.424e+02 26 2 2 1.224e+02 1.296e+02 67 2 4 3.515e+01 4.885e+01 127 2 4 4.157e+02 4.243e+02 80 2 4 1.145e+02 1.375e+02 213 2 1 1.383e+02 1.557e+02 161 2 3 8.837e+01 1.216e+02 309 3 3 5.194e+02 5.306e+02 105 3 4 4.863e+02 5.217e+02 329
33718 17 0 1 4.825e+02 4.835e+02 10 0 4 6.667e+02 6.773e+02 99 0 3 4.762e+02 4.898e+02 127 0 2 3.721e+02 3.839e+02 110 0 4 5.838e+02 5.922e+02 77 0 1 6.433e+02 6.587e+02 144 0 4 4.944e+02 5.136e+02 178 0 1 5.913e+02 6.267e+02 328 0 3 6.422e+02 6.598e+02 163 0 2 4.867e+02 5.213e+02 322 0 3 5.489e+02 5.851e+02 336 0 2 6.595e+02 6.845e+02 232 1 2 5.783e+02 5.977e+02 180 2 3 9.568e+01 1.143e+02 173 2 3 2.636e+02 2.824e+02 176 2 3 5.547e+02 5.793e+02 229 3 2 3.686e+01 4.714e+01 96
33721 0
