23662 7 0 4 6.680e+02 6.760e+02 75 0 1 6.412e+02 6.608e+02 181 2 3 2.303e+02 2.317e+02 13 2 4 2.056e+02 2.144e+02 81 2 1 2.269e+02 2.351e+02 76 2 2 2.018e+02 2.182e+02 153 2 3 2.151e+02 2.469e+02 295
23668 10 0 1 6.060e+02 6.120e+02 56 1 2 3.338e+02 3.382e+02 40 1 4 3.293e+02 3.427e+02 124 1 1 3.454e+02 3.686e+02 216 1 3 2.951e+02 3.349e+02 370 2 1 1.846e+02 1.934e+02 82 2 3 1.838e+02 1.942e+02 97 2 4 1.599e+02 1.761e+02 150 2 2 1.514e+02 1.846e+02 309 2 3 1.699e+02 2.081e+02 356
23669 0
23670 4 2 2 1.638e+02 1.722e+02 78 2 4 1.564e+02 1.796e+02 216 2 3 1.341e+02 1.599e+02 239 2 1 1.276e+02 1.664e+02 360
23672 3 2 4 1.671e+02 1.689e+02 16 2 2 2.073e+02 2.127e+02 50 2 3 1.763e+02 2.017e+02 236
23677 1 0 2 2.006e+02 2.194e+02 176
23678 13 0 2 6.718e+02 6.722e+02 3 0 4 4.995e+02 5.085e+02 84 0 1 6.504e+02 6.516e+02 10 0 3 6.491e+02 6.529e+02 35 0 2 6.603e+02 6.837e+02 217 0 4 6.551e+02 6.889e+02 315 0 2 6.533e+02 6.907e+02 348 1 4 6.289e+02 6.311e+02 21 1 2 6.233e+02 6.367e+02 124 1 1 5.996e+02 6.184e+02 175 1 3 5.908e+02 6.272e+02 339 2 1 1.088e+01 3.112e+01 188 2 4 4.190e+02 4.210e+02 18
23679 0
23681 24 0 1 5.649e+02 5.691e+02 39 0 3 5.627e+02 5.713e+02 80 0 4 5.746e+02 6.014e+02 248 0 1 6.510e+02 6.510e+02 -14 0 2 6.173e+02 6.427e+02 236 0 3 6.362e+02 6.658e+02 276 2 1 2.729e+02 2.731e+02 1 2 2 4.154e+02 4.246e+02 86 2 2 2.068e+02 2.132e+02 60 2 3 4.793e+02 4.867e+02 69 2 4 2.901e+02 2.979e+02 72 2 4 6.649e+02 6.791e+02 132 2 4 2.096e+02 2.104e+02 8 2 4 4.192e+02 4.208e+02 15 2 2 2.847e+02 3.033e+02 173 2 2 4.977e+02 5.103e+02 117 2 4 1.124e+02 1.396e+02 252 2 1 4.396e+02 4.424e+02 26 2 3 2.287e+02 2.333e+02 43 2 4 4.475e+02 4.765e+02 269 2 3 2.535e+02 2.925e+02 361 2 3 3.872e+02 4.108e+02 219 2 4 3.587e+02 3.973e+02 358 2 3 4.264e+02 4.556e+02 271
23682 18 0 1 5.652e+02 5.688e+02 34 0 2 6.284e+02 6.316e+02 30 0 4 5.847e+02 5.913e+02 62 0 3 6.436e+02 6.584e+02 138 0 4 6.634e+01 1.017e+02 328 0 4 6.144e+02 6.456e+02 290 0 2 6.661e+02 6.779e+02 109 0 4 6.683e+02 6.757e+02 68 0 1 6.396e+02 6.624e+02 212 1 2 6.276e+02 6.324e+02 44 1 2 6.137e+02 6.463e+02 302 2 1 2.017e+01 2.183e+01 16 2 4 8.240e+01 8.560e+01 30 2 3 2.048e+01 2.152e+01 10 2 2 7.747e+01 9.053e+01 121 2 2 2.824e+01 5.576e+01 256 2 3 8.828e+01 1.217e+02 310 3 1 4.489e+01 8.111e+01 336
23683 0
23684 3 3 1 3.146e+02 3.154e+02 8 3 1 3.545e+02 3.595e+02 47 3 2 3.337e+02 3.383e+02 43
23685 5 0 2 6.522e+02 6.918e+02 368 0 4 6.532e+02 6.908e+02 349 0 1 6.290e+02 6.730e+02 408 0 3 6.266e+02 6.754e+02 454 1 4 1.964e+02 2.236e+02 253
23686 0
23687 0
23688 45 0 3 3.968e+02 4.012e+02 40 0 4 4.027e+02 4.373e+02 322 1 4 6.286e+02 6.314e+02 26 1 2 6.293e+02 6.307e+02 13 2 4 2.520e+02 2.520e+02 -10 2 4 3.357e+02 3.363e+02 6 2 3 3.981e+02 3.999e+02 16 2 2 3.865e+01 4.535e+01 62 2 1 4.814e+02 4.846e+02 30 2 4 1.252e+02 1.268e+02 16 2 4 5.448e+02 5.472e+02 23 2 1 1.450e+02 1.490e+02 36 2 4 6.701e+02 6.739e+02 35 2 1 1.227e+01 2.973e+01 162 2 4 8.294e+01 8.506e+01 20 2 2 4.191e+02 4.209e+02 17 2 1 3.476e+02 3.664e+02 176 2 2 4.552e+02 4.688e+02 127 2 3 8.858e+00 3.314e+01 226 2 1 5.636e+02 5.704e+02 64 2 2 8.056e+01 8.744e+01 64 2 3 1.347e+02 1.593e+02 229 2 4 1.961e+02 2.239e+02 259 2 4 4.200e+02 4.200e+02 -4 2 4 3.639e+02 3.921e+02 261 2 4 4.556e+02 4.684e+02 120 2 4 2.717e+01 5.683e+01 276 2 3 5.545e+02 5.795e+02 231 2 3 9.169e+01 1.183e+02 247 2 1 4.403e+02 4.417e+02 12 2 3 4.731e+01 7.869e+01 291 2 2 4.430e+02 4.810e+02 353 2 2 1.152e+02 1.368e+02 200 2 2 5.320e+02 5.600e+02 260 2 2 7.006e+01 9.794e+01 259 2 3 4.357e+02 4.463e+02 98 2 4 4.442e+02 4.798e+02 330 2 1 4.252e+02 4.568e+02 294 2 3 4.659e+02 5.001e+02 318 2 4 4.031e+02 4.369e+02 313 3 1 1.050e+02 1.050e+02 -19 3 3 8.720e+01 1.228e+02 330 3 3 6.064e+01 6.536e+01 44 3 3 5.492e+00 3.651e+01 288 3 3 4.817e+01 7.783e+01 276
23689 6 3 2 4.194e+02 4.206e+02 10 3 2 3.322e+02 3.398e+02 70 3 3 3.563e+02 3.577e+02 14 3 4 3.226e+02 3.494e+02 249 3 2 3.780e+02 3.780e+02 -1 3 1 2.968e+02 3.332e+02 337
23690 5 0 3 6.410e+02 6.610e+02 186 0 1 6.415e+02 6.605e+02 177 0 2 6.062e+02 6.538e+02 441 0 4 6.057e+02 6.543e+02 452 1 1 5.925e+02 6.255e+02 306
23692 25 2 4 2.935e+02 2.945e+02 9 2 4 5.017e+02 5.063e+02 43 2 4 3.610e+01 4.790e+01 110 2 1 2.205e+02 2.415e+02 195 2 4 4.489e+02 4.751e+02 243 2 3 3.016e+02 3.284e+02 249 2 1 5.647e+01 6.953e+01 121 2 2 3.179e+01 5.221e+01 190 2 3 5.225e+01 7.375e+01 200 3 4 4.620e+02 4.620e+02 -20 3 2 5.040e+02 5.040e+02 -20 3 3 3.925e+02 4.055e+02 120 3 3 5.670e+02 5.670e+02 -18 3 2 4.200e+02 4.200e+02 -11 3 1 3.894e+02 4.086e+02 178 3 4 5.038e+02 5.042e+02 4 3 4 4.200e+02 4.200e+02 -10 3 3 4.743e+02 4.917e+02 162 3 1 4.407e+02 4.413e+02 6 3 3 5.091e+02 5.409e+02 295 3 3 4.381e+02 4.439e+02 54 3 2 4.572e+02 4.668e+02 89 3 4 4.520e+02 4.720e+02 186 3 2 4.462e+02 4.778e+02 293 3 4 4.450e+02 4.790e+02 316
23693 50 0 1 5.659e+02 5.681e+02 20 0 4 3.335e+02 3.385e+02 46 0 1 6.507e+02 6.513e+02 6 0 1 3.107e+02 3.193e+02 80 0 4 4.196e+02 4.204e+02 7 0 1 4.788e+02 4.872e+02 79 0 2 3.215e+02 3.505e+02 270 0 1 5.579e+02 5.761e+02 169 0 4 5.866e+02 5.894e+02 26 0 3 6.506e+02 6.514e+02 8 0 1 3.974e+02 4.006e+02 30 0 2 4.931e+02 5.149e+02 203 0 3 5.617e+02 5.723e+02 98 0 2 6.217e+02 6.383e+02 154 0 2 6.693e+02 6.747e+02 50 0 3 3.963e+02 4.017e+02 50 0 4 4.959e+02 5.121e+02 150 0 4 6.251e+02 6.349e+02 91 0 4 6.681e+02 6.759e+02 72 0 1 3.895e+02 4.085e+02 176 0 3 4.611e+02 5.049e+02 406 0 1 5.957e+02 6.223e+02 246 0 1 6.311e+02 6.709e+02 370 0 1 4.206e+02 4.614e+02 379 0 3 5.925e+02 6.255e+02 307 1 3 6.070e+02 6.110e+02 38 1 2 5.772e+02 5.988e+02 200 1 2 6.268e+02 6.332e+02 59 1 4 6.146e+02 6.454e+02 286 1 1 5.917e+02 6.263e+02 322 2 3 6.104e+01 6.496e+01 36 2 1 6.045e+02 6.135e+02 84 2 4 7.971e+01 8.829e+01 80 2 2 1.659e+02 1.701e+02 40 2 3 6.069e+02 6.111e+02 40 2 2 3.636e+01 4.764e+01 105 2 2 6.162e+02 6.438e+02 256 2 3 1.031e+02 1.069e+02 35 2 4 1.644e+02 1.716e+02 67 2 4 4.157e+01 4.243e+01 8 2 2 1.227e+02 1.293e+02 62 2 1 1.828e+02 1.952e+02 116 2 1 5.669e+01 6.931e+01 117 2 2 7.948e+01 8.852e+01 84 2 3 1.695e+02 2.085e+02 361 2 3 5.395e+01 7.205e+01 168 2 4 6.840e+01 9.960e+01 290 2 1 1.029e+01 3.171e+01 199 2 3 9.305e+00 3.269e+01 217 2 1 4.691e+01 7.909e+01 299
23694 0
23695 7 0 3 2.307e+02 2.313e+02 6 0 3 6.510e+02 6.510e+02 -24 0 2 6.168e+02 6.432e+02 246 0 4 6.597e+02 6.843e+02 228 2 3 3.092e+02 3.208e+02 108 2 4 2.815e+02 3.065e+02 232 2 4 2.560e+01 5.840e+01 305
23696 0
23697 4 1 4 1.676e+02 1.684e+02 8 1 3 1.778e+02 2.002e+02 207 2 4 7.518e+01 9.282e+01 164 2 3 9.708e+01 1.129e+02 147
23698 3 0 4 2.483e+02 2.557e+02 69 0 4 2.382e+02 2.658e+02 257 0 4 6.541e+02 6.899e+02 333
23699 0
23700 4 2 3 6.300e+01 6.300e+01 -15 2 1 6.300e+01 6.300e+01 -6 2 4 3.592e+01 4.808e+01 113 2 2 6.898e+01 9.902e+01 279
23701 6 0 2 5.036e+02 5.044e+02 7 0 1 4.677e+02 4.983e+02 284 2 1 6.172e+01 6.428e+01 24 2 3 6.104e+01 6.496e+01 36 2 3 1.438e+01 2.762e+01 123 2 4 2.681e+01 5.719e+01 282
23702 0
23703 39 0 3 6.027e+02 6.153e+02 117 0 1 5.991e+02 6.189e+02 183 0 2 6.594e+02 6.846e+02 235 0 4 5.720e+02 6.040e+02 297 0 4 6.588e+02 6.852e+02 245 2 3 3.981e+02 3.999e+02 16 2 4 2.082e+02 2.118e+02 33 2 4 6.695e+02 6.745e+02 47 2 2 3.340e+02 3.380e+02 37 2 2 4.128e+02 4.272e+02 133 2 3 6.176e+01 6.424e+01 23 2 2 5.017e+02 5.063e+02 43 2 3 1.820e+02 1.960e+02 130 2 1 5.195e+02 5.305e+02 103 2 1 2.277e+02 2.343e+02 62 2 4 6.223e+02 6.377e+02 142 2 4 3.269e+02 3.451e+02 170 2 1 6.373e+02 6.647e+02 254 2 3 1.518e+01 2.682e+01 108 2 4 4.137e+02 4.263e+02 116 2 4 1.603e+02 1.757e+02 143 2 4 4.592e+02 4.648e+02 52 2 2 1.999e+02 2.201e+02 188 2 2 6.122e+02 6.478e+02 330 2 3 2.960e+02 3.340e+02 352 2 3 6.362e+02 6.658e+02 276 2 1 3.473e+02 3.667e+02 180 2 1 4.275e+02 4.545e+02 250 2 1 7.421e+00 3.458e+01 252 2 3 4.725e+02 4.935e+02 195 2 1 1.823e+02 1.957e+02 124 2 4 4.886e+02 5.194e+02 286 2 4 1.983e+02 2.217e+02 217 2 4 3.654e+02 3.906e+02 234 2 2 2.447e+01 5.953e+01 326 2 2 1.529e+02 1.831e+02 280 2 3 2.150e+02 2.470e+02 296 2 1 4.839e+01 7.761e+01 271 2 3 1.709e+02 2.071e+02 336
