30082 32 0 4 6.288e+02 6.312e+02 23 0 2 6.249e+02 6.351e+02 95 0 1 5.965e+02 6.215e+02 233 0 4 4.100e+02 4.300e+02 186 1 4 5.862e+02 5.898e+02 33 1 1 5.622e+02 5.718e+02 89 2 3 6.279e+01 6.321e+01 4 2 3 3.965e+02 4.015e+02 47 2 4 8.294e+01 8.506e+01 20 2 2 6.275e+02 6.325e+02 46 2 3 3.546e+02 3.594e+02 46 2 3 2.100e+01 2.100e+01 -4 2 4 6.160e+02 6.440e+02 260 2 2 1.194e+02 1.326e+02 123 2 1 5.908e+02 6.272e+02 338 2 3 1.853e+02 1.927e+02 69 2 4 2.806e+02 3.074e+02 250 2 2 3.983e+02 4.417e+02 403 2 2 3.776e+02 3.784e+02 7 2 4 4.022e+01 4.378e+01 33 2 2 7.940e+01 8.860e+01 86 2 1 1.387e+02 1.553e+02 154 2 4 3.640e+02 3.920e+02 260 2 1 6.127e+01 6.473e+01 32 2 3 9.281e+01 1.172e+02 226 2 1 1.800e+02 1.980e+02 166 2 4 3.182e+02 3.538e+02 330 2 2 3.439e+01 4.961e+01 141 2 4 1.079e+02 1.441e+02 336 2 2 3.163e+02 3.557e+02 366 3 1 6.199e+01 6.401e+01 19 3 2 2.245e+01 6.155e+01 363
30083 0
30084 2 0 1 6.048e+02 6.132e+02 79 0 3 5.886e+02 6.294e+02 378
30087 7 0 1 5.663e+02 5.677e+02 12 0 4 5.873e+02 5.887e+02 12 0 3 5.573e+02 5.767e+02 180 2 4 2.019e+02 2.181e+02 151 2 1 5.247e+01 7.353e+01 196 2 4 1.512e+02 1.848e+02 312 2 3 2.122e+02 2.498e+02 349
30088 0
30089 0
30094 15 0 4 6.273e+02 6.327e+02 50 0 4 6.718e+02 6.722e+02 3 0 2 6.223e+02 6.377e+02 143 0 3 8.864e+01 1.214e+02 304 0 3 6.472e+02 6.548e+02 71 0 1 5.985e+02 6.195e+02 196 0 2 6.720e+02 6.720e+02 -8 0 3 5.928e+02 6.252e+02 301 0 1 6.376e+02 6.644e+02 248 0 2 6.121e+02 6.479e+02 332 0 3 6.346e+02 6.674e+02 305 1 2 6.258e+02 6.342e+02 79 1 4 6.237e+02 6.363e+02 116 1 1 5.934e+02 6.246e+02 289 2 3 1.033e+02 1.067e+02 31
30095 7 0 1 6.455e+02 6.565e+02 103 0 4 5.798e+02 5.962e+02 152 0 1 9.012e+01 1.199e+02 276 0 2 6.596e+02 6.844e+02 230 0 3 5.571e+02 5.769e+02 185 0 4 6.657e+02 6.783e+02 117 2 4 5.611e+02 6.149e+02 499
30097 1 1 3 9.568e+01 1.143e+02 173
30099 3 0 2 6.707e+02 6.733e+02 24 0 4 6.697e+02 6.743e+02 42 0 1 1.355e+02 1.585e+02 214
30101 10 0 2 6.291e+02 6.309e+02 17 0 4 6.247e+02 6.353e+02 99 0 3 6.341e+02 6.679e+02 314 0 1 5.895e+02 6.285e+02 363 1 4 6.292e+02 6.308e+02 16 1 2 5.004e+02 5.076e+02 67 1 4 6.114e+02 6.486e+02 346 2 4 2.448e+02 2.592e+02 134 3 2 4.589e+02 4.651e+02 57 3 1 4.321e+02 4.499e+02 166
30102 4 0 4 2.491e+02 2.549e+02 53 0 3 4.726e+02 4.934e+02 194 0 4 1.498e+02 1.862e+02 338 0 2 4.973e+02 5.107e+02 125
30104 0
30105 2 2 3 1.469e+01 2.731e+01 117 2 2 2.990e+01 5.410e+01 225
30106 17 0 4 6.296e+02 6.304e+02 7 0 4 3.357e+02 3.363e+02 6 0 2 6.285e+02 6.315e+02 27 0 2 6.683e+02 6.757e+02 69 0 2 2.858e+02 3.022e+02 153 0 1 6.384e+02 6.636e+02 235 0 3 5.552e+02 5.788e+02 219 0 4 5.741e+02 6.019e+02 258 0 3 5.944e+02 6.236e+02 270 2 2 3.565e+01 4.835e+01 118 2 2 8.016e+01 8.784e+01 71 2 4 1.582e+02 1.778e+02 181 2 4 3.080e+01 5.320e+01 208 2 4 8.267e+01 8.533e+01 25 2 1 6.391e+00 3.561e+01 271 2 3 8.693e+01 1.231e+02 336 2 3 1.097e+01 3.103e+01 186
30107 21 0 3 4.757e+02 4.903e+02 135 0 2 4.516e+02 4.724e+02 194 0 1 4.715e+02 4.945e+02 213 0 1 2.468e+02 2.992e+02 486 0 3 5.882e+02 6.298e+02 386 0 3 6.352e+02 6.668e+02 293 0 3 2.482e+02 2.978e+02 460 0 4 4.454e+02 4.786e+02 308 0 2 6.114e+02 6.486e+02 346 0 4 6.530e+02 6.910e+02 353 0 4 6.078e+02 6.522e+02 411 0 1 6.277e+02 6.743e+02 432 0 3 4.565e+02 5.095e+02 492 1 1 5.919e+02 6.261e+02 318 1 2 6.084e+02 6.516e+02 401 1 4 6.069e+02 6.531e+02 429 1 3 5.860e+02 6.320e+02 426 2 2 3.349e+02 3.371e+02 20 2 3 3.029e+02 3.271e+02 226 2 1 3.467e+02 3.673e+02 190 2 4 3.242e+02 3.478e+02 220
30108 5 0 4 5.837e+02 5.923e+02 80 2 3 3.990e+02 3.990e+02 -11 3 2 3.323e+02 3.397e+02 70 3 3 3.401e+02 3.739e+02 315 3 1 3.403e+02 3.737e+02 310
30109 4 0 1 5.226e+02 5.274e+02 45 0 2 5.380e+02 5.540e+02 149 0 3 5.098e+02 5.402e+02 282 2 3 2.651e+02 2.809e+02 146
30111 10 0 2 6.208e+02 6.392e+02 171 0 3 6.436e+02 6.584e+02 137 0 4 6.152e+02 6.448e+02 275 0 2 6.680e+02 6.760e+02 75 0 1 6.380e+02 6.640e+02 242 2 3 6.181e+01 6.419e+01 22 2 4 8.142e+01 8.658e+01 48 2 4 3.273e+01 5.127e+01 172 2 2 7.325e+01 9.475e+01 200 2 3 4.848e+01 7.752e+01 270
30112 46 0 1 6.510e+02 6.510e+02 0 0 3 2.061e+01 2.139e+01 7 0 1 5.610e+02 5.730e+02 111 0 4 6.269e+02 6.331e+02 58 0 1 1.436e+02 1.504e+02 64 0 3 6.490e+02 6.530e+02 37 0 1 5.492e+00 3.651e+01 288 0 1 5.982e+02 6.198e+02 201 0 2 1.571e+02 1.789e+02 203 0 2 6.713e+02 6.727e+02 13 0 4 2.416e+01 5.984e+01 331 0 4 4.121e+02 4.279e+02 147 0 4 1.605e+02 1.755e+02 139 0 2 5.275e+02 5.645e+02 343 0 2 6.221e+02 6.379e+02 146 0 4 6.714e+02 6.726e+02 10 0 3 4.231e+02 4.589e+02 332 0 3 6.416e+02 6.604e+02 175 0 1 3.795e+02 4.185e+02 363 0 1 6.334e+02 6.686e+02 327 0 3 6.325e+02 6.695e+02 344 0 4 6.573e+02 6.867e+02 272 1 1 6.069e+02 6.111e+02 40 1 1 5.192e+02 5.308e+02 107 1 2 6.297e+02 6.303e+02 6 1 2 5.748e+02 6.012e+02 245 1 3 6.048e+02 6.132e+02 78 1 2 5.341e+02 5.579e+02 221 1 4 6.223e+02 6.377e+02 143 1 4 5.293e+02 5.627e+02 310 1 3 5.505e+02 5.835e+02 306 2 3 1.037e+02 1.063e+02 25 2 2 3.351e+02 3.369e+02 16 2 4 4.198e+02 4.202e+02 4 2 3 6.051e+01 6.549e+01 46 2 3 4.401e+02 4.419e+02 17 2 2 1.243e+02 1.277e+02 32 2 2 4.513e+02 4.727e+02 199 2 3 2.689e+02 2.771e+02 76 2 1 4.277e+02 4.543e+02 246 2 1 1.487e+01 2.713e+01 114 2 4 7.334e+01 9.466e+01 198 2 4 2.357e+02 2.683e+02 303 2 3 2.998e+02 3.302e+02 283 2 3 1.581e+01 2.619e+01 96 2 2 2.474e+01 5.926e+01 320
30113 1 0 3 5.858e+02 6.322e+02 430
30117 3 0 1 5.507e+02 5.833e+02 303 0 4 5.786e+02 5.974e+02 175 0 3 5.952e+02 6.228e+02 256
30118 0
30120 0
30122 23 0 4 6.292e+02 6.308e+02 16 0 1 6.510e+02 6.510e+02 -12 0 1 5.560e+02 5.780e+02 205 0 4 5.859e+02 5.901e+02 40 0 3 6.504e+02 6.516e+02 10 0 3 5.541e+02 5.799e+02 239 0 4 6.192e+02 6.408e+02 200 0 4 6.687e+02 6.753e+02 62 0 2 6.152e+02 6.448e+02 275 0 3 6.420e+02 6.600e+02 168 0 2 6.575e+02 6.865e+02 269 0 3 6.342e+02 6.678e+02 311 1 4 6.268e+02 6.332e+02 59 1 4 6.184e+02 6.416e+02 216 1 4 5.713e+02 6.047e+02 310 2 1 1.890e+02 1.890e+02 -14 2 2 8.370e+01 8.430e+01 6 2 2 1.661e+02 1.699e+02 36 2 4 2.099e+02 2.101e+02 2 2 3 5.279e+01 7.321e+01 190 2 3 1.369e+02 1.571e+02 187 2 4 6.961e+01 9.839e+01 267 2 4 1.532e+02 1.828e+02 275
30126 0
30128 4 0 4 2.071e+02 2.129e+02 53 1 1 2.702e+02 2.758e+02 51 1 1 5.242e+02 5.258e+02 16 3 2 1.151e+02 1.369e+02 202
30129 11 0 4 2.908e+02 2.972e+02 60 0 2 6.207e+02 6.393e+02 172 0 1 5.536e+02 5.804e+02 249 0 4 6.233e+02 6.367e+02 125 0 4 1.518e+02 1.842e+02 300 0 3 5.557e+02 5.783e+02 210 0 1 6.008e+02 6.172e+02 153 0 3 5.969e+02 6.211e+02 224 1 2 6.208e+02 6.392e+02 171 2 1 2.293e+02 2.327e+02 31 2 4 3.747e+02 3.813e+02 60
30130 39 0 2 5.430e+02 5.490e+02 56 0 2 3.748e+02 3.812e+02 59 0 2 6.231e+02 6.369e+02 129 0 2 6.682e+02 6.758e+02 70 0 4 3.722e+02 3.838e+02 108 0 3 4.326e+02 4.494e+02 156 0 1 3.423e+02 3.717e+02 272 0 2 4.578e+02 4.662e+02 78 0 4 6.258e+02 6.342e+02 79 0 4 3.574e+02 3.986e+02 382 0 4 6.679e+02 6.761e+02 76 0 1 3.842e+02 4.138e+02 275 0 1 4.692e+02 4.968e+02 256 0 3 5.521e+02 5.819e+02 276 0 1 5.945e+02 6.235e+02 270 0 4 6.601e+02 6.839e+02 221 0 3 3.843e+02 4.137e+02 274 0 4 4.417e+02 4.823e+02 376 0 1 5.106e+02 5.394e+02 268 0 4 6.513e+02 6.927e+02 385 0 4 3.985e+02 4.415e+02 399 0 3 4.662e+02 4.998e+02 311 0 3 5.042e+02 5.458e+02 386 0 1 6.306e+02 6.714e+02 379 0 1 4.198e+02 4.622e+02 394 0 3 5.447e+02 5.893e+02 415 2 2 3.892e+01 4.508e+01 57 2 4 3.861e+01 4.539e+01 63 2 4 1.213e+02 1.307e+02 87 2 1 5.817e+01 6.783e+01 90 2 2 7.818e+01 8.982e+01 108 2 3 5.943e+01 6.657e+01 66 2 4 7.504e+01 9.296e+01 166 2 1 4.929e+01 7.671e+01 255 2 3 9.699e+01 1.130e+02 149 2 1 6.394e-02 4.194e+01 389 2 4 1.075e+02 1.445e+02 343 2 3 1.410e+00 4.059e+01 364 2 2 6.382e+01 1.042e+02 375
30131 39 0 1 6.503e+02 6.517e+02 13 0 3 3.818e+02 4.162e+02 320 0 4 4.588e+02 4.652e+02 59 0 3 5.559e+02 5.781e+02 206 0 4 6.286e+02 6.314e+02 26 0 2 6.633e+02 6.807e+02 161 0 4 4.503e+02 4.737e+02 218 0 3 5.094e+02 5.406e+02 290 0 4 5.851e+02 5.909e+02 53 0 1 6.379e+02 6.641e+02 243 0 3 4.711e+02 4.949e+02 220 0 1 5.486e+02 5.854e+02 342 0 1 6.022e+02 6.158e+02 126 0 1 4.644e+02 5.016e+02 346 1 4 5.271e+02 5.649e+02 350 1 3 6.074e+02 6.106e+02 29 1 1 4.701e+02 4.959e+02 240 2 2 6.586e+02 6.854e+02 249 2 4 8.272e+01 8.528e+01 24 2 1 3.802e+02 4.178e+02 350 2 4 1.631e+02 1.729e+02 91 2 4 5.716e+02 6.044e+02 304 2 4 2.474e+02 2.566e+02 86 2 1 6.315e+02 6.705e+02 362 2 3 3.082e+02 3.218e+02 126 2 3 3.842e+02 4.138e+02 275 2 4 3.265e+02 3.455e+02 176 2 3 6.882e+00 3.512e+01 262 2 3 9.393e+01 1.161e+02 206 2 1 1.772e+02 2.008e+02 220 2 1 2.157e+02 2.463e+02 285 2 1 2.615e+02 2.845e+02 213 2 2 3.178e+02 3.542e+02 339 2 1 4.583e+01 8.017e+01 319 2 2 6.768e+01 1.003e+02 303 2 3 2.207e+02 2.413e+02 192 2 2 2.794e+02 3.086e+02 271 2 4 2.313e+01 6.087e+01 350 2 4 6.670e+01 1.013e+02 321
