17403 13 0 4 4.605e+02 4.635e+02 27 0 1 6.510e+02 6.510e+02 -20 0 1 4.783e+02 4.877e+02 86 0 3 4.788e+02 4.872e+02 77 0 4 4.916e+02 5.164e+02 230 0 1 5.059e+02 5.441e+02 356 0 2 4.424e+02 4.816e+02 365 1 2 6.118e+02 6.482e+02 337 2 4 1.249e+02 1.271e+02 20 2 3 9.900e+01 1.110e+02 111 2 1 1.334e+02 1.606e+02 253 2 2 1.168e+02 1.352e+02 170 2 3 1.325e+02 1.615e+02 270
17404 7 0 1 1.414e+02 1.526e+02 105 0 1 5.894e+02 6.286e+02 364 0 2 6.126e+02 6.474e+02 324 1 2 1.126e+02 1.394e+02 249 1 4 6.751e+01 1.005e+02 306 1 1 1.321e+02 1.619e+02 277 2 3 5.963e+02 6.217e+02 236
17405 1 0 1 2.665e+02 2.795e+02 121
17407 0
17408 15 0 1 5.661e+02 5.679e+02 17 0 1 6.509e+02 6.511e+02 2 0 3 5.652e+02 5.688e+02 34 0 4 6.285e+02 6.315e+02 28 0 2 6.701e+02 6.739e+02 35 0 1 5.967e+02 6.213e+02 229 0 4 6.686e+02 6.754e+02 63 0 3 5.938e+02 6.242e+02 283 0 1 6.387e+02 6.633e+02 229 0 3 6.411e+02 6.609e+02 183 2 1 6.006e+01 6.594e+01 55 2 4 1.617e+02 1.743e+02 116 2 3 6.091e+01 6.509e+01 39 2 2 2.304e+01 6.096e+01 352 2 4 2.564e+01 5.836e+01 304
17409 18 0 3 3.974e+02 4.006e+02 30 0 2 6.190e+02 6.410e+02 205 0 1 6.389e+02 6.631e+02 225 0 4 6.198e+02 6.402e+02 189 0 1 6.279e+02 6.741e+02 429 0 4 4.043e+02 4.357e+02 292 0 4 5.649e+02 6.111e+02 429 0 3 6.297e+02 6.723e+02 396 0 4 3.962e+02 4.438e+02 441 0 1 5.859e+02 6.321e+02 429 1 1 5.847e+02 6.333e+02 451 2 3 4.220e+01 8.380e+01 386 2 4 1.882e+02 2.318e+02 405 2 4 6.512e+02 6.928e+02 386 2 4 2.106e+01 6.294e+01 389 2 3 2.046e+02 2.574e+02 490 2 1 3.991e+01 8.609e+01 429 2 2 1.617e+01 6.783e+01 480
17410 9 2 3 1.036e+02 1.064e+02 26 2 3 3.104e+02 3.196e+02 85 2 4 4.185e+02 4.215e+02 27 2 4 2.856e+02 3.024e+02 156 2 3 3.827e+02 4.153e+02 303 2 3 3.535e+02 3.605e+02 65 2 2 1.136e+02 1.384e+02 230 2 4 3.160e+02 3.560e+02 371 2 4 6.638e+01 1.016e+02 327
17411 24 0 2 6.284e+02 6.316e+02 30 0 4 6.255e+02 6.345e+02 83 0 3 6.359e+02 6.661e+02 281 1 4 3.687e+02 3.873e+02 173 2 4 6.300e+02 6.300e+02 -1 2 2 5.412e+02 5.508e+02 89 2 2 6.262e+02 6.338e+02 70 2 3 1.802e+02 1.978e+02 163 2 1 4.726e+02 4.934e+02 194 2 4 5.439e+02 5.481e+02 40 2 4 1.942e+02 2.258e+02 293 2 2 5.855e+02 5.905e+02 47 2 3 6.393e+02 6.627e+02 218 2 3 4.243e+02 4.577e+02 310 2 3 4.734e+02 4.926e+02 179 2 1 5.625e+02 5.715e+02 83 2 4 5.789e+02 5.971e+02 169 2 2 4.509e+02 4.731e+02 206 2 3 5.610e+02 5.730e+02 112 2 4 6.136e+02 6.464e+02 304 2 4 4.487e+02 4.753e+02 246 2 1 5.220e+02 5.280e+02 56 2 1 5.120e+02 5.380e+02 241 2 3 5.123e+02 5.377e+02 236
17412 2 1 4 5.831e+02 5.929e+02 90 2 1 4.587e+02 5.073e+02 450
17413 21 0 1 2.690e+02 2.770e+02 75 0 1 6.479e+02 6.541e+02 57 0 3 2.682e+02 2.778e+02 89 0 3 6.426e+02 6.594e+02 156 0 4 2.838e+02 3.042e+02 190 0 4 6.623e+02 6.817e+02 180 0 2 2.787e+02 3.093e+02 284 0 2 6.591e+02 6.849e+02 239 1 2 6.131e+02 6.469e+02 315 2 4 1.240e+02 1.280e+02 37 2 4 2.469e+02 2.571e+02 96 2 4 4.040e+01 4.360e+01 30 2 2 8.330e+01 8.470e+01 13 2 3 1.332e+02 1.608e+02 256 2 1 5.485e+01 7.115e+01 151 2 2 1.229e+02 1.291e+02 58 2 1 1.312e+02 1.628e+02 294 2 2 3.367e+01 5.033e+01 155 2 4 7.657e+01 9.143e+01 138 2 3 4.826e+01 7.774e+01 274 2 4 6.894e+01 9.906e+01 280
17414 0
17415 82 0 2 5.444e+02 5.476e+02 30 0 1 3.143e+02 3.157e+02 13 0 3 6.059e+02 6.121e+02 58 0 2 3.320e+02 3.400e+02 75 0 3 6.494e+02 6.526e+02 30 0 2 2.442e+02 2.598e+02 146 0 4 4.195e+02 4.205e+02 10 0 1 2.694e+02 2.766e+02 66 0 2 5.009e+02 5.071e+02 58 0 4 3.289e+02 3.431e+02 132 0 1 5.626e+02 5.714e+02 82 0 4 1.975e+02 2.225e+02 232 0 2 6.257e+02 6.343e+02 80 0 3 2.683e+02 2.777e+02 88 0 2 6.718e+02 6.722e+02 5 0 2 3.713e+02 3.847e+02 125 0 4 4.985e+02 5.095e+02 102 0 4 2.338e+02 2.702e+02 339 0 3 5.669e+02 5.671e+02 1 0 4 3.680e+02 3.880e+02 186 0 4 6.297e+02 6.303e+02 6 0 2 3.230e+02 3.490e+02 241 0 4 6.714e+02 6.726e+02 10 0 3 3.795e+02 4.185e+02 362 0 1 4.728e+02 4.932e+02 190 0 3 5.166e+02 5.334e+02 156 0 4 5.787e+02 5.973e+02 173 0 1 6.500e+02 6.520e+02 18 0 4 4.475e+02 4.765e+02 269 0 1 5.113e+02 5.387e+02 255 0 1 6.043e+02 6.137e+02 88 0 3 6.365e+02 6.655e+02 270 0 1 4.649e+02 5.011e+02 336 0 3 5.090e+02 5.410e+02 296 0 1 5.946e+02 6.234e+02 267 0 2 4.785e+02 5.295e+02 473 0 2 5.291e+02 5.629e+02 313 0 2 6.102e+02 6.498e+02 367 0 3 5.472e+02 5.868e+02 368 1 1 5.639e+02 5.701e+02 57 1 1 6.084e+02 6.096e+02 11 1 3 4.397e+02 4.423e+02 24 1 2 4.570e+02 4.670e+02 92 1 3 5.649e+02 5.691e+02 39 1 3 6.089e+02 6.091e+02 1 1 4 4.599e+02 4.641e+02 40 1 3 5.115e+02 5.385e+02 251 1 4 4.170e+02 4.230e+02 56 1 2 5.876e+02 5.884e+02 8 1 2 6.267e+02 6.333e+02 61 1 4 5.863e+02 5.897e+02 31 1 4 6.300e+02 6.300e+02 -4 1 2 5.415e+02 5.505e+02 84 1 4 5.338e+02 5.582e+02 226 1 3 5.519e+02 5.821e+02 280 2 3 4.811e+02 4.849e+02 36 2 3 1.036e+02 1.064e+02 26 2 2 3.348e+02 3.372e+02 23 2 3 4.387e+02 4.433e+02 43 2 3 5.943e+01 6.657e+01 66 2 2 4.615e+02 4.625e+02 10 2 2 1.260e+02 1.260e+02 -3 2 3 2.704e+02 2.756e+02 49 2 4 4.039e+02 4.361e+02 299 2 4 3.357e+02 3.363e+02 6 2 3 1.761e+01 2.439e+01 63 2 2 8.317e+01 8.483e+01 16 2 3 1.381e+02 1.559e+02 165 2 4 2.894e+02 2.986e+02 86 2 1 3.438e+02 3.702e+02 246 2 2 3.479e+01 4.921e+01 134 2 4 8.357e+01 8.443e+01 8 2 3 3.073e+02 3.227e+02 143 2 1 1.029e+01 3.171e+01 199 2 2 2.771e+02 3.109e+02 313 2 4 2.667e+01 5.733e+01 285 2 1 4.664e+01 7.936e+01 304 2 3 4.826e+01 7.774e+01 274 2 1 2.665e+00 3.933e+01 340 3 4 1.238e+02 1.282e+02 41 3 4 4.458e+02 4.782e+02 301 3 3 9.079e+01 1.192e+02 264
17416 8 0 4 6.684e+02 6.756e+02 67 0 2 6.670e+02 6.770e+02 92 0 1 6.379e+02 6.641e+02 244 0 3 6.363e+02 6.657e+02 274 2 4 2.100e+02 2.100e+02 -7 2 2 2.084e+02 2.116e+02 30 2 1 2.106e+02 2.514e+02 380 3 1 8.716e+01 1.228e+02 331
17417 4 0 3 5.992e+02 6.188e+02 181 0 2 6.649e+02 6.791e+02 131 0 2 6.107e+02 6.493e+02 359 0 4 6.648e+02 6.792e+02 134
17418 1 2 3 8.792e+01 1.221e+02 317
17419 11 0 1 6.494e+02 6.526e+02 29 0 2 6.239e+02 6.361e+02 113 0 3 6.497e+02 6.523e+02 25 0 4 6.220e+02 6.380e+02 148 0 2 6.609e+02 6.831e+02 206 0 1 5.999e+02 6.181e+02 169 0 4 6.583e+02 6.857e+02 255 0 2 5.195e+02 5.725e+02 491 0 3 5.974e+02 6.206e+02 215 0 3 6.256e+02 6.764e+02 471 0 4 6.116e+02 6.484e+02 341
17420 14 0 1 6.446e+02 6.574e+02 118 0 2 6.237e+02 6.363e+02 117 0 3 6.474e+02 6.546e+02 66 0 4 6.202e+02 6.398e+02 181 2 4 3.335e+02 3.385e+02 47 2 4 4.560e+02 4.680e+02 112 2 1 1.783e+02 1.997e+02 198 2 4 2.077e+02 2.123e+02 42 2 2 2.041e+02 2.159e+02 110 2 4 4.071e+02 4.329e+02 240 2 3 1.722e+02 2.058e+02 311 2 4 4.446e+02 4.794e+02 323 2 3 2.119e+02 2.501e+02 356 2 2 1.503e+02 1.857e+02 328
17421 2 1 2 6.159e+02 6.441e+02 262 2 2 3.986e+01 4.414e+01 40
17422 12 0 1 5.584e+02 5.756e+02 160 0 2 4.991e+02 5.089e+02 91 0 4 5.814e+02 5.946e+02 122 0 1 5.465e+02 5.875e+02 381 0 3 5.920e+02 6.260e+02 316 1 3 2.730e+02 2.730e+02 -4 1 2 2.929e+02 2.951e+02 20 1 4 2.845e+02 3.035e+02 177 1 1 2.948e+02 3.352e+02 376 2 2 7.572e+01 9.228e+01 154 2 3 5.018e+01 7.582e+01 238 2 4 7.590e+01 9.210e+01 150
17423 1 2 4 5.808e+01 1.099e+02 481
17424 35 0 2 6.218e+02 6.382e+02 152 0 2 6.669e+02 6.771e+02 95 0 4 5.824e+02 5.936e+02 104 0 4 6.650e+02 6.790e+02 130 0 1 5.447e+02 5.893e+02 415 0 4 6.178e+02 6.422e+02 226 0 3 6.445e+02 6.575e+02 120 0 3 5.468e+02 5.872e+02 376 0 4 6.578e+02 6.862e+02 265 1 4 6.268e+02 6.332e+02 60 1 4 6.179e+02 6.421e+02 224 1 1 5.145e+02 5.355e+02 196 2 1 5.631e+02 5.709e+02 73 2 3 1.001e+02 1.099e+02 91 2 4 4.191e+02 4.209e+02 16 2 3 3.106e+02 3.194e+02 82 2 4 5.348e+02 5.572e+02 208 2 3 3.524e+02 3.616e+02 86 2 3 4.304e+02 4.516e+02 197 2 2 1.215e+02 1.305e+02 83 2 3 5.110e+02 5.390e+02 260 2 4 3.196e+02 3.524e+02 306 2 1 5.492e+02 5.848e+02 330 2 4 1.243e+02 1.277e+02 31 2 4 1.526e+02 1.834e+02 286 2 4 2.343e+02 2.697e+02 329 2 4 2.778e+02 3.102e+02 301 2 2 3.621e+02 3.939e+02 295 2 4 8.074e+01 8.726e+01 60 2 1 1.704e+02 2.076e+02 346 2 4 3.581e+02 3.979e+02 370 2 2 7.105e+01 9.695e+01 240 2 4 6.585e+01 1.022e+02 337 2 4 1.065e+02 1.455e+02 362 3 1 1.010e+02 1.090e+02 75
17425 5 0 1 6.493e+02 6.527e+02 32 0 2 6.264e+02 6.336e+02 66 0 2 6.708e+02 6.732e+02 22 0 2 6.173e+02 6.427e+02 236 0 4 6.691e+02 6.749e+02 55
17426 21 0 1 5.659e+02 5.681e+02 20 0 3 6.090e+02 6.090e+02 -10 0 3 4.823e+02 4.837e+02 14 0 1 6.052e+02 6.128e+02 71 0 3 6.483e+02 6.537e+02 50 0 3 5.619e+02 5.721e+02 95 0 4 6.261e+02 6.339e+02 72 0 4 4.904e+02 5.176e+02 252 0 4 5.762e+02 5.998e+02 219 0 4 6.136e+02 6.464e+02 305 0 2 6.127e+02 6.473e+02 321 2 2 4.197e+01 4.203e+01 0 2 4 2.914e+02 2.966e+02 49 2 4 3.982e+01 4.418e+01 40 2 4 1.259e+02 1.261e+02 1 2 1 3.134e+02 3.166e+02 30 2 3 6.082e+01 6.518e+01 40 2 3 3.037e+02 3.263e+02 210 2 1 4.722e+01 7.878e+01 293 2 2 6.504e+01 1.030e+02 352 2 2 2.815e+02 3.065e+02 231
17427 0
17428 11 0 3 6.076e+02 6.104e+02 26 0 4 6.248e+02 6.352e+02 97 0 4 6.655e+02 6.785e+02 121 0 1 5.473e+02 5.867e+02 366 0 1 6.005e+02 6.175e+02 157 0 3 5.976e+02 6.204e+02 212 0 1 5.898e+02 6.282e+02 356 1 2 6.293e+02 6.307e+02 12 1 4 6.262e+02 6.338e+02 70 1 3 5.901e+02 6.279e+02 351 2 4 4.040e+01 4.360e+01 30
17429 1 2 1 3.561e+00 3.844e+01 324
17430 11 0 1 6.038e+02 6.142e+02 96 0 3 6.016e+02 6.164e+02 138 0 2 6.192e+02 6.408e+02 201 2 1 2.100e+01 2.100e+01 -12 2 3 1.990e+01 2.210e+01 20 2 4 1.188e+02 1.332e+02 134 2 1 1.450e+02 1.490e+02 37 2 2 1.530e+02 1.830e+02 279 2 3 6.086e+01 6.514e+01 40 2 4 3.367e+01 5.033e+01 155 2 4 2.604e+01 5.796e+01 296
17431 93 0 4 6.291e+02 6.309e+02 16 0 1 6.472e+02 6.548e+02 71 0 2 4.593e+02 4.647e+02 50 0 3 5.648e+02 5.692e+02 41 0 4 3.167e+02 3.553e+02 358 0 4 5.835e+02 5.925e+02 83 0 3 6.496e+02 6.524e+02 26 0 1 4.316e+02 4.504e+02 176 0 4 4.522e+02 4.718e+02 182 0 1 5.224e+02 5.276e+02 48 0 3 6.053e+02 6.127e+02 70 0 2 6.710e+02 6.730e+02 19 0 1 3.901e+02 4.079e+02 166 0 3 4.672e+02 4.988e+02 294 0 3 5.201e+02 5.299e+02 90 0 2 6.255e+02 6.345e+02 84 0 4 6.680e+02 6.760e+02 74 0 2 5.361e+02 5.559e+02 185 0 1 6.010e+02 6.170e+02 149 0 1 5.558e+02 5.782e+02 209 0 4 5.688e+02 6.072e+02 357 0 2 5.275e+02 5.645e+02 343 0 1 5.889e+02 6.291e+02 374 0 3 5.885e+02 6.295e+02 380 1 1 4.823e+02 4.837e+02 13 1 4 5.449e+02 5.471e+02 20 1 3 6.080e+02 6.100e+02 18 1 2 4.974e+02 5.106e+02 122 1 2 6.275e+02 6.325e+02 46 1 3 5.189e+02 5.311e+02 114 1 2 5.747e+02 6.013e+02 247 1 4 6.265e+02 6.335e+02 65 1 1 5.487e+02 5.853e+02 340 1 1 5.972e+02 6.208e+02 220 2 3 1.985e+01 2.215e+01 21 2 1 3.979e+02 4.001e+02 20 2 3 1.454e+02 1.486e+02 30 2 1 4.826e+02 4.834e+02 7 2 3 2.282e+02 2.338e+02 52 2 1 5.241e+02 5.259e+02 17 2 4 2.917e+02 2.963e+02 42 2 1 4.408e+02 4.412e+02 4 2 1 3.557e+02 3.583e+02 25 2 3 4.813e+02 4.847e+02 32 2 4 3.937e+01 4.463e+01 49 2 2 5.442e+02 5.478e+02 34 2 2 7.751e+01 9.049e+01 120 2 2 5.033e+02 5.047e+02 13 2 4 1.658e+02 1.702e+02 41 2 4 5.454e+02 5.466e+02 10 2 4 2.467e+02 2.573e+02 99 2 4 4.978e+02 5.102e+02 115 2 3 3.090e+02 3.210e+02 111 2 3 5.641e+02 5.699e+02 54 2 4 3.770e+02 3.790e+02 19 2 4 4.535e+02 4.705e+02 157 2 1 6.082e+01 6.518e+01 40 2 1 5.147e+02 5.353e+02 190 2 4 1.144e+02 1.376e+02 216 2 1 4.678e+02 4.982e+02 282 2 3 1.871e+02 1.909e+02 36 2 3 5.137e+02 5.363e+02 210 2 2 2.048e+02 2.152e+02 97 2 1 5.513e+02 5.827e+02 292 2 3 2.677e+02 2.783e+02 98 2 2 3.293e+02 3.427e+02 125 2 3 6.006e+01 6.594e+01 55 2 4 7.208e+01 9.592e+01 221 2 2 1.556e+02 1.804e+02 230 2 4 2.371e+02 2.669e+02 277 2 2 2.863e+02 3.017e+02 143 2 4 3.660e+02 3.900e+02 222 2 2 3.139e+01 5.261e+01 197 2 4 1.566e+02 1.794e+02 211 2 2 1.931e+02 2.269e+02 314 2 1 2.605e+02 2.855e+02 233 2 1 3.395e+02 3.745e+02 326 2 4 2.847e+01 5.553e+01 251 2 3 1.726e+02 2.054e+02 304 2 4 1.926e+02 2.274e+02 324 2 1 2.984e+02 3.316e+02 309 2 3 4.754e+01 7.846e+01 287 2 1 1.311e+02 1.629e+02 295 2 2 2.360e+02 2.680e+02 296 2 1 4.368e+01 8.232e+01 359 2 3 1.294e+02 1.646e+02 327 2 1 2.309e+00 3.969e+01 347 3 2 4.585e+02 4.655e+02 66 3 4 4.572e+02 4.668e+02 90 3 4 4.937e+02 5.143e+02 190 3 3 4.271e+02 4.549e+02 258 3 3 4.659e+02 5.001e+02 317 3 1 4.253e+02 4.567e+02 292
17432 0
17433 8 0 3 4.798e+02 4.862e+02 59 0 4 2.893e+02 2.987e+02 87 0 4 4.935e+02 5.145e+02 195 0 2 4.424e+02 4.816e+02 364 1 4 6.262e+02 6.338e+02 70 2 3 1.873e+02 1.907e+02 31 2 2 2.011e+02 2.189e+02 165 2 4 1.594e+02 1.766e+02 160
17434 34 0 3 6.469e+02 6.551e+02 76 0 4 6.113e+02 6.487e+02 348 0 2 6.560e+02 6.880e+02 296 1 1 5.224e+02 5.276e+02 48 2 1 1.866e+02 1.914e+02 44 2 1 6.059e+01 6.541e+01 45 2 2 4.163e+02 4.237e+02 69 2 2 8.142e+01 8.658e+01 48 2 4 5.021e+02 5.059e+02 35 2 4 1.612e+02 1.748e+02 127 2 3 5.241e+02 5.259e+02 16 2 4 2.862e+02 3.018e+02 145 2 1 4.355e+02 4.465e+02 102 2 4 3.671e+02 3.889e+02 202 2 3 4.788e+02 4.872e+02 79 2 3 1.931e+01 2.269e+01 31 2 1 5.143e+02 5.357e+02 198 2 4 8.357e+01 8.443e+01 8 2 4 4.064e+02 4.336e+02 253 2 2 1.566e+02 1.794e+02 211 2 2 5.314e+02 5.606e+02 270 2 3 3.095e+02 3.205e+02 102 2 3 3.829e+02 4.151e+02 299 2 2 3.172e+02 3.548e+02 349 2 4 3.861e+01 4.539e+01 63 2 3 9.048e+01 1.195e+02 270 2 3 1.712e+02 2.068e+02 330 2 1 3.036e+02 3.264e+02 212 2 3 5.211e+01 7.389e+01 202 2 4 1.112e+02 1.408e+02 275 2 1 1.352e+01 2.848e+01 139 2 2 2.806e+01 5.594e+01 259 2 1 4.462e+01 8.138e+01 341 2 3 4.350e+01 8.250e+01 362
17435 0
17436 47 0 2 6.282e+02 6.318e+02 34 0 1 3.121e+02 3.179e+02 54 0 1 6.506e+02 6.514e+02 7 0 4 3.302e+02 3.418e+02 107 0 4 6.287e+02 6.313e+02 25 0 1 3.563e+02 3.577e+02 14 0 3 6.505e+02 6.515e+02 9 0 4 3.714e+02 3.846e+02 123 0 1 5.170e+02 5.330e+02 148 0 4 5.844e+02 5.916e+02 66 0 4 3.226e+02 3.494e+02 248 0 2 6.656e+02 6.784e+02 120 0 2 3.625e+02 3.935e+02 287 0 1 5.550e+02 5.790e+02 223 0 1 6.060e+02 6.120e+02 56 0 2 3.211e+02 3.509e+02 276 0 4 6.644e+02 6.796e+02 141 0 3 5.511e+02 5.829e+02 296 0 3 6.008e+02 6.172e+02 153 0 2 6.527e+02 6.913e+02 358 0 1 5.991e+02 6.189e+02 184 1 3 5.659e+02 5.681e+02 21 1 4 6.293e+02 6.307e+02 14 1 1 3.877e+02 4.103e+02 210 1 4 5.033e+02 5.047e+02 14 1 4 5.860e+02 5.900e+02 37 1 1 6.088e+02 6.092e+02 4 1 4 5.458e+02 5.462e+02 3 1 3 6.032e+02 6.148e+02 108 1 4 4.860e+02 5.220e+02 334 1 1 5.634e+02 5.706e+02 67 1 2 6.269e+02 6.331e+02 58 1 2 5.321e+02 5.599e+02 259 1 3 5.554e+02 5.786e+02 216 1 2 5.743e+02 6.017e+02 254 2 3 6.122e+01 6.478e+01 33 2 4 6.240e+02 6.360e+02 110 2 4 3.309e+02 3.411e+02 96 2 3 1.788e+01 2.412e+01 58 2 2 6.193e+02 6.407e+02 199 2 2 7.531e+01 9.269e+01 161 2 4 3.457e+01 4.943e+01 138 2 3 6.323e+02 6.697e+02 347 2 4 7.500e+01 9.300e+01 167 2 1 6.046e+01 6.554e+01 47 2 2 3.331e+01 5.069e+01 161 2 4 2.766e+01 5.634e+01 266
17437 5 0 2 1.159e+02 1.361e+02 188 0 4 6.118e+02 6.482e+02 337 0 2 6.089e+02 6.511e+02 392 0 2 6.517e+02 6.923e+02 376 2 4 1.200e+02 1.320e+02 111
17438 11 0 3 6.498e+02 6.522e+02 21 0 1 6.475e+02 6.545e+02 66 0 2 6.100e+02 6.500e+02 371 0 2 6.621e+02 6.819e+02 183 0 4 6.606e+02 6.834e+02 211 0 2 6.538e+02 6.902e+02 338 0 4 6.542e+02 6.898e+02 331 1 4 6.110e+02 6.490e+02 352 2 3 9.990e+01 1.101e+02 95 2 2 1.171e+02 1.349e+02 165 2 4 6.777e+01 1.002e+02 301
17439 5 0 1 6.047e+02 6.133e+02 80 0 3 6.021e+02 6.159e+02 128 0 4 5.715e+02 6.045e+02 307 0 2 6.113e+02 6.487e+02 348 2 4 3.143e+01 5.257e+01 196
17440 17 0 2 6.671e+02 6.769e+02 90 0 4 6.720e+02 6.720e+02 -12 0 1 6.366e+02 6.654e+02 267 0 3 6.344e+02 6.676e+02 308 2 4 3.344e+02 3.376e+02 30 2 2 4.528e+02 4.712e+02 171 2 4 6.948e+01 9.852e+01 270 2 3 1.332e+02 1.608e+02 256 3 1 2.730e+02 2.730e+02 -3 3 1 3.143e+02 3.157e+02 14 3 2 4.195e+02 4.205e+02 10 3 4 3.313e+02 3.407e+02 86 3 1 3.890e+02 4.090e+02 186 3 2 3.272e+02 3.448e+02 164 3 2 3.617e+02 3.943e+02 303 3 3 2.955e+02 3.345e+02 361 3 1 3.803e+02 4.177e+02 347
17441 4 0 3 2.558e+02 2.902e+02 319 1 3 2.701e+02 2.759e+02 53 3 2 4.144e+02 4.256e+02 105 3 1 3.861e+02 4.119e+02 240
