27268 0
27269 8 2 2 2.904e+02 2.976e+02 67 2 3 5.867e+01 6.733e+01 80 2 1 3.121e+02 3.179e+02 53 2 2 2.815e+01 5.585e+01 257 2 3 2.609e+02 2.851e+02 225 2 4 2.892e+01 5.508e+01 243 2 4 2.827e+02 3.053e+02 210 2 1 3.012e+02 3.288e+02 256
27270 11 0 4 5.867e+02 5.893e+02 25 0 1 5.545e+02 5.795e+02 231 0 1 6.058e+02 6.122e+02 59 0 4 6.602e+02 6.838e+02 220 0 2 6.215e+02 6.385e+02 157 0 3 6.406e+02 6.614e+02 194 1 2 6.200e+02 6.400e+02 186 1 2 6.138e+02 6.462e+02 300 2 3 9.824e+01 1.118e+02 126 2 2 1.165e+02 1.355e+02 177 2 4 1.087e+02 1.433e+02 321
27271 12 0 1 4.572e+02 5.088e+02 480 0 1 5.034e+02 5.466e+02 401 0 3 5.000e+02 5.500e+02 465 0 3 5.836e+02 6.344e+02 471 2 1 2.299e+02 2.321e+02 20 2 1 5.620e+01 6.980e+01 126 2 3 2.282e+02 2.338e+02 51 2 3 5.867e+01 6.733e+01 80 2 2 6.629e+01 1.017e+02 329 2 4 1.924e+02 2.276e+02 326 2 2 1.033e+02 1.487e+02 421 2 2 2.363e+02 2.677e+02 292
27272 0
27274 12 0 4 6.295e+02 6.305e+02 9 0 2 6.277e+02 6.323e+02 43 0 2 6.702e+02 6.738e+02 33 0 4 6.697e+02 6.743e+02 43 0 1 5.934e+02 6.246e+02 290 1 2 5.788e+02 5.972e+02 170 2 2 2.928e+02 2.952e+02 23 2 4 3.328e+02 3.392e+02 60 2 4 2.927e+02 2.953e+02 24 2 4 2.324e+02 2.716e+02 365 2 3 3.121e+02 3.179e+02 54 2 3 2.549e+02 2.911e+02 336
27282 0
27284 14 0 2 6.702e+02 6.738e+02 33 0 4 6.714e+02 6.726e+02 11 0 1 6.458e+02 6.562e+02 97 0 2 6.577e+02 6.863e+02 266 0 1 6.367e+02 6.653e+02 266 0 4 6.546e+02 6.894e+02 323 1 3 5.957e+02 6.223e+02 246 2 3 3.518e+02 3.622e+02 97 2 3 1.608e+01 2.592e+01 91 2 1 3.462e+02 3.678e+02 200 2 3 2.305e+00 3.969e+01 347 2 2 3.655e+02 3.905e+02 231 2 4 2.353e+01 6.047e+01 343 2 4 3.599e+02 3.961e+02 336
27285 0
27287 2 0 4 6.300e+02 6.300e+02 -6 0 3 6.417e+02 6.603e+02 173
27288 0
27289 9 0 4 5.839e+02 5.921e+02 76 0 2 3.733e+02 3.827e+02 88 0 1 3.926e+02 4.054e+02 120 0 4 4.980e+02 5.100e+02 112 0 3 5.940e+02 6.240e+02 278 0 3 3.887e+02 4.093e+02 191 1 2 6.216e+02 6.384e+02 156 2 3 3.117e+02 3.183e+02 60 2 4 3.493e+01 4.907e+01 131
27291 33 0 4 6.197e+02 6.403e+02 190 0 2 6.179e+02 6.421e+02 224 1 1 5.605e+02 5.735e+02 120 2 2 4.013e+01 4.387e+01 35 2 4 2.084e+02 2.116e+02 30 2 1 4.397e+02 4.423e+02 25 2 4 2.925e+02 2.955e+02 27 2 4 5.852e+02 5.908e+02 52 2 4 3.763e+02 3.797e+02 31 2 2 4.106e+02 4.294e+02 176 2 4 4.018e+01 4.382e+01 34 2 1 6.036e+02 6.144e+02 100 2 1 2.285e+02 2.335e+02 47 2 3 3.863e+02 4.117e+02 236 2 3 3.120e+02 3.180e+02 56 2 3 6.017e+02 6.163e+02 135 2 2 3.335e+02 3.385e+02 46 2 4 4.056e+02 4.344e+02 268 2 3 1.797e+01 2.403e+01 56 2 2 5.708e+02 6.052e+02 319 2 4 7.352e+01 9.448e+01 195 2 1 2.202e+02 2.418e+02 200 2 4 2.826e+02 3.054e+02 211 2 4 3.319e+02 3.401e+02 76 2 3 5.090e+01 7.510e+01 225 2 3 2.235e+02 2.385e+02 140 2 3 2.990e+02 3.310e+02 296 2 1 3.524e+02 3.616e+02 86 2 3 8.679e+00 3.332e+01 229 2 2 1.979e+02 2.221e+02 226 2 4 2.613e+01 5.787e+01 295 2 4 1.971e+02 2.229e+02 239 2 2 2.349e+02 2.691e+02 317
27296 5 0 2 6.145e+02 6.455e+02 287 0 4 6.120e+02 6.480e+02 335 0 1 5.922e+02 6.258e+02 312 0 3 6.243e+02 6.777e+02 496 0 4 6.454e+02 6.986e+02 494
27297 15 0 4 6.284e+02 6.316e+02 30 0 2 6.271e+02 6.329e+02 53 0 1 5.924e+02 6.256e+02 308 0 3 5.915e+02 6.265e+02 326 1 2 6.242e+02 6.358e+02 107 1 4 6.254e+02 6.346e+02 86 1 1 5.970e+02 6.210e+02 223 1 3 5.950e+02 6.230e+02 260 2 3 1.008e+02 1.092e+02 78 2 2 6.737e+01 1.006e+02 309 2 4 6.813e+01 9.987e+01 295 3 1 6.001e+01 6.599e+01 56 3 3 6.109e+01 6.491e+01 36 3 2 6.674e+01 1.013e+02 320 3 4 6.575e+01 1.022e+02 339
27298 6 0 3 5.627e+02 5.713e+02 80 0 2 5.342e+02 5.578e+02 219 0 3 5.934e+02 6.246e+02 289 0 2 6.581e+02 6.859e+02 258 0 4 6.551e+02 6.889e+02 313 1 1 4.739e+02 4.921e+02 170
27299 1 1 1 2.937e+02 3.363e+02 396
27301 8 0 1 6.283e+02 6.737e+02 422 0 3 6.294e+02 6.726e+02 400 1 3 2.605e+02 2.855e+02 231 1 4 2.369e+02 2.671e+02 280 2 2 7.796e+01 9.004e+01 112 2 1 5.907e+01 6.693e+01 73 2 4 6.953e+01 9.847e+01 269 2 3 5.265e+01 7.335e+01 192
27302 13 0 1 5.986e+02 6.194e+02 193 0 2 6.604e+02 6.836e+02 215 0 4 6.152e+02 6.448e+02 275 0 2 6.550e+02 6.890e+02 316 0 4 6.578e+02 6.862e+02 264 2 4 8.400e+01 8.400e+01 -20 2 3 6.032e+01 6.568e+01 50 2 2 1.238e+02 1.282e+02 40 2 3 9.416e+01 1.158e+02 201 2 4 2.717e+01 5.683e+01 276 2 4 1.176e+02 1.344e+02 156 2 2 7.446e+01 9.354e+01 177 2 2 1.126e+02 1.394e+02 249
27304 7 1 3 6.085e+02 6.095e+02 10 1 2 6.297e+02 6.303e+02 6 1 2 5.764e+02 5.996e+02 215 1 4 6.281e+02 6.319e+02 35 1 3 5.062e+02 5.438e+02 349 2 4 3.336e+02 3.384e+02 45 2 3 4.708e+02 4.952e+02 227
27305 1 2 4 1.557e+02 1.803e+02 228
27306 3 0 2 1.254e+02 1.266e+02 11 0 1 3.471e+02 3.669e+02 184 1 1 2.672e+02 2.788e+02 107
27307 2 0 2 4.616e+02 4.624e+02 7 0 2 4.482e+02 4.758e+02 257
27308 3 0 2 6.605e+02 6.835e+02 214 0 4 6.608e+02 6.832e+02 208 1 2 6.053e+02 6.547e+02 460
27310 16 0 2 3.777e+02 3.783e+02 6 0 1 3.970e+02 4.010e+02 36 0 1 4.230e+02 4.590e+02 335 0 2 6.514e+02 6.926e+02 382 0 4 6.495e+02 6.945e+02 417 2 4 5.878e+02 5.882e+02 4 2 3 3.521e+02 3.619e+02 91 2 4 5.350e+02 5.570e+02 204 2 3 4.207e-01 4.158e+01 382 2 2 1.104e+02 1.416e+02 289 2 4 1.931e+02 2.269e+02 313 2 1 -1.689e+00 4.369e+01 421 2 2 6.831e+01 9.969e+01 291 2 3 2.083e+02 2.537e+02 422 2 2 1.823e+01 6.577e+01 441 2 4 6.616e+01 1.018e+02 331
27311 15 0 3 6.004e+02 6.176e+02 160 0 4 6.665e+02 6.775e+02 103 0 1 4.671e+02 4.989e+02 295 0 4 5.745e+02 6.015e+02 250 0 3 6.397e+02 6.623e+02 210 0 1 5.957e+02 6.223e+02 246 0 2 6.582e+02 6.858e+02 256 0 4 5.652e+02 6.108e+02 423 2 2 1.037e+02 1.483e+02 414 3 4 8.400e+01 8.400e+01 -2 3 4 1.669e+02 1.691e+02 21 3 4 1.254e+02 1.266e+02 10 3 4 1.142e+02 1.378e+02 220 3 4 1.495e+02 1.865e+02 343 3 4 1.902e+02 2.298e+02 368
27312 3 2 3 1.992e+00 4.001e+01 353 2 4 4.066e+02 4.334e+02 250 2 3 4.177e+02 4.643e+02 433
27316 0
27317 11 0 4 1.996e+02 2.204e+02 194 0 4 2.368e+02 2.672e+02 282 0 4 1.898e+02 2.302e+02 375 2 2 7.904e+01 8.896e+01 92 2 1 1.441e+02 1.499e+02 53 2 1 1.088e+01 3.112e+01 188 2 4 7.706e+01 9.094e+01 129 2 3 1.407e+02 1.533e+02 116 2 3 4.819e+00 3.718e+01 300 2 3 8.626e+01 1.237e+02 348 2 2 1.082e+02 1.438e+02 330
