31303 10 0 2 6.707e+02 6.733e+02 24 0 4 6.720e+02 6.720e+02 -6 0 1 6.316e+02 6.704e+02 360 0 3 6.319e+02 6.701e+02 354 2 4 2.520e+02 2.520e+02 -15 2 3 1.836e+02 1.944e+02 100 2 3 1.004e+02 1.096e+02 85 2 4 4.077e+02 4.323e+02 228 2 2 1.518e+02 1.842e+02 301 3 1 3.368e+02 3.772e+02 375
31304 3 1 1 5.951e+02 6.229e+02 258 2 4 7.940e+01 8.860e+01 86 2 3 4.287e+01 8.313e+01 374
31307 0
31308 19 0 1 6.401e+02 6.619e+02 203 0 3 5.589e+02 5.751e+02 150 2 3 3.143e+02 3.157e+02 12 2 2 5.024e+02 5.056e+02 30 2 2 1.247e+02 1.273e+02 24 2 3 1.461e+02 1.479e+02 16 2 4 5.032e+02 5.048e+02 16 2 1 3.098e+02 3.202e+02 96 2 3 4.656e+02 5.004e+02 324 2 4 1.236e+02 1.284e+02 44 2 4 1.601e+02 1.759e+02 147 2 4 2.773e+02 3.107e+02 310 2 3 4.404e+01 8.196e+01 352 2 4 7.661e+01 9.139e+01 137 2 1 1.353e+02 1.587e+02 217 2 2 2.754e+02 3.126e+02 346 2 3 9.945e+01 1.105e+02 103 2 2 7.670e+01 9.130e+01 136 2 3 8.487e+01 1.251e+02 374
31309 0
31310 12 1 4 5.737e+02 6.023e+02 266 2 3 1.034e+02 1.066e+02 29 2 4 2.504e+02 2.536e+02 30 2 1 6.055e+01 6.545e+01 46 2 2 8.168e+01 8.632e+01 43 2 2 3.394e+01 5.006e+01 150 2 4 7.881e+01 8.919e+01 96 2 3 2.583e+02 2.877e+02 272 2 4 3.874e+01 4.526e+01 60 2 2 1.153e+02 1.367e+02 199 2 3 4.359e+01 8.241e+01 360 2 1 1.767e+00 4.023e+01 357
31311 2 0 1 5.849e+02 6.331e+02 447 0 3 5.873e+02 6.307e+02 402
31312 22 0 1 3.908e+02 4.072e+02 153 0 3 6.439e+02 6.581e+02 131 0 4 6.548e+02 6.892e+02 319 1 1 5.132e+02 5.368e+02 219 2 4 3.344e+02 3.376e+02 30 2 3 1.828e+01 2.372e+01 50 2 4 4.578e+02 4.662e+02 77 2 3 2.298e+02 2.322e+02 23 2 3 2.711e+02 2.749e+02 36 2 4 4.053e+02 4.347e+02 274 2 2 3.701e+02 3.859e+02 147 2 2 2.509e+02 2.531e+02 20 2 2 2.820e+02 3.060e+02 223 2 2 3.273e+02 3.447e+02 162 2 3 1.721e+02 2.059e+02 313 2 4 2.049e+02 2.151e+02 96 2 1 2.551e+02 2.909e+02 333 2 1 3.469e+02 3.671e+02 188 2 4 2.421e+02 2.619e+02 183 2 3 2.561e+02 2.899e+02 313 2 3 3.397e+02 3.743e+02 320 2 1 2.144e+02 2.476e+02 309
31313 7 0 1 6.501e+02 6.519e+02 16 0 1 6.431e+02 6.589e+02 146 0 2 6.539e+02 6.901e+02 336 1 1 2.599e+02 2.861e+02 244 1 2 6.132e+02 6.468e+02 312 1 2 2.323e+02 2.717e+02 366 1 3 2.491e+02 2.969e+02 445
31314 8 0 4 3.322e+02 3.398e+02 70 0 4 2.879e+02 3.001e+02 113 0 1 5.564e+02 5.776e+02 196 0 4 5.796e+02 5.964e+02 156 0 2 6.666e+02 6.774e+02 100 0 2 4.962e+02 5.118e+02 145 0 3 5.517e+02 5.823e+02 285 0 4 6.649e+02 6.791e+02 132
31315 2 3 4 5.453e+02 5.467e+02 13 3 4 5.292e+02 5.628e+02 311
31319 4 0 2 3.296e+02 3.424e+02 119 0 2 6.542e+02 6.898e+02 330 0 4 6.533e+02 6.907e+02 346 1 2 2.257e+02 2.783e+02 488
31320 8 0 4 5.031e+02 5.049e+02 17 0 3 5.187e+02 5.313e+02 117 1 3 6.090e+02 6.090e+02 -0 1 2 5.867e+02 5.893e+02 25 1 4 6.276e+02 6.324e+02 45 1 4 5.859e+02 5.901e+02 40 1 2 6.255e+02 6.345e+02 83 1 1 5.889e+02 6.291e+02 374
31321 2 0 4 5.858e+02 5.902e+02 41 0 4 3.692e+02 3.868e+02 163
31322 6 0 1 3.965e+02 4.015e+02 46 0 1 5.221e+02 5.279e+02 55 0 4 4.121e+02 4.279e+02 147 0 3 5.127e+02 5.373e+02 228 0 4 5.761e+02 5.999e+02 221 1 1 2.992e+02 3.308e+02 294
31324 9 0 3 2.276e+02 2.344e+02 63 0 4 2.442e+02 2.598e+02 145 0 2 6.610e+02 6.830e+02 205 0 1 2.154e+02 2.466e+02 290 0 4 6.601e+02 6.839e+02 220 0 2 1.946e+02 2.254e+02 286 1 3 5.588e+02 5.752e+02 152 1 2 6.143e+02 6.457e+02 292 2 4 1.238e+02 1.282e+02 41
31325 13 0 4 3.342e+02 3.378e+02 34 1 4 6.243e+02 6.357e+02 106 1 2 6.220e+02 6.380e+02 148 2 1 2.711e+02 2.749e+02 36 2 1 1.343e+01 2.857e+01 140 2 3 9.127e+00 3.287e+01 220 3 1 5.212e+02 5.288e+02 70 3 2 5.409e+02 5.511e+02 94 3 1 4.770e+02 4.890e+02 111 3 2 4.962e+02 5.118e+02 145 3 4 4.939e+02 5.141e+02 187 3 1 5.127e+02 5.373e+02 228 3 3 4.719e+02 4.941e+02 206
31326 10 0 3 4.296e+02 4.524e+02 211 0 4 4.353e+02 4.887e+02 496 2 4 1.205e+02 1.315e+02 103 2 1 1.299e+01 2.901e+01 149 2 4 1.126e+02 1.394e+02 249 2 1 1.383e+02 1.557e+02 162 2 3 7.512e+00 3.449e+01 250 2 2 1.131e+02 1.389e+02 240 2 3 1.371e+02 1.569e+02 185 2 2 2.084e+01 6.316e+01 393
31327 0
31328 0
31330 3 2 4 4.022e+01 4.378e+01 33 2 3 4.857e+01 7.743e+01 268 2 3 2.605e+02 2.855e+02 233
31331 12 0 2 6.657e+02 6.783e+02 116 0 1 6.311e+02 6.709e+02 369 1 4 3.329e+02 3.391e+02 58 1 1 6.057e+02 6.123e+02 61 1 4 6.222e+02 6.378e+02 146 1 3 5.973e+02 6.207e+02 217 2 3 1.407e+02 1.533e+02 116 2 3 2.226e+02 2.394e+02 156 2 2 1.598e+02 1.762e+02 153 2 4 2.360e+02 2.680e+02 298 2 1 1.306e+02 1.634e+02 306 2 4 1.488e+02 1.872e+02 356
31333 60 0 1 1.025e+02 1.075e+02 46 0 3 5.982e+02 6.198e+02 201 0 3 4.256e+02 4.564e+02 286 0 1 4.222e+02 4.598e+02 349 1 3 6.069e+02 6.111e+02 39 1 1 5.163e+02 5.337e+02 161 1 4 5.391e+02 5.529e+02 128 1 2 6.278e+02 6.322e+02 40 1 3 5.094e+02 5.406e+02 290 1 2 5.757e+02 6.003e+02 229 1 4 6.244e+02 6.356e+02 104 1 2 5.302e+02 5.618e+02 293 1 1 6.022e+02 6.158e+02 126 1 2 6.143e+02 6.457e+02 292 1 4 6.174e+02 6.426e+02 234 1 1 5.917e+02 6.263e+02 322 2 4 3.326e+02 3.394e+02 63 2 1 4.804e+02 4.856e+02 49 2 1 1.936e+01 2.264e+01 30 2 3 6.477e+02 6.543e+02 60 2 3 1.035e+02 1.065e+02 28 2 1 1.839e+02 1.941e+02 94 2 3 4.390e+02 4.430e+02 38 2 4 2.065e+02 2.135e+02 65 2 3 4.812e+02 4.848e+02 34 2 3 2.717e+02 2.743e+02 24 2 4 6.190e+02 6.410e+02 204 2 3 1.846e+01 2.354e+01 47 2 2 6.691e+02 6.749e+02 53 2 4 1.230e+02 1.290e+02 56 2 1 1.441e+02 1.499e+02 53 2 2 4.988e+02 5.092e+02 96 2 3 2.297e+02 2.323e+02 25 2 4 4.053e+02 4.347e+02 274 2 1 2.692e+02 2.768e+02 70 2 4 4.579e+02 4.661e+02 76 2 3 3.454e+02 3.686e+02 216 2 1 4.240e+02 4.580e+02 316 2 4 3.789e+01 4.611e+01 76 2 2 4.479e+02 4.761e+02 261 2 4 7.625e+01 9.175e+01 144 2 3 1.396e+02 1.544e+02 138 2 2 2.067e+02 2.133e+02 60 2 2 2.749e+02 3.131e+02 355 2 1 3.418e+02 3.722e+02 283 2 1 6.149e+01 6.451e+01 28 2 2 1.152e+02 1.368e+02 200 2 2 1.559e+02 1.801e+02 225 2 1 2.129e+02 2.491e+02 336 2 3 2.521e+02 2.939e+02 388 2 2 3.594e+02 3.966e+02 346 2 3 5.934e+01 6.666e+01 68 2 2 6.553e+01 1.025e+02 343 2 3 1.695e+02 2.085e+02 362 2 3 1.541e+00 4.046e+01 361 2 4 7.002e+01 9.798e+01 260 2 1 1.278e+02 1.662e+02 357 2 2 2.420e+01 5.980e+01 330 3 2 7.863e+01 8.937e+01 100 3 4 8.110e+01 8.690e+01 54
31335 0
31338 8 0 4 5.877e+02 5.883e+02 6 0 3 6.065e+02 6.115e+02 46 1 3 5.908e+02 6.272e+02 338 1 2 6.177e+02 6.423e+02 229 2 3 1.463e+02 1.477e+02 14 2 1 6.068e+02 6.112e+02 41 2 3 6.046e+02 6.134e+02 82 2 1 5.912e+02 6.268e+02 331
31339 1 0 4 5.019e+02 5.061e+02 40
31341 51 0 1 3.551e+02 3.589e+02 36 0 1 4.775e+02 4.885e+02 102 0 4 3.649e+02 3.911e+02 243 0 4 5.805e+02 5.955e+02 139 0 2 6.607e+02 6.833e+02 210 0 3 5.554e+02 5.786e+02 215 0 4 6.166e+02 6.434e+02 248 0 4 6.606e+02 6.834e+02 211 0 1 5.939e+02 6.241e+02 280 0 3 6.256e+02 6.764e+02 471 0 2 6.120e+02 6.480e+02 334 0 4 6.088e+02 6.512e+02 393 0 1 5.855e+02 6.325e+02 437 0 3 5.822e+02 6.358e+02 498 1 1 5.654e+02 5.686e+02 30 1 2 6.288e+02 6.312e+02 23 1 4 6.260e+02 6.340e+02 75 1 2 6.177e+02 6.423e+02 228 1 4 6.166e+02 6.434e+02 250 1 1 5.956e+02 6.224e+02 248 1 2 6.113e+02 6.487e+02 346 2 2 4.117e+01 4.283e+01 16 2 2 5.440e+02 5.480e+02 36 2 4 8.348e+01 8.452e+01 10 2 2 6.708e+02 6.732e+02 21 2 4 3.847e+01 4.553e+01 66 2 4 4.188e+02 4.212e+02 23 2 3 9.523e+01 1.148e+02 181 2 4 5.035e+02 5.045e+02 10 2 3 1.847e+02 1.933e+02 80 2 1 5.641e+02 5.699e+02 54 2 2 2.086e+02 2.114e+02 26 2 4 6.689e+02 6.751e+02 57 2 3 2.696e+02 2.764e+02 63 2 3 1.936e+01 2.264e+01 30 2 4 4.570e+02 4.670e+02 93 2 4 1.190e+02 1.330e+02 130 2 3 5.231e+02 5.269e+02 35 2 1 1.468e+02 1.472e+02 3 2 3 2.221e+02 2.399e+02 166 2 2 2.889e+02 2.991e+02 95 2 3 4.770e+02 4.890e+02 111 2 1 9.618e+00 3.238e+01 211 2 1 6.362e+02 6.658e+02 276 2 2 1.056e+02 1.464e+02 379 2 2 4.513e+02 4.727e+02 198 2 3 1.420e+02 1.520e+02 92 2 1 4.698e+02 4.962e+02 246 3 2 3.295e+01 5.105e+01 168 3 3 1.119e+01 3.081e+01 182 3 4 2.882e+01 5.518e+01 245
31343 12 0 3 6.053e+02 6.127e+02 68 0 3 5.173e+02 5.327e+02 144 0 2 6.209e+02 6.391e+02 169 0 1 4.757e+02 4.903e+02 135 0 1 5.139e+02 5.361e+02 206 0 2 4.936e+02 5.144e+02 193 0 4 4.900e+02 5.180e+02 260 1 4 6.275e+02 6.325e+02 47 1 1 6.018e+02 6.162e+02 134 1 2 6.199e+02 6.401e+02 187 1 3 5.970e+02 6.210e+02 223 2 4 8.281e+01 8.519e+01 22
31345 11 2 1 3.570e+02 3.570e+02 -14 2 3 4.393e+02 4.427e+02 31 2 3 1.851e+01 2.349e+01 46 2 2 4.563e+02 4.677e+02 106 2 3 3.524e+02 3.616e+02 85 2 4 4.118e+02 4.282e+02 153 2 2 3.407e+01 4.993e+01 147 2 4 3.275e+02 3.445e+02 158 2 1 8.632e+00 3.337e+01 230 2 2 3.209e+02 3.511e+02 280 2 4 2.748e+01 5.652e+01 270
31348 16 0 1 1.419e+02 1.521e+02 94 0 2 1.528e+02 1.832e+02 282 2 3 6.076e+02 6.104e+02 26 2 4 2.869e+02 3.011e+02 132 2 1 5.996e+02 6.184e+02 175 2 2 5.711e+02 6.049e+02 314 2 4 6.110e+02 6.490e+02 352 3 3 6.494e+02 6.526e+02 29 3 3 6.024e+01 6.576e+01 51 3 2 1.639e+02 1.721e+02 76 3 4 6.709e+02 6.731e+02 21 3 3 1.307e+02 1.633e+02 302 3 2 3.165e+01 5.235e+01 192 3 4 1.551e+02 1.809e+02 240 3 1 5.589e+01 7.011e+01 132 3 4 6.625e+01 1.017e+02 330
31349 6 0 2 6.602e+02 6.838e+02 219 2 1 1.949e+01 2.251e+01 28 2 3 9.618e+00 3.238e+01 211 2 4 7.612e+01 9.188e+01 146 2 4 2.909e+01 5.491e+01 240 2 1 7.108e+00 3.489e+01 258
31350 62 0 4 6.299e+02 6.301e+02 1 0 1 3.990e+02 3.990e+02 -3 0 3 2.307e+02 2.313e+02 6 0 2 5.460e+02 5.460e+02 -1 0 4 2.923e+02 2.957e+02 32 0 1 6.083e+02 6.097e+02 12 0 1 1.376e+02 1.564e+02 176 0 3 6.503e+02 6.517e+02 13 0 4 2.442e+02 2.598e+02 146 0 1 4.345e+02 4.475e+02 121 0 1 3.409e+02 3.731e+02 299 0 3 6.064e+02 6.116e+02 48 0 2 6.700e+02 6.740e+02 38 0 3 4.331e+02 4.489e+02 147 0 3 4.657e+02 5.003e+02 321 0 1 5.066e+02 5.434e+02 341 0 2 6.272e+02 6.328e+02 51 0 3 6.398e+02 6.622e+02 209 0 3 3.942e+02 4.038e+02 89 0 4 5.736e+02 6.024e+02 267 0 1 6.387e+02 6.633e+02 228 0 4 4.079e+02 4.321e+02 226 0 3 5.917e+02 6.263e+02 322 1 1 5.657e+02 5.683e+02 24 1 1 6.070e+02 6.110e+02 37 1 2 5.796e+02 5.964e+02 156 1 3 6.064e+02 6.116e+02 49 1 4 5.851e+02 5.909e+02 55 1 2 6.300e+02 6.300e+02 -1 1 4 6.295e+02 6.305e+02 10 1 1 5.942e+02 6.238e+02 275 2 3 2.021e+01 2.179e+01 15 2 4 5.422e+02 5.498e+02 70 2 3 1.037e+02 1.063e+02 24 2 4 6.703e+02 6.737e+02 31 2 2 1.668e+02 1.692e+02 21 2 3 4.378e+02 4.442e+02 60 2 3 2.288e+02 2.332e+02 41 2 3 5.670e+02 5.670e+02 -10 2 1 2.719e+02 2.741e+02 20 2 3 5.989e+02 6.191e+02 187 2 4 4.197e+01 4.203e+01 0 2 4 1.238e+02 1.282e+02 41 2 3 3.959e+02 4.021e+02 57 2 3 1.448e+02 1.492e+02 41 2 1 5.568e+02 5.772e+02 189 2 4 2.500e+02 2.540e+02 36 2 2 5.723e+02 6.037e+02 292 2 4 3.703e+02 3.857e+02 144 2 4 6.521e+02 6.919e+02 370 2 1 5.880e+01 6.720e+01 78 2 3 4.313e+02 4.507e+02 180 2 2 1.183e+02 1.337e+02 143 2 2 5.277e+02 5.643e+02 340 2 1 1.759e+02 2.021e+02 244 2 4 5.715e+02 6.045e+02 306 2 4 2.073e+02 2.127e+02 50 2 3 3.852e+02 4.128e+02 256 2 3 2.590e+02 2.870e+02 260 2 3 5.961e+01 6.639e+01 63 2 2 6.768e+01 1.003e+02 303 3 4 6.898e+01 9.902e+01 279
31352 2 0 1 4.393e+02 4.427e+02 31 0 3 4.379e+02 4.441e+02 58
31353 54 0 4 3.774e+02 3.786e+02 11 0 1 6.504e+02 6.516e+02 11 0 2 3.295e+02 3.425e+02 121 0 1 6.024e+02 6.156e+02 122 0 4 3.205e+02 3.515e+02 287 0 2 6.680e+02 6.760e+02 75 0 4 4.181e+02 4.219e+02 35 0 1 3.395e+02 3.745e+02 326 0 2 4.540e+02 4.700e+02 148 0 2 6.273e+02 6.327e+02 50 0 1 6.409e+02 6.611e+02 188 0 1 4.646e+02 5.014e+02 341 0 4 6.262e+02 6.338e+02 70 0 3 6.431e+02 6.589e+02 146 0 1 4.220e+02 4.600e+02 353 0 4 6.588e+02 6.852e+02 245 0 3 6.337e+02 6.683e+02 322 1 2 1.233e+02 1.287e+02 50 1 3 6.081e+02 6.099e+02 17 1 2 1.644e+02 1.716e+02 66 1 4 1.205e+02 1.315e+02 101 1 2 5.852e+02 5.908e+02 51 1 3 8.693e+01 1.231e+02 336 1 2 6.170e+02 6.430e+02 240 1 1 5.534e+02 5.806e+02 253 1 1 5.936e+02 6.244e+02 286 1 4 5.757e+02 6.003e+02 229 1 4 6.127e+02 6.473e+02 320 2 1 1.972e+01 2.228e+01 24 2 2 5.450e+02 5.470e+02 19 2 4 1.628e+02 1.732e+02 96 2 4 4.200e+02 4.200e+02 -0 2 4 2.487e+02 2.553e+02 60 2 4 5.010e+02 5.070e+02 56 2 3 2.717e+02 2.743e+02 25 2 2 5.842e+02 5.918e+02 70 2 4 3.732e+02 3.828e+02 90 2 3 3.891e+02 4.089e+02 184 2 3 1.870e+02 1.910e+02 37 2 4 4.953e+02 5.127e+02 162 2 4 2.930e+02 2.950e+02 19 2 2 5.320e+02 5.600e+02 260 2 4 3.219e+02 3.501e+02 262 2 2 5.776e+02 5.984e+02 193 2 3 5.223e+00 3.678e+01 293 2 1 1.703e+02 2.077e+02 348 2 3 4.319e+02 4.501e+02 169 2 2 1.968e+02 2.232e+02 245 2 3 3.123e+02 3.177e+02 50 2 3 4.561e+01 8.039e+01 323 2 1 2.118e+02 2.502e+02 357 2 2 2.824e+02 3.056e+02 216 2 1 2.548e+02 2.912e+02 337 3 1 1.094e+00 4.091e+01 370
31354 0
31355 11 0 4 5.005e+02 5.075e+02 66 0 2 5.011e+02 5.069e+02 54 2 3 1.045e+02 1.055e+02 10 2 2 2.094e+02 2.106e+02 11 2 1 3.549e+02 3.591e+02 39 2 1 5.876e+01 6.724e+01 79 2 2 1.197e+02 1.323e+02 117 2 4 6.656e+01 1.014e+02 324 2 2 1.078e+02 1.442e+02 338 2 2 1.903e+02 2.297e+02 366 2 2 6.558e+01 1.024e+02 342
