37230 6 2 2 5.005e+02 5.075e+02 66 2 4 5.032e+02 5.048e+02 16 2 1 4.655e+02 5.005e+02 326 2 3 4.639e+02 5.021e+02 354 3 4 6.613e+02 6.827e+02 198 3 2 6.607e+02 6.833e+02 210
37231 0
37232 24 0 4 6.276e+02 6.324e+02 45 0 4 4.180e+02 4.220e+02 37 0 4 2.835e+02 3.045e+02 196 0 4 5.825e+02 5.935e+02 103 0 2 6.677e+02 6.763e+02 80 0 4 1.955e+02 2.245e+02 269 0 2 5.280e+02 5.640e+02 335 0 3 1.720e+02 2.060e+02 316 0 4 6.565e+02 6.875e+02 287 0 2 1.441e+02 1.919e+02 445 0 1 5.484e+02 5.856e+02 346 0 2 6.484e+02 6.956e+02 439 0 1 1.217e+02 1.723e+02 470 0 1 5.022e+02 5.478e+02 424 1 2 6.163e+02 6.437e+02 254 1 4 6.175e+02 6.425e+02 231 1 2 6.105e+02 6.495e+02 361 2 1 6.194e+01 6.406e+01 20 2 3 5.808e+01 6.792e+01 91 2 4 1.958e+02 2.242e+02 265 2 4 3.183e+01 5.217e+01 189 2 2 1.962e+02 2.238e+02 257 2 2 2.439e+01 5.961e+01 327 2 4 1.418e+02 1.942e+02 486
37233 8 0 4 8.290e+01 8.510e+01 20 0 3 6.074e+02 6.106e+02 30 0 3 5.570e+01 7.030e+01 136 0 2 6.544e+01 1.026e+02 345 0 1 5.937e+02 6.243e+02 285 1 4 6.183e+02 6.417e+02 218 1 2 6.130e+02 6.470e+02 316 2 4 3.901e+01 4.499e+01 56
37234 0
37235 2 0 2 5.431e+02 5.489e+02 53 0 3 5.120e+02 5.380e+02 241
37237 22 0 1 5.584e+02 5.756e+02 159 0 4 3.692e+02 3.868e+02 164 0 1 6.499e+02 6.521e+02 20 0 4 3.178e+02 3.542e+02 337 0 4 5.824e+02 5.936e+02 105 0 3 6.496e+02 6.524e+02 26 0 3 5.545e+02 5.795e+02 231 0 2 6.145e+02 6.455e+02 287 0 2 6.720e+02 6.720e+02 -20 0 4 6.108e+02 6.492e+02 356 0 4 6.715e+02 6.725e+02 10 0 1 6.438e+02 6.582e+02 135 1 3 6.073e+02 6.107e+02 32 2 4 5.449e+02 5.471e+02 20 2 3 2.280e+02 2.340e+02 56 2 3 2.730e+02 2.730e+02 -24 2 4 2.003e+02 2.197e+02 180 2 4 2.357e+02 2.683e+02 303 3 2 2.066e+02 2.134e+02 63 3 4 2.072e+02 2.128e+02 51 3 1 2.206e+02 2.414e+02 194 3 3 2.187e+02 2.433e+02 228
37239 5 0 1 5.934e+02 6.246e+02 289 0 3 5.933e+02 6.247e+02 291 0 2 6.109e+02 6.491e+02 354 0 4 6.121e+02 6.479e+02 333 2 4 2.461e+02 2.579e+02 109
37240 6 2 4 5.448e+02 5.472e+02 22 2 3 1.882e+01 2.318e+01 40 2 1 1.137e+01 3.063e+01 179 2 3 5.557e+02 5.783e+02 210 2 2 2.842e+01 5.558e+01 252 2 3 5.481e+02 5.859e+02 351
37241 1 2 1 1.765e+01 2.435e+01 62
37242 5 0 1 6.071e+02 6.109e+02 35 0 3 5.985e+02 6.195e+02 195 0 4 6.654e+02 6.786e+02 123 0 4 5.755e+02 6.005e+02 232 0 1 5.946e+02 6.234e+02 267
37243 2 0 3 2.057e+02 2.563e+02 470 0 1 3.374e+02 3.766e+02 364
37244 0
37247 11 0 2 6.656e+02 6.784e+02 119 0 4 6.673e+02 6.767e+02 86 0 1 6.380e+02 6.640e+02 241 0 3 6.366e+02 6.654e+02 268 2 3 2.693e+02 2.767e+02 68 2 1 1.070e+01 3.130e+01 191 2 4 7.863e+01 8.937e+01 100 2 3 1.509e+01 2.691e+01 110 2 3 9.694e+01 1.131e+02 150 2 2 3.295e+01 5.105e+01 168 2 2 6.791e+01 1.001e+02 299
37248 35 0 2 6.286e+02 6.314e+02 26 0 4 3.762e+02 3.798e+02 34 0 4 6.696e+02 6.744e+02 45 0 2 3.726e+02 3.834e+02 100 0 2 5.020e+02 5.060e+02 38 0 4 6.248e+02 6.352e+02 97 0 1 3.465e+02 3.675e+02 195 0 1 6.501e+02 6.519e+02 16 0 1 4.347e+02 4.473e+02 116 0 4 4.610e+02 4.630e+02 19 0 1 5.931e+02 6.249e+02 296 0 3 6.493e+02 6.527e+02 31 0 3 4.224e+02 4.596e+02 346 0 3 5.906e+02 6.274e+02 342 0 2 6.703e+02 6.737e+02 32 0 1 6.413e+02 6.607e+02 180 0 4 6.542e+02 6.898e+02 330 0 2 6.530e+02 6.910e+02 353 1 4 5.865e+02 5.895e+02 28 1 4 5.448e+02 5.472e+02 22 1 2 6.185e+02 6.415e+02 213 1 4 4.854e+02 5.226e+02 345 1 4 6.144e+02 6.456e+02 290 2 3 3.951e+02 4.029e+02 73 2 1 1.434e+02 1.506e+02 66 2 4 5.413e+02 5.507e+02 87 2 4 1.202e+02 1.318e+02 107 2 2 4.978e+02 5.102e+02 115 2 3 1.441e+02 1.499e+02 54 2 4 4.494e+02 4.746e+02 235 2 1 1.348e+02 1.592e+02 227 2 1 5.096e+02 5.404e+02 286 2 2 1.541e+02 1.819e+02 259 2 4 4.028e+02 4.372e+02 320 2 3 4.668e+02 4.992e+02 300
37249 15 0 1 6.491e+02 6.529e+02 35 0 2 4.601e+02 4.639e+02 36 0 2 6.709e+02 6.731e+02 20 0 3 1.838e+02 1.942e+02 97 0 4 4.504e+02 4.736e+02 215 0 4 2.014e+02 2.186e+02 160 0 4 6.673e+02 6.767e+02 87 0 3 4.708e+02 4.952e+02 227 0 3 6.438e+02 6.582e+02 133 0 1 4.229e+02 4.591e+02 336 0 2 6.614e+02 6.826e+02 196 0 2 6.562e+02 6.878e+02 293 2 4 4.018e+01 4.382e+01 34 2 3 6.023e+01 6.577e+01 51 2 2 3.586e+02 3.974e+02 360
37250 0
37251 23 0 3 6.080e+02 6.100e+02 18 0 2 6.233e+02 6.367e+02 125 0 4 6.584e+02 6.856e+02 253 0 4 6.216e+02 6.384e+02 156 0 1 6.373e+02 6.647e+02 254 0 1 5.933e+02 6.247e+02 291 0 3 6.344e+02 6.676e+02 309 0 2 6.554e+02 6.886e+02 308 0 3 6.250e+02 6.770e+02 482 1 1 3.150e+02 3.150e+02 -19 1 4 3.755e+02 3.805e+02 46 1 2 2.876e+02 3.004e+02 119 1 3 3.920e+02 4.060e+02 130 1 4 1.111e+02 1.409e+02 277 1 3 2.169e+02 2.451e+02 261 1 3 3.026e+02 3.274e+02 230 2 2 2.934e+02 2.946e+02 10 2 1 1.698e+01 2.502e+01 75 2 4 2.910e+02 2.970e+02 56 2 3 6.300e+00 3.570e+01 273 2 3 3.020e+02 3.280e+02 242 2 4 2.645e+01 5.755e+01 289 2 3 -1.642e+00 4.364e+01 420
37252 1 2 2 7.756e+01 9.044e+01 120
37253 24 0 2 5.040e+02 5.040e+02 -23 0 2 6.664e+02 6.776e+02 105 0 4 4.178e+02 4.222e+02 40 0 4 5.001e+02 5.079e+02 72 0 4 6.662e+02 6.778e+02 108 0 2 6.585e+02 6.855e+02 251 0 1 6.362e+02 6.658e+02 275 1 4 6.240e+02 6.360e+02 111 1 4 6.069e+02 6.531e+02 430 2 4 3.780e+02 3.780e+02 -21 2 3 3.963e+02 4.017e+02 50 2 3 3.522e+02 3.618e+02 89 2 4 4.040e+02 4.360e+02 296 2 3 4.241e+02 4.579e+02 313 3 1 3.989e+02 3.991e+02 2 3 3 4.784e+02 4.876e+02 86 3 3 4.410e+02 4.410e+02 -2 3 1 5.122e+02 5.378e+02 238 3 2 3.625e+02 3.935e+02 288 3 2 6.558e+02 6.882e+02 301 3 4 4.553e+02 4.687e+02 124 3 4 4.099e+02 4.301e+02 188 3 2 4.434e+02 4.806e+02 346 3 4 4.465e+02 4.775e+02 288
37254 33 0 1 2.720e+02 2.740e+02 19 0 2 5.434e+02 5.486e+02 49 0 4 3.738e+02 3.822e+02 78 0 2 6.270e+02 6.330e+02 56 0 2 2.865e+02 3.015e+02 140 0 2 4.959e+02 5.121e+02 150 0 4 3.287e+02 3.433e+02 136 0 3 5.646e+02 5.694e+02 44 0 1 2.968e+02 3.332e+02 339 0 4 6.267e+02 6.333e+02 62 0 2 6.645e+02 6.795e+02 140 0 3 3.830e+02 4.150e+02 297 0 4 4.910e+02 5.170e+02 241 0 3 5.179e+02 5.321e+02 132 0 4 5.786e+02 5.974e+02 174 0 4 6.634e+02 6.806e+02 160 0 1 5.140e+02 5.360e+02 205 0 1 6.325e+02 6.695e+02 344 0 2 4.796e+02 5.284e+02 453 0 3 6.328e+02 6.692e+02 338 0 2 6.558e+02 6.882e+02 300 0 4 6.541e+02 6.899e+02 333 1 4 6.287e+02 6.313e+02 24 2 3 3.143e+02 3.157e+02 14 2 3 6.163e+01 6.437e+01 26 2 2 3.254e+02 3.466e+02 197 2 1 1.298e+01 2.902e+01 149 2 4 2.813e+02 3.067e+02 236 2 1 5.292e+01 7.308e+01 187 2 1 2.955e+02 3.345e+02 363 2 3 5.557e+01 7.043e+01 138 2 2 2.367e+01 6.033e+01 340 2 4 2.676e+01 5.724e+01 283
37255 31 0 2 6.710e+02 6.730e+02 18 0 4 6.695e+02 6.745e+02 46 0 2 6.075e+02 6.525e+02 417 0 1 6.413e+02 6.607e+02 180 0 4 6.043e+02 6.557e+02 477 0 3 6.323e+02 6.697e+02 348 0 4 6.481e+02 6.959e+02 444 1 4 5.455e+02 5.465e+02 9 1 2 1.607e+02 1.753e+02 136 1 1 5.206e+02 5.294e+02 81 1 1 1.393e+02 1.547e+02 143 1 3 5.634e+02 5.706e+02 66 1 4 1.580e+02 1.780e+02 186 1 3 5.091e+02 5.409e+02 296 1 2 1.483e+02 1.877e+02 366 1 2 5.379e+02 5.541e+02 150 1 1 5.622e+02 5.718e+02 89 1 1 1.628e+02 2.152e+02 487 1 4 5.746e+02 6.014e+02 249 1 3 1.633e+02 2.147e+02 478 2 1 4.827e+02 4.833e+02 6 2 2 4.579e+02 4.661e+02 76 2 4 2.433e+02 2.607e+02 161 2 4 4.561e+02 4.679e+02 110 2 3 2.720e+02 2.740e+02 18 2 2 2.812e+02 3.068e+02 238 2 3 4.652e+02 5.008e+02 331 2 4 6.746e+01 1.005e+02 307 2 1 2.574e+02 2.886e+02 290 3 3 4.235e+02 4.585e+02 325 3 4 4.007e+02 4.393e+02 359
37256 3 0 1 6.064e+02 6.116e+02 49 2 3 2.945e+02 3.355e+02 381 3 4 5.742e+02 6.018e+02 256
37257 34 0 3 6.494e+02 6.526e+02 30 0 4 5.843e+02 5.917e+02 68 0 4 6.686e+02 6.754e+02 63 0 1 6.011e+02 6.169e+02 146 0 1 6.491e+02 6.529e+02 36 0 3 6.010e+02 6.170e+02 149 0 2 6.671e+02 6.769e+02 90 0 2 6.191e+02 6.409e+02 202 0 3 6.351e+02 6.669e+02 296 0 4 6.170e+02 6.430e+02 240 0 1 5.952e+02 6.228e+02 256 0 3 5.916e+02 6.264e+02 324 0 1 5.834e+02 6.346e+02 475 1 4 6.267e+02 6.333e+02 60 1 1 3.040e+02 3.260e+02 204 1 1 6.065e+02 6.115e+02 46 1 3 6.002e+02 6.178e+02 164 1 2 6.205e+02 6.395e+02 177 2 1 2.307e+02 2.313e+02 5 2 4 3.304e+02 3.416e+02 105 2 3 1.844e+02 1.936e+02 85 2 2 2.093e+02 2.107e+02 13 2 1 3.831e+02 4.149e+02 295 2 2 3.248e+02 3.472e+02 209 2 4 3.798e+01 4.602e+01 75 2 3 1.454e+02 1.486e+02 29 2 4 2.072e+02 2.128e+02 52 2 1 3.412e+02 3.728e+02 294 2 4 1.548e+02 1.812e+02 245 2 3 2.259e+02 2.361e+02 96 2 3 3.451e+02 3.689e+02 221 2 4 2.456e+02 2.584e+02 118 2 3 2.164e+02 2.456e+02 270 2 2 1.939e+02 2.261e+02 300
37258 0
37259 5 0 1 6.370e+02 6.650e+02 260 2 4 2.479e+02 2.561e+02 76 2 2 1.227e+02 1.293e+02 60 2 3 9.685e+01 1.131e+02 151 2 4 1.104e+02 1.416e+02 290
37260 20 0 4 4.179e+02 4.221e+02 39 0 4 6.193e+02 6.407e+02 199 0 2 6.620e+02 6.820e+02 186 0 4 4.091e+02 4.309e+02 203 0 4 5.745e+02 6.015e+02 250 0 4 6.604e+02 6.836e+02 215 0 3 5.917e+02 6.263e+02 320 0 3 6.349e+02 6.671e+02 300 0 2 6.532e+02 6.908e+02 349 2 4 2.481e+02 2.559e+02 72 2 2 3.756e+02 3.804e+02 44 2 4 5.381e+02 5.539e+02 147 2 3 2.227e+02 2.393e+02 155 2 4 6.191e+02 6.409e+02 203 2 3 3.497e+02 3.643e+02 136 2 2 2.874e+01 5.526e+01 246 2 1 3.834e+02 4.146e+02 289 2 4 3.576e+02 3.984e+02 378 2 4 6.537e+02 6.903e+02 340 3 1 4.671e+02 4.989e+02 295
37261 12 0 3 2.691e+02 2.769e+02 73 0 4 2.898e+02 2.982e+02 77 0 3 4.256e+02 4.564e+02 286 2 3 1.922e+01 2.278e+01 33 2 4 1.651e+02 1.709e+02 53 2 3 5.530e+01 7.070e+01 143 2 2 2.999e+01 5.401e+01 223 2 1 4.292e+02 4.528e+02 219 2 3 8.864e+01 1.214e+02 304 2 4 5.739e+02 6.021e+02 262 2 1 6.344e+00 3.566e+01 272 3 3 4.639e+02 5.021e+02 356
37262 0
37263 13 0 1 5.537e+02 5.803e+02 246 0 4 5.838e+02 5.922e+02 79 0 3 5.526e+02 5.814e+02 267 1 1 5.581e+02 5.759e+02 166 1 3 5.561e+02 5.779e+02 202 1 2 5.785e+02 5.975e+02 176 1 4 5.798e+02 5.962e+02 153 2 2 3.704e+01 4.696e+01 92 2 4 3.659e+01 4.741e+01 100 2 3 6.795e+00 3.521e+01 264 2 1 5.805e+00 3.619e+01 282 3 1 1.586e+01 2.614e+01 96 3 3 1.478e+01 2.722e+01 116
37264 4 0 3 6.030e+02 6.150e+02 112 0 4 6.230e+02 6.370e+02 130 0 1 5.977e+02 6.203e+02 210 0 4 6.048e+02 6.552e+02 469
37265 1 3 2 4.979e+02 5.101e+02 113
37266 8 0 4 6.700e+02 6.740e+02 36 0 1 2.215e+02 2.405e+02 176 0 2 6.697e+02 6.743e+02 43 0 3 5.914e+02 6.266e+02 326 0 2 5.222e+02 5.698e+02 441 0 1 5.870e+02 6.310e+02 408 0 2 6.520e+02 6.920e+02 370 0 4 6.483e+02 6.957e+02 440
37267 9 0 3 5.644e+02 5.696e+02 49 0 2 5.403e+02 5.517e+02 106 0 4 4.438e+02 4.802e+02 338 0 1 5.483e+02 5.857e+02 346 2 1 1.882e+01 2.318e+01 40 2 3 1.927e+01 2.273e+01 32 2 4 5.369e+02 5.551e+02 170 2 2 2.600e+01 5.800e+01 297 2 4 5.787e+02 5.973e+02 172
37268 0
37269 1 1 2 6.178e+02 6.422e+02 226
37270 15 0 1 6.469e+02 6.551e+02 76 0 4 4.979e+02 5.101e+02 114 0 3 5.218e+02 5.282e+02 60 0 4 6.157e+02 6.443e+02 266 0 3 6.439e+02 6.581e+02 131 0 2 6.160e+02 6.440e+02 260 0 2 6.635e+02 6.805e+02 158 0 4 6.611e+02 6.829e+02 202 0 1 6.410e+02 6.610e+02 186 0 2 6.562e+02 6.878e+02 294 1 2 3.642e+02 3.918e+02 257 2 4 3.237e+01 5.163e+01 179 2 3 5.786e+01 6.814e+01 96 2 2 6.656e+01 1.014e+02 324 2 1 5.144e+01 7.456e+01 215
37271 11 0 3 4.830e+02 4.830e+02 -12 0 4 4.200e+02 4.200e+02 -23 0 3 6.068e+02 6.112e+02 40 0 2 4.547e+02 4.693e+02 135 0 3 5.965e+02 6.215e+02 233 0 4 4.881e+02 5.199e+02 296 0 4 6.175e+02 6.425e+02 233 0 4 4.434e+02 4.806e+02 346 2 1 1.860e+02 1.920e+02 56 2 4 1.149e+02 1.371e+02 206 2 3 1.389e+02 1.551e+02 150
37272 11 0 1 5.639e+02 5.701e+02 57 0 3 5.544e+02 5.796e+02 235 0 1 6.089e+02 6.091e+02 2 0 2 6.273e+02 6.327e+02 50 0 4 6.233e+02 6.367e+02 125 2 2 1.634e+02 1.726e+02 86 2 1 3.977e+02 4.003e+02 25 2 4 2.088e+02 2.112e+02 22 2 4 3.439e+01 4.961e+01 141 2 3 1.839e+02 1.941e+02 95 2 1 2.268e+02 2.352e+02 78
37273 3 0 4 5.760e+02 6.000e+02 223 0 1 5.880e+02 6.300e+02 390 0 3 5.916e+02 6.264e+02 323
37274 6 2 1 2.303e+02 2.317e+02 12 2 3 2.292e+02 2.328e+02 33 2 3 8.873e+01 1.213e+02 302 2 4 1.994e+02 2.206e+02 197 2 1 2.199e+02 2.421e+02 206 2 2 2.347e+02 2.693e+02 322
37275 39 0 1 6.503e+02 6.517e+02 13 0 1 5.598e+02 5.742e+02 135 0 4 5.813e+02 5.947e+02 124 0 3 6.490e+02 6.530e+02 36 0 3 5.600e+02 5.740e+02 130 0 2 6.221e+02 6.379e+02 146 0 2 6.694e+02 6.746e+02 49 0 2 4.854e+02 5.226e+02 346 0 1 5.102e+02 5.398e+02 275 0 4 6.171e+02 6.429e+02 239 0 4 6.691e+02 6.749e+02 55 0 3 5.106e+02 5.394e+02 268 0 4 5.738e+02 6.022e+02 264 0 3 6.358e+02 6.662e+02 283 0 2 5.263e+02 5.657e+02 366 0 1 5.917e+02 6.263e+02 321 0 4 6.578e+02 6.862e+02 263 0 3 5.950e+02 6.230e+02 260 0 1 6.345e+02 6.675e+02 307 0 2 6.522e+02 6.918e+02 367 1 4 5.021e+02 5.059e+02 35 1 2 4.558e+02 4.682e+02 116 1 2 5.865e+02 5.895e+02 28 1 2 4.437e+02 4.803e+02 340 1 3 4.780e+02 4.880e+02 92 1 3 5.605e+02 5.735e+02 121 1 3 5.994e+02 6.186e+02 179 1 4 5.784e+02 5.976e+02 179 1 4 5.688e+02 6.072e+02 356 2 4 4.590e+02 4.650e+02 56 2 3 1.441e+02 1.499e+02 53 2 4 4.143e+01 4.257e+01 10 2 1 4.789e+02 4.871e+02 76 2 4 1.200e+02 1.320e+02 112 2 3 4.690e+02 4.970e+02 260 2 2 1.542e+02 1.818e+02 257 2 4 3.152e+02 3.568e+02 386 2 2 4.446e+02 4.794e+02 323 2 1 1.331e+02 1.609e+02 258
37276 20 0 1 5.650e+02 5.690e+02 36 0 2 5.003e+02 5.077e+02 69 0 3 5.649e+02 5.691e+02 39 0 2 6.614e+02 6.826e+02 197 0 1 1.648e+02 2.132e+02 449 0 4 5.002e+02 5.078e+02 70 0 4 6.085e+02 6.515e+02 399 0 4 6.612e+02 6.828e+02 201 0 3 5.055e+02 5.445e+02 362 0 4 5.619e+02 6.141e+02 486 0 4 6.504e+02 6.936e+02 400 1 1 6.089e+02 6.091e+02 1 1 3 6.079e+02 6.101e+02 20 1 2 6.133e+02 6.467e+02 310 1 4 6.115e+02 6.485e+02 344 2 3 5.249e+02 5.251e+02 2 2 4 5.040e+02 5.040e+02 -6 2 2 5.445e+02 5.475e+02 28 2 1 5.633e+02 5.707e+02 68 2 2 2.354e+02 2.686e+02 309
37277 3 0 1 5.110e+02 5.390e+02 260 0 3 5.108e+02 5.392e+02 263 0 2 5.198e+02 5.722e+02 487
37278 25 0 4 5.846e+02 5.914e+02 63 0 2 6.700e+02 6.740e+02 38 0 2 6.196e+02 6.404e+02 193 0 4 6.644e+02 6.796e+02 140 0 3 5.514e+02 5.826e+02 290 0 4 6.232e+02 6.368e+02 126 0 1 6.328e+02 6.692e+02 337 0 1 5.994e+02 6.186e+02 179 0 3 5.957e+02 6.223e+02 246 1 4 6.129e+02 6.471e+02 317 2 1 2.709e+02 2.751e+02 39 2 4 8.195e+01 8.605e+01 38 2 4 5.454e+02 5.466e+02 11 2 2 2.881e+02 2.999e+02 110 2 2 5.845e+02 5.915e+02 66 2 2 7.931e+01 8.869e+01 87 2 3 5.635e+02 5.705e+02 66 2 4 2.033e+02 2.167e+02 124 2 3 6.039e+02 6.141e+02 95 2 1 4.682e+01 7.918e+01 300 2 2 5.760e+02 6.000e+02 222 2 3 9.012e+01 1.199e+02 276 2 3 2.208e+02 2.412e+02 189 2 3 2.593e+02 2.867e+02 255 2 2 1.945e+02 2.255e+02 288
37279 0
37280 17 0 1 5.519e+02 5.821e+02 280 0 3 5.900e+02 6.280e+02 353 1 1 5.964e+02 6.216e+02 235 2 2 1.651e+02 1.709e+02 55 2 1 5.239e+02 5.261e+02 21 2 4 2.421e+02 2.619e+02 183 2 4 4.977e+02 5.103e+02 117 2 1 1.859e+02 1.921e+02 57 2 2 5.453e+02 5.467e+02 14 2 3 1.844e+02 1.936e+02 86 2 1 5.643e+02 5.697e+02 50 2 3 2.105e+02 2.515e+02 380 2 1 5.147e+02 5.353e+02 192 2 4 1.594e+02 1.766e+02 159 2 3 1.722e+02 2.058e+02 312 2 3 5.195e+02 5.305e+02 102 2 3 5.056e+02 5.444e+02 360
37281 3 0 4 3.728e+02 3.832e+02 97 0 3 9.707e+01 1.129e+02 147 0 4 6.550e+02 6.890e+02 316
37282 3 0 2 6.452e+02 6.988e+02 497 2 2 3.896e+01 4.504e+01 56 3 1 1.205e+02 1.735e+02 491
