25776 9 0 1 6.042e+02 6.138e+02 89 0 3 6.075e+02 6.105e+02 28 0 4 6.126e+02 6.474e+02 323 1 1 6.026e+02 6.154e+02 118 1 3 6.005e+02 6.175e+02 158 1 2 6.176e+02 6.424e+02 230 1 4 6.193e+02 6.407e+02 199 2 1 1.456e+02 1.484e+02 26 3 2 4.188e+01 4.212e+01 2
25777 6 0 4 6.685e+02 6.755e+02 66 0 2 6.190e+02 6.410e+02 204 0 1 6.413e+02 6.607e+02 180 0 4 6.160e+02 6.440e+02 260 0 3 6.439e+02 6.581e+02 131 0 4 6.597e+02 6.843e+02 229
25782 0
25784 9 0 3 6.486e+02 6.534e+02 44 0 3 6.028e+02 6.152e+02 115 0 1 6.475e+02 6.545e+02 65 0 1 5.976e+02 6.204e+02 212 0 2 6.554e+02 6.886e+02 308 0 2 6.155e+02 6.445e+02 269 0 4 6.175e+02 6.425e+02 233 1 4 5.807e+02 5.953e+02 136 2 4 3.538e+01 4.862e+01 123
25785 0
25787 6 2 2 6.643e+02 6.797e+02 144 3 3 4.410e+02 4.410e+02 -10 3 3 3.546e+02 3.594e+02 46 3 1 4.389e+02 4.431e+02 39 3 4 4.099e+02 4.301e+02 187 3 2 4.430e+02 4.810e+02 352
25788 28 0 1 6.508e+02 6.512e+02 3 0 1 2.714e+02 2.746e+02 29 0 3 6.061e+02 6.119e+02 55 0 3 6.493e+02 6.527e+02 32 0 4 2.423e+02 2.617e+02 180 0 2 6.261e+02 6.339e+02 72 0 3 2.638e+02 2.822e+02 170 0 4 6.698e+02 6.742e+02 40 0 4 2.890e+02 2.990e+02 92 0 4 6.250e+02 6.350e+02 92 0 3 2.559e+02 2.901e+02 318 0 2 6.534e+02 6.906e+02 345 0 2 2.787e+02 3.093e+02 285 0 1 6.046e+02 6.134e+02 82 0 1 6.308e+02 6.712e+02 376 0 4 2.761e+02 3.119e+02 333 0 2 6.145e+02 6.455e+02 287 0 1 2.532e+02 2.928e+02 367 0 3 6.271e+02 6.749e+02 444 1 2 6.223e+02 6.377e+02 143 1 4 6.164e+02 6.436e+02 253 2 2 3.385e+01 5.015e+01 151 2 1 5.400e+01 7.200e+01 167 2 4 2.008e+02 2.192e+02 171 2 3 1.050e+00 4.095e+01 370 2 4 1.428e+02 1.932e+02 467 2 3 2.078e+02 2.542e+02 430 2 4 2.335e+01 6.065e+01 346
25789 9 0 2 6.616e+02 6.824e+02 194 0 4 6.595e+02 6.845e+02 233 0 4 6.521e+02 6.919e+02 369 0 1 6.299e+02 6.721e+02 391 0 3 6.249e+02 6.771e+02 486 2 2 6.258e+02 6.342e+02 79 2 1 6.488e+02 6.532e+02 40 2 1 6.372e+02 6.648e+02 256 3 3 3.481e+02 3.659e+02 166
25793 4 0 2 4.604e+02 4.636e+02 30 0 4 4.574e+02 4.666e+02 85 0 1 4.209e+02 4.611e+02 374 0 3 4.648e+02 5.012e+02 337
25794 67 0 3 4.820e+02 4.840e+02 18 0 2 3.338e+02 3.382e+02 40 0 1 5.633e+02 5.707e+02 68 0 1 9.730e+01 1.127e+02 143 0 1 6.496e+02 6.524e+02 26 0 1 1.770e+02 2.010e+02 223 0 1 3.984e+02 3.996e+02 10 0 1 2.632e+02 2.828e+02 182 0 1 4.759e+02 4.901e+02 131 0 2 1.155e+02 1.365e+02 196 0 3 5.669e+02 5.671e+02 2 0 3 9.106e+01 1.189e+02 259 0 4 5.817e+02 5.943e+02 117 0 1 3.384e+02 3.756e+02 346 0 3 6.495e+02 6.525e+02 28 0 4 4.167e+02 4.233e+02 60 0 1 4.654e+02 5.006e+02 326 0 1 6.066e+02 6.114e+02 44 0 2 6.666e+02 6.774e+02 100 0 3 3.866e+02 4.114e+02 230 0 4 4.864e+02 5.216e+02 327 0 2 5.277e+02 5.643e+02 340 0 3 5.990e+02 6.190e+02 186 0 4 6.673e+02 6.767e+02 87 0 2 4.467e+02 4.773e+02 284 0 2 6.222e+02 6.378e+02 145 0 1 6.320e+02 6.700e+02 352 0 4 6.244e+02 6.356e+02 105 0 1 5.930e+02 6.250e+02 297 0 3 5.925e+02 6.255e+02 306 0 2 6.123e+02 6.477e+02 329 1 3 5.653e+02 5.687e+02 32 1 2 6.291e+02 6.309e+02 17 1 2 5.863e+02 5.897e+02 32 1 4 6.280e+02 6.320e+02 38 1 4 4.993e+02 5.087e+02 88 1 4 5.435e+02 5.485e+02 47 1 1 6.030e+02 6.150e+02 110 1 1 5.650e+02 5.690e+02 36 1 3 6.085e+02 6.095e+02 9 1 4 5.751e+02 6.009e+02 240 1 1 5.521e+02 5.819e+02 276 1 3 5.532e+02 5.808e+02 257 1 4 5.277e+02 5.643e+02 340 2 4 8.168e+01 8.632e+01 43 2 4 4.608e+02 4.632e+02 22 2 2 1.624e+02 1.736e+02 104 2 3 4.339e+02 4.481e+02 132 2 2 2.927e+02 2.953e+02 24 2 3 4.731e+02 4.929e+02 183 2 1 1.604e+01 2.596e+01 92 2 2 4.444e+02 4.796e+02 327 2 3 1.035e+02 1.065e+02 28 2 4 4.036e+02 4.364e+02 306 2 4 1.657e+02 1.703e+02 43 2 4 2.849e+02 3.031e+02 170 2 3 7.872e+00 3.413e+01 244 2 2 1.166e+02 1.354e+02 175 2 1 1.863e+02 1.917e+02 50 2 3 2.571e+02 2.889e+02 296 2 2 3.506e+01 4.894e+01 129 2 4 7.065e+01 9.735e+01 248 2 3 1.344e+02 1.596e+02 234 2 4 3.197e+01 5.203e+01 186 2 4 1.075e+02 1.445e+02 344 2 3 1.769e+02 2.011e+02 224 3 3 8.815e+01 1.219e+02 313
25796 10 0 2 3.636e+01 4.764e+01 105 0 1 4.281e+02 4.539e+02 240 0 4 2.814e+02 3.066e+02 234 1 1 5.239e+02 5.261e+02 20 2 1 2.100e+01 2.100e+01 -12 2 3 2.100e+01 2.100e+01 -14 2 2 2.699e+01 5.701e+01 279 2 3 3.786e+00 3.821e+01 320 3 1 1.042e+02 1.058e+02 16 3 1 4.695e+01 7.905e+01 298
25798 0
25799 10 0 2 6.168e+02 6.432e+02 245 2 1 6.086e+01 6.514e+01 40 2 3 9.972e+01 1.103e+02 98 2 1 1.770e+01 2.430e+01 61 2 2 7.832e+01 8.968e+01 106 2 3 1.707e+01 2.493e+01 73 2 4 6.548e+01 1.025e+02 344 2 2 3.394e+01 5.006e+01 150 2 1 4.951e+01 7.649e+01 250 2 1 7.421e+00 3.458e+01 252
25801 46 0 1 3.136e+02 3.164e+02 26 0 2 3.284e+02 3.436e+02 140 0 1 2.998e+02 3.302e+02 281 0 1 6.368e+02 6.652e+02 263 0 4 3.238e+02 3.482e+02 226 0 2 6.538e+02 6.902e+02 338 2 4 2.517e+02 2.523e+02 6 2 4 3.360e+02 3.360e+02 -19 2 1 2.100e+01 2.100e+01 -11 2 1 4.829e+02 4.831e+02 1 2 4 1.260e+02 1.260e+02 -14 2 3 5.670e+02 5.670e+02 -4 2 3 2.704e+02 2.756e+02 48 2 3 3.515e+02 3.625e+02 101 2 3 5.665e+01 6.935e+01 118 2 2 8.400e+01 8.400e+01 -2 2 1 1.441e+02 1.499e+02 54 2 3 2.238e+02 2.382e+02 133 2 4 2.926e+02 2.954e+02 26 2 2 3.319e+02 3.401e+02 76 2 3 9.396e+00 3.260e+01 216 2 2 1.209e+02 1.311e+02 95 2 3 1.432e+02 1.508e+02 71 2 1 3.142e+02 3.158e+02 15 2 2 3.664e+02 3.896e+02 215 2 3 4.839e+01 7.761e+01 271 2 4 7.473e+01 9.327e+01 172 2 2 1.567e+02 1.793e+02 210 2 3 3.125e+02 3.175e+02 46 2 2 3.195e+02 3.525e+02 307 2 2 2.232e+01 6.168e+01 366 2 2 1.140e+02 1.380e+02 222 2 1 1.749e+02 2.031e+02 262 2 1 2.598e+02 2.862e+02 246 2 1 3.423e+02 3.717e+02 272 2 4 2.384e+01 6.016e+01 337 2 4 6.867e+01 9.933e+01 285 2 1 1.286e+02 1.654e+02 342 2 1 3.942e+01 8.658e+01 438 2 3 8.420e+01 1.258e+02 386 2 1 8.683e-01 4.113e+01 374 2 3 -4.920e+00 4.692e+01 481 3 2 4.179e+01 4.221e+01 4 3 2 2.041e+02 2.159e+02 109 3 2 1.965e+02 2.235e+02 250 3 1 5.896e+00 3.610e+01 280
25803 6 0 4 6.294e+02 6.306e+02 11 0 1 6.030e+02 6.150e+02 111 0 3 5.997e+02 6.183e+02 172 0 2 6.260e+02 6.340e+02 75 3 4 5.451e+02 5.469e+02 16 3 1 5.649e+02 5.691e+02 39
25805 6 2 3 1.427e+02 1.513e+02 80 2 2 1.194e+02 1.326e+02 123 3 3 6.479e+02 6.541e+02 58 3 1 6.074e+02 6.106e+02 30 3 1 6.421e+02 6.599e+02 165 3 2 6.117e+02 6.483e+02 340
25806 8 0 4 6.544e+02 6.896e+02 326 2 3 1.862e+02 1.918e+02 52 2 3 6.442e+02 6.578e+02 126 2 2 2.097e+02 2.103e+02 6 2 4 6.118e+02 6.482e+02 338 2 4 2.885e+02 2.995e+02 103 2 4 1.528e+02 1.832e+02 283 2 1 2.241e+02 2.379e+02 128
25808 14 0 4 3.681e+02 3.879e+02 184 0 4 6.634e+02 6.806e+02 160 0 2 4.935e+02 5.145e+02 196 0 2 6.602e+02 6.838e+02 220 0 4 4.927e+02 5.153e+02 210 0 1 6.310e+02 6.710e+02 370 0 1 4.681e+02 4.979e+02 276 0 1 4.603e+02 5.057e+02 421 0 3 4.575e+02 5.085e+02 474 2 4 1.154e+02 1.366e+02 196 2 3 1.339e+02 1.601e+02 244 2 4 6.656e+01 1.014e+02 324 2 4 1.466e+02 1.894e+02 397 2 4 5.893e+01 1.091e+02 466
25809 35 0 3 4.392e+02 4.428e+02 34 0 4 4.593e+02 4.647e+02 50 0 4 6.238e+02 6.362e+02 116 0 2 6.714e+02 6.726e+02 11 0 4 6.696e+02 6.744e+02 44 0 1 6.320e+02 6.700e+02 353 1 1 6.070e+02 6.110e+02 38 1 4 6.255e+02 6.345e+02 83 1 3 5.990e+02 6.190e+02 186 1 2 6.159e+02 6.441e+02 261 2 2 4.125e+01 4.275e+01 14 2 2 4.174e+02 4.226e+02 48 2 2 8.400e+01 8.400e+01 -4 2 3 3.924e+02 4.056e+02 123 2 4 1.656e+02 1.704e+02 46 2 4 2.090e+02 2.110e+02 19 2 1 4.322e+02 4.498e+02 163 2 4 2.933e+02 2.947e+02 12 2 4 3.710e+02 3.850e+02 130 2 4 4.193e+01 4.207e+01 1 2 3 1.847e+02 1.933e+02 80 2 1 2.295e+02 2.325e+02 27 2 1 3.132e+02 3.168e+02 33 2 1 3.521e+02 3.619e+02 91 2 1 6.042e+01 6.558e+01 48 2 2 6.759e+01 1.004e+02 305 2 3 1.383e+02 1.557e+02 162 2 4 2.453e+02 2.587e+02 125 2 1 2.710e+02 2.750e+02 36 2 2 3.228e+02 3.492e+02 246 2 3 6.113e+01 6.487e+01 35 2 4 7.356e+01 9.444e+01 194 2 2 1.648e+02 1.712e+02 60 2 2 2.036e+02 2.164e+02 118 2 2 2.850e+02 3.030e+02 167
25810 15 0 1 6.506e+02 6.514e+02 8 0 4 1.662e+02 1.698e+02 34 0 4 5.880e+02 5.880e+02 -20 0 4 1.567e+02 1.793e+02 210 0 4 6.678e+02 6.762e+02 77 0 4 2.019e+02 2.181e+02 150 0 3 6.427e+02 6.593e+02 155 0 4 1.489e+02 1.871e+02 356 0 3 5.513e+02 5.827e+02 291 0 1 5.904e+02 6.276e+02 346 0 2 6.555e+02 6.885e+02 306 0 1 5.501e+02 5.839e+02 315 0 3 5.904e+02 6.276e+02 346 2 3 1.868e+01 2.332e+01 43 2 3 8.679e+00 3.332e+01 229
25812 2 2 4 1.928e+02 2.272e+02 320 2 3 2.111e+02 2.509e+02 370
25813 22 0 1 6.470e+02 6.550e+02 75 0 3 6.440e+02 6.580e+02 130 0 4 6.625e+02 6.815e+02 177 0 2 6.567e+02 6.873e+02 284 2 2 2.493e+02 2.547e+02 50 2 2 2.930e+02 2.950e+02 19 2 2 3.336e+02 3.384e+02 46 2 4 4.179e+01 4.221e+01 4 2 2 1.247e+02 1.273e+02 25 2 4 2.087e+02 2.113e+02 25 2 4 2.925e+02 2.955e+02 27 2 1 6.300e+01 6.300e+01 -18 2 4 7.993e+01 8.807e+01 76 2 4 2.431e+02 2.609e+02 165 2 2 3.181e+02 3.539e+02 332 2 3 5.270e+01 7.330e+01 191 2 3 9.968e+01 1.103e+02 99 2 1 1.287e+02 1.653e+02 340 2 3 2.162e+02 2.458e+02 275 2 2 3.008e+01 5.392e+01 221 2 4 6.715e+01 1.009e+02 313 2 2 1.913e+02 2.287e+02 347
25814 12 0 2 5.364e+02 5.556e+02 179 0 1 5.078e+02 5.422e+02 319 0 3 5.061e+02 5.439e+02 351 1 1 5.650e+02 5.690e+02 38 1 2 6.300e+02 6.300e+02 -2 1 1 2.296e+02 2.324e+02 26 1 3 5.637e+02 5.703e+02 62 1 4 6.208e+02 6.392e+02 171 1 2 5.864e+02 5.896e+02 29 1 2 5.713e+02 6.047e+02 310 1 4 4.775e+02 5.305e+02 491 1 4 5.708e+02 6.052e+02 319
25816 0
