36730 17 0 3 4.805e+02 4.855e+02 46 0 2 2.855e+02 3.025e+02 158 0 2 5.458e+02 5.462e+02 4 0 4 2.874e+02 3.006e+02 122 0 1 2.569e+02 2.891e+02 300 0 3 6.057e+02 6.123e+02 62 0 3 2.511e+02 2.949e+02 406 0 3 5.500e+02 5.840e+02 316 1 3 6.090e+02 6.090e+02 -5 1 2 5.841e+02 5.919e+02 72 1 2 6.282e+02 6.318e+02 33 1 4 6.289e+02 6.311e+02 20 1 4 6.111e+02 6.489e+02 350 2 2 3.803e+01 4.597e+01 74 2 4 3.807e+01 4.593e+01 73 2 1 4.906e+01 7.694e+01 259 2 3 4.830e+01 7.770e+01 273
36731 6 0 3 5.553e+02 5.787e+02 218 2 3 3.567e+02 3.573e+02 6 2 3 1.397e+02 1.543e+02 135 2 4 3.252e+02 3.468e+02 200 2 3 3.401e+02 3.739e+02 313 2 4 4.445e+02 4.795e+02 326
36732 0
36737 0
36739 2 0 2 6.579e+02 6.861e+02 262 0 4 4.783e+02 5.297e+02 476
36740 14 0 2 6.233e+02 6.367e+02 124 0 2 6.648e+02 6.792e+02 133 0 4 5.025e+02 5.055e+02 27 0 1 5.180e+02 5.320e+02 130 0 4 6.699e+02 6.741e+02 40 0 2 5.320e+02 5.600e+02 260 2 3 5.364e+01 7.236e+01 174 2 4 8.151e+01 8.649e+01 46 2 3 1.048e+02 1.052e+02 3 2 2 1.230e+02 1.290e+02 56 2 4 1.200e+02 1.319e+02 110 2 2 7.226e+01 9.574e+01 218 2 4 6.759e+01 1.004e+02 305 2 3 8.595e+01 1.241e+02 354
36741 0
36742 1 1 2 4.058e+02 4.342e+02 264
36744 8 0 4 6.300e+02 6.300e+02 -18 0 1 3.952e+02 4.028e+02 71 0 3 3.984e+02 3.996e+02 11 0 2 3.608e+02 3.952e+02 320 0 4 4.180e+02 4.220e+02 36 0 4 4.047e+02 4.353e+02 284 2 1 1.595e+01 2.605e+01 94 2 3 1.003e+01 3.197e+01 204
36747 17 0 1 3.439e+02 3.701e+02 243 0 1 3.384e+02 3.756e+02 345 1 4 4.597e+02 4.643e+02 42 1 4 6.135e+02 6.465e+02 306 2 3 2.291e+02 2.329e+02 35 2 3 2.726e+02 2.734e+02 7 2 1 4.408e+02 4.412e+02 3 2 2 2.515e+02 2.525e+02 9 2 4 4.989e+02 5.091e+02 95 2 4 1.980e+02 2.220e+02 223 2 3 5.217e+02 5.283e+02 62 2 3 2.531e+00 3.947e+01 343 2 2 4.120e+02 4.280e+02 149 2 2 2.383e+02 2.657e+02 254 2 2 5.339e+02 5.581e+02 224 2 4 4.123e+02 4.277e+02 144 2 3 4.223e+02 4.597e+02 348
36751 5 0 2 6.707e+02 6.733e+02 24 0 4 3.251e+02 3.469e+02 202 2 1 5.660e+01 6.940e+01 119 2 2 7.446e+01 9.354e+01 177 2 4 2.941e+01 5.459e+01 234
36752 30 2 4 5.450e+02 5.470e+02 18 2 4 6.295e+02 6.305e+02 9 2 1 6.503e+02 6.517e+02 13 2 2 5.450e+02 5.470e+02 18 2 2 6.253e+02 6.347e+02 87 2 3 6.493e+02 6.527e+02 31 2 1 4.358e+02 4.462e+02 97 2 2 4.957e+02 5.123e+02 154 2 3 5.112e+02 5.388e+02 256 2 2 6.116e+02 6.484e+02 341 2 1 6.344e+02 6.676e+02 308 2 4 4.994e+02 5.086e+02 85 2 1 5.497e+02 5.843e+02 322 2 3 6.338e+02 6.682e+02 320 2 2 4.484e+02 4.756e+02 253 2 2 6.547e+02 6.893e+02 320 2 4 4.502e+02 4.738e+02 219 2 4 6.534e+02 6.906e+02 346 3 4 5.038e+02 5.042e+02 4 3 1 3.447e+02 3.693e+02 228 3 2 5.451e+02 5.469e+02 17 3 3 5.127e+02 5.373e+02 229 3 4 5.431e+02 5.489e+02 54 3 1 5.133e+02 5.367e+02 218 3 1 5.620e+02 5.720e+02 92 3 3 5.915e+02 6.265e+02 326 3 3 5.634e+02 5.706e+02 67 3 4 5.799e+02 5.961e+02 150 3 2 5.296e+02 5.624e+02 305 3 1 5.502e+02 5.838e+02 312
36756 2 2 3 1.039e+02 1.061e+02 21 2 4 6.894e+01 9.906e+01 280
36757 0
36758 2 0 4 3.245e+02 3.475e+02 214 0 1 1.320e+02 1.620e+02 278
36759 7 3 4 5.018e+02 5.062e+02 40 3 4 3.677e+02 3.883e+02 190 3 1 5.595e+02 5.745e+02 139 3 3 3.915e+02 4.065e+02 140 3 3 5.632e+02 5.708e+02 70 3 2 5.367e+02 5.553e+02 172 3 4 5.707e+02 6.053e+02 322
36760 8 3 3 3.925e+02 4.055e+02 120 3 1 4.796e+02 4.864e+02 63 3 4 4.588e+02 4.652e+02 60 3 4 4.478e+02 4.762e+02 263 3 3 4.694e+02 4.966e+02 252 3 2 4.094e+02 4.306e+02 196 3 1 4.278e+02 4.542e+02 246 3 2 4.464e+02 4.776e+02 289
36761 5 0 1 5.528e+02 5.812e+02 263 0 4 3.629e+02 3.931e+02 280 0 4 5.715e+02 6.045e+02 307 1 3 1.039e+02 1.061e+02 20 1 4 6.858e+01 9.942e+01 286
36762 10 1 1 6.087e+02 6.093e+02 6 1 3 6.090e+02 6.090e+02 -10 1 2 5.801e+02 5.959e+02 147 1 2 6.297e+02 6.303e+02 6 1 4 6.168e+02 6.432e+02 246 1 1 5.922e+02 6.258e+02 312 2 4 2.516e+02 2.524e+02 7 2 4 4.200e+01 4.200e+01 -24 2 4 2.855e+02 3.025e+02 157 2 4 1.952e+02 2.248e+02 275
36764 14 0 4 4.998e+02 5.082e+02 77 1 3 6.083e+02 6.097e+02 14 1 4 6.179e+02 6.421e+02 226 1 2 5.766e+02 5.994e+02 211 1 1 5.911e+02 6.269e+02 332 1 2 5.704e+02 6.056e+02 326 2 4 1.642e+02 1.718e+02 70 2 2 2.490e+02 2.550e+02 56 2 3 3.108e+02 3.192e+02 78 2 4 2.509e+02 2.531e+02 20 2 4 2.885e+02 2.995e+02 102 2 2 3.258e+02 3.462e+02 189 2 1 2.563e+02 2.897e+02 310 2 3 2.544e+02 2.916e+02 346
36766 19 0 2 6.300e+02 6.300e+02 -11 0 2 1.658e+02 1.702e+02 41 0 2 6.247e+02 6.353e+02 99 0 4 2.838e+02 3.042e+02 190 0 4 6.707e+02 6.733e+02 25 0 1 1.272e+02 1.668e+02 368 0 1 5.144e+02 5.356e+02 197 0 4 6.212e+02 6.388e+02 163 0 3 6.383e+02 6.637e+02 236 0 2 5.378e+02 5.542e+02 152 0 3 5.107e+02 5.393e+02 266 2 1 6.042e+02 6.138e+02 89 2 1 1.554e+01 2.646e+01 101 2 4 5.011e+02 5.069e+02 55 2 4 8.263e+01 8.537e+01 26 2 4 6.634e+02 6.806e+02 160 2 3 8.949e+00 3.305e+01 224 2 4 5.279e+02 5.641e+02 336 2 4 4.858e+02 5.222e+02 338
36767 12 0 1 5.648e+02 5.692e+02 41 0 4 1.608e+02 1.752e+02 133 0 3 5.635e+02 5.705e+02 66 0 1 1.785e+02 1.995e+02 195 0 4 5.763e+02 5.997e+02 217 1 2 6.232e+02 6.368e+02 127 1 1 1.061e+01 3.139e+01 193 1 4 4.022e+01 4.378e+01 33 1 4 3.089e+01 5.311e+01 206 2 4 7.756e+01 9.044e+01 120 2 3 9.542e+01 1.146e+02 178 2 2 7.118e+01 9.682e+01 238
36768 0
36769 0
36770 0
36771 2 0 1 3.412e+02 3.728e+02 293 2 4 1.824e+01 6.576e+01 441
36772 5 0 1 6.046e+01 6.554e+01 47 0 2 6.670e+02 6.770e+02 92 0 4 7.823e+01 8.977e+01 107 0 4 6.590e+02 6.850e+02 240 1 2 6.033e+02 6.567e+02 496
36773 5 0 4 3.215e+02 3.505e+02 270 2 3 4.377e+02 4.443e+02 60 2 2 4.572e+02 4.668e+02 89 2 1 4.662e+02 4.998e+02 312 2 4 4.074e+02 4.326e+02 235
36774 4 3 3 3.959e+02 4.021e+02 58 3 2 3.680e+02 3.880e+02 186 3 4 4.037e+02 4.363e+02 302 3 1 3.371e+02 3.769e+02 369
36775 6 0 1 6.072e+02 6.108e+02 34 0 3 6.030e+02 6.150e+02 111 0 4 6.177e+02 6.423e+02 228 0 2 6.131e+02 6.469e+02 313 2 3 1.838e+02 1.942e+02 97 2 4 1.960e+02 2.240e+02 260
36776 10 0 4 6.219e+02 6.381e+02 150 0 4 4.167e+02 4.233e+02 62 0 1 4.377e+02 4.443e+02 61 2 1 2.290e+02 2.330e+02 38 2 1 5.790e+01 6.810e+01 95 2 3 2.282e+02 2.338e+02 51 2 3 6.185e+01 6.415e+01 21 2 2 6.872e+01 9.928e+01 284 2 4 1.993e+02 2.207e+02 200 2 2 2.326e+02 2.714e+02 360
36777 5 0 2 5.329e+02 5.591e+02 243 0 2 6.537e+02 6.903e+02 340 0 4 6.559e+02 6.881e+02 299 0 1 6.278e+02 6.742e+02 430 0 3 6.260e+02 6.760e+02 465
36779 4 2 4 8.263e+01 8.537e+01 26 2 4 4.999e+02 5.081e+02 76 2 3 1.018e+02 1.082e+02 60 2 3 6.031e+00 3.597e+01 278
