7239 0
7240 4 0 4 4.104e+02 4.296e+02 179 0 2 4.449e+02 4.791e+02 317 0 3 4.218e+02 4.602e+02 356 3 2 4.787e+02 5.293e+02 470
7243 1 2 3 2.012e+01 2.188e+01 16
7244 0
7245 88 0 1 2.281e+02 2.339e+02 54 0 2 5.442e+02 5.478e+02 34 0 3 2.716e+02 2.744e+02 26 0 1 6.069e+02 6.111e+02 40 0 4 3.747e+02 3.813e+02 61 0 3 6.503e+02 6.517e+02 13 0 3 1.861e+02 1.919e+02 55 0 3 4.401e+02 4.419e+02 17 0 2 2.495e+02 2.545e+02 47 0 4 4.981e+02 5.099e+02 109 0 4 2.927e+02 2.953e+02 24 0 1 5.658e+02 5.682e+02 23 0 2 3.278e+02 3.442e+02 153 0 3 6.074e+02 6.106e+02 30 0 1 1.440e+02 1.500e+02 56 0 2 6.703e+02 6.737e+02 32 0 4 2.491e+02 2.549e+02 54 0 4 4.540e+02 4.700e+02 149 0 1 2.583e+02 2.877e+02 274 0 3 5.648e+02 5.692e+02 40 0 1 3.471e+02 3.669e+02 184 0 2 6.274e+02 6.326e+02 48 0 2 1.571e+02 1.789e+02 202 0 4 6.701e+02 6.739e+02 35 0 4 1.919e+02 2.281e+02 336 0 1 4.253e+02 4.567e+02 291 0 3 2.541e+02 2.919e+02 351 0 3 4.766e+02 4.894e+02 119 0 4 3.639e+02 3.921e+02 261 0 3 5.206e+02 5.294e+02 82 0 4 1.545e+02 1.815e+02 251 0 4 6.275e+02 6.325e+02 46 0 2 3.605e+02 3.955e+02 326 0 1 6.492e+02 6.528e+02 33 0 1 1.726e+02 2.054e+02 306 0 3 4.685e+02 4.975e+02 269 0 4 3.586e+02 3.974e+02 360 0 1 5.156e+02 5.344e+02 175 0 4 5.858e+02 5.902e+02 41 0 1 6.319e+02 6.701e+02 355 0 2 4.893e+02 5.187e+02 273 0 2 5.339e+02 5.581e+02 226 0 4 6.127e+02 6.473e+02 320 0 4 4.840e+02 5.240e+02 372 1 1 6.082e+02 6.098e+02 15 1 4 5.014e+02 5.066e+02 49 1 1 5.626e+02 5.714e+02 81 1 4 4.410e+02 4.830e+02 390 1 2 6.284e+02 6.316e+02 30 1 3 4.803e+02 4.857e+02 50 1 2 5.815e+02 5.945e+02 121 1 4 6.296e+02 6.304e+02 8 1 4 4.853e+02 5.227e+02 348 1 1 5.491e+02 5.849e+02 333 1 3 6.052e+02 6.128e+02 71 1 2 5.687e+02 6.073e+02 359 1 3 5.898e+02 6.282e+02 356 1 4 5.680e+02 6.080e+02 370 2 2 6.278e+02 6.322e+02 41 2 1 3.117e+02 3.183e+02 61 2 2 1.234e+02 1.286e+02 48 2 2 5.031e+02 5.049e+02 16 2 3 1.860e+02 1.920e+02 56 2 3 6.057e+02 6.123e+02 62 2 4 2.423e+02 2.617e+02 180 2 3 2.715e+02 2.745e+02 28 2 1 3.895e+02 4.085e+02 176 2 1 3.515e+02 3.625e+02 102 2 4 4.556e+02 4.684e+02 120 2 4 8.308e+01 8.492e+01 17 2 1 5.152e+02 5.348e+02 181 2 1 1.454e+02 1.486e+02 29 2 4 5.789e+02 5.971e+02 170 2 2 1.974e+02 2.226e+02 235 2 1 6.356e+02 6.664e+02 286 2 2 2.930e+02 2.950e+02 18 2 3 4.251e+01 8.349e+01 380 2 3 4.778e+02 4.882e+02 96 2 3 1.014e+02 1.086e+02 67 2 4 1.644e+02 1.716e+02 67 2 4 1.157e+02 1.363e+02 190 2 1 1.716e+02 2.064e+02 323 2 4 7.370e+01 9.430e+01 191 3 1 1.927e+01 2.273e+01 32 3 1 1.049e+02 1.051e+02 1 3 2 1.093e+02 1.427e+02 310 3 2 7.895e+01 8.905e+01 94 3 2 2.649e+01 5.751e+01 288
7246 1 2 1 5.220e+01 7.380e+01 200
7249 21 0 2 6.595e+02 6.845e+02 232 0 4 6.605e+02 6.835e+02 213 2 4 2.520e+02 2.520e+02 -16 2 4 3.354e+02 3.366e+02 11 2 3 5.250e+02 5.250e+02 -5 2 2 1.668e+02 1.692e+02 23 2 1 4.348e+02 4.472e+02 116 2 2 2.518e+02 2.522e+02 3 2 4 4.998e+02 5.082e+02 77 2 3 2.716e+02 2.744e+02 26 2 2 5.455e+02 5.465e+02 10 2 2 3.714e+02 3.846e+02 123 2 4 6.594e+02 6.846e+02 235 2 1 3.513e+02 3.627e+02 106 2 1 4.263e+02 4.557e+02 272 2 3 3.504e+02 3.636e+02 122 2 2 4.592e+02 4.648e+02 51 2 2 3.182e+02 3.538e+02 331 2 4 5.420e+02 5.500e+02 74 2 4 4.475e+02 4.765e+02 270 2 3 5.598e+02 5.742e+02 134
7250 0
7253 16 1 4 5.444e+02 5.476e+02 29 1 4 5.261e+02 5.659e+02 369 2 2 5.445e+02 5.475e+02 27 2 1 1.361e+01 2.839e+01 137 2 3 1.458e+02 1.482e+02 23 2 3 5.193e+02 5.307e+02 106 2 4 3.538e+01 4.862e+01 123 2 1 5.544e+02 5.796e+02 234 2 2 1.138e+02 1.382e+02 226 2 4 4.884e+02 5.196e+02 290 2 1 1.332e+02 1.608e+02 256 2 3 5.234e+01 7.366e+01 198 2 4 1.088e+02 1.432e+02 319 2 3 1.043e+01 3.157e+01 196 2 4 2.591e+01 5.809e+01 299 2 3 3.069e+00 3.893e+01 333
7255 10 1 2 6.144e+02 6.456e+02 290 2 4 5.457e+02 5.463e+02 6 2 3 3.498e+02 3.642e+02 133 2 3 5.578e+02 5.762e+02 170 2 1 1.204e+01 2.996e+01 166 2 2 3.756e+02 3.804e+02 44 2 3 1.621e+01 2.579e+01 89 2 4 1.159e+02 1.361e+02 187 2 4 3.200e+02 3.520e+02 297 2 2 2.546e+01 5.854e+01 307
7256 0
7258 6 0 3 6.502e+02 6.518e+02 16 0 3 9.709e+00 3.229e+01 210 0 4 6.111e+02 6.489e+02 351 0 1 6.421e+02 6.599e+02 165 0 3 6.341e+02 6.679e+02 315 1 4 6.228e+02 6.372e+02 134
7259 0
7260 11 0 4 6.709e+02 6.731e+02 21 0 3 4.369e+02 4.451e+02 76 0 4 4.550e+02 4.690e+02 130 0 1 6.372e+02 6.648e+02 256 1 3 2.654e+02 2.806e+02 140 1 4 2.819e+02 3.061e+02 226 1 2 2.393e+02 2.647e+02 236 1 1 2.591e+02 2.869e+02 258 1 2 2.310e+02 2.730e+02 390 2 1 1.528e+01 2.672e+01 106 2 3 7.286e+00 3.471e+01 255
7264 0
7265 23 0 2 6.667e+02 6.773e+02 99 0 4 5.778e+02 5.982e+02 190 0 4 6.687e+02 6.753e+02 62 0 3 5.972e+02 6.208e+02 220 0 2 6.600e+02 6.840e+02 222 0 1 5.893e+02 6.287e+02 366 0 4 6.583e+02 6.857e+02 255 0 1 6.370e+02 6.650e+02 260 0 3 6.358e+02 6.662e+02 283 1 3 6.087e+02 6.093e+02 5 1 4 6.232e+02 6.368e+02 126 2 4 1.627e+02 1.733e+02 98 2 3 3.134e+02 3.166e+02 30 2 4 5.028e+02 5.052e+02 23 2 2 3.274e+02 3.446e+02 160 2 3 5.176e+02 5.324e+02 138 2 3 1.355e+02 1.585e+02 214 2 4 2.796e+02 3.084e+02 267 2 4 6.554e+02 6.886e+02 309 2 1 3.369e+02 3.771e+02 373 2 2 4.840e+02 5.240e+02 372 3 3 5.913e+02 6.267e+02 328 3 2 1.480e+02 1.880e+02 372
7268 0
7269 12 3 2 3.780e+02 3.780e+02 -4 3 1 4.793e+02 4.867e+02 69 3 1 4.410e+02 4.410e+02 -23 3 2 3.296e+02 3.424e+02 119 3 2 4.887e+02 5.193e+02 285 3 3 3.565e+02 3.575e+02 10 3 4 4.869e+02 5.211e+02 317 3 3 4.348e+02 4.472e+02 115 3 4 3.714e+02 3.846e+02 122 3 2 4.500e+02 4.740e+02 223 3 1 3.431e+02 3.709e+02 259 3 4 4.527e+02 4.713e+02 172
7271 6 0 1 5.243e+02 5.257e+02 12 0 3 6.070e+02 6.110e+02 36 0 1 5.529e+02 5.811e+02 261 0 4 6.176e+02 6.424e+02 230 0 1 4.652e+02 5.008e+02 330 0 1 5.076e+02 5.424e+02 323
7273 6 0 2 5.447e+02 5.473e+02 24 0 1 5.169e+02 5.331e+02 150 0 2 5.321e+02 5.599e+02 259 0 3 5.473e+02 5.867e+02 366 2 4 4.112e+01 4.288e+01 16 3 1 4.646e+01 7.954e+01 307
7274 14 0 4 5.810e+02 5.950e+02 130 2 3 3.108e+02 3.192e+02 78 2 4 3.299e+02 3.421e+02 113 2 1 1.445e+02 1.495e+02 46 2 4 5.754e+02 6.006e+02 235 2 1 3.072e+02 3.228e+02 146 2 1 3.515e+02 3.625e+02 102 2 3 6.838e+00 3.516e+01 263 2 4 1.181e+02 1.339e+02 147 2 3 1.399e+02 1.541e+02 131 2 3 3.509e+02 3.631e+02 114 2 2 3.227e+02 3.493e+02 247 2 4 3.169e+02 3.551e+02 356 3 2 7.823e+01 8.977e+01 107
7275 3 0 2 6.720e+02 6.720e+02 -13 0 1 6.390e+02 6.630e+02 223 0 2 6.589e+02 6.851e+02 243
7276 12 0 2 6.709e+02 6.731e+02 20 0 3 5.221e+02 5.279e+02 55 0 4 6.699e+02 6.741e+02 40 0 1 6.329e+02 6.691e+02 336 1 2 6.287e+02 6.313e+02 25 1 4 6.221e+02 6.379e+02 147 1 1 5.897e+02 6.283e+02 358 2 3 1.859e+01 2.341e+01 45 2 2 3.443e+01 4.957e+01 140 2 4 3.623e+01 4.777e+01 107 2 1 5.826e+01 6.774e+01 88 2 3 5.400e+01 7.200e+01 167
7278 3 2 3 5.230e+02 5.270e+02 37 3 4 5.872e+02 5.888e+02 16 3 3 5.621e+02 5.719e+02 91
7280 86 0 3 4.823e+02 4.837e+02 14 0 4 1.669e+02 1.691e+02 20 0 1 5.647e+02 5.693e+02 43 0 4 2.940e+02 2.940e+02 -4 0 1 6.507e+02 6.513e+02 6 0 1 9.609e+01 1.139e+02 166 0 3 5.183e+02 5.317e+02 125 0 2 1.623e+02 1.737e+02 106 0 4 5.864e+02 5.896e+02 30 0 1 2.693e+02 2.767e+02 70 0 3 6.502e+02 6.518e+02 15 0 1 3.547e+02 3.593e+02 43 0 3 3.899e+02 4.081e+02 170 0 3 5.265e+01 7.335e+01 192 0 2 4.470e+02 4.770e+02 279 0 2 1.160e+02 1.360e+02 186 0 2 5.414e+02 5.506e+02 86 0 1 1.359e+02 1.581e+02 206 0 1 6.039e+02 6.141e+02 96 0 3 2.577e+02 2.883e+02 284 0 2 6.678e+02 6.762e+02 77 0 2 3.708e+02 3.852e+02 134 0 1 3.824e+02 4.156e+02 308 0 4 7.240e+01 9.560e+01 216 0 4 4.864e+02 5.216e+02 326 0 2 2.831e+02 3.049e+02 202 0 3 5.586e+02 5.754e+02 156 0 4 3.712e+02 3.848e+02 126 0 3 6.056e+02 6.124e+02 64 0 1 8.972e+01 1.203e+02 284 0 4 6.684e+02 6.756e+02 66 0 4 3.615e+02 3.945e+02 307 0 1 5.106e+02 5.394e+02 268 0 3 9.066e+01 1.193e+02 266 0 2 6.222e+02 6.378e+02 146 0 2 5.306e+02 5.614e+02 286 0 4 6.208e+02 6.392e+02 170 0 1 5.518e+02 5.822e+02 283 0 3 5.906e+02 6.274e+02 341 1 3 6.090e+02 6.090e+02 -8 1 1 5.248e+02 5.252e+02 3 1 3 4.349e+02 4.471e+02 113 1 2 5.880e+02 5.880e+02 -0 1 2 6.293e+02 6.307e+02 14 1 3 5.195e+02 5.305e+02 102 1 4 5.878e+02 5.882e+02 4 1 4 6.298e+02 6.302e+02 3 1 2 4.993e+02 5.087e+02 88 1 4 5.417e+02 5.503e+02 80 1 1 6.057e+02 6.123e+02 60 1 1 4.690e+02 4.970e+02 260 1 1 5.626e+02 5.714e+02 82 1 3 5.630e+02 5.710e+02 75 1 2 5.361e+02 5.559e+02 184 1 1 5.503e+02 5.837e+02 310 2 3 2.003e+01 2.197e+01 18 2 3 3.981e+02 3.999e+02 16 2 4 1.256e+02 1.264e+02 7 2 1 4.777e+02 4.883e+02 99 2 3 1.889e+02 1.891e+02 2 2 2 5.842e+02 5.918e+02 71 2 1 2.282e+02 2.338e+02 52 2 2 4.166e+02 4.234e+02 64 2 4 3.734e+02 3.826e+02 85 2 1 6.080e+02 6.100e+02 19 2 2 3.942e+01 4.458e+01 48 2 4 4.848e+02 5.232e+02 356 2 2 1.224e+02 1.296e+02 66 2 3 5.496e+02 5.844e+02 324 2 3 1.352e+02 1.588e+02 220 2 4 5.785e+02 5.975e+02 177 2 3 2.241e+02 2.379e+02 128 2 4 2.818e+02 3.062e+02 227 2 4 3.031e+01 5.369e+01 217 2 3 9.434e+01 1.157e+02 198 2 4 1.549e+02 1.811e+02 243 2 2 1.984e+02 2.216e+02 216 2 3 3.011e+02 3.289e+02 259 2 1 4.543e+01 8.057e+01 326 2 4 1.143e+02 1.377e+02 218 2 1 1.730e+02 2.050e+02 296 2 4 1.958e+02 2.242e+02 263 2 3 2.541e+02 2.919e+02 350 2 3 4.395e+01 8.205e+01 354 2 1 1.305e+02 1.635e+02 306 2 1 3.924e+00 3.808e+01 317
7281 55 0 3 6.045e+02 6.135e+02 84 0 3 1.258e+01 2.942e+01 156 0 3 6.506e+02 6.514e+02 7 0 2 6.170e+02 6.430e+02 241 0 2 6.718e+02 6.722e+02 3 0 4 6.215e+02 6.385e+02 157 0 4 6.587e+02 6.853e+02 247 0 2 6.542e+02 6.898e+02 330 1 3 5.641e+02 5.699e+02 55 1 1 6.090e+02 6.090e+02 -14 1 4 5.833e+02 5.927e+02 88 1 2 6.258e+02 6.342e+02 79 1 1 5.547e+02 5.793e+02 228 1 4 6.254e+02 6.346e+02 86 1 4 5.764e+02 5.996e+02 216 1 3 6.020e+02 6.160e+02 130 1 3 5.529e+02 5.811e+02 262 1 4 6.175e+02 6.425e+02 231 1 2 5.718e+02 6.042e+02 301 1 3 5.916e+02 6.264e+02 324 1 2 6.165e+02 6.435e+02 251 2 3 2.100e+01 2.100e+01 -21 2 3 1.050e+02 1.050e+02 -10 2 4 2.100e+02 2.100e+02 -10 2 3 4.362e+02 4.458e+02 90 2 4 2.934e+02 2.946e+02 11 2 2 4.612e+02 4.628e+02 15 2 2 4.126e+01 4.274e+01 14 2 1 3.986e+02 3.994e+02 8 2 2 1.218e+02 1.302e+02 79 2 2 4.984e+02 5.096e+02 104 2 4 1.587e+02 1.773e+02 172 2 3 3.936e+02 4.044e+02 100 2 3 2.310e+02 2.310e+02 0 2 1 4.695e+02 4.965e+02 250 2 3 3.023e+02 3.277e+02 236 2 4 4.095e+02 4.305e+02 195 2 4 3.662e+02 3.898e+02 220 2 2 4.054e+02 4.346e+02 271 2 1 6.131e+01 6.469e+01 31 2 2 8.214e+01 8.586e+01 35 2 4 1.510e+02 1.850e+02 316 2 1 2.264e+02 2.356e+02 86 2 2 2.810e+02 3.070e+02 242 2 2 3.645e+02 3.915e+02 250 2 4 3.443e+01 4.957e+01 140 2 4 8.047e+01 8.753e+01 66 2 2 2.418e+02 2.622e+02 190 2 3 5.472e+01 7.128e+01 154 2 4 6.764e+01 1.004e+02 304 2 4 2.348e+02 2.692e+02 319 2 2 2.533e+01 5.867e+01 310 2 4 1.078e+02 1.442e+02 338 2 3 4.507e+01 8.093e+01 333 3 4 3.865e+01 4.535e+01 62
