8778 22 0 2 6.275e+02 6.325e+02 47 0 3 6.503e+02 6.517e+02 14 0 4 4.975e+02 5.105e+02 120 0 1 5.978e+02 6.202e+02 208 0 2 6.676e+02 6.764e+02 82 0 1 4.739e+02 4.921e+02 169 0 3 5.068e+02 5.432e+02 339 0 4 6.686e+02 6.754e+02 64 0 3 4.744e+02 4.916e+02 159 0 2 6.521e+02 6.919e+02 369 0 2 4.936e+02 5.144e+02 194 0 4 6.548e+02 6.892e+02 319 1 2 5.832e+02 5.928e+02 90 1 1 6.024e+02 6.156e+02 122 1 4 5.797e+02 5.963e+02 155 1 3 6.034e+02 6.146e+02 105 1 2 5.776e+02 5.984e+02 193 1 2 6.191e+02 6.409e+02 202 1 4 5.689e+02 6.071e+02 355 1 4 6.175e+02 6.425e+02 233 2 4 3.664e+02 3.896e+02 215 2 3 3.394e+02 3.746e+02 327
8779 3 0 2 6.061e+02 6.539e+02 445 0 4 6.035e+02 6.565e+02 491 0 3 6.244e+02 6.776e+02 495
8780 21 2 1 6.485e+02 6.535e+02 46 2 4 5.388e+02 5.532e+02 134 2 4 6.210e+02 6.390e+02 166 2 3 6.455e+02 6.565e+02 103 2 1 5.609e+02 5.731e+02 114 2 2 5.752e+02 6.008e+02 237 2 3 5.591e+02 5.749e+02 147 2 2 6.127e+02 6.473e+02 320 2 2 5.310e+02 5.610e+02 278 3 2 3.307e+02 3.413e+02 99 3 3 3.558e+02 3.582e+02 23 3 1 4.407e+02 4.413e+02 6 3 4 2.903e+02 2.977e+02 68 3 2 3.762e+02 3.798e+02 33 3 4 4.122e+02 4.278e+02 145 3 3 2.607e+02 2.853e+02 229 3 4 3.751e+02 3.809e+02 54 3 3 4.336e+02 4.484e+02 138 3 1 3.795e+02 4.185e+02 362 3 2 4.058e+02 4.342e+02 263 3 3 3.802e+02 4.178e+02 350
8783 2 2 4 5.858e+02 5.902e+02 41 2 3 5.936e+02 6.244e+02 286
8787 4 0 4 5.876e+02 5.884e+02 8 1 4 6.299e+02 6.301e+02 2 2 4 2.520e+02 2.520e+02 -24 2 4 2.350e+02 2.690e+02 316
8788 39 0 1 5.646e+02 5.694e+02 44 0 1 6.468e+02 6.552e+02 78 0 4 4.558e+02 4.682e+02 116 0 3 5.614e+02 5.726e+02 105 0 4 5.858e+02 5.902e+02 40 0 4 6.665e+02 6.775e+02 102 0 2 5.326e+02 5.594e+02 248 0 4 5.729e+02 6.031e+02 280 0 3 6.407e+02 6.613e+02 190 0 3 5.515e+02 5.825e+02 288 1 3 6.083e+02 6.097e+02 12 1 2 6.146e+02 6.454e+02 286 2 4 3.306e+02 3.414e+02 100 2 4 5.026e+02 5.054e+02 26 2 1 1.936e+01 2.264e+01 30 2 4 5.431e+02 5.489e+02 54 2 4 1.598e+02 1.762e+02 153 2 4 6.657e+02 6.783e+02 117 2 2 2.095e+02 2.105e+02 10 2 3 5.140e+02 5.360e+02 205 2 2 2.938e+02 2.942e+02 3 2 1 3.542e+02 3.598e+02 51 2 2 4.845e+02 5.235e+02 362 2 3 1.945e+01 2.255e+01 29 2 2 1.543e+02 1.817e+02 255 2 4 2.869e+02 3.011e+02 132 2 3 3.411e+02 3.729e+02 296 2 2 4.072e+01 4.328e+01 24 2 3 1.283e+02 1.657e+02 348 2 1 3.124e+02 3.176e+02 48 2 2 3.218e+02 3.502e+02 263 2 4 4.009e+01 4.391e+01 36 2 3 2.553e+02 2.907e+02 328 2 1 6.091e+01 6.509e+01 39 2 3 5.355e+01 7.245e+01 176 2 3 8.858e+00 3.314e+01 226 2 1 5.131e+01 7.469e+01 217 2 3 4.426e+01 8.174e+01 348 2 1 4.345e+01 8.255e+01 363
8789 12 0 2 6.300e+02 6.300e+02 -9 0 2 6.712e+02 6.728e+02 16 0 4 6.286e+02 6.314e+02 26 0 4 6.720e+02 6.720e+02 -13 0 4 5.847e+02 5.913e+02 60 0 1 6.368e+02 6.652e+02 264 0 1 5.927e+02 6.253e+02 303 0 3 6.342e+02 6.678e+02 312 0 4 5.683e+02 6.077e+02 366 0 4 6.581e+02 6.859e+02 258 1 2 6.203e+02 6.397e+02 180 2 3 3.645e+01 8.955e+01 493
8790 18 0 4 2.837e+02 3.043e+02 191 1 2 6.180e+02 6.420e+02 222 1 4 6.160e+02 6.440e+02 260 2 3 2.310e+02 2.310e+02 -0 2 3 3.983e+02 3.997e+02 12 2 2 2.520e+02 2.520e+02 -4 2 3 5.237e+02 5.263e+02 25 2 4 3.717e+02 3.843e+02 116 2 1 6.054e+02 6.126e+02 66 2 4 2.069e+02 2.131e+02 57 2 2 4.182e+02 4.218e+02 34 2 1 2.272e+02 2.348e+02 71 2 4 4.133e+02 4.267e+02 125 2 4 1.978e+02 2.222e+02 227 2 1 4.359e+02 4.461e+02 94 2 4 3.992e+02 4.408e+02 386 2 1 2.154e+02 2.466e+02 290 2 3 2.174e+02 2.446e+02 252
8791 3 2 4 8.400e+01 8.400e+01 -22 2 3 9.326e+01 1.167e+02 218 2 2 6.903e+01 9.897e+01 278
8792 8 0 3 4.331e+02 4.489e+02 147 0 1 4.281e+02 4.539e+02 240 1 1 6.070e+02 6.110e+02 36 1 3 6.037e+02 6.143e+02 99 1 2 6.153e+02 6.447e+02 274 2 2 3.727e+02 3.833e+02 99 2 4 3.694e+02 3.866e+02 160 2 3 3.790e+02 4.190e+02 371
8793 2 1 2 6.235e+02 6.365e+02 120 2 4 4.869e+02 5.211e+02 318
8794 8 0 2 6.298e+02 6.302e+02 3 0 3 5.237e+02 5.263e+02 25 0 3 5.799e+01 6.801e+01 93 0 1 5.998e+02 6.182e+02 171 0 2 4.922e+02 5.158e+02 220 0 1 5.119e+02 5.381e+02 244 0 4 6.197e+02 6.403e+02 192 1 4 5.003e+02 5.077e+02 68
8795 11 0 1 5.648e+02 5.692e+02 40 0 3 5.215e+02 5.285e+02 66 0 4 5.843e+02 5.917e+02 68 0 2 6.660e+02 6.780e+02 111 0 1 5.119e+02 5.381e+02 243 0 4 6.639e+02 6.801e+02 150 0 2 4.871e+02 5.209e+02 315 2 3 9.739e+01 1.126e+02 141 2 2 1.242e+02 1.278e+02 33 2 1 1.328e+02 1.612e+02 265 2 4 1.069e+02 1.451e+02 356
8796 4 2 4 1.254e+02 1.266e+02 11 2 2 1.185e+02 1.335e+02 140 2 1 1.367e+02 1.573e+02 190 2 3 1.308e+02 1.632e+02 300
8797 17 0 3 6.439e+02 6.581e+02 131 0 4 6.551e+02 6.889e+02 314 2 1 3.138e+02 3.162e+02 23 2 2 3.360e+02 3.360e+02 -3 2 4 5.437e+02 5.483e+02 43 2 2 4.000e+01 4.400e+01 37 2 4 5.880e+02 5.880e+02 -6 2 3 1.889e+02 1.891e+02 2 2 4 5.343e+02 5.577e+02 218 2 4 3.310e+02 3.410e+02 92 2 1 1.155e+01 3.045e+01 176 2 4 1.182e+02 1.338e+02 145 2 3 1.414e+02 1.526e+02 105 2 1 2.993e+02 3.307e+02 291 2 1 4.924e+01 7.676e+01 256 2 3 1.314e+02 1.626e+02 290 2 3 5.762e+00 3.624e+01 283
8798 1 1 4 3.633e+02 3.927e+02 273
8799 17 0 4 3.764e+02 3.796e+02 30 0 4 3.798e+01 4.602e+01 75 0 3 5.586e+02 5.754e+02 156 0 1 3.451e+02 3.689e+02 220 0 2 5.377e+02 5.543e+02 155 0 3 1.541e+01 2.659e+01 104 0 2 3.604e+02 3.956e+02 327 0 1 5.073e+02 5.427e+02 329 1 4 4.533e+02 4.707e+02 162 1 3 5.095e+02 5.405e+02 287 1 4 5.277e+02 5.643e+02 340 1 3 5.475e+02 5.865e+02 361 2 4 4.548e+02 4.692e+02 134 2 3 1.083e+01 3.117e+01 189 2 3 1.308e+02 1.632e+02 300 2 4 2.389e+01 6.011e+01 336 2 3 4.246e+02 4.574e+02 304
8802 8 1 1 2.594e+02 2.866e+02 253 1 3 2.558e+02 2.902e+02 319 1 4 2.288e+02 2.752e+02 431 2 4 4.103e+01 4.297e+01 18 2 1 6.226e+01 6.374e+01 14 2 3 1.333e+02 1.607e+02 254 2 3 5.032e+01 7.568e+01 236 2 2 2.717e+01 5.683e+01 276
8803 2 2 4 6.700e+02 6.740e+02 36 3 3 1.990e+01 2.210e+01 20
8804 7 0 3 5.247e+02 5.253e+02 6 2 3 2.007e+01 2.193e+01 17 2 4 4.592e+02 4.648e+02 51 2 1 5.221e+02 5.279e+02 54 2 3 4.719e+02 4.941e+02 206 2 1 4.703e+02 4.957e+02 236 2 2 4.438e+02 4.802e+02 339
8805 1 1 4 5.864e+02 5.896e+02 30
8806 0
8807 1 2 4 1.183e+02 1.337e+02 144
8808 11 0 2 6.544e+02 6.896e+02 326 0 4 6.600e+02 6.840e+02 222 1 4 2.939e+02 2.941e+02 2 1 4 3.338e+02 3.382e+02 40 1 3 2.555e+02 2.905e+02 326 2 4 1.244e+02 1.276e+02 30 2 2 1.655e+02 1.705e+02 46 2 4 1.669e+02 1.691e+02 21 2 1 1.857e+02 1.923e+02 60 2 3 1.368e+02 1.572e+02 190 2 3 1.745e+02 2.035e+02 269
8809 11 0 3 4.368e+02 4.452e+02 77 0 1 3.483e+02 3.657e+02 162 0 1 3.890e+02 4.090e+02 186 0 2 3.200e+02 3.520e+02 296 0 4 4.453e+02 4.787e+02 310 1 4 6.300e+02 6.300e+02 -7 2 2 5.880e+02 5.880e+02 -5 2 1 5.090e+01 7.510e+01 225 2 2 7.164e+01 9.636e+01 230 2 3 5.584e+02 5.756e+02 160 2 4 5.297e+02 5.623e+02 303
8810 11 1 3 5.659e+02 5.681e+02 20 1 4 5.859e+02 5.901e+02 40 1 4 5.780e+02 5.980e+02 186 1 2 5.728e+02 6.032e+02 283 1 3 5.912e+02 6.268e+02 330 2 2 1.628e+02 1.732e+02 96 2 2 1.157e+02 1.363e+02 192 2 4 1.642e+02 1.718e+02 70 2 1 1.396e+02 1.544e+02 137 2 1 1.723e+02 2.057e+02 310 2 3 1.764e+02 2.016e+02 234
8813 53 0 1 4.827e+02 4.833e+02 5 0 3 2.302e+02 2.318e+02 15 0 2 6.285e+02 6.315e+02 27 0 1 1.849e+02 1.931e+02 76 0 1 6.475e+02 6.545e+02 65 0 4 2.512e+02 2.528e+02 15 0 3 3.951e+02 4.029e+02 72 0 3 1.841e+02 1.939e+02 91 0 2 5.029e+02 5.051e+02 20 0 4 2.032e+02 2.168e+02 126 0 1 5.234e+02 5.266e+02 29 0 2 1.485e+02 1.875e+02 362 0 4 6.262e+02 6.338e+02 70 0 4 2.364e+02 2.676e+02 290 0 3 6.497e+02 6.523e+02 24 0 4 5.001e+02 5.079e+02 73 0 3 5.990e+02 6.190e+02 186 0 2 6.692e+02 6.748e+02 51 0 4 4.600e+02 4.640e+02 38 0 3 5.063e+02 5.437e+02 347 0 4 6.107e+02 6.493e+02 359 0 4 6.697e+02 6.743e+02 43 0 1 5.912e+02 6.268e+02 331 0 4 6.564e+02 6.876e+02 289 0 3 5.891e+02 6.289e+02 369 0 1 6.314e+02 6.706e+02 364 1 2 6.297e+02 6.303e+02 5 1 1 5.224e+02 5.276e+02 49 1 1 5.614e+02 5.726e+02 104 1 4 6.300e+02 6.300e+02 -4 1 2 5.027e+02 5.053e+02 24 1 1 6.066e+02 6.114e+02 45 1 3 5.062e+02 5.438e+02 349 1 2 5.740e+02 6.020e+02 260 1 3 6.052e+02 6.128e+02 70 1 2 5.294e+02 5.626e+02 308 1 3 5.932e+02 6.248e+02 294 1 4 5.284e+02 5.636e+02 327 2 4 5.036e+02 5.044e+02 8 2 4 1.246e+02 1.274e+02 26 2 1 1.464e+02 1.476e+02 11 2 3 5.142e+02 5.358e+02 201 2 3 1.204e+01 2.996e+01 166 2 3 1.010e+02 1.090e+02 74 2 3 5.057e+02 5.443e+02 358 2 1 1.389e+02 1.551e+02 150 2 2 3.502e+01 4.898e+01 130 2 2 1.250e+02 1.270e+02 18 2 1 3.877e+00 3.812e+01 318 2 4 1.135e+02 1.385e+02 233 2 4 2.519e+01 5.881e+01 312 2 4 6.885e+01 9.915e+01 281 3 4 5.031e+02 5.049e+02 16
