1113 15 0 2 6.706e+02 6.734e+02 26 0 1 5.561e+02 5.779e+02 202 0 4 6.705e+02 6.735e+02 28 0 2 4.498e+02 4.742e+02 226 0 3 5.518e+02 5.822e+02 282 0 2 6.105e+02 6.495e+02 362 0 1 6.385e+02 6.635e+02 232 0 4 4.396e+02 4.844e+02 416 0 4 6.066e+02 6.534e+02 434 0 2 6.603e+02 6.837e+02 217 0 3 4.602e+02 5.058e+02 424 0 4 5.654e+02 6.106e+02 420 0 3 6.323e+02 6.697e+02 348 0 2 6.477e+02 6.963e+02 451 2 4 5.763e+02 5.997e+02 217
1114 5 0 2 2.416e+02 2.624e+02 193 0 1 6.342e+02 6.678e+02 312 0 1 2.089e+02 2.531e+02 410 0 2 6.068e+02 6.532e+02 431 0 3 2.563e+02 2.897e+02 310
1116 11 0 4 6.197e+02 6.403e+02 191 0 1 6.430e+02 6.590e+02 149 0 2 6.181e+02 6.419e+02 221 0 3 6.395e+02 6.625e+02 214 0 4 6.589e+02 6.851e+02 243 1 4 6.290e+02 6.310e+02 19 2 1 1.110e+01 3.090e+01 184 2 2 1.185e+02 1.335e+02 140 2 3 5.314e+00 3.669e+01 291 2 4 1.181e+02 1.339e+02 146 2 3 9.178e+01 1.182e+02 246
1117 4 1 4 6.258e+02 6.342e+02 78 2 1 4.757e+02 4.903e+02 136 2 1 4.684e+02 4.976e+02 271 2 4 4.001e+02 4.399e+02 369
1118 2 2 1 -4.378e+00 4.638e+01 471 2 3 -2.988e+00 4.499e+01 446
1119 29 0 4 3.780e+02 3.780e+02 -12 0 2 6.297e+02 6.303e+02 6 0 1 3.567e+02 3.573e+02 6 0 1 5.169e+02 5.331e+02 150 0 2 3.658e+02 3.902e+02 226 0 4 6.271e+02 6.329e+02 55 0 3 6.468e+02 6.552e+02 77 0 2 5.404e+02 5.516e+02 104 0 2 6.604e+02 6.836e+02 215 0 3 5.109e+02 5.391e+02 262 0 4 6.649e+02 6.791e+02 132 0 1 6.325e+02 6.695e+02 343 1 2 6.180e+02 6.420e+02 222 2 3 1.050e+02 1.050e+02 -23 2 1 5.670e+02 5.670e+02 -4 2 3 5.916e+01 6.684e+01 71 2 4 5.040e+02 5.040e+02 -7 2 2 8.400e+01 8.400e+01 -8 2 3 5.199e+02 5.301e+02 96 2 4 3.201e+01 5.199e+01 186 2 1 5.173e+02 5.327e+02 144 2 4 8.016e+01 8.784e+01 71 2 2 4.899e+02 5.181e+02 261 2 1 5.364e+01 7.236e+01 174 2 4 1.197e+02 1.323e+02 116 2 2 2.434e+01 5.966e+01 328 2 4 7.128e+01 9.672e+01 236 2 3 4.597e+01 8.003e+01 316 2 3 3.564e+00 3.844e+01 324
1120 14 0 4 6.720e+02 6.720e+02 -1 0 3 6.446e+02 6.574e+02 119 0 4 4.920e+02 5.160e+02 223 0 2 6.697e+02 6.743e+02 43 0 4 6.619e+02 6.821e+02 187 2 2 3.852e+01 4.548e+01 65 2 4 4.616e+02 4.624e+02 7 2 4 3.942e+01 4.458e+01 48 2 1 4.766e+02 4.894e+02 120 2 1 4.915e+01 7.685e+01 257 2 3 4.746e+02 4.914e+02 156 2 3 4.561e+01 8.039e+01 323 2 2 4.931e+02 5.149e+02 203 2 2 4.429e+02 4.811e+02 356
1121 25 0 2 6.280e+02 6.320e+02 37 0 3 6.510e+02 6.510e+02 -23 0 1 4.410e+02 4.410e+02 -23 0 4 4.617e+02 4.623e+02 6 0 1 5.191e+02 5.309e+02 109 0 4 6.236e+02 6.364e+02 119 0 2 6.720e+02 6.720e+02 -7 0 2 4.549e+02 4.691e+02 132 0 3 5.222e+02 5.278e+02 52 0 2 6.172e+02 6.428e+02 238 0 4 6.720e+02 6.720e+02 -24 0 3 4.278e+02 4.542e+02 245 0 4 4.902e+02 5.178e+02 256 0 2 5.447e+02 5.473e+02 24 0 1 6.491e+02 6.529e+02 36 0 1 5.123e+02 5.377e+02 236 0 3 5.089e+02 5.411e+02 299 1 1 6.083e+02 6.097e+02 13 1 3 6.000e+02 6.180e+02 166 2 3 1.452e+02 1.488e+02 33 2 4 1.164e+02 1.356e+02 179 2 2 1.647e+02 1.713e+02 60 2 4 7.235e+01 9.565e+01 216 2 1 1.860e+02 1.920e+02 56 2 3 1.366e+02 1.574e+02 194
1122 7 0 1 4.410e+02 4.410e+02 -20 0 4 4.620e+02 4.620e+02 0 0 4 6.269e+02 6.331e+02 58 0 1 6.428e+02 6.592e+02 153 0 3 4.359e+02 4.461e+02 96 0 2 4.556e+02 4.684e+02 119 0 3 6.455e+02 6.565e+02 103
1123 44 0 4 6.276e+02 6.324e+02 44 0 2 5.039e+02 5.041e+02 1 0 4 5.842e+02 5.918e+02 70 0 2 2.414e+02 2.626e+02 196 0 2 6.700e+02 6.740e+02 38 0 4 5.033e+02 5.047e+02 14 0 1 6.075e+02 6.105e+02 27 0 4 6.709e+02 6.731e+02 20 0 1 4.800e+02 4.860e+02 56 0 3 5.106e+02 5.394e+02 267 0 3 6.072e+02 6.108e+02 33 0 4 6.612e+02 6.828e+02 200 0 1 4.684e+02 4.976e+02 270 0 2 6.247e+02 6.353e+02 98 0 1 6.325e+02 6.695e+02 343 0 3 4.744e+02 4.916e+02 159 0 1 5.984e+02 6.196e+02 196 0 3 6.335e+02 6.685e+02 325 0 2 4.849e+02 5.231e+02 354 0 3 5.952e+02 6.228e+02 256 0 2 6.538e+02 6.902e+02 338 0 2 6.143e+02 6.457e+02 292 0 4 6.134e+02 6.466e+02 309 0 1 5.905e+02 6.275e+02 344 1 4 6.300e+02 6.300e+02 -5 1 4 5.460e+02 5.460e+02 -7 1 1 6.078e+02 6.102e+02 22 1 3 5.250e+02 5.250e+02 -24 1 2 5.830e+02 5.930e+02 92 1 3 6.079e+02 6.101e+02 21 1 3 5.140e+02 5.360e+02 205 1 4 5.815e+02 5.945e+02 120 1 2 6.298e+02 6.302e+02 4 1 2 5.356e+02 5.564e+02 194 1 4 6.141e+02 6.459e+02 296 1 4 5.731e+02 6.029e+02 276 1 3 5.934e+02 6.246e+02 289 2 2 8.339e+01 8.461e+01 11 2 3 6.032e+01 6.568e+01 50 2 2 7.464e+01 9.336e+01 174 2 3 4.691e+01 7.909e+01 299 2 4 7.792e+01 9.008e+01 113 2 4 2.357e+01 6.043e+01 342 3 4 6.831e+01 9.969e+01 291
1125 5 0 2 6.222e+02 6.378e+02 146 0 4 6.252e+02 6.348e+02 90 0 1 5.881e+02 6.299e+02 388 0 3 5.854e+02 6.326e+02 439 2 4 2.416e+02 2.624e+02 194
1126 81 0 2 3.355e+02 3.365e+02 10 0 1 6.502e+02 6.518e+02 16 0 2 2.899e+02 2.981e+02 76 0 1 5.659e+02 5.681e+02 20 0 1 3.564e+02 3.576e+02 11 0 1 6.056e+02 6.124e+02 63 0 1 3.141e+02 3.159e+02 17 0 3 6.485e+02 6.535e+02 46 0 2 3.721e+02 3.839e+02 109 0 4 4.186e+02 4.214e+02 26 0 1 2.640e+02 2.820e+02 166 0 2 4.999e+02 5.081e+02 76 0 4 3.257e+02 3.463e+02 191 0 3 6.028e+02 6.152e+02 115 0 3 2.634e+02 2.826e+02 178 0 2 6.709e+02 6.731e+02 20 0 4 3.605e+02 3.955e+02 326 0 3 4.377e+02 4.443e+02 60 0 4 4.432e+02 4.808e+02 349 0 3 5.537e+02 5.803e+02 246 0 2 6.290e+02 6.310e+02 18 0 4 6.614e+02 6.826e+02 197 0 1 3.936e+02 4.044e+02 100 0 3 5.100e+02 5.400e+02 278 0 4 6.258e+02 6.342e+02 78 0 2 6.535e+02 6.905e+02 344 0 3 3.945e+02 4.035e+02 84 0 4 5.822e+02 5.938e+02 108 0 4 6.531e+02 6.909e+02 350 0 1 4.265e+02 4.555e+02 270 0 1 5.917e+02 6.263e+02 322 0 3 4.221e+02 4.599e+02 351 1 1 4.810e+02 4.850e+02 37 1 4 5.433e+02 5.487e+02 50 1 1 3.021e+02 3.279e+02 239 1 1 6.070e+02 6.110e+02 36 1 2 5.020e+02 5.060e+02 37 1 3 5.667e+02 5.673e+02 6 1 3 6.088e+02 6.092e+02 3 1 1 5.244e+02 5.256e+02 11 1 4 5.853e+02 5.907e+02 50 1 2 6.292e+02 6.308e+02 15 1 3 5.222e+02 5.278e+02 52 1 2 5.405e+02 5.515e+02 101 1 4 6.295e+02 6.305e+02 9 1 2 4.910e+02 5.170e+02 241 1 3 5.487e+02 5.853e+02 340 1 4 4.941e+02 5.139e+02 184 1 3 4.650e+02 5.010e+02 335 1 3 5.055e+02 5.445e+02 362 2 2 1.662e+02 1.698e+02 34 2 4 4.613e+02 4.627e+02 14 2 4 2.485e+02 2.555e+02 65 2 4 6.706e+02 6.734e+02 26 2 3 3.132e+02 3.168e+02 33 2 1 3.986e+02 3.994e+02 8 2 3 3.550e+02 3.590e+02 36 2 4 4.031e+01 4.369e+01 31 2 2 8.290e+01 8.510e+01 20 2 3 1.873e+02 1.907e+02 31 2 1 2.727e+02 2.733e+02 6 2 2 3.780e+02 3.780e+02 -0 2 3 5.656e+01 6.944e+01 120 2 3 1.435e+02 1.505e+02 66 2 2 1.960e+02 2.240e+02 260 2 3 2.706e+02 2.754e+02 44 2 4 3.339e+02 3.381e+02 39 2 3 1.707e+01 2.493e+01 73 2 4 1.095e+02 1.425e+02 307 2 4 1.625e+02 1.735e+02 101 2 2 2.841e+02 3.039e+02 184 2 1 3.413e+02 3.727e+02 291 2 2 2.739e+01 5.661e+01 271 2 4 6.504e+01 1.030e+02 352 2 1 1.780e+02 2.000e+02 205 2 4 2.807e+02 3.073e+02 246 2 4 3.164e+02 3.556e+02 364 2 1 4.685e+00 3.732e+01 303 2 2 1.555e+02 1.805e+02 233 2 3 2.847e+00 3.915e+01 337 2 4 1.526e+02 1.834e+02 286
1127 0
1128 4 0 2 4.951e+02 5.129e+02 166 0 1 5.121e+02 5.379e+02 239 0 4 4.882e+02 5.198e+02 293 2 2 3.771e+01 4.629e+01 80
1129 16 0 4 2.033e+02 2.167e+02 124 0 4 6.210e+02 6.390e+02 167 0 4 3.685e+02 3.875e+02 176 0 2 6.713e+02 6.727e+02 13 0 1 1.343e+02 1.597e+02 236 0 3 3.897e+02 4.083e+02 173 0 2 1.117e+02 1.403e+02 266 0 4 4.958e+02 5.122e+02 152 0 4 6.679e+02 6.761e+02 76 0 2 4.506e+02 4.734e+02 211 0 1 6.434e+02 6.586e+02 141 0 3 6.377e+02 6.643e+02 247 1 2 6.191e+02 6.409e+02 202 2 4 2.940e+02 2.940e+02 -11 2 4 7.446e+01 9.354e+01 177 2 3 3.070e+02 3.230e+02 149
1130 12 0 4 6.231e+02 6.369e+02 129 0 2 3.706e+02 3.854e+02 137 0 1 3.938e+02 4.042e+02 96 0 4 4.972e+02 5.108e+02 126 0 2 6.653e+02 6.787e+02 124 0 4 4.084e+02 4.316e+02 216 0 4 6.643e+02 6.797e+02 144 0 4 6.052e+02 6.548e+02 460 0 4 4.785e+02 5.295e+02 473 1 3 5.543e+02 5.797e+02 236 2 3 -2.719e+00 4.472e+01 440 2 1 -3.123e+00 4.512e+01 448
1131 0
1132 0
1133 0
1134 17 0 1 6.488e+02 6.532e+02 41 0 4 5.851e+02 5.909e+02 53 0 2 6.679e+02 6.761e+02 76 0 1 6.067e+02 6.113e+02 42 0 4 6.704e+02 6.736e+02 29 0 2 6.288e+02 6.312e+02 21 0 3 6.467e+02 6.553e+02 80 0 4 6.284e+02 6.316e+02 30 0 4 6.586e+02 6.854e+02 249 0 3 6.019e+02 6.161e+02 131 0 1 6.368e+02 6.652e+02 263 0 4 6.181e+02 6.419e+02 221 0 1 5.925e+02 6.255e+02 306 0 3 5.909e+02 6.271e+02 336 0 2 6.138e+02 6.462e+02 300 2 4 1.618e+02 1.742e+02 115 3 1 1.761e+01 2.439e+01 63
1135 0
1137 20 0 2 1.259e+02 1.261e+02 1 0 1 3.971e+02 4.009e+02 36 0 1 6.051e+02 6.129e+02 73 0 4 6.267e+02 6.333e+02 61 0 2 6.656e+02 6.784e+02 118 0 4 2.532e+01 5.868e+01 310 0 3 3.799e+02 4.181e+02 355 0 1 5.106e+02 5.394e+02 267 0 3 5.989e+02 6.191e+02 188 0 4 6.581e+02 6.859e+02 259 0 3 4.216e+02 4.604e+02 360 0 2 6.147e+02 6.453e+02 284 1 3 4.830e+02 4.830e+02 -5 1 2 2.921e+02 2.959e+02 35 1 4 6.157e+02 6.443e+02 266 1 3 3.116e+02 3.184e+02 64 1 3 3.519e+02 3.621e+02 96 1 3 3.020e+02 3.280e+02 241 1 3 3.398e+02 3.742e+02 320 2 1 1.856e+02 1.924e+02 64
1139 1 3 1 1.914e+01 2.286e+01 35
1140 27 0 4 2.927e+02 2.953e+02 24 0 2 6.267e+02 6.333e+02 60 0 1 6.504e+02 6.516e+02 10 0 4 6.249e+02 6.351e+02 95 0 2 6.680e+02 6.760e+02 75 0 4 6.678e+02 6.762e+02 78 0 3 6.352e+02 6.668e+02 294 1 2 6.158e+02 6.442e+02 265 2 4 3.349e+02 3.371e+02 21 2 3 3.060e+02 3.240e+02 166 2 1 3.554e+02 3.586e+02 29 2 4 3.942e+01 4.458e+01 48 2 3 2.168e+02 2.452e+02 264 2 1 3.050e+02 3.250e+02 186 2 2 3.248e+02 3.472e+02 209 2 1 6.010e+01 6.590e+01 54 2 2 2.328e+02 2.712e+02 356 2 3 2.538e+02 2.922e+02 356 2 4 3.271e+02 3.449e+02 165 2 3 5.436e+01 7.164e+01 160 2 4 2.332e+02 2.708e+02 349 2 2 2.783e+02 3.097e+02 291 2 3 3.414e+02 3.726e+02 290 2 1 1.061e+01 3.139e+01 193 2 3 1.568e+01 2.632e+01 99 2 4 2.694e+01 5.706e+01 280 2 2 2.528e+01 5.872e+01 310
1142 14 0 1 3.548e+02 3.592e+02 40 0 2 6.173e+02 6.427e+02 236 0 4 6.134e+02 6.466e+02 309 0 4 6.498e+02 6.942e+02 413 1 3 6.257e+01 6.343e+01 8 2 1 1.586e+01 2.614e+01 96 2 4 5.033e+02 5.047e+02 13 2 3 5.176e+02 5.324e+02 137 2 2 1.157e+02 1.363e+02 190 2 3 4.299e+02 4.521e+02 206 2 4 2.343e+02 2.697e+02 328 2 2 4.590e+02 4.650e+02 56 2 1 4.737e+02 4.923e+02 172 2 4 4.481e+02 4.759e+02 259
1144 13 0 3 6.083e+02 6.097e+02 12 0 1 6.444e+02 6.576e+02 122 0 4 6.271e+02 6.329e+02 53 0 2 6.643e+02 6.797e+02 143 0 3 5.116e+02 5.384e+02 248 0 1 5.969e+02 6.211e+02 226 0 4 6.632e+02 6.808e+02 163 1 3 5.668e+02 5.672e+02 4 1 4 5.864e+02 5.896e+02 30 1 1 5.152e+02 5.348e+02 182 1 2 5.390e+02 5.530e+02 130 1 2 6.193e+02 6.407e+02 199 1 4 6.180e+02 6.420e+02 223
1145 6 0 2 1.671e+02 1.689e+02 16 0 4 1.612e+02 1.748e+02 126 0 1 1.318e+02 1.622e+02 281 0 3 1.712e+02 2.068e+02 331 1 2 2.053e+02 2.147e+02 88 1 1 1.739e+02 2.041e+02 280
1146 31 0 2 3.874e+01 4.526e+01 60 0 2 6.590e+02 6.850e+02 240 0 4 3.407e+01 4.993e+01 147 0 3 4.870e+01 7.730e+01 266 0 1 9.083e+00 3.292e+01 221 1 4 6.300e+02 6.300e+02 -3 1 3 5.974e+02 6.206e+02 216 2 3 2.294e+02 2.326e+02 30 2 4 6.247e+02 6.353e+02 98 2 2 3.754e+02 3.806e+02 49 2 1 6.510e+02 6.510e+02 0 2 4 3.892e+01 4.508e+01 57 2 4 5.020e+02 5.060e+02 36 2 1 1.469e+02 1.471e+02 2 2 3 5.206e+02 5.294e+02 82 2 2 3.329e+02 3.391e+02 57 2 2 6.198e+02 6.402e+02 189 2 3 6.028e+01 6.572e+01 50 2 4 4.469e+02 4.771e+02 281 2 2 6.867e+01 9.933e+01 285 2 3 6.352e+02 6.668e+02 293 2 4 1.595e+02 1.765e+02 157 2 4 4.892e+02 5.188e+02 275 2 3 3.504e+02 3.636e+02 123 2 3 1.312e+01 2.888e+01 146 2 4 3.197e+02 3.523e+02 302 2 2 3.219e+01 5.181e+01 182 2 1 3.390e+02 3.750e+02 335 2 1 1.083e+01 3.117e+01 189 2 4 3.595e+02 3.965e+02 343 2 1 4.924e+01 7.676e+01 256
1149 7 0 2 6.240e+02 6.360e+02 111 0 1 6.422e+02 6.598e+02 163 0 4 6.258e+02 6.342e+02 78 0 4 4.921e+02 5.159e+02 220 0 1 6.032e+02 6.148e+02 108 0 3 6.368e+02 6.652e+02 263 0 3 6.015e+02 6.165e+02 139
1151 0
1153 0
1154 26 0 1 6.079e+02 6.101e+02 20 0 1 6.503e+02 6.517e+02 13 0 3 6.029e+02 6.151e+02 113 0 3 6.496e+02 6.524e+02 26 0 4 6.177e+02 6.423e+02 229 0 2 6.155e+02 6.445e+02 270 0 2 6.514e+02 6.926e+02 382 0 4 6.520e+02 6.920e+02 370 2 4 3.318e+02 3.402e+02 78 2 4 5.033e+02 5.047e+02 13 2 2 1.666e+02 1.694e+02 26 2 4 5.440e+02 5.480e+02 38 2 1 3.537e+02 3.603e+02 60 2 4 5.842e+02 5.918e+02 70 2 3 9.658e+01 1.134e+02 156 2 4 4.521e+02 4.719e+02 184 2 4 1.602e+02 1.758e+02 145 2 4 5.334e+02 5.586e+02 235 2 3 3.523e+02 3.617e+02 86 2 4 5.262e+02 5.658e+02 368 2 3 1.767e+00 4.023e+01 357 2 2 6.688e+01 1.011e+02 318 2 1 1.736e+02 2.044e+02 286 2 2 3.254e+02 3.466e+02 196 2 1 2.861e-01 4.171e+01 385 2 3 1.306e+02 1.634e+02 306
