11128 17 2 2 3.353e+02 3.367e+02 13 2 2 1.667e+02 1.693e+02 24 2 1 5.243e+02 5.257e+02 14 2 4 2.511e+02 2.529e+02 17 2 4 1.635e+02 1.725e+02 83 2 3 2.698e+02 2.762e+02 60 2 1 3.458e+02 3.682e+02 208 2 3 1.382e+02 1.558e+02 164 2 2 1.962e+02 2.238e+02 257 2 2 2.850e+02 3.030e+02 168 2 2 3.239e+02 3.481e+02 224 2 4 1.555e+02 1.805e+02 232 2 3 3.050e+02 3.250e+02 186 2 4 3.193e+02 3.527e+02 310 2 3 1.769e+02 2.011e+02 226 2 1 2.594e+02 2.866e+02 252 2 4 2.793e+02 3.087e+02 274
11130 10 0 2 6.701e+02 6.739e+02 36 0 4 3.722e+02 3.838e+02 107 0 4 6.674e+02 6.766e+02 85 0 1 6.404e+02 6.616e+02 197 1 2 6.265e+02 6.335e+02 66 2 1 1.648e+01 2.552e+01 84 2 3 1.662e+01 2.538e+01 81 2 3 9.800e+00 3.220e+01 208 2 2 3.053e+01 5.347e+01 213 2 4 2.671e+01 5.729e+01 284
11131 11 0 3 4.365e+02 4.455e+02 83 0 2 6.662e+02 6.778e+02 108 0 4 4.128e+02 4.272e+02 134 0 2 4.453e+02 4.787e+02 310 0 4 6.621e+02 6.819e+02 183 0 1 4.303e+02 4.517e+02 198 1 4 1.680e+02 1.680e+02 -3 1 2 2.507e+02 2.533e+02 24 1 1 2.585e+02 2.875e+02 269 1 3 1.720e+02 2.060e+02 316 1 3 2.545e+02 2.915e+02 344
11132 12 0 3 5.232e+02 5.268e+02 34 0 3 6.494e+02 6.526e+02 30 0 4 5.773e+02 5.987e+02 199 0 2 6.717e+02 6.723e+02 6 0 3 5.975e+02 6.205e+02 213 0 4 6.695e+02 6.745e+02 46 0 1 5.935e+02 6.245e+02 287 0 3 6.418e+02 6.602e+02 171 0 3 6.328e+02 6.692e+02 339 0 1 6.317e+02 6.703e+02 359 1 4 6.223e+02 6.377e+02 144 1 2 6.161e+02 6.439e+02 259
11133 12 0 2 8.400e+01 8.400e+01 -10 0 3 1.011e+02 1.089e+02 73 0 2 6.231e+02 6.369e+02 129 0 1 6.374e+02 6.646e+02 252 0 4 7.136e+01 9.664e+01 235 0 4 6.215e+02 6.385e+02 157 0 3 6.374e+02 6.646e+02 253 0 2 6.053e+02 6.547e+02 459 0 2 6.475e+02 6.965e+02 455 0 4 6.458e+02 6.982e+02 486 1 3 4.668e+01 7.932e+01 303 2 1 -5.772e+00 4.777e+01 497
11134 38 0 4 6.198e+02 6.402e+02 189 0 3 6.335e+02 6.685e+02 325 0 1 6.290e+02 6.730e+02 409 2 2 4.112e+01 4.288e+01 16 2 4 1.648e+02 1.712e+02 60 2 4 4.196e+02 4.204e+02 8 2 2 2.489e+02 2.551e+02 57 2 4 6.656e+02 6.784e+02 118 2 3 3.137e+02 3.163e+02 25 2 1 4.381e+02 4.439e+02 53 2 4 3.729e+02 3.831e+02 96 2 3 4.374e+02 4.446e+02 67 2 1 6.028e+01 6.572e+01 50 2 2 8.249e+01 8.551e+01 28 2 1 3.970e+02 4.010e+02 37 2 1 1.885e+02 1.895e+02 10 2 2 4.075e+02 4.325e+02 233 2 4 2.491e+02 2.549e+02 54 2 4 2.826e+02 3.054e+02 211 2 3 6.172e+01 6.428e+01 24 2 3 1.001e+02 1.099e+02 90 2 2 1.576e+02 1.784e+02 193 2 4 2.395e+02 2.645e+02 233 2 1 3.081e+02 3.219e+02 128 2 2 3.192e+02 3.528e+02 312 2 3 1.918e+01 2.282e+01 34 2 2 1.183e+02 1.337e+02 144 2 3 1.704e+02 2.076e+02 346 2 3 2.168e+02 2.452e+02 264 2 1 2.615e+02 2.845e+02 214 2 4 3.170e+01 5.230e+01 191 2 2 7.222e+01 9.578e+01 219 2 1 1.301e+02 1.639e+02 314 2 1 9.847e+00 3.215e+01 207 2 4 6.665e+01 1.013e+02 322 2 3 6.795e+00 3.521e+01 264 2 1 4.942e+01 7.658e+01 252 3 1 3.538e+02 3.602e+02 59
11135 4 0 4 4.600e+02 4.640e+02 38 0 2 4.539e+02 4.701e+02 150 0 3 4.648e+02 5.012e+02 338 1 2 6.140e+02 6.460e+02 297
11137 14 0 1 1.865e+02 1.915e+02 47 0 4 2.079e+02 2.121e+02 39 0 3 6.454e+02 6.566e+02 105 0 4 3.676e+02 3.884e+02 193 0 1 6.402e+02 6.618e+02 201 0 3 1.789e+02 1.991e+02 188 0 2 1.945e+02 2.255e+02 288 2 2 4.058e+01 4.342e+01 26 2 2 8.092e+01 8.708e+01 57 2 3 5.247e+01 7.353e+01 196 2 4 7.078e+01 9.722e+01 246 2 3 8.141e+00 3.386e+01 239 2 1 5.301e+01 7.299e+01 186 2 1 4.866e+00 3.713e+01 300
11138 5 0 2 6.589e+02 6.851e+02 243 1 4 5.335e+02 5.585e+02 231 2 4 6.691e+02 6.749e+02 53 2 1 1.434e+02 1.506e+02 66 2 3 1.271e+02 1.669e+02 369
11139 3 0 2 6.190e+02 6.410e+02 204 0 3 6.319e+02 6.701e+02 355 2 3 6.083e+02 6.097e+02 12
11141 3 0 3 5.665e+02 5.675e+02 9 0 1 5.556e+02 5.784e+02 211 0 2 5.325e+02 5.595e+02 251
11142 43 0 1 6.485e+02 6.535e+02 47 0 1 4.814e+02 4.846e+02 30 0 1 3.510e+02 3.630e+02 112 0 1 5.642e+02 5.698e+02 51 0 4 5.864e+02 5.896e+02 29 0 4 3.734e+02 3.826e+02 86 0 3 6.499e+02 6.521e+02 20 0 2 3.666e+02 3.894e+02 211 0 3 4.783e+02 4.877e+02 87 0 3 5.587e+02 5.753e+02 155 0 2 6.281e+02 6.319e+02 36 0 2 6.713e+02 6.727e+02 12 0 4 4.507e+02 4.733e+02 210 0 3 5.505e+02 5.835e+02 306 0 1 6.018e+02 6.162e+02 134 0 4 6.707e+02 6.733e+02 24 0 4 4.920e+02 5.160e+02 223 0 4 6.171e+02 6.429e+02 240 0 3 6.367e+02 6.653e+02 266 0 2 4.842e+02 5.238e+02 367 0 2 6.527e+02 6.913e+02 359 1 2 6.243e+02 6.357e+02 106 1 1 5.532e+02 5.808e+02 257 1 3 3.044e+02 3.256e+02 196 1 4 6.148e+02 6.452e+02 282 2 3 1.033e+02 1.067e+02 32 2 4 6.240e+02 6.360e+02 110 2 2 1.669e+02 1.691e+02 20 2 2 2.925e+02 2.955e+02 28 2 3 1.083e+01 3.117e+01 189 2 2 7.837e+01 8.963e+01 105 2 1 1.855e+02 1.925e+02 65 2 4 2.066e+02 2.134e+02 64 2 4 2.822e+02 3.058e+02 219 2 1 5.543e+01 7.057e+01 140 2 4 8.016e+01 8.784e+01 71 2 3 1.410e+02 1.530e+02 112 2 3 2.189e+02 2.431e+02 224 2 1 6.212e+00 3.579e+01 275 2 4 1.062e+02 1.458e+02 367 2 2 1.996e+02 2.204e+02 194 2 3 4.547e+01 8.053e+01 326 2 1 2.155e+02 2.465e+02 288
11143 1 0 1 3.799e+02 4.181e+02 354
11145 0
11146 0
11147 10 0 4 4.617e+02 4.623e+02 6 0 2 6.716e+02 6.724e+02 8 1 2 6.293e+02 6.307e+02 14 2 2 4.615e+02 4.625e+02 9 2 3 4.341e+02 4.479e+02 129 2 1 1.505e+01 2.695e+01 110 2 1 4.810e+02 4.850e+02 38 2 4 3.412e+01 4.988e+01 146 2 4 4.411e+02 4.829e+02 388 2 3 4.325e+00 3.768e+01 310
11148 4 2 2 5.377e+02 5.543e+02 155 2 4 5.369e+02 5.551e+02 170 2 3 5.557e+02 5.783e+02 210 2 1 5.510e+02 5.830e+02 297
11149 42 0 4 5.033e+02 5.047e+02 13 0 2 4.969e+02 5.111e+02 131 0 3 5.125e+02 5.375e+02 231 0 1 5.107e+02 5.393e+02 266 2 4 2.511e+02 2.529e+02 16 2 1 2.725e+02 2.735e+02 10 2 3 5.238e+02 5.262e+02 22 2 2 3.348e+02 3.372e+02 23 2 2 6.673e+02 6.767e+02 88 2 1 2.012e+01 2.188e+01 16 2 4 5.018e+02 5.062e+02 41 2 4 7.984e+01 8.816e+01 77 2 4 6.624e+02 6.816e+02 178 2 2 2.089e+02 2.111e+02 20 2 4 4.097e+02 4.303e+02 192 2 4 2.932e+02 2.948e+02 15 2 2 5.315e+02 5.605e+02 269 2 4 3.338e+02 3.382e+02 41 2 4 5.715e+02 6.045e+02 306 2 3 9.407e+01 1.159e+02 203 2 1 6.358e+02 6.662e+02 282 2 4 2.095e+02 2.105e+02 9 2 1 3.816e+02 4.164e+02 324 2 3 3.125e+02 3.175e+02 46 2 4 6.523e+02 6.917e+02 366 2 3 3.551e+02 3.589e+02 35 2 3 5.267e+00 3.673e+01 292 2 2 7.087e+01 9.713e+01 244 2 3 1.717e+02 2.063e+02 321 2 1 2.268e+02 2.352e+02 77 2 3 2.643e+02 2.817e+02 161 2 2 3.768e+02 3.792e+02 23 2 4 1.492e+02 1.868e+02 349 2 2 2.444e+02 2.596e+02 141 2 2 2.751e+02 3.129e+02 351 2 4 3.684e+02 3.876e+02 179 2 1 2.186e+02 2.434e+02 230 2 4 2.786e+02 3.094e+02 286 2 3 3.441e+02 3.699e+02 239 2 3 2.235e+02 2.385e+02 139 2 2 3.675e+02 3.885e+02 195 2 1 3.389e+02 3.751e+02 336
11150 36 0 4 3.664e+02 3.896e+02 216 0 3 3.810e+02 4.170e+02 335 1 1 5.648e+02 5.692e+02 40 1 4 5.325e+02 5.595e+02 250 2 4 1.662e+02 1.698e+02 33 2 4 6.273e+02 6.327e+02 50 2 2 2.940e+02 2.940e+02 -1 2 1 6.091e+01 6.509e+01 39 2 4 5.006e+02 5.074e+02 63 2 2 1.230e+02 1.290e+02 56 2 3 5.216e+02 5.284e+02 64 2 3 2.706e+02 2.754e+02 44 2 4 5.878e+02 5.882e+02 4 2 3 6.001e+01 6.599e+01 56 2 1 6.406e+02 6.614e+02 193 2 2 1.172e+02 1.348e+02 164 2 2 5.382e+02 5.538e+02 146 2 3 1.791e+02 1.989e+02 184 2 4 6.539e+02 6.901e+02 336 2 4 2.364e+02 2.676e+02 290 2 4 4.886e+02 5.194e+02 286 2 1 3.061e+02 3.239e+02 166 2 4 5.419e+02 5.501e+02 76 2 2 3.735e+01 4.665e+01 86 2 2 7.724e+01 9.076e+01 126 2 1 5.502e+02 5.838e+02 312 2 2 1.484e+02 1.876e+02 365 2 4 2.810e+02 3.070e+02 241 2 4 3.044e+01 5.356e+01 215 2 2 6.692e+01 1.011e+02 317 2 1 2.578e+02 2.882e+02 283 2 1 4.728e+00 3.727e+01 302 2 4 6.517e+01 1.028e+02 350 2 2 2.272e+01 6.128e+01 358 3 1 2.097e+01 2.103e+01 0 3 1 5.449e+00 3.655e+01 289
11151 2 1 4 4.197e+02 4.203e+02 5 1 4 6.164e+02 6.436e+02 253
11152 2 2 2 3.932e+01 4.468e+01 50 2 2 2.789e+02 3.091e+02 280
11153 0
11154 7 0 2 5.460e+02 5.460e+02 -2 0 1 5.504e+02 5.836e+02 308 0 3 5.497e+02 5.843e+02 322 1 2 4.996e+02 5.084e+02 81 1 4 4.995e+02 5.085e+02 84 1 3 5.135e+02 5.365e+02 213 1 1 5.125e+02 5.375e+02 233
11156 0
11157 14 0 2 6.300e+02 6.300e+02 -24 0 4 6.279e+02 6.321e+02 40 0 2 6.184e+02 6.416e+02 216 0 3 6.372e+02 6.648e+02 257 2 3 1.010e+02 1.090e+02 75 2 2 1.649e+02 1.711e+02 58 2 4 4.107e+01 4.293e+01 17 2 4 1.241e+02 1.279e+02 36 2 4 1.659e+02 1.701e+02 40 2 2 3.253e+02 3.467e+02 198 2 1 1.757e+02 2.023e+02 247 2 4 3.178e+02 3.542e+02 339 2 1 4.632e+01 7.968e+01 310 2 3 1.269e+02 1.671e+02 374
11158 2 2 4 4.200e+01 4.200e+01 -23 2 4 4.865e+02 5.215e+02 326
11159 1 2 4 3.621e+02 3.939e+02 295
11160 6 0 3 5.153e+02 5.347e+02 180 0 2 4.845e+02 5.235e+02 362 0 4 1.438e+02 1.922e+02 450 0 1 5.037e+02 5.463e+02 396 2 3 5.436e+01 7.164e+01 160 2 4 1.752e+01 6.648e+01 455
