9790 0
9793 28 0 4 3.757e+02 3.803e+02 43 0 3 6.444e+02 6.576e+02 123 0 3 2.572e+02 2.888e+02 293 0 2 4.963e+02 5.117e+02 143 0 2 3.646e+02 3.914e+02 248 0 1 5.119e+02 5.381e+02 244 0 2 2.803e+02 3.077e+02 255 0 2 6.131e+02 6.469e+02 315 0 1 2.903e+02 3.397e+02 458 0 2 6.679e+02 6.761e+02 76 0 4 4.897e+02 5.183e+02 266 0 1 5.843e+02 6.337e+02 459 0 2 6.627e+02 6.813e+02 172 0 3 5.890e+02 6.290e+02 370 0 1 6.337e+02 6.683e+02 322 0 4 5.616e+02 6.144e+02 490 0 4 6.520e+02 6.920e+02 372 1 4 6.143e+02 6.457e+02 291 1 4 5.222e+02 5.698e+02 442 1 3 5.485e+02 5.855e+02 344 2 4 7.904e+01 8.896e+01 92 2 1 6.087e+02 6.093e+02 6 2 4 5.362e+02 5.558e+02 181 2 3 5.064e+01 7.536e+01 230 2 1 5.963e+02 6.217e+02 236 2 1 6.330e+02 6.690e+02 335 2 4 1.922e+01 6.478e+01 423 2 4 6.109e+01 1.069e+02 426
9794 64 0 1 6.082e+02 6.098e+02 16 0 2 6.705e+02 6.735e+02 28 0 4 2.080e+02 2.120e+02 37 0 1 4.410e+02 4.410e+02 -0 0 3 2.691e+02 2.769e+02 73 0 2 5.039e+02 5.041e+02 1 0 4 3.222e+02 3.498e+02 256 0 3 5.651e+02 5.689e+02 35 0 4 3.443e+01 4.957e+01 140 0 3 6.072e+02 6.108e+02 34 0 2 2.470e+02 2.570e+02 93 0 1 6.491e+02 6.529e+02 35 0 2 2.918e+02 2.962e+02 40 0 3 4.403e+02 4.417e+02 12 0 4 2.600e+01 5.800e+01 297 0 4 4.991e+02 5.089e+02 90 0 3 1.721e+02 2.059e+02 313 0 2 5.442e+02 5.478e+02 34 0 4 2.324e+02 2.716e+02 365 0 2 6.292e+02 6.308e+02 15 0 4 2.876e+02 3.004e+02 118 0 3 6.486e+02 6.534e+02 44 0 1 2.129e+02 2.491e+02 336 0 4 4.163e+02 4.237e+02 68 0 3 2.587e+02 2.873e+02 266 0 2 4.611e+02 4.629e+02 17 0 1 5.624e+02 5.716e+02 86 0 1 2.970e+02 3.330e+02 334 0 4 6.298e+02 6.302e+02 3 0 4 6.687e+02 6.753e+02 62 0 1 2.568e+02 2.892e+02 300 0 1 4.302e+02 4.518e+02 200 0 4 4.584e+02 4.656e+02 67 0 3 5.573e+02 5.767e+02 180 0 4 5.822e+02 5.938e+02 107 0 3 4.306e+02 4.514e+02 194 1 3 5.641e+02 5.699e+02 55 1 3 3.938e+02 4.042e+02 96 1 2 6.296e+02 6.304e+02 8 1 4 4.551e+02 4.689e+02 129 1 3 5.195e+02 5.305e+02 103 1 2 5.867e+02 5.893e+02 24 1 3 3.394e+02 3.746e+02 326 1 4 6.293e+02 6.307e+02 12 1 4 5.829e+02 5.931e+02 96 1 1 6.087e+02 6.093e+02 6 1 1 5.519e+02 5.821e+02 280 1 3 6.086e+02 6.094e+02 7 1 2 5.299e+02 5.621e+02 300 2 3 6.261e+01 6.339e+01 7 2 4 2.083e+02 2.117e+02 31 2 4 5.419e+02 5.501e+02 76 2 3 3.556e+02 3.584e+02 26 2 4 5.329e+02 5.591e+02 243 2 3 2.034e+01 2.166e+01 12 2 2 7.545e+01 9.255e+01 159 2 4 3.749e+02 3.811e+02 57 2 2 4.000e+01 4.400e+01 37 2 2 6.890e+01 9.910e+01 280 2 4 3.180e+02 3.540e+02 335 2 4 3.470e+01 4.930e+01 136 2 4 6.683e+01 1.012e+02 319 2 1 4.709e+01 7.891e+01 296 2 1 4.641e+00 3.736e+01 304
9797 5 0 2 6.274e+02 6.326e+02 48 0 4 6.223e+02 6.377e+02 142 0 1 6.365e+02 6.655e+02 269 0 3 5.973e+02 6.207e+02 218 0 2 6.196e+02 6.404e+02 193
9798 0
9799 15 0 2 6.685e+02 6.755e+02 66 0 4 6.681e+02 6.759e+02 73 0 2 6.569e+02 6.871e+02 281 0 4 6.575e+02 6.865e+02 269 0 3 6.322e+02 6.698e+02 350 2 3 6.239e+01 6.361e+01 11 2 3 2.255e+02 2.365e+02 103 2 1 1.783e+01 2.417e+01 59 2 2 6.795e+01 1.000e+02 298 2 2 1.940e+02 2.260e+02 297 2 3 1.604e+01 2.596e+01 92 2 4 1.981e+02 2.219e+02 221 2 1 5.503e+01 7.097e+01 148 2 3 3.924e+00 3.808e+01 317 2 4 2.542e+01 5.858e+01 308
9800 30 0 3 5.999e+02 6.181e+02 170 0 2 3.278e+02 3.442e+02 151 0 2 4.933e+02 5.147e+02 199 0 2 1.571e+02 1.789e+02 202 0 3 5.135e+02 5.365e+02 213 0 4 1.496e+02 1.864e+02 342 0 4 5.752e+02 6.008e+02 238 0 4 4.957e+02 5.123e+02 154 0 3 5.046e+02 5.454e+02 378 0 3 5.848e+02 6.332e+02 449 0 1 4.708e+02 4.952e+02 227 0 1 5.029e+02 5.471e+02 410 0 4 6.055e+02 6.545e+02 455 0 2 4.856e+02 5.224e+02 341 2 1 2.698e+02 2.762e+02 59 2 1 2.302e+02 2.318e+02 15 2 3 6.081e+02 6.099e+02 16 2 1 1.433e+01 2.767e+01 124 2 1 6.476e+02 6.544e+02 63 2 2 2.388e+02 2.652e+02 246 2 2 6.287e+02 6.313e+02 24 2 3 2.648e+02 2.812e+02 151 2 4 5.733e+02 6.027e+02 273 2 2 3.138e+01 5.262e+01 197 2 4 2.371e+02 2.669e+02 276 2 4 2.788e+02 3.092e+02 281 2 3 5.014e+01 7.586e+01 239 2 1 2.162e+02 2.458e+02 275 2 3 2.618e+00 3.938e+01 341 2 4 2.156e+01 6.244e+01 380
9801 0
9804 31 2 3 4.394e+02 4.426e+02 29 2 4 5.036e+02 5.044e+02 8 2 2 5.427e+02 5.493e+02 61 2 3 6.489e+02 6.531e+02 39 2 1 4.817e+02 4.843e+02 25 2 1 5.524e+02 5.816e+02 271 2 2 6.160e+02 6.440e+02 260 2 1 6.415e+02 6.605e+02 177 2 2 5.001e+02 5.079e+02 72 2 3 5.495e+02 5.845e+02 326 2 4 6.110e+02 6.490e+02 353 2 4 6.569e+02 6.871e+02 280 2 4 4.436e+02 4.804e+02 341 2 1 5.104e+02 5.396e+02 271 3 1 4.781e+02 4.879e+02 91 3 2 4.588e+02 4.652e+02 60 3 2 5.418e+02 5.502e+02 77 3 1 4.400e+02 4.420e+02 19 3 3 4.810e+02 4.850e+02 38 3 4 5.388e+02 5.532e+02 134 3 4 4.571e+02 4.669e+02 91 3 2 4.957e+02 5.123e+02 154 3 2 4.101e+02 4.299e+02 183 3 1 5.642e+02 5.698e+02 52 3 1 4.689e+02 4.971e+02 261 3 4 4.087e+02 4.313e+02 210 3 3 5.514e+02 5.826e+02 290 3 1 5.068e+02 5.432e+02 339 3 2 5.312e+02 5.608e+02 276 3 3 5.094e+02 5.406e+02 289 3 4 5.297e+02 5.623e+02 302
9805 0
9806 14 0 1 6.437e+02 6.583e+02 135 0 3 6.395e+02 6.625e+02 214 0 4 4.903e+02 5.177e+02 255 0 4 6.629e+02 6.811e+02 170 0 2 6.551e+02 6.889e+02 313 0 4 6.526e+02 6.914e+02 360 0 3 6.306e+02 6.714e+02 380 2 1 2.714e+02 2.746e+02 30 2 3 2.644e+02 2.816e+02 159 2 4 2.879e+02 3.001e+02 114 3 1 3.557e+02 3.583e+02 25 3 3 3.544e+02 3.596e+02 48 3 4 3.181e+02 3.539e+02 332 3 2 3.709e+02 3.851e+02 132
9807 32 0 1 2.719e+02 2.741e+02 20 0 2 6.713e+02 6.727e+02 12 0 2 4.567e+02 4.673e+02 99 0 4 2.840e+02 3.040e+02 186 0 1 6.065e+02 6.115e+02 46 0 1 3.536e+02 3.604e+02 64 0 1 6.492e+02 6.528e+02 33 0 3 2.575e+02 2.885e+02 288 0 3 3.848e+02 4.132e+02 263 0 2 2.812e+02 3.068e+02 238 0 4 4.477e+02 4.763e+02 266 0 3 6.056e+02 6.124e+02 63 0 4 2.786e+02 3.094e+02 286 0 4 6.640e+02 6.800e+02 148 0 1 4.640e+02 5.020e+02 353 0 1 5.985e+02 6.195e+02 196 0 3 6.360e+02 6.660e+02 279 0 2 6.168e+02 6.432e+02 246 0 4 6.146e+02 6.454e+02 286 1 4 6.290e+02 6.310e+02 19 1 1 6.056e+02 6.124e+02 64 1 3 6.070e+02 6.110e+02 36 1 1 5.092e+02 5.408e+02 293 1 2 6.276e+02 6.324e+02 45 1 1 5.959e+02 6.221e+02 244 1 3 5.899e+02 6.281e+02 354 2 3 3.054e+02 3.246e+02 178 2 2 3.319e+02 3.401e+02 76 2 4 3.183e+02 3.537e+02 330 2 4 2.740e+02 3.140e+02 372 3 4 4.153e+01 4.247e+01 9 3 3 1.074e+01 3.126e+01 190
9808 0
9810 53 0 3 2.307e+02 2.313e+02 6 0 3 5.250e+02 5.250e+02 0 0 4 5.876e+02 5.884e+02 8 0 2 2.002e+02 2.198e+02 182 0 2 6.709e+02 6.731e+02 20 0 1 4.374e+02 4.446e+02 67 0 2 4.998e+02 5.082e+02 78 0 2 5.431e+02 5.489e+02 53 0 3 6.007e+02 6.173e+02 155 0 4 6.576e+02 6.864e+02 268 0 3 4.327e+02 4.493e+02 154 0 4 5.003e+02 5.077e+02 69 0 1 5.216e+02 5.284e+02 64 0 1 5.930e+02 6.250e+02 296 0 1 6.342e+02 6.678e+02 311 0 1 4.723e+02 4.937e+02 200 0 1 5.529e+02 5.811e+02 261 0 3 6.374e+02 6.646e+02 252 0 2 4.848e+02 5.232e+02 357 0 3 5.480e+02 5.860e+02 352 1 2 5.872e+02 5.888e+02 16 1 1 6.028e+02 6.152e+02 115 1 1 5.539e+02 5.801e+02 244 1 3 5.992e+02 6.188e+02 182 1 4 5.689e+02 6.071e+02 356 1 2 6.191e+02 6.409e+02 203 1 4 6.204e+02 6.396e+02 178 2 1 1.876e+02 1.904e+02 26 2 4 5.865e+02 5.895e+02 27 2 2 1.243e+02 1.277e+02 31 2 1 6.086e+02 6.094e+02 8 2 3 1.880e+02 1.900e+02 19 2 4 6.672e+02 6.768e+02 89 2 1 2.264e+02 2.356e+02 86 2 3 5.093e+02 5.407e+02 292 2 2 8.353e+01 8.447e+01 9 2 2 5.844e+02 5.916e+02 66 2 1 1.440e+02 1.500e+02 56 2 2 6.533e+02 6.907e+02 348 2 2 2.001e+02 2.199e+02 184 2 3 6.016e+02 6.164e+02 137 2 3 8.792e+01 1.221e+02 317 2 3 5.908e+02 6.272e+02 338 2 4 1.559e+02 1.801e+02 226 2 2 6.129e+02 6.471e+02 317 2 4 2.348e+02 2.692e+02 320 2 4 1.088e+02 1.432e+02 320 2 1 1.820e+02 1.960e+02 130 2 3 1.342e+02 1.598e+02 238 3 2 6.671e+02 6.769e+02 91 3 3 6.362e+02 6.658e+02 275 3 4 6.671e+02 6.769e+02 91 3 1 6.341e+02 6.679e+02 313
9811 0
9812 0
9814 21 0 3 6.084e+02 6.096e+02 11 0 2 1.233e+02 1.287e+02 50 0 2 6.720e+02 6.720e+02 -17 0 3 5.655e+02 5.685e+02 27 0 2 1.161e+02 1.359e+02 185 0 4 5.855e+02 5.905e+02 47 0 4 4.961e+02 5.119e+02 147 0 3 5.186e+02 5.314e+02 118 0 1 6.002e+02 6.178e+02 163 0 1 6.438e+02 6.582e+02 134 0 1 5.527e+02 5.813e+02 266 0 2 6.117e+02 6.483e+02 340 0 3 6.435e+02 6.585e+02 139 0 3 5.056e+02 5.444e+02 360 0 4 6.105e+02 6.495e+02 361 1 4 5.845e+02 5.915e+02 66 1 3 6.033e+02 6.147e+02 106 1 2 6.239e+02 6.361e+02 114 1 2 6.131e+02 6.469e+02 314 2 4 2.474e+02 2.566e+02 86 2 4 1.207e+02 1.313e+02 99
9815 5 2 2 4.181e+02 4.219e+02 35 2 1 2.692e+02 2.768e+02 71 2 3 3.924e+02 4.056e+02 122 2 4 3.619e+02 3.941e+02 299 2 1 4.329e+02 4.491e+02 150
9816 16 0 1 6.502e+02 6.518e+02 16 0 4 5.034e+02 5.046e+02 11 0 4 3.248e+02 3.472e+02 208 0 1 5.242e+02 5.258e+02 15 0 2 6.278e+02 6.322e+02 41 0 2 6.679e+02 6.761e+02 76 0 2 2.804e+02 3.076e+02 253 0 3 5.649e+02 5.691e+02 40 0 4 6.148e+02 6.452e+02 282 0 4 6.692e+02 6.748e+02 52 0 3 5.177e+02 5.323e+02 136 0 3 6.457e+02 6.563e+02 99 0 2 5.306e+02 5.614e+02 286 0 2 6.591e+02 6.849e+02 240 0 1 6.360e+02 6.660e+02 279 0 4 6.560e+02 6.880e+02 296
9818 8 0 2 2.899e+02 2.981e+02 76 0 1 2.586e+02 2.874e+02 268 0 3 2.592e+02 2.868e+02 256 0 4 2.774e+02 3.106e+02 308 1 1 2.715e+02 2.745e+02 28 1 3 1.040e+02 1.060e+02 18 1 2 2.889e+02 2.991e+02 95 1 1 1.758e+02 2.022e+02 246
9819 8 0 1 6.090e+02 6.090e+02 -9 0 2 6.288e+02 6.312e+02 22 0 3 6.340e+02 6.680e+02 316 2 4 8.400e+01 8.400e+01 -16 2 2 8.065e+01 8.735e+01 62 2 4 1.610e+02 1.750e+02 130 2 4 1.159e+02 1.361e+02 187 2 3 8.756e+01 1.224e+02 324
9821 0
9822 7 2 3 1.048e+02 1.052e+02 4 2 4 4.620e+02 4.620e+02 -4 2 1 4.371e+02 4.449e+02 72 2 3 4.311e+02 4.509e+02 185 2 2 6.764e+01 1.004e+02 304 2 2 4.473e+02 4.767e+02 273 2 4 6.760e+01 1.004e+02 305
9823 0
9825 14 0 3 4.382e+02 4.438e+02 51 0 2 4.497e+02 4.743e+02 228 0 2 6.609e+02 6.831e+02 206 0 4 4.505e+02 4.735e+02 214 0 4 6.593e+02 6.847e+02 236 2 4 2.520e+02 2.520e+02 -5 2 2 8.200e+01 8.600e+01 37 2 4 4.125e+02 4.275e+02 140 2 4 7.787e+01 9.013e+01 114 2 2 2.339e+02 2.701e+02 336 2 3 3.910e+02 4.070e+02 148 2 3 2.622e+02 2.838e+02 201 2 3 4.722e+01 7.878e+01 293 2 2 2.746e+02 3.134e+02 360
9827 4 1 4 6.033e+02 6.567e+02 496 2 1 1.832e+01 2.368e+01 50 2 4 1.645e+02 1.715e+02 66 2 3 1.797e+02 1.983e+02 172
9828 9 0 1 6.064e+02 6.116e+02 48 0 3 6.083e+02 6.097e+02 12 0 4 6.110e+02 6.490e+02 353 2 1 1.653e+01 2.547e+01 83 2 2 1.260e+02 1.260e+02 0 2 1 1.434e+02 1.506e+02 66 2 3 8.723e+00 3.328e+01 228 2 3 9.578e+01 1.142e+02 171 2 4 1.096e+02 1.424e+02 304
9829 12 2 1 2.705e+02 2.755e+02 47 2 4 4.200e+01 4.200e+01 -0 2 2 2.849e+02 3.031e+02 169 2 3 1.761e+01 2.439e+01 63 2 4 2.874e+02 3.006e+02 123 2 2 3.923e+01 4.477e+01 51 2 3 2.609e+02 2.851e+02 225 2 1 5.606e+01 6.994e+01 129 2 3 5.027e+01 7.573e+01 236 2 1 2.665e+00 3.933e+01 340 3 1 3.562e+02 3.578e+02 15 3 1 3.933e+02 4.047e+02 106
9830 12 0 1 6.510e+02 6.510e+02 -17 0 3 4.796e+02 4.864e+02 63 0 3 6.501e+02 6.519e+02 16 0 2 4.499e+02 4.741e+02 225 0 4 6.118e+02 6.482e+02 338 0 4 6.674e+02 6.766e+02 85 0 4 4.428e+02 4.812e+02 357 0 3 6.429e+02 6.591e+02 151 0 4 6.553e+02 6.887e+02 310 0 2 6.538e+02 6.902e+02 339 2 3 3.458e+02 3.682e+02 209 2 4 3.670e+02 3.890e+02 204
9832 6 0 1 2.727e+02 2.733e+02 5 0 4 6.528e+02 6.912e+02 356 1 4 6.264e+02 6.336e+02 66 2 2 2.491e+02 2.549e+02 55 2 1 6.300e+01 6.300e+01 -8 2 3 5.970e+01 6.630e+01 61
9836 7 0 4 6.204e+02 6.396e+02 179 0 1 5.934e+02 6.246e+02 290 0 3 5.952e+02 6.228e+02 256 2 4 5.398e+02 5.522e+02 115 2 1 5.631e+02 5.709e+02 72 2 2 5.370e+02 5.550e+02 166 2 3 5.485e+02 5.855e+02 343
9838 0
9839 13 0 1 6.037e+02 6.143e+02 98 0 3 6.020e+02 6.160e+02 130 0 2 6.156e+02 6.444e+02 268 0 4 6.170e+02 6.430e+02 240 1 3 5.238e+02 5.262e+02 22 1 4 5.439e+02 5.481e+02 39 1 1 4.372e+02 4.448e+02 70 1 1 6.089e+02 6.091e+02 1 1 2 5.000e+02 5.080e+02 74 1 2 6.226e+02 6.374e+02 138 1 1 5.966e+02 6.214e+02 230 1 2 6.106e+02 6.494e+02 360 2 3 3.952e+02 4.028e+02 71
9840 2 2 2 3.743e+02 3.817e+02 69 2 2 3.602e+02 3.958e+02 330
