41932 8 0 2 8.160e+01 8.640e+01 45 0 3 1.019e+02 1.081e+02 58 0 2 1.204e+02 1.316e+02 105 1 3 6.300e+01 6.300e+01 -24 1 3 1.004e+02 1.096e+02 86 1 4 1.648e+02 1.712e+02 59 1 4 1.188e+02 1.332e+02 133 1 1 6.300e+01 6.300e+01 -20
41933 1 2 4 6.677e+02 6.763e+02 80
41934 9 0 2 6.688e+02 6.752e+02 59 0 2 6.592e+02 6.848e+02 238 0 1 5.076e+02 5.424e+02 324 1 2 6.290e+02 6.310e+02 18 1 3 5.194e+02 5.306e+02 104 1 4 6.300e+02 6.300e+02 -17 1 3 5.939e+02 6.241e+02 280 1 1 5.923e+02 6.257e+02 310 2 3 4.459e+00 3.754e+01 307
41936 3 2 2 3.749e+02 3.811e+02 57 2 1 3.957e+02 4.023e+02 61 2 4 3.669e+02 3.891e+02 206
41937 6 0 2 6.674e+02 6.766e+02 86 0 4 6.648e+02 6.792e+02 133 0 1 6.320e+02 6.700e+02 353 2 1 1.739e+01 2.461e+01 67 2 3 2.039e+01 2.161e+01 11 2 2 2.452e+01 5.948e+01 325
41939 11 0 4 6.247e+02 6.353e+02 99 0 1 3.133e+02 3.167e+02 31 0 4 3.339e+02 3.381e+02 39 0 2 3.224e+02 3.496e+02 253 0 1 5.983e+02 6.197e+02 199 0 3 5.965e+02 6.215e+02 232 2 4 5.423e+02 5.497e+02 68 2 3 5.158e+02 5.342e+02 170 2 4 2.591e+01 5.809e+01 299 2 3 5.094e+02 5.406e+02 290 2 4 5.269e+02 5.651e+02 356
41940 1 1 3 6.089e+02 6.091e+02 1
41942 1 3 1 5.479e+02 5.861e+02 356
41943 2 0 4 6.720e+02 6.720e+02 -10 0 3 6.409e+02 6.611e+02 188
41945 3 0 4 8.245e+01 8.555e+01 29 0 3 8.693e+01 1.231e+02 336 2 3 1.378e+02 1.562e+02 170
41949 0
41951 0
41952 30 0 2 3.780e+02 3.780e+02 0 0 1 6.507e+02 6.513e+02 5 0 3 3.984e+02 3.996e+02 11 0 2 4.620e+02 4.620e+02 -10 0 2 5.447e+02 5.473e+02 24 0 3 6.069e+02 6.111e+02 39 0 4 4.531e+02 4.709e+02 166 0 1 6.026e+02 6.154e+02 120 0 3 6.457e+02 6.563e+02 99 0 4 4.073e+02 4.327e+02 236 0 3 4.692e+02 4.968e+02 256 0 3 5.512e+02 5.828e+02 294 0 4 5.730e+02 6.030e+02 278 0 2 6.584e+02 6.856e+02 253 0 1 4.257e+02 4.563e+02 284 0 1 5.500e+02 5.840e+02 316 0 4 6.606e+02 6.834e+02 211 0 1 3.834e+02 4.146e+02 290 1 2 6.299e+02 6.301e+02 1 1 4 6.262e+02 6.338e+02 70 2 1 6.243e+01 6.357e+01 10 2 2 1.216e+02 1.304e+02 82 2 3 6.082e+01 6.518e+01 40 2 4 1.244e+02 1.276e+02 30 2 2 2.465e+01 5.935e+01 322 2 4 7.594e+01 9.206e+01 150 2 4 2.909e+01 5.491e+01 240 2 2 7.482e+01 9.318e+01 170 2 3 8.972e+01 1.203e+02 284 2 4 6.571e+01 1.023e+02 340
41953 0
41954 14 0 2 6.275e+02 6.325e+02 46 0 4 6.265e+02 6.335e+02 66 0 4 3.672e+01 4.728e+01 98 0 2 6.700e+02 6.740e+02 38 0 4 6.689e+02 6.751e+02 57 0 3 4.704e+01 7.896e+01 296 0 1 5.916e+02 6.264e+02 323 0 1 6.404e+02 6.616e+02 197 0 3 5.873e+02 6.307e+02 403 0 1 6.350e+02 6.670e+02 296 0 3 6.330e+02 6.690e+02 335 1 3 6.044e+02 6.136e+02 86 1 2 6.262e+02 6.338e+02 70 1 4 6.098e+02 6.502e+02 376
41955 0
41957 0
41958 10 0 3 5.603e+02 5.737e+02 125 0 4 5.742e+02 6.018e+02 257 2 2 3.426e+01 4.974e+01 144 2 3 3.490e+02 3.650e+02 148 2 4 3.816e+01 4.584e+01 71 2 2 3.701e+02 3.859e+02 147 2 1 5.099e+01 7.501e+01 223 2 4 3.651e+02 3.909e+02 240 2 3 4.915e+01 7.685e+01 257 2 1 3.406e+02 3.734e+02 305
41959 0
41961 3 0 1 6.024e+02 6.156e+02 123 0 2 6.198e+02 6.402e+02 190 2 1 1.541e+00 4.046e+01 361
41962 0
41965 11 0 1 4.823e+02 4.837e+02 12 1 4 5.762e+02 5.998e+02 220 2 1 6.479e+02 6.541e+02 57 2 4 6.206e+02 6.394e+02 174 2 4 2.870e+02 3.010e+02 130 2 3 6.497e+02 6.523e+02 24 2 4 1.592e+02 1.768e+02 163 2 2 2.542e+01 5.858e+01 308 2 1 5.895e+02 6.285e+02 361 2 2 6.957e+01 9.843e+01 268 2 2 6.511e+02 6.929e+02 388
41966 0
41968 0
41969 5 2 3 6.300e+01 6.300e+01 -8 2 3 1.949e+01 2.251e+01 28 2 3 8.185e+00 3.382e+01 238 2 4 4.084e+02 4.316e+02 216 2 3 8.796e+01 1.220e+02 316
41970 0
41971 37 0 1 4.349e+02 4.471e+02 114 0 4 4.581e+02 4.659e+02 73 0 3 4.394e+02 4.426e+02 29 0 2 4.525e+02 4.715e+02 176 1 3 3.848e+02 4.132e+02 263 2 2 4.107e+01 4.293e+01 17 2 4 1.677e+02 1.683e+02 6 2 3 4.363e+02 4.457e+02 86 2 3 2.297e+02 2.323e+02 25 2 2 4.604e+02 4.636e+02 30 2 3 3.131e+02 3.169e+02 36 2 4 5.396e+02 5.524e+02 118 2 4 3.736e+02 3.824e+02 82 2 1 3.979e+02 4.001e+02 20 2 4 4.013e+01 4.387e+01 35 2 4 4.567e+02 4.673e+02 99 2 2 7.769e+01 9.031e+01 117 2 2 4.140e+02 4.260e+02 112 2 1 1.856e+02 1.924e+02 64 2 1 4.736e+02 4.924e+02 175 2 4 2.482e+02 2.558e+02 71 2 3 3.857e+02 4.123e+02 247 2 4 2.906e+02 2.974e+02 63 2 4 4.058e+02 4.342e+02 264 2 1 1.985e+01 2.215e+01 21 2 4 8.334e+01 8.466e+01 12 2 3 1.457e+02 1.483e+02 24 2 1 2.224e+02 2.396e+02 160 2 4 2.834e+02 3.046e+02 196 2 2 3.593e+02 3.967e+02 346 2 3 1.689e+01 2.511e+01 76 2 3 9.470e+01 1.153e+02 191 2 3 1.793e+02 1.987e+02 180 2 2 2.383e+02 2.657e+02 254 2 1 5.301e+01 7.299e+01 186 2 2 1.189e+02 1.331e+02 132 3 1 6.397e+02 6.623e+02 210
