7493 58 0 2 8.400e+01 8.400e+01 -14 0 4 6.720e+02 6.720e+02 -22 0 3 5.667e+02 5.673e+02 6 0 4 8.400e+01 8.400e+01 -21 0 1 6.073e+02 6.107e+02 32 0 4 7.074e+01 9.726e+01 246 0 1 6.490e+02 6.530e+02 38 0 4 4.944e+02 5.136e+02 178 0 3 8.797e+01 1.220e+02 316 0 3 5.235e+02 5.265e+02 28 0 3 6.083e+02 6.097e+02 13 0 3 6.452e+02 6.568e+02 107 0 4 4.101e+02 4.299e+02 183 0 3 5.107e+02 5.393e+02 265 0 2 6.209e+02 6.391e+02 169 0 2 6.720e+02 6.720e+02 -3 0 4 6.215e+02 6.385e+02 158 0 1 6.408e+02 6.612e+02 190 0 4 5.725e+02 6.035e+02 288 0 3 6.331e+02 6.689e+02 333 1 2 6.300e+02 6.300e+02 -23 1 1 6.071e+02 6.109e+02 35 1 4 5.826e+02 5.934e+02 100 1 4 1.110e+02 1.410e+02 278 1 4 6.247e+02 6.353e+02 99 1 3 6.023e+02 6.157e+02 125 1 1 5.946e+02 6.234e+02 267 2 2 3.838e+01 4.562e+01 67 2 2 1.260e+02 1.260e+02 -23 2 4 6.259e+02 6.341e+02 76 2 1 1.455e+02 1.485e+02 27 2 3 6.490e+02 6.530e+02 38 2 3 2.283e+02 2.337e+02 50 2 4 4.976e+02 5.104e+02 119 2 1 3.150e+02 3.150e+02 -0 2 3 4.766e+02 4.894e+02 118 2 4 4.200e+01 4.200e+01 -9 2 4 4.880e+02 5.200e+02 296 2 3 1.050e+02 1.050e+02 -11 2 3 1.463e+02 1.477e+02 14 2 2 2.023e+02 2.177e+02 142 2 1 2.708e+02 2.752e+02 40 2 3 1.191e+01 3.009e+01 169 2 4 7.818e+01 8.982e+01 108 2 4 1.633e+02 1.727e+02 88 2 2 2.441e+02 2.599e+02 147 2 1 2.565e+02 2.895e+02 306 2 4 2.941e+01 5.459e+01 234 2 4 1.158e+02 1.362e+02 189 2 1 1.827e+02 1.953e+02 117 2 1 2.144e+02 2.476e+02 309 2 3 4.516e+01 8.084e+01 331 2 3 1.786e+02 1.994e+02 193 2 4 2.335e+02 2.705e+02 344 2 2 1.529e+02 1.831e+02 281 2 4 1.510e+02 1.850e+02 316 3 4 8.400e+01 8.400e+01 -10 3 3 1.047e+02 1.053e+02 5
7494 38 0 4 3.346e+02 3.374e+02 26 0 4 2.100e+02 2.100e+02 -19 0 3 1.756e+01 2.444e+01 64 0 4 6.675e+02 6.765e+02 84 0 4 2.513e+02 2.527e+02 12 1 4 6.278e+02 6.322e+02 40 1 1 6.058e+02 6.122e+02 59 1 3 5.958e+02 6.222e+02 246 1 2 6.170e+02 6.430e+02 240 2 3 1.048e+02 1.052e+02 3 2 4 2.482e+02 2.558e+02 70 2 3 3.949e+02 4.031e+02 76 2 4 2.930e+02 2.950e+02 19 2 3 4.809e+02 4.851e+02 40 2 2 3.764e+02 3.796e+02 29 2 1 3.878e+02 4.102e+02 208 2 3 1.478e+01 2.722e+01 116 2 2 4.929e+02 5.151e+02 206 2 4 1.244e+02 1.276e+02 30 2 2 4.049e+02 4.351e+02 280 2 1 1.434e+02 1.506e+02 66 2 4 4.505e+02 4.735e+02 213 2 3 3.110e+02 3.190e+02 74 2 1 5.041e+02 5.459e+02 389 2 4 3.764e+02 3.796e+02 30 2 4 3.789e+01 4.611e+01 76 2 2 8.317e+01 8.483e+01 16 2 1 2.640e+02 2.820e+02 167 2 2 3.650e+02 3.910e+02 242 2 4 2.649e+01 5.751e+01 288 2 4 8.272e+01 8.528e+01 24 2 1 2.126e+02 2.494e+02 341 2 3 2.650e+02 2.810e+02 149 2 2 3.161e+02 3.559e+02 370 2 3 4.709e+01 7.891e+01 296 2 2 2.743e+02 3.137e+02 366 2 3 3.383e+02 3.757e+02 347 2 1 2.262e+00 3.974e+01 348
7495 4 2 4 1.666e+02 1.694e+02 26 2 1 1.873e+02 1.907e+02 31 2 2 1.542e+02 1.818e+02 257 2 3 1.753e+02 2.027e+02 254
7496 10 2 4 5.823e+02 5.937e+02 106 2 3 5.550e+02 5.790e+02 223 2 3 4.292e+01 8.308e+01 373 2 2 5.759e+02 6.001e+02 226 3 1 4.399e+02 4.421e+02 21 3 4 3.666e+02 3.894e+02 211 3 2 4.573e+02 4.667e+02 88 3 3 4.334e+02 4.486e+02 140 3 4 4.079e+02 4.321e+02 226 3 2 4.012e+02 4.388e+02 349
7497 11 0 1 6.504e+02 6.516e+02 11 0 3 6.478e+02 6.542e+02 60 0 2 4.976e+02 5.104e+02 118 0 2 6.702e+02 6.738e+02 33 0 4 4.946e+02 5.135e+02 176 0 1 5.128e+02 5.372e+02 227 0 4 6.699e+02 6.741e+02 39 0 4 6.574e+02 6.866e+02 270 0 1 6.344e+02 6.676e+02 308 0 3 6.347e+02 6.673e+02 303 0 2 6.552e+02 6.888e+02 311
7498 8 0 1 5.952e+02 6.228e+02 257 0 2 6.587e+02 6.853e+02 247 0 4 6.552e+02 6.888e+02 311 2 1 1.963e+01 2.237e+01 26 2 3 1.469e+01 2.731e+01 117 2 2 3.573e+01 4.827e+01 116 2 3 5.762e+00 3.624e+01 283 2 4 2.820e+01 5.580e+01 256
7500 54 0 1 5.669e+02 5.671e+02 1 0 4 6.300e+02 6.300e+02 -0 0 1 3.990e+02 3.990e+02 -1 0 1 2.561e+02 2.899e+02 314 0 2 5.460e+02 5.460e+02 -11 0 1 3.473e+02 3.667e+02 180 0 4 5.850e+02 5.910e+02 56 0 2 3.630e+02 3.930e+02 278 0 1 6.510e+02 6.510e+02 -6 0 4 3.644e+02 3.916e+02 252 0 3 3.990e+02 3.990e+02 -12 0 1 6.083e+02 6.097e+02 12 0 2 3.225e+02 3.495e+02 251 0 3 6.510e+02 6.510e+02 -9 0 4 4.189e+02 4.211e+02 20 0 2 4.456e+02 4.784e+02 306 0 3 5.516e+02 5.824e+02 286 0 3 6.061e+02 6.119e+02 55 0 2 6.720e+02 6.720e+02 -6 0 1 4.403e+02 4.417e+02 14 0 1 5.102e+02 5.398e+02 275 0 2 6.287e+02 6.313e+02 24 0 1 6.431e+02 6.589e+02 146 0 3 4.357e+02 4.463e+02 99 1 3 5.670e+02 5.670e+02 -20 1 4 1.260e+02 1.260e+02 -7 1 1 5.663e+02 5.677e+02 14 1 4 5.780e+02 5.980e+02 186 1 1 5.147e+02 5.353e+02 190 1 2 5.407e+02 5.513e+02 99 1 2 6.296e+02 6.304e+02 8 1 2 5.782e+02 5.978e+02 182 1 2 5.317e+02 5.603e+02 266 1 4 5.278e+02 5.642e+02 338 1 1 5.526e+02 5.814e+02 267 2 4 4.610e+02 4.630e+02 19 2 3 2.282e+02 2.338e+02 52 2 1 3.150e+02 3.150e+02 -20 2 4 4.455e+02 4.785e+02 306 2 2 2.476e+02 2.564e+02 82 2 4 2.837e+02 3.043e+02 191 2 1 3.477e+02 3.663e+02 172 2 4 2.493e+02 2.547e+02 50 2 1 2.571e+02 2.889e+02 296 2 2 3.910e+01 4.490e+01 54 2 4 1.952e+02 2.248e+02 276 2 3 2.623e+02 2.837e+02 198 2 1 6.127e+01 6.473e+01 32 2 1 2.143e+02 2.477e+02 310 2 2 2.798e+02 3.082e+02 264 2 1 1.752e+01 2.448e+01 65 2 3 1.680e+01 2.520e+01 78 2 1 5.382e+01 7.218e+01 170 2 1 5.671e+00 3.633e+01 285
7502 6 1 4 2.515e+01 5.885e+01 313 2 3 2.281e+02 2.339e+02 54 2 3 1.890e+02 1.890e+02 -3 2 4 2.018e+02 2.182e+02 153 2 4 1.492e+02 1.868e+02 349 2 2 1.946e+02 2.254e+02 286
7503 1 1 2 6.276e+02 6.324e+02 44
7504 14 0 4 5.828e+02 5.932e+02 96 0 2 6.699e+02 6.741e+02 40 0 2 6.118e+02 6.482e+02 339 0 4 6.687e+02 6.753e+02 60 0 1 5.051e+02 5.450e+02 370 0 4 6.100e+02 6.500e+02 372 0 2 5.273e+02 5.647e+02 348 2 4 4.018e+01 4.382e+01 34 2 1 5.817e+01 6.783e+01 90 2 1 2.092e+02 2.528e+02 406 2 2 3.300e+01 5.100e+01 167 2 3 2.101e+02 2.519e+02 389 2 3 4.879e+01 7.721e+01 264 2 4 1.861e+02 2.339e+02 444
7505 1 0 4 4.083e+02 4.317e+02 217
7506 40 0 1 3.148e+02 3.152e+02 3 0 1 6.509e+02 6.511e+02 2 0 4 3.340e+02 3.380e+02 36 0 1 5.243e+02 5.257e+02 13 0 1 6.076e+02 6.104e+02 26 0 2 3.220e+02 3.500e+02 260 0 3 6.497e+02 6.523e+02 24 0 4 6.661e+01 1.014e+02 323 0 2 5.437e+02 5.483e+02 43 0 2 6.291e+02 6.309e+02 17 0 4 6.720e+02 6.720e+02 -4 0 2 4.924e+02 5.156e+02 215 0 1 5.640e+02 5.700e+02 56 0 4 6.227e+02 6.373e+02 136 0 4 6.583e+02 6.857e+02 255 0 1 4.576e+02 5.084e+02 472 0 3 5.647e+02 5.693e+02 43 0 3 5.979e+02 6.201e+02 206 0 2 6.574e+02 6.866e+02 270 0 3 5.134e+02 5.366e+02 215 0 4 6.108e+02 6.492e+02 357 0 3 5.502e+02 5.838e+02 312 0 1 5.121e+02 5.379e+02 239 0 3 5.075e+02 5.425e+02 326 1 1 6.070e+02 6.110e+02 38 1 1 1.410e+02 1.530e+02 112 1 4 6.292e+02 6.308e+02 15 1 2 6.183e+02 6.417e+02 218 1 3 5.965e+02 6.215e+02 233 1 2 6.098e+02 6.502e+02 375 2 3 6.076e+02 6.104e+02 26 2 3 9.568e+01 1.143e+02 173 2 4 5.859e+02 5.901e+02 39 2 2 7.172e+01 9.628e+01 228 2 1 5.943e+02 6.237e+02 274 2 4 7.092e+01 9.708e+01 243 2 2 6.122e+02 6.478e+02 331 2 3 8.065e+01 1.293e+02 452 2 3 6.325e+02 6.695e+02 344 2 2 5.703e+02 6.057e+02 329
7507 2 0 4 3.711e+02 3.849e+02 128 1 4 6.205e+02 6.395e+02 176
7508 86 0 1 6.510e+02 6.510e+02 -4 0 1 1.031e+02 1.069e+02 36 0 1 3.980e+02 4.000e+02 19 0 1 2.293e+02 2.327e+02 32 0 2 4.618e+02 4.622e+02 4 0 4 2.924e+02 2.956e+02 29 0 1 5.250e+02 5.250e+02 -3 0 1 3.525e+02 3.615e+02 84 0 1 6.078e+02 6.102e+02 21 0 4 2.456e+02 2.584e+02 120 0 3 6.486e+02 6.534e+02 45 0 2 3.728e+02 3.832e+02 96 0 3 3.980e+02 4.000e+02 18 0 2 1.186e+02 1.334e+02 137 0 4 4.591e+02 4.649e+02 53 0 4 1.495e+02 1.865e+02 343 0 3 5.663e+02 5.677e+02 13 0 2 2.373e+02 2.667e+02 274 0 3 6.081e+02 6.099e+02 17 0 4 3.757e+02 3.803e+02 43 0 2 6.720e+02 6.720e+02 0 0 1 8.990e+01 1.201e+02 280 0 1 4.387e+02 4.433e+02 43 0 3 2.167e+02 2.453e+02 266 0 1 4.812e+02 4.848e+02 34 0 2 3.277e+02 3.443e+02 154 0 2 5.373e+02 5.547e+02 161 0 4 3.261e+02 3.459e+02 184 0 2 6.296e+02 6.304e+02 7 0 1 3.403e+02 3.737e+02 310 0 4 6.715e+02 6.725e+02 10 0 3 4.388e+02 4.432e+02 41 0 4 4.966e+02 5.114e+02 137 0 1 5.593e+02 5.747e+02 144 0 4 6.284e+02 6.316e+02 29 0 4 4.118e+02 4.282e+02 152 0 3 4.746e+02 4.914e+02 156 0 4 5.784e+02 5.976e+02 178 0 3 4.302e+02 4.518e+02 200 0 2 4.887e+02 5.193e+02 285 0 2 4.465e+02 4.775e+02 287 1 1 4.817e+02 4.843e+02 24 1 4 5.459e+02 5.461e+02 1 1 1 6.088e+02 6.092e+02 3 1 2 5.020e+02 5.060e+02 37 1 3 5.670e+02 5.670e+02 -10 1 3 6.090e+02 6.090e+02 -4 1 3 5.204e+02 5.296e+02 85 1 2 5.868e+02 5.892e+02 22 1 2 6.292e+02 6.308e+02 15 1 1 5.159e+02 5.341e+02 170 1 4 5.868e+02 5.892e+02 22 1 4 6.300e+02 6.300e+02 0 1 2 5.405e+02 5.515e+02 102 1 1 5.590e+02 5.750e+02 148 1 2 5.788e+02 5.972e+02 170 1 1 5.494e+02 5.846e+02 326 1 2 5.706e+02 6.054e+02 323 2 2 4.013e+01 4.387e+01 35 2 3 1.048e+02 1.052e+02 4 2 2 1.240e+02 1.280e+02 36 2 4 1.635e+02 1.725e+02 83 2 3 4.353e+02 4.467e+02 106 2 3 3.046e+02 3.254e+02 194 2 3 6.468e+02 6.552e+02 78 2 4 3.217e+02 3.503e+02 266 2 4 3.802e+01 4.598e+01 74 2 4 4.163e+02 4.237e+02 69 2 4 1.227e+02 1.293e+02 60 2 1 5.525e+02 5.815e+02 270 2 1 1.355e+02 1.585e+02 213 2 1 6.366e+02 6.654e+02 268 2 3 1.070e+01 3.130e+01 191 2 2 4.428e+02 4.812e+02 356 2 4 7.904e+01 8.896e+01 92 2 2 6.603e+02 6.837e+02 217 2 3 1.313e+02 1.627e+02 292 2 4 6.528e+02 6.912e+02 357 2 4 2.654e+01 5.746e+01 287 2 2 1.169e+02 1.351e+02 170 2 4 1.552e+02 1.808e+02 238 2 1 4.740e+01 7.860e+01 290 2 3 4.484e+01 8.116e+01 337 3 1 1.976e+01 2.224e+01 23 3 3 6.185e+01 6.415e+01 21 3 2 4.040e+01 4.360e+01 30
7509 11 0 3 6.510e+02 6.510e+02 -10 0 4 6.692e+02 6.748e+02 52 0 4 5.786e+02 5.974e+02 175 0 1 6.510e+02 6.510e+02 -2 0 2 6.117e+02 6.483e+02 340 0 2 6.647e+02 6.793e+02 136 0 4 6.621e+02 6.819e+02 184 2 4 2.925e+02 2.955e+02 27 2 2 1.200e+02 1.320e+02 112 2 4 1.162e+02 1.358e+02 182 2 3 9.551e+01 1.145e+02 176
7511 5 0 4 2.501e+02 2.539e+02 35 0 3 2.202e+02 2.418e+02 200 0 1 2.165e+02 2.455e+02 270 0 2 1.912e+02 2.288e+02 349 1 2 6.260e+02 6.340e+02 75
7512 8 0 1 9.928e+01 1.107e+02 106 0 3 4.804e+02 4.856e+02 48 0 3 9.250e+01 1.175e+02 232 0 2 1.131e+02 1.389e+02 240 0 4 4.916e+02 5.164e+02 230 1 2 6.269e+02 6.331e+02 58 1 1 5.956e+02 6.224e+02 249 2 1 4.304e+02 4.516e+02 197
7513 2 0 4 4.072e+01 4.328e+01 24 0 4 2.268e+01 6.132e+01 359
7515 6 0 2 3.762e+02 3.798e+02 33 2 1 1.434e+02 1.506e+02 67 2 3 1.419e+02 1.521e+02 94 2 1 2.977e+02 3.323e+02 320 2 4 8.357e+01 8.443e+01 8 2 3 1.994e+01 2.206e+01 20
7516 1 0 1 5.669e+02 5.671e+02 2
7517 12 1 4 5.859e+02 5.901e+02 40 1 3 5.538e+02 5.802e+02 246 2 3 1.026e+02 1.074e+02 45 2 4 1.209e+02 1.311e+02 94 2 2 5.460e+02 5.460e+02 -2 2 4 3.210e+02 3.510e+02 278 2 4 5.390e+02 5.530e+02 130 2 2 7.792e+01 9.008e+01 113 2 1 5.090e+02 5.410e+02 296 2 3 5.090e+02 5.410e+02 297 3 3 1.963e+01 2.237e+01 26 3 2 4.193e+01 4.207e+01 1
7518 8 2 4 3.780e+02 3.780e+02 -2 2 2 3.767e+01 4.633e+01 80 2 1 1.007e+01 3.193e+01 203 2 1 3.898e+02 4.082e+02 170 2 3 1.146e+01 3.054e+01 177 2 3 3.845e+02 4.135e+02 270 2 4 3.067e+01 5.333e+01 210 2 1 4.415e+00 3.758e+01 308
7520 13 2 4 3.767e+02 3.793e+02 25 2 1 6.473e+02 6.547e+02 70 2 1 1.931e+01 2.269e+01 31 2 1 3.980e+02 4.000e+02 19 2 2 3.644e+02 3.916e+02 253 2 3 6.480e+02 6.540e+02 56 2 3 3.865e+02 4.115e+02 232 2 2 6.560e+02 6.880e+02 297 2 4 6.528e+02 6.912e+02 356 3 4 5.014e+02 5.066e+02 48 3 1 4.789e+02 4.871e+02 76 3 3 4.759e+02 4.901e+02 132 3 2 4.880e+02 5.200e+02 296
7522 9 0 2 5.025e+02 5.055e+02 28 0 1 6.028e+02 6.152e+02 115 0 4 4.999e+02 5.081e+02 76 0 2 4.925e+02 5.155e+02 214 0 3 5.048e+02 5.452e+02 376 0 1 4.648e+02 5.012e+02 338 2 4 3.344e+02 3.376e+02 30 2 4 4.066e+02 4.334e+02 248 2 4 3.590e+02 3.970e+02 352
7523 1 0 4 4.011e+02 4.389e+02 351
7525 61 0 3 5.248e+02 5.252e+02 3 0 4 6.271e+02 6.329e+02 53 0 1 6.508e+02 6.512e+02 4 0 1 5.246e+02 5.254e+02 7 0 4 5.823e+02 5.937e+02 106 0 2 6.691e+02 6.749e+02 55 0 1 4.325e+02 4.495e+02 158 0 2 5.438e+02 5.482e+02 41 0 1 5.950e+02 6.230e+02 260 0 4 6.685e+02 6.755e+02 66 0 2 5.284e+02 5.636e+02 326 0 2 6.169e+02 6.431e+02 244 0 3 6.342e+02 6.678e+02 311 0 3 5.507e+02 5.833e+02 303 0 1 5.077e+02 5.423e+02 321 1 3 3.853e+02 4.127e+02 255 1 3 4.376e+02 4.444e+02 64 1 2 6.139e+02 6.461e+02 300 1 4 6.161e+02 6.439e+02 259 2 3 4.829e+02 4.831e+02 2 2 1 2.030e+01 2.170e+01 13 2 4 1.239e+02 1.281e+02 39 2 2 5.035e+02 5.045e+02 10 2 3 1.884e+02 1.896e+02 11 2 3 5.232e+02 5.268e+02 34 2 2 2.092e+02 2.108e+02 15 2 3 2.705e+02 2.755e+02 46 2 4 4.145e+02 4.255e+02 102 2 1 3.561e+02 3.579e+02 16 2 4 4.617e+02 4.623e+02 6 2 3 2.026e+01 2.174e+01 14 2 4 8.003e+01 8.797e+01 74 2 3 3.808e+02 4.172e+02 338 2 4 1.658e+02 1.702e+02 41 2 4 4.443e+02 4.797e+02 328 2 4 2.368e+02 2.672e+02 283 2 4 5.260e+02 5.660e+02 371 2 1 2.602e+02 2.858e+02 237 2 4 3.667e+02 3.893e+02 210 2 4 4.027e+01 4.373e+01 32 2 2 1.223e+02 1.297e+02 69 2 4 1.549e+02 1.811e+02 243 2 1 2.147e+02 2.473e+02 303 2 2 2.857e+02 3.023e+02 154 2 4 3.291e+02 3.429e+02 129 2 1 5.970e+01 6.630e+01 61 2 4 7.181e+01 9.619e+01 226 2 1 3.031e+02 3.269e+02 221 2 2 3.634e+02 3.926e+02 271 2 3 5.799e+01 6.801e+01 93 2 3 8.501e+01 1.250e+02 371 2 2 3.226e+02 3.494e+02 250 2 3 1.065e+01 3.135e+01 192 2 3 3.397e+02 3.743e+02 321 2 2 3.170e+01 5.230e+01 191 2 4 3.232e+01 5.168e+01 180 2 1 4.775e+00 3.722e+01 301 2 2 2.564e+01 5.836e+01 304 3 2 3.870e+01 4.530e+01 61 3 4 2.838e+01 5.562e+01 253 3 2 2.604e+01 5.796e+01 296
7527 0
