46434 13 0 3 4.757e+02 4.903e+02 135 0 2 4.943e+02 5.137e+02 180 0 4 4.913e+02 5.167e+02 236 1 3 6.090e+02 6.090e+02 -24 1 2 6.122e+02 6.478e+02 331 2 4 3.357e+02 3.363e+02 6 2 3 3.065e+02 3.235e+02 157 2 2 4.009e+01 4.391e+01 36 2 3 2.974e+02 3.326e+02 327 2 3 7.464e+00 3.454e+01 251 2 4 1.929e+02 2.271e+02 317 2 4 3.084e+01 5.316e+01 207 2 1 4.332e+01 8.268e+01 366
46435 39 0 1 3.986e+02 3.994e+02 8 0 2 4.880e+02 5.200e+02 297 0 2 5.450e+02 5.470e+02 19 0 1 6.010e+02 6.170e+02 149 0 2 6.531e+02 6.909e+02 351 0 3 5.617e+02 5.723e+02 99 0 4 5.755e+02 6.005e+02 233 0 3 5.133e+02 5.367e+02 217 1 1 6.090e+02 6.090e+02 -15 2 1 2.730e+02 2.730e+02 -1 2 2 3.360e+02 3.360e+02 -11 2 1 4.826e+02 4.834e+02 7 2 1 1.877e+02 1.903e+02 24 2 3 5.249e+02 5.251e+02 2 2 3 6.394e+02 6.626e+02 215 2 1 1.752e+01 2.448e+01 65 2 4 7.424e+01 9.376e+01 181 2 3 3.815e+02 4.165e+02 325 2 4 1.508e+02 1.852e+02 319 2 2 2.407e+02 2.633e+02 210 2 2 4.066e+02 4.334e+02 250 2 4 2.870e+02 3.010e+02 130 2 4 4.058e+02 4.342e+02 264 2 3 3.467e+02 3.673e+02 192 2 3 4.250e+02 4.570e+02 298 2 3 1.761e+01 2.439e+01 63 2 4 2.404e+02 2.636e+02 216 2 3 2.612e+02 2.848e+02 220 2 4 3.690e+02 3.870e+02 168 2 2 3.834e+01 4.566e+01 68 2 3 2.166e+02 2.454e+02 267 2 4 3.205e+02 3.515e+02 288 2 4 3.394e+01 5.006e+01 150 2 2 1.933e+02 2.267e+02 310 2 3 4.987e+01 7.613e+01 244 2 3 4.281e+00 3.772e+01 310 3 4 4.200e+01 4.200e+01 -12 3 4 6.867e+01 9.933e+01 285 3 1 5.136e+00 3.686e+01 295
46436 10 0 4 2.497e+02 2.543e+02 42 0 3 5.663e+02 5.677e+02 14 0 1 6.433e+02 6.587e+02 142 0 1 5.626e+02 5.714e+02 82 0 2 6.173e+02 6.427e+02 236 0 3 6.441e+02 6.579e+02 128 0 4 4.914e+02 5.166e+02 235 0 2 5.288e+02 5.632e+02 319 0 4 6.141e+02 6.459e+02 295 0 4 4.846e+02 5.234e+02 360
46440 34 0 2 2.929e+02 2.951e+02 20 0 1 6.472e+02 6.548e+02 70 0 4 2.897e+02 2.983e+02 80 0 4 4.163e+02 4.237e+02 68 0 4 3.189e+02 3.531e+02 317 0 2 5.389e+02 5.531e+02 132 0 4 5.834e+02 5.926e+02 86 0 3 6.453e+02 6.567e+02 106 0 1 3.909e+02 4.071e+02 150 0 2 4.945e+02 5.135e+02 177 0 1 5.582e+02 5.758e+02 164 0 2 6.155e+02 6.445e+02 269 0 2 6.632e+02 6.808e+02 163 0 4 4.851e+02 5.229e+02 350 0 3 5.571e+02 5.769e+02 184 0 4 6.153e+02 6.447e+02 273 0 4 6.618e+02 6.822e+02 190 0 1 4.567e+02 5.093e+02 488 0 3 5.056e+02 5.444e+02 360 0 1 4.999e+02 5.501e+02 466 0 3 5.412e+02 5.928e+02 480 1 3 6.071e+02 6.109e+02 35 1 1 5.178e+02 5.322e+02 133 1 4 5.422e+02 5.498e+02 70 1 2 6.298e+02 6.302e+02 4 1 3 5.141e+02 5.359e+02 203 1 2 5.280e+02 5.640e+02 335 1 4 6.221e+02 6.379e+02 146 1 1 5.914e+02 6.266e+02 326 2 4 2.506e+02 2.534e+02 26 2 1 1.469e+01 2.731e+01 117 2 3 1.954e+01 2.246e+01 27 2 1 2.980e+02 3.320e+02 316 2 2 2.627e+01 5.773e+01 292
46443 6 0 3 5.250e+02 5.250e+02 -4 0 2 5.460e+02 5.460e+02 -1 0 4 2.788e+01 5.612e+01 262 0 1 5.194e+02 5.306e+02 104 0 3 5.192e+02 5.308e+02 107 0 2 5.332e+02 5.588e+02 237
46447 39 0 2 6.291e+02 6.309e+02 16 0 2 3.340e+02 3.380e+02 38 0 1 6.467e+02 6.553e+02 80 0 3 1.881e+02 1.899e+02 17 0 4 6.284e+02 6.316e+02 29 0 2 1.660e+02 1.700e+02 37 0 3 6.450e+02 6.570e+02 110 0 2 2.018e+02 2.182e+02 152 0 1 6.081e+02 6.099e+02 17 0 1 3.022e+02 3.278e+02 238 0 2 6.690e+02 6.750e+02 56 0 3 1.779e+02 2.001e+02 206 0 3 6.034e+02 6.146e+02 105 0 1 1.736e+02 2.044e+02 286 0 4 6.684e+02 6.756e+02 67 0 2 6.140e+02 6.460e+02 296 0 3 6.357e+02 6.663e+02 285 0 4 6.174e+02 6.426e+02 234 0 1 5.915e+02 6.265e+02 325 1 4 2.517e+02 2.523e+02 6 1 3 2.691e+02 2.769e+02 73 1 1 3.080e+02 3.220e+02 130 1 2 2.872e+02 3.008e+02 126 2 2 3.735e+01 4.665e+01 86 2 4 8.366e+01 8.434e+01 6 2 4 6.670e+02 6.770e+02 93 2 4 1.617e+02 1.743e+02 117 2 4 3.623e+01 4.777e+01 107 2 3 1.837e+02 1.943e+02 98 2 2 2.865e+02 3.015e+02 139 2 1 5.440e+01 7.160e+01 160 2 3 1.423e+02 1.517e+02 87 2 4 2.788e+02 3.092e+02 283 2 3 5.234e+01 7.366e+01 198 2 2 1.610e+02 1.750e+02 130 2 3 1.410e+00 4.059e+01 364 2 1 1.296e+02 1.644e+02 324 2 4 2.528e+01 5.872e+01 310 2 3 4.372e+01 8.228e+01 358
46449 9 0 4 2.902e+02 2.978e+02 70 0 2 2.846e+02 3.034e+02 176 0 3 6.413e+02 6.607e+02 180 0 2 6.159e+02 6.441e+02 261 0 2 6.635e+02 6.805e+02 158 0 3 2.541e+02 2.919e+02 351 0 4 6.141e+02 6.459e+02 296 0 4 6.615e+02 6.825e+02 196 0 1 6.385e+02 6.635e+02 231
46450 6 0 1 6.480e+02 6.540e+02 56 0 3 5.218e+02 5.282e+02 60 0 1 3.031e+02 3.269e+02 221 0 2 4.868e+02 5.212e+02 320 2 3 5.965e+01 6.635e+01 62 3 1 8.559e+01 1.244e+02 360
46451 0
46452 7 0 2 1.957e+02 2.243e+02 266 0 4 6.068e+02 6.532e+02 430 0 2 6.473e+02 6.967e+02 459 2 3 -1.508e+00 4.351e+01 418 3 1 5.248e+02 5.252e+02 4 3 3 4.792e+02 4.868e+02 70 3 2 4.919e+02 5.161e+02 225
46453 8 0 4 6.677e+02 6.763e+02 80 0 2 6.669e+02 6.771e+02 95 0 3 6.327e+02 6.693e+02 340 2 2 3.747e+02 3.813e+02 62 2 1 1.765e+01 2.435e+01 62 2 1 3.867e+02 4.113e+02 229 2 3 3.525e+02 3.615e+02 83 2 4 3.194e+02 3.526e+02 309
46454 0
46456 12 0 3 1.866e+02 1.914e+02 44 0 1 6.048e+02 6.132e+02 77 0 2 1.640e+02 1.720e+02 75 0 4 6.636e+02 6.804e+02 156 0 3 6.002e+02 6.178e+02 163 0 4 1.514e+02 1.846e+02 308 0 4 6.199e+02 6.401e+02 188 0 2 6.168e+02 6.432e+02 246 2 2 3.353e+02 3.367e+02 12 2 4 3.231e+02 3.489e+02 240 2 3 3.012e+02 3.288e+02 257 2 1 3.452e+02 3.688e+02 220
46459 14 0 1 6.075e+02 6.105e+02 27 0 2 6.720e+02 6.720e+02 -9 0 3 5.658e+02 5.682e+02 22 2 2 1.258e+02 1.262e+02 4 2 2 3.360e+02 3.360e+02 -18 2 4 4.200e+01 4.200e+01 -14 2 1 1.277e+02 1.663e+02 358 2 2 4.107e+01 4.293e+01 17 2 3 1.037e+02 1.063e+02 25 2 3 1.287e+02 1.653e+02 340 3 2 1.244e+02 1.276e+02 30 3 4 1.243e+02 1.277e+02 31 3 1 1.306e+02 1.634e+02 304 3 3 1.308e+02 1.632e+02 300
46460 8 0 2 5.385e+02 5.535e+02 139 0 4 6.671e+02 6.769e+02 91 0 4 4.973e+02 5.107e+02 124 0 3 5.579e+02 5.761e+02 169 0 2 4.919e+02 5.161e+02 224 0 1 5.513e+02 5.827e+02 291 0 4 5.680e+02 6.080e+02 372 0 1 4.658e+02 5.002e+02 320
46461 5 0 3 6.510e+02 6.510e+02 -7 0 4 6.157e+02 6.443e+02 266 0 2 6.701e+02 6.739e+02 36 0 4 6.720e+02 6.720e+02 -6 0 1 6.360e+02 6.660e+02 278
46462 9 0 4 8.218e+01 8.582e+01 34 0 3 6.171e+01 6.429e+01 24 0 4 6.695e+02 6.745e+02 46 0 3 1.424e+01 2.776e+01 126 0 3 6.052e+02 6.128e+02 70 0 1 4.234e+00 3.777e+01 311 0 2 6.629e+02 6.811e+02 170 0 1 6.377e+02 6.643e+02 246 0 3 6.340e+02 6.680e+02 316
46463 0
46464 0
46466 6 0 3 5.940e+02 6.240e+02 278 0 1 6.308e+02 6.712e+02 375 0 3 6.274e+02 6.746e+02 438 0 2 6.457e+02 6.983e+02 488 0 4 6.493e+02 6.947e+02 422 1 1 1.303e+02 1.637e+02 310
46467 3 0 2 6.581e+02 6.859e+02 259 0 4 6.567e+02 6.873e+02 285 1 3 3.539e+02 3.601e+02 57
46469 16 0 1 4.391e+02 4.429e+02 35 0 4 4.551e+02 4.689e+02 128 0 3 6.035e+02 6.145e+02 102 0 2 6.626e+02 6.814e+02 174 0 4 4.489e+02 4.751e+02 244 0 4 5.729e+02 6.031e+02 280 0 3 4.215e+02 4.605e+02 363 0 1 5.982e+02 6.198e+02 201 1 4 6.300e+02 6.300e+02 0 1 2 6.219e+02 6.381e+02 150 1 1 6.002e+02 6.178e+02 164 1 3 5.967e+02 6.213e+02 229 1 2 6.151e+02 6.449e+02 276 2 1 9.800e+00 3.220e+01 208 2 3 6.569e+00 3.543e+01 268 3 3 6.383e+02 6.637e+02 236
46470 7 0 4 5.031e+02 5.049e+02 16 0 1 5.649e+02 5.691e+02 40 0 4 6.704e+02 6.736e+02 30 0 3 5.173e+02 5.327e+02 143 0 4 5.815e+02 5.945e+02 120 0 2 4.898e+02 5.182e+02 264 1 4 1.164e+02 1.356e+02 178
46473 17 0 1 6.347e+02 6.673e+02 303 0 4 4.896e+02 5.184e+02 267 0 1 5.877e+02 6.303e+02 396 0 3 6.364e+02 6.656e+02 270 0 1 4.634e+02 5.026e+02 364 0 3 5.431e+02 5.909e+02 445 0 3 5.846e+02 6.334e+02 453 0 4 6.531e+02 6.909e+02 351 0 2 4.859e+02 5.221e+02 336 0 2 6.071e+02 6.529e+02 425 0 2 6.464e+02 6.976e+02 476 0 4 6.092e+02 6.508e+02 386 1 1 5.126e+02 5.374e+02 230 1 1 4.645e+02 5.015e+02 343 2 1 4.819e+00 3.718e+01 300 2 3 2.396e+00 3.960e+01 346 2 4 2.398e+01 6.002e+01 335
46475 0
46477 6 2 3 1.406e+01 2.794e+01 129 2 2 3.574e+01 4.826e+01 116 2 2 6.137e+02 6.463e+02 303 2 3 8.228e+00 3.377e+01 237 2 4 2.290e+01 6.110e+01 355 2 1 1.767e+00 4.023e+01 357
46478 5 0 1 3.557e+02 3.583e+02 25 1 2 2.800e+02 3.080e+02 260 1 3 2.546e+02 2.914e+02 341 2 1 6.465e+02 6.555e+02 84 2 2 6.144e+02 6.456e+02 290
46480 0
46481 2 0 2 5.284e+02 5.636e+02 326 2 1 3.838e+01 8.762e+01 457
