3952 5 2 4 2.933e+02 2.947e+02 12 2 1 3.125e+02 3.175e+02 47 2 3 3.106e+02 3.194e+02 82 2 2 2.820e+02 3.060e+02 222 3 4 5.436e+02 5.484e+02 44
3954 2 0 3 4.586e+02 5.074e+02 454 0 2 4.361e+02 4.879e+02 481
3955 19 0 2 6.284e+02 6.316e+02 29 0 2 6.720e+02 6.720e+02 -7 0 4 6.228e+02 6.372e+02 134 0 4 6.716e+02 6.724e+02 7 0 4 4.154e+02 4.246e+02 86 0 3 6.388e+02 6.632e+02 226 0 4 4.046e+02 4.354e+02 286 0 2 6.592e+02 6.848e+02 237 0 3 4.261e+02 4.559e+02 277 0 4 6.615e+02 6.825e+02 196 0 1 6.374e+02 6.646e+02 252 0 3 6.338e+02 6.682e+02 320 1 4 6.167e+02 6.433e+02 246 2 4 3.252e+02 3.468e+02 200 2 2 1.240e+02 1.280e+02 37 2 4 3.179e+01 5.221e+01 190 2 4 1.210e+02 1.310e+02 93 2 1 6.031e+00 3.597e+01 278 2 3 9.142e+01 1.186e+02 252
3957 4 0 4 6.248e+02 6.352e+02 97 1 2 1.662e+02 1.698e+02 34 1 4 6.158e+02 6.442e+02 264 2 4 5.311e+02 5.609e+02 276
3958 5 0 4 4.188e+02 4.212e+02 22 0 4 2.363e+02 2.677e+02 291 1 2 6.298e+02 6.302e+02 5 1 4 6.169e+02 6.431e+02 243 2 3 1.050e+02 1.050e+02 -4
3959 0
3960 0
3963 1 0 2 6.566e+02 6.874e+02 286
3964 15 0 3 3.975e+02 4.005e+02 28 0 2 5.446e+02 5.474e+02 26 0 4 4.071e+02 4.329e+02 240 0 3 5.505e+02 5.835e+02 306 0 1 6.472e+02 6.548e+02 70 0 1 3.846e+02 4.134e+02 268 0 1 5.481e+02 5.859e+02 350 0 4 6.675e+02 6.765e+02 84 0 3 6.426e+02 6.594e+02 156 0 2 6.643e+02 6.797e+02 144 0 4 6.612e+02 6.828e+02 200 0 3 6.365e+02 6.655e+02 270 0 2 6.516e+02 6.924e+02 380 0 4 6.529e+02 6.911e+02 354 1 2 8.236e+01 8.564e+01 30
3965 38 0 3 4.826e+02 4.834e+02 8 0 1 5.657e+02 5.683e+02 24 0 1 5.246e+02 5.254e+02 7 0 4 6.276e+02 6.324e+02 45 0 3 6.503e+02 6.517e+02 14 0 3 3.873e+02 4.107e+02 217 0 4 4.991e+02 5.089e+02 90 0 3 5.235e+02 5.265e+02 27 0 4 5.863e+02 5.897e+02 31 0 2 6.714e+02 6.726e+02 10 0 3 4.263e+02 4.557e+02 273 0 2 4.909e+02 5.171e+02 244 0 3 6.058e+02 6.122e+02 60 0 4 6.592e+02 6.848e+02 238 0 4 3.932e+02 4.468e+02 497 0 4 4.856e+02 5.224e+02 342 0 3 5.962e+02 6.218e+02 238 0 4 6.534e+02 6.906e+02 345 0 2 4.455e+02 4.785e+02 306 0 3 6.254e+02 6.766e+02 476 1 4 6.295e+02 6.305e+02 9 1 1 5.126e+02 5.374e+02 230 1 2 5.702e+02 6.058e+02 331 1 2 5.304e+02 5.616e+02 290 2 2 1.934e+02 2.266e+02 309 2 4 5.298e+02 5.622e+02 300 2 4 2.766e+02 3.114e+02 323 2 4 6.178e+02 6.422e+02 227 2 4 3.166e+02 3.554e+02 360 2 3 5.884e+01 6.716e+01 77 2 1 5.484e+02 5.856e+02 346 2 2 6.130e+02 6.470e+02 316 2 2 3.309e+01 5.091e+01 166 2 1 4.843e+01 7.757e+01 270 2 1 6.122e+00 3.588e+01 276 2 3 7.781e+00 3.422e+01 246 2 3 4.484e+01 8.116e+01 337 3 3 1.463e+02 1.477e+02 13
3966 1 0 1 1.463e+02 1.477e+02 13
3967 1 0 2 6.549e+02 6.891e+02 317
3969 7 0 2 6.222e+02 6.378e+02 145 0 4 6.231e+02 6.369e+02 129 2 2 4.194e+02 4.206e+02 11 2 3 3.874e+02 4.106e+02 216 2 3 4.606e+01 7.994e+01 315 2 4 4.056e+02 4.344e+02 268 2 1 4.272e+02 4.548e+02 257
3970 3 2 3 2.310e+02 2.310e+02 -12 2 2 2.426e+02 2.614e+02 176 2 1 2.166e+02 2.454e+02 267
3973 3 0 2 2.927e+02 2.953e+02 24 0 4 3.234e+02 3.486e+02 234 0 2 2.749e+02 3.131e+02 355
3974 27 0 4 5.880e+02 5.880e+02 -10 0 2 6.660e+02 6.780e+02 111 0 4 6.676e+02 6.764e+02 82 0 3 5.493e+02 5.847e+02 329 0 1 6.379e+02 6.641e+02 244 0 3 6.355e+02 6.665e+02 288 0 2 6.598e+02 6.842e+02 226 0 4 6.558e+02 6.882e+02 301 0 1 6.260e+02 6.760e+02 464 0 3 6.258e+02 6.762e+02 467 1 4 6.296e+02 6.304e+02 8 1 3 6.029e+02 6.151e+02 113 1 1 4.680e+02 4.980e+02 278 2 3 1.050e+02 1.050e+02 -16 2 4 8.393e+01 8.407e+01 1 2 1 1.470e+02 1.470e+02 -1 2 3 2.277e+02 2.343e+02 62 2 3 2.053e+01 2.147e+01 9 2 2 7.626e+01 9.174e+01 144 2 3 1.433e+02 1.507e+02 70 2 2 4.121e+01 4.279e+01 15 2 3 9.456e+01 1.154e+02 194 2 1 1.347e+02 1.593e+02 228 2 4 1.944e+02 2.256e+02 289 2 2 1.123e+02 1.397e+02 255 2 4 1.144e+02 1.376e+02 215 2 4 6.858e+01 9.942e+01 286
3975 35 0 4 2.513e+02 2.527e+02 12 0 4 3.747e+02 3.813e+02 62 0 1 6.459e+02 6.561e+02 94 0 2 2.481e+02 2.559e+02 73 0 2 5.040e+02 5.040e+02 -19 0 1 2.725e+02 2.735e+02 9 0 3 5.250e+02 5.250e+02 -24 0 4 3.345e+02 3.375e+02 28 0 4 5.860e+02 5.900e+02 37 0 4 1.530e+02 1.830e+02 278 0 4 4.989e+02 5.091e+02 96 0 2 2.863e+02 3.017e+02 142 0 1 5.250e+02 5.250e+02 -15 0 2 3.203e+02 3.517e+02 292 0 1 4.778e+02 4.882e+02 97 0 2 1.066e+02 1.454e+02 360 0 1 5.164e+02 5.336e+02 159 0 3 1.688e+02 2.092e+02 376 0 4 4.892e+02 5.188e+02 276 0 1 2.123e+02 2.497e+02 346 0 2 5.295e+02 5.625e+02 306 0 3 2.631e+02 2.829e+02 183 0 3 4.642e+02 5.018e+02 349 0 1 8.554e+01 1.245e+02 361 0 3 5.524e+02 5.816e+02 271 0 1 1.292e+02 1.648e+02 331 0 2 1.498e+02 1.862e+02 339 1 1 4.826e+02 4.834e+02 8 1 4 5.864e+02 5.896e+02 29 1 2 6.227e+02 6.373e+02 135 1 4 6.114e+02 6.486e+02 345 1 3 4.640e+02 5.020e+02 352 2 3 1.204e+01 2.996e+01 166 2 4 3.340e+01 5.060e+01 160 3 4 3.327e+01 5.073e+01 162
3976 0
3977 9 0 1 4.740e+02 4.920e+02 167 0 2 4.931e+02 5.149e+02 202 0 3 5.077e+02 5.423e+02 322 0 2 6.544e+02 6.896e+02 327 0 4 4.896e+02 5.184e+02 267 0 3 4.639e+02 5.021e+02 356 2 1 1.922e+01 2.278e+01 33 2 3 1.981e+01 2.219e+01 22 2 3 1.388e+01 2.812e+01 132
3978 16 0 1 5.935e+02 6.245e+02 287 1 2 5.819e+02 5.941e+02 113 1 1 6.078e+02 6.102e+02 23 1 4 5.760e+02 6.000e+02 223 1 3 5.982e+02 6.198e+02 200 1 1 5.909e+02 6.271e+02 336 2 4 3.778e+02 3.782e+02 4 2 2 3.337e+02 3.383e+02 43 2 3 5.536e+00 3.646e+01 287 2 4 6.570e+02 6.870e+02 279 2 4 2.795e+02 3.085e+02 269 2 4 3.273e+02 3.447e+02 162 2 3 2.968e+02 3.332e+02 339 2 1 3.418e+02 3.722e+02 282 2 3 3.454e+02 3.686e+02 215 3 1 3.963e+02 4.017e+02 50
3979 1 0 4 6.656e+02 6.784e+02 120
3981 7 0 4 6.588e+02 6.852e+02 245 2 3 4.792e+02 4.868e+02 70 2 4 4.475e+02 4.765e+02 270 2 4 1.926e+02 2.274e+02 323 2 4 4.041e+02 4.359e+02 295 2 3 2.149e+02 2.471e+02 300 2 4 1.008e+02 1.512e+02 468
3982 11 0 3 6.069e+02 6.111e+02 40 0 4 6.199e+02 6.401e+02 187 0 4 4.882e+02 5.198e+02 294 0 4 6.552e+02 6.888e+02 312 0 2 4.871e+02 5.209e+02 313 0 3 4.571e+02 5.089e+02 480 1 4 5.851e+02 5.909e+02 53 1 3 5.519e+02 5.821e+02 280 1 2 6.037e+02 6.563e+02 489 2 4 2.286e+01 6.114e+01 356 2 3 4.767e+01 7.833e+01 285
3983 6 0 2 6.589e+02 6.851e+02 243 0 4 4.097e+02 4.303e+02 192 0 4 6.539e+02 6.901e+02 336 0 3 4.284e+02 4.536e+02 235 0 1 3.837e+02 4.143e+02 284 2 4 1.976e+02 2.224e+02 230
3984 3 1 3 5.657e+02 5.683e+02 25 1 4 5.875e+02 5.885e+02 10 1 3 5.548e+02 5.792e+02 226
3985 0
3987 15 0 1 6.442e+02 6.578e+02 127 0 1 6.022e+02 6.158e+02 127 0 3 6.440e+02 6.580e+02 130 0 1 5.908e+02 6.272e+02 339 0 4 6.643e+02 6.797e+02 143 0 2 6.542e+02 6.898e+02 331 1 1 1.466e+02 1.474e+02 7 1 3 1.435e+02 1.505e+02 66 2 1 1.693e+01 2.507e+01 76 2 2 1.225e+02 1.295e+02 66 2 3 1.729e+01 2.471e+01 69 2 4 6.979e+01 9.821e+01 264 2 3 1.348e+02 1.592e+02 226 2 2 2.097e+01 6.303e+01 390 2 3 9.034e+01 1.197e+02 272
3988 20 0 4 2.512e+02 2.528e+02 15 0 2 3.778e+02 3.782e+02 3 0 3 2.052e+01 2.148e+01 9 0 2 6.703e+02 6.737e+02 31 0 3 2.296e+02 2.324e+02 26 0 4 4.191e+02 4.209e+02 17 0 4 4.049e+01 4.351e+01 28 0 3 5.144e+02 5.356e+02 197 0 4 3.649e+02 3.911e+02 243 0 4 6.689e+02 6.751e+02 57 0 2 2.345e+02 2.695e+02 325 0 3 3.883e+02 4.097e+02 199 0 1 3.419e+02 3.721e+02 280 0 4 4.922e+02 5.158e+02 219 0 1 6.413e+02 6.607e+02 180 0 4 6.589e+02 6.851e+02 243 0 2 6.570e+02 6.870e+02 279 1 2 6.286e+02 6.314e+02 26 1 4 6.173e+02 6.427e+02 236 1 1 5.931e+02 6.249e+02 296
3989 0
3990 6 0 3 5.948e+02 6.232e+02 263 0 4 5.754e+02 6.006e+02 235 2 2 3.740e+02 3.820e+02 74 2 4 3.740e+02 3.820e+02 74 2 1 3.477e+02 3.663e+02 173 2 3 3.400e+02 3.740e+02 316
3991 7 0 1 6.495e+02 6.525e+02 28 0 4 6.242e+02 6.358e+02 107 0 2 6.164e+02 6.436e+02 253 0 3 6.441e+02 6.579e+02 128 0 2 6.588e+02 6.852e+02 246 0 1 6.344e+02 6.676e+02 309 0 4 6.541e+02 6.899e+02 333
3992 13 0 1 6.491e+02 6.529e+02 36 0 2 6.671e+02 6.769e+02 91 0 4 6.669e+02 6.771e+02 94 0 1 6.382e+02 6.638e+02 237 0 3 6.375e+02 6.645e+02 251 1 3 6.069e+02 6.111e+02 40 2 3 1.014e+02 1.086e+02 66 2 1 1.448e+02 1.492e+02 40 2 4 2.931e+02 2.949e+02 17 2 2 1.246e+02 1.274e+02 26 2 2 2.816e+02 3.064e+02 230 2 4 7.984e+01 8.816e+01 77 2 3 3.050e+02 3.250e+02 186
3993 3 2 4 4.062e+02 4.338e+02 257 2 4 4.007e+02 4.393e+02 358 2 4 9.972e+01 1.523e+02 488
3994 0
3996 2 0 2 6.300e+02 6.300e+02 -10 1 1 4.830e+02 4.830e+02 -16
3997 3 1 1 4.316e+02 4.504e+02 175 2 4 4.200e+02 4.200e+02 -14 2 4 4.033e+02 4.367e+02 310
3998 4 0 1 6.076e+02 6.104e+02 26 0 3 6.048e+02 6.132e+02 78 0 2 6.113e+02 6.487e+02 347 0 4 6.163e+02 6.437e+02 254
3999 0
4000 2 0 4 5.848e+02 5.912e+02 59 0 1 5.524e+02 5.816e+02 270
