25820 34 0 3 1.036e+02 1.064e+02 26 0 1 9.281e+01 1.172e+02 226 0 2 6.912e+01 9.888e+01 276 1 2 5.848e+02 5.912e+02 60 1 2 6.095e+02 6.505e+02 380 2 3 1.999e+01 2.201e+01 19 2 4 1.680e+02 1.680e+02 -1 2 1 2.309e+02 2.311e+02 2 2 4 5.002e+02 5.078e+02 71 2 3 2.724e+02 2.736e+02 10 2 3 5.610e+02 5.730e+02 111 2 3 6.122e+01 6.478e+01 33 2 3 4.278e+02 4.542e+02 246 2 2 7.859e+01 8.941e+01 100 2 2 4.589e+02 4.651e+02 58 2 3 1.878e+02 1.902e+02 22 2 3 5.180e+02 5.320e+02 130 2 4 2.509e+02 2.531e+02 21 2 4 4.443e+02 4.797e+02 328 2 2 2.926e+02 2.954e+02 26 2 2 3.704e+01 4.696e+01 92 2 2 6.962e+01 9.838e+01 267 2 2 2.090e+02 2.110e+02 19 2 1 2.707e+02 2.753e+02 42 2 1 5.418e+01 7.182e+01 164 2 4 6.401e+01 1.040e+02 371 2 4 2.046e+02 2.154e+02 100 2 3 2.633e+02 2.827e+02 180 2 3 4.685e+00 3.732e+01 303 2 4 2.399e+02 2.641e+02 225 2 4 2.749e+02 3.131e+02 355 2 4 2.335e+01 6.065e+01 346 2 2 2.368e+02 2.672e+02 282 2 1 3.004e+02 3.296e+02 271
25821 0
25823 0
25824 11 0 4 6.300e+02 6.300e+02 -10 0 3 2.298e+02 2.322e+02 22 0 4 2.889e+02 2.991e+02 96 0 3 6.443e+02 6.577e+02 125 0 4 2.395e+02 2.645e+02 233 0 1 3.040e+02 3.260e+02 205 0 1 6.404e+02 6.616e+02 197 0 2 3.257e+02 3.463e+02 190 0 4 2.750e+02 3.130e+02 352 0 4 3.244e+02 3.476e+02 216 3 1 4.241e+02 4.579e+02 313
25825 1 2 4 1.014e+02 1.506e+02 456
25826 0
25827 6 2 3 1.046e+02 1.054e+02 7 2 1 1.864e+01 2.336e+01 44 2 2 2.272e+01 6.128e+01 358 2 1 3.844e+02 4.136e+02 270 2 2 1.117e+02 1.403e+02 265 2 1 1.716e+02 2.064e+02 324
25828 14 0 4 6.571e+02 6.869e+02 276 0 1 6.319e+02 6.701e+02 356 0 2 6.563e+02 6.877e+02 291 0 3 6.255e+02 6.765e+02 474 2 4 3.358e+02 3.362e+02 3 2 3 2.303e+02 2.317e+02 12 2 1 3.555e+02 3.585e+02 28 2 4 1.198e+02 1.322e+02 115 2 3 1.388e+02 1.552e+02 152 2 2 3.242e+02 3.478e+02 219 2 1 2.182e+02 2.438e+02 238 2 3 3.422e+02 3.718e+02 276 2 1 1.270e+02 1.670e+02 371 3 1 4.345e+01 8.255e+01 363
25830 7 2 4 2.441e+02 2.599e+02 146 3 1 3.990e+02 3.990e+02 -3 3 4 3.708e+02 3.852e+02 135 3 4 4.126e+02 4.274e+02 138 3 2 3.679e+02 3.881e+02 187 3 4 4.895e+02 5.185e+02 269 3 3 3.861e+02 4.119e+02 239
25831 3 0 1 6.500e+02 6.520e+02 19 2 4 5.838e+02 5.922e+02 79 2 2 7.257e+01 9.543e+01 212
25832 17 0 4 6.247e+02 6.353e+02 99 0 3 6.464e+02 6.556e+02 86 0 2 6.173e+02 6.427e+02 236 0 2 1.105e+02 1.415e+02 288 0 1 6.464e+02 6.556e+02 86 0 4 1.479e+02 1.881e+02 373 0 2 6.590e+02 6.850e+02 242 0 4 6.555e+02 6.885e+02 307 2 2 3.360e+02 3.360e+02 -10 2 4 3.284e+02 3.436e+02 140 2 1 3.498e+02 3.642e+02 133 2 4 4.896e+02 5.184e+02 267 2 3 8.454e+00 3.355e+01 233 2 3 3.479e+02 3.661e+02 170 3 4 4.200e+01 4.200e+01 -10 3 3 6.284e+01 6.316e+01 3 3 2 6.966e+01 9.834e+01 266
25833 7 2 1 1.436e+02 1.504e+02 64 2 1 3.076e+02 3.224e+02 138 2 3 5.180e+01 7.420e+01 208 2 3 3.104e+02 3.196e+02 85 2 2 3.171e+02 3.549e+02 351 2 2 2.384e+01 6.016e+01 337 3 3 3.442e+02 3.698e+02 238
25834 3 0 2 5.460e+02 5.460e+02 -8 0 4 6.689e+02 6.751e+02 57 0 4 6.526e+02 6.914e+02 360
25835 6 0 4 6.694e+02 6.746e+02 49 0 2 6.629e+02 6.811e+02 169 2 1 2.017e+01 2.183e+01 16 2 2 3.632e+01 4.768e+01 106 2 1 6.387e+00 3.561e+01 271 2 3 1.186e+01 3.014e+01 170
25836 2 2 4 1.659e+02 1.701e+02 39 2 4 2.781e+02 3.099e+02 295
25838 11 0 2 1.618e+02 1.742e+02 116 0 3 6.026e+02 6.154e+02 119 0 4 3.659e+01 4.741e+01 100 0 3 1.810e+02 1.970e+02 149 0 2 6.589e+01 1.021e+02 336 1 1 5.640e+02 5.700e+02 56 1 4 6.274e+02 6.326e+02 48 1 2 5.849e+02 5.911e+02 58 1 3 5.934e+02 6.246e+02 289 3 2 3.654e+02 3.906e+02 235 3 2 3.575e+02 3.985e+02 380
25840 9 0 4 6.720e+02 6.720e+02 -8 0 2 6.687e+02 6.753e+02 62 0 2 3.562e+02 3.998e+02 405 0 3 4.568e+02 5.092e+02 487 0 4 3.518e+02 4.042e+02 487 2 3 3.970e+02 4.010e+02 38 2 4 3.751e+02 3.809e+02 55 2 1 5.762e+00 3.624e+01 283 2 2 1.972e+01 6.428e+01 414
25842 0
25843 19 0 1 3.121e+02 3.179e+02 55 0 4 6.720e+02 6.720e+02 -10 0 4 5.039e+02 5.041e+02 1 0 4 5.880e+02 5.880e+02 -2 0 2 2.755e+02 3.125e+02 344 0 2 6.720e+02 6.720e+02 -14 0 3 4.767e+02 4.893e+02 117 0 1 6.429e+02 6.591e+02 150 0 2 4.958e+02 5.122e+02 152 0 1 6.336e+02 6.684e+02 323 0 3 6.328e+02 6.692e+02 338 2 3 2.030e+01 2.170e+01 13 2 2 4.045e+01 4.355e+01 29 2 4 7.886e+01 8.914e+01 96 2 3 5.566e+01 7.034e+01 136 2 4 1.150e+02 1.370e+02 204 2 1 1.756e+01 2.444e+01 64 2 3 1.065e+01 3.135e+01 192 2 4 3.628e+01 4.772e+01 106
25847 23 0 2 3.589e+02 3.971e+02 354 0 2 4.837e+02 5.243e+02 376 0 2 6.485e+02 6.955e+02 436 0 4 4.354e+02 4.886e+02 494 0 4 6.480e+02 6.960e+02 446 1 3 5.215e+02 5.285e+02 65 2 1 2.100e+01 2.100e+01 -14 2 4 4.200e+01 4.200e+01 -6 2 3 8.137e+00 3.386e+01 239 2 1 1.686e+02 2.094e+02 380 2 1 -1.286e+00 4.329e+01 414 2 3 4.215e+02 4.605e+02 362 2 2 1.053e+02 1.467e+02 384 2 4 4.378e+02 4.862e+02 450 2 3 1.254e+02 1.686e+02 400 2 1 3.968e+01 8.632e+01 433 2 4 3.957e+02 4.443e+02 450 2 2 6.306e+01 1.049e+02 389 2 4 4.805e+02 5.275e+02 436 2 2 1.484e+02 1.876e+02 365 2 4 6.414e+01 1.039e+02 369 3 4 1.142e+02 1.378e+02 220 3 4 1.855e+01 6.545e+01 436
25850 1 2 4 4.027e+02 4.373e+02 320
25851 31 0 2 5.350e+02 5.570e+02 204 0 2 6.193e+02 6.407e+02 199 0 2 6.623e+02 6.817e+02 180 0 4 6.170e+02 6.430e+02 240 0 1 6.390e+02 6.630e+02 222 1 4 6.273e+02 6.327e+02 50 2 4 6.289e+02 6.311e+02 20 2 4 3.780e+02 3.780e+02 -11 2 3 3.963e+02 4.017e+02 50 2 1 1.693e+01 2.507e+01 76 2 3 6.510e+02 6.510e+02 -8 2 4 1.245e+02 1.275e+02 28 2 2 4.171e+02 4.229e+02 54 2 3 1.452e+02 1.488e+02 33 2 3 4.698e+02 4.962e+02 246 2 4 2.070e+02 2.130e+02 56 2 2 6.705e+02 6.735e+02 27 2 2 2.887e+02 2.993e+02 98 2 1 4.237e+02 4.583e+02 320 2 4 3.708e+01 4.692e+01 91 2 3 6.360e+02 6.660e+02 279 2 2 8.379e+01 8.421e+01 4 2 4 2.916e+02 2.964e+02 45 2 4 3.641e+02 3.919e+02 258 2 3 5.041e+01 7.559e+01 234 2 4 7.280e+01 9.520e+01 208 2 1 3.023e+02 3.277e+02 236 2 1 4.749e+01 7.851e+01 288 2 2 1.074e+02 1.446e+02 346 2 3 2.973e+02 3.327e+02 328 2 1 2.935e+00 3.907e+01 336
25852 0
25853 6 0 4 5.832e+02 5.928e+02 89 0 2 6.651e+02 6.789e+02 129 0 1 5.978e+02 6.202e+02 209 0 4 6.649e+02 6.791e+02 132 0 3 5.944e+02 6.236e+02 270 0 1 6.363e+02 6.657e+02 273
25854 2 0 2 5.304e+02 5.616e+02 290 0 3 5.432e+02 5.908e+02 442
25855 13 0 2 2.482e+02 2.558e+02 71 0 2 6.207e+02 6.393e+02 173 0 3 2.682e+02 2.778e+02 89 0 3 6.429e+02 6.591e+02 151 0 1 2.166e+02 2.454e+02 267 0 4 6.162e+02 6.438e+02 256 0 4 2.738e+02 3.142e+02 375 0 1 6.388e+02 6.632e+02 226 2 1 2.708e+02 2.752e+02 41 2 4 2.408e+02 2.632e+02 209 2 3 2.670e+02 2.790e+02 112 2 4 1.122e+02 1.398e+02 256 2 2 2.349e+02 2.691e+02 317
25856 9 0 4 2.517e+02 2.523e+02 6 0 2 2.497e+02 2.543e+02 43 0 3 2.228e+02 2.392e+02 152 0 2 2.370e+02 2.670e+02 279 2 4 7.809e+01 8.991e+01 110 2 4 4.187e+02 4.213e+02 25 2 2 4.156e+02 4.244e+02 82 2 1 4.337e+02 4.483e+02 136 2 3 4.252e+02 4.568e+02 293
25857 5 2 4 1.530e+02 1.830e+02 278 2 3 2.135e+02 2.485e+02 326 2 3 1.706e+02 2.074e+02 342 2 3 1.265e+02 1.675e+02 380 2 4 1.440e+02 1.920e+02 446
25859 10 0 2 5.374e+02 5.546e+02 159 0 2 6.682e+02 6.758e+02 70 0 1 5.576e+02 5.764e+02 174 0 4 6.576e+02 6.864e+02 268 0 3 5.572e+02 5.768e+02 182 0 1 6.311e+02 6.709e+02 370 2 4 6.264e+02 6.336e+02 66 2 4 2.097e+02 2.103e+02 6 2 4 2.005e+02 2.195e+02 177 2 3 1.734e+02 2.046e+02 289
25860 5 0 3 5.956e+02 6.224e+02 248 0 4 6.128e+02 6.472e+02 319 0 4 5.748e+02 6.012e+02 246 0 1 5.887e+02 6.293e+02 376 2 4 3.348e+02 3.372e+02 23
25862 5 0 2 6.544e+02 6.896e+02 326 0 4 6.507e+02 6.933e+02 396 2 2 3.340e+01 5.060e+01 160 2 4 7.549e+01 9.251e+01 158 2 1 4.606e+01 7.994e+01 315
25863 3 0 2 6.658e+02 6.782e+02 116 0 4 6.637e+02 6.803e+02 154 1 2 6.106e+02 6.494e+02 360
25864 26 0 1 6.475e+02 6.545e+02 66 0 2 5.418e+02 5.502e+02 77 0 3 6.446e+02 6.574e+02 118 0 1 5.619e+02 5.721e+02 95 0 4 6.112e+02 6.488e+02 349 0 2 6.647e+02 6.793e+02 136 0 3 5.513e+02 5.827e+02 291 0 3 5.895e+02 6.285e+02 361 0 4 6.639e+02 6.801e+02 150 0 2 5.256e+02 5.664e+02 379 0 2 6.050e+02 6.550e+02 465 0 2 6.545e+02 6.895e+02 325 0 1 5.832e+02 6.348e+02 480 0 4 6.531e+02 6.909e+02 351 0 1 6.335e+02 6.685e+02 326 1 4 6.115e+02 6.485e+02 343 2 2 1.234e+02 1.286e+02 49 2 4 1.218e+02 1.302e+02 79 2 2 5.260e+02 5.660e+02 372 2 4 2.066e+01 6.334e+01 396 2 4 6.382e+01 1.042e+02 375 2 1 5.469e+02 5.871e+02 373 2 2 1.599e+01 6.801e+01 483 2 3 8.631e+01 1.237e+02 347 3 3 6.067e+02 6.113e+02 42 3 3 2.214e+02 2.406e+02 178
25865 12 0 3 6.090e+02 6.090e+02 -14 0 3 5.648e+02 5.692e+02 41 0 3 5.186e+02 5.314e+02 120 0 1 5.569e+02 5.771e+02 188 2 1 2.100e+01 2.100e+01 -20 2 4 5.869e+02 5.891e+02 20 2 4 1.655e+02 1.705e+02 46 2 3 1.644e+01 2.556e+01 85 2 3 6.090e+02 6.090e+02 -14 2 2 1.247e+02 1.273e+02 24 2 2 1.625e+02 1.735e+02 101 2 4 8.263e+01 8.537e+01 26
25866 0
25867 8 0 4 5.768e+02 5.992e+02 208 0 3 5.939e+02 6.241e+02 280 2 2 3.982e+01 4.418e+01 40 2 4 3.892e+01 4.508e+01 57 2 1 1.025e+01 3.175e+01 200 2 3 1.227e+01 2.973e+01 162 3 2 1.260e+02 1.260e+02 -23 3 1 1.050e+02 1.050e+02 -20
25869 3 3 2 6.701e+02 6.739e+02 36 3 4 6.696e+02 6.744e+02 45 3 3 6.321e+02 6.699e+02 351
25870 15 0 2 6.604e+02 6.836e+02 216 2 2 8.070e+01 8.730e+01 61 2 1 5.180e+02 5.320e+02 130 2 4 8.168e+01 8.632e+01 43 2 4 4.937e+02 5.143e+02 190 2 3 8.797e+01 1.220e+02 316 2 3 5.214e+02 5.286e+02 66 2 2 5.280e+02 5.640e+02 335 3 2 1.679e+02 1.681e+02 1 3 4 1.590e+02 1.770e+02 166 3 3 1.318e+02 1.622e+02 283 3 1 5.629e+01 6.971e+01 125 3 1 1.645e+02 2.135e+02 456 3 3 5.494e+01 7.106e+01 150 3 4 3.062e+01 5.338e+01 211
25871 12 0 2 6.709e+02 6.731e+02 21 0 3 5.670e+02 5.670e+02 -2 0 4 6.168e+02 6.432e+02 245 0 1 6.464e+02 6.556e+02 86 0 4 3.622e+02 3.938e+02 293 0 1 5.605e+02 5.735e+02 121 0 2 6.153e+02 6.447e+02 274 0 3 6.449e+02 6.571e+02 114 0 2 5.291e+02 5.629e+02 313 0 4 6.679e+02 6.761e+02 76 1 2 6.256e+02 6.344e+02 81 2 4 2.712e+01 5.688e+01 276
