28297 30 0 4 6.289e+02 6.311e+02 20 0 1 6.396e+02 6.624e+02 212 0 3 5.587e+02 5.753e+02 155 0 4 5.820e+02 5.940e+02 112 0 3 6.397e+02 6.623e+02 210 0 1 5.518e+02 5.822e+02 282 0 3 6.005e+02 6.175e+02 158 0 2 6.582e+02 6.858e+02 256 0 1 5.952e+02 6.228e+02 256 0 4 6.568e+02 6.872e+02 283 0 3 5.012e+02 5.488e+02 442 0 2 6.170e+02 6.430e+02 240 0 3 6.304e+02 6.716e+02 383 0 4 6.146e+02 6.454e+02 286 1 4 6.103e+02 6.497e+02 366 2 3 5.391e+01 7.209e+01 169 2 1 9.483e+01 1.152e+02 189 2 4 2.850e+02 3.030e+02 167 2 2 3.295e+01 5.105e+01 168 2 3 9.003e+01 1.200e+02 278 2 1 3.047e+02 3.253e+02 192 2 4 2.986e+01 5.414e+01 226 2 4 6.634e+01 1.017e+02 328 2 3 2.967e+02 3.333e+02 340 2 1 7.286e+00 3.471e+01 255 2 2 6.275e+01 1.053e+02 395 2 3 1.050e+00 4.095e+01 370 2 4 6.095e+01 1.070e+02 428 2 1 3.838e+01 8.762e+01 457 2 4 1.604e+01 6.796e+01 482
28298 39 0 1 2.707e+02 2.753e+02 43 0 2 6.718e+02 6.722e+02 5 0 4 5.003e+02 5.077e+02 69 0 1 2.985e+02 3.315e+02 307 0 3 5.662e+02 5.678e+02 15 0 4 3.201e+02 3.519e+02 296 0 3 6.071e+02 6.109e+02 35 0 1 2.539e+02 2.921e+02 356 0 4 6.706e+02 6.734e+02 26 0 2 6.299e+02 6.301e+02 1 0 1 6.503e+02 6.517e+02 12 0 4 6.299e+02 6.301e+02 2 0 3 6.502e+02 6.518e+02 15 0 1 6.067e+02 6.113e+02 42 0 4 6.197e+02 6.403e+02 190 0 4 5.767e+02 5.993e+02 210 0 4 6.111e+02 6.489e+02 350 0 3 5.899e+02 6.281e+02 355 1 2 6.299e+02 6.301e+02 2 1 3 4.784e+02 4.876e+02 86 1 4 6.263e+02 6.337e+02 69 1 2 4.499e+02 4.741e+02 224 1 1 4.702e+02 4.958e+02 237 1 4 6.106e+02 6.494e+02 360 2 3 2.048e+01 2.152e+01 10 2 2 5.863e+02 5.897e+02 32 2 2 2.493e+02 2.547e+02 50 2 4 2.405e+02 2.635e+02 214 2 3 5.203e+02 5.297e+02 87 2 1 2.590e+02 2.870e+02 260 2 4 5.846e+02 5.914e+02 63 2 4 3.179e+01 5.221e+01 190 2 4 4.894e+02 5.186e+02 271 2 3 2.134e+02 2.486e+02 327 2 2 5.344e+02 5.576e+02 215 2 4 2.339e+02 2.701e+02 336 2 3 5.947e+02 6.233e+02 266 2 1 5.579e+02 5.761e+02 170 2 1 5.108e+02 5.392e+02 264
28301 14 1 3 6.005e+02 6.175e+02 157 1 4 6.146e+02 6.454e+02 286 1 4 5.226e+02 5.694e+02 434 1 2 6.083e+02 6.517e+02 403 2 3 1.406e+02 1.534e+02 120 2 4 6.222e+02 6.378e+02 146 2 1 1.410e+02 1.530e+02 111 2 2 6.127e+02 6.473e+02 322 2 3 6.375e+02 6.645e+02 250 2 4 1.096e+02 1.424e+02 304 2 2 1.537e+02 1.823e+02 266 2 2 1.034e+02 1.486e+02 420 3 3 1.411e+02 1.529e+02 109 3 3 1.273e+02 1.667e+02 366
28302 18 0 3 5.247e+02 5.253e+02 6 0 3 5.611e+02 5.729e+02 109 0 2 6.192e+02 6.408e+02 201 0 1 5.182e+02 5.318e+02 126 0 4 6.229e+02 6.371e+02 132 0 2 5.410e+02 5.510e+02 92 0 4 5.760e+02 6.000e+02 222 0 1 5.563e+02 5.777e+02 198 0 1 5.932e+02 6.248e+02 294 0 3 5.549e+02 5.791e+02 224 0 3 5.944e+02 6.236e+02 270 1 1 6.058e+02 6.122e+02 60 1 2 6.202e+02 6.398e+02 182 1 4 6.240e+02 6.360e+02 110 1 3 6.003e+02 6.177e+02 161 1 4 6.169e+02 6.431e+02 243 2 4 1.255e+02 1.265e+02 10 2 2 4.537e+02 4.703e+02 154
28303 4 2 4 3.779e+02 3.781e+02 2 2 3 3.926e+02 4.054e+02 119 2 1 3.927e+02 4.053e+02 117 2 2 4.042e+02 4.358e+02 293
28308 51 0 1 6.510e+02 6.510e+02 -17 0 3 3.979e+02 4.001e+02 21 0 2 3.780e+02 3.780e+02 -4 0 4 4.620e+02 4.620e+02 -22 0 2 2.898e+02 2.982e+02 77 0 4 5.880e+02 5.880e+02 -13 0 2 3.654e+02 3.906e+02 234 0 3 6.510e+02 6.510e+02 -17 0 1 2.967e+02 3.333e+02 340 0 3 4.830e+02 4.830e+02 -9 0 4 3.703e+02 3.857e+02 142 0 3 5.187e+02 5.313e+02 117 0 2 6.275e+02 6.325e+02 47 0 2 6.720e+02 6.720e+02 -7 0 1 3.885e+02 4.095e+02 196 0 2 4.595e+02 4.645e+02 46 0 2 5.423e+02 5.497e+02 68 0 4 6.300e+02 6.300e+02 -1 0 4 6.720e+02 6.720e+02 -10 0 1 4.771e+02 4.889e+02 109 0 1 5.534e+02 5.806e+02 252 0 1 6.053e+02 6.127e+02 69 0 2 4.466e+02 4.774e+02 286 0 3 5.518e+02 5.822e+02 282 0 3 6.002e+02 6.178e+02 163 0 4 4.877e+02 5.203e+02 302 1 3 6.090e+02 6.090e+02 -1 1 4 5.040e+02 5.040e+02 -7 1 4 5.878e+02 5.882e+02 4 1 1 4.223e+02 4.597e+02 347 1 2 6.298e+02 6.302e+02 3 1 3 5.488e+02 5.852e+02 339 1 4 6.296e+02 6.304e+02 8 1 4 6.181e+02 6.419e+02 221 1 1 6.003e+02 6.177e+02 161 1 4 6.116e+02 6.484e+02 342 2 2 4.193e+01 4.207e+01 1 2 4 2.940e+02 2.940e+02 -14 2 2 3.310e+02 3.410e+02 93 2 3 5.237e+02 5.263e+02 24 2 2 1.260e+02 1.260e+02 -10 2 4 4.940e+02 5.140e+02 186 2 1 1.453e+02 1.487e+02 32 2 3 5.100e+02 5.400e+02 278 2 3 3.069e+02 3.231e+02 150 2 3 1.321e+01 2.879e+01 145 2 3 1.366e+02 1.574e+02 193 2 4 2.999e+01 5.401e+01 223 2 3 9.631e+01 1.137e+02 161 2 1 4.807e+01 7.793e+01 277 2 2 1.109e+02 1.411e+02 280
28310 30 0 4 5.865e+02 5.895e+02 28 0 3 6.492e+02 6.528e+02 33 0 2 5.003e+02 5.077e+02 68 0 1 5.527e+02 5.813e+02 266 0 3 6.083e+02 6.097e+02 13 0 2 6.709e+02 6.731e+02 20 0 1 4.318e+02 4.502e+02 171 0 2 4.587e+02 4.653e+02 62 0 2 6.273e+02 6.327e+02 50 0 4 6.717e+02 6.723e+02 5 0 3 4.258e+02 4.562e+02 283 0 4 4.583e+02 4.657e+02 68 0 3 5.477e+02 5.863e+02 358 0 4 6.275e+02 6.325e+02 46 0 1 6.485e+02 6.535e+02 46 0 2 4.480e+02 4.760e+02 260 0 1 6.022e+02 6.158e+02 126 0 4 6.609e+02 6.831e+02 206 0 2 4.863e+02 5.217e+02 329 0 1 5.894e+02 6.286e+02 365 0 1 6.357e+02 6.663e+02 285 0 4 4.429e+02 4.811e+02 355 0 3 6.390e+02 6.630e+02 222 0 2 6.565e+02 6.875e+02 287 0 4 6.551e+02 6.889e+02 314 1 2 6.224e+02 6.376e+02 140 1 4 6.197e+02 6.403e+02 191 2 4 2.434e+02 2.606e+02 160 2 3 2.159e+02 2.461e+02 280 2 3 2.597e+02 2.863e+02 247
28314 0
28316 7 0 4 4.561e+02 4.679e+02 110 0 2 4.529e+02 4.711e+02 170 0 1 4.237e+02 4.583e+02 320 0 3 4.230e+02 4.590e+02 335 1 1 6.059e+02 6.121e+02 58 1 4 6.203e+02 6.397e+02 180 3 1 1.738e+01 2.462e+01 67
28318 8 0 4 2.931e+02 2.949e+02 16 0 2 6.709e+02 6.731e+02 21 0 2 6.581e+02 6.859e+02 259 0 2 6.508e+02 6.932e+02 394 0 4 6.461e+02 6.979e+02 481 2 3 6.293e+01 6.307e+01 1 2 4 3.987e+01 4.413e+01 40 2 4 5.826e+01 1.097e+02 478
28320 13 0 1 6.510e+02 6.510e+02 -4 0 3 6.503e+02 6.517e+02 13 0 2 6.704e+02 6.736e+02 29 0 4 6.683e+02 6.757e+02 69 1 3 6.022e+02 6.158e+02 126 1 2 6.155e+02 6.445e+02 270 1 4 6.154e+02 6.446e+02 270 2 1 1.940e+01 2.260e+01 30 2 4 3.789e+01 4.611e+01 76 2 1 5.633e+01 6.967e+01 124 2 2 3.242e+01 5.158e+01 178 2 3 4.982e+01 7.618e+01 245 2 1 7.646e+00 3.435e+01 248
28321 6 3 1 4.400e+02 4.420e+02 18 3 3 3.926e+02 4.054e+02 119 3 2 4.193e+02 4.207e+02 14 3 3 3.822e+02 4.158e+02 311 3 2 4.092e+02 4.308e+02 201 3 1 4.259e+02 4.561e+02 280
28322 13 0 1 2.141e+02 2.479e+02 313 0 2 2.336e+02 2.704e+02 341 0 4 2.361e+02 2.679e+02 296 0 3 2.111e+02 2.509e+02 370 1 4 2.427e+02 2.613e+02 172 1 3 2.210e+02 2.410e+02 186 1 4 2.841e+02 3.039e+02 185 1 2 2.424e+02 2.616e+02 179 1 2 2.756e+02 3.124e+02 342 1 2 1.866e+02 2.334e+02 436 1 3 2.576e+02 2.884e+02 286 1 1 2.496e+02 2.964e+02 436 1 1 2.044e+02 2.576e+02 495
28323 13 0 1 5.250e+02 5.250e+02 -4 0 3 5.197e+02 5.303e+02 99 0 2 3.597e+02 3.963e+02 340 0 2 5.352e+02 5.568e+02 200 1 3 6.018e+02 6.162e+02 134 1 2 5.795e+02 5.965e+02 157 1 4 6.184e+02 6.416e+02 215 1 4 5.720e+02 6.040e+02 298 1 1 5.909e+02 6.271e+02 336 2 4 5.460e+02 5.460e+02 -4 2 1 5.667e+02 5.673e+02 6 2 3 5.608e+02 5.732e+02 116 2 2 5.743e+02 6.017e+02 254
28328 4 0 4 6.615e+02 6.825e+02 195 0 3 6.345e+02 6.675e+02 307 2 3 5.485e+01 7.115e+01 151 2 4 5.934e+01 1.087e+02 458
28329 20 0 4 1.673e+02 1.687e+02 12 0 2 6.691e+02 6.749e+02 54 0 4 7.545e+01 9.255e+01 159 0 4 6.649e+02 6.791e+02 131 0 2 2.396e+02 2.644e+02 230 0 1 3.903e+02 4.077e+02 162 0 4 2.819e+02 3.061e+02 226 0 1 6.394e+02 6.626e+02 216 0 2 1.126e+02 1.394e+02 249 0 4 4.074e+02 4.326e+02 235 0 1 1.372e+02 1.568e+02 182 0 1 4.220e+02 4.600e+02 353 0 3 2.561e+02 2.899e+02 313 0 2 6.746e+01 1.005e+02 307 0 2 2.755e+02 3.125e+02 343 1 3 5.645e+02 5.695e+02 46 1 3 6.068e+02 6.112e+02 40 1 4 5.733e+02 6.027e+02 273 1 2 6.265e+02 6.335e+02 66 1 4 6.134e+02 6.466e+02 308
28330 5 3 3 4.802e+02 4.858e+02 51 3 2 4.985e+02 5.095e+02 103 3 1 4.778e+02 4.882e+02 97 3 2 4.893e+02 5.187e+02 272 3 4 4.844e+02 5.236e+02 365
28332 2 2 3 2.691e+02 2.769e+02 73 2 4 2.777e+02 3.103e+02 302
28333 0
28335 2 0 3 4.830e+02 4.830e+02 -10 0 1 6.510e+02 6.510e+02 -14
28338 0
28340 5 2 4 3.668e+02 3.892e+02 209 2 1 4.320e+02 4.500e+02 166 2 3 3.387e+02 3.753e+02 340 2 2 4.053e+02 4.347e+02 273 2 2 3.598e+02 3.962e+02 339
28341 8 0 2 6.202e+02 6.398e+02 181 0 2 5.352e+02 5.568e+02 200 0 1 5.071e+02 5.429e+02 332 2 2 4.143e+01 4.257e+01 10 2 4 3.636e+01 4.764e+01 105 2 1 1.617e+01 2.583e+01 90 2 2 3.196e+01 5.204e+01 186 2 3 7.825e+00 3.418e+01 245
28344 5 1 2 5.823e+02 5.937e+02 106 1 1 5.554e+02 5.786e+02 216 2 1 2.707e+02 2.753e+02 43 2 4 6.273e+02 6.327e+02 50 2 4 4.435e+02 4.805e+02 343
28345 6 1 2 8.258e+01 8.542e+01 26 1 3 1.052e+01 3.148e+01 195 1 1 9.479e+01 1.152e+02 190 1 4 7.388e+01 9.412e+01 188 1 2 7.190e+01 9.610e+01 225 1 3 9.757e+01 1.124e+02 138
28347 11 0 4 5.033e+02 5.047e+02 13 0 2 5.422e+02 5.498e+02 71 0 1 4.729e+02 4.931e+02 188 0 3 4.733e+02 4.927e+02 180 0 1 5.065e+02 5.435e+02 344 0 3 5.090e+02 5.410e+02 297 2 3 1.050e+02 1.050e+02 -10 2 3 1.438e+01 2.762e+01 123 2 3 6.973e+00 3.503e+01 260 2 4 6.917e+01 9.883e+01 276 2 2 1.081e+02 1.439e+02 333
28352 12 2 4 2.510e+02 2.530e+02 19 2 2 2.418e+02 2.622e+02 190 2 2 4.959e+02 5.121e+02 151 2 3 2.150e+02 2.470e+02 297 2 1 5.115e+02 5.385e+02 250 2 3 5.111e+02 5.389e+02 258 3 4 4.183e+02 4.217e+02 31 3 3 4.823e+02 4.837e+02 14 3 1 5.652e+02 5.688e+02 34 3 4 3.644e+02 3.916e+02 253 3 2 5.008e+02 5.072e+02 60 3 2 5.729e+02 6.031e+02 280
28353 18 2 3 6.024e+01 6.576e+01 51 2 2 1.260e+02 1.260e+02 -2 2 4 2.898e+02 2.982e+02 78 2 3 1.411e+01 2.789e+01 128 2 4 1.146e+02 1.374e+02 212 2 1 1.390e+02 1.550e+02 148 2 1 3.081e+02 3.219e+02 128 2 2 3.161e+02 3.559e+02 370 2 2 2.797e+01 5.603e+01 260 2 4 7.024e+01 9.776e+01 256 2 3 3.086e+02 3.214e+02 119 2 4 2.627e+01 5.773e+01 292 2 3 9.299e+01 1.170e+02 223 2 4 2.762e+02 3.118e+02 330 2 1 4.632e+01 7.968e+01 310 2 2 2.754e+02 3.126e+02 346 2 3 4.260e+01 8.340e+01 379 2 1 1.319e+00 4.068e+01 366
28354 18 0 2 6.298e+02 6.302e+02 3 0 1 6.037e+02 6.143e+02 99 0 3 6.007e+02 6.173e+02 155 0 1 6.262e+02 6.758e+02 460 0 4 6.239e+02 6.361e+02 113 0 3 6.263e+02 6.757e+02 459 0 1 5.940e+02 6.240e+02 278 0 3 5.917e+02 6.263e+02 322 1 2 6.201e+02 6.399e+02 184 2 1 6.297e+01 6.303e+01 0 2 4 8.227e+01 8.573e+01 32 2 4 1.642e+02 1.718e+02 71 2 4 4.200e+01 4.200e+01 -6 2 2 8.052e+01 8.748e+01 65 2 2 3.650e+01 4.750e+01 102 2 4 7.648e+01 9.152e+01 140 2 1 5.243e+01 7.357e+01 196 2 3 5.113e+01 7.487e+01 220
28355 6 2 1 6.190e+01 6.410e+01 20 2 4 8.092e+01 8.708e+01 57 2 2 3.188e+01 5.212e+01 188 2 4 3.479e+01 4.921e+01 134 2 3 5.050e+01 7.550e+01 232 2 4 2.447e+01 5.953e+01 326
28357 1 3 3 4.810e+02 4.850e+02 37
28358 6 1 3 6.045e+02 6.135e+02 83 1 4 6.187e+02 6.413e+02 210 1 2 6.133e+02 6.467e+02 310 2 4 2.464e+02 2.576e+02 105 2 4 1.245e+02 1.275e+02 28 2 3 5.624e+02 5.716e+02 86
28360 8 0 1 9.120e+01 1.188e+02 256 0 2 6.569e+02 6.871e+02 280 1 2 6.291e+02 6.309e+02 16 1 4 3.355e+02 3.365e+02 10 2 4 4.143e+01 4.257e+01 10 2 3 2.172e+02 2.448e+02 257 2 4 2.564e+01 5.836e+01 304 2 4 1.116e+02 1.404e+02 268
