22060 47 0 1 6.027e+02 6.153e+02 117 0 2 6.686e+02 6.754e+02 64 0 3 6.069e+02 6.111e+02 40 0 4 6.704e+02 6.736e+02 30 0 4 6.195e+02 6.405e+02 196 0 1 6.438e+02 6.582e+02 134 0 3 5.948e+02 6.232e+02 264 0 3 6.337e+02 6.683e+02 322 0 2 6.166e+02 6.434e+02 249 0 2 6.558e+02 6.882e+02 301 0 4 6.137e+02 6.463e+02 302 1 4 6.300e+02 6.300e+02 -0 2 3 1.873e+01 2.327e+01 42 2 3 4.409e+02 4.411e+02 1 2 4 8.178e+01 8.622e+01 41 2 1 4.823e+02 4.837e+02 12 2 3 1.443e+02 1.497e+02 50 2 4 6.260e+02 6.340e+02 74 2 2 2.505e+02 2.535e+02 27 2 1 3.975e+02 4.005e+02 27 2 4 3.767e+02 3.793e+02 24 2 4 5.004e+02 5.076e+02 67 2 1 1.878e+01 2.322e+01 41 2 4 4.141e+02 4.259e+02 109 2 3 1.025e+02 1.075e+02 46 2 2 4.525e+02 4.715e+02 176 2 4 1.663e+02 1.697e+02 31 2 3 5.117e+02 5.383e+02 246 2 4 2.441e+02 2.599e+02 147 2 3 3.868e+02 4.112e+02 227 2 2 3.633e+02 3.927e+02 274 2 4 4.574e+02 4.666e+02 85 2 3 1.200e+01 3.000e+01 167 2 3 4.694e+02 4.966e+02 252 2 2 1.220e+02 1.300e+02 75 2 2 4.889e+02 5.191e+02 280 2 1 1.883e+02 1.897e+02 14 2 1 2.544e+02 2.916e+02 345 2 3 2.127e+00 3.987e+01 350 2 4 1.226e+02 1.294e+02 63 2 3 1.799e+02 1.981e+02 169 2 3 4.372e+01 8.228e+01 358 2 2 7.967e+01 8.833e+01 80 2 3 1.317e+02 1.623e+02 285 2 4 1.156e+02 1.364e+02 194 2 2 1.513e+02 1.847e+02 310 2 3 9.003e+01 1.200e+02 278
22061 0
22062 20 0 3 4.681e+02 4.979e+02 277 0 1 6.355e+02 6.665e+02 287 0 2 3.604e+02 3.956e+02 327 0 1 4.593e+02 5.067e+02 440 0 4 3.570e+02 3.990e+02 390 0 3 5.498e+02 5.842e+02 319 0 1 5.918e+02 6.262e+02 319 0 1 3.318e+02 3.822e+02 468 0 3 6.325e+02 6.695e+02 343 0 2 4.834e+02 5.246e+02 383 0 1 5.048e+02 5.452e+02 376 0 3 5.863e+02 6.317e+02 422 0 4 4.808e+02 5.272e+02 430 0 3 5.078e+02 5.422e+02 320 0 1 5.456e+02 5.884e+02 398 2 4 3.199e+02 3.521e+02 300 2 4 2.314e+02 2.726e+02 382 2 4 2.753e+02 3.127e+02 348 2 2 3.139e+02 3.581e+02 410 2 1 4.207e-01 4.158e+01 382
22063 7 0 4 3.760e+02 3.800e+02 37 0 4 6.714e+02 6.726e+02 10 0 2 6.129e+02 6.471e+02 318 1 3 4.783e+02 4.877e+02 88 1 3 5.632e+02 5.708e+02 71 1 2 2.876e+02 3.004e+02 119 1 1 6.032e+02 6.148e+02 108
22066 0
22067 7 0 3 2.299e+02 2.321e+02 21 0 2 2.517e+02 2.523e+02 5 1 1 5.244e+02 5.256e+02 11 1 3 5.189e+02 5.311e+02 113 1 3 5.498e+02 5.842e+02 319 1 2 4.854e+02 5.226e+02 346 1 2 5.274e+02 5.646e+02 346
22068 7 0 2 6.284e+02 6.316e+02 30 0 3 5.651e+02 5.689e+02 35 0 3 6.456e+02 6.564e+02 100 0 1 5.225e+02 5.275e+02 46 0 4 6.618e+02 6.822e+02 189 0 2 5.365e+02 5.555e+02 177 0 1 5.501e+02 5.839e+02 315
22069 7 0 3 6.090e+02 6.090e+02 0 0 4 6.720e+02 6.720e+02 -24 0 1 6.072e+02 6.108e+02 34 0 1 6.495e+02 6.525e+02 28 0 4 6.143e+02 6.457e+02 292 0 2 6.631e+02 6.809e+02 166 2 3 5.979e+01 6.621e+01 60
22072 3 2 3 2.296e+02 2.324e+02 26 2 4 3.560e+01 4.840e+01 119 2 4 1.985e+02 2.215e+02 213
22073 73 0 1 6.477e+02 6.543e+02 60 0 4 2.072e+02 2.128e+02 51 0 1 4.403e+02 4.417e+02 12 0 4 3.706e+02 3.854e+02 138 0 2 4.587e+02 4.653e+02 62 0 3 1.793e+02 1.987e+02 180 0 3 5.224e+02 5.276e+02 49 0 2 1.933e+02 2.267e+02 310 0 4 5.835e+02 5.925e+02 84 0 3 6.472e+02 6.548e+02 71 0 3 4.387e+02 4.433e+02 43 0 4 4.559e+02 4.681e+02 113 0 2 5.445e+02 5.475e+02 27 0 1 6.058e+02 6.122e+02 60 0 2 6.715e+02 6.725e+02 10 0 1 4.735e+02 4.925e+02 176 0 1 5.600e+02 5.740e+02 130 0 3 6.080e+02 6.100e+02 18 0 4 6.705e+02 6.735e+02 28 0 3 4.748e+02 4.912e+02 152 0 3 5.649e+02 5.691e+02 40 0 2 6.279e+02 6.321e+02 40 0 2 4.887e+02 5.193e+02 284 0 1 5.170e+02 5.330e+02 149 0 4 6.257e+02 6.343e+02 80 0 4 4.932e+02 5.148e+02 200 0 1 5.070e+02 5.430e+02 335 0 4 5.757e+02 6.003e+02 228 0 2 4.442e+02 4.798e+02 330 0 4 5.692e+02 6.068e+02 350 0 4 4.440e+02 4.800e+02 335 0 3 4.648e+02 5.012e+02 338 1 3 2.730e+02 2.730e+02 0 1 3 5.234e+02 5.266e+02 29 1 4 5.878e+02 5.882e+02 3 1 1 6.077e+02 6.103e+02 25 1 2 5.032e+02 5.048e+02 15 1 4 5.443e+02 5.477e+02 32 1 3 6.074e+02 6.106e+02 30 1 1 4.787e+02 4.873e+02 80 1 1 5.648e+02 5.692e+02 40 1 2 6.294e+02 6.306e+02 10 1 3 5.602e+02 5.738e+02 126 1 4 6.254e+02 6.346e+02 85 1 2 5.863e+02 5.897e+02 31 1 3 5.973e+02 6.207e+02 217 1 2 5.370e+02 5.550e+02 166 1 1 5.965e+02 6.215e+02 233 1 3 5.529e+02 5.811e+02 261 1 2 5.748e+02 6.012e+02 246 1 4 5.295e+02 5.625e+02 306 2 2 4.018e+01 4.382e+01 34 2 3 3.976e+02 4.004e+02 26 2 4 2.089e+02 2.111e+02 20 2 3 6.059e+02 6.121e+02 58 2 4 4.125e+01 4.275e+01 14 2 2 5.870e+02 5.890e+02 18 2 3 2.200e+02 2.420e+02 204 2 4 2.875e+02 3.005e+02 120 2 4 5.781e+02 5.979e+02 183 2 1 5.844e+01 6.756e+01 85 2 4 6.555e+02 6.885e+02 306 2 2 1.934e+02 2.266e+02 309 2 1 1.671e+01 2.529e+01 80 2 1 2.159e+02 2.461e+02 280 2 1 5.238e+01 7.362e+01 197 2 2 2.329e+02 2.711e+02 356 2 3 5.382e+01 7.218e+01 170 2 3 6.344e+00 3.566e+01 272 2 2 2.492e+01 5.908e+01 317 2 3 4.273e+01 8.327e+01 376 3 1 1.411e+01 2.789e+01 128 3 1 1.541e+00 4.046e+01 361
22074 23 1 1 3.526e+02 3.614e+02 81 1 3 3.520e+02 3.620e+02 92 1 2 3.638e+02 3.922e+02 264 1 4 3.630e+02 3.930e+02 279 2 3 1.020e+02 1.080e+02 56 2 2 6.697e+01 1.010e+02 316 2 4 6.652e+01 1.015e+02 325 3 2 8.339e+01 8.461e+01 11 3 3 1.050e+02 1.050e+02 -2 3 4 7.895e+01 8.905e+01 94 3 2 1.679e+02 1.681e+02 2 3 4 1.242e+02 1.278e+02 33 3 1 5.189e+01 7.411e+01 206 3 4 1.678e+02 1.682e+02 4 3 2 7.096e+01 9.704e+01 242 3 1 1.425e+02 1.515e+02 84 3 2 1.535e+02 1.825e+02 270 3 4 6.863e+01 9.937e+01 286 3 3 1.409e+02 1.531e+02 113 3 3 9.313e+01 1.169e+02 220 3 4 1.133e+02 1.387e+02 236 3 1 9.156e+01 1.184e+02 250 3 4 1.073e+02 1.447e+02 348
22075 2 2 1 1.496e+01 2.704e+01 112 2 2 2.865e+01 5.535e+01 248
22076 19 0 2 4.596e+02 4.644e+02 44 0 2 5.430e+02 5.490e+02 56 0 3 6.061e+02 6.119e+02 54 0 4 6.641e+02 6.799e+02 147 0 2 2.709e+02 3.171e+02 429 0 4 4.577e+02 4.663e+02 80 0 4 3.126e+02 3.594e+02 435 0 3 5.124e+02 5.376e+02 235 0 4 5.764e+02 5.996e+02 216 0 2 6.640e+02 6.800e+02 149 0 3 4.722e+02 4.938e+02 201 0 1 5.082e+02 5.418e+02 311 0 1 5.976e+02 6.204e+02 212 0 1 4.659e+02 5.001e+02 317 0 1 5.825e+02 6.355e+02 493 0 3 5.836e+02 6.344e+02 472 2 2 4.200e+01 4.200e+01 -4 2 4 4.112e+01 4.288e+01 16 2 1 4.624e+01 7.976e+01 311
22077 0
22078 15 0 1 9.182e+01 1.182e+02 245 2 4 2.421e+02 2.619e+02 185 2 3 2.584e+02 2.876e+02 270 2 4 3.013e+01 5.387e+01 220 3 2 6.284e+02 6.316e+02 30 3 2 3.360e+02 3.360e+02 -3 3 4 4.603e+02 4.637e+02 32 3 4 5.011e+02 5.069e+02 55 3 2 4.558e+02 4.682e+02 116 3 1 4.814e+02 4.846e+02 30 3 1 3.837e+02 4.143e+02 284 3 3 4.797e+02 4.863e+02 60 3 2 4.431e+02 4.809e+02 351 3 4 4.465e+02 4.775e+02 288 3 3 5.131e+02 5.369e+02 221
22079 16 0 4 4.613e+02 4.627e+02 14 0 1 4.830e+02 4.830e+02 -10 0 1 4.326e+02 4.494e+02 156 0 4 4.984e+02 5.096e+02 104 0 3 4.231e+02 4.589e+02 333 0 2 4.586e+02 4.654e+02 64 0 2 4.909e+02 5.171e+02 244 2 4 3.360e+02 3.360e+02 -8 2 3 1.470e+02 1.470e+02 -18 2 3 3.551e+02 3.589e+02 36 2 1 1.396e+02 1.544e+02 137 2 4 4.464e+02 4.776e+02 289 2 1 3.417e+02 3.723e+02 285 2 4 1.133e+02 1.387e+02 236 2 2 1.536e+02 1.824e+02 268 2 2 3.632e+02 3.928e+02 276
22080 2 2 1 2.039e+01 2.161e+01 11 2 4 3.744e+02 3.816e+02 67
22082 16 0 4 2.896e+02 2.984e+02 82 1 1 2.726e+02 2.734e+02 7 1 1 2.531e+02 2.929e+02 370 1 2 6.152e+02 6.448e+02 275 2 1 1.644e+01 2.556e+01 85 2 3 2.030e+01 2.170e+01 13 2 2 3.183e+01 5.217e+01 189 2 4 2.667e+01 5.733e+01 285 3 1 3.953e+02 4.027e+02 69 3 1 4.788e+02 4.872e+02 77 3 1 4.377e+02 4.443e+02 62 3 3 4.811e+02 4.849e+02 35 3 2 4.506e+02 4.734e+02 211 3 2 4.863e+02 5.217e+02 329 3 4 4.450e+02 4.790e+02 316 3 1 4.648e+02 5.012e+02 337
22085 8 0 1 3.961e+02 4.019e+02 54 0 2 6.693e+02 6.747e+02 50 0 3 3.987e+02 3.993e+02 6 0 4 6.713e+02 6.727e+02 12 0 2 3.595e+02 3.965e+02 343 0 4 4.044e+02 4.356e+02 290 0 1 6.341e+02 6.679e+02 314 0 3 6.320e+02 6.700e+02 352
22089 25 0 1 6.506e+02 6.514e+02 8 0 4 5.023e+02 5.057e+02 32 0 3 5.218e+02 5.282e+02 59 0 2 6.280e+02 6.320e+02 36 0 3 6.484e+02 6.536e+02 48 0 1 4.804e+02 4.856e+02 49 0 4 6.243e+02 6.357e+02 106 0 2 6.661e+02 6.779e+02 109 0 2 4.988e+02 5.092e+02 96 0 1 5.932e+02 6.248e+02 293 0 4 6.632e+02 6.808e+02 164 0 3 4.634e+02 5.026e+02 365 0 3 6.355e+02 6.665e+02 288 0 2 6.534e+02 6.906e+02 346 0 4 6.559e+02 6.881e+02 299 1 3 5.240e+02 5.260e+02 18 1 4 5.432e+02 5.488e+02 52 1 2 4.999e+02 5.081e+02 76 1 3 5.670e+02 5.670e+02 -2 1 1 4.729e+02 4.931e+02 188 1 4 5.765e+02 5.995e+02 214 1 2 5.340e+02 5.580e+02 222 1 1 5.488e+02 5.852e+02 337 2 4 4.090e+01 4.310e+01 20 2 4 7.020e+01 9.780e+01 256
22090 13 0 4 5.847e+02 5.913e+02 60 0 3 6.090e+02 6.090e+02 -20 0 4 6.132e+02 6.468e+02 311 0 4 5.756e+02 6.004e+02 230 1 3 2.268e+02 2.352e+02 78 1 1 5.653e+02 5.687e+02 31 1 4 5.838e+02 5.922e+02 79 1 2 2.093e+02 2.107e+02 14 1 2 2.479e+02 2.561e+02 76 1 3 5.573e+02 5.767e+02 180 1 4 2.426e+02 2.614e+02 174 1 2 5.716e+02 6.044e+02 304 2 2 2.609e+01 5.791e+01 296
22091 6 0 1 6.480e+02 6.540e+02 56 1 2 6.167e+02 6.433e+02 246 2 4 1.221e+02 1.299e+02 73 2 1 1.405e+02 1.535e+02 120 2 2 1.139e+02 1.381e+02 225 2 3 1.362e+02 1.578e+02 200
22092 5 2 1 5.979e+01 6.621e+01 60 2 1 4.821e+01 7.779e+01 275 2 4 1.114e+02 1.406e+02 271 2 2 2.369e+02 2.671e+02 281 2 2 2.909e+01 5.491e+01 240
22095 12 0 4 5.817e+02 5.943e+02 117 0 2 6.683e+02 6.757e+02 68 0 2 6.231e+02 6.369e+02 128 0 4 6.636e+02 6.804e+02 156 0 4 6.195e+02 6.405e+02 195 0 3 6.381e+02 6.639e+02 239 0 4 5.679e+02 6.081e+02 374 0 1 6.355e+02 6.665e+02 288 0 4 6.463e+02 6.977e+02 476 1 2 6.289e+02 6.311e+02 20 1 4 6.132e+02 6.468e+02 311 1 2 6.051e+02 6.549e+02 463
22097 0
22098 8 0 4 5.032e+02 5.048e+02 15 0 1 4.762e+02 4.898e+02 126 0 2 4.983e+02 5.097e+02 106 0 3 4.697e+02 4.963e+02 247 1 4 4.617e+02 4.623e+02 5 3 3 5.449e+00 3.655e+01 289 3 3 2.947e+02 3.353e+02 376 3 1 3.817e+02 4.163e+02 320
22099 3 0 4 6.654e+02 6.786e+02 123 0 2 6.648e+02 6.792e+02 134 0 3 6.346e+02 6.674e+02 304
22101 3 2 4 2.056e+02 2.144e+02 82 2 1 2.308e+02 2.312e+02 5 2 3 2.205e+02 2.415e+02 195
22103 1 0 3 4.180e+02 4.640e+02 426
22104 46 0 4 6.290e+02 6.310e+02 18 0 4 5.024e+02 5.056e+02 30 0 2 2.504e+02 2.536e+02 30 0 1 6.039e+02 6.141e+02 95 0 4 2.865e+02 3.015e+02 140 0 3 6.496e+02 6.524e+02 26 0 2 2.876e+02 3.004e+02 120 0 2 4.584e+02 4.656e+02 67 0 3 6.077e+02 6.103e+02 24 0 2 3.604e+02 3.956e+02 327 0 2 6.712e+02 6.728e+02 15 0 3 4.702e+02 4.958e+02 238 0 4 5.814e+02 5.946e+02 122 0 4 6.694e+02 6.746e+02 49 0 1 4.635e+02 5.025e+02 361 0 2 6.142e+02 6.458e+02 294 0 1 6.450e+02 6.570e+02 110 0 3 4.644e+02 5.016e+02 345 0 4 6.196e+02 6.404e+02 194 1 2 4.176e+02 4.224e+02 45 1 1 6.079e+02 6.101e+02 21 1 1 3.964e+02 4.016e+02 48 1 2 4.914e+02 5.166e+02 234 1 3 4.276e+02 4.544e+02 248 1 3 5.533e+02 5.807e+02 254 1 4 4.034e+02 4.366e+02 308 1 2 6.291e+02 6.309e+02 17 1 2 5.717e+02 6.043e+02 302 1 1 4.215e+02 4.605e+02 363 1 4 6.270e+02 6.330e+02 56 1 3 6.035e+02 6.145e+02 101 1 1 5.897e+02 6.283e+02 359 2 1 1.461e+02 1.479e+02 17 2 4 2.924e+02 2.956e+02 30 2 2 3.757e+01 4.643e+01 82 2 4 1.247e+02 1.273e+02 24 2 3 1.415e+02 1.525e+02 102 2 2 2.393e+02 2.647e+02 236 2 1 3.146e+02 3.154e+02 7 2 4 3.417e+01 4.983e+01 146 2 2 8.231e+01 8.569e+01 31 2 4 2.417e+02 2.623e+02 190 2 3 3.081e+02 3.219e+02 129 2 1 4.992e+01 7.608e+01 243 2 2 1.177e+02 1.343e+02 155 2 3 2.133e+02 2.487e+02 329
22105 10 0 1 5.247e+02 5.253e+02 5 0 1 5.175e+02 5.325e+02 139 0 3 5.093e+02 5.407e+02 291 0 2 5.326e+02 5.594e+02 249 2 3 1.034e+02 1.066e+02 30 2 2 1.260e+02 1.260e+02 0 2 2 8.400e+01 8.400e+01 -6 2 2 1.173e+02 1.347e+02 161 2 2 7.172e+01 9.628e+01 228 2 4 1.116e+02 1.404e+02 268
22106 6 2 3 3.944e+02 4.036e+02 85 2 2 4.123e+02 4.277e+02 142 2 1 3.836e+02 4.144e+02 286 2 4 4.046e+02 4.354e+02 286 3 4 4.180e+02 4.220e+02 36 3 1 3.438e+02 3.702e+02 245
22108 6 0 2 6.654e+02 6.786e+02 122 0 1 4.676e+02 4.984e+02 286 0 4 6.652e+02 6.788e+02 127 2 1 2.062e+01 2.138e+01 7 2 3 2.066e+01 2.134e+01 6 2 2 2.439e+01 5.961e+01 327
22112 3 0 2 6.205e+02 6.395e+02 177 0 1 6.388e+02 6.632e+02 227 0 3 6.420e+02 6.600e+02 168
22114 2 0 3 6.035e+02 6.145e+02 103 0 4 6.230e+02 6.370e+02 130
22116 1 2 1 5.557e+01 7.043e+01 138
22117 3 0 1 6.025e+02 6.155e+02 121 0 3 6.482e+02 6.538e+02 51 0 4 6.555e+02 6.885e+02 306
22118 12 0 1 6.005e+02 6.175e+02 158 0 2 6.644e+02 6.796e+02 141 0 2 5.325e+02 5.595e+02 250 0 4 6.204e+02 6.396e+02 178 0 4 6.637e+02 6.803e+02 154 0 3 5.473e+02 5.867e+02 366 0 4 5.738e+02 6.022e+02 264 0 1 6.371e+02 6.649e+02 258 0 1 5.443e+02 5.897e+02 421 0 2 6.172e+02 6.428e+02 238 0 3 6.259e+02 6.761e+02 466 0 3 5.843e+02 6.337e+02 459
22119 67 0 4 3.359e+02 3.361e+02 2 0 3 4.830e+02 4.830e+02 -3 0 1 2.310e+02 2.310e+02 -17 0 1 5.664e+02 5.676e+02 10 0 4 2.498e+02 2.542e+02 41 0 4 5.880e+02 5.880e+02 -6 0 4 3.210e+02 3.510e+02 278 0 2 6.720e+02 6.720e+02 -11 0 4 6.907e+01 9.893e+01 277 0 1 4.400e+02 4.420e+02 19 0 3 2.233e+02 2.387e+02 144 0 2 5.040e+02 5.040e+02 -16 0 2 2.356e+02 2.684e+02 304 0 3 5.669e+02 5.671e+02 1 0 3 6.081e+02 6.099e+02 17 0 4 6.720e+02 6.720e+02 -12 0 3 4.380e+02 4.440e+02 56 0 4 5.031e+02 5.049e+02 16 0 1 5.250e+02 5.250e+02 -10 0 1 6.030e+02 6.150e+02 112 0 1 6.510e+02 6.510e+02 -14 0 1 4.311e+02 4.509e+02 183 0 1 4.798e+02 4.862e+02 59 0 3 5.193e+02 5.307e+02 106 0 4 5.644e+02 6.116e+02 439 0 3 6.497e+02 6.523e+02 25 0 3 3.868e+02 4.112e+02 226 0 4 4.906e+02 5.174e+02 248 0 3 5.090e+02 5.410e+02 297 0 1 6.410e+02 6.610e+02 186 0 4 4.028e+02 4.372e+02 320 0 2 4.523e+02 4.717e+02 180 0 2 5.334e+02 5.586e+02 235 0 1 6.337e+02 6.683e+02 321 0 1 4.708e+02 4.952e+02 226 0 3 4.683e+02 4.977e+02 273 1 4 5.460e+02 5.460e+02 -3 1 2 6.300e+02 6.300e+02 -16 1 2 4.097e+02 4.303e+02 192 1 1 5.230e+02 5.270e+02 38 1 4 5.880e+02 5.880e+02 -14 1 4 6.281e+02 6.319e+02 36 1 1 5.653e+02 5.687e+02 31 1 1 5.994e+02 6.186e+02 178 1 3 5.597e+02 5.743e+02 136 1 3 5.959e+02 6.221e+02 244 1 2 5.829e+02 5.931e+02 95 1 2 5.370e+02 5.550e+02 167 2 1 2.730e+02 2.730e+02 -4 2 4 3.780e+02 3.780e+02 -8 2 1 4.403e+02 4.417e+02 14 2 3 6.261e+01 6.339e+01 7 2 4 6.205e+02 6.395e+02 177 2 2 1.658e+02 1.702e+02 40 2 3 3.985e+02 3.995e+02 10 2 4 2.488e+02 2.552e+02 59 2 2 4.200e+02 4.200e+02 -11 2 1 1.940e+01 2.260e+01 30 2 4 1.621e+02 1.739e+02 109 2 2 2.404e+02 2.636e+02 216 2 3 1.590e+01 2.610e+01 95 2 1 1.356e+02 1.584e+02 212 2 3 2.587e+02 2.873e+02 266 2 2 3.677e+01 4.723e+01 97 2 3 1.331e+02 1.609e+02 259 2 2 2.501e+01 5.899e+01 316 3 3 4.659e+01 7.941e+01 305
22120 18 0 3 5.055e+02 5.445e+02 361 0 2 6.567e+02 6.873e+02 285 0 3 5.450e+02 5.890e+02 408 0 4 5.642e+02 6.118e+02 441 0 1 6.286e+02 6.734e+02 416 0 3 6.261e+02 6.759e+02 462 0 2 6.496e+02 6.944e+02 416 0 4 6.475e+02 6.965e+02 456 1 2 5.447e+02 5.473e+02 25 1 3 5.591e+02 5.749e+02 147 2 2 2.493e+02 2.547e+02 50 2 4 2.070e+02 2.130e+02 56 2 3 2.706e+02 2.754e+02 46 2 2 2.386e+02 2.654e+02 248 2 3 2.154e+02 2.466e+02 290 3 2 6.553e+02 6.887e+02 310 3 4 1.895e+02 2.305e+02 380 3 4 6.567e+02 6.873e+02 284
22121 4 0 1 3.499e+02 3.641e+02 131 2 3 4.814e+02 4.846e+02 30 2 4 4.581e+02 4.659e+02 72 2 4 3.168e+02 3.552e+02 357
22122 3 3 1 1.849e+02 1.931e+02 76 3 1 1.441e+02 1.499e+02 53 3 1 2.269e+02 2.351e+02 76
