4785 5 1 3 5.243e+02 5.257e+02 13 1 4 5.718e+02 6.042e+02 301 1 3 5.509e+02 5.831e+02 300 2 1 1.940e+01 2.260e+01 30 2 3 3.799e+02 4.181e+02 355
4786 13 0 4 4.617e+02 4.623e+02 6 0 2 3.334e+02 3.386e+02 48 0 4 4.179e+02 4.221e+02 40 0 4 3.268e+02 3.452e+02 170 0 3 3.967e+02 4.013e+02 42 0 2 6.617e+02 6.823e+02 190 0 2 3.167e+02 3.553e+02 359 1 2 6.146e+02 6.454e+02 286 2 2 3.524e+01 4.876e+01 126 2 4 1.257e+02 1.263e+02 5 2 3 1.285e+01 2.915e+01 151 2 3 1.001e+02 1.099e+02 91 2 4 2.896e+01 5.504e+01 242
4787 3 2 2 3.346e+02 3.374e+02 26 2 1 1.734e+01 2.466e+01 68 2 3 1.344e+02 1.596e+02 234
4788 2 1 4 6.300e+02 6.300e+02 0 1 4 6.109e+02 6.491e+02 356
4789 12 0 1 2.297e+02 2.323e+02 24 0 4 4.193e+02 4.207e+02 12 0 2 1.985e+02 2.215e+02 213 0 4 4.066e+02 4.334e+02 249 0 4 2.007e+02 2.193e+02 173 0 1 2.189e+02 2.431e+02 225 0 3 2.230e+02 2.390e+02 149 1 3 6.090e+02 6.090e+02 -0 1 1 3.047e+02 3.253e+02 190 1 2 5.801e+02 5.959e+02 146 1 2 3.223e+02 3.497e+02 255 2 4 2.919e+02 2.961e+02 39
4790 0
4791 3 0 4 5.860e+02 5.900e+02 38 0 3 5.485e+02 5.855e+02 343 2 4 4.933e+02 5.147e+02 200
4792 0
4793 5 0 4 6.537e+02 6.903e+02 340 1 1 6.077e+02 6.103e+02 25 1 4 4.138e+02 4.262e+02 115 1 2 6.285e+02 6.315e+02 28 1 4 6.179e+02 6.421e+02 225
4794 0
4795 0
4796 0
4797 7 0 4 4.989e+02 5.091e+02 95 0 1 5.138e+02 5.362e+02 208 0 2 4.521e+02 4.719e+02 184 0 1 4.725e+02 4.935e+02 195 3 1 3.136e+02 3.164e+02 26 3 3 3.119e+02 3.181e+02 57 3 4 3.224e+02 3.496e+02 252
4798 2 0 4 6.300e+02 6.300e+02 -4 0 2 6.249e+02 6.351e+02 95
4799 9 0 1 6.421e+02 6.599e+02 165 0 2 2.881e+02 2.999e+02 110 0 2 5.019e+02 5.061e+02 39 0 4 4.934e+02 5.146e+02 197 0 3 5.113e+02 5.387e+02 254 0 1 4.659e+02 5.001e+02 318 1 1 6.048e+02 6.132e+02 79 1 2 5.777e+02 5.983e+02 190 1 4 6.122e+02 6.478e+02 331
4802 7 0 1 5.663e+02 5.677e+02 12 2 2 4.200e+01 4.200e+01 -22 2 3 4.830e+02 4.830e+02 -19 2 4 4.200e+01 4.200e+01 -5 2 4 3.644e+02 3.916e+02 252 2 1 2.093e+01 2.107e+01 1 2 3 5.283e+01 7.317e+01 189
4803 0
4804 47 0 1 5.628e+02 5.712e+02 78 0 4 2.088e+02 2.112e+02 22 0 2 6.699e+02 6.741e+02 40 0 4 8.115e+01 8.685e+01 53 0 3 4.390e+02 4.430e+02 37 0 1 5.449e+01 7.151e+01 158 0 2 5.040e+02 5.040e+02 -0 0 3 5.579e+01 7.021e+01 134 0 3 5.189e+02 5.311e+02 114 0 2 6.418e+01 1.038e+02 368 0 4 5.845e+02 5.915e+02 65 0 1 6.500e+02 6.520e+02 18 0 1 4.281e+02 4.539e+02 240 0 4 5.033e+02 5.047e+02 12 0 2 5.360e+02 5.560e+02 186 0 1 5.971e+02 6.209e+02 220 0 3 6.461e+02 6.559e+02 91 0 4 4.548e+02 4.692e+02 134 0 3 5.081e+02 5.419e+02 313 0 3 5.903e+02 6.277e+02 348 0 4 4.913e+02 5.167e+02 236 0 2 6.156e+02 6.444e+02 267 0 1 4.650e+02 5.010e+02 335 0 4 6.141e+02 6.459e+02 295 1 3 6.079e+02 6.101e+02 20 1 4 6.236e+02 6.364e+02 119 1 1 5.981e+02 6.199e+02 202 1 2 5.709e+02 6.051e+02 318 1 2 6.159e+02 6.441e+02 262 2 4 6.293e+02 6.307e+02 14 2 1 1.725e+01 2.475e+01 70 2 1 6.481e+02 6.539e+02 55 2 4 1.257e+02 1.263e+02 6 2 4 4.928e+02 5.152e+02 209 2 3 1.462e+02 1.478e+02 15 2 3 5.554e+02 5.786e+02 216 2 3 6.300e+00 3.570e+01 273 2 2 6.174e+02 6.426e+02 235 2 2 1.639e+02 1.721e+02 76 2 3 6.388e+02 6.632e+02 227 2 4 1.126e+02 1.394e+02 249 2 4 5.321e+02 5.599e+02 259 2 4 1.615e+02 1.745e+02 120 2 4 5.693e+02 6.067e+02 348 2 3 8.684e+01 1.232e+02 337 2 1 1.364e+02 1.576e+02 197 3 1 9.171e+00 3.283e+01 220
4805 7 0 4 6.544e+02 6.896e+02 327 2 2 6.720e+02 6.720e+02 -10 2 1 6.118e+00 3.588e+01 276 3 3 6.459e+02 6.561e+02 96 3 1 6.436e+02 6.584e+02 138 3 4 6.630e+02 6.810e+02 168 3 2 6.604e+02 6.836e+02 215
4806 24 0 1 6.510e+02 6.510e+02 -7 0 2 5.460e+02 5.460e+02 -6 0 3 6.510e+02 6.510e+02 -7 0 3 5.611e+02 5.729e+02 110 0 2 6.720e+02 6.720e+02 -2 0 4 6.715e+02 6.725e+02 10 0 1 6.424e+02 6.596e+02 160 0 4 6.550e+02 6.890e+02 316 1 4 6.300e+02 6.300e+02 -6 1 2 6.283e+02 6.317e+02 31 1 4 1.228e+02 1.292e+02 60 1 1 6.012e+02 6.168e+02 145 1 3 5.918e+02 6.262e+02 319 1 4 6.719e+01 1.008e+02 312 2 4 4.620e+02 4.620e+02 0 2 4 4.200e+01 4.200e+01 -20 2 3 4.719e+02 4.941e+02 206 2 1 6.243e+01 6.357e+01 10 2 4 6.162e+02 6.438e+02 256 2 2 7.343e+01 9.457e+01 196 2 4 6.627e+02 6.813e+02 172 2 3 6.167e+01 6.433e+01 25 2 2 4.869e+02 5.211e+02 317 2 2 2.456e+01 5.944e+01 324
4807 15 0 2 6.201e+02 6.399e+02 184 0 1 2.489e+02 2.971e+02 447 0 3 6.479e+02 6.541e+02 57 0 4 6.704e+02 6.736e+02 30 0 1 6.473e+02 6.547e+02 69 2 4 3.758e+02 3.802e+02 40 2 1 4.398e+02 4.422e+02 21 2 1 5.907e+01 6.693e+01 73 2 3 5.673e+01 6.927e+01 116 2 3 3.967e+02 4.013e+02 43 2 4 2.999e+01 5.401e+01 223 2 2 4.099e+02 4.301e+02 188 2 3 1.704e+02 2.076e+02 345 2 2 2.546e+01 5.854e+01 307 2 1 3.783e+02 4.197e+02 384
4808 43 0 1 4.830e+02 4.830e+02 -12 0 2 2.520e+02 2.520e+02 -8 0 3 2.727e+02 2.733e+02 6 0 2 5.030e+02 5.050e+02 19 0 2 5.388e+02 5.532e+02 134 0 2 1.973e+02 2.227e+02 236 0 1 6.032e+02 6.148e+02 108 0 4 2.907e+02 2.973e+02 60 0 1 6.495e+02 6.525e+02 27 0 4 5.023e+02 5.057e+02 31 0 1 5.578e+02 5.762e+02 170 0 3 6.058e+02 6.122e+02 59 0 1 4.783e+02 4.877e+02 88 0 1 5.097e+02 5.403e+02 284 0 2 6.210e+02 6.390e+02 168 0 2 6.720e+02 6.720e+02 0 0 3 4.753e+02 4.907e+02 143 0 3 5.073e+02 5.427e+02 328 0 4 6.227e+02 6.373e+02 136 0 2 4.521e+02 4.719e+02 183 0 4 6.158e+02 6.442e+02 264 0 4 5.727e+02 6.033e+02 284 1 4 6.300e+02 6.300e+02 -23 1 1 6.074e+02 6.106e+02 29 1 3 6.081e+02 6.099e+02 17 2 2 3.865e+01 4.535e+01 62 2 3 1.050e+02 1.050e+02 -24 2 4 1.638e+02 1.722e+02 78 2 4 2.090e+02 2.110e+02 18 2 1 2.697e+02 2.763e+02 60 2 4 4.200e+01 4.200e+01 -4 2 2 2.499e+02 2.541e+02 40 2 4 2.833e+02 3.047e+02 199 2 4 3.661e+02 3.899e+02 220 2 3 1.626e+01 2.574e+01 88 2 4 6.688e+01 1.011e+02 318 2 3 2.222e+02 2.398e+02 164 2 3 3.037e+02 3.263e+02 210 2 1 4.678e+01 7.922e+01 301 2 4 2.363e+02 2.677e+02 291 2 3 2.554e+02 2.906e+02 327 2 3 2.133e+02 2.487e+02 330 2 2 2.756e+02 3.124e+02 342
4809 0
4810 7 0 3 2.034e+01 2.166e+01 12 0 4 2.972e+01 5.428e+01 228 2 3 1.017e+02 1.083e+02 60 2 3 1.020e+01 3.180e+01 200 2 4 3.180e+02 3.540e+02 335 2 2 1.052e+02 1.468e+02 386 2 4 6.548e+01 1.025e+02 344
4811 68 0 1 5.646e+02 5.694e+02 45 0 1 6.090e+02 6.090e+02 -6 0 3 4.363e+02 4.457e+02 88 0 1 4.796e+02 4.864e+02 63 0 3 5.614e+02 5.726e+02 105 0 3 6.076e+02 6.104e+02 26 0 2 6.669e+02 6.771e+02 96 0 4 4.150e+02 4.250e+02 93 0 3 4.717e+02 4.943e+02 210 0 4 5.793e+02 5.967e+02 161 0 4 6.674e+02 6.766e+02 86 0 3 4.302e+02 4.518e+02 200 0 2 4.947e+02 5.133e+02 173 0 4 6.170e+02 6.430e+02 241 0 1 6.398e+02 6.622e+02 207 0 1 3.853e+02 4.127e+02 255 0 2 4.525e+02 4.715e+02 177 0 2 6.129e+02 6.471e+02 317 0 3 6.397e+02 6.623e+02 210 0 4 4.455e+02 4.785e+02 306 1 2 6.300e+02 6.300e+02 0 1 4 4.182e+02 4.218e+02 34 1 4 6.297e+02 6.303e+02 6 1 1 5.515e+02 5.825e+02 288 1 1 5.969e+02 6.211e+02 224 1 4 5.712e+02 6.048e+02 312 1 3 5.992e+02 6.188e+02 182 2 4 5.460e+02 5.460e+02 -16 2 3 3.150e+02 3.150e+02 -12 2 4 6.294e+02 6.306e+02 11 2 1 2.043e+01 2.157e+01 10 2 2 1.260e+02 1.260e+02 -2 2 4 4.579e+02 4.661e+02 76 2 2 1.654e+02 1.706e+02 49 2 3 6.491e+02 6.529e+02 35 2 1 2.295e+02 2.325e+02 27 2 2 2.883e+02 2.997e+02 106 2 3 4.803e+02 4.857e+02 50 2 4 3.870e+01 4.530e+01 61 2 4 6.695e+02 6.745e+02 46 2 2 8.400e+01 8.400e+01 -1 2 1 1.850e+02 1.930e+02 75 2 1 4.702e+02 4.958e+02 238 2 4 2.444e+02 2.596e+02 141 2 4 2.892e+02 2.988e+02 90 2 2 4.897e+02 5.183e+02 265 2 2 3.198e+02 3.522e+02 300 2 1 5.754e+01 6.846e+01 101 2 4 7.244e+01 9.556e+01 215 2 3 1.821e+02 1.959e+02 129 2 2 2.014e+02 2.186e+02 159 2 1 2.678e+02 2.782e+02 96 2 3 5.723e+01 6.877e+01 107 2 4 1.087e+02 1.433e+02 320 2 3 1.390e+02 1.550e+02 148 2 4 2.024e+02 2.176e+02 141 2 3 2.626e+02 2.834e+02 194 2 3 1.456e+01 2.744e+01 120 2 2 1.532e+02 1.828e+02 276 2 2 2.378e+02 2.662e+02 264 2 3 5.132e+00 3.687e+01 295 2 4 1.514e+02 1.846e+02 308 2 3 2.132e+02 2.488e+02 330 3 1 1.036e+02 1.064e+02 26 3 2 8.209e+01 8.591e+01 36 3 4 2.909e+01 5.491e+01 240 3 3 5.140e+01 7.460e+01 216 3 1 1.761e+01 2.439e+01 63
4812 5 0 3 5.233e+02 5.267e+02 32 0 2 5.315e+02 5.605e+02 270 2 3 1.042e+02 1.058e+02 15 2 4 7.128e+01 9.672e+01 236 2 1 3.382e+00 3.862e+01 327
4813 5 2 2 8.285e+01 8.515e+01 21 2 3 4.803e+01 7.797e+01 278 2 4 7.495e+01 9.305e+01 168 3 1 1.888e+02 1.892e+02 4 3 1 1.735e+02 2.045e+02 288
4814 9 0 2 6.689e+02 6.751e+02 58 0 1 6.345e+02 6.675e+02 306 1 3 5.641e+02 5.699e+02 54 1 3 3.150e+02 3.150e+02 -6 1 1 4.824e+02 4.836e+02 11 1 2 5.443e+02 5.477e+02 32 1 3 2.613e+02 2.847e+02 217 1 4 6.248e+02 6.352e+02 97 1 4 5.770e+02 5.990e+02 204
4815 18 0 1 4.818e+02 4.842e+02 22 0 1 6.445e+02 6.575e+02 121 0 4 4.987e+02 5.093e+02 98 0 2 5.382e+02 5.538e+02 146 0 1 6.005e+02 6.175e+02 157 0 4 6.630e+02 6.810e+02 168 0 3 4.723e+02 4.937e+02 198 0 3 5.600e+02 5.740e+02 130 0 2 6.207e+02 6.393e+02 172 0 3 6.411e+02 6.609e+02 183 0 2 4.910e+02 5.170e+02 242 0 1 5.537e+02 5.803e+02 246 0 3 5.983e+02 6.197e+02 199 0 2 6.617e+02 6.823e+02 192 1 2 6.176e+02 6.424e+02 230 1 4 6.122e+02 6.478e+02 330 2 4 6.591e+02 6.849e+02 239 2 3 6.303e+02 6.717e+02 384
4816 42 0 1 1.465e+02 1.475e+02 9 0 2 1.680e+02 1.680e+02 -10 0 4 6.300e+02 6.300e+02 -5 0 4 1.673e+02 1.687e+02 13 0 1 6.050e+02 6.130e+02 75 0 2 6.138e+02 6.462e+02 301 0 1 6.487e+02 6.533e+02 42 0 3 5.918e+02 6.262e+02 319 1 1 2.100e+01 2.100e+01 -10 1 3 5.142e+02 5.358e+02 200 1 4 3.713e+01 4.687e+01 90 1 4 5.275e+02 5.645e+02 344 1 4 4.856e+02 5.224e+02 342 1 3 1.859e+01 2.341e+01 45 1 1 7.421e+00 3.458e+01 252 2 1 2.052e+01 2.148e+01 9 2 4 1.260e+02 1.260e+02 -10 2 4 4.196e+02 4.204e+02 7 2 3 1.890e+02 1.890e+02 -19 2 2 2.095e+02 2.105e+02 10 2 3 4.273e+02 4.547e+02 255 2 1 2.694e+02 2.766e+02 67 2 2 3.973e+01 4.427e+01 42 2 2 1.210e+02 1.310e+02 93 2 2 1.680e+02 1.680e+02 -4 2 1 2.293e+02 2.327e+02 32 2 3 2.628e+02 2.832e+02 189 2 4 3.694e+02 3.866e+02 160 2 3 1.617e+01 2.583e+01 90 2 3 9.869e+01 1.113e+02 117 2 1 1.424e+02 1.516e+02 86 2 3 2.259e+02 2.361e+02 96 2 3 3.429e+02 3.711e+02 261 2 3 9.709e+00 3.229e+01 210 2 2 1.082e+02 1.438e+02 331 2 3 1.436e+02 1.504e+02 64 2 2 2.520e+02 2.520e+02 -6 2 4 2.846e+01 5.554e+01 251 2 4 1.553e+02 1.807e+02 236 2 4 2.422e+02 2.618e+02 181 2 1 4.565e+01 8.035e+01 322 2 2 1.501e+02 1.859e+02 332
4818 2 0 2 6.283e+02 6.317e+02 31 0 2 6.106e+02 6.494e+02 360
4819 5 2 3 6.300e+01 6.300e+01 -5 2 2 8.366e+01 8.434e+01 6 2 1 5.553e+01 7.047e+01 139 2 4 3.278e+01 5.122e+01 171 2 2 7.020e+01 9.780e+01 256
4820 3 0 3 5.428e+02 5.912e+02 449 1 3 6.081e+02 6.099e+02 16 1 2 6.189e+02 6.411e+02 206
4821 12 0 2 6.280e+02 6.320e+02 36 0 3 2.288e+02 2.332e+02 40 0 4 6.290e+02 6.310e+02 18 0 4 2.378e+02 2.662e+02 265 0 1 6.454e+02 6.566e+02 105 0 2 4.899e+02 5.181e+02 261 1 2 5.852e+02 5.908e+02 52 1 2 5.720e+02 6.040e+02 297 2 2 3.978e+01 4.422e+01 41 2 4 3.825e+01 4.575e+01 70 2 1 2.218e+00 3.978e+01 349 2 3 4.059e+00 3.794e+01 315
4822 10 0 2 6.592e+02 6.848e+02 237 1 4 3.757e+01 4.643e+01 82 1 3 1.128e+01 3.072e+01 180 1 1 5.682e+01 6.918e+01 115 1 3 1.858e+00 4.014e+01 356 2 1 3.979e+02 4.001e+02 20 2 2 3.718e+02 3.842e+02 115 2 1 4.319e+02 4.501e+02 170 2 4 3.740e+02 3.820e+02 75 2 3 3.849e+02 4.131e+02 261
4823 6 1 4 5.783e+02 5.977e+02 180 2 3 3.131e+02 3.169e+02 35 2 4 2.071e+02 2.129e+02 53 2 1 3.061e+02 3.239e+02 166 2 4 2.822e+02 3.058e+02 220 2 2 3.218e+02 3.502e+02 264
4824 10 2 4 1.668e+02 1.692e+02 23 2 4 5.839e+02 5.921e+02 76 2 4 4.045e+01 4.355e+01 29 2 1 6.089e+02 6.091e+02 1 2 3 5.557e+01 7.043e+01 138 2 4 4.052e+02 4.348e+02 275 2 2 6.732e+01 1.007e+02 310 2 2 5.773e+02 5.987e+02 198 2 1 5.072e+01 7.528e+01 228 2 3 5.938e+02 6.242e+02 281
4825 27 0 4 6.300e+02 6.300e+02 -14 0 3 6.465e+02 6.555e+02 84 0 3 5.243e+01 7.357e+01 196 0 2 6.168e+02 6.432e+02 245 0 1 6.429e+02 6.591e+02 150 1 1 2.275e+02 2.345e+02 65 1 3 3.060e+02 3.240e+02 166 1 3 2.269e+02 2.351e+02 76 1 2 1.955e+02 2.245e+02 269 1 2 2.420e+02 2.620e+02 186 1 4 1.916e+02 2.284e+02 341 2 2 3.870e+01 4.530e+01 61 2 4 8.142e+01 8.658e+01 48 2 1 1.449e+02 1.491e+02 40 2 4 2.079e+02 2.121e+02 39 2 4 4.108e+01 4.292e+01 17 2 3 9.968e+01 1.103e+02 99 2 1 1.374e+02 1.566e+02 178 2 1 2.285e+02 2.335e+02 46 2 1 9.712e+00 3.229e+01 210 2 1 1.300e+02 1.640e+02 316 2 3 2.215e+02 2.405e+02 176 2 1 4.718e+01 7.882e+01 294 2 2 1.070e+02 1.450e+02 353 2 2 1.936e+02 2.264e+02 305 2 3 4.059e+00 3.794e+01 315 2 3 4.417e+01 8.183e+01 350
