13701 9 0 1 5.659e+02 5.681e+02 21 0 1 6.493e+02 6.527e+02 32 0 3 5.654e+02 5.686e+02 30 0 3 6.446e+02 6.574e+02 118 0 2 5.283e+02 5.637e+02 329 0 4 6.649e+02 6.791e+02 131 2 3 5.180e+01 7.420e+01 208 2 2 7.285e+01 9.515e+01 207 2 4 7.011e+01 9.789e+01 258
13702 6 0 2 3.763e+02 3.797e+02 31 0 3 2.621e+02 2.839e+02 202 0 4 3.192e+02 3.528e+02 311 0 2 2.775e+02 3.105e+02 307 1 1 5.626e+02 5.714e+02 82 1 1 5.536e+02 5.804e+02 250
13703 3 0 2 6.651e+02 6.789e+02 128 0 4 6.606e+02 6.834e+02 212 2 3 2.677e+02 2.783e+02 98
13704 3 0 1 6.070e+02 6.110e+02 38 1 4 6.144e+02 6.456e+02 289 3 3 1.035e+02 1.065e+02 27
13705 29 0 2 1.673e+02 1.687e+02 12 0 4 6.256e+02 6.344e+02 81 0 1 6.432e+02 6.588e+02 146 0 2 1.561e+02 1.799e+02 221 0 4 5.029e+02 5.051e+02 20 0 2 6.154e+02 6.446e+02 271 0 3 6.467e+02 6.553e+02 80 0 1 4.762e+02 4.898e+02 126 0 4 6.167e+02 6.433e+02 247 0 2 4.941e+02 5.139e+02 185 0 3 4.684e+02 4.976e+02 271 1 4 4.620e+02 4.620e+02 -6 1 2 1.680e+02 1.680e+02 -5 1 3 2.243e+02 2.377e+02 125 1 2 6.229e+02 6.371e+02 131 1 2 2.027e+02 2.173e+02 136 1 4 1.938e+02 2.262e+02 300 2 2 7.801e+01 8.999e+01 111 2 2 1.638e+02 1.722e+02 79 2 4 2.901e+02 2.979e+02 72 2 3 5.481e+01 7.119e+01 152 2 3 9.937e+01 1.106e+02 105 2 4 1.600e+02 1.760e+02 148 2 1 3.048e+02 3.252e+02 189 2 1 4.408e+01 8.192e+01 351 2 4 6.598e+01 1.020e+02 335 2 3 1.318e+02 1.622e+02 282 2 3 3.069e+02 3.231e+02 151 2 1 1.314e+02 1.626e+02 289
13706 12 0 1 2.998e+02 3.302e+02 283 0 4 6.706e+02 6.734e+02 26 0 2 6.293e+02 6.307e+02 12 0 1 6.372e+02 6.648e+02 256 0 4 4.473e+02 4.767e+02 274 0 4 6.205e+02 6.395e+02 176 0 3 6.362e+02 6.658e+02 276 1 4 4.200e+01 4.200e+01 -22 2 2 1.247e+02 1.273e+02 25 2 3 9.362e+01 1.164e+02 211 2 4 1.101e+02 1.419e+02 295 2 4 6.405e+01 1.040e+02 370
13707 44 0 4 5.809e+02 5.951e+02 131 0 3 2.703e+02 2.757e+02 50 0 1 6.067e+02 6.113e+02 43 0 1 4.598e+02 5.062e+02 431 0 3 6.048e+02 6.132e+02 79 0 3 6.309e+02 6.711e+02 374 0 3 4.614e+02 5.046e+02 400 0 2 6.151e+02 6.449e+02 276 0 1 6.251e+02 6.769e+02 481 0 2 4.831e+02 5.249e+02 389 0 4 6.122e+02 6.478e+02 330 0 4 4.813e+02 5.267e+02 422 1 4 6.279e+02 6.321e+02 40 1 3 6.017e+02 6.163e+02 136 2 4 1.674e+02 1.686e+02 10 2 1 5.650e+02 5.690e+02 36 2 1 6.181e+01 6.419e+01 22 2 4 1.245e+02 1.275e+02 27 2 1 1.429e+02 1.511e+02 76 2 3 4.666e+02 4.994e+02 306 2 3 1.895e+01 2.305e+01 38 2 3 5.607e+02 5.733e+02 116 2 2 8.240e+01 8.560e+01 30 2 4 5.764e+02 5.996e+02 216 2 1 1.867e+02 1.913e+02 42 2 2 4.880e+02 5.200e+02 296 2 2 2.788e+02 3.092e+02 282 2 1 5.123e+02 5.377e+02 236 2 4 3.959e+01 4.441e+01 45 2 4 4.883e+02 5.197e+02 291 2 4 8.025e+01 8.775e+01 70 2 3 5.504e+02 5.836e+02 309 2 1 1.358e+02 1.582e+02 207 2 4 4.462e+02 4.778e+02 294 2 4 2.816e+02 3.064e+02 230 2 3 5.171e+01 7.429e+01 210 2 2 1.205e+02 1.315e+02 103 2 2 1.539e+02 1.821e+02 261 2 2 3.340e+01 5.060e+01 160 2 2 7.334e+01 9.466e+01 198 2 3 1.768e+02 2.012e+02 227 2 4 7.056e+01 9.744e+01 250 2 3 1.295e+02 1.645e+02 326 2 3 8.891e+01 1.211e+02 299
13709 0
13710 1 3 4 4.573e+02 4.667e+02 87
13711 0
13712 2 0 4 6.697e+02 6.743e+02 43 2 4 1.086e+02 1.434e+02 323
13713 5 2 2 3.360e+02 3.360e+02 -4 2 3 3.567e+02 3.573e+02 6 2 1 1.128e+01 3.072e+01 180 2 4 3.609e+02 3.951e+02 318 2 3 5.358e+00 3.664e+01 290
13716 2 0 3 5.470e+02 5.870e+02 371 0 2 5.208e+02 5.712e+02 468
13717 29 0 1 3.051e+02 3.249e+02 183 0 2 6.620e+02 6.820e+02 186 0 2 2.803e+02 3.077e+02 255 0 4 6.119e+02 6.481e+02 336 0 4 6.526e+02 6.914e+02 360 0 4 2.763e+02 3.117e+02 329 1 4 6.293e+02 6.307e+02 14 1 4 6.173e+02 6.427e+02 236 2 1 4.823e+02 4.837e+02 14 2 3 2.310e+02 2.310e+02 -6 2 4 4.620e+02 4.620e+02 -2 2 2 3.765e+02 3.795e+02 28 2 3 1.352e+01 2.848e+01 139 2 2 4.504e+02 4.736e+02 215 2 2 2.436e+02 2.604e+02 156 2 3 5.933e+02 6.247e+02 292 2 4 3.322e+02 3.398e+02 70 2 1 3.822e+02 4.158e+02 312 2 1 1.321e+01 2.879e+01 145 2 1 4.726e+02 4.934e+02 194 2 4 1.996e+02 2.204e+02 194 2 3 4.716e+02 4.944e+02 211 2 3 3.542e+02 3.598e+02 51 2 2 2.892e+01 5.508e+01 243 2 1 2.116e+02 2.504e+02 360 2 4 3.211e+02 3.509e+02 277 2 4 2.770e+01 5.630e+01 266 2 1 3.383e+02 3.757e+02 347 3 3 1.056e+01 3.144e+01 194
13718 33 0 2 2.500e+02 2.540e+02 36 0 1 6.491e+02 6.529e+02 36 0 3 2.730e+02 2.730e+02 -4 0 2 3.759e+02 3.801e+02 40 0 2 4.557e+02 4.683e+02 116 0 2 2.049e+02 2.151e+02 96 0 2 6.656e+02 6.784e+02 119 0 2 3.655e+02 3.905e+02 232 0 4 2.055e+02 2.145e+02 84 0 3 4.311e+02 4.509e+02 185 0 4 3.677e+02 3.883e+02 192 0 4 4.547e+02 4.693e+02 136 0 3 2.210e+02 2.410e+02 186 0 4 5.789e+02 5.971e+02 169 0 1 2.185e+02 2.435e+02 232 0 4 6.675e+02 6.765e+02 83 0 3 2.146e+02 2.474e+02 305 0 3 3.891e+02 4.089e+02 184 0 4 2.346e+02 2.694e+02 323 0 2 4.477e+02 4.763e+02 266 0 3 5.967e+02 6.213e+02 229 0 3 6.398e+02 6.622e+02 207 1 4 8.034e+01 8.766e+01 68 1 4 7.172e+01 9.628e+01 228 2 2 2.507e+02 2.533e+02 25 2 1 6.503e+02 6.517e+02 14 2 4 6.241e+02 6.359e+02 109 2 3 2.198e+02 2.422e+02 208 2 3 6.448e+02 6.572e+02 115 2 1 2.589e+02 2.871e+02 261 2 2 6.095e+02 6.505e+02 380 2 4 1.887e+02 2.313e+02 396 2 4 2.325e+02 2.715e+02 361
13719 21 0 1 6.084e+02 6.096e+02 10 0 3 6.470e+02 6.550e+02 74 0 1 5.524e+02 5.816e+02 271 0 3 6.052e+02 6.128e+02 70 0 2 6.682e+02 6.758e+02 70 0 4 6.251e+02 6.349e+02 90 0 4 6.660e+02 6.780e+02 110 0 2 6.157e+02 6.443e+02 266 0 1 6.446e+02 6.574e+02 118 0 4 6.137e+02 6.463e+02 303 1 4 6.244e+02 6.356e+02 105 1 2 6.115e+02 6.485e+02 344 2 3 3.568e+02 3.572e+02 4 2 1 3.973e+02 4.007e+02 31 2 4 4.153e+01 4.247e+01 9 2 2 2.027e+02 2.173e+02 136 2 2 3.749e+02 3.811e+02 58 2 3 5.267e+00 3.673e+01 292 2 4 2.036e+02 2.164e+02 120 2 4 3.344e+02 3.376e+02 30 2 3 2.201e+02 2.419e+02 202
13720 35 0 1 4.811e+02 4.849e+02 36 0 3 5.229e+02 5.271e+02 39 0 2 6.712e+02 6.728e+02 16 0 1 4.384e+02 4.436e+02 49 0 3 4.792e+02 4.868e+02 71 0 2 5.397e+02 5.523e+02 116 0 4 6.712e+02 6.728e+02 15 0 3 4.290e+02 4.530e+02 223 0 4 4.586e+02 4.654e+02 63 0 2 5.342e+02 5.578e+02 220 0 1 6.486e+02 6.534e+02 45 0 4 4.924e+02 5.156e+02 216 0 3 6.449e+02 6.571e+02 113 0 2 4.496e+02 4.744e+02 230 0 1 6.358e+02 6.662e+02 283 0 2 4.860e+02 5.220e+02 334 0 3 6.356e+02 6.664e+02 286 0 2 6.569e+02 6.871e+02 280 1 4 6.292e+02 6.308e+02 15 1 2 5.880e+02 5.880e+02 -1 1 1 6.052e+02 6.128e+02 71 1 3 5.504e+02 5.836e+02 309 1 2 6.159e+02 6.441e+02 262 1 2 5.685e+02 6.075e+02 362 2 1 1.604e+01 2.596e+01 92 2 4 4.189e+02 4.211e+02 20 2 3 7.646e+00 3.435e+01 248 2 4 5.856e+02 5.904e+02 45 2 4 7.262e+01 9.538e+01 211 2 3 4.396e+02 4.424e+02 26 2 3 4.915e+01 7.685e+01 257 2 2 4.505e+02 4.735e+02 213 2 1 4.654e+02 5.006e+02 327 2 4 5.719e+02 6.041e+02 300 2 1 4.209e+02 4.611e+02 373
13721 9 0 1 3.138e+02 3.162e+02 23 0 4 3.306e+02 3.414e+02 100 0 1 5.847e+02 6.333e+02 451 1 4 6.205e+02 6.395e+02 177 2 1 1.680e+01 2.520e+01 78 2 3 4.399e+02 4.421e+02 20 2 3 7.468e+00 3.453e+01 251 2 1 6.209e+00 3.579e+01 275 2 2 1.999e+01 6.401e+01 409
13722 15 0 1 6.507e+02 6.513e+02 5 0 4 5.740e+02 6.020e+02 260 0 3 5.860e+02 6.320e+02 427 0 2 6.524e+02 6.916e+02 364 1 2 6.223e+02 6.377e+02 144 1 3 5.550e+02 5.790e+02 222 1 4 5.302e+02 5.618e+02 294 2 4 6.283e+02 6.317e+02 31 2 2 4.596e+02 4.644e+02 46 2 3 1.846e+02 1.934e+02 82 2 4 4.155e+02 4.245e+02 83 2 4 4.096e+02 4.304e+02 193 3 2 4.164e+02 4.236e+02 67 3 3 1.303e+01 2.897e+01 148 3 1 3.790e+02 4.190e+02 372
13723 5 0 1 6.481e+02 6.539e+02 55 0 3 6.459e+02 6.561e+02 94 0 4 6.577e+02 6.863e+02 265 0 1 6.358e+02 6.662e+02 282 0 2 6.559e+02 6.881e+02 300
13724 22 0 1 3.978e+02 4.002e+02 23 0 2 6.703e+02 6.737e+02 31 0 4 6.685e+02 6.755e+02 65 1 4 6.300e+02 6.300e+02 -17 1 4 6.156e+02 6.444e+02 268 2 1 1.864e+02 1.916e+02 48 2 2 5.436e+02 5.484e+02 44 2 4 2.478e+02 2.562e+02 78 2 2 2.919e+02 2.961e+02 39 2 4 5.443e+02 5.477e+02 32 2 4 3.726e+01 4.674e+01 88 2 2 1.559e+02 1.801e+02 225 2 3 2.180e+02 2.440e+02 241 2 1 2.545e+02 2.915e+02 344 2 4 3.624e+02 3.936e+02 290 2 1 6.176e+01 6.424e+01 23 2 4 1.609e+02 1.751e+02 131 2 3 5.436e+01 7.164e+01 160 2 3 1.695e+02 2.085e+02 362 2 3 1.554e+01 2.646e+01 101 2 3 1.262e+02 1.678e+02 386 2 2 2.523e+01 5.877e+01 311
13725 13 0 2 6.088e+02 6.512e+02 394 0 3 5.046e+02 5.454e+02 380 0 4 6.100e+02 6.500e+02 371 0 3 6.280e+02 6.740e+02 426 0 3 5.870e+02 6.310e+02 409 2 3 4.649e+02 5.011e+02 336 2 4 2.304e+02 2.736e+02 401 2 1 2.948e+02 3.352e+02 376 2 3 2.502e+02 2.958e+02 424 2 2 2.699e+02 3.181e+02 448 3 3 4.394e+02 4.426e+02 30 3 4 4.079e+02 4.321e+02 224 3 2 4.497e+02 4.743e+02 228
13726 13 0 4 2.924e+02 2.956e+02 29 0 2 6.233e+02 6.367e+02 124 0 4 6.275e+02 6.325e+02 46 0 1 5.971e+02 6.209e+02 220 0 3 5.920e+02 6.260e+02 316 2 3 1.025e+02 1.075e+02 46 2 4 7.940e+01 8.860e+01 86 2 1 4.358e+02 4.462e+02 96 2 4 2.810e+02 3.070e+02 241 2 1 4.257e+02 4.563e+02 285 2 1 3.404e+02 3.736e+02 308 2 2 1.116e+02 1.404e+02 267 2 3 2.551e+02 2.909e+02 332
13727 7 0 4 6.300e+02 6.300e+02 -14 0 3 6.005e+02 6.175e+02 157 0 1 5.982e+02 6.198e+02 200 0 3 6.338e+02 6.682e+02 319 2 4 4.516e+02 4.724e+02 193 2 2 2.004e+02 2.196e+02 179 2 3 4.263e+02 4.557e+02 272
13728 0
13729 23 0 4 3.692e+02 3.868e+02 163 1 2 6.284e+02 6.316e+02 30 1 4 5.357e+02 5.563e+02 190 1 4 6.268e+02 6.332e+02 60 1 1 5.994e+02 6.186e+02 178 2 3 4.795e+02 4.865e+02 66 2 3 1.038e+02 1.062e+02 22 2 4 6.281e+02 6.319e+02 36 2 1 1.870e+02 1.910e+02 38 2 4 5.007e+02 5.073e+02 62 2 4 2.914e+02 2.966e+02 49 2 2 4.956e+02 5.124e+02 156 2 3 6.212e+01 6.388e+01 16 2 2 8.222e+01 8.578e+01 33 2 4 4.460e+02 4.780e+02 298 2 3 1.861e+02 1.919e+02 55 2 4 3.466e+01 4.934e+01 136 2 4 7.599e+01 9.201e+01 149 2 2 1.654e+02 1.706e+02 49 2 2 7.365e+01 9.435e+01 192 2 4 1.640e+02 1.720e+02 75 2 3 1.338e+02 1.602e+02 246 2 4 1.521e+02 1.839e+02 296
13730 1 2 3 2.197e+02 2.423e+02 210
13731 6 0 3 4.410e+02 4.410e+02 -5 0 3 5.663e+02 5.677e+02 13 0 4 5.859e+02 5.901e+02 40 0 4 4.075e+02 4.325e+02 233 0 3 3.836e+02 4.144e+02 286 1 4 6.289e+02 6.311e+02 20
13732 2 0 2 6.629e+02 6.811e+02 169 0 4 6.565e+02 6.875e+02 287
13733 0
13734 14 0 4 6.582e+02 6.858e+02 257 0 1 5.108e+02 5.392e+02 263 0 1 6.328e+02 6.692e+02 339 0 2 5.304e+02 5.616e+02 290 0 2 6.578e+02 6.862e+02 263 0 3 6.299e+02 6.721e+02 391 2 2 1.227e+02 1.293e+02 60 2 2 6.961e+01 9.839e+01 267 2 1 5.121e+02 5.379e+02 240 2 4 4.879e+02 5.201e+02 300 2 4 6.993e+01 9.807e+01 261 2 3 5.007e+02 5.493e+02 452 2 3 9.317e+01 1.168e+02 220 2 4 1.069e+02 1.451e+02 355
13735 13 1 3 5.657e+02 5.683e+02 24 1 3 2.178e+02 2.442e+02 245 1 1 6.083e+02 6.097e+02 13 1 2 5.361e+02 5.559e+02 185 1 3 2.603e+02 2.857e+02 236 1 3 4.237e+02 4.583e+02 321 1 1 5.573e+02 5.767e+02 180 1 2 1.896e+02 2.304e+02 378 1 4 5.731e+02 6.029e+02 277 1 1 2.491e+02 2.969e+02 445 1 2 2.720e+02 3.160e+02 409 2 4 1.192e+02 1.328e+02 126 2 4 1.091e+02 1.429e+02 314
13736 0
13738 2 0 4 4.115e+02 4.285e+02 157 1 4 5.787e+02 5.973e+02 172
