37937 0
37941 14 0 3 5.240e+02 5.260e+02 18 0 2 6.624e+02 6.816e+02 178 0 4 6.599e+02 6.841e+02 226 1 1 5.949e+02 6.231e+02 261 1 1 5.835e+02 6.345e+02 473 2 4 4.521e+02 4.719e+02 183 2 3 2.632e+02 2.828e+02 181 2 3 3.924e+00 3.808e+01 317 2 1 2.604e+02 2.856e+02 235 2 2 2.793e+01 5.607e+01 261 2 2 2.255e+02 2.785e+02 492 2 4 2.784e+02 3.096e+02 290 2 4 2.694e+01 5.706e+01 280 2 1 3.769e-01 4.162e+01 383
37944 0
37945 57 0 4 1.658e+02 1.702e+02 41 0 2 6.261e+02 6.339e+02 72 0 3 6.507e+02 6.513e+02 6 0 3 3.942e+02 4.038e+02 90 0 2 3.670e+02 3.890e+02 204 0 4 4.997e+02 5.083e+02 80 0 2 1.559e+02 1.801e+02 225 0 1 5.549e+02 5.791e+02 226 0 3 1.744e+02 2.036e+02 270 0 4 6.234e+02 6.366e+02 122 0 4 3.557e+02 4.003e+02 415 0 1 6.492e+02 6.528e+02 33 0 1 3.847e+02 4.133e+02 265 0 2 4.968e+02 5.112e+02 133 0 3 5.588e+02 5.752e+02 152 0 2 6.102e+02 6.498e+02 368 0 3 6.353e+02 6.667e+02 292 0 1 4.714e+02 4.946e+02 216 0 1 6.332e+02 6.688e+02 330 0 3 4.664e+02 4.996e+02 308 0 4 5.615e+02 6.145e+02 491 0 3 6.283e+02 6.737e+02 422 1 1 3.960e+02 4.020e+02 56 1 4 6.297e+02 6.303e+02 6 1 4 4.614e+02 4.626e+02 11 1 4 5.035e+02 5.045e+02 10 1 3 3.798e+02 4.182e+02 357 1 2 5.851e+02 5.909e+02 53 1 3 4.226e+02 4.594e+02 341 1 1 6.038e+02 6.142e+02 97 1 2 4.029e+02 4.371e+02 318 1 3 5.202e+02 5.298e+02 90 1 4 5.864e+02 5.896e+02 30 1 3 6.082e+02 6.098e+02 15 1 1 4.821e+02 4.839e+02 17 1 1 5.591e+02 5.749e+02 147 1 2 6.277e+02 6.323e+02 43 1 2 5.011e+02 5.069e+02 55 1 3 5.562e+02 5.778e+02 200 1 4 6.166e+02 6.434e+02 249 1 1 4.643e+02 5.017e+02 346 1 4 5.367e+02 5.553e+02 173 1 3 5.907e+02 6.273e+02 340 1 3 5.481e+02 5.859e+02 351 1 2 5.707e+02 6.053e+02 320 2 4 4.613e+02 4.627e+02 12 2 4 2.080e+02 2.120e+02 36 2 2 6.698e+02 6.742e+02 40 2 1 2.263e+02 2.357e+02 87 2 4 4.485e+02 4.755e+02 251 2 4 6.153e+02 6.447e+02 274 2 3 2.285e+02 2.335e+02 46 2 3 6.447e+02 6.573e+02 116 2 2 2.021e+02 2.179e+02 147 2 4 6.491e+02 6.949e+02 425 2 3 2.115e+02 2.505e+02 363 3 3 4.596e+01 8.004e+01 316
37946 1 0 3 6.509e+02 6.511e+02 1
37947 10 0 1 5.636e+02 5.704e+02 63 0 2 6.672e+02 6.768e+02 89 0 4 5.794e+02 5.966e+02 160 0 4 6.709e+02 6.731e+02 21 0 3 5.563e+02 5.777e+02 198 0 1 6.394e+02 6.626e+02 215 0 3 6.336e+02 6.684e+02 324 1 2 4.925e+02 5.155e+02 214 2 1 1.272e+01 2.928e+01 154 2 3 1.263e+01 2.937e+01 156
37949 0
37950 8 1 3 1.746e+02 2.034e+02 268 2 4 4.200e+01 4.200e+01 -11 2 1 1.922e+01 2.278e+01 33 2 3 2.100e+01 2.100e+01 -12 2 2 3.520e+01 4.880e+01 126 2 4 3.668e+01 4.732e+01 99 2 1 4.897e+01 7.703e+01 260 2 3 1.545e+00 4.046e+01 361
37953 4 0 2 6.293e+02 6.307e+02 13 0 1 6.449e+02 6.571e+02 114 0 4 6.271e+02 6.329e+02 53 0 1 6.381e+02 6.639e+02 239
37958 7 2 1 4.902e+01 7.698e+01 260 2 4 2.089e+01 6.311e+01 392 2 2 1.604e+01 6.796e+01 482 3 3 5.292e+01 7.308e+01 187 3 2 3.354e+01 5.046e+01 157 3 4 3.035e+01 5.365e+01 216 3 1 5.239e+01 7.361e+01 197
37959 2 2 4 5.434e+02 5.486e+02 48 2 4 5.273e+02 5.647e+02 347
37961 2 0 4 6.670e+01 1.013e+02 321 0 4 1.497e+02 1.863e+02 340
37963 9 0 4 6.649e+02 6.791e+02 131 0 2 6.657e+02 6.783e+02 117 2 4 1.642e+02 1.718e+02 70 2 2 1.218e+02 1.302e+02 77 2 1 1.871e+02 1.909e+02 36 2 4 1.219e+02 1.301e+02 76 2 3 1.423e+02 1.517e+02 88 2 3 1.807e+02 1.973e+02 154 2 2 1.514e+02 1.846e+02 309
37964 0
37965 1 1 4 3.995e+01 4.405e+01 38
37966 2 0 2 6.684e+02 6.756e+02 67 0 4 6.660e+02 6.780e+02 112
37968 15 0 4 6.273e+02 6.327e+02 50 0 2 6.692e+02 6.748e+02 51 0 4 5.763e+02 5.997e+02 216 0 4 6.670e+02 6.770e+02 93 0 1 5.943e+02 6.237e+02 273 0 2 6.564e+02 6.876e+02 290 0 3 5.975e+02 6.205e+02 214 2 2 1.653e+02 1.707e+02 50 2 1 6.261e+01 6.339e+01 7 2 4 1.569e+02 1.791e+02 206 2 3 5.826e+01 6.774e+01 88 2 1 1.782e+02 1.998e+02 201 2 4 3.430e+01 4.970e+01 143 2 3 1.294e+02 1.646e+02 327 2 2 2.797e+01 5.603e+01 260
37970 1 0 4 5.835e+02 5.925e+02 84
37971 0
37972 24 0 4 6.297e+02 6.303e+02 6 0 3 6.032e+02 6.148e+02 107 0 2 6.698e+02 6.742e+02 40 0 2 2.881e+02 2.999e+02 110 0 2 5.373e+02 5.547e+02 161 0 1 6.005e+02 6.175e+02 158 0 4 2.800e+02 3.080e+02 260 0 4 6.699e+02 6.741e+02 40 0 1 7.998e+01 1.300e+02 465 0 1 5.528e+02 5.812e+02 264 0 1 2.987e+02 3.313e+02 302 0 4 5.715e+02 6.045e+02 306 0 2 6.589e+02 6.851e+02 243 0 3 5.577e+02 5.763e+02 173 0 3 6.332e+02 6.688e+02 330 0 1 6.317e+02 6.703e+02 358 1 3 2.176e+02 2.444e+02 248 1 1 1.655e+02 2.125e+02 436 1 4 2.352e+02 2.688e+02 311 1 2 2.725e+02 3.155e+02 399 1 2 1.856e+02 2.344e+02 453 1 1 2.532e+02 2.928e+02 368 1 4 2.727e+02 3.153e+02 396 1 3 2.519e+02 2.941e+02 392
37973 15 1 4 4.557e+02 4.683e+02 116 2 1 1.866e+02 1.914e+02 45 2 1 5.627e+02 5.713e+02 80 2 1 2.287e+02 2.333e+02 43 2 4 3.722e+02 3.838e+02 107 2 2 5.369e+02 5.551e+02 169 2 3 1.450e+02 1.490e+02 38 2 4 6.660e+02 6.780e+02 110 2 4 3.825e+01 4.575e+01 70 2 4 5.395e+02 5.525e+02 120 2 4 1.157e+02 1.363e+02 191 2 3 5.478e+02 5.862e+02 356 2 2 1.551e+02 1.809e+02 239 2 3 5.553e+01 7.047e+01 139 2 2 6.612e+01 1.019e+02 332
37974 21 0 1 3.917e+02 4.063e+02 136 0 3 5.172e+02 5.328e+02 145 0 3 6.037e+02 6.143e+02 98 0 4 2.814e+02 3.066e+02 235 0 4 4.081e+02 4.319e+02 221 0 1 5.577e+02 5.763e+02 173 0 4 5.718e+02 6.042e+02 301 0 4 6.556e+02 6.884e+02 305 0 3 3.894e+02 4.086e+02 179 0 4 4.384e+02 4.856e+02 438 0 2 5.289e+02 5.631e+02 318 0 4 4.789e+02 5.291e+02 466 1 3 4.253e+02 4.567e+02 292 2 3 2.048e+01 2.152e+01 10 2 2 7.935e+01 8.865e+01 86 2 4 4.118e+02 4.282e+02 153 2 4 2.773e+02 3.107e+02 310 2 1 4.637e+01 7.963e+01 309 2 4 6.611e+01 1.019e+02 332 2 3 2.944e+02 3.356e+02 383 2 2 2.551e+01 5.849e+01 306
37975 18 0 4 1.621e+02 1.739e+02 109 0 4 5.838e+02 5.922e+02 78 0 2 4.584e+02 4.656e+02 67 0 3 5.619e+02 5.721e+02 94 0 4 6.185e+02 6.415e+02 214 0 3 6.433e+02 6.587e+02 144 0 4 4.495e+02 4.745e+02 232 0 2 5.329e+02 5.591e+02 243 0 3 5.906e+02 6.274e+02 341 0 4 6.525e+02 6.915e+02 362 0 1 5.579e+02 5.761e+02 170 0 1 5.479e+02 5.861e+02 354 1 4 6.294e+02 6.306e+02 10 1 1 5.994e+02 6.186e+02 178 1 3 5.992e+02 6.188e+02 181 1 4 6.220e+02 6.380e+02 149 1 2 6.119e+02 6.481e+02 336 2 4 2.910e+02 2.970e+02 56
37976 25 0 3 2.100e+01 2.100e+01 -16 0 2 4.045e+01 4.355e+01 29 0 1 6.455e+02 6.565e+02 101 0 4 7.765e+01 9.035e+01 118 0 3 4.366e+02 4.454e+02 81 0 4 4.197e+01 4.203e+01 0 0 3 6.440e+02 6.580e+02 130 0 3 6.300e+01 6.300e+01 -6 0 2 6.652e+02 6.788e+02 126 0 4 4.046e+02 4.354e+02 286 0 2 2.676e+01 5.724e+01 283 0 4 6.648e+02 6.792e+02 133 0 4 6.552e+02 6.888e+02 312 1 2 6.285e+02 6.315e+02 28 1 4 6.245e+02 6.355e+02 102 2 3 3.150e+02 3.150e+02 -3 2 3 1.888e+02 1.892e+02 5 2 4 2.877e+02 3.003e+02 117 2 4 3.654e+02 3.906e+02 235 2 1 5.983e+02 6.197e+02 199 2 1 1.317e+01 2.883e+01 146 2 4 1.968e+02 2.232e+02 245 2 2 3.270e+02 3.450e+02 168 2 3 1.079e+01 3.121e+01 190 2 2 1.933e+02 2.267e+02 310
37977 5 0 1 6.423e+02 6.597e+02 161 0 2 6.171e+02 6.429e+02 239 0 3 6.450e+02 6.570e+02 112 0 4 6.149e+02 6.451e+02 281 1 3 5.185e+02 5.315e+02 120
37978 8 0 3 4.276e+02 4.544e+02 249 0 1 1.290e+02 1.650e+02 335 0 4 1.920e+02 2.280e+02 334 0 2 1.527e+02 1.833e+02 284 1 3 1.258e+01 2.942e+01 156 1 2 7.715e+01 9.085e+01 127 1 1 4.642e+01 7.958e+01 308 1 3 4.126e+01 8.474e+01 404
37979 9 0 4 4.186e+02 4.214e+02 26 0 4 4.610e+02 4.630e+02 19 0 3 6.496e+02 6.524e+02 26 0 1 3.955e+02 4.025e+02 66 0 2 4.481e+02 4.759e+02 259 0 1 6.382e+02 6.638e+02 237 0 3 4.313e+02 4.507e+02 180 0 1 5.090e+02 5.410e+02 296 0 2 6.583e+02 6.857e+02 255
37980 0
37982 4 0 1 6.031e+02 6.149e+02 110 0 4 6.197e+02 6.403e+02 191 0 3 6.000e+02 6.180e+02 168 1 2 6.295e+02 6.305e+02 9
