25309 9 1 2 4.184e+02 4.216e+02 29 1 1 3.894e+02 4.086e+02 179 1 4 4.083e+02 4.317e+02 218 2 4 3.350e+02 3.370e+02 18 2 2 5.875e+02 5.885e+02 10 2 1 6.042e+02 6.138e+02 90 2 3 2.622e+02 2.838e+02 200 2 3 5.524e+02 5.816e+02 271 2 1 5.930e+02 6.250e+02 296
25310 1 1 2 5.317e+02 5.603e+02 266
25311 2 0 4 6.547e+02 6.893e+02 321 2 4 5.790e+02 5.970e+02 166
25313 22 0 1 6.470e+02 6.550e+02 74 0 4 5.029e+02 5.051e+02 20 0 2 6.715e+02 6.725e+02 9 0 2 5.004e+02 5.076e+02 66 0 4 6.693e+02 6.747e+02 50 0 1 4.693e+02 4.967e+02 254 0 4 6.566e+02 6.874e+02 286 0 3 4.644e+02 5.016e+02 346 0 3 6.358e+02 6.662e+02 283 1 2 6.128e+02 6.472e+02 320 2 2 1.655e+02 1.705e+02 47 2 1 4.810e+02 4.850e+02 38 2 3 4.364e+02 4.456e+02 86 2 3 1.402e+02 1.538e+02 126 2 2 4.587e+02 4.653e+02 61 2 4 1.601e+02 1.759e+02 146 2 2 5.813e+02 5.947e+02 124 2 3 3.913e+02 4.067e+02 143 2 1 1.320e+02 1.620e+02 279 2 4 4.073e+02 4.327e+02 236 2 3 1.312e+02 1.628e+02 293 2 4 1.517e+02 1.843e+02 303
25315 0
25317 2 3 4 4.984e+02 5.096e+02 105 3 3 4.696e+02 4.964e+02 249
25323 0
25324 3 0 4 5.790e+02 5.970e+02 166 2 4 4.531e+02 4.709e+02 165 2 3 4.664e+02 4.996e+02 309
25325 10 0 4 6.720e+02 6.720e+02 -0 0 4 6.578e+02 6.862e+02 264 0 4 3.999e+02 4.401e+02 373 2 1 4.396e+02 4.424e+02 26 2 1 4.674e+02 4.986e+02 290 2 4 4.098e+02 4.302e+02 189 2 2 4.438e+02 4.802e+02 339 2 3 4.243e+02 4.577e+02 310 2 3 3.811e+02 4.169e+02 332 2 2 4.008e+02 4.392e+02 356
25326 18 0 1 1.884e+02 1.896e+02 11 0 1 5.650e+02 5.690e+02 37 0 2 2.100e+02 2.100e+02 0 0 3 6.074e+02 6.106e+02 29 0 4 3.736e+02 3.824e+02 82 0 3 5.654e+02 5.686e+02 30 0 2 1.212e+02 1.308e+02 90 0 3 2.298e+02 2.322e+02 22 0 2 3.723e+02 3.837e+02 106 0 1 9.591e+01 1.141e+02 169 0 4 2.520e+02 2.520e+02 -3 1 3 5.934e+02 6.246e+02 289 2 3 9.470e+01 1.153e+02 191 2 1 6.387e+00 3.561e+01 271 2 2 1.145e+02 1.375e+02 213 2 4 1.125e+02 1.395e+02 251 3 4 2.507e+02 2.533e+02 25 3 4 3.353e+02 3.367e+02 14
25327 12 0 4 3.566e+02 3.994e+02 397 0 3 3.738e+02 4.242e+02 469 0 2 6.475e+02 6.965e+02 456 0 4 6.464e+02 6.976e+02 475 1 3 1.913e+01 2.287e+01 35 2 2 1.242e+02 1.278e+02 33 2 4 1.200e+02 1.320e+02 111 2 3 1.303e+02 1.637e+02 310 3 3 2.663e+02 2.797e+02 124 3 2 2.405e+02 2.635e+02 214 3 4 2.371e+02 2.669e+02 276 3 1 2.621e+02 2.839e+02 203
25328 18 0 1 2.730e+02 2.730e+02 -12 0 1 6.510e+02 6.510e+02 -10 0 2 3.784e+01 4.616e+01 77 0 3 5.525e+01 7.075e+01 144 0 4 6.173e+02 6.427e+02 236 0 2 6.564e+02 6.876e+02 290 1 2 6.300e+02 6.300e+02 -23 1 4 6.227e+02 6.373e+02 135 1 1 5.936e+02 6.244e+02 286 2 1 4.728e+02 4.932e+02 189 2 3 4.748e+02 4.912e+02 152 2 2 4.972e+02 5.108e+02 126 2 4 4.946e+02 5.135e+02 176 3 1 4.384e+02 4.436e+02 49 3 2 4.066e+02 4.334e+02 249 3 1 4.284e+02 4.536e+02 234 3 2 4.475e+02 4.765e+02 270 3 4 4.472e+02 4.768e+02 275
25330 0
25331 5 0 3 6.065e+02 6.115e+02 46 0 1 5.955e+02 6.225e+02 251 1 2 6.275e+02 6.325e+02 46 1 4 6.129e+02 6.471e+02 318 2 2 1.549e+02 1.811e+02 244
25332 0
25335 6 0 1 6.073e+02 6.107e+02 32 0 1 6.411e+02 6.609e+02 183 0 3 6.073e+02 6.107e+02 31 0 2 6.623e+02 6.817e+02 180 0 4 6.133e+02 6.467e+02 310 0 4 6.655e+02 6.785e+02 120
25338 18 2 1 1.922e+01 2.278e+01 33 2 2 5.040e+02 5.040e+02 -4 2 3 1.458e+02 1.482e+02 23 2 1 3.523e+02 3.617e+02 88 2 1 4.330e+02 4.490e+02 148 2 4 1.170e+02 1.350e+02 167 2 4 4.620e+02 4.620e+02 0 2 2 1.577e+02 1.783e+02 192 2 1 5.213e+02 5.287e+02 68 2 4 3.730e+02 3.830e+02 92 2 1 3.827e+02 4.153e+02 302 2 1 5.718e+00 3.628e+01 284 2 1 4.802e+02 4.858e+02 52 2 2 3.614e+02 3.946e+02 309 2 3 3.861e+02 4.119e+02 240 2 3 4.793e+02 4.867e+02 70 2 4 4.933e+02 5.147e+02 198 2 3 4.680e+02 4.980e+02 278
25340 4 0 2 6.529e+02 6.911e+02 356 2 1 1.874e+02 1.906e+02 30 2 3 1.870e+02 1.910e+02 38 2 4 1.563e+02 1.797e+02 218
25343 16 0 3 1.851e+02 1.929e+02 72 0 1 5.635e+02 5.705e+02 66 0 4 3.700e+02 3.860e+02 149 0 2 5.370e+02 5.550e+02 167 0 2 2.834e+02 3.046e+02 197 0 4 2.800e+02 3.080e+02 260 1 2 6.220e+02 6.380e+02 148 1 4 6.135e+02 6.465e+02 306 2 1 6.217e+01 6.383e+01 16 2 4 4.179e+01 4.221e+01 4 2 2 7.590e+01 9.210e+01 150 2 3 2.644e+02 2.816e+02 159 2 3 5.831e+01 6.769e+01 87 2 4 7.343e+01 9.457e+01 196 2 1 1.038e+01 3.162e+01 197 2 2 2.474e+01 5.926e+01 320
25345 18 0 4 6.289e+02 6.311e+02 21 0 1 6.485e+02 6.535e+02 46 0 2 4.586e+02 4.654e+02 63 0 2 6.275e+02 6.325e+02 46 0 4 3.620e+02 3.940e+02 297 0 2 6.703e+02 6.737e+02 31 0 3 4.775e+02 4.885e+02 103 0 1 6.001e+02 6.179e+02 166 0 4 6.710e+02 6.730e+02 18 0 4 4.460e+02 4.780e+02 297 0 3 5.963e+02 6.217e+02 236 0 3 6.443e+02 6.577e+02 125 0 1 4.231e+02 4.589e+02 333 2 4 2.455e+02 2.585e+02 121 2 2 2.922e+02 2.958e+02 33 2 1 3.020e+02 3.280e+02 241 2 3 2.563e+02 2.897e+02 310 2 2 3.166e+02 3.554e+02 360
25347 7 0 1 6.337e+02 6.683e+02 320 0 3 6.324e+02 6.696e+02 345 0 4 6.528e+02 6.912e+02 356 1 3 5.659e+02 5.681e+02 20 1 4 6.201e+02 6.399e+02 185 1 2 6.170e+02 6.430e+02 242 1 2 5.712e+02 6.048e+02 311
25348 0
25349 5 2 3 3.104e+02 3.196e+02 86 2 4 3.285e+02 3.435e+02 139 2 3 2.283e+02 2.337e+02 50 2 3 2.972e+02 3.328e+02 330 2 3 5.084e+02 5.416e+02 309
25351 4 0 2 5.384e+02 5.536e+02 140 0 3 5.582e+02 5.758e+02 163 0 1 5.519e+02 5.821e+02 280 3 3 6.465e+02 6.555e+02 83
25353 5 0 4 6.544e+02 6.896e+02 326 2 2 3.403e+01 4.997e+01 148 2 3 8.228e+00 3.377e+01 237 2 4 3.071e+01 5.329e+01 210 2 1 5.940e+00 3.606e+01 280
25354 38 0 3 4.799e+02 4.861e+02 57 0 1 6.510e+02 6.510e+02 -17 0 4 5.852e+02 5.908e+02 51 0 1 5.539e+02 5.801e+02 244 0 4 6.157e+02 6.443e+02 265 0 2 6.593e+02 6.847e+02 236 0 3 5.506e+02 5.834e+02 304 0 1 5.062e+02 5.438e+02 350 1 2 5.039e+02 5.041e+02 2 1 1 6.070e+02 6.110e+02 36 1 4 6.215e+02 6.385e+02 157 1 3 5.976e+02 6.204e+02 211 1 2 6.169e+02 6.431e+02 244 2 3 2.307e+02 2.313e+02 6 2 3 3.932e+02 4.048e+02 108 2 1 2.730e+02 2.730e+02 -19 2 3 1.442e+02 1.498e+02 52 2 2 4.153e+02 4.247e+02 87 2 2 2.439e+02 2.601e+02 150 2 3 2.692e+02 2.768e+02 70 2 2 7.670e+01 9.130e+01 136 2 1 4.223e+02 4.597e+02 347 2 2 1.608e+02 1.752e+02 133 2 4 2.036e+02 2.164e+02 120 2 2 2.883e+02 2.997e+02 106 2 1 3.416e+02 3.724e+02 286 2 3 4.511e+01 8.089e+01 332 2 4 7.617e+01 9.183e+01 146 2 4 2.367e+02 2.673e+02 284 2 4 2.882e+02 2.998e+02 108 2 4 3.616e+02 3.944e+02 304 2 3 9.218e+01 1.178e+02 238 2 4 2.810e+02 3.070e+02 241 2 4 1.066e+02 1.454e+02 360 2 1 2.579e+02 2.881e+02 281 2 2 6.356e+01 1.044e+02 380 2 1 2.947e+02 3.353e+02 377 3 1 9.935e+00 3.207e+01 206
25355 7 0 2 5.040e+02 5.040e+02 -15 0 4 4.963e+02 5.117e+02 143 0 1 4.683e+02 4.977e+02 274 2 2 3.350e+02 3.370e+02 18 2 4 1.657e+02 1.703e+02 43 2 3 1.337e+02 1.603e+02 247 2 3 1.726e+02 2.054e+02 304
25357 8 0 3 6.500e+02 6.520e+02 19 0 2 6.605e+02 6.835e+02 213 0 4 6.596e+02 6.844e+02 230 2 4 3.946e+01 4.454e+01 47 2 1 5.943e+01 6.657e+01 66 2 3 5.319e+01 7.281e+01 182 2 4 2.555e+01 5.845e+01 306 2 2 2.465e+01 5.935e+01 322
25358 9 0 3 1.817e+02 1.963e+02 136 0 3 5.959e+02 6.221e+02 243 3 1 1.020e+02 1.080e+02 56 3 2 3.219e+01 5.181e+01 182 3 3 2.293e+02 2.327e+02 31 3 3 9.802e+01 1.120e+02 130 3 4 2.986e+01 5.414e+01 226 3 4 1.148e+02 1.372e+02 208 3 1 5.548e+01 7.052e+01 140
25362 13 2 2 3.334e+02 3.386e+02 48 2 4 8.191e+01 8.609e+01 39 2 4 5.445e+02 5.475e+02 28 2 4 2.924e+02 2.956e+02 30 2 3 6.084e+02 6.096e+02 11 2 1 3.555e+02 3.585e+02 27 2 3 5.631e+02 5.709e+02 73 2 3 9.995e+01 1.101e+02 94 2 3 5.909e+02 6.271e+02 336 2 3 3.120e+02 3.180e+02 56 2 3 6.310e+02 6.710e+02 372 2 1 3.430e+02 3.710e+02 260 2 2 1.090e+02 1.430e+02 316
25363 7 0 4 2.933e+02 2.947e+02 14 0 1 5.169e+02 5.331e+02 150 0 4 6.590e+02 6.850e+02 241 0 3 2.607e+02 2.853e+02 229 0 2 5.373e+02 5.547e+02 162 0 2 6.593e+02 6.847e+02 236 0 3 5.101e+02 5.399e+02 276
25365 0
25368 8 0 1 2.730e+02 2.730e+02 -1 0 2 2.843e+02 3.037e+02 180 0 4 2.848e+02 3.032e+02 171 1 1 6.090e+02 6.090e+02 -9 1 1 4.382e+02 4.438e+02 52 1 4 6.290e+02 6.310e+02 18 1 2 6.197e+02 6.403e+02 191 1 3 5.936e+02 6.244e+02 286
25369 4 2 2 4.192e+02 4.208e+02 16 2 3 3.872e+02 4.108e+02 219 2 4 4.121e+02 4.279e+02 146 2 4 2.416e+01 5.984e+01 331
25371 21 0 1 5.652e+02 5.688e+02 34 0 4 5.864e+02 5.896e+02 30 0 4 6.692e+02 6.748e+02 52 0 1 4.399e+02 4.421e+02 21 0 4 4.554e+02 4.686e+02 122 0 3 5.650e+02 5.690e+02 37 0 2 6.265e+02 6.335e+02 66 0 2 6.648e+02 6.792e+02 133 0 3 4.270e+02 4.550e+02 260 0 1 5.528e+02 5.812e+02 264 0 4 6.278e+02 6.322e+02 40 0 4 6.171e+02 6.429e+02 240 0 3 5.945e+02 6.235e+02 269 1 4 5.767e+02 5.993e+02 210 2 4 8.312e+01 8.488e+01 16 2 3 6.037e+01 6.563e+01 49 2 2 3.717e+01 4.683e+01 90 2 4 3.349e+01 5.051e+01 158 2 3 5.072e+01 7.528e+01 228 2 1 8.410e+00 3.359e+01 234 2 3 7.199e+00 3.480e+01 256
