30420 8 1 4 2.049e+02 2.151e+02 94 1 1 2.239e+02 2.381e+02 131 2 1 2.268e+02 2.352e+02 79 2 3 2.288e+02 2.332e+02 40 2 2 2.359e+02 2.681e+02 299 2 4 2.339e+02 2.701e+02 336 3 2 1.670e+02 1.690e+02 18 3 4 1.678e+02 1.682e+02 3
30424 0
30426 47 0 2 6.275e+02 6.325e+02 47 0 3 1.890e+02 1.890e+02 -4 0 2 6.711e+02 6.729e+02 16 0 1 3.979e+02 4.001e+02 21 0 4 5.034e+02 5.046e+02 11 0 2 5.439e+02 5.481e+02 40 0 4 6.298e+02 6.302e+02 4 0 4 6.719e+02 6.721e+02 2 0 4 4.143e+02 4.257e+02 106 0 1 4.819e+02 4.841e+02 20 0 1 5.108e+02 5.392e+02 265 0 3 6.021e+02 6.159e+02 129 0 3 4.312e+02 4.508e+02 181 0 3 4.695e+02 4.965e+02 251 0 4 6.171e+02 6.429e+02 239 0 4 4.055e+02 4.345e+02 269 0 2 4.884e+02 5.196e+02 290 0 4 5.763e+02 5.997e+02 218 0 1 6.398e+02 6.622e+02 207 0 1 4.216e+02 4.604e+02 360 0 1 5.976e+02 6.204e+02 211 0 3 6.420e+02 6.600e+02 167 0 2 6.549e+02 6.891e+02 317 1 3 6.065e+02 6.115e+02 47 1 4 6.263e+02 6.337e+02 68 1 1 5.977e+02 6.203e+02 210 1 2 6.136e+02 6.464e+02 304 1 1 1.317e+01 2.883e+01 146 1 3 1.397e+01 2.803e+01 130 2 1 2.719e+02 2.741e+02 21 2 4 1.258e+02 1.262e+02 3 2 2 1.658e+02 1.702e+02 40 2 4 2.079e+02 2.121e+02 40 2 3 5.440e+01 7.160e+01 160 2 3 9.883e+01 1.112e+02 115 2 1 1.832e+02 1.948e+02 107 2 1 2.295e+02 2.325e+02 28 2 4 3.112e+01 5.288e+01 202 2 2 7.657e+01 9.143e+01 138 2 3 1.389e+02 1.551e+02 151 2 3 2.153e+02 2.467e+02 291 2 1 4.422e+01 8.178e+01 349 2 4 7.626e+01 9.174e+01 144 2 4 1.527e+02 1.833e+02 285 2 2 1.958e+02 2.242e+02 265 2 2 1.065e+02 1.455e+02 363 2 1 1.334e+02 1.606e+02 252
30428 23 0 1 6.016e+02 6.164e+02 137 0 4 6.208e+02 6.392e+02 170 0 4 5.766e+02 5.994e+02 211 0 3 5.991e+02 6.189e+02 184 0 2 6.175e+02 6.425e+02 233 1 4 6.282e+02 6.318e+02 33 1 3 6.006e+02 6.174e+02 156 2 1 2.712e+02 2.748e+02 34 2 2 4.615e+02 4.625e+02 10 2 3 2.248e+02 2.372e+02 116 2 1 6.037e+02 6.143e+02 98 2 1 2.645e+02 2.815e+02 158 2 2 3.744e+02 3.816e+02 66 2 3 6.085e+02 6.095e+02 9 2 4 2.010e+02 2.190e+02 167 2 1 2.140e+02 2.480e+02 316 2 3 4.269e+02 4.551e+02 262 2 4 4.464e+02 4.776e+02 290 2 4 5.759e+02 6.001e+02 225 2 2 6.154e+02 6.446e+02 270 3 1 5.853e+01 6.747e+01 83 3 3 6.886e+00 3.511e+01 262 3 2 3.035e+01 5.365e+01 216
30429 5 2 1 3.126e+02 3.174e+02 45 2 2 2.865e+02 3.015e+02 139 2 4 3.430e+01 4.970e+01 143 2 3 2.587e+02 2.873e+02 266 2 4 2.806e+02 3.074e+02 250
30430 9 0 2 6.466e+02 6.974e+02 472 0 4 6.482e+02 6.958e+02 442 2 4 6.270e+02 6.330e+02 56 2 4 3.336e+02 3.384e+02 45 2 3 5.637e+02 5.703e+02 62 2 1 5.723e+01 6.877e+01 107 2 2 6.675e+02 6.765e+02 84 2 4 5.438e+02 5.482e+02 41 2 2 6.561e+02 6.879e+02 295
30431 26 0 1 1.860e+02 1.920e+02 56 0 4 2.070e+02 2.130e+02 56 0 3 1.809e+02 1.971e+02 151 0 1 3.905e+02 4.075e+02 158 0 2 1.909e+02 2.291e+02 354 0 1 6.073e+02 6.107e+02 31 0 4 4.018e+02 4.382e+02 339 0 3 6.046e+02 6.134e+02 81 0 1 3.767e+02 4.213e+02 414 0 4 6.160e+02 6.440e+02 260 0 2 6.104e+02 6.496e+02 364 1 1 6.072e+02 6.108e+02 34 1 4 6.268e+02 6.332e+02 60 1 3 5.994e+02 6.186e+02 179 1 2 6.138e+02 6.462e+02 301 2 3 4.407e+02 4.413e+02 5 2 1 3.983e+02 3.997e+02 12 2 4 4.195e+02 4.205e+02 9 2 3 1.470e+02 1.470e+02 -2 2 4 2.876e+02 3.004e+02 119 2 2 3.683e+02 3.877e+02 180 2 4 1.107e+02 1.413e+02 285 2 1 1.384e+02 1.556e+02 160 2 2 1.530e+02 1.830e+02 279 3 3 6.167e+01 6.433e+01 25 3 3 4.763e+01 7.837e+01 286
30435 3 2 1 1.815e+01 2.385e+01 53 2 1 1.007e+01 3.193e+01 203 2 3 6.300e+00 3.570e+01 273
30437 5 0 1 6.460e+02 6.560e+02 92 0 3 6.433e+02 6.587e+02 142 0 2 6.575e+02 6.865e+02 270 2 4 1.542e+02 1.818e+02 256 2 4 1.992e+02 2.208e+02 200
30439 4 2 2 3.968e+01 4.432e+01 43 2 4 3.991e+01 4.409e+01 39 2 1 4.668e+01 7.932e+01 303 2 3 4.301e+01 8.299e+01 371
30440 8 0 1 5.021e+02 5.479e+02 425 0 2 4.801e+02 5.279e+02 444 2 3 1.774e+01 2.426e+01 60 2 2 3.668e+01 4.732e+01 99 2 4 1.215e+02 1.305e+02 83 2 1 3.332e-01 4.167e+01 384 2 3 5.896e+00 3.610e+01 280 2 1 4.431e+01 8.169e+01 347
30441 24 0 4 4.184e+02 4.216e+02 30 2 1 5.669e+02 5.671e+02 2 2 3 3.956e+02 4.024e+02 63 2 1 5.231e+02 5.269e+02 36 2 2 3.700e+02 3.860e+02 149 2 2 5.877e+02 5.883e+02 5 2 1 4.328e+02 4.492e+02 152 2 2 4.491e+02 4.749e+02 239 2 4 5.848e+02 5.912e+02 60 2 3 4.349e+02 4.471e+02 114 2 4 6.214e+02 6.386e+02 160 2 1 3.790e+02 4.190e+02 372 2 1 5.891e+02 6.289e+02 369 2 3 5.915e+02 6.265e+02 326 3 4 4.200e+02 4.200e+02 -4 3 1 4.825e+02 4.835e+02 9 3 3 3.920e+02 4.060e+02 130 3 3 4.827e+02 4.833e+02 5 3 4 4.456e+02 4.784e+02 306 3 2 4.997e+02 5.083e+02 80 3 4 5.014e+02 5.066e+02 48 3 3 4.699e+02 4.961e+02 243 3 1 4.652e+02 5.008e+02 331 3 2 4.854e+02 5.226e+02 345
30442 0
30443 0
30446 0
30448 7 0 4 5.770e+02 5.990e+02 205 1 4 6.096e+02 6.504e+02 379 2 3 5.230e+02 5.270e+02 36 2 1 6.104e+01 6.496e+01 36 2 3 5.867e+01 6.733e+01 80 2 2 4.884e+02 5.196e+02 290 2 4 4.876e+02 5.204e+02 305
30449 7 0 4 3.353e+02 3.367e+02 14 0 3 6.458e+02 6.562e+02 97 0 3 6.401e+02 6.619e+02 202 2 3 1.050e+02 1.050e+02 -14 2 4 7.729e+01 9.071e+01 125 2 2 7.451e+01 9.349e+01 176 2 4 7.038e+01 9.762e+01 253
30450 3 1 4 5.034e+02 5.046e+02 11 1 1 4.737e+02 4.923e+02 172 2 2 1.103e+02 1.417e+02 291
30451 1 3 1 1.025e+02 1.075e+02 47
30452 2 3 4 3.356e+02 3.364e+02 8 3 4 3.591e+02 3.969e+02 351
30457 12 2 3 1.860e+02 1.920e+02 56 2 2 5.402e+02 5.518e+02 107 2 2 1.185e+02 1.335e+02 140 2 1 6.034e+02 6.146e+02 104 2 4 1.513e+02 1.847e+02 310 2 2 5.819e+02 5.941e+02 113 2 2 1.993e+02 2.207e+02 198 2 3 5.476e+02 5.864e+02 360 2 1 1.736e+02 2.044e+02 286 2 4 5.787e+02 5.973e+02 173 2 1 1.303e+02 1.637e+02 310 2 1 5.956e+02 6.224e+02 248
30458 0
30460 51 2 1 3.143e+02 3.157e+02 12 2 4 3.769e+02 3.791e+02 20 2 4 4.179e+01 4.221e+01 4 2 3 1.890e+02 1.890e+02 -2 2 4 2.090e+02 2.110e+02 19 2 2 2.868e+02 3.012e+02 134 2 3 6.226e+01 6.374e+01 14 2 2 7.796e+01 9.004e+01 112 2 1 1.457e+02 1.483e+02 25 2 3 2.245e+02 2.375e+02 120 2 4 2.927e+02 2.953e+02 25 2 1 6.109e+01 6.491e+01 36 2 3 9.259e+01 1.174e+02 230 2 3 1.466e+02 1.474e+02 7 2 2 2.050e+02 2.150e+02 93 2 3 3.077e+02 3.223e+02 135 2 2 1.065e+02 1.455e+02 362 2 1 1.822e+02 1.958e+02 126 2 1 2.163e+02 2.457e+02 274 2 3 2.980e+02 3.320e+02 316 2 4 1.476e+02 1.884e+02 379 2 2 2.386e+02 2.654e+02 249 2 2 2.775e+02 3.105e+02 307 2 2 1.915e+02 2.285e+02 343 2 3 2.127e+02 2.493e+02 340 3 1 2.030e+01 2.170e+01 13 3 4 1.260e+02 1.260e+02 -1 3 3 5.225e+02 5.275e+02 47 3 2 8.339e+01 8.461e+01 11 3 2 1.667e+02 1.693e+02 25 3 3 5.169e+02 5.331e+02 150 3 3 1.913e+01 2.287e+01 35 3 1 1.459e+02 1.481e+02 21 3 4 8.357e+01 8.443e+01 8 3 4 2.009e+02 2.191e+02 169 3 3 3.429e+00 3.857e+01 326 3 3 1.465e+02 1.475e+02 9 3 4 4.107e+01 4.293e+01 17 3 2 1.938e+02 2.262e+02 300 3 2 3.506e+01 4.894e+01 129 3 1 2.178e+02 2.442e+02 245 3 4 2.851e+01 5.549e+01 250 3 1 1.030e+02 1.070e+02 37 3 1 4.965e+01 7.635e+01 248 3 3 1.694e+02 2.086e+02 364 3 3 4.843e+01 7.757e+01 270 3 3 2.160e+02 2.460e+02 278 3 2 2.483e+01 5.917e+01 319 3 3 1.036e+02 1.064e+02 26 3 2 2.313e+02 2.727e+02 384 3 2 1.148e+02 1.372e+02 208
30462 8 3 3 5.481e+02 5.859e+02 350 3 2 6.173e+02 6.427e+02 236 3 3 5.169e+02 5.331e+02 150 3 2 5.735e+02 6.025e+02 270 3 2 4.878e+02 5.202e+02 300 3 4 5.692e+02 6.068e+02 350 3 3 6.270e+02 6.750e+02 446 3 1 5.429e+02 5.911e+02 448
30464 6 2 2 3.756e+02 3.804e+02 46 2 2 1.206e+02 1.314e+02 100 2 4 3.618e+02 3.942e+02 301 2 1 3.870e+02 4.110e+02 223 2 3 3.419e+02 3.721e+02 280 2 4 3.160e+02 3.560e+02 371
30465 8 0 4 5.866e+02 5.894e+02 26 0 4 6.676e+02 6.764e+02 81 0 1 5.559e+02 5.781e+02 206 0 3 5.507e+02 5.833e+02 303 2 3 4.811e+02 4.849e+02 35 2 4 4.617e+02 4.623e+02 5 2 3 5.124e+02 5.376e+02 234 2 4 4.885e+02 5.195e+02 287
30466 21 0 2 6.703e+02 6.737e+02 31 0 4 5.793e+02 5.967e+02 162 0 1 3.451e+02 3.689e+02 221 0 4 6.679e+02 6.761e+02 76 0 3 5.949e+02 6.231e+02 261 0 4 3.652e+02 3.908e+02 238 0 1 6.429e+02 6.591e+02 150 0 2 3.212e+02 3.508e+02 276 0 1 5.903e+02 6.277e+02 348 0 3 6.424e+02 6.596e+02 160 0 4 6.063e+02 6.537e+02 440 0 2 6.041e+02 6.559e+02 481 2 3 3.554e+02 3.586e+02 29 2 4 4.162e+01 4.238e+01 7 2 4 3.336e+02 3.384e+02 46 2 1 1.613e+01 2.587e+01 90 2 3 3.430e+02 3.710e+02 260 2 3 1.985e+01 2.215e+01 21 2 3 1.088e+01 3.112e+01 188 2 2 5.835e+01 1.096e+02 476 2 3 -5.859e+00 4.786e+01 499
30467 2 2 2 1.626e+02 1.734e+02 100 2 1 1.750e+02 2.030e+02 260
30469 0
30470 3 1 2 5.304e+02 5.616e+02 290 2 4 4.162e+01 4.238e+01 7 2 4 2.456e+01 5.944e+01 324
30472 9 1 2 6.238e+02 6.362e+02 116 2 2 2.901e+02 2.979e+02 73 2 1 5.826e+01 6.774e+01 88 2 3 2.636e+02 2.824e+02 174 2 3 6.127e+01 6.473e+01 32 2 2 6.728e+01 1.007e+02 310 2 4 2.811e+02 3.069e+02 239 2 4 3.139e+01 5.261e+01 197 2 1 5.315e+01 7.285e+01 183
30473 13 0 2 6.718e+02 6.722e+02 4 0 3 3.904e+02 4.076e+02 160 0 4 6.676e+02 6.764e+02 81 0 4 4.092e+02 4.308e+02 200 1 4 6.294e+02 6.306e+02 10 1 1 6.043e+02 6.137e+02 87 1 4 6.113e+02 6.487e+02 347 2 2 3.722e+01 4.678e+01 89 2 4 5.454e+02 5.466e+02 10 2 4 3.834e+01 4.566e+01 68 2 1 5.431e+01 7.169e+01 161 2 3 5.122e+01 7.478e+01 219 2 2 2.815e+01 5.585e+01 257
30474 13 0 1 5.654e+02 5.686e+02 30 0 3 4.340e+02 4.480e+02 130 0 2 4.434e+02 4.806e+02 346 2 4 2.921e+02 2.959e+02 35 2 2 5.864e+02 5.896e+02 30 2 3 3.122e+02 3.178e+02 51 2 2 3.218e+02 3.502e+02 264 2 4 5.815e+02 5.945e+02 120 2 4 2.391e+02 2.649e+02 240 2 3 5.949e+02 6.231e+02 261 2 3 2.728e+02 2.732e+02 3 2 2 2.920e+02 2.960e+02 36 2 1 3.047e+02 3.253e+02 192
30476 13 0 3 6.056e+02 6.124e+02 64 0 2 6.708e+02 6.732e+02 22 0 1 6.006e+02 6.174e+02 156 0 4 6.687e+02 6.753e+02 60 0 4 6.203e+02 6.397e+02 180 0 1 6.372e+02 6.648e+02 256 1 2 8.281e+01 8.519e+01 22 2 4 2.473e+02 2.567e+02 88 2 1 3.949e+02 4.031e+02 76 2 4 3.735e+02 3.825e+02 83 2 3 2.710e+02 2.750e+02 38 2 3 3.862e+02 4.118e+02 237 2 2 3.723e+02 3.837e+02 106
30477 0
30479 4 0 4 4.193e+02 4.207e+02 14 0 3 3.903e+02 4.077e+02 162 0 2 6.570e+02 6.870e+02 278 0 4 6.611e+02 6.829e+02 202
