21698 14 0 4 3.313e+02 3.407e+02 87 2 2 3.834e+01 4.566e+01 68 2 3 3.949e+02 4.031e+02 76 2 1 1.431e+02 1.509e+02 72 2 4 3.268e+01 5.132e+01 173 2 4 4.119e+02 4.281e+02 151 2 3 1.817e+02 1.963e+02 136 2 2 2.010e+02 2.190e+02 167 2 1 5.153e+01 7.447e+01 213 2 1 1.731e+02 2.049e+02 296 2 4 1.936e+02 2.264e+02 305 2 3 4.728e+00 3.727e+01 302 3 1 5.597e+01 7.003e+01 130 3 1 2.756e+00 3.924e+01 339
21699 16 0 3 4.410e+02 4.410e+02 -8 0 4 6.702e+02 6.738e+02 34 0 4 4.161e+02 4.239e+02 72 0 1 4.725e+02 4.935e+02 196 0 4 5.842e+02 5.918e+02 71 0 1 6.485e+02 6.535e+02 47 0 3 4.324e+02 4.496e+02 160 0 1 5.670e+02 5.670e+02 -15 0 3 6.472e+02 6.548e+02 70 0 3 5.622e+02 5.718e+02 90 2 4 2.506e+02 2.534e+02 26 2 2 3.307e+02 3.413e+02 99 2 4 3.329e+02 3.391e+02 58 2 3 2.583e+02 2.877e+02 274 2 3 3.455e+02 3.685e+02 213 3 1 5.267e+00 3.673e+01 292
21702 6 0 2 5.404e+02 5.516e+02 104 0 1 5.502e+02 5.838e+02 312 2 4 6.285e+02 6.315e+02 27 2 1 6.457e+02 6.563e+02 98 2 3 6.471e+02 6.549e+02 73 2 2 6.559e+02 6.881e+02 300
21704 6 0 1 5.646e+02 5.694e+02 45 0 2 1.215e+02 1.305e+02 84 0 4 6.687e+02 6.753e+02 60 0 3 5.234e+02 5.266e+02 29 2 1 2.622e+02 2.838e+02 200 2 3 8.886e+01 1.211e+02 300
21705 0
21710 2 0 2 6.704e+02 6.736e+02 30 0 2 6.641e+02 6.799e+02 146
21711 0
21713 0
21715 11 0 4 6.703e+02 6.737e+02 32 0 4 5.831e+02 5.929e+02 91 0 3 9.084e+01 1.192e+02 263 0 1 6.450e+02 6.570e+02 112 0 4 6.146e+02 6.454e+02 286 0 3 6.397e+02 6.623e+02 210 0 2 6.599e+02 6.841e+02 224 2 4 8.290e+01 8.510e+01 20 2 4 4.555e+02 4.685e+02 120 2 4 7.468e+01 9.332e+01 173 2 3 9.254e+01 1.175e+02 231
21716 0
21719 8 0 2 4.574e+02 4.666e+02 86 1 3 6.025e+02 6.155e+02 121 2 4 3.888e+01 4.512e+01 58 2 2 3.892e+01 4.508e+01 57 2 1 4.190e+00 3.781e+01 312 2 3 4.146e+00 3.785e+01 313 3 4 4.179e+01 4.221e+01 4 3 2 4.200e+01 4.200e+01 -3
21721 9 0 4 2.520e+02 2.520e+02 -1 0 1 5.931e+02 6.249e+02 295 1 1 4.794e+01 7.806e+01 280 2 2 4.054e+01 4.346e+01 27 2 4 4.018e+01 4.382e+01 34 2 3 7.468e+00 3.453e+01 251 2 1 5.136e+00 3.686e+01 295 3 1 1.299e+01 2.901e+01 149 3 3 1.173e+01 3.027e+01 172
21723 64 0 4 2.940e+02 2.940e+02 -5 0 2 6.283e+02 6.317e+02 31 0 4 3.320e+02 3.400e+02 74 0 4 6.701e+02 6.739e+02 36 0 4 2.061e+02 2.139e+02 73 0 4 5.008e+02 5.072e+02 60 0 1 5.247e+02 5.253e+02 6 0 4 6.288e+02 6.312e+02 23 0 1 6.502e+02 6.518e+02 16 0 1 4.806e+02 4.854e+02 44 0 3 5.197e+02 5.303e+02 98 0 4 5.837e+02 5.923e+02 80 0 3 6.506e+02 6.514e+02 8 0 3 4.771e+02 4.889e+02 110 0 2 5.292e+02 5.628e+02 311 0 3 6.041e+02 6.139e+02 91 0 2 6.709e+02 6.731e+02 20 0 2 4.982e+02 5.098e+02 107 0 3 5.490e+02 5.850e+02 335 0 1 5.927e+02 6.253e+02 303 0 4 4.932e+02 5.148e+02 200 0 1 5.469e+02 5.871e+02 373 0 2 6.170e+02 6.430e+02 242 0 2 4.855e+02 5.225e+02 344 0 4 6.166e+02 6.434e+02 249 0 2 6.097e+02 6.503e+02 376 1 4 6.289e+02 6.311e+02 20 1 4 5.849e+02 5.911e+02 57 1 2 6.262e+02 6.338e+02 70 1 1 5.162e+02 5.338e+02 164 1 3 5.632e+02 5.708e+02 71 1 1 5.998e+02 6.182e+02 171 1 2 5.369e+02 5.551e+02 170 1 3 5.995e+02 6.185e+02 176 1 1 5.551e+02 5.789e+02 220 1 3 5.929e+02 6.251e+02 299 1 2 5.759e+02 6.001e+02 224 1 2 5.303e+02 5.617e+02 292 2 2 3.843e+01 4.557e+01 66 2 2 8.218e+01 8.582e+01 34 2 4 5.869e+02 5.891e+02 20 2 4 2.900e+02 2.980e+02 75 2 2 5.016e+02 5.064e+02 45 2 4 3.767e+01 4.633e+01 80 2 1 5.155e+02 5.345e+02 176 2 4 8.267e+01 8.533e+01 25 2 4 6.594e+02 6.846e+02 234 2 3 1.359e+02 1.581e+02 206 2 1 4.712e+02 4.948e+02 219 2 2 2.006e+02 2.194e+02 174 2 3 4.687e+02 4.973e+02 266 2 1 3.099e+02 3.201e+02 96 2 4 4.438e+02 4.802e+02 339 2 1 5.907e+01 6.693e+01 73 2 3 1.001e+02 1.099e+02 91 2 3 3.013e+02 3.287e+02 254 2 3 5.579e+01 7.021e+01 134 2 3 9.048e+01 1.195e+02 270 2 2 2.752e+02 3.128e+02 349 2 3 6.031e+00 3.597e+01 278 2 2 1.129e+02 1.391e+02 244 2 4 1.143e+02 1.377e+02 216 2 2 7.082e+01 9.718e+01 245 2 4 6.719e+01 1.008e+02 312
21724 18 0 2 6.720e+02 6.720e+02 -1 0 1 6.498e+02 6.522e+02 22 0 3 6.463e+02 6.557e+02 86 0 4 6.648e+02 6.792e+02 134 1 4 6.300e+02 6.300e+02 -1 1 4 6.214e+02 6.386e+02 160 1 2 6.157e+02 6.443e+02 265 2 1 4.810e+02 4.850e+02 36 2 3 3.570e+02 3.570e+02 -12 2 3 1.963e+01 2.237e+01 26 2 1 3.882e+02 4.098e+02 200 2 2 1.679e+02 1.681e+02 2 2 1 4.682e+02 4.978e+02 275 2 2 3.760e+02 3.800e+02 36 2 2 4.046e+02 4.354e+02 286 2 4 1.675e+02 1.685e+02 10 2 4 3.340e+02 3.380e+02 36 2 3 2.560e+02 2.900e+02 316
21725 2 2 3 2.003e+01 2.197e+01 18 2 2 9.941e+01 1.526e+02 494
21732 2 0 2 4.903e+02 5.177e+02 254 2 2 3.946e+01 4.454e+01 47
21735 3 2 2 4.200e+02 4.200e+02 -8 2 2 3.861e+01 4.539e+01 63 2 4 1.507e+02 1.853e+02 322
21736 0
21737 0
21740 0
21741 7 0 3 5.655e+02 5.685e+02 27 0 1 3.885e+02 4.095e+02 195 0 1 5.157e+02 5.343e+02 172 0 2 6.593e+02 6.847e+02 236 0 4 6.588e+02 6.852e+02 246 1 2 6.185e+02 6.415e+02 213 2 4 2.376e+02 2.664e+02 268
21743 0
21744 22 0 1 6.069e+02 6.111e+02 39 0 2 6.696e+02 6.744e+02 44 0 4 6.232e+02 6.368e+02 126 0 4 6.608e+02 6.832e+02 208 0 3 5.519e+02 5.821e+02 280 0 3 5.976e+02 6.204e+02 211 0 2 6.535e+02 6.905e+02 344 0 2 6.165e+02 6.435e+02 251 0 4 5.748e+02 6.012e+02 246 1 4 6.142e+02 6.458e+02 294 2 4 1.664e+02 1.696e+02 29 2 1 1.420e+01 2.780e+01 126 2 1 1.890e+02 1.890e+02 -4 2 3 1.707e+01 2.493e+01 73 2 3 1.764e+02 2.016e+02 234 2 2 3.170e+01 5.230e+01 191 2 2 1.548e+02 1.812e+02 246 2 4 2.645e+01 5.755e+01 289 3 3 1.047e+02 1.053e+02 6 3 2 1.159e+02 1.361e+02 188 3 4 6.917e+01 9.883e+01 276 3 1 8.940e+01 1.206e+02 290
