40174 8 1 1 5.240e+02 5.260e+02 19 1 2 5.417e+02 5.503e+02 80 1 2 6.256e+02 6.344e+02 82 1 3 5.611e+02 5.729e+02 109 1 4 6.214e+02 6.386e+02 160 1 4 5.711e+02 6.049e+02 313 1 3 5.984e+02 6.196e+02 196 1 1 5.901e+02 6.279e+02 351
40175 15 0 2 6.276e+02 6.324e+02 44 0 4 6.720e+02 6.720e+02 -9 0 4 6.299e+02 6.301e+02 1 0 3 6.500e+02 6.520e+02 18 0 1 6.032e+02 6.148e+02 108 0 2 6.700e+02 6.740e+02 38 0 3 6.018e+02 6.162e+02 133 0 1 6.436e+02 6.584e+02 137 0 1 5.924e+02 6.256e+02 309 0 3 6.337e+02 6.683e+02 321 2 2 2.877e+02 3.003e+02 117 2 3 1.949e+01 2.251e+01 28 2 4 1.170e+02 1.350e+02 166 2 1 8.949e+00 3.305e+01 224 2 3 9.075e+01 1.192e+02 265
40178 27 0 4 2.073e+02 2.127e+02 50 0 4 4.961e+02 5.119e+02 146 2 3 1.936e+01 2.264e+01 30 2 4 8.308e+01 8.492e+01 17 2 4 6.683e+02 6.757e+02 68 2 4 1.666e+02 1.694e+02 26 2 4 5.020e+02 5.060e+02 38 2 4 2.518e+02 2.522e+02 4 2 4 5.406e+02 5.514e+02 100 2 4 2.934e+02 2.946e+02 11 2 4 4.830e+02 5.250e+02 390 2 2 4.139e+01 4.261e+01 11 2 4 1.212e+02 1.308e+02 89 2 1 1.434e+02 1.506e+02 67 2 2 2.081e+02 2.119e+02 35 2 4 4.040e+01 4.360e+01 30 2 2 8.240e+01 8.560e+01 30 2 3 1.387e+02 1.553e+02 154 2 1 2.232e+02 2.388e+02 146 2 4 2.749e+02 3.131e+02 354 2 4 2.950e+01 5.450e+01 232 2 2 7.271e+01 9.529e+01 210 2 3 1.751e+02 2.029e+02 258 2 3 2.202e+02 2.418e+02 200 2 1 5.113e+01 7.487e+01 220 2 3 9.084e+01 1.192e+02 263 2 4 2.402e+02 2.638e+02 219
40180 1 0 4 6.599e+02 6.841e+02 226
40181 17 0 1 5.650e+02 5.690e+02 36 0 2 6.275e+02 6.325e+02 47 0 2 6.706e+02 6.734e+02 26 0 4 5.840e+02 5.920e+02 74 0 1 6.437e+02 6.583e+02 135 0 4 6.190e+02 6.410e+02 204 0 3 6.391e+02 6.629e+02 221 0 3 5.895e+02 6.285e+02 362 2 4 3.772e+02 3.788e+02 15 2 3 3.961e+02 4.019e+02 54 2 1 1.994e+01 2.206e+01 20 2 4 3.634e+02 3.926e+02 270 2 1 7.151e+00 3.485e+01 257 2 2 1.983e+02 2.217e+02 218 2 3 5.536e+00 3.646e+01 287 2 2 1.897e+02 2.303e+02 377 2 4 1.920e+02 2.280e+02 335
40182 0
40183 37 0 1 2.696e+02 2.764e+02 63 0 4 6.266e+02 6.334e+02 63 0 4 3.337e+02 3.383e+02 43 0 1 4.410e+02 4.410e+02 -1 0 2 2.891e+02 2.989e+02 90 0 4 4.534e+02 4.706e+02 160 0 4 5.860e+02 5.900e+02 37 0 4 4.159e+02 4.241e+02 76 0 1 5.952e+02 6.228e+02 257 0 2 6.545e+02 6.895e+02 326 0 3 4.332e+02 4.488e+02 145 0 2 4.460e+02 4.780e+02 298 0 2 6.156e+02 6.444e+02 267 0 1 3.818e+02 4.162e+02 320 1 2 6.288e+02 6.312e+02 22 1 4 6.264e+02 6.336e+02 66 1 3 5.986e+02 6.194e+02 193 1 1 5.902e+02 6.278e+02 350 1 2 6.114e+02 6.486e+02 345 2 3 6.083e+02 6.097e+02 12 2 2 3.838e+01 4.562e+01 67 2 2 8.276e+01 8.524e+01 23 2 3 1.438e+02 1.502e+02 59 2 4 5.779e+02 5.981e+02 187 2 4 2.091e+02 2.109e+02 16 2 2 3.120e+01 5.280e+01 200 2 3 5.945e+02 6.235e+02 270 2 4 8.343e+01 8.457e+01 10 2 4 1.627e+02 1.733e+02 99 2 1 4.767e+01 7.833e+01 285 2 3 9.865e+01 1.114e+02 118 2 3 1.754e+02 2.026e+02 252 2 3 2.116e+02 2.504e+02 360 2 2 2.331e+01 6.069e+01 347 2 4 1.179e+02 1.341e+02 150 2 2 1.135e+02 1.385e+02 232 2 4 6.472e+01 1.033e+02 358
40184 6 0 4 1.525e+02 1.835e+02 288 2 1 1.841e+02 1.939e+02 90 2 4 1.498e+02 1.862e+02 339 2 4 1.059e+02 1.461e+02 374 2 3 1.717e+02 2.063e+02 322 2 3 1.284e+02 1.656e+02 345
40186 3 1 3 6.086e+02 6.094e+02 7 2 1 2.021e+01 2.179e+01 15 2 3 9.618e+00 3.238e+01 211
40187 6 0 4 6.298e+02 6.302e+02 4 0 2 6.271e+02 6.329e+02 53 0 4 4.081e+02 4.319e+02 220 0 1 5.943e+02 6.237e+02 273 0 3 4.276e+02 4.544e+02 249 0 3 5.906e+02 6.274e+02 341
40189 2 0 4 3.717e+02 3.843e+02 117 1 4 2.371e+02 2.669e+02 277
40190 2 0 4 2.496e+02 2.544e+02 46 2 4 6.262e+02 6.338e+02 70
40191 2 0 1 6.441e+02 6.579e+02 128 0 3 6.433e+02 6.587e+02 143
40193 1 2 2 3.470e+01 4.930e+01 136
40194 10 1 1 5.644e+02 5.696e+02 48 1 4 5.839e+02 5.921e+02 76 1 3 5.590e+02 5.750e+02 148 1 2 5.743e+02 6.017e+02 254 2 2 4.103e+01 4.297e+01 18 2 3 5.656e+01 6.944e+01 120 2 4 6.707e+02 6.733e+02 25 2 2 3.138e+01 5.262e+01 197 2 2 1.150e+02 1.370e+02 205 3 4 7.213e+01 9.587e+01 220
40195 9 0 4 6.543e+02 6.897e+02 328 0 2 6.031e+02 6.569e+02 499 0 3 6.314e+02 6.706e+02 364 0 2 6.511e+02 6.929e+02 389 0 4 6.457e+02 6.983e+02 489 2 3 4.814e+02 4.846e+02 30 2 1 4.345e+02 4.475e+02 120 2 2 4.521e+02 4.719e+02 184 2 1 2.153e+02 2.467e+02 292
40196 2 2 4 1.656e+02 1.704e+02 46 2 3 1.813e+02 1.967e+02 143
40197 5 0 3 3.970e+02 4.010e+02 36 0 2 6.554e+02 6.886e+02 309 0 4 4.051e+02 4.349e+02 276 2 2 4.995e+02 5.085e+02 83 2 1 5.098e+02 5.402e+02 282
40198 5 0 4 4.610e+02 4.630e+02 18 0 3 4.789e+02 4.871e+02 76 0 4 4.068e+02 4.332e+02 246 0 2 4.465e+02 4.775e+02 288 0 3 4.263e+02 4.557e+02 273
40201 11 0 4 6.720e+02 6.720e+02 -12 0 3 4.361e+02 4.459e+02 90 0 4 4.605e+02 4.635e+02 28 0 2 6.641e+02 6.799e+02 146 0 2 6.561e+02 6.879e+02 295 0 4 6.550e+02 6.890e+02 316 0 1 6.337e+02 6.683e+02 321 2 3 3.077e+02 3.223e+02 136 2 4 3.829e+01 4.571e+01 69 2 4 2.843e+02 3.037e+02 180 2 3 4.534e+01 8.066e+01 328
40204 16 0 3 1.861e+02 1.919e+02 55 0 2 5.426e+02 5.494e+02 64 0 4 2.081e+02 2.119e+02 36 0 3 6.462e+02 6.558e+02 90 0 4 2.833e+02 3.047e+02 199 0 3 3.877e+02 4.103e+02 210 0 2 3.719e+02 3.841e+02 113 0 4 4.924e+02 5.156e+02 216 0 1 1.789e+02 1.991e+02 187 0 1 5.476e+02 5.864e+02 360 0 4 3.633e+02 3.927e+02 273 0 1 6.372e+02 6.648e+02 257 0 2 1.518e+02 1.842e+02 300 0 3 4.693e+02 4.967e+02 254 0 3 5.513e+02 5.827e+02 291 2 3 5.138e+02 5.362e+02 209
40208 11 0 2 2.936e+02 2.944e+02 8 0 4 3.286e+02 3.434e+02 137 2 1 1.805e+02 1.975e+02 157 2 2 2.061e+02 2.139e+02 73 2 1 1.404e+02 1.536e+02 123 2 2 2.421e+02 2.619e+02 185 2 1 1.280e+02 1.660e+02 352 2 2 1.966e+02 2.234e+02 248 2 2 1.499e+02 1.861e+02 336 3 3 3.113e+02 3.187e+02 69 3 3 3.463e+02 3.677e+02 198
