5645 6 0 3 6.492e+02 6.528e+02 33 0 2 6.648e+02 6.792e+02 133 0 1 6.359e+02 6.661e+02 280 2 1 3.553e+02 3.587e+02 32 2 4 8.011e+01 8.789e+01 72 2 2 3.339e+02 3.381e+02 40
5647 7 0 2 6.681e+02 6.759e+02 73 0 4 6.667e+02 6.773e+02 98 2 4 3.343e+02 3.377e+02 32 2 2 4.142e+02 4.258e+02 108 2 3 1.453e+02 1.487e+02 32 2 4 4.169e+02 4.231e+02 58 2 4 1.146e+02 1.374e+02 212
5648 20 0 4 4.197e+02 4.203e+02 6 0 2 6.193e+02 6.407e+02 199 0 3 6.459e+02 6.561e+02 95 0 1 3.990e+02 3.990e+02 -20 0 4 6.170e+02 6.430e+02 242 0 2 6.629e+02 6.811e+02 169 0 3 3.898e+02 4.082e+02 171 0 4 5.790e+02 5.970e+02 168 0 1 6.439e+02 6.581e+02 131 0 2 6.562e+02 6.878e+02 294 0 4 6.556e+02 6.884e+02 305 1 4 6.280e+02 6.320e+02 38 1 2 6.145e+02 6.455e+02 288 2 3 6.279e+01 6.321e+01 4 2 2 8.254e+01 8.546e+01 27 2 1 1.738e+01 2.462e+01 67 2 3 6.118e+00 3.588e+01 276 2 2 7.195e+01 9.605e+01 224 2 4 6.737e+01 1.006e+02 309 3 3 2.100e+01 2.100e+01 -4
5649 2 2 4 3.271e+02 3.449e+02 166 2 4 2.781e+02 3.099e+02 296
5650 15 0 1 5.665e+02 5.675e+02 10 0 2 6.716e+02 6.724e+02 7 0 1 5.532e+02 5.808e+02 257 0 4 5.852e+02 5.908e+02 52 0 4 6.694e+02 6.746e+02 48 0 3 5.543e+02 5.797e+02 236 0 1 6.358e+02 6.662e+02 282 0 3 6.343e+02 6.677e+02 310 2 2 4.143e+01 4.257e+01 10 2 2 5.455e+02 5.465e+02 10 2 3 6.261e+01 6.339e+01 7 2 4 5.038e+02 5.042e+02 4 2 1 5.670e+02 5.670e+02 -8 2 4 7.195e+01 9.605e+01 224 2 3 5.240e+02 5.260e+02 19
5651 36 0 1 5.668e+02 5.672e+02 3 0 3 6.090e+02 6.090e+02 -2 0 4 4.200e+02 4.200e+02 -4 0 2 6.300e+02 6.300e+02 -3 0 2 6.703e+02 6.737e+02 32 0 1 3.899e+02 4.081e+02 170 0 3 5.621e+02 5.719e+02 91 0 4 6.269e+02 6.331e+02 58 0 4 6.708e+02 6.732e+02 23 0 3 3.817e+02 4.163e+02 320 0 1 6.055e+02 6.125e+02 65 0 4 6.601e+02 6.839e+02 221 0 4 5.792e+02 5.968e+02 163 0 3 6.343e+02 6.677e+02 310 0 4 6.130e+02 6.470e+02 316 0 1 5.902e+02 6.278e+02 349 1 4 5.448e+02 5.472e+02 22 1 4 5.804e+02 5.956e+02 141 1 3 5.572e+02 5.768e+02 181 2 4 3.358e+02 3.362e+02 3 2 4 4.604e+02 4.636e+02 30 2 2 8.400e+01 8.400e+01 -9 2 1 1.458e+02 1.482e+02 22 2 2 2.100e+02 2.100e+02 -6 2 4 4.454e+02 4.786e+02 309 2 2 3.312e+02 3.408e+02 89 2 4 4.861e+02 5.219e+02 333 2 4 8.052e+01 8.748e+01 65 2 4 2.059e+02 2.141e+02 76 2 4 1.249e+02 1.271e+02 20 2 3 1.319e+02 1.621e+02 280 2 3 2.132e+02 2.488e+02 331 2 3 3.425e+02 3.715e+02 270 2 3 4.592e+01 8.008e+01 317 2 2 1.145e+02 1.375e+02 214 2 1 1.708e+02 2.072e+02 339
5652 1 1 2 6.144e+02 6.456e+02 289
5653 9 2 3 1.470e+02 1.470e+02 -6 2 4 1.207e+02 1.313e+02 98 2 2 1.651e+02 1.709e+02 53 2 4 7.931e+01 8.869e+01 87 2 1 1.697e+02 2.083e+02 359 2 3 9.492e+01 1.151e+02 187 2 2 6.993e+01 9.807e+01 261 2 3 8.635e+01 1.236e+02 346 2 4 1.075e+02 1.445e+02 343
5654 29 0 1 5.248e+02 5.252e+02 3 0 3 6.046e+02 6.134e+02 81 0 3 5.122e+02 5.378e+02 238 0 4 2.700e+02 3.180e+02 446 0 1 5.988e+02 6.192e+02 189 0 2 3.550e+02 4.010e+02 427 0 2 5.342e+02 5.578e+02 220 0 3 3.751e+02 4.229e+02 444 1 2 6.284e+02 6.316e+02 29 2 1 1.877e+02 1.903e+02 24 2 1 1.626e+01 2.574e+01 88 2 1 4.410e+02 4.410e+02 -1 2 4 7.482e+01 9.318e+01 170 2 2 1.593e+02 1.767e+02 162 2 2 4.128e+02 4.272e+02 135 2 3 4.709e+01 7.891e+01 296 2 3 2.891e+00 3.911e+01 336 2 4 4.089e+02 4.311e+02 206 2 3 1.278e+02 1.662e+02 357 2 3 3.808e+02 4.172e+02 337 2 2 1.879e+02 2.321e+02 410 2 4 4.030e+02 4.370e+02 316 2 4 1.676e+01 6.724e+01 469 2 2 5.718e+01 1.108e+02 498 2 3 4.211e+02 4.609e+02 370 2 1 3.672e+01 8.928e+01 488 2 1 1.638e+02 2.142e+02 468 3 3 7.781e+00 3.422e+01 246 3 4 6.392e+01 1.041e+02 373
5655 8 0 2 6.217e+02 6.383e+02 155 0 1 6.382e+02 6.638e+02 237 0 4 6.184e+02 6.416e+02 215 0 3 6.413e+02 6.607e+02 180 2 2 1.246e+02 1.274e+02 26 2 4 1.153e+02 1.367e+02 198 2 1 1.307e+02 1.633e+02 302 2 3 8.868e+01 1.213e+02 303
5656 87 0 1 6.510e+02 6.510e+02 -6 0 2 8.335e+01 8.465e+01 12 0 1 3.983e+02 3.997e+02 12 0 4 1.680e+02 1.680e+02 -21 0 4 5.864e+02 5.896e+02 29 0 2 1.258e+02 1.262e+02 3 0 3 6.510e+02 6.510e+02 0 0 2 2.833e+02 3.047e+02 198 0 4 4.179e+02 4.221e+02 39 0 2 3.689e+02 3.871e+02 170 0 4 4.520e+02 4.720e+02 186 0 2 6.935e+01 9.865e+01 272 0 3 5.652e+02 5.688e+02 34 0 4 2.812e+02 3.068e+02 238 0 1 6.064e+02 6.116e+02 49 0 4 3.616e+02 3.944e+02 306 0 4 6.693e+02 6.747e+02 50 0 1 3.074e+02 3.226e+02 141 0 3 3.938e+02 4.042e+02 97 0 1 5.217e+02 5.283e+02 62 0 3 6.071e+02 6.109e+02 35 0 2 6.634e+02 6.806e+02 160 0 3 4.325e+02 4.495e+02 157 0 1 5.594e+02 5.746e+02 141 0 2 6.300e+02 6.300e+02 -16 0 2 6.546e+02 6.894e+02 323 0 1 4.259e+02 4.561e+02 280 0 3 5.530e+02 5.810e+02 260 0 4 6.254e+02 6.346e+02 85 0 4 6.547e+02 6.893e+02 322 0 3 4.246e+02 4.574e+02 305 0 3 5.119e+02 5.381e+02 244 0 3 5.991e+02 6.189e+02 185 0 2 5.325e+02 5.595e+02 250 0 4 5.732e+02 6.028e+02 275 0 1 5.923e+02 6.257e+02 310 1 3 4.830e+02 4.830e+02 -7 1 4 5.880e+02 5.880e+02 -24 1 2 4.555e+02 4.685e+02 120 1 1 6.090e+02 6.090e+02 -17 1 2 4.083e+02 4.317e+02 217 1 4 5.040e+02 5.040e+02 -24 1 1 5.661e+02 5.679e+02 16 1 2 6.300e+02 6.300e+02 -18 1 1 4.731e+02 4.929e+02 184 1 3 5.643e+02 5.697e+02 50 1 4 6.300e+02 6.300e+02 -18 1 2 5.364e+02 5.556e+02 178 1 3 5.987e+02 6.193e+02 192 1 1 5.552e+02 5.788e+02 219 1 3 5.562e+02 5.778e+02 201 1 2 5.759e+02 6.001e+02 224 2 4 8.400e+01 8.400e+01 -23 2 4 5.448e+02 5.472e+02 22 2 2 1.673e+02 1.687e+02 14 2 4 5.029e+02 5.051e+02 20 2 1 3.117e+02 3.183e+02 60 2 1 5.660e+02 5.680e+02 18 2 2 3.778e+02 3.782e+02 5 2 2 4.023e+02 4.377e+02 328 2 3 6.243e+01 6.357e+01 10 2 3 5.193e+02 5.307e+02 106 2 4 1.243e+02 1.277e+02 31 2 4 4.856e+02 5.224e+02 342 2 4 1.680e+02 1.680e+02 -6 2 2 5.401e+02 5.519e+02 110 2 2 2.090e+02 2.110e+02 18 2 3 5.605e+02 5.735e+02 120 2 3 3.121e+02 3.179e+02 55 2 4 5.284e+02 5.636e+02 326 2 4 3.345e+02 3.375e+02 28 2 3 1.559e+01 2.641e+01 100 2 2 1.205e+02 1.315e+02 103 2 3 1.774e+02 2.006e+02 216 2 1 2.256e+02 2.364e+02 100 2 4 2.841e+02 3.039e+02 185 2 4 3.649e+02 3.911e+02 244 2 2 3.632e+01 4.768e+01 106 2 2 7.329e+01 9.471e+01 199 2 3 1.310e+02 1.630e+02 296 2 4 1.953e+02 2.247e+02 272 2 2 2.792e+02 3.088e+02 276 2 2 3.253e+02 3.467e+02 200 2 4 2.937e+01 5.463e+01 235 2 3 3.405e+02 3.735e+02 306 2 1 4.660e+01 7.940e+01 305 2 1 4.775e+00 3.722e+01 301
5658 68 0 1 6.090e+02 6.090e+02 -16 0 3 2.061e+01 2.139e+01 7 0 2 6.720e+02 6.720e+02 -18 0 2 1.260e+02 1.260e+02 -3 0 1 5.648e+02 5.692e+02 40 0 2 2.078e+02 2.122e+02 40 0 4 5.880e+02 5.880e+02 -23 0 3 2.730e+02 2.730e+02 -20 0 4 6.720e+02 6.720e+02 -4 0 1 1.762e+02 2.018e+02 238 0 3 6.060e+02 6.120e+02 56 0 4 2.787e+02 3.093e+02 284 0 1 6.510e+02 6.510e+02 -20 0 4 4.473e+02 4.767e+02 274 0 3 5.487e+02 5.853e+02 340 0 1 5.966e+02 6.214e+02 230 0 3 6.510e+02 6.510e+02 0 0 3 5.987e+02 6.193e+02 192 0 4 6.590e+02 6.850e+02 241 0 2 6.141e+02 6.459e+02 296 0 1 6.331e+02 6.689e+02 332 0 3 6.338e+02 6.682e+02 319 1 4 6.297e+02 6.303e+02 6 1 3 2.727e+02 2.733e+02 6 1 2 5.877e+02 5.883e+02 6 1 4 2.940e+02 2.940e+02 -14 1 1 6.090e+02 6.090e+02 -23 1 2 2.420e+02 2.620e+02 186 1 3 5.154e+02 5.346e+02 179 1 4 5.880e+02 5.880e+02 -24 1 3 6.072e+02 6.108e+02 33 1 1 4.712e+02 4.948e+02 220 1 2 5.449e+02 5.471e+02 20 1 2 6.300e+02 6.300e+02 -0 1 3 4.673e+02 4.987e+02 292 1 1 5.670e+02 5.670e+02 -4 1 3 5.639e+02 5.701e+02 57 1 3 5.528e+02 5.812e+02 263 1 4 5.736e+02 6.024e+02 268 2 4 6.295e+02 6.305e+02 9 2 4 3.360e+02 3.360e+02 -14 2 2 8.294e+01 8.506e+01 20 2 1 3.112e+02 3.188e+02 70 2 2 3.316e+02 3.404e+02 82 2 3 5.248e+02 5.252e+02 3 2 3 6.042e+01 6.558e+01 48 2 4 5.870e+02 5.890e+02 18 2 4 8.400e+01 8.400e+01 -10 2 4 6.684e+02 6.756e+02 66 2 1 1.376e+02 1.564e+02 176 2 4 2.050e+02 2.150e+02 93 2 4 5.024e+02 5.056e+02 30 2 3 3.483e+02 3.657e+02 162 2 3 5.963e+02 6.217e+02 236 2 4 3.502e+01 4.898e+01 130 2 2 6.181e+02 6.419e+02 220 2 3 1.050e+02 1.050e+02 -15 2 3 1.317e+02 1.623e+02 284 2 3 2.250e+02 2.370e+02 112 2 2 3.696e+02 3.864e+02 156 2 3 5.045e+01 7.555e+01 233 2 4 1.217e+02 1.303e+02 80 2 1 8.410e+00 3.359e+01 234 2 4 7.455e+01 9.345e+01 176 2 2 1.152e+02 1.368e+02 200 3 4 4.121e+01 4.279e+01 15 3 3 6.158e+01 6.442e+01 26 3 2 6.656e+01 1.014e+02 324
5659 0
5660 4 2 2 2.939e+02 2.941e+02 1 2 4 8.173e+01 8.627e+01 42 2 4 2.924e+02 2.956e+02 29 2 3 2.965e+02 3.335e+02 344
5661 22 0 3 5.235e+02 5.265e+02 28 0 2 6.712e+02 6.728e+02 16 0 2 6.198e+02 6.402e+02 190 0 4 6.702e+02 6.738e+02 33 0 4 6.174e+02 6.426e+02 234 0 3 6.420e+02 6.600e+02 166 0 1 6.317e+02 6.703e+02 358 0 4 6.528e+02 6.912e+02 356 2 2 4.076e+01 4.324e+01 23 2 1 3.972e+02 4.008e+02 33 2 3 3.119e+02 3.181e+02 58 2 2 3.334e+02 3.386e+02 49 2 1 1.900e+01 2.300e+01 37 2 1 3.828e+02 4.152e+02 300 2 4 2.034e+02 2.166e+02 123 2 4 2.872e+02 3.008e+02 126 2 3 1.590e+01 2.610e+01 95 2 1 3.368e+02 3.772e+02 375 2 4 2.932e+01 5.468e+01 236 2 2 3.567e+02 3.993e+02 396 2 1 4.790e+01 7.810e+01 280 2 3 8.767e+00 3.323e+01 227
5662 0
5663 1 2 4 6.125e+02 6.475e+02 325
5665 0
5666 61 0 1 5.662e+02 5.678e+02 15 0 3 6.208e+01 6.392e+01 17 0 1 6.499e+02 6.521e+02 20 0 4 2.911e+02 2.969e+02 55 0 3 3.956e+02 4.024e+02 64 0 4 3.267e+02 3.453e+02 172 0 2 5.015e+02 5.065e+02 47 0 2 3.116e+01 5.284e+01 201 0 3 5.634e+02 5.706e+02 66 0 4 7.693e+01 9.107e+01 131 0 4 5.876e+02 5.884e+02 7 0 3 2.154e+02 2.466e+02 290 0 3 6.483e+02 6.537e+02 50 0 1 3.093e+02 3.207e+02 106 0 2 4.605e+02 4.635e+02 28 0 1 1.723e+00 4.028e+01 358 0 3 5.207e+02 5.293e+02 80 0 4 2.336e+02 2.704e+02 342 0 3 6.003e+02 6.177e+02 162 0 3 2.614e+02 2.846e+02 216 0 2 6.588e+02 6.852e+02 246 0 2 2.794e+02 3.086e+02 270 0 1 4.299e+02 4.521e+02 206 0 4 4.609e+02 4.631e+02 20 0 2 5.395e+02 5.525e+02 121 0 4 5.797e+02 5.963e+02 155 0 4 6.556e+02 6.884e+02 304 0 3 4.248e+02 4.572e+02 300 0 3 4.811e+02 4.849e+02 35 0 1 5.590e+02 5.750e+02 149 0 1 6.010e+02 6.170e+02 149 0 1 3.797e+02 4.183e+02 359 0 1 4.681e+02 4.979e+02 277 0 1 5.151e+02 5.349e+02 184 0 2 6.137e+02 6.463e+02 302 0 4 4.916e+02 5.164e+02 230 0 3 5.058e+02 5.442e+02 357 0 4 6.118e+02 6.482e+02 338 0 3 4.645e+02 5.015e+02 344 0 2 5.266e+02 5.654e+02 360 0 1 5.898e+02 6.282e+02 357 1 2 5.857e+02 5.903e+02 42 1 1 6.068e+02 6.112e+02 41 1 4 5.011e+02 5.069e+02 54 1 4 5.875e+02 5.885e+02 9 1 3 6.050e+02 6.130e+02 75 1 3 4.661e+02 4.999e+02 314 1 1 5.576e+02 5.764e+02 175 1 2 6.300e+02 6.300e+02 -0 1 3 5.475e+02 5.865e+02 363 1 4 6.285e+02 6.315e+02 27 2 4 3.780e+02 3.780e+02 -0 2 4 1.640e+02 1.720e+02 75 2 2 2.098e+02 2.102e+02 5 2 4 2.939e+02 2.941e+02 1 2 1 1.837e+02 1.943e+02 99 2 4 2.806e+02 3.074e+02 250 2 2 1.583e+02 1.777e+02 180 2 4 1.950e+02 2.250e+02 278 2 3 1.752e+02 2.028e+02 256 2 1 2.142e+02 2.478e+02 312
5667 3 2 2 2.508e+02 2.532e+02 23 2 4 2.430e+02 2.610e+02 166 2 3 2.147e+02 2.473e+02 302
5668 9 0 4 4.152e+02 4.248e+02 90 0 2 6.564e+02 6.876e+02 290 0 4 3.989e+02 4.411e+02 391 0 4 6.549e+02 6.891e+02 317 2 4 3.351e+02 3.369e+02 17 2 1 4.827e+02 4.833e+02 6 2 4 3.711e+02 3.849e+02 129 2 4 3.594e+02 3.966e+02 346 2 4 4.050e+02 4.350e+02 278
5669 3 1 4 6.120e+02 6.480e+02 335 2 1 1.958e+01 2.242e+01 26 2 3 1.604e+01 2.596e+01 92
5670 4 1 3 1.050e+02 1.050e+02 -0 1 1 9.667e+01 1.133e+02 155 1 2 6.939e+01 9.861e+01 271 2 2 2.061e+01 6.339e+01 397
5671 28 0 4 4.168e+02 4.232e+02 59 0 2 6.155e+02 6.445e+02 270 0 4 6.128e+02 6.472e+02 320 0 3 6.474e+02 6.546e+02 67 0 1 6.420e+02 6.600e+02 167 0 1 4.789e+02 4.871e+02 76 0 3 6.393e+02 6.627e+02 218 0 4 4.881e+02 5.199e+02 296 0 2 4.444e+02 4.796e+02 327 1 4 6.300e+02 6.300e+02 -13 1 2 6.300e+02 6.300e+02 -10 1 1 6.002e+02 6.178e+02 164 1 4 6.138e+02 6.462e+02 301 1 1 5.914e+02 6.266e+02 327 2 4 2.093e+02 2.107e+02 14 2 2 4.596e+02 4.644e+02 46 2 4 2.902e+02 2.978e+02 71 2 1 1.815e+01 2.385e+01 53 2 3 4.248e+02 4.572e+02 301 2 3 2.280e+02 2.340e+02 56 2 1 4.727e+02 4.933e+02 191 2 3 1.065e+01 3.135e+01 192 2 4 4.498e+02 4.742e+02 226 2 2 1.162e+02 1.358e+02 182 2 2 2.391e+02 2.649e+02 239 2 1 2.546e+02 2.914e+02 341 2 4 7.024e+01 9.776e+01 256 2 1 2.120e+02 2.500e+02 353
5673 16 0 4 4.608e+02 4.632e+02 23 0 3 4.393e+02 4.427e+02 32 0 2 4.575e+02 4.665e+02 83 0 1 4.272e+02 4.548e+02 256 0 1 5.902e+02 6.278e+02 350 0 3 4.215e+02 4.605e+02 363 1 4 6.139e+02 6.461e+02 300 2 3 3.564e+02 3.576e+02 10 2 4 4.054e+01 4.346e+01 27 2 2 1.667e+02 1.693e+02 24 2 2 3.780e+01 4.620e+01 78 2 4 1.643e+02 1.717e+02 68 2 1 4.933e+01 7.667e+01 254 2 3 1.721e+02 2.059e+02 313 2 3 4.435e+01 8.165e+01 346 2 1 1.297e+02 1.643e+02 321
5674 1 0 2 3.294e+02 3.426e+02 123
5675 18 0 4 6.690e+02 6.750e+02 56 0 3 4.346e+02 4.474e+02 120 0 4 4.594e+02 4.646e+02 49 0 3 6.001e+02 6.179e+02 166 0 1 6.501e+02 6.519e+02 17 0 2 4.464e+02 4.776e+02 289 0 4 5.733e+02 6.027e+02 274 0 3 6.480e+02 6.540e+02 56 0 1 5.971e+02 6.209e+02 221 0 3 6.371e+02 6.649e+02 258 0 2 6.604e+02 6.836e+02 216 0 4 6.563e+02 6.877e+02 291 0 2 6.522e+02 6.918e+02 368 1 4 6.269e+02 6.331e+02 58 2 3 2.270e+02 2.350e+02 74 2 2 2.442e+02 2.598e+02 145 2 2 2.388e+02 2.652e+02 245 2 1 2.102e+02 2.518e+02 386
5676 0
5677 0
5678 0
5681 37 0 3 4.828e+02 4.832e+02 4 0 4 3.339e+02 3.381e+02 39 0 1 4.793e+02 4.867e+02 69 0 3 5.564e+02 5.776e+02 196 0 4 4.086e+02 4.314e+02 211 0 4 4.850e+02 5.230e+02 353 0 1 3.789e+02 4.191e+02 373 0 2 4.434e+02 4.806e+02 345 1 4 6.295e+02 6.305e+02 10 1 2 6.283e+02 6.317e+02 31 1 1 3.047e+02 3.253e+02 191 1 1 5.985e+02 6.195e+02 195 1 3 5.983e+02 6.197e+02 199 1 3 2.984e+02 3.316e+02 308 1 3 3.419e+02 3.721e+02 281 1 2 3.222e+02 3.498e+02 256 1 4 3.588e+02 3.972e+02 356 1 4 3.226e+02 3.494e+02 250 2 2 3.341e+02 3.379e+02 35 2 2 1.645e+02 1.715e+02 66 2 4 2.504e+02 2.536e+02 30 2 3 2.714e+02 2.746e+02 30 2 2 4.025e+02 4.375e+02 325 2 3 3.556e+02 3.584e+02 26 2 4 1.246e+02 1.274e+02 26 2 4 1.551e+02 1.809e+02 240 2 3 3.119e+02 3.181e+02 57 2 2 3.712e+02 3.848e+02 126 2 4 1.099e+02 1.421e+02 300 2 1 1.310e+02 1.630e+02 297 2 3 2.134e+02 2.486e+02 327 2 2 2.884e+02 2.996e+02 104 2 4 3.309e+02 3.411e+02 95 2 3 1.352e+02 1.588e+02 219 2 3 3.442e+02 3.698e+02 238 2 2 3.657e+02 3.903e+02 229 3 4 1.561e+02 1.799e+02 220
5682 20 0 2 6.273e+02 6.327e+02 50 0 3 4.375e+02 4.445e+02 66 0 1 5.241e+02 5.259e+02 16 0 4 6.258e+02 6.342e+02 79 0 4 4.125e+02 4.275e+02 140 0 2 5.382e+02 5.538e+02 146 0 1 6.347e+02 6.673e+02 303 0 1 4.333e+02 4.487e+02 144 0 3 5.067e+02 5.433e+02 340 0 3 6.343e+02 6.677e+02 310 0 4 3.996e+02 4.404e+02 379 1 1 1.699e+02 2.081e+02 355 1 2 6.114e+02 6.486e+02 346 1 4 2.290e+02 2.750e+02 427 2 1 2.053e+01 2.147e+01 9 2 4 8.034e+01 8.766e+01 68 2 2 1.650e+02 1.710e+02 56 2 3 8.723e+00 3.328e+01 228 2 2 1.247e+02 1.273e+02 24 2 3 9.043e+01 1.196e+02 270
5683 6 0 3 5.927e+02 6.253e+02 303 0 4 6.535e+02 6.905e+02 343 0 3 5.465e+02 5.875e+02 381 2 3 2.075e+01 2.125e+01 5 2 1 1.182e+01 3.018e+01 170 2 2 2.586e+01 5.814e+01 300
5684 1 1 2 7.410e+01 9.390e+01 184
