7002 26 0 4 2.094e+02 2.106e+02 10 0 3 3.963e+02 4.017e+02 50 0 4 4.563e+02 4.677e+02 106 0 4 3.218e+02 3.502e+02 264 0 4 6.185e+02 6.415e+02 213 0 2 2.377e+02 2.663e+02 265 0 4 4.139e+02 4.261e+02 114 0 4 2.821e+02 3.059e+02 221 0 1 4.808e+02 4.852e+02 41 0 3 2.891e+00 3.911e+01 336 0 1 4.226e+02 4.594e+02 342 0 3 2.495e+02 2.965e+02 437 0 3 4.774e+02 4.886e+02 105 0 2 4.537e+02 4.703e+02 154 0 2 2.710e+02 3.170e+02 426 0 4 4.483e+02 4.757e+02 255 1 4 2.910e+02 2.970e+02 56 1 2 1.982e+02 2.218e+02 220 1 2 6.171e+02 6.429e+02 240 1 4 3.275e+02 3.445e+02 158 1 3 3.007e+02 3.293e+02 266 1 3 3.385e+02 3.755e+02 343 2 4 2.415e+02 2.625e+02 196 2 3 2.694e+02 2.766e+02 66 2 1 5.969e+02 6.211e+02 224 2 2 2.921e+02 2.959e+02 36
7003 41 0 4 6.720e+02 6.720e+02 -10 0 1 4.410e+02 4.410e+02 -0 0 4 3.229e+02 3.491e+02 243 0 1 6.073e+02 6.107e+02 31 0 1 1.332e+02 1.608e+02 257 0 3 4.303e+02 4.517e+02 198 0 2 3.208e+02 3.512e+02 283 0 2 4.530e+02 4.710e+02 166 0 2 1.524e+02 1.836e+02 289 0 4 6.224e+02 6.376e+02 140 0 4 1.547e+02 1.813e+02 247 0 2 6.141e+02 6.459e+02 295 1 3 5.649e+02 5.691e+02 39 1 3 3.047e+02 3.253e+02 192 1 3 2.650e+02 2.810e+02 149 1 2 2.848e+02 3.032e+02 170 1 4 5.691e+02 6.069e+02 350 1 2 2.382e+02 2.658e+02 256 1 4 2.849e+02 3.031e+02 170 1 1 2.602e+02 2.858e+02 237 1 1 3.024e+02 3.276e+02 234 1 3 2.920e+02 3.380e+02 427 2 4 3.756e+02 3.804e+02 46 2 3 3.974e+02 4.006e+02 30 2 1 2.100e+01 2.100e+01 -4 2 4 4.160e+02 4.240e+02 75 2 3 2.302e+02 2.318e+02 15 2 2 3.695e+01 4.705e+01 94 2 3 4.363e+02 4.457e+02 87 2 4 3.901e+01 4.499e+01 56 2 2 4.438e+02 4.802e+02 338 2 2 1.933e+02 2.267e+02 310 2 2 4.061e+02 4.339e+02 258 2 1 9.349e+00 3.265e+01 216 2 1 4.278e+02 4.542e+02 245 2 4 1.908e+02 2.292e+02 356 2 3 1.339e+01 2.861e+01 141 2 4 2.999e+01 5.401e+01 223 2 1 4.902e+01 7.698e+01 260 2 3 5.126e+01 7.474e+01 218 3 4 3.312e+02 3.408e+02 90
7004 22 0 3 3.990e+02 3.990e+02 -11 0 4 6.715e+02 6.725e+02 10 0 3 5.633e+02 5.707e+02 69 0 1 6.005e+02 6.175e+02 158 0 1 6.437e+02 6.583e+02 136 0 4 4.101e+02 4.299e+02 183 0 1 5.604e+02 5.736e+02 123 0 3 6.021e+02 6.159e+02 128 0 3 6.468e+02 6.552e+02 79 0 4 6.170e+02 6.430e+02 241 0 2 6.624e+02 6.816e+02 179 0 2 6.161e+02 6.439e+02 259 0 4 6.630e+02 6.810e+02 168 2 3 5.961e+01 6.639e+01 63 2 1 2.079e+01 2.121e+01 4 2 2 7.361e+01 9.439e+01 193 2 3 1.801e+01 2.399e+01 56 2 4 7.006e+01 9.794e+01 259 2 1 5.624e+01 6.976e+01 126 2 2 2.757e+01 5.643e+01 268 2 4 2.901e+01 5.499e+01 241 3 1 5.683e+01 6.917e+01 115
7005 51 0 1 6.510e+02 6.510e+02 -8 0 3 4.822e+02 4.838e+02 15 0 4 3.298e+02 3.422e+02 116 0 1 5.650e+02 5.690e+02 36 0 3 6.503e+02 6.517e+02 12 0 2 2.811e+02 3.069e+02 240 0 2 4.986e+02 5.094e+02 100 0 3 5.655e+02 5.685e+02 28 0 2 6.701e+02 6.739e+02 36 0 4 5.012e+02 5.068e+02 51 0 3 5.566e+02 5.774e+02 193 0 4 6.712e+02 6.728e+02 16 0 2 4.559e+02 4.681e+02 113 0 3 6.404e+02 6.616e+02 197 0 4 4.467e+02 4.773e+02 285 0 1 4.718e+02 4.942e+02 208 0 4 4.880e+02 5.200e+02 296 1 2 6.299e+02 6.301e+02 2 1 4 5.829e+02 5.931e+02 96 1 2 4.050e+02 4.350e+02 279 1 4 6.298e+02 6.302e+02 4 1 1 6.082e+02 6.098e+02 16 1 3 5.990e+02 6.190e+02 186 1 2 6.117e+02 6.483e+02 340 2 3 1.038e+02 1.062e+02 22 2 3 3.150e+02 3.150e+02 -4 2 4 4.561e+02 4.679e+02 110 2 1 2.100e+01 2.100e+01 -5 2 3 5.200e+02 5.300e+02 93 2 2 1.260e+02 1.260e+02 -8 2 4 4.965e+02 5.115e+02 139 2 4 1.659e+02 1.701e+02 40 2 1 4.719e+02 4.941e+02 206 2 4 2.065e+02 2.135e+02 66 2 4 3.740e+01 4.660e+01 86 2 3 4.701e+02 4.959e+02 240 2 4 8.097e+01 8.703e+01 56 2 2 4.892e+02 5.188e+02 276 2 3 1.847e+02 1.933e+02 80 2 3 2.269e+02 2.351e+02 76 2 2 4.444e+02 4.796e+02 326 2 4 2.803e+02 3.077e+02 254 2 3 1.137e+01 3.063e+01 179 2 2 7.181e+01 9.619e+01 226 2 1 1.751e+02 2.029e+02 259 2 2 2.443e+02 2.597e+02 142 2 2 2.492e+01 5.908e+01 317 2 4 2.348e+02 2.692e+02 319 2 2 1.949e+02 2.251e+02 280 2 4 1.936e+02 2.264e+02 306 3 2 1.152e+02 1.368e+02 200
7006 23 1 1 5.650e+02 5.690e+02 38 1 2 5.826e+02 5.934e+02 100 1 4 6.157e+02 6.443e+02 266 1 1 5.482e+02 5.858e+02 350 2 1 6.266e+01 6.334e+01 6 2 4 5.856e+02 5.904e+02 44 2 1 1.457e+02 1.483e+02 25 2 3 2.723e+02 2.737e+02 14 2 1 6.063e+02 6.117e+02 50 2 3 2.057e+01 2.143e+01 8 2 3 5.955e+02 6.225e+02 251 2 2 1.185e+02 1.335e+02 140 2 4 2.835e+02 3.045e+02 195 2 2 5.742e+02 6.018e+02 256 2 4 3.847e+01 4.553e+01 66 2 4 1.170e+02 1.350e+02 166 2 3 9.171e+00 3.283e+01 220 2 2 7.527e+01 9.273e+01 162 2 2 3.371e+01 5.029e+01 154 2 4 6.782e+01 1.002e+02 300 2 1 4.745e+01 7.855e+01 289 2 3 8.640e+01 1.236e+02 346 2 3 5.225e+01 7.375e+01 200
7007 5 0 3 6.506e+02 6.514e+02 8 0 2 6.154e+02 6.446e+02 270 0 1 6.441e+02 6.579e+02 129 0 4 6.183e+02 6.417e+02 217 0 4 6.535e+02 6.905e+02 343
7008 12 0 2 6.290e+02 6.310e+02 18 0 4 6.291e+02 6.309e+02 16 0 1 3.515e+02 3.625e+02 101 0 3 5.112e+02 5.388e+02 257 0 4 5.807e+02 5.953e+02 135 0 1 5.484e+02 5.856e+02 345 0 1 5.917e+02 6.263e+02 320 0 3 5.946e+02 6.234e+02 267 2 3 1.990e+01 2.210e+01 20 2 4 3.883e+01 4.517e+01 59 2 4 1.160e+02 1.360e+02 186 2 2 2.165e+01 6.235e+01 378
7009 21 0 4 5.831e+02 5.929e+02 90 0 2 6.601e+02 6.839e+02 221 0 4 6.623e+02 6.817e+02 180 0 1 6.360e+02 6.660e+02 278 1 2 6.181e+02 6.419e+02 221 1 4 6.220e+02 6.380e+02 149 2 4 6.291e+02 6.309e+02 17 2 4 1.660e+02 1.700e+02 36 2 3 2.711e+02 2.749e+02 36 2 2 5.821e+02 5.939e+02 110 2 4 1.228e+02 1.292e+02 60 2 3 6.430e+02 6.590e+02 148 2 2 2.069e+02 2.131e+02 57 2 2 6.587e+02 6.853e+02 247 2 4 3.247e+02 3.473e+02 210 2 1 6.330e+02 6.690e+02 334 2 4 3.067e+01 5.333e+01 210 2 3 9.196e+01 1.180e+02 242 2 3 1.752e+02 2.028e+02 257 2 4 1.983e+02 2.217e+02 218 2 3 2.588e+02 2.872e+02 264
7010 7 0 3 3.990e+02 3.990e+02 -2 0 1 6.337e+02 6.683e+02 320 0 2 3.637e+02 3.923e+02 265 0 4 4.070e+02 4.330e+02 242 0 1 6.256e+02 6.764e+02 471 2 1 -1.420e+00 4.342e+01 416 2 3 3.298e-01 4.167e+01 384
7011 0
7012 11 0 2 5.396e+02 5.524e+02 118 0 4 5.872e+02 5.888e+02 15 0 1 5.525e+02 5.815e+02 269 0 3 5.481e+02 5.859e+02 350 0 3 5.103e+02 5.397e+02 272 2 3 1.043e+02 1.057e+02 14 2 1 1.191e+01 3.009e+01 169 2 3 4.641e+00 3.736e+01 304 2 4 1.116e+02 1.404e+02 267 2 2 1.068e+02 1.452e+02 357 2 4 6.445e+01 1.035e+02 363
7013 1 0 4 6.564e+02 6.876e+02 290
7014 11 0 2 6.704e+02 6.736e+02 30 0 4 6.177e+02 6.423e+02 229 1 2 5.871e+02 5.889e+02 16 1 3 6.018e+02 6.162e+02 134 1 4 5.816e+02 5.944e+02 119 1 1 5.980e+02 6.200e+02 204 1 3 5.544e+02 5.796e+02 235 1 3 5.927e+02 6.253e+02 303 1 2 5.756e+02 6.004e+02 230 2 3 1.890e+02 1.890e+02 -3 2 4 1.582e+02 1.778e+02 182
7015 10 0 4 5.826e+02 5.934e+02 100 0 1 5.503e+02 5.837e+02 310 0 3 5.936e+02 6.244e+02 286 2 4 8.267e+01 8.533e+01 25 2 1 1.581e+01 2.619e+01 96 2 2 3.152e+01 5.248e+01 195 2 2 7.105e+01 9.695e+01 240 2 3 4.951e+01 7.649e+01 250 2 3 9.129e+01 1.187e+02 255 2 3 2.531e+00 3.947e+01 343
7016 28 0 4 3.780e+02 3.780e+02 -1 0 2 5.429e+02 5.491e+02 57 0 2 3.727e+02 3.833e+02 98 0 4 6.711e+02 6.729e+02 17 0 1 5.178e+02 5.322e+02 134 0 4 3.247e+02 3.473e+02 210 0 2 6.193e+02 6.407e+02 198 0 1 3.448e+02 3.692e+02 226 0 1 6.462e+02 6.558e+02 90 0 3 5.483e+02 5.857e+02 347 0 4 6.150e+02 6.450e+02 279 0 3 6.446e+02 6.574e+02 120 0 2 6.649e+02 6.791e+02 131 0 2 6.552e+02 6.888e+02 312 0 4 6.531e+02 6.909e+02 351 1 4 5.853e+02 5.907e+02 50 1 1 6.078e+02 6.102e+02 22 1 3 5.624e+02 5.716e+02 86 1 3 6.090e+02 6.090e+02 -1 1 2 6.267e+02 6.333e+02 62 1 4 6.214e+02 6.386e+02 160 1 2 6.121e+02 6.479e+02 332 2 3 4.410e+02 4.410e+02 -3 2 3 5.234e+02 5.266e+02 30 2 4 4.200e+02 4.200e+02 -10 2 4 4.923e+02 5.157e+02 218 2 2 5.280e+02 5.640e+02 335 2 4 1.511e+02 1.849e+02 314
7017 23 0 2 6.252e+02 6.348e+02 90 0 3 6.510e+02 6.510e+02 0 0 4 4.158e+02 4.242e+02 77 0 2 6.183e+02 6.417e+02 216 0 2 3.616e+02 3.944e+02 304 0 4 5.731e+02 6.029e+02 276 0 4 6.530e+02 6.910e+02 353 0 1 3.817e+02 4.163e+02 320 0 1 5.908e+02 6.272e+02 338 0 3 5.957e+02 6.223e+02 246 0 4 6.067e+02 6.533e+02 432 0 2 6.068e+02 6.532e+02 431 1 2 5.877e+02 5.883e+02 5 2 3 1.030e+02 1.070e+02 38 2 4 8.128e+01 8.672e+01 50 2 1 5.131e+01 7.469e+01 217 2 4 2.743e+01 5.657e+01 270 2 2 1.093e+02 1.427e+02 310 2 3 1.297e+02 1.643e+02 322 2 1 2.124e+02 2.496e+02 345 2 1 4.421e+01 8.179e+01 349 2 4 1.087e+02 1.433e+02 322 2 4 1.005e+02 1.515e+02 474
7018 0
7019 13 0 3 6.071e+02 6.109e+02 36 0 4 3.671e+02 3.889e+02 202 0 4 6.170e+02 6.430e+02 241 0 3 5.451e+02 5.889e+02 407 0 2 6.126e+02 6.474e+02 324 0 1 5.406e+02 5.934e+02 490 1 4 6.135e+02 6.465e+02 306 2 3 8.407e+00 3.359e+01 234 2 2 2.079e+01 6.321e+01 394 2 2 2.300e+02 2.740e+02 409 2 4 1.743e+01 6.657e+01 456 2 4 2.272e+02 2.768e+02 460 2 3 -4.200e+00 4.620e+01 468
7020 2 2 3 3.127e+02 3.173e+02 42 3 2 3.931e+02 4.469e+02 499
7021 2 0 4 6.675e+02 6.765e+02 83 0 4 3.633e+02 3.927e+02 274
7022 0
7023 1 2 4 2.889e+02 2.991e+02 95
7024 22 0 2 2.518e+02 2.522e+02 3 0 3 2.706e+02 2.754e+02 45 0 4 5.817e+02 5.943e+02 116 0 3 6.481e+02 6.539e+02 55 0 1 4.356e+02 4.464e+02 100 0 4 4.508e+02 4.732e+02 209 0 2 5.396e+02 5.524e+02 120 0 2 6.630e+02 6.810e+02 168 0 3 4.324e+02 4.496e+02 159 0 1 5.534e+02 5.806e+02 252 0 4 6.613e+02 6.827e+02 198 0 4 4.044e+02 4.356e+02 289 0 1 4.228e+02 4.592e+02 337 1 3 5.870e+02 6.310e+02 409 2 1 6.300e+01 6.300e+01 -24 2 4 5.441e+02 5.479e+02 36 2 4 5.331e+02 5.589e+02 240 2 1 1.792e+01 2.408e+01 57 2 2 7.046e+01 9.754e+01 251 2 3 1.317e+01 2.883e+01 146 2 1 1.047e+01 3.153e+01 196 2 4 2.658e+01 5.742e+01 286
7025 3 0 2 2.727e+02 3.153e+02 396 2 3 3.947e+02 4.033e+02 80 2 4 3.676e+02 3.884e+02 193
7026 19 0 3 6.090e+02 6.090e+02 -5 0 4 6.171e+02 6.429e+02 240 0 4 2.421e+02 2.619e+02 185 0 1 2.141e+02 2.479e+02 313 0 2 6.597e+02 6.843e+02 228 0 2 2.354e+02 2.686e+02 308 0 3 2.065e+02 2.555e+02 456 2 4 4.602e+02 4.638e+02 34 2 2 1.651e+02 1.709e+02 53 2 4 2.088e+02 2.112e+02 21 2 3 4.742e+02 4.918e+02 163 2 1 2.307e+02 2.313e+02 6 2 1 4.700e+02 4.960e+02 241 2 4 2.519e+01 5.881e+01 312 2 2 6.809e+01 9.991e+01 296 2 2 4.865e+02 5.215e+02 325 2 2 1.994e+02 2.206e+02 197 2 2 4.461e+02 4.779e+02 296 2 3 2.180e+02 2.440e+02 242
7027 54 0 4 6.285e+02 6.315e+02 27 0 4 2.940e+02 2.940e+02 -11 0 2 6.702e+02 6.738e+02 34 0 3 2.646e+02 2.814e+02 156 0 2 5.018e+02 5.062e+02 40 0 4 5.801e+02 5.959e+02 146 0 2 2.384e+02 2.656e+02 252 0 4 6.639e+02 6.801e+02 150 0 1 2.556e+02 2.904e+02 323 0 3 3.896e+02 4.084e+02 175 0 2 3.612e+02 3.948e+02 312 0 4 4.996e+02 5.084e+02 81 0 4 3.633e+02 3.927e+02 274 0 1 6.041e+02 6.139e+02 91 0 1 6.409e+02 6.611e+02 188 0 1 4.256e+02 4.564e+02 286 0 2 4.595e+02 4.645e+02 46 0 3 5.049e+02 5.451e+02 373 0 2 6.230e+02 6.370e+02 130 0 2 6.617e+02 6.823e+02 191 0 3 4.785e+02 4.875e+02 84 0 3 5.974e+02 6.206e+02 216 0 4 6.534e+02 6.906e+02 346 0 1 4.686e+02 4.974e+02 268 0 1 6.323e+02 6.697e+02 348 0 3 6.279e+02 6.741e+02 430 1 3 5.653e+02 5.687e+02 31 1 2 6.295e+02 6.305e+02 10 1 1 5.236e+02 5.264e+02 26 1 4 5.880e+02 5.880e+02 -17 1 3 6.083e+02 6.097e+02 13 1 2 5.368e+02 5.552e+02 170 1 4 6.180e+02 6.420e+02 222 1 1 5.526e+02 5.814e+02 267 1 1 5.918e+02 6.262e+02 320 2 4 3.313e+02 3.407e+02 87 2 2 4.192e+02 4.208e+02 15 2 3 6.051e+01 6.549e+01 46 2 4 1.235e+02 1.285e+02 47 2 2 1.656e+02 1.704e+02 46 2 4 4.076e+02 4.324e+02 230 2 3 1.034e+02 1.066e+02 29 2 3 3.840e+02 4.140e+02 278 2 1 1.798e+02 1.982e+02 170 2 3 2.970e+02 3.330e+02 335 2 1 4.781e+01 7.819e+01 282 2 2 1.167e+02 1.353e+02 173 2 1 1.399e+02 1.541e+02 132 2 3 4.974e+01 7.626e+01 246 2 2 7.733e+01 9.067e+01 124 2 4 1.571e+02 1.789e+02 202 2 4 7.500e+01 9.300e+01 167 2 3 1.320e+02 1.620e+02 279 2 2 6.450e+01 1.035e+02 362
7028 0
7029 29 0 2 6.282e+02 6.318e+02 34 0 2 6.712e+02 6.728e+02 15 0 3 2.634e+02 2.826e+02 179 0 1 6.055e+02 6.125e+02 66 0 4 1.515e+02 1.845e+02 306 0 4 6.710e+02 6.730e+02 18 0 4 2.847e+02 3.033e+02 173 0 3 6.027e+02 6.153e+02 116 0 1 6.436e+02 6.584e+02 137 0 2 6.163e+02 6.437e+02 254 0 3 6.438e+02 6.582e+02 134 0 4 6.215e+02 6.385e+02 157 0 1 6.306e+02 6.714e+02 378 1 2 6.300e+02 6.300e+02 -2 1 4 6.276e+02 6.324e+02 44 1 1 6.068e+02 6.112e+02 40 2 2 3.761e+02 3.799e+02 35 2 1 6.225e+01 6.375e+01 14 2 4 8.065e+01 8.735e+01 62 2 1 1.418e+02 1.522e+02 97 2 4 2.036e+02 2.164e+02 119 2 4 3.353e+02 3.367e+02 12 2 1 2.070e+01 2.130e+01 6 2 2 7.253e+01 9.547e+01 213 2 3 3.504e+02 3.636e+02 122 2 1 1.025e+01 3.175e+01 200 2 3 8.761e+01 1.224e+02 323 2 2 3.164e+02 3.556e+02 364 2 3 4.772e+00 3.723e+01 301
7030 13 0 4 5.034e+02 5.046e+02 10 0 2 6.680e+02 6.760e+02 75 1 4 6.263e+02 6.337e+02 68 1 4 1.255e+02 1.265e+02 9 1 4 6.175e+02 6.425e+02 232 1 4 6.111e+02 6.489e+02 351 1 4 5.269e+02 5.651e+02 356 2 3 1.967e+01 2.233e+01 25 2 2 8.218e+01 8.582e+01 34 2 4 7.163e+01 9.637e+01 230 2 3 4.973e+01 7.627e+01 246 2 4 1.056e+02 1.464e+02 379 2 3 1.992e+00 4.001e+01 353
7031 11 0 3 4.383e+02 4.437e+02 50 0 1 3.888e+02 4.092e+02 190 0 4 4.472e+02 4.768e+02 276 1 2 6.212e+02 6.388e+02 164 2 1 1.783e+01 2.417e+01 59 2 3 9.981e+01 1.102e+02 96 2 3 2.241e+02 2.379e+02 128 2 4 7.298e+01 9.502e+01 205 2 4 2.004e+02 2.196e+02 178 2 2 6.625e+01 1.017e+02 330 2 1 2.115e+02 2.505e+02 363
7032 6 0 2 6.248e+02 6.352e+02 97 0 3 6.434e+02 6.586e+02 141 0 4 6.148e+02 6.452e+02 282 0 1 6.333e+02 6.687e+02 328 2 1 2.100e+01 2.100e+01 -2 2 3 1.083e+01 3.117e+01 189
7033 3 0 2 4.982e+02 5.098e+02 108 0 3 5.217e+02 5.283e+02 60 0 1 5.121e+02 5.379e+02 239
7034 45 0 4 6.703e+02 6.737e+02 32 1 4 3.332e+02 3.388e+02 51 1 2 7.617e+01 9.183e+01 146 2 4 1.667e+02 1.693e+02 25 2 1 5.635e+02 5.705e+02 66 2 2 2.500e+02 2.540e+02 36 2 3 4.382e+02 4.438e+02 52 2 1 3.122e+02 3.178e+02 52 2 3 5.241e+02 5.259e+02 17 2 4 3.745e+02 3.815e+02 65 2 4 6.641e+02 6.799e+02 146 2 1 6.167e+01 6.433e+01 25 2 1 3.958e+02 4.022e+02 59 2 1 1.875e+02 1.905e+02 28 2 4 5.431e+02 5.489e+02 54 2 3 2.207e+02 2.413e+02 191 2 2 4.134e+02 4.266e+02 123 2 3 2.707e+02 2.753e+02 43 2 4 4.889e+02 5.191e+02 280 2 1 1.855e+01 2.345e+01 46 2 1 5.142e+02 5.358e+02 200 2 2 7.621e+01 9.179e+01 145 2 3 3.845e+02 4.135e+02 269 2 3 1.862e+02 1.918e+02 51 2 4 4.426e+02 4.814e+02 360 2 2 1.992e+02 2.208e+02 201 2 2 5.308e+02 5.612e+02 283 2 2 2.818e+02 3.062e+02 226 2 2 4.053e+02 4.347e+02 272 2 3 3.412e+02 3.728e+02 293 2 4 5.308e+02 5.612e+02 282 2 4 3.955e+01 4.445e+01 46 2 4 4.055e+02 4.345e+02 269 2 2 1.618e+02 1.742e+02 116 2 3 5.517e+02 5.823e+02 284 2 4 2.349e+02 2.691e+02 318 2 1 2.562e+02 2.898e+02 312 2 2 3.623e+02 3.937e+02 291 2 3 5.247e+01 7.353e+01 196 2 2 1.541e+02 1.819e+02 259 2 4 1.929e+02 2.271e+02 318 2 4 3.627e+02 3.933e+02 285 2 2 2.636e+01 5.764e+01 290 2 4 1.504e+02 1.856e+02 327 2 1 1.753e+02 2.027e+02 254
7035 0
7036 55 0 4 2.518e+02 2.522e+02 4 0 4 6.300e+02 6.300e+02 -3 0 3 2.727e+02 2.733e+02 6 0 4 4.183e+02 4.217e+02 31 0 4 2.918e+02 2.962e+02 41 0 3 5.201e+02 5.299e+02 90 0 2 2.376e+02 2.664e+02 268 0 3 4.259e+02 4.561e+02 281 0 1 2.597e+02 2.863e+02 247 0 2 4.933e+02 5.147e+02 199 0 1 5.119e+02 5.381e+02 243 0 1 5.917e+02 6.263e+02 322 0 1 3.799e+02 4.181e+02 355 0 4 4.854e+02 5.226e+02 345 1 2 5.040e+02 5.040e+02 -0 1 1 1.442e+02 1.498e+02 51 1 1 6.090e+02 6.090e+02 -6 1 4 5.856e+02 5.904e+02 44 1 3 6.077e+02 6.103e+02 25 1 1 4.713e+02 4.947e+02 217 1 2 5.767e+02 5.993e+02 210 1 4 6.269e+02 6.331e+02 58 1 4 5.747e+02 6.013e+02 246 1 2 6.230e+02 6.370e+02 130 2 2 2.519e+02 2.521e+02 2 2 1 2.690e+02 2.770e+02 74 2 4 5.402e+02 5.518e+02 108 2 2 5.858e+02 5.902e+02 40 2 2 8.245e+01 8.555e+01 29 2 3 5.564e+02 5.776e+02 196 2 4 1.643e+02 1.717e+02 69 2 4 5.695e+02 6.065e+02 343 2 4 2.491e+02 2.549e+02 55 2 1 5.905e+02 6.275e+02 343 2 3 1.024e+02 1.076e+02 48 2 1 1.849e+02 1.931e+02 76 2 4 2.076e+02 2.124e+02 46 2 3 5.907e+01 6.693e+01 73 2 2 1.208e+02 1.312e+02 96 2 3 1.801e+02 1.979e+02 165 2 1 2.176e+02 2.444e+02 250 2 3 1.608e+01 2.592e+01 91 2 4 1.173e+02 1.347e+02 161 2 1 1.384e+02 1.556e+02 160 2 3 2.195e+02 2.425e+02 214 2 4 3.417e+01 4.983e+01 146 2 4 7.522e+01 9.278e+01 163 2 2 1.532e+02 1.828e+02 276 2 2 2.334e+02 2.706e+02 345 2 1 5.422e+01 7.178e+01 163 2 3 8.712e+01 1.229e+02 332 2 2 2.542e+01 5.858e+01 308 2 2 1.094e+02 1.426e+02 309 2 3 4.740e+01 7.860e+01 290 2 4 6.535e+01 1.026e+02 346
7037 16 0 2 3.761e+02 3.799e+02 36 0 1 3.427e+02 3.713e+02 266 0 3 4.249e+02 4.571e+02 300 0 2 3.624e+02 3.936e+02 290 0 1 5.431e+02 5.909e+02 445 0 4 5.684e+02 6.076e+02 364 0 3 3.833e+02 4.147e+02 292 0 4 4.022e+02 4.378e+02 330 1 4 6.300e+02 6.300e+02 -19 1 4 6.143e+02 6.457e+02 291 2 1 1.985e+01 2.215e+01 21 2 2 2.618e+01 5.782e+01 294 2 1 4.175e+01 8.425e+01 395 2 2 1.062e+02 1.458e+02 367 2 3 8.110e+01 1.289e+02 444 2 4 1.541e+01 6.859e+01 494
7038 0
7040 67 0 1 2.719e+02 2.741e+02 20 0 3 4.403e+02 4.417e+02 14 0 4 2.901e+02 2.979e+02 72 0 1 4.795e+02 4.865e+02 66 0 1 3.565e+02 3.575e+02 10 0 1 5.241e+02 5.259e+02 16 0 1 3.082e+02 3.218e+02 126 0 1 6.074e+02 6.106e+02 30 0 2 3.742e+02 3.818e+02 70 0 3 6.472e+02 6.548e+02 70 0 3 2.636e+02 2.824e+02 175 0 3 3.901e+02 4.079e+02 166 0 4 3.751e+02 3.809e+02 54 0 2 5.007e+02 5.073e+02 62 0 2 2.781e+02 3.099e+02 296 0 2 5.453e+02 5.467e+02 14 0 4 3.619e+02 3.941e+02 299 0 3 6.085e+02 6.095e+02 10 0 4 3.198e+02 3.522e+02 300 0 2 6.692e+02 6.748e+02 51 0 1 3.808e+02 4.172e+02 338 0 4 5.014e+02 5.066e+02 49 0 1 5.644e+02 5.696e+02 49 0 2 6.287e+02 6.313e+02 24 0 4 6.710e+02 6.730e+02 18 0 3 3.786e+02 4.194e+02 378 0 2 4.539e+02 4.701e+02 151 0 3 5.610e+02 5.730e+02 111 0 4 6.281e+02 6.319e+02 36 0 1 6.483e+02 6.537e+02 50 0 4 4.556e+02 4.684e+02 120 0 3 5.087e+02 5.413e+02 303 0 4 5.785e+02 5.975e+02 176 0 3 4.760e+02 4.900e+02 130 0 1 5.478e+02 5.862e+02 356 0 3 5.955e+02 6.225e+02 250 0 2 4.937e+02 5.143e+02 192 0 1 5.925e+02 6.255e+02 307 0 4 4.449e+02 4.791e+02 317 0 1 4.689e+02 4.971e+02 261 0 3 4.650e+02 5.010e+02 334 1 4 5.876e+02 5.884e+02 8 1 4 4.592e+02 4.648e+02 52 1 1 6.082e+02 6.098e+02 15 1 2 4.162e+02 4.238e+02 71 1 1 5.236e+02 5.264e+02 26 1 1 5.659e+02 5.681e+02 20 1 3 6.080e+02 6.100e+02 19 1 4 4.911e+02 5.169e+02 240 1 3 5.636e+02 5.704e+02 64 1 2 6.268e+02 6.332e+02 60 1 1 5.075e+02 5.425e+02 326 1 2 5.873e+02 5.887e+02 14 1 4 6.295e+02 6.305e+02 9 1 4 5.759e+02 6.001e+02 226 1 3 5.983e+02 6.197e+02 198 1 2 5.340e+02 5.580e+02 222 2 4 2.930e+02 2.950e+02 19 2 4 6.707e+02 6.733e+02 25 2 1 3.025e+02 3.275e+02 231 2 1 4.359e+02 4.461e+02 95 2 2 6.643e+02 6.797e+02 142 2 3 3.032e+02 3.268e+02 219 2 4 4.091e+02 4.309e+02 202 2 2 2.753e+02 3.127e+02 348 2 2 4.022e+02 4.378e+02 330 2 3 4.256e+02 4.564e+02 286
7041 5 3 2 4.527e+02 4.713e+02 172 3 4 4.532e+02 4.708e+02 163 3 1 5.112e+02 5.388e+02 256 3 1 4.285e+02 4.535e+02 231 3 3 4.302e+02 4.518e+02 201
7042 1 0 4 6.236e+02 6.364e+02 118
7043 7 2 1 4.804e+02 4.856e+02 48 2 4 4.192e+02 4.208e+02 16 2 2 5.018e+02 5.062e+02 41 2 3 5.188e+02 5.312e+02 115 2 3 4.272e+02 4.548e+02 257 2 4 4.902e+02 5.178e+02 257 2 1 4.690e+02 4.970e+02 260
7045 0
7046 0
7047 11 0 2 6.275e+02 6.325e+02 47 0 4 6.240e+02 6.360e+02 112 1 3 1.321e+01 2.879e+01 145 1 4 4.027e+02 4.373e+02 320 1 4 2.645e+01 5.755e+01 289 2 4 6.260e+02 6.340e+02 74 2 4 4.058e+01 4.342e+01 26 2 3 6.498e+02 6.522e+02 21 2 2 6.690e+02 6.750e+02 56 2 3 5.400e+01 7.200e+01 167 2 3 1.061e+01 3.139e+01 193
7050 0
7052 14 0 4 6.300e+02 6.300e+02 -6 0 3 6.062e+02 6.118e+02 52 0 4 6.681e+02 6.759e+02 72 0 4 5.799e+02 5.961e+02 150 1 3 5.612e+02 5.728e+02 107 1 3 5.494e+02 5.846e+02 327 2 3 5.481e+01 7.119e+01 152 2 1 4.389e+02 4.431e+02 39 2 4 7.859e+01 8.941e+01 100 2 4 2.830e+02 3.050e+02 204 2 1 1.541e+01 2.659e+01 104 2 2 2.564e+01 5.836e+01 304 3 2 4.170e+01 4.230e+01 6 3 2 2.461e+01 5.939e+01 323
7053 9 0 3 1.994e+01 2.206e+01 20 0 2 2.482e+02 2.558e+02 70 0 2 3.798e+01 4.602e+01 75 0 1 1.657e+01 2.543e+01 82 0 3 7.017e+00 3.498e+01 260 2 2 6.720e+02 6.720e+02 -13 2 4 6.697e+02 6.743e+02 43 2 1 6.437e+02 6.583e+02 136 2 3 6.422e+02 6.598e+02 164
