26843 53 0 1 5.628e+02 5.712e+02 78 0 2 6.700e+02 6.740e+02 36 0 3 4.372e+02 4.448e+02 70 0 4 2.795e+02 3.085e+02 270 0 2 4.993e+02 5.087e+02 86 0 3 5.653e+02 5.687e+02 32 0 4 1.887e+02 2.313e+02 396 0 2 6.206e+02 6.394e+02 175 0 3 6.413e+02 6.607e+02 180 0 4 4.928e+02 5.152e+02 207 0 3 5.120e+02 5.380e+02 241 0 4 6.176e+02 6.424e+02 230 0 1 6.386e+02 6.634e+02 230 0 4 4.002e+02 4.398e+02 368 0 2 4.464e+02 4.776e+02 290 0 2 5.293e+02 5.627e+02 310 0 1 5.973e+02 6.207e+02 217 0 4 6.587e+02 6.853e+02 246 0 2 4.838e+02 5.242e+02 376 0 1 5.070e+02 5.430e+02 334 0 3 5.940e+02 6.240e+02 278 0 4 6.048e+02 6.552e+02 467 0 1 4.986e+02 5.514e+02 490 1 2 6.281e+02 6.319e+02 35 1 2 6.201e+02 6.399e+02 183 1 4 5.288e+02 5.632e+02 319 1 4 6.153e+02 6.447e+02 272 1 4 5.674e+02 6.086e+02 383 1 1 4.996e+02 5.504e+02 471 1 2 5.278e+02 5.642e+02 338 2 3 1.050e+02 1.050e+02 -20 2 4 1.664e+02 1.696e+02 30 2 1 2.694e+02 2.766e+02 66 2 1 1.563e+01 2.637e+01 100 2 3 1.863e+02 1.917e+02 50 2 4 2.441e+02 2.599e+02 147 2 1 3.791e+02 4.189e+02 370 2 3 3.517e+02 3.623e+02 98 2 3 1.716e+01 2.484e+01 71 2 4 7.114e+01 9.686e+01 239 2 4 1.547e+02 1.813e+02 247 2 2 2.391e+02 2.649e+02 240 2 3 2.627e+02 2.833e+02 190 2 2 3.738e+02 3.822e+02 79 2 3 8.858e+00 3.314e+01 226 2 4 1.116e+02 1.404e+02 267 2 2 1.941e+02 2.259e+02 296 2 2 2.927e+01 5.473e+01 236 2 4 2.846e+01 5.554e+01 251 2 1 4.503e+00 3.750e+01 306 2 3 3.113e+00 3.889e+01 332 3 1 3.880e+02 4.100e+02 205 3 1 4.776e+01 7.824e+01 283
26844 7 0 2 4.598e+02 4.642e+02 41 0 1 4.266e+02 4.554e+02 268 0 3 4.667e+02 4.993e+02 303 0 4 6.551e+02 6.889e+02 315 2 4 4.184e+02 4.216e+02 30 2 1 3.957e+02 4.023e+02 62 2 3 2.986e+02 3.314e+02 304
26847 11 0 1 6.480e+02 6.540e+02 56 0 3 6.493e+02 6.527e+02 31 0 2 6.113e+02 6.487e+02 348 2 3 6.033e+01 6.567e+01 50 2 4 5.010e+02 5.070e+02 56 2 4 2.855e+02 3.025e+02 158 2 1 1.873e+01 2.327e+01 42 2 3 1.608e+01 2.592e+01 91 2 2 6.791e+01 1.001e+02 299 2 4 3.058e+01 5.342e+01 212 2 1 5.247e+01 7.353e+01 196
26848 1 0 2 6.535e+02 6.905e+02 344
26853 3 0 4 5.880e+02 5.880e+02 -18 0 2 6.247e+02 6.353e+02 99 0 4 6.215e+02 6.385e+02 157
26854 0
26855 16 0 1 4.815e+02 4.845e+02 27 0 2 5.458e+02 5.462e+02 4 0 2 6.720e+02 6.720e+02 -19 0 4 5.003e+02 5.077e+02 68 0 1 5.662e+02 5.678e+02 16 0 4 6.693e+02 6.747e+02 50 0 3 4.740e+02 4.920e+02 167 0 3 5.668e+02 5.672e+02 4 0 1 6.483e+02 6.537e+02 50 0 2 4.933e+02 5.147e+02 200 0 1 5.525e+02 5.815e+02 270 0 3 6.353e+02 6.667e+02 291 0 3 5.586e+02 5.754e+02 156 0 2 6.595e+02 6.845e+02 233 0 4 6.585e+02 6.855e+02 250 2 1 9.847e+00 3.215e+01 207
26856 5 1 1 9.393e+01 1.161e+02 206 1 1 4.426e+01 8.174e+01 348 1 1 8.622e+01 1.238e+02 349 3 1 3.905e+02 4.075e+02 158 3 2 4.109e+02 4.291e+02 170
26857 10 1 3 6.017e+02 6.163e+02 136 1 4 2.935e+02 2.945e+02 9 1 2 6.283e+02 6.317e+02 32 1 4 6.215e+02 6.385e+02 157 1 1 5.987e+02 6.193e+02 191 1 2 6.192e+02 6.408e+02 201 1 1 5.908e+02 6.272e+02 339 2 4 6.295e+02 6.305e+02 9 2 3 1.160e+01 3.040e+01 175 2 3 6.496e+02 6.524e+02 26
26858 25 0 4 6.719e+02 6.721e+02 2 0 1 5.230e+02 5.270e+02 37 0 4 3.691e+02 3.869e+02 165 0 4 5.807e+02 5.953e+02 136 0 1 6.503e+02 6.517e+02 12 0 3 3.831e+02 4.149e+02 296 0 3 5.213e+02 5.287e+02 69 0 3 5.933e+02 6.247e+02 292 0 3 6.354e+02 6.666e+02 289 0 2 5.353e+02 5.567e+02 198 0 2 6.610e+02 6.830e+02 205 0 1 5.464e+02 5.876e+02 382 1 2 6.293e+02 6.307e+02 14 1 1 6.054e+02 6.126e+02 67 2 3 5.893e+01 6.707e+01 76 2 2 1.167e+02 1.353e+02 173 2 4 6.608e+02 6.832e+02 209 2 1 1.155e+01 3.045e+01 176 2 2 6.490e+02 6.950e+02 427 2 2 7.540e+01 9.260e+01 160 2 3 6.704e+00 3.530e+01 266 2 3 6.255e+02 6.765e+02 473 2 3 9.609e+01 1.139e+02 166 2 1 4.345e+01 8.255e+01 363 2 4 6.607e+01 1.019e+02 333
26859 39 0 1 4.712e+02 4.948e+02 220 0 3 5.183e+02 5.317e+02 125 0 2 6.224e+02 6.376e+02 141 0 1 6.491e+02 6.529e+02 36 0 1 3.809e+02 4.171e+02 336 0 3 4.686e+02 4.974e+02 268 0 4 6.226e+02 6.374e+02 138 0 4 6.660e+02 6.780e+02 112 0 2 4.461e+02 4.779e+02 295 0 4 5.716e+02 6.044e+02 304 0 1 6.371e+02 6.649e+02 259 0 4 4.425e+02 4.815e+02 363 0 1 5.954e+02 6.226e+02 253 0 3 6.409e+02 6.611e+02 188 0 2 6.106e+02 6.494e+02 360 0 2 6.583e+02 6.857e+02 254 0 4 6.137e+02 6.463e+02 302 1 4 5.307e+02 5.613e+02 284 1 1 5.904e+02 6.276e+02 346 1 4 5.698e+02 6.062e+02 338 1 3 5.912e+02 6.268e+02 331 1 2 5.659e+02 6.101e+02 411 1 2 6.110e+02 6.490e+02 353 2 4 3.666e+02 3.894e+02 211 2 2 4.081e+01 4.319e+01 22 2 4 7.159e+01 9.641e+01 230 2 1 1.414e+02 1.526e+02 105 2 4 1.916e+02 2.284e+02 342 2 4 3.942e+01 4.458e+01 48 2 2 1.149e+02 1.371e+02 206 2 3 1.399e+02 1.541e+02 132 2 1 5.400e+01 7.200e+01 167 2 1 1.737e+02 2.043e+02 284 2 3 5.956e+01 6.644e+01 64 2 1 1.327e+02 1.613e+02 266 2 1 4.685e+00 3.732e+01 303 2 3 4.372e+00 3.763e+01 309 2 2 2.483e+01 5.917e+01 319 2 1 4.166e+01 8.434e+01 396
26862 0
26866 7 0 1 6.063e+02 6.117e+02 50 0 3 6.085e+02 6.095e+02 10 0 2 6.141e+02 6.459e+02 295 0 4 6.188e+02 6.412e+02 207 1 4 6.237e+02 6.363e+02 116 2 1 2.075e+01 2.125e+01 5 2 3 1.303e+01 2.897e+01 148
26867 19 0 4 5.868e+02 5.892e+02 22 0 1 3.909e+02 4.071e+02 150 0 1 5.588e+02 5.752e+02 152 0 2 6.270e+02 6.330e+02 56 0 4 4.127e+02 4.273e+02 136 0 3 5.521e+02 5.819e+02 276 0 4 6.297e+02 6.303e+02 6 0 3 4.256e+02 4.564e+02 286 0 1 5.963e+02 6.217e+02 236 0 4 5.673e+02 6.087e+02 384 2 2 1.680e+02 1.680e+02 -5 2 2 2.509e+02 2.531e+02 20 2 1 1.883e+02 1.897e+02 12 2 4 6.203e+02 6.397e+02 180 2 4 2.399e+02 2.641e+02 224 2 4 7.042e+01 9.758e+01 252 2 3 1.888e+02 1.892e+02 4 2 3 2.162e+02 2.458e+02 275 2 4 1.542e+02 1.818e+02 257
26869 26 1 1 6.081e+02 6.099e+02 16 2 2 2.514e+02 2.526e+02 10 2 4 3.340e+02 3.380e+02 38 2 2 4.591e+02 4.649e+02 55 2 3 1.453e+02 1.487e+02 32 2 4 4.566e+02 4.674e+02 100 2 4 2.415e+02 2.625e+02 195 2 1 5.561e+02 5.779e+02 202 2 2 2.915e+02 2.965e+02 46 2 1 3.840e+02 4.140e+02 278 2 3 3.500e+02 3.640e+02 130 2 1 4.788e+02 4.872e+02 77 2 2 2.914e+01 5.486e+01 239 2 2 4.473e+02 4.767e+02 274 2 4 1.162e+02 1.358e+02 182 2 1 4.640e+02 5.020e+02 353 2 4 1.665e+02 1.695e+02 27 2 3 4.650e+02 5.010e+02 334 2 3 2.166e+02 2.454e+02 268 2 1 3.057e+02 3.243e+02 173 2 2 3.757e+02 3.803e+02 43 2 3 1.831e+02 1.949e+02 110 2 1 2.615e+02 2.845e+02 214 2 4 3.178e+02 3.542e+02 339 2 3 1.702e+02 2.078e+02 350 2 3 2.577e+02 2.883e+02 284
26870 3 0 3 1.868e+02 1.912e+02 40 0 4 1.959e+02 2.241e+02 262 0 2 1.927e+02 2.273e+02 320
26873 2 0 2 6.697e+02 6.743e+02 43 0 4 6.685e+02 6.755e+02 65
26874 3 2 4 3.896e+01 4.504e+01 56 2 3 4.507e+01 8.093e+01 333 3 2 4.033e+02 4.367e+02 310
26875 7 0 1 6.395e+02 6.625e+02 213 0 4 5.812e+02 5.948e+02 126 0 3 6.402e+02 6.618e+02 200 0 4 6.190e+02 6.410e+02 204 0 2 6.543e+02 6.897e+02 328 0 3 5.927e+02 6.253e+02 303 0 4 6.525e+02 6.915e+02 363
26876 0
26877 6 0 3 3.981e+02 3.999e+02 16 0 1 1.002e+02 1.098e+02 90 0 1 3.108e+02 3.192e+02 77 0 3 1.018e+02 1.082e+02 59 0 4 4.076e+02 4.324e+02 230 0 2 6.580e+01 1.022e+02 338
26880 8 0 4 2.507e+02 2.533e+02 24 0 3 2.168e+02 2.452e+02 263 0 4 5.770e+02 5.990e+02 205 0 1 5.914e+02 6.266e+02 327 0 3 5.966e+02 6.214e+02 230 1 2 5.422e+02 5.498e+02 70 1 4 5.367e+02 5.553e+02 172 1 3 5.524e+02 5.816e+02 271
26881 5 2 4 1.680e+02 1.680e+02 -20 2 2 5.032e+02 5.048e+02 15 2 3 4.359e+02 4.461e+02 94 2 3 4.808e+02 4.852e+02 40 2 2 4.570e+02 4.670e+02 92
26882 0
26883 9 0 2 5.032e+02 5.048e+02 16 0 4 4.963e+02 5.117e+02 144 0 3 5.138e+02 5.362e+02 207 1 2 5.830e+02 5.930e+02 92 1 3 5.986e+02 6.194e+02 193 1 4 5.752e+02 6.008e+02 238 1 1 5.948e+02 6.232e+02 265 2 4 6.274e+02 6.326e+02 48 2 1 6.397e+02 6.623e+02 210
26884 3 0 3 4.397e+02 4.423e+02 25 0 1 4.256e+02 4.564e+02 286 1 1 4.643e+02 5.017e+02 346
