44319 4 1 4 5.364e+02 5.556e+02 178 2 2 4.177e+02 4.223e+02 43 2 2 5.853e+02 5.907e+02 50 2 2 5.678e+02 6.082e+02 375
44320 27 0 1 1.871e+02 1.909e+02 36 0 1 5.243e+02 5.257e+02 12 0 3 1.871e+02 1.909e+02 35 0 4 5.869e+02 5.891e+02 20 0 2 6.689e+02 6.751e+02 58 0 2 1.494e+02 1.866e+02 345 0 3 5.178e+02 5.322e+02 134 0 4 6.691e+02 6.749e+02 54 0 1 5.572e+02 5.768e+02 181 0 2 6.547e+02 6.893e+02 320 0 2 5.272e+02 5.648e+02 349 0 4 6.543e+02 6.897e+02 328 1 1 6.069e+02 6.111e+02 40 1 2 5.841e+02 5.919e+02 72 1 4 5.829e+02 5.931e+02 96 1 1 5.905e+02 6.275e+02 343 1 3 5.558e+02 5.782e+02 209 2 3 2.100e+01 2.100e+01 -8 2 4 5.424e+02 5.496e+02 66 2 4 3.750e+02 3.810e+02 56 2 1 3.973e+02 4.007e+02 31 2 1 5.664e+02 5.676e+02 11 2 3 3.909e+02 4.071e+02 150 2 2 3.595e+02 3.965e+02 343 2 3 5.557e+02 5.783e+02 210 2 3 3.812e+02 4.168e+02 330 2 2 5.300e+02 5.620e+02 296
44321 4 1 2 6.271e+02 6.329e+02 55 1 4 6.218e+02 6.382e+02 153 1 4 6.112e+02 6.488e+02 349 1 1 5.893e+02 6.287e+02 366
44322 16 0 4 6.286e+02 6.314e+02 26 0 1 5.614e+02 5.726e+02 104 0 2 6.280e+02 6.320e+02 36 0 3 5.562e+02 5.778e+02 200 0 4 5.821e+02 5.939e+02 110 0 4 6.576e+02 6.864e+02 267 0 2 4.477e+02 4.763e+02 266 0 1 5.911e+02 6.269e+02 332 0 2 6.513e+02 6.927e+02 384 0 3 5.912e+02 6.268e+02 330 2 3 4.781e+02 4.879e+02 91 2 1 1.747e+01 2.453e+01 66 2 4 2.367e+02 2.673e+02 284 2 3 1.191e+01 3.009e+01 169 2 3 8.712e+01 1.229e+02 332 2 2 1.045e+02 1.475e+02 400
44325 2 0 4 5.868e+02 5.892e+02 22 1 1 3.551e+02 3.589e+02 36
44326 15 0 3 5.250e+02 5.250e+02 -5 0 1 6.090e+02 6.090e+02 -6 0 4 7.814e+01 8.986e+01 109 0 3 4.377e+02 4.443e+02 61 0 3 5.167e+01 7.433e+01 210 0 4 4.529e+02 4.711e+02 170 0 1 5.238e+02 5.262e+02 23 0 3 6.068e+02 6.112e+02 41 0 3 6.427e+02 6.593e+02 155 0 2 6.202e+02 6.398e+02 182 0 2 4.850e+02 5.230e+02 352 0 4 6.180e+02 6.420e+02 222 0 2 6.110e+02 6.490e+02 352 2 1 2.282e+02 2.338e+02 51 2 2 1.980e+02 2.220e+02 223
44327 28 0 2 6.280e+02 6.320e+02 38 0 3 2.722e+02 2.738e+02 16 0 2 6.659e+02 6.781e+02 114 0 1 2.182e+02 2.438e+02 238 0 4 2.934e+02 2.946e+02 11 0 4 6.237e+02 6.363e+02 116 0 1 3.461e+02 3.679e+02 202 0 4 6.678e+02 6.762e+02 79 0 4 3.637e+02 3.923e+02 266 0 4 4.430e+02 4.810e+02 353 0 2 3.226e+02 3.494e+02 248 0 4 6.136e+02 6.464e+02 305 0 1 6.414e+02 6.606e+02 179 0 1 5.888e+02 6.292e+02 375 0 4 6.588e+02 6.852e+02 245 0 3 6.363e+02 6.657e+02 272 0 4 6.476e+02 6.964e+02 453 1 2 6.241e+02 6.359e+02 109 1 1 6.293e+01 6.307e+01 1 1 3 5.990e+02 6.190e+02 186 1 4 6.157e+02 6.443e+02 265 2 1 1.254e+01 2.946e+01 157 2 4 2.000e+02 2.200e+02 186 2 3 1.317e+01 2.883e+01 146 2 3 2.148e+02 2.472e+02 301 2 2 3.345e+01 5.055e+01 159 2 4 2.918e+01 5.482e+01 238 2 1 6.435e+00 3.557e+01 270
44331 73 0 1 6.499e+02 6.521e+02 20 0 4 3.350e+02 3.370e+02 19 0 2 4.613e+02 4.627e+02 13 0 2 3.735e+02 3.825e+02 84 0 3 5.238e+02 5.262e+02 23 0 1 3.042e+02 3.258e+02 201 0 3 6.041e+02 6.139e+02 91 0 4 3.708e+02 3.852e+02 135 0 3 6.502e+02 6.518e+02 16 0 2 2.767e+02 3.113e+02 321 0 2 5.014e+02 5.066e+02 48 0 1 3.502e+02 3.638e+02 126 0 2 5.431e+02 5.489e+02 53 0 2 3.195e+02 3.525e+02 306 0 2 6.280e+02 6.320e+02 37 0 4 3.611e+02 3.949e+02 314 0 2 6.706e+02 6.734e+02 26 0 1 4.268e+02 4.552e+02 263 0 4 5.017e+02 5.063e+02 43 0 1 5.650e+02 5.690e+02 37 0 4 6.275e+02 6.325e+02 46 0 4 6.704e+02 6.736e+02 30 0 3 4.294e+02 4.526e+02 216 0 1 4.752e+02 4.908e+02 146 0 3 5.624e+02 5.716e+02 86 0 4 5.843e+02 5.917e+02 70 0 3 3.804e+02 4.176e+02 345 0 4 4.506e+02 4.734e+02 211 0 1 5.091e+02 5.409e+02 295 0 1 6.046e+02 6.134e+02 82 1 1 4.825e+02 4.835e+02 10 1 4 2.495e+02 2.545e+02 46 1 2 5.454e+02 5.466e+02 11 1 1 1.466e+02 1.474e+02 7 1 1 6.085e+02 6.095e+02 10 1 1 1.345e+02 1.595e+02 232 1 2 5.006e+02 5.074e+02 64 1 1 5.665e+02 5.675e+02 10 1 2 6.300e+02 6.300e+02 0 1 1 5.182e+02 5.318e+02 126 1 3 5.659e+02 5.681e+02 21 1 4 6.293e+02 6.307e+02 13 1 3 4.698e+02 4.962e+02 245 1 4 5.831e+02 5.929e+02 90 1 3 6.026e+02 6.154e+02 118 1 1 5.070e+02 5.430e+02 334 1 2 5.813e+02 5.947e+02 124 1 3 5.889e+02 6.291e+02 373 1 4 5.719e+02 6.041e+02 299 2 3 1.036e+02 1.064e+02 26 2 1 1.858e+02 1.922e+02 60 2 4 2.484e+02 2.556e+02 66 2 1 2.686e+02 2.774e+02 82 2 3 5.588e+02 5.752e+02 153 2 3 3.550e+02 3.590e+02 38 2 4 5.722e+02 6.038e+02 294 2 1 6.163e+01 6.437e+01 26 2 2 5.719e+02 6.041e+02 299 2 4 8.119e+01 8.681e+01 52 2 3 1.846e+02 1.934e+02 82 2 2 2.056e+02 2.144e+02 81 2 3 2.656e+02 2.804e+02 137 2 1 3.547e+02 3.593e+02 43 2 3 1.599e+01 2.601e+01 93 2 3 9.497e+01 1.150e+02 186 2 1 1.749e+02 2.031e+02 261 2 4 3.269e+02 3.451e+02 170 2 4 3.735e+01 4.665e+01 86 2 4 1.938e+02 2.262e+02 301 2 2 3.621e+02 3.939e+02 296 2 3 4.954e+00 3.705e+01 298 2 2 3.093e+01 5.307e+01 206 2 3 4.781e+01 7.819e+01 282
44332 7 2 1 4.398e+02 4.422e+02 22 2 4 7.863e+01 8.937e+01 100 2 4 4.164e+02 4.236e+02 67 2 1 1.275e+00 4.072e+01 366 2 3 4.328e+02 4.492e+02 153 2 4 1.058e+02 1.462e+02 375 2 2 4.009e+02 4.391e+02 354
44333 12 0 1 4.830e+02 4.830e+02 -4 0 2 5.021e+02 5.059e+02 35 0 2 5.430e+02 5.490e+02 56 0 4 5.880e+02 5.880e+02 -18 0 3 6.510e+02 6.510e+02 -12 0 4 6.720e+02 6.720e+02 -24 2 4 1.668e+02 1.692e+02 22 2 1 2.231e+02 2.389e+02 146 2 2 3.732e+02 3.828e+02 90 2 3 1.319e+02 1.621e+02 280 2 3 3.456e+02 3.684e+02 211 2 2 1.915e+02 2.285e+02 343
44334 5 1 2 5.775e+02 5.985e+02 195 2 2 4.200e+01 4.200e+01 -11 2 2 1.182e+02 1.338e+02 146 2 3 5.728e+01 6.872e+01 106 3 2 4.524e+02 4.716e+02 178
44335 0
44341 13 0 1 6.080e+02 6.100e+02 19 0 2 4.952e+02 5.128e+02 163 0 3 6.084e+02 6.096e+02 10 0 4 4.887e+02 5.193e+02 284 0 1 5.105e+02 5.395e+02 269 0 4 6.112e+02 6.488e+02 349 0 4 6.485e+02 6.955e+02 437 0 3 5.861e+02 6.319e+02 425 0 2 6.481e+02 6.959e+02 445 0 1 5.854e+02 6.326e+02 438 0 2 6.038e+02 6.562e+02 487 1 4 5.852e+02 5.908e+02 52 1 3 5.564e+02 5.776e+02 197
44342 2 0 2 4.999e+02 5.081e+02 76 0 1 4.810e+02 4.850e+02 38
44344 0
44346 18 0 1 6.479e+02 6.541e+02 57 0 2 6.252e+02 6.348e+02 90 0 4 6.220e+02 6.380e+02 148 0 4 6.654e+02 6.786e+02 122 0 2 6.631e+02 6.809e+02 166 0 1 6.341e+02 6.679e+02 314 0 3 6.358e+02 6.662e+02 283 2 3 2.699e+02 2.761e+02 57 2 4 4.143e+01 4.257e+01 10 2 4 2.385e+02 2.655e+02 251 2 4 2.920e+02 2.960e+02 36 2 1 6.064e+01 6.536e+01 44 2 2 2.340e+02 2.700e+02 334 2 1 2.597e+02 2.863e+02 247 2 1 1.559e+01 2.641e+01 100 2 2 3.493e+01 4.907e+01 131 2 3 4.794e+01 7.806e+01 280 2 1 8.901e+00 3.310e+01 225
44347 6 0 1 6.489e+02 6.531e+02 39 0 3 6.444e+02 6.576e+02 122 0 4 6.634e+02 6.806e+02 160 0 2 1.509e+02 1.851e+02 318 0 4 6.582e+02 6.858e+02 257 0 2 6.549e+02 6.891e+02 318
44348 1 0 4 4.998e+02 5.082e+02 79
44350 6 0 4 2.487e+02 2.553e+02 61 2 3 4.794e+02 4.866e+02 67 2 4 4.542e+02 4.698e+02 145 2 4 1.094e+02 1.426e+02 308 2 1 4.727e+02 4.933e+02 191 2 2 4.888e+02 5.192e+02 283
44355 4 2 3 1.037e+02 1.063e+02 24 2 3 9.663e+01 1.134e+02 156 2 4 6.742e+01 1.006e+02 308 2 2 1.073e+02 1.447e+02 348
44357 6 0 2 6.270e+02 6.330e+02 56 0 3 6.485e+02 6.535e+02 46 0 1 6.380e+02 6.640e+02 242 2 2 5.449e+02 5.471e+02 21 2 3 5.589e+02 5.751e+02 151 2 4 5.370e+02 5.550e+02 167
44359 2 0 2 6.717e+02 6.723e+02 6 0 4 6.656e+02 6.784e+02 118
44360 0
44364 14 0 3 6.510e+02 6.510e+02 -14 0 2 6.716e+02 6.724e+02 8 0 2 6.119e+02 6.481e+02 336 0 4 6.695e+02 6.745e+02 46 0 1 6.507e+02 6.513e+02 5 0 4 6.550e+02 6.890e+02 316 1 1 6.001e+02 6.179e+02 165 1 2 5.746e+02 6.014e+02 248 1 3 5.999e+02 6.181e+02 169 2 4 1.260e+02 1.260e+02 -20 2 1 1.461e+02 1.479e+02 16 2 3 3.567e+02 3.573e+02 5 2 3 1.398e+02 1.542e+02 133 2 2 1.132e+02 1.388e+02 238
44367 10 0 3 4.830e+02 4.830e+02 -10 0 2 4.620e+02 4.620e+02 -7 0 4 6.252e+02 6.348e+02 90 0 4 6.665e+02 6.775e+02 101 0 4 4.985e+02 5.095e+02 102 0 2 4.497e+02 4.743e+02 229 2 4 4.152e+01 4.248e+01 9 2 4 1.228e+02 1.292e+02 59 2 4 3.194e+02 3.526e+02 308 2 4 3.093e+01 5.307e+01 206
44369 1 0 2 5.429e+02 5.491e+02 57
