17022 6 0 2 6.692e+02 6.748e+02 51 1 4 6.161e+02 6.439e+02 258 2 3 1.047e+02 1.053e+02 6 2 2 1.260e+02 1.260e+02 -13 2 4 1.260e+02 1.260e+02 -0 2 4 6.567e+01 1.023e+02 340
17023 0
17024 9 0 2 6.698e+02 6.742e+02 40 0 4 4.994e+02 5.086e+02 86 0 4 6.685e+02 6.755e+02 65 0 4 4.839e+02 5.241e+02 373 1 1 6.087e+02 6.093e+02 5 1 1 5.479e+02 5.861e+02 355 2 4 8.227e+01 8.573e+01 32 2 3 1.074e+01 3.126e+01 190 2 3 4.525e+01 8.075e+01 330
17026 2 2 1 6.145e+01 6.455e+01 29 2 2 3.125e+01 5.275e+01 200
17027 0
17028 3 0 3 1.866e+02 1.914e+02 45 0 1 4.727e+02 4.933e+02 192 1 1 4.805e+02 4.855e+02 46
17029 0
17030 3 2 4 3.332e+02 3.388e+02 51 2 4 1.505e+02 1.855e+02 326 3 1 9.654e+01 1.135e+02 157
17031 14 0 1 6.505e+02 6.515e+02 10 0 2 4.617e+02 4.623e+02 6 0 2 6.707e+02 6.733e+02 25 0 1 4.351e+02 4.469e+02 110 0 3 4.830e+02 4.830e+02 -1 0 2 6.649e+02 6.791e+02 132 0 3 4.717e+02 4.943e+02 210 0 4 6.538e+02 6.902e+02 338 0 2 4.526e+02 4.714e+02 176 0 4 4.439e+02 4.801e+02 336 0 1 4.658e+02 5.002e+02 319 2 3 1.045e+02 1.055e+02 9 2 4 6.871e+01 9.929e+01 284 2 2 6.513e+01 1.029e+02 350
17032 0
17033 4 0 3 5.850e+02 6.330e+02 446 0 4 6.464e+02 6.976e+02 476 2 4 1.013e+02 1.507e+02 459 3 3 7.958e+01 1.304e+02 472
17034 9 0 2 3.774e+02 3.786e+02 11 0 2 6.720e+02 6.720e+02 -6 0 4 1.594e+02 1.766e+02 160 0 4 6.720e+02 6.720e+02 -8 0 1 3.520e+02 3.620e+02 93 0 4 3.698e+02 3.862e+02 153 0 3 3.803e+02 4.177e+02 348 1 1 4.806e+02 4.854e+02 46 2 1 6.390e+02 6.630e+02 223
17035 36 0 2 6.296e+02 6.304e+02 7 0 1 2.053e+01 2.147e+01 9 0 1 6.510e+02 6.510e+02 -2 0 4 8.043e+01 8.757e+01 66 0 4 6.289e+02 6.311e+02 20 0 2 4.175e+01 4.225e+01 5 0 3 6.492e+02 6.528e+02 34 0 3 2.665e+02 2.795e+02 121 0 1 6.035e+02 6.145e+02 103 0 3 5.786e+01 6.814e+01 96 0 2 6.713e+02 6.727e+02 13 0 4 2.788e+02 3.092e+02 282 0 3 6.070e+02 6.110e+02 37 0 4 6.701e+02 6.739e+02 36 0 2 6.144e+02 6.456e+02 289 0 4 6.578e+02 6.862e+02 263 0 4 5.702e+02 6.058e+02 330 0 3 6.333e+02 6.687e+02 330 0 1 5.901e+02 6.279e+02 350 2 3 2.008e+01 2.192e+01 17 2 3 2.724e+02 2.736e+02 11 2 3 3.541e+02 3.599e+02 53 2 4 3.906e+01 4.494e+01 55 2 3 1.406e+02 1.534e+02 119 2 3 2.211e+02 2.409e+02 185 2 4 3.230e+02 3.490e+02 241 2 1 1.438e+01 2.762e+01 123 2 2 1.189e+02 1.331e+02 131 2 2 2.785e+02 3.095e+02 288 2 2 3.403e+01 4.997e+01 148 2 4 1.120e+02 1.400e+02 260 2 3 2.992e+02 3.308e+02 294 2 1 5.342e+01 7.258e+01 178 2 3 9.187e+01 1.181e+02 244 2 3 4.915e+01 7.685e+01 257 2 2 2.362e+01 6.038e+01 341
17036 5 0 3 5.629e+02 5.711e+02 76 0 1 6.472e+02 6.548e+02 70 0 1 5.213e+02 5.287e+02 68 1 2 6.253e+02 6.347e+02 86 3 1 3.843e+02 4.137e+02 274
17038 5 2 1 1.469e+02 1.471e+02 2 2 1 1.290e+01 2.910e+01 150 2 3 1.426e+02 1.514e+02 82 2 2 1.490e+02 1.870e+02 352 2 4 1.535e+02 1.825e+02 270
17040 0
17041 18 0 1 6.502e+02 6.518e+02 16 0 1 4.827e+02 4.833e+02 6 0 3 6.477e+02 6.543e+02 62 0 2 5.002e+02 5.078e+02 70 0 3 5.175e+02 5.325e+02 140 0 2 6.169e+02 6.431e+02 243 0 2 6.709e+02 6.731e+02 21 0 4 6.135e+02 6.465e+02 306 0 4 6.718e+02 6.722e+02 3 0 1 6.352e+02 6.668e+02 294 0 2 6.540e+02 6.900e+02 335 0 4 6.534e+02 6.906e+02 345 1 1 6.084e+02 6.096e+02 10 2 4 3.338e+02 3.382e+02 41 2 1 3.458e+02 3.682e+02 207 2 4 1.998e+02 2.202e+02 190 2 3 3.495e+02 3.645e+02 139 2 2 3.606e+02 3.954e+02 324
17042 1 2 4 3.322e+01 5.078e+01 163
17043 7 0 3 2.310e+02 2.310e+02 -16 0 3 6.052e+02 6.128e+02 70 0 4 2.485e+02 2.555e+02 65 0 3 1.723e+02 2.057e+02 310 2 1 1.761e+01 2.439e+01 63 2 1 8.410e+00 3.359e+01 234 2 3 7.199e+00 3.480e+01 256
17044 1 0 3 5.899e+02 6.281e+02 356
17045 0
17047 10 0 2 6.708e+02 6.732e+02 22 0 4 6.705e+02 6.735e+02 27 0 1 6.411e+02 6.609e+02 185 0 1 6.312e+02 6.708e+02 368 1 2 6.124e+02 6.476e+02 327 2 4 1.668e+02 1.692e+02 21 2 1 1.420e+02 1.520e+02 93 2 3 1.385e+02 1.555e+02 158 2 2 1.599e+02 1.761e+02 150 3 1 2.674e+02 2.786e+02 105
17048 1 2 4 6.495e+01 1.031e+02 354
17050 48 0 2 6.295e+02 6.305e+02 9 0 2 3.350e+02 3.370e+02 19 0 1 6.504e+02 6.516e+02 10 0 4 3.254e+02 3.466e+02 197 0 3 4.780e+02 4.880e+02 93 0 4 6.300e+02 6.300e+02 -4 0 4 3.653e+02 3.907e+02 236 0 3 6.508e+02 6.512e+02 3 0 1 2.967e+02 3.333e+02 340 0 1 6.068e+02 6.112e+02 40 0 2 6.692e+02 6.748e+02 51 0 1 5.994e+02 6.186e+02 178 0 4 6.634e+02 6.806e+02 160 0 3 5.894e+02 6.286e+02 365 0 4 6.576e+02 6.864e+02 268 1 2 5.872e+02 5.888e+02 15 1 3 6.078e+02 6.102e+02 22 1 2 6.228e+02 6.372e+02 133 1 4 5.729e+02 6.031e+02 280 1 4 6.188e+02 6.412e+02 207 2 2 4.134e+01 4.266e+01 12 2 3 4.793e+02 4.867e+02 69 2 3 1.023e+02 1.077e+02 50 2 2 6.230e+02 6.370e+02 130 2 4 1.678e+02 1.682e+02 3 2 3 2.288e+02 2.332e+02 40 2 4 5.001e+02 5.079e+02 73 2 2 1.225e+02 1.295e+02 65 2 1 5.974e+02 6.206e+02 215 2 3 1.437e+02 1.503e+02 62 2 2 4.966e+02 5.114e+02 137 2 4 2.389e+02 2.651e+02 243 2 3 5.107e+02 5.393e+02 266 2 4 3.237e+01 5.163e+01 179 2 3 5.970e+02 6.210e+02 223 2 4 1.226e+02 1.294e+02 63 2 2 1.564e+02 1.796e+02 216 2 4 4.492e+02 4.748e+02 238 2 3 6.657e+00 3.534e+01 266 2 4 6.183e+02 6.417e+02 218 2 2 7.809e+01 8.991e+01 110 2 3 1.288e+02 1.652e+02 339 2 1 4.520e+01 8.080e+01 330 2 4 7.392e+01 9.408e+01 187 2 3 9.138e+01 1.186e+02 253 3 2 3.479e+01 4.921e+01 134 3 1 2.201e+02 2.419e+02 202 3 3 1.363e+00 4.064e+01 365
17051 4 1 3 6.088e+02 6.092e+02 4 1 4 6.182e+02 6.418e+02 219 1 1 5.997e+02 6.183e+02 172 1 2 5.724e+02 6.036e+02 289
17052 31 0 1 6.064e+02 6.116e+02 49 0 1 6.470e+02 6.550e+02 75 0 2 5.025e+02 5.055e+02 27 0 3 5.180e+02 5.320e+02 130 0 3 6.083e+02 6.097e+02 13 0 3 6.491e+02 6.529e+02 35 0 4 5.005e+02 5.075e+02 65 0 3 5.076e+02 5.424e+02 324 0 4 5.867e+02 5.893e+02 25 0 2 6.692e+02 6.748e+02 52 0 1 4.653e+02 5.007e+02 328 0 1 5.524e+02 5.816e+02 270 0 2 6.187e+02 6.413e+02 210 0 4 6.662e+02 6.778e+02 107 0 4 4.868e+02 5.212e+02 320 0 3 5.469e+02 5.871e+02 374 0 4 6.212e+02 6.388e+02 164 0 2 6.594e+02 6.846e+02 234 0 1 5.081e+02 5.419e+02 314 0 4 6.532e+02 6.908e+02 350 0 2 6.523e+02 6.917e+02 366 2 3 1.586e+01 2.614e+01 96 2 2 8.119e+01 8.681e+01 52 2 2 3.856e+01 4.544e+01 64 2 1 3.876e+02 4.104e+02 211 2 4 7.921e+01 8.879e+01 89 2 3 5.104e+01 7.496e+01 222 2 3 9.411e+01 1.159e+02 202 2 1 1.393e+01 2.807e+01 131 2 4 2.542e+01 5.858e+01 308 2 1 4.552e+01 8.048e+01 325
17054 40 0 4 5.877e+02 5.883e+02 6 0 2 6.720e+02 6.720e+02 -24 0 1 4.410e+02 4.410e+02 -16 0 4 5.040e+02 5.040e+02 -24 0 1 6.077e+02 6.103e+02 24 0 4 6.720e+02 6.720e+02 -15 0 3 4.410e+02 4.410e+02 -13 0 2 4.959e+02 5.121e+02 150 0 1 5.545e+02 5.795e+02 233 0 2 6.259e+02 6.341e+02 76 0 1 6.510e+02 6.510e+02 -10 0 4 4.065e+02 4.335e+02 250 0 4 4.474e+02 4.766e+02 270 0 4 6.286e+02 6.314e+02 26 0 3 6.498e+02 6.522e+02 22 0 1 4.725e+02 4.935e+02 196 0 4 5.813e+02 5.947e+02 124 0 3 6.383e+02 6.637e+02 236 0 3 6.048e+02 6.132e+02 77 1 3 6.090e+02 6.090e+02 -24 1 4 6.291e+02 6.309e+02 16 1 4 5.352e+02 5.568e+02 200 1 2 6.258e+02 6.342e+02 77 1 1 6.017e+02 6.163e+02 135 2 1 3.950e+02 4.030e+02 74 2 2 3.538e+01 4.862e+01 123 2 3 3.987e+02 3.993e+02 6 2 3 2.306e+02 2.314e+02 8 2 2 3.609e+02 3.951e+02 317 2 4 3.488e+01 4.912e+01 132 2 2 6.831e+01 9.969e+01 291 2 3 1.757e+02 2.023e+02 247 2 4 2.030e+02 2.170e+02 130 2 4 3.655e+02 3.905e+02 231 2 1 5.763e+01 6.837e+01 100 2 1 2.201e+02 2.419e+02 203 2 1 9.709e+00 3.229e+01 210 2 2 2.418e+02 2.622e+02 189 2 3 1.500e+01 2.700e+01 111 2 4 2.510e+01 5.890e+01 314
17057 3 0 3 3.681e+01 8.919e+01 486 1 3 5.663e+02 5.677e+02 12 1 2 5.293e+02 5.627e+02 310
17058 9 0 3 6.067e+02 6.113e+02 43 0 4 5.831e+02 5.929e+02 91 0 1 6.012e+02 6.168e+02 145 0 2 6.210e+02 6.390e+02 167 0 4 6.150e+02 6.450e+02 279 0 4 5.735e+02 6.025e+02 269 0 3 5.928e+02 6.252e+02 300 0 2 6.124e+02 6.476e+02 327 1 2 6.133e+02 6.467e+02 310
