44942 3 0 4 3.174e+02 3.546e+02 346 0 1 3.320e+02 3.820e+02 464 0 2 3.102e+02 3.618e+02 480
44945 14 0 4 6.522e+02 6.918e+02 368 2 4 1.653e+02 1.707e+02 50 2 3 3.130e+02 3.170e+02 37 2 3 3.953e+02 4.027e+02 69 2 4 3.712e+02 3.848e+02 126 2 3 1.572e+01 2.628e+01 98 2 4 7.738e+01 9.062e+01 123 2 4 2.846e+02 3.034e+02 176 2 4 3.641e+02 3.919e+02 259 2 1 7.468e+00 3.453e+01 251 2 3 9.106e+01 1.189e+02 259 2 1 2.982e+02 3.318e+02 312 2 2 3.216e+02 3.504e+02 268 2 3 1.006e+00 4.099e+01 371
44946 10 0 3 4.823e+02 4.837e+02 12 0 2 4.476e+02 4.764e+02 267 0 1 4.649e+02 5.011e+02 336 0 1 6.474e+02 6.546e+02 66 0 4 4.862e+02 5.218e+02 330 0 3 6.447e+02 6.573e+02 116 0 4 5.702e+02 6.058e+02 331 0 4 6.622e+02 6.818e+02 181 0 2 6.561e+02 6.879e+02 295 3 1 1.407e+02 1.533e+02 117
44947 3 2 3 1.927e+01 2.273e+01 32 2 1 1.294e+01 2.906e+01 150 2 2 3.048e+01 5.352e+01 214
44951 29 2 4 1.654e+02 1.706e+02 49 2 3 3.982e+02 3.998e+02 15 2 1 2.278e+02 2.342e+02 59 2 2 2.467e+02 2.573e+02 99 2 1 3.914e+02 4.066e+02 140 2 3 6.031e+02 6.149e+02 110 2 4 2.448e+02 2.592e+02 133 2 4 3.603e+02 3.957e+02 329 2 2 4.040e+02 4.360e+02 298 2 3 2.179e+02 2.441e+02 243 2 1 2.147e+02 2.473e+02 302 3 1 3.561e+02 3.579e+02 16 3 4 2.916e+02 2.964e+02 44 3 2 7.980e+01 8.820e+01 78 3 4 1.219e+02 1.301e+02 76 3 4 1.641e+02 1.719e+02 73 3 2 5.315e+02 5.605e+02 269 3 3 3.143e+02 3.157e+02 13 3 4 8.334e+01 8.466e+01 12 3 1 1.437e+02 1.503e+02 60 3 1 1.844e+02 1.936e+02 85 3 2 4.000e+01 4.400e+01 37 3 2 3.348e+02 3.372e+02 22 3 1 5.009e+01 7.591e+01 240 3 3 1.417e+02 1.523e+02 99 3 3 4.493e+01 8.107e+01 336 3 3 1.768e+02 2.012e+02 226 3 2 1.209e+02 1.311e+02 95 3 4 1.091e+02 1.429e+02 314
44953 10 0 4 4.608e+02 4.632e+02 23 0 1 4.735e+02 4.925e+02 176 0 2 4.524e+02 4.716e+02 178 0 3 4.665e+02 4.995e+02 306 2 4 2.518e+02 2.522e+02 3 2 1 2.704e+02 2.756e+02 49 2 2 2.098e+02 2.102e+02 4 2 3 3.042e+02 3.258e+02 201 2 2 2.412e+02 2.628e+02 200 2 3 2.566e+02 2.894e+02 305
44955 0
44956 9 0 4 1.634e+02 1.726e+02 85 1 3 2.195e+02 2.425e+02 214 1 2 2.410e+02 2.630e+02 204 1 4 2.418e+02 2.622e+02 190 2 3 1.684e+01 2.516e+01 77 2 4 3.529e+01 4.871e+01 125 2 3 5.517e+01 7.083e+01 146 2 1 5.395e+01 7.205e+01 168 2 1 9.349e+00 3.265e+01 216
44957 76 0 1 4.821e+02 4.839e+02 16 0 2 3.766e+02 3.794e+02 26 0 1 5.655e+02 5.685e+02 28 0 2 2.063e+02 2.137e+02 69 0 3 6.078e+02 6.102e+02 22 0 1 3.534e+02 3.606e+02 66 0 2 6.705e+02 6.735e+02 27 0 3 2.235e+02 2.385e+02 140 0 3 3.939e+02 4.041e+02 94 0 1 3.454e+02 3.686e+02 216 0 3 4.810e+02 4.850e+02 37 0 1 2.163e+02 2.457e+02 273 0 3 5.617e+02 5.723e+02 99 0 2 3.169e+02 3.551e+02 354 0 4 5.864e+02 5.896e+02 30 0 1 3.385e+02 3.755e+02 343 0 4 6.701e+02 6.739e+02 35 0 3 4.300e+02 4.520e+02 204 0 2 5.033e+02 5.047e+02 14 0 1 5.222e+02 5.278e+02 51 0 1 6.044e+02 6.136e+02 86 0 1 6.479e+02 6.541e+02 58 0 4 4.079e+02 4.321e+02 226 0 4 4.995e+02 5.085e+02 84 0 3 5.238e+02 5.262e+02 22 0 1 5.959e+02 6.221e+02 243 0 3 6.466e+02 6.554e+02 82 0 1 4.263e+02 4.557e+02 273 0 2 4.606e+02 4.634e+02 26 0 2 5.432e+02 5.488e+02 51 0 2 6.107e+02 6.493e+02 359 0 3 6.332e+02 6.688e+02 331 0 4 4.466e+02 4.774e+02 286 0 1 5.074e+02 5.426e+02 326 0 2 4.883e+02 5.197e+02 291 0 3 5.050e+02 5.450e+02 372 0 1 4.642e+02 5.018e+02 349 1 1 5.666e+02 5.674e+02 8 1 2 6.288e+02 6.312e+02 22 1 3 4.382e+02 4.438e+02 52 1 2 3.240e+02 3.480e+02 223 1 4 5.023e+02 5.057e+02 32 1 1 3.454e+02 3.686e+02 215 1 4 5.870e+02 5.890e+02 18 1 4 3.258e+02 3.462e+02 190 1 4 6.290e+02 6.310e+02 18 1 3 3.321e+02 3.819e+02 463 1 3 4.769e+02 4.891e+02 113 1 3 5.589e+02 5.751e+02 150 1 1 6.082e+02 6.098e+02 16 1 3 4.686e+02 4.974e+02 268 1 2 5.263e+02 5.657e+02 366 1 3 6.038e+02 6.142e+02 97 2 4 2.503e+02 2.537e+02 31 2 1 2.706e+02 2.754e+02 45 2 2 5.025e+02 5.055e+02 27 2 3 6.109e+01 6.491e+01 36 2 4 6.690e+02 6.750e+02 56 2 2 7.958e+01 8.842e+01 82 2 3 5.179e+02 5.321e+02 132 2 2 1.653e+02 1.707e+02 50 2 4 5.318e+02 5.602e+02 264 2 3 2.277e+02 2.343e+02 60 2 3 2.702e+02 2.758e+02 51 2 2 5.268e+02 5.652e+02 356 2 4 3.274e+02 3.446e+02 160 2 4 3.807e+01 4.593e+01 73 2 4 1.151e+02 1.369e+02 202 2 2 2.393e+02 2.647e+02 236 2 3 2.615e+02 2.845e+02 213 2 2 2.717e+01 5.683e+01 276 2 2 6.953e+01 9.847e+01 269 2 4 2.338e+02 2.702e+02 338 2 1 2.578e+02 2.882e+02 282 2 3 1.692e+02 2.088e+02 368 2 4 1.956e+02 2.244e+02 267
44960 0
44961 10 0 4 4.164e+02 4.236e+02 67 0 1 3.911e+02 4.069e+02 147 0 3 4.267e+02 4.553e+02 266 1 1 4.812e+02 4.848e+02 33 1 2 5.000e+02 5.080e+02 75 1 4 5.393e+02 5.527e+02 124 1 2 6.208e+02 6.392e+02 171 1 3 5.203e+02 5.297e+02 87 2 2 1.215e+02 1.305e+02 84 2 4 1.257e+02 1.263e+02 5
44962 16 0 3 5.237e+02 5.263e+02 24 0 3 6.466e+02 6.554e+02 81 0 2 5.005e+02 5.075e+02 65 0 2 5.418e+02 5.502e+02 79 0 2 6.693e+02 6.747e+02 50 0 2 4.857e+02 5.223e+02 340 0 1 5.098e+02 5.402e+02 282 0 4 6.680e+02 6.760e+02 75 0 3 5.071e+02 5.429e+02 333 0 1 6.410e+02 6.610e+02 186 1 3 5.763e+01 6.837e+01 100 2 1 2.034e+01 2.166e+01 12 2 3 1.581e+01 2.619e+01 96 2 4 2.323e+02 2.717e+02 366 2 3 2.592e+02 2.868e+02 257 2 2 2.739e+02 3.141e+02 374
44963 33 0 3 4.808e+02 4.852e+02 40 0 3 6.060e+02 6.120e+02 56 0 2 3.310e+02 3.410e+02 93 0 4 6.702e+02 6.738e+02 34 0 4 3.188e+02 3.532e+02 320 0 1 4.722e+02 4.938e+02 201 0 2 6.258e+02 6.342e+02 77 0 1 3.396e+02 3.744e+02 323 0 1 6.500e+02 6.520e+02 19 0 2 4.481e+02 4.759e+02 259 0 4 6.166e+02 6.434e+02 248 0 3 6.470e+02 6.550e+02 75 0 4 4.064e+02 4.336e+02 252 0 4 4.847e+02 5.233e+02 358 0 1 5.953e+02 6.227e+02 255 0 2 6.675e+02 6.765e+02 84 0 3 5.895e+02 6.285e+02 361 0 1 6.392e+02 6.628e+02 219 0 4 6.525e+02 6.915e+02 363 0 1 6.339e+02 6.681e+02 317 0 3 6.327e+02 6.693e+02 340 1 2 6.223e+02 6.377e+02 144 1 4 6.157e+02 6.443e+02 266 2 3 1.035e+02 1.065e+02 28 2 1 1.877e+02 1.903e+02 25 2 3 1.441e+02 1.499e+02 55 2 4 7.213e+01 9.587e+01 220 2 4 1.615e+02 1.745e+02 120 2 4 1.062e+02 1.458e+02 367 2 3 1.807e+02 1.973e+02 154 2 1 1.356e+02 1.584e+02 212 2 2 1.559e+02 1.801e+02 225 3 1 3.892e+01 8.708e+01 447
44965 2 3 3 6.300e+01 6.300e+01 -14 3 2 2.510e+01 5.890e+01 314
44966 5 0 2 6.719e+02 6.721e+02 2 2 4 3.333e+02 3.387e+02 50 2 1 2.100e+01 2.100e+01 -10 2 3 1.729e+01 2.471e+01 69 2 3 2.996e+02 3.304e+02 286
44967 29 0 2 5.436e+02 5.484e+02 44 0 4 5.869e+02 5.891e+02 20 0 3 5.650e+02 5.690e+02 36 0 2 6.214e+02 6.386e+02 160 0 3 6.423e+02 6.597e+02 161 0 1 5.611e+02 5.729e+02 109 0 4 6.201e+02 6.399e+02 185 0 2 6.639e+02 6.801e+02 150 0 1 5.118e+02 5.382e+02 246 0 3 5.925e+02 6.255e+02 306 0 4 6.678e+02 6.762e+02 77 0 2 5.286e+02 5.634e+02 324 0 1 6.384e+02 6.636e+02 234 0 1 5.493e+02 5.847e+02 330 0 3 5.461e+02 5.879e+02 388 2 1 2.100e+01 2.100e+01 -4 2 2 4.196e+02 4.204e+02 7 2 3 1.877e+02 1.903e+02 24 2 4 5.033e+02 5.047e+02 12 2 4 2.068e+02 2.132e+02 60 2 4 4.145e+02 4.255e+02 102 2 1 3.524e+02 3.616e+02 86 2 3 3.836e+02 4.144e+02 286 2 4 1.645e+02 1.715e+02 66 2 3 5.091e+02 5.409e+02 295 2 3 2.260e+02 2.360e+02 93 2 3 2.847e+00 3.915e+01 337 2 3 1.739e+02 2.041e+02 280 2 3 1.281e+02 1.659e+02 350
44970 22 0 1 6.085e+02 6.095e+02 10 0 2 4.573e+02 4.667e+02 88 0 4 6.236e+02 6.364e+02 120 0 3 4.750e+02 4.910e+02 149 0 3 5.119e+02 5.381e+02 244 0 3 5.909e+02 6.271e+02 336 0 2 6.576e+02 6.864e+02 268 0 1 4.279e+02 4.541e+02 244 0 4 4.491e+02 4.749e+02 240 0 1 5.090e+02 5.410e+02 298 0 4 6.552e+02 6.888e+02 312 0 1 4.687e+02 4.973e+02 265 0 2 5.195e+02 5.725e+02 491 0 3 6.331e+02 6.689e+02 332 2 3 6.046e+01 6.554e+01 47 2 2 4.103e+01 4.297e+01 18 2 4 5.331e+02 5.589e+02 240 2 2 7.890e+01 8.910e+01 95 2 4 3.497e+01 4.903e+01 130 2 4 6.647e+01 1.015e+02 326 2 3 8.498e+00 3.350e+01 232 2 1 4.552e+01 8.048e+01 325
44972 33 0 1 3.570e+02 3.570e+02 -9 0 2 3.764e+02 3.796e+02 29 0 3 5.665e+02 5.675e+02 9 0 2 6.239e+02 6.361e+02 114 0 4 3.780e+02 3.780e+02 -21 0 4 3.659e+02 3.901e+02 226 0 3 3.868e+02 4.112e+02 226 0 3 2.493e+02 2.967e+02 440 0 4 5.031e+02 5.049e+02 16 0 1 5.575e+02 5.765e+02 176 0 2 4.612e+02 4.628e+02 16 0 2 5.369e+02 5.551e+02 169 0 4 5.689e+02 6.071e+02 356 0 3 6.483e+02 6.537e+02 50 0 4 4.609e+02 4.631e+02 20 0 1 5.418e+02 5.922e+02 469 0 2 6.720e+02 6.720e+02 -0 0 1 4.694e+02 4.966e+02 252 0 3 5.425e+02 5.915e+02 456 0 1 6.418e+02 6.602e+02 170 0 3 4.690e+02 4.970e+02 260 0 1 6.350e+02 6.670e+02 296 2 4 3.334e+02 3.386e+02 49 2 1 2.057e+01 2.143e+01 8 2 3 2.100e+01 2.100e+01 -8 2 2 5.037e+02 5.043e+02 6 2 3 2.998e+02 3.302e+02 282 2 4 5.003e+02 5.077e+02 68 2 3 1.016e+01 3.184e+01 201 2 1 9.262e+00 3.274e+01 218 2 3 4.668e+02 4.992e+02 300 2 2 2.537e+01 5.863e+01 309 3 2 5.318e+02 5.602e+02 263
44974 3 0 1 4.398e+02 4.422e+02 23 0 4 4.524e+02 4.716e+02 179 0 2 4.494e+02 4.746e+02 235
44975 4 0 4 5.852e+02 5.908e+02 51 0 1 5.517e+02 5.823e+02 284 0 3 5.519e+02 5.821e+02 280 3 3 4.329e+02 4.491e+02 150
44976 10 0 3 5.670e+02 5.670e+02 -19 0 3 4.373e+02 4.447e+02 70 0 1 5.622e+02 5.718e+02 90 0 4 4.086e+02 4.314e+02 212 0 2 5.317e+02 5.603e+02 266 0 1 4.271e+02 4.549e+02 258 1 1 5.943e+02 6.237e+02 274 2 1 1.321e+01 2.879e+01 145 2 3 3.456e+02 3.684e+02 212 2 4 3.604e+02 3.956e+02 327
44979 0
44980 21 0 1 4.408e+02 4.412e+02 3 0 4 5.027e+02 5.053e+02 24 0 4 5.870e+02 5.890e+02 19 0 3 4.355e+02 4.465e+02 103 0 4 4.526e+02 4.714e+02 174 0 1 6.025e+02 6.155e+02 120 0 2 4.443e+02 4.797e+02 329 0 3 5.495e+02 5.845e+02 326 0 3 6.062e+02 6.118e+02 52 0 1 5.478e+02 5.862e+02 357 0 4 5.685e+02 6.075e+02 361 1 4 6.132e+02 6.468e+02 312 1 2 6.133e+02 6.467e+02 310 2 4 2.062e+02 2.138e+02 70 2 1 3.558e+02 3.582e+02 22 2 1 2.305e+02 2.315e+02 9 2 3 3.549e+02 3.591e+02 39 2 3 2.234e+02 2.386e+02 140 2 2 3.727e+02 3.833e+02 98 2 2 1.931e+02 2.269e+02 313 2 2 3.594e+02 3.966e+02 346
44981 0
44982 14 0 2 6.296e+02 6.304e+02 8 0 3 3.954e+02 4.026e+02 67 0 1 3.876e+02 4.104e+02 212 0 4 4.962e+02 5.118e+02 145 0 4 4.071e+02 4.329e+02 240 1 1 5.641e+02 5.699e+02 53 1 2 5.855e+02 5.905e+02 47 1 4 5.802e+02 5.958e+02 145 1 2 5.754e+02 6.006e+02 235 2 2 3.955e+01 4.445e+01 46 2 3 5.229e+02 5.271e+02 39 2 2 6.683e+01 1.012e+02 319 2 3 1.719e+02 2.061e+02 317 3 3 1.832e+01 2.368e+01 50
44983 4 2 3 2.234e+02 2.386e+02 141 2 2 2.439e+02 2.601e+02 150 2 1 2.153e+02 2.467e+02 291 2 4 2.356e+02 2.684e+02 304
44984 0
44986 5 2 3 2.285e+02 2.335e+02 46 2 4 3.933e+01 4.467e+01 50 2 4 1.984e+02 2.216e+02 216 2 3 1.545e+00 4.046e+01 361 2 3 2.184e+02 2.436e+02 235
44987 1 3 1 3.964e+02 4.016e+02 49
44988 87 0 1 2.708e+02 2.752e+02 40 0 4 6.276e+02 6.324e+02 44 0 1 6.494e+02 6.526e+02 29 0 4 2.930e+02 2.950e+02 19 0 4 5.028e+02 5.052e+02 21 0 4 3.296e+02 3.424e+02 119 0 2 5.448e+02 5.472e+02 21 0 3 1.840e+02 1.940e+02 93 0 1 6.075e+02 6.105e+02 27 0 1 3.130e+02 3.170e+02 38 0 3 6.494e+02 6.526e+02 29 0 4 3.624e+02 3.936e+02 289 0 1 4.801e+02 4.859e+02 53 0 2 1.554e+02 1.806e+02 234 0 1 5.632e+02 5.708e+02 70 0 4 1.914e+02 2.286e+02 345 0 3 6.061e+02 6.119e+02 53 0 2 2.794e+02 3.086e+02 270 0 2 6.713e+02 6.727e+02 12 0 2 3.185e+02 3.535e+02 326 0 3 4.784e+02 4.876e+02 85 0 1 1.761e+02 2.019e+02 240 0 3 5.599e+02 5.741e+02 131 0 3 2.583e+02 2.877e+02 272 0 2 6.276e+02 6.324e+02 45 0 4 1.465e+02 1.895e+02 400 0 4 6.713e+02 6.727e+02 13 0 2 4.973e+02 5.107e+02 124 0 1 5.193e+02 5.307e+02 106 0 4 5.818e+02 5.942e+02 115 0 3 6.379e+02 6.641e+02 244 0 3 5.116e+02 5.384e+02 249 0 2 6.186e+02 6.414e+02 211 0 3 6.322e+02 6.698e+02 349 0 1 5.562e+02 5.778e+02 201 0 4 5.680e+02 6.080e+02 370 0 3 5.531e+02 5.809e+02 259 0 1 5.072e+02 5.428e+02 331 0 3 5.057e+02 5.443e+02 358 1 3 5.243e+02 5.257e+02 13 1 2 5.875e+02 5.885e+02 10 1 1 6.088e+02 6.092e+02 3 1 2 5.025e+02 5.055e+02 28 1 4 5.437e+02 5.483e+02 42 1 3 6.087e+02 6.093e+02 5 1 1 5.583e+02 5.757e+02 161 1 2 6.281e+02 6.319e+02 36 1 4 6.290e+02 6.310e+02 19 1 1 5.899e+02 6.281e+02 356 2 1 4.825e+02 4.835e+02 9 2 4 8.298e+01 8.502e+01 19 2 3 5.245e+02 5.255e+02 10 2 2 2.093e+02 2.107e+02 14 2 4 6.686e+02 6.754e+02 64 2 4 4.004e+01 4.396e+01 36 2 1 4.368e+02 4.452e+02 79 2 3 1.043e+02 1.057e+02 14 2 2 5.034e+02 5.046e+02 11 2 3 1.861e+02 1.919e+02 53 2 3 4.368e+02 4.452e+02 77 2 4 2.079e+02 2.121e+02 39 2 2 4.575e+02 4.665e+02 84 2 1 5.857e+01 6.743e+01 82 2 1 5.917e+02 6.263e+02 321 2 4 1.206e+02 1.314e+02 100 2 4 4.053e+02 4.347e+02 274 2 1 1.425e+02 1.515e+02 84 2 4 4.944e+02 5.136e+02 179 2 1 2.299e+02 2.321e+02 20 2 3 4.655e+02 5.005e+02 326 2 3 2.611e+02 2.849e+02 220 2 2 4.434e+02 4.806e+02 346 2 3 5.669e+01 6.931e+01 117 2 2 1.191e+02 1.329e+02 128 2 4 1.621e+02 1.739e+02 110 2 4 2.438e+02 2.602e+02 151 2 4 2.765e+02 3.115e+02 326 2 3 4.099e+00 3.790e+01 314 2 2 7.042e+01 9.758e+01 252 2 3 1.327e+02 1.613e+02 266 2 3 2.187e+02 2.433e+02 229 2 4 2.232e+01 6.168e+01 366 2 4 1.060e+02 1.459e+02 370 2 2 1.481e+02 1.879e+02 370 2 3 1.705e+02 2.075e+02 343 2 1 1.264e+02 1.676e+02 382 3 4 2.511e+02 2.529e+02 16
44989 18 0 4 3.312e+02 3.408e+02 90 0 1 4.777e+02 4.883e+02 98 0 3 4.789e+02 4.871e+02 76 0 4 4.900e+02 5.180e+02 260 2 4 3.340e+02 3.380e+02 36 2 4 6.665e+02 6.775e+02 102 2 3 3.400e+02 3.740e+02 316 2 3 6.398e+02 6.622e+02 208 2 4 2.738e+02 3.142e+02 375 2 2 6.591e+02 6.849e+02 239 2 2 3.631e+02 3.929e+02 277 2 4 3.646e+02 3.914e+02 248 2 2 3.196e+02 3.524e+02 304 3 1 6.472e+02 6.548e+02 71 3 2 6.704e+02 6.736e+02 30 3 1 6.371e+02 6.649e+02 259 3 4 6.649e+02 6.791e+02 132 3 4 6.534e+02 6.906e+02 346
44990 2 1 4 5.436e+02 5.484e+02 44 2 4 4.966e+02 5.114e+02 138
44991 1 2 3 8.617e+01 1.238e+02 350
44992 8 2 3 3.988e+02 3.992e+02 5 2 1 3.929e+02 4.051e+02 114 2 2 3.615e+02 3.945e+02 306 2 4 4.022e+02 4.378e+02 331 3 3 4.401e+02 4.419e+02 17 3 2 4.178e+02 4.222e+02 41 3 1 4.367e+02 4.453e+02 80 3 2 4.438e+02 4.802e+02 338
44994 9 0 2 4.000e+01 4.400e+01 37 0 2 6.629e+02 6.811e+02 170 0 4 3.363e+01 5.037e+01 156 0 1 4.929e+01 7.671e+01 255 1 1 1.890e+02 1.890e+02 -19 1 3 1.890e+02 1.890e+02 -19 1 2 2.013e+02 2.187e+02 162 1 4 1.983e+02 2.217e+02 218 1 2 1.949e+02 2.251e+02 280
44995 2 0 4 5.833e+02 5.927e+02 87 0 4 5.750e+02 6.010e+02 240
