5547 10 0 2 3.319e+02 3.401e+02 76 0 2 2.493e+02 2.547e+02 50 0 4 3.293e+02 3.427e+02 124 0 1 3.475e+02 3.665e+02 176 1 2 5.860e+02 5.900e+02 38 1 2 6.290e+02 6.310e+02 19 1 1 4.381e+02 4.439e+02 54 1 4 5.405e+02 5.515e+02 103 1 2 5.765e+02 5.995e+02 214 2 1 3.978e+02 4.002e+02 23
5548 1 2 4 2.972e+01 5.428e+01 228
5550 68 0 4 4.620e+02 4.620e+02 -12 0 2 2.520e+02 2.520e+02 -10 0 4 3.735e+02 3.825e+02 84 0 1 6.090e+02 6.090e+02 -17 0 2 2.430e+02 2.610e+02 166 0 3 6.510e+02 6.510e+02 -1 0 1 5.186e+02 5.314e+02 118 0 3 6.057e+02 6.123e+02 61 0 2 6.708e+02 6.732e+02 23 0 2 4.579e+02 4.661e+02 76 0 1 5.555e+02 5.785e+02 214 0 2 6.175e+02 6.425e+02 232 0 4 6.720e+02 6.720e+02 -11 0 1 4.687e+02 4.973e+02 266 0 1 5.098e+02 5.402e+02 282 0 4 6.198e+02 6.402e+02 190 0 1 6.448e+02 6.572e+02 115 0 3 5.141e+02 5.359e+02 202 0 3 6.353e+02 6.667e+02 291 0 4 6.541e+02 6.899e+02 333 1 4 2.927e+02 2.953e+02 24 1 1 6.090e+02 6.090e+02 -12 1 3 4.376e+02 4.444e+02 63 1 1 5.232e+02 5.268e+02 33 1 2 5.870e+02 5.890e+02 18 1 2 4.450e+02 4.790e+02 316 1 3 4.800e+02 4.860e+02 56 1 4 5.765e+02 5.995e+02 213 1 2 6.300e+02 6.300e+02 -24 1 1 5.151e+02 5.349e+02 183 1 1 5.532e+02 5.808e+02 257 2 3 1.047e+02 1.053e+02 6 2 2 6.720e+02 6.720e+02 -10 2 2 1.680e+02 1.680e+02 -24 2 1 3.938e+02 4.042e+02 97 2 3 5.653e+02 5.687e+02 31 2 4 3.780e+02 3.780e+02 -19 2 2 5.875e+02 5.885e+02 10 2 4 4.200e+01 4.200e+01 -6 2 4 1.260e+02 1.260e+02 -6 2 3 3.884e+02 4.096e+02 197 2 3 1.469e+02 1.471e+02 1 2 4 5.344e+02 5.576e+02 216 2 4 2.071e+02 2.129e+02 55 2 4 5.880e+02 5.880e+02 -7 2 3 6.399e+02 6.621e+02 206 2 4 7.056e+01 9.744e+01 250 2 1 6.072e+02 6.108e+02 33 2 1 1.365e+02 1.575e+02 196 2 4 6.579e+02 6.861e+02 262 2 1 2.269e+02 2.351e+02 76 2 3 6.068e+02 6.112e+02 40 2 1 1.895e+01 2.305e+01 38 2 1 5.958e+02 6.222e+02 246 2 2 1.561e+02 1.799e+02 221 2 2 6.155e+02 6.445e+02 269 2 3 2.223e+02 2.397e+02 161 2 3 1.882e+01 2.318e+01 40 2 4 1.568e+02 1.792e+02 208 2 4 2.422e+02 2.618e+02 181 2 2 4.103e+01 4.297e+01 18 2 2 1.500e+02 1.860e+02 335 2 2 1.957e+02 2.243e+02 265 2 1 1.034e+01 3.166e+01 198 2 2 2.914e+01 5.486e+01 239 2 1 4.799e+01 7.801e+01 279 3 4 3.722e+02 3.838e+02 108 3 4 3.165e+01 5.235e+01 192
5551 0
5554 3 3 4 3.769e+02 3.791e+02 20 3 1 3.524e+02 3.616e+02 86 3 2 3.650e+02 3.910e+02 242
5555 5 0 4 4.187e+02 4.213e+02 25 0 4 6.677e+02 6.763e+02 80 0 4 4.984e+02 5.096e+02 105 2 4 8.330e+01 8.470e+01 13 2 1 5.844e+01 6.756e+01 85
5556 22 0 4 4.185e+02 4.215e+02 27 0 4 5.019e+02 5.061e+02 40 0 2 6.702e+02 6.738e+02 34 0 1 3.941e+02 4.039e+02 90 0 3 4.792e+02 4.868e+02 70 0 4 6.205e+02 6.395e+02 177 0 4 6.677e+02 6.763e+02 80 0 4 4.112e+02 4.288e+02 163 0 2 4.486e+02 4.754e+02 249 0 1 5.934e+02 6.246e+02 289 0 3 6.421e+02 6.599e+02 165 0 1 4.655e+02 5.005e+02 325 0 3 5.933e+02 6.247e+02 292 2 2 3.672e+01 4.728e+01 98 2 2 8.155e+01 8.645e+01 46 2 3 5.535e+01 7.065e+01 142 2 3 1.050e+02 1.050e+02 -6 2 3 8.588e+00 3.341e+01 230 2 4 7.329e+01 9.471e+01 199 2 4 3.058e+01 5.342e+01 212 2 1 8.949e+00 3.305e+01 224 2 1 4.624e+01 7.976e+01 311
5557 1 1 4 6.300e+02 6.300e+02 -2
5560 31 0 4 6.709e+02 6.731e+02 20 0 2 6.691e+02 6.749e+02 54 0 3 5.108e+02 5.392e+02 264 0 1 6.361e+02 6.659e+02 277 0 2 5.316e+02 5.604e+02 268 0 2 6.541e+02 6.899e+02 333 2 1 2.716e+02 2.744e+02 26 2 2 3.354e+02 3.366e+02 10 2 1 1.868e+01 2.332e+01 43 2 3 5.145e+02 5.355e+02 196 2 2 8.272e+01 8.528e+01 24 2 4 4.917e+02 5.163e+02 228 2 1 1.446e+02 1.494e+02 46 2 2 5.361e+02 5.559e+02 184 2 2 2.086e+02 2.114e+02 26 2 4 5.361e+02 5.559e+02 183 2 3 1.994e+01 2.206e+01 20 2 4 1.221e+02 1.299e+02 72 2 3 1.436e+02 1.504e+02 64 2 2 2.498e+02 2.542e+02 41 2 3 3.025e+02 3.275e+02 232 2 4 3.192e+02 3.528e+02 311 2 4 3.390e+01 5.010e+01 150 2 4 7.307e+01 9.493e+01 203 2 2 1.641e+02 1.719e+02 72 2 2 2.365e+02 2.675e+02 288 2 1 3.390e+02 3.750e+02 334 2 3 4.812e+01 7.788e+01 276 2 4 1.542e+02 1.818e+02 256 2 2 2.429e+01 5.971e+01 329 2 3 1.320e+02 1.620e+02 279
5561 0
5562 0
5563 9 0 2 3.264e+02 3.456e+02 178 1 4 6.264e+02 6.336e+02 67 2 4 2.470e+02 2.570e+02 93 2 3 3.907e+02 4.073e+02 154 2 3 2.730e+02 2.730e+02 -0 2 2 2.453e+02 2.587e+02 125 2 1 2.706e+02 2.754e+02 44 2 3 2.124e+02 2.496e+02 345 3 4 1.169e+02 1.351e+02 169
5564 3 3 4 2.079e+02 2.121e+02 40 3 4 2.405e+02 2.635e+02 214 3 1 1.816e+02 1.964e+02 137
5566 6 0 4 6.293e+02 6.307e+02 13 0 1 6.029e+02 6.151e+02 113 0 3 6.053e+02 6.127e+02 69 0 1 5.924e+02 6.256e+02 309 0 3 5.971e+02 6.209e+02 220 0 2 6.164e+02 6.436e+02 253
5567 0
5569 0
5570 9 0 4 4.596e+02 4.644e+02 45 0 1 4.340e+02 4.480e+02 130 0 2 4.578e+02 4.662e+02 78 0 3 4.218e+02 4.602e+02 356 2 1 3.570e+02 3.570e+02 -0 2 3 9.349e+01 1.165e+02 214 2 2 3.672e+02 3.888e+02 201 2 4 4.134e+02 4.266e+02 122 2 4 7.424e+01 9.376e+01 181
5571 28 0 4 4.612e+02 4.628e+02 16 0 2 6.292e+02 6.308e+02 16 0 2 6.710e+02 6.730e+02 19 0 4 4.182e+02 4.218e+02 34 0 1 4.790e+02 4.870e+02 75 0 4 6.267e+02 6.333e+02 60 0 4 6.698e+02 6.742e+02 41 0 1 3.858e+02 4.122e+02 246 0 3 4.706e+02 4.954e+02 230 0 4 5.793e+02 5.967e+02 162 0 1 6.432e+02 6.588e+02 145 0 3 5.914e+02 6.266e+02 326 0 3 6.463e+02 6.557e+02 88 0 4 6.126e+02 6.474e+02 324 0 3 6.338e+02 6.682e+02 320 0 4 6.546e+02 6.894e+02 324 1 2 6.289e+02 6.311e+02 21 1 4 6.291e+02 6.309e+02 17 1 1 6.087e+02 6.093e+02 6 1 1 5.975e+02 6.205e+02 213 2 3 1.613e+01 2.587e+01 90 2 2 8.366e+01 8.434e+01 6 2 2 3.717e+01 4.683e+01 90 2 4 8.240e+01 8.560e+01 30 2 4 3.964e+01 4.436e+01 44 2 3 5.790e+01 6.810e+01 95 2 1 7.421e+00 3.458e+01 252 3 3 9.622e+00 3.238e+01 211
5572 0
5573 17 0 1 4.812e+02 4.848e+02 34 0 2 4.600e+02 4.640e+02 38 0 2 6.651e+02 6.789e+02 129 0 3 4.787e+02 4.873e+02 80 0 4 6.641e+02 6.799e+02 146 0 4 4.474e+02 4.766e+02 271 0 4 6.586e+02 6.854e+02 248 0 2 4.422e+02 4.818e+02 367 0 2 6.525e+02 6.915e+02 361 1 1 2.705e+02 2.755e+02 47 1 3 2.730e+02 2.730e+02 0 1 2 2.406e+02 2.634e+02 212 1 2 2.823e+02 3.057e+02 217 1 4 2.815e+02 3.065e+02 231 1 3 3.018e+02 3.282e+02 246 1 2 2.752e+02 3.128e+02 349 2 4 3.556e+01 4.844e+01 120
5574 12 0 1 5.562e+02 5.778e+02 201 0 4 5.773e+02 5.987e+02 199 2 3 2.719e+02 2.741e+02 21 2 4 4.049e+01 4.351e+01 28 2 4 2.398e+02 2.642e+02 227 2 2 2.858e+02 3.022e+02 152 2 3 5.593e+01 7.007e+01 131 2 2 7.482e+01 9.318e+01 170 2 4 2.321e+02 2.719e+02 370 2 1 2.551e+02 2.909e+02 332 2 1 4.897e+01 7.703e+01 260 2 4 6.818e+01 9.982e+01 294
5576 1 3 1 6.381e+02 6.639e+02 240
5578 21 0 1 6.071e+02 6.109e+02 35 0 4 5.822e+02 5.938e+02 107 0 2 6.681e+02 6.759e+02 72 0 2 6.604e+02 6.836e+02 216 0 4 6.534e+02 6.906e+02 346 0 1 6.349e+02 6.671e+02 300 1 4 6.279e+02 6.321e+02 40 1 3 6.066e+02 6.114e+02 45 1 2 6.152e+02 6.448e+02 276 1 2 5.731e+02 6.029e+02 276 1 4 6.109e+02 6.491e+02 356 2 4 2.499e+02 2.541e+02 39 2 3 3.972e+02 4.008e+02 33 2 4 3.340e+02 3.380e+02 37 2 3 3.554e+02 3.586e+02 29 2 3 5.198e+01 7.402e+01 205 2 3 4.233e+02 4.587e+02 328 2 2 1.541e+02 1.819e+02 259 2 1 6.256e+00 3.574e+01 274 2 3 3.393e+02 3.747e+02 329 2 3 6.391e+00 3.561e+01 271
5579 1 0 1 3.981e+02 3.999e+02 16
5580 3 0 1 6.496e+02 6.524e+02 26 0 3 4.401e+02 4.419e+02 17 0 3 6.509e+02 6.511e+02 1
5583 5 0 1 3.983e+02 3.997e+02 14 0 3 3.988e+02 3.992e+02 5 0 4 4.566e+02 4.674e+02 100 0 1 4.372e+02 4.448e+02 71 0 2 4.433e+02 4.807e+02 347
5584 23 0 3 4.816e+02 4.844e+02 26 0 1 3.565e+02 3.575e+02 10 0 3 2.211e+02 2.409e+02 185 0 4 5.790e+02 5.970e+02 168 0 1 5.966e+02 6.214e+02 230 0 3 5.944e+02 6.236e+02 270 1 4 6.116e+02 6.484e+02 341 2 1 4.830e+02 4.830e+02 -12 2 4 1.260e+02 1.260e+02 -17 2 2 5.450e+02 5.470e+02 18 2 1 1.470e+02 1.470e+02 -4 2 4 2.056e+02 2.144e+02 81 2 3 5.556e+02 5.784e+02 212 2 1 1.770e+02 2.010e+02 222 2 1 2.281e+02 2.339e+02 54 2 2 4.868e+02 5.212e+02 320 2 3 2.247e+02 2.373e+02 117 2 3 5.135e+02 5.365e+02 213 2 2 1.928e+02 2.272e+02 320 2 4 4.919e+02 5.161e+02 226 2 2 5.318e+02 5.602e+02 263 2 3 4.621e+02 5.039e+02 388 3 4 6.616e+01 1.018e+02 331
5585 11 0 2 6.645e+02 6.795e+02 140 0 4 6.665e+02 6.775e+02 101 0 1 6.385e+02 6.635e+02 232 2 1 2.007e+01 2.193e+01 17 2 2 2.910e+02 2.970e+02 56 2 3 1.927e+01 2.273e+01 32 2 1 2.620e+02 2.840e+02 205 2 2 3.219e+01 5.181e+01 182 2 3 2.604e+02 2.856e+02 234 2 1 4.146e+00 3.785e+01 313 2 4 2.809e+02 3.071e+02 244
5586 28 0 2 6.243e+02 6.357e+02 106 0 1 2.289e+02 2.331e+02 39 0 3 6.487e+02 6.533e+02 43 0 1 2.223e+02 2.397e+02 162 0 4 4.184e+02 4.216e+02 30 0 3 5.644e+02 5.696e+02 49 0 3 2.224e+02 2.396e+02 159 0 4 6.264e+02 6.336e+02 67 0 2 2.351e+02 2.689e+02 314 0 4 6.702e+02 6.738e+02 34 0 3 3.799e+02 4.181e+02 354 0 1 5.554e+02 5.786e+02 216 0 4 5.799e+02 5.961e+02 150 0 3 6.333e+02 6.687e+02 329 0 2 5.328e+02 5.592e+02 245 0 1 5.908e+02 6.272e+02 339 0 1 6.313e+02 6.707e+02 366 0 3 5.943e+02 6.237e+02 272 2 2 3.951e+01 4.449e+01 46 2 4 1.579e+02 1.781e+02 188 2 4 3.690e+01 4.710e+01 95 2 3 1.369e+02 1.571e+02 187 2 3 1.231e+01 2.969e+01 161 2 3 1.719e+02 2.061e+02 317 2 4 2.515e+01 5.885e+01 313 2 1 4.893e+01 7.707e+01 261 2 1 5.449e+00 3.655e+01 289 2 3 3.204e+00 3.880e+01 330
5587 0
5588 0
5590 13 0 1 6.486e+02 6.534e+02 45 0 1 4.399e+02 4.421e+02 20 0 3 6.502e+02 6.518e+02 15 0 3 4.368e+02 4.452e+02 77 0 2 4.451e+02 4.789e+02 314 0 2 6.107e+02 6.493e+02 359 0 4 4.454e+02 4.786e+02 308 2 3 6.491e+02 6.529e+02 36 2 1 1.445e+02 1.495e+02 47 2 2 1.193e+02 1.327e+02 125 2 1 1.371e+02 1.569e+02 185 2 4 1.165e+02 1.354e+02 176 2 3 8.577e+01 1.242e+02 357
5591 1 1 3 2.935e+02 3.365e+02 400
5592 1 0 4 3.729e+02 3.831e+02 95
5593 16 0 1 5.619e+02 5.721e+02 95 0 2 6.693e+02 6.747e+02 50 0 4 6.704e+02 6.736e+02 30 0 3 5.591e+02 5.749e+02 146 0 4 5.758e+02 6.002e+02 227 0 3 6.386e+02 6.634e+02 230 1 4 5.441e+02 5.479e+02 35 1 2 6.271e+02 6.329e+02 53 1 3 5.222e+02 5.278e+02 51 1 4 5.837e+02 5.923e+02 80 1 2 5.442e+02 5.478e+02 33 1 1 5.092e+02 5.408e+02 293 2 3 5.566e+01 7.034e+01 136 2 2 3.089e+01 5.311e+01 206 2 4 1.475e+02 1.885e+02 381 2 1 4.516e+01 8.084e+01 331
5594 0
5595 22 0 1 6.495e+02 6.525e+02 28 0 1 5.627e+02 5.713e+02 80 0 3 6.498e+02 6.522e+02 23 0 4 4.588e+02 4.652e+02 60 0 1 5.565e+02 5.775e+02 196 0 2 6.665e+02 6.775e+02 101 0 4 4.456e+02 4.784e+02 304 0 3 5.577e+02 5.763e+02 173 0 3 5.899e+02 6.281e+02 356 0 4 6.555e+02 6.885e+02 306 1 2 4.532e+02 4.708e+02 164 2 2 2.496e+02 2.544e+02 46 2 1 2.693e+02 2.767e+02 68 2 4 1.248e+02 1.272e+02 21 2 3 2.258e+02 2.362e+02 97 2 4 8.150e+01 8.650e+01 46 2 3 1.423e+02 1.517e+02 88 2 4 1.992e+02 2.208e+02 201 2 2 7.248e+01 9.552e+01 214 2 1 1.318e+02 1.622e+02 282 2 3 8.971e+01 1.203e+02 284 2 2 1.535e+02 1.825e+02 269
5596 4 0 3 2.296e+02 2.324e+02 26 0 3 1.848e+02 1.932e+02 77 0 4 2.428e+02 2.612e+02 171 0 3 1.690e+02 2.090e+02 372
5597 1 2 1 4.410e+02 4.410e+02 -3
