9841 2 0 2 6.586e+02 6.854e+02 249 2 4 8.400e+01 8.400e+01 -13
9842 10 0 3 2.730e+02 2.730e+02 -15 0 3 5.664e+02 5.676e+02 10 0 2 2.886e+02 2.994e+02 100 0 2 5.435e+02 5.485e+02 46 0 1 6.083e+02 6.097e+02 13 0 3 6.057e+02 6.123e+02 61 0 4 6.665e+02 6.775e+02 103 1 3 6.068e+02 6.112e+02 41 1 4 6.262e+02 6.338e+02 70 2 3 2.093e+01 2.107e+01 1
9844 20 0 1 5.663e+02 5.677e+02 13 0 2 6.273e+02 6.327e+02 50 0 4 5.865e+02 5.895e+02 27 0 4 6.243e+02 6.357e+02 106 0 3 5.510e+02 5.830e+02 296 0 1 5.995e+02 6.185e+02 176 0 2 6.074e+02 6.526e+02 419 1 4 6.296e+02 6.304e+02 8 1 1 6.076e+02 6.104e+02 26 1 3 6.080e+02 6.100e+02 19 1 2 5.740e+02 6.020e+02 260 1 2 6.278e+02 6.322e+02 40 1 3 5.911e+02 6.269e+02 333 2 3 2.017e+01 2.183e+01 16 2 4 1.665e+02 1.695e+02 27 2 2 3.982e+01 4.418e+01 40 2 1 1.846e+02 1.934e+02 82 2 2 1.607e+02 1.753e+02 135 2 1 1.776e+02 2.004e+02 211 2 3 1.759e+02 2.021e+02 243
9845 5 0 4 6.637e+02 6.803e+02 155 2 3 3.549e+02 3.591e+02 39 2 2 3.708e+02 3.852e+02 134 2 4 3.241e+02 3.479e+02 220 2 1 3.395e+02 3.745e+02 325
9849 4 0 2 6.720e+02 6.720e+02 -2 0 1 4.595e+02 5.065e+02 436 0 3 4.600e+02 5.060e+02 426 2 4 1.801e+01 6.599e+01 446
9850 4 2 3 2.683e+02 2.777e+02 87 2 4 2.333e+02 2.707e+02 347 2 2 2.858e+02 3.022e+02 152 2 1 2.540e+02 2.920e+02 352
9851 2 0 3 6.073e+02 6.107e+02 31 0 4 6.213e+02 6.387e+02 162
9852 21 0 2 5.402e+02 5.518e+02 107 0 4 5.837e+02 5.923e+02 80 0 2 6.714e+02 6.726e+02 11 0 1 5.136e+02 5.364e+02 211 0 1 6.085e+02 6.095e+02 9 0 4 6.709e+02 6.731e+02 21 0 3 5.078e+02 5.422e+02 320 0 3 5.932e+02 6.248e+02 293 0 1 6.425e+02 6.595e+02 158 0 1 5.488e+02 5.852e+02 338 0 4 6.170e+02 6.430e+02 241 0 3 6.379e+02 6.641e+02 244 0 1 5.892e+02 6.288e+02 367 0 2 6.102e+02 6.498e+02 367 2 4 4.591e+02 4.649e+02 54 2 4 2.088e+02 2.112e+02 23 2 3 4.766e+02 4.894e+02 120 2 2 2.034e+02 2.166e+02 122 2 2 4.457e+02 4.783e+02 303 2 1 2.207e+02 2.413e+02 190 2 3 2.137e+02 2.483e+02 320
9855 0
9857 0
9858 0
9859 14 0 4 5.862e+02 5.898e+02 33 2 2 4.167e+02 4.233e+02 62 2 3 3.510e+02 3.630e+02 112 2 1 4.298e+02 4.522e+02 208 2 4 3.632e+01 4.768e+01 106 2 4 3.658e+02 3.902e+02 226 2 3 4.345e+02 4.475e+02 120 2 4 4.040e+02 4.360e+02 296 3 2 3.333e+02 3.387e+02 50 3 4 3.324e+02 3.396e+02 67 3 3 4.303e+02 4.517e+02 198 3 1 2.979e+02 3.321e+02 318 3 2 4.092e+02 4.308e+02 201 3 3 2.985e+02 3.315e+02 306
9863 73 0 1 6.497e+02 6.523e+02 25 0 2 2.457e+02 2.583e+02 117 0 4 5.040e+02 5.040e+02 -5 0 2 3.334e+02 3.386e+02 49 0 1 5.654e+02 5.686e+02 29 0 4 2.063e+02 2.137e+02 68 0 4 5.859e+02 5.901e+02 40 0 3 1.785e+02 1.995e+02 196 0 3 6.499e+02 6.521e+02 21 0 2 1.992e+02 2.208e+02 200 0 1 4.400e+02 4.420e+02 19 0 3 2.125e+02 2.495e+02 343 0 2 4.615e+02 4.625e+02 10 0 3 5.655e+02 5.685e+02 28 0 2 6.247e+02 6.353e+02 99 0 2 6.711e+02 6.729e+02 17 0 1 4.320e+02 4.500e+02 166 0 1 4.806e+02 4.854e+02 44 0 1 5.219e+02 5.281e+02 57 0 4 6.289e+02 6.311e+02 21 0 4 6.710e+02 6.730e+02 19 0 3 4.280e+02 4.540e+02 241 0 3 4.815e+02 4.845e+02 28 0 3 5.205e+02 5.295e+02 84 0 1 6.041e+02 6.139e+02 90 0 1 6.319e+02 6.701e+02 356 0 2 5.019e+02 5.061e+02 39 0 1 5.084e+02 5.416e+02 309 0 2 6.155e+02 6.445e+02 269 0 4 4.455e+02 4.785e+02 307 0 2 5.334e+02 5.586e+02 235 0 4 6.152e+02 6.448e+02 276 0 2 4.861e+02 5.219e+02 333 0 3 5.469e+02 5.871e+02 373 0 4 5.760e+02 6.000e+02 223 0 4 4.845e+02 5.235e+02 363 0 1 5.930e+02 6.250e+02 297 0 3 5.921e+02 6.259e+02 315 1 3 5.642e+02 5.698e+02 52 1 1 6.088e+02 6.092e+02 4 1 3 4.392e+02 4.428e+02 34 1 4 4.598e+02 4.642e+02 40 1 2 5.816e+02 5.944e+02 118 1 2 6.291e+02 6.309e+02 16 1 2 4.042e+02 4.358e+02 293 1 4 5.858e+02 5.902e+02 40 1 4 4.080e+02 4.320e+02 223 1 4 6.289e+02 6.311e+02 20 1 4 4.893e+02 5.187e+02 272 1 1 4.286e+02 4.534e+02 230 1 3 5.566e+02 5.774e+02 194 1 3 4.256e+02 4.564e+02 286 1 3 5.897e+02 6.283e+02 359 1 4 4.427e+02 4.813e+02 358 2 2 1.671e+02 1.689e+02 16 2 3 6.069e+02 6.111e+02 40 2 2 3.328e+02 3.392e+02 59 2 3 5.666e+02 5.674e+02 8 2 3 5.907e+01 6.693e+01 73 2 4 5.857e+02 5.903e+02 43 2 4 8.249e+01 8.551e+01 28 2 3 1.395e+02 1.545e+02 140 2 3 3.064e+02 3.236e+02 160 2 4 3.238e+02 3.482e+02 227 2 4 3.264e+01 5.136e+01 174 2 4 2.753e+02 3.127e+02 348 2 1 3.428e+02 3.712e+02 264 2 1 5.185e+01 7.415e+01 207 2 4 1.104e+02 1.416e+02 290 2 3 1.410e+00 4.059e+01 364 2 2 6.710e+01 1.009e+02 314 3 4 2.071e+02 2.129e+02 53 3 4 1.876e+02 2.324e+02 416
9866 3 2 4 2.873e+01 5.527e+01 246 2 3 4.529e+01 8.071e+01 329 2 3 2.709e+00 3.929e+01 340
9867 25 2 3 3.142e+02 3.158e+02 15 2 1 3.113e+02 3.187e+02 69 2 1 3.544e+02 3.596e+02 48 2 2 4.963e+02 5.117e+02 143 2 3 3.526e+02 3.614e+02 81 2 4 4.931e+02 5.149e+02 202 2 2 2.759e+02 3.121e+02 336 2 1 3.427e+02 3.713e+02 266 2 1 4.665e+02 4.995e+02 306 2 2 3.625e+02 3.935e+02 288 2 4 3.612e+02 3.948e+02 312 2 4 3.173e+02 3.547e+02 348 3 2 4.620e+02 4.620e+02 -0 3 2 3.343e+02 3.377e+02 32 3 2 3.775e+02 3.785e+02 9 3 2 4.187e+02 4.213e+02 24 3 4 3.277e+02 3.443e+02 155 3 1 3.918e+02 4.062e+02 134 3 4 4.162e+02 4.238e+02 71 3 1 2.969e+02 3.331e+02 336 3 3 3.441e+02 3.699e+02 240 3 4 3.646e+02 3.914e+02 249 3 3 3.821e+02 4.159e+02 315 3 1 3.423e+02 3.717e+02 273 3 1 3.801e+02 4.179e+02 351
9869 6 0 1 1.043e+02 1.057e+02 13 0 3 8.608e+01 1.239e+02 351 2 3 2.079e+01 2.121e+01 4 2 3 9.712e+01 1.129e+02 146 2 2 1.190e+02 1.330e+02 130 2 4 1.095e+02 1.424e+02 306
9870 4 3 3 3.989e+02 3.991e+02 1 3 1 3.965e+02 4.015e+02 46 3 2 4.051e+02 4.349e+02 276 3 4 4.069e+02 4.331e+02 244
9871 11 0 2 6.589e+02 6.851e+02 244 0 4 6.569e+02 6.871e+02 281 0 1 6.246e+02 6.774e+02 490 1 4 6.271e+02 6.329e+02 54 1 2 6.253e+02 6.347e+02 88 2 4 2.485e+02 2.555e+02 65 2 4 2.320e+02 2.720e+02 371 2 3 4.153e+01 8.447e+01 399 2 4 1.072e+02 1.448e+02 349 2 2 2.277e+02 2.763e+02 452 2 4 3.533e+02 4.027e+02 458
9874 12 0 1 5.866e+02 6.314e+02 416 0 2 6.081e+02 6.519e+02 407 0 4 6.104e+02 6.496e+02 364 2 3 8.626e+01 1.237e+02 348 2 2 2.745e+02 3.135e+02 362 2 4 3.554e+02 4.006e+02 419 2 4 2.348e+01 6.052e+01 344 2 2 6.360e+01 1.044e+02 379 2 2 2.115e+01 6.285e+01 387 2 4 6.001e+01 1.080e+02 446 2 1 3.641e+01 8.959e+01 494 2 3 3.798e+01 8.802e+01 465
9876 10 0 2 6.561e+02 6.879e+02 295 0 1 6.338e+02 6.682e+02 320 0 3 6.332e+02 6.688e+02 330 1 1 5.966e+02 6.214e+02 230 1 4 6.195e+02 6.405e+02 195 2 2 4.573e+02 4.667e+02 88 2 4 4.524e+02 4.716e+02 179 2 3 4.733e+02 4.927e+02 180 3 1 4.356e+02 4.464e+02 100 3 2 4.103e+02 4.297e+02 180
9877 7 2 1 5.615e+02 5.725e+02 101 2 3 5.650e+02 5.690e+02 37 2 2 5.295e+02 5.625e+02 306 3 1 3.570e+02 3.570e+02 -15 3 4 3.222e+02 3.498e+02 256 3 3 3.496e+02 3.644e+02 138 3 2 3.654e+02 3.906e+02 235
9878 13 0 3 5.243e+02 5.257e+02 12 0 4 3.730e+02 3.830e+02 92 0 4 3.177e+02 3.543e+02 340 0 1 5.106e+02 5.394e+02 268 0 2 5.295e+02 5.625e+02 307 1 2 5.455e+02 5.465e+02 9 1 1 5.663e+02 5.677e+02 13 1 3 5.629e+02 5.711e+02 76 1 2 5.312e+02 5.608e+02 276 2 3 5.481e+01 7.119e+01 152 2 1 1.949e+00 4.005e+01 354 3 4 4.013e+01 4.387e+01 35 3 4 3.417e+01 4.983e+01 146
9879 0
9880 17 0 4 3.347e+02 3.373e+02 25 0 3 6.088e+02 6.092e+02 3 0 4 6.226e+02 6.374e+02 137 2 3 2.084e+01 2.116e+01 3 2 4 4.143e+01 4.257e+01 10 2 3 1.452e+02 1.488e+02 33 2 1 5.764e+01 6.836e+01 100 2 2 1.615e+02 1.745e+02 121 2 1 1.945e+01 2.255e+01 29 2 4 1.084e+02 1.436e+02 327 2 2 3.834e+01 4.566e+01 68 2 3 5.167e+01 7.433e+01 210 2 3 9.083e+00 3.292e+01 221 2 2 3.107e+01 5.293e+01 203 2 4 2.918e+01 5.482e+01 238 2 1 4.431e+01 8.169e+01 347 2 1 4.372e+00 3.763e+01 309
9883 5 2 4 3.991e+01 4.409e+01 39 2 1 6.293e+01 6.307e+01 1 2 3 5.391e+01 7.209e+01 169 2 1 1.128e+01 3.072e+01 180 2 2 2.883e+01 5.517e+01 245
9884 16 0 1 5.658e+02 5.682e+02 21 0 1 6.478e+02 6.542e+02 59 0 4 4.194e+02 4.206e+02 10 0 1 6.021e+02 6.159e+02 129 0 3 6.507e+02 6.513e+02 6 0 3 6.068e+02 6.112e+02 41 0 4 4.083e+02 4.317e+02 218 0 2 6.129e+02 6.471e+02 318 0 4 6.524e+02 6.916e+02 364 0 4 5.686e+02 6.074e+02 360 0 1 5.905e+02 6.275e+02 343 0 4 6.099e+02 6.501e+02 373 1 4 5.771e+02 5.989e+02 203 1 4 3.679e+02 3.881e+02 187 1 3 5.959e+02 6.221e+02 243 2 3 1.079e+01 3.121e+01 190
9885 1 3 3 4.646e+02 5.014e+02 342
9886 0
9887 17 0 2 6.705e+02 6.735e+02 28 0 2 5.015e+02 5.065e+02 47 0 1 6.051e+02 6.129e+02 73 0 4 6.669e+02 6.771e+02 95 0 4 4.935e+02 5.145e+02 196 0 3 5.107e+02 5.393e+02 266 0 3 6.034e+02 6.146e+02 104 0 1 6.378e+02 6.642e+02 245 0 1 5.068e+02 5.432e+02 339 0 4 6.164e+02 6.436e+02 252 0 4 6.526e+02 6.914e+02 360 0 2 6.142e+02 6.458e+02 294 2 1 5.647e+01 6.953e+01 121 2 4 7.136e+01 9.664e+01 235 2 3 5.404e+01 7.196e+01 166 2 2 2.882e+01 5.518e+01 245 2 4 3.242e+01 5.158e+01 178
9888 37 1 3 5.143e+02 5.357e+02 198 1 4 5.343e+02 5.577e+02 217 2 2 4.067e+01 4.333e+01 25 2 2 4.178e+02 4.222e+02 41 2 3 1.037e+02 1.063e+02 24 2 4 5.855e+02 5.905e+02 46 2 3 2.294e+02 2.326e+02 29 2 3 3.939e+02 4.041e+02 95 2 4 3.718e+02 3.842e+02 115 2 3 5.216e+02 5.284e+02 63 2 1 5.795e+01 6.805e+01 94 2 4 6.284e+02 6.316e+02 30 2 2 1.243e+02 1.277e+02 31 2 3 6.439e+02 6.581e+02 131 2 1 1.760e+02 2.020e+02 241 2 1 4.269e+02 4.551e+02 261 2 2 2.020e+02 2.180e+02 149 2 1 6.036e+02 6.144e+02 100 2 2 2.830e+02 3.050e+02 204 2 2 6.661e+02 6.779e+02 109 2 2 3.655e+02 3.905e+02 232 2 3 5.956e+02 6.224e+02 249 2 4 3.448e+01 4.952e+01 140 2 4 6.190e+02 6.410e+02 204 2 2 1.140e+02 1.380e+02 223 2 2 5.718e+02 6.042e+02 301 2 3 1.767e+02 2.013e+02 228 2 4 2.019e+02 2.181e+02 151 2 4 2.832e+02 3.048e+02 200 2 1 4.839e+01 7.761e+01 271 2 4 6.603e+01 1.020e+02 334 2 1 1.336e+02 1.604e+02 249 2 2 2.356e+02 2.684e+02 306 2 1 3.022e+02 3.278e+02 237 2 1 5.671e+00 3.633e+01 285 2 3 3.058e+02 3.242e+02 171 2 3 3.338e+00 3.866e+01 328
9889 11 0 3 6.506e+02 6.514e+02 7 0 4 2.004e+02 2.196e+02 179 0 2 6.707e+02 6.733e+02 25 0 3 1.789e+02 1.991e+02 188 0 2 6.121e+02 6.479e+02 333 0 4 6.677e+02 6.763e+02 80 0 1 6.463e+02 6.557e+02 88 0 2 6.650e+02 6.790e+02 130 0 4 6.550e+02 6.890e+02 316 2 3 4.410e+02 4.410e+02 0 2 4 4.130e+02 4.270e+02 130
9890 43 0 3 6.203e+01 6.397e+01 18 0 3 4.403e+02 4.417e+02 12 0 1 1.963e+01 2.237e+01 26 0 3 6.072e+02 6.108e+02 34 0 1 6.506e+02 6.514e+02 8 0 2 3.883e+01 4.517e+01 59 0 2 6.235e+02 6.365e+02 120 0 4 6.818e+01 9.982e+01 294 0 4 6.709e+02 6.731e+02 20 0 4 6.273e+02 6.327e+02 50 0 3 6.328e+02 6.692e+02 339 0 4 5.774e+02 5.986e+02 197 0 4 6.161e+02 6.439e+02 259 0 1 5.899e+02 6.281e+02 355 1 4 6.267e+02 6.333e+02 62 1 3 5.183e+02 5.317e+02 125 1 4 5.829e+02 5.931e+02 94 1 1 6.035e+02 6.145e+02 102 1 1 4.265e+02 4.555e+02 270 1 1 5.606e+02 5.734e+02 119 1 3 6.009e+02 6.171e+02 150 1 2 5.758e+02 6.002e+02 227 1 2 6.187e+02 6.413e+02 210 1 3 5.957e+02 6.223e+02 246 1 2 6.127e+02 6.473e+02 322 1 4 6.141e+02 6.459e+02 296 2 2 3.991e+01 4.409e+01 39 2 4 3.266e+02 3.454e+02 176 2 4 4.591e+02 4.649e+02 53 2 4 4.054e+01 4.346e+01 27 2 4 4.504e+02 4.736e+02 215 2 4 2.077e+02 2.123e+02 42 2 4 3.706e+02 3.854e+02 138 2 1 1.415e+01 2.785e+01 127 2 2 1.132e+02 1.388e+02 237 2 3 2.188e+02 2.432e+02 226 2 1 5.238e+01 7.362e+01 197 2 4 6.791e+01 1.001e+02 299 2 1 2.183e+02 2.437e+02 236 2 3 5.036e+01 7.564e+01 235 2 2 1.924e+02 2.276e+02 327 2 3 7.468e+00 3.453e+01 251 2 2 2.297e+02 2.743e+02 414
9892 1 0 2 3.354e+02 3.366e+02 10
9893 18 0 2 5.438e+02 5.482e+02 41 0 1 5.515e+02 5.825e+02 288 1 4 5.409e+02 5.511e+02 95 1 3 5.162e+02 5.338e+02 164 2 2 2.513e+02 2.527e+02 13 2 4 1.260e+02 1.260e+02 -20 2 3 3.951e+02 4.029e+02 72 2 1 1.870e+02 1.910e+02 37 2 4 5.436e+02 5.484e+02 44 2 4 3.709e+02 3.851e+02 132 2 2 4.200e+02 4.200e+02 -7 2 4 2.362e+02 2.678e+02 294 2 3 5.634e+02 5.706e+02 67 2 2 3.614e+02 3.946e+02 309 2 2 5.773e+02 5.987e+02 199 2 3 1.313e+02 1.627e+02 292 2 1 4.304e+02 4.516e+02 196 3 2 2.361e+02 2.679e+02 296
9895 0
