9572 0
9574 1 1 4 6.136e+02 6.464e+02 305
9575 8 0 4 2.931e+02 2.949e+02 16 0 3 2.632e+02 2.828e+02 181 1 3 6.090e+02 6.090e+02 -12 1 2 5.783e+02 5.977e+02 180 1 1 5.479e+02 5.861e+02 355 2 2 4.161e+01 4.239e+01 7 2 4 3.547e+01 4.853e+01 121 2 3 5.122e+01 7.478e+01 219
9576 0
9580 9 0 2 6.708e+02 6.732e+02 23 0 1 5.967e+02 6.213e+02 228 0 3 5.983e+02 6.197e+02 199 0 4 5.709e+02 6.051e+02 317 2 3 3.122e+02 3.178e+02 51 2 2 3.336e+02 3.384e+02 46 2 4 4.139e+02 4.261e+02 113 2 1 4.700e+01 7.900e+01 297 2 3 3.855e+02 4.125e+02 250
9581 6 2 4 1.680e+02 1.680e+02 -20 2 2 2.498e+02 2.542e+02 41 2 1 1.801e+01 2.399e+01 56 2 3 2.204e+02 2.416e+02 197 2 4 2.379e+02 2.661e+02 261 2 1 2.547e+02 2.913e+02 340
9582 2 0 2 6.548e+02 6.892e+02 320 0 4 6.527e+02 6.913e+02 358
9583 6 1 4 6.293e+02 6.307e+02 14 1 2 6.117e+02 6.483e+02 340 2 3 1.016e+02 1.084e+02 64 2 1 6.420e+02 6.600e+02 168 2 2 8.092e+01 8.708e+01 57 2 4 6.813e+01 9.987e+01 295
9584 66 0 3 3.986e+02 3.994e+02 7 0 1 4.825e+02 4.835e+02 10 0 3 5.250e+02 5.250e+02 -15 0 2 3.658e+02 3.902e+02 227 0 1 6.084e+02 6.096e+02 11 0 4 3.649e+02 3.911e+02 243 0 2 6.714e+02 6.726e+02 11 0 3 4.810e+02 4.850e+02 36 0 1 5.183e+02 5.317e+02 125 0 3 6.090e+02 6.090e+02 -3 0 4 6.720e+02 6.720e+02 -7 0 2 5.040e+02 5.040e+02 -5 0 1 5.117e+02 5.383e+02 246 0 2 6.230e+02 6.370e+02 130 0 1 6.486e+02 6.534e+02 44 0 4 4.041e+02 4.359e+02 296 0 4 4.958e+02 5.122e+02 152 0 3 5.118e+02 5.382e+02 245 0 4 6.227e+02 6.373e+02 136 0 3 6.486e+02 6.534e+02 45 0 2 4.498e+02 4.742e+02 227 0 2 6.149e+02 6.451e+02 280 0 3 6.392e+02 6.628e+02 219 0 2 4.875e+02 5.205e+02 306 0 2 6.615e+02 6.825e+02 196 1 4 5.459e+02 5.461e+02 2 1 2 6.300e+02 6.300e+02 0 1 4 1.248e+02 1.272e+02 23 1 4 6.300e+02 6.300e+02 -19 1 2 5.812e+02 5.948e+02 126 1 4 1.489e+02 1.871e+02 356 1 3 6.051e+02 6.129e+02 72 1 4 5.784e+02 5.976e+02 179 1 3 5.930e+02 6.250e+02 298 1 4 5.322e+02 5.598e+02 256 1 2 6.163e+02 6.437e+02 254 1 1 5.476e+02 5.864e+02 360 2 3 6.090e+02 6.090e+02 -6 2 1 6.469e+02 6.551e+02 76 2 4 8.106e+01 8.694e+01 55 2 2 6.296e+02 6.304e+02 8 2 3 1.865e+02 1.915e+02 47 2 2 6.671e+02 6.769e+02 91 2 4 5.813e+02 5.947e+02 124 2 3 1.034e+02 1.066e+02 30 2 4 6.136e+02 6.464e+02 304 2 3 1.429e+02 1.511e+02 76 2 3 6.340e+02 6.680e+02 316 2 3 5.909e+02 6.271e+02 336 2 2 1.237e+02 1.283e+02 43 2 4 6.535e+02 6.905e+02 344 2 4 1.650e+02 1.710e+02 56 2 4 1.212e+02 1.308e+02 90 2 3 1.360e+02 1.580e+02 205 2 1 1.631e+01 2.569e+01 87 2 4 7.379e+01 9.421e+01 190 2 3 1.754e+02 2.026e+02 252 2 3 1.985e+01 2.215e+01 21 2 2 1.093e+02 1.427e+02 310 2 1 1.320e+02 1.620e+02 279 2 2 3.421e+01 4.979e+01 145 2 4 1.060e+02 1.459e+02 370 2 1 5.185e+01 7.415e+01 207 2 3 4.749e+01 7.851e+01 288 3 2 4.195e+02 4.205e+02 9 3 1 4.279e+02 4.541e+02 243
9586 0
9591 21 0 1 6.499e+02 6.521e+02 20 0 2 6.694e+02 6.746e+02 48 0 2 6.193e+02 6.407e+02 198 0 4 6.711e+02 6.729e+02 16 0 4 6.149e+02 6.451e+02 280 0 3 6.424e+02 6.596e+02 160 0 2 6.632e+02 6.808e+02 164 0 1 6.402e+02 6.618e+02 201 0 3 6.358e+02 6.662e+02 283 0 2 6.580e+02 6.860e+02 260 0 4 6.585e+02 6.855e+02 251 0 1 6.322e+02 6.698e+02 350 1 3 5.615e+02 5.725e+02 101 1 2 5.312e+02 5.608e+02 276 1 4 5.329e+02 5.591e+02 244 2 4 7.908e+01 8.892e+01 91 2 1 1.461e+02 1.479e+02 17 2 4 1.167e+02 1.353e+02 172 2 3 1.468e+02 1.472e+02 5 2 2 1.078e+02 1.442e+02 338 2 4 1.620e+02 1.740e+02 112
9592 37 0 1 4.788e+02 4.872e+02 77 0 4 3.307e+02 3.413e+02 99 0 2 5.427e+02 5.493e+02 60 0 3 4.757e+02 4.903e+02 136 0 2 4.904e+02 5.176e+02 252 0 4 4.907e+02 5.173e+02 246 0 3 5.488e+02 5.852e+02 338 1 1 5.980e+02 6.200e+02 205 2 2 1.670e+02 1.690e+02 19 2 1 6.487e+02 6.533e+02 42 2 3 2.299e+02 2.321e+02 20 2 1 3.967e+02 4.013e+02 43 2 4 3.709e+02 3.851e+02 132 2 3 6.430e+02 6.590e+02 148 2 4 4.117e+01 4.283e+01 16 2 3 3.872e+02 4.108e+02 220 2 4 1.233e+02 1.287e+02 50 2 2 6.617e+02 6.823e+02 191 2 1 1.861e+02 1.919e+02 53 2 4 6.568e+02 6.872e+02 282 2 2 2.474e+02 2.566e+02 85 2 2 3.646e+02 3.914e+02 250 2 3 5.319e+01 7.281e+01 182 2 2 1.158e+02 1.362e+02 189 2 1 1.393e+02 1.547e+02 142 2 2 2.034e+02 2.166e+02 123 2 1 1.173e+01 3.027e+01 172 2 2 6.809e+01 9.991e+01 296 2 3 1.406e+02 1.534e+02 118 2 4 2.076e+02 2.124e+02 46 2 1 4.475e+01 8.125e+01 339 2 4 6.665e+01 1.013e+02 322 2 1 1.305e+02 1.635e+02 307 2 3 2.115e+02 2.505e+02 361 2 4 1.099e+02 1.421e+02 300 2 4 1.517e+02 1.843e+02 302 2 4 2.348e+02 2.692e+02 319
9593 1 1 4 7.904e+01 8.896e+01 92
9594 5 0 4 5.825e+02 5.935e+02 103 0 1 6.038e+02 6.142e+02 97 0 3 6.004e+02 6.176e+02 159 0 2 6.159e+02 6.441e+02 262 0 4 6.184e+02 6.416e+02 216
9595 19 0 2 6.619e+02 6.821e+02 187 0 4 6.614e+02 6.826e+02 196 2 1 6.060e+02 6.120e+02 56 2 3 6.489e+02 6.531e+02 39 2 4 6.294e+02 6.306e+02 10 2 1 6.423e+02 6.597e+02 162 2 1 5.930e+02 6.250e+02 296 2 2 6.561e+02 6.879e+02 295 3 2 5.031e+02 5.049e+02 17 3 4 4.148e+02 4.252e+02 96 3 4 5.012e+02 5.068e+02 51 3 2 5.377e+02 5.543e+02 155 3 1 5.222e+02 5.278e+02 52 3 1 5.625e+02 5.715e+02 84 3 3 5.156e+02 5.344e+02 175 3 4 5.315e+02 5.605e+02 270 3 1 4.673e+02 4.987e+02 291 3 3 4.681e+02 4.979e+02 276 3 3 5.090e+02 5.410e+02 296
9597 1 2 2 7.047e+01 9.753e+01 251
9599 0
9603 3 2 2 7.899e+01 8.901e+01 93 2 4 7.307e+01 9.493e+01 203 2 3 4.807e+01 7.793e+01 277
9604 0
9605 68 0 1 6.510e+02 6.510e+02 -3 0 1 5.657e+02 5.683e+02 24 0 4 5.863e+02 5.897e+02 32 0 3 6.485e+02 6.535e+02 46 0 4 4.176e+02 4.224e+02 45 0 2 6.263e+02 6.337e+02 70 0 2 6.712e+02 6.728e+02 15 0 3 3.839e+02 4.141e+02 280 0 4 6.280e+02 6.320e+02 38 0 4 6.705e+02 6.735e+02 28 0 3 5.943e+02 6.237e+02 273 0 3 6.327e+02 6.693e+02 340 0 1 5.951e+02 6.229e+02 259 0 2 6.529e+02 6.911e+02 354 0 1 6.313e+02 6.707e+02 366 1 1 5.641e+02 5.699e+02 53 1 1 6.084e+02 6.096e+02 10 1 3 5.194e+02 5.306e+02 104 1 3 6.087e+02 6.093e+02 6 1 2 5.773e+02 5.987e+02 200 1 2 6.249e+02 6.351e+02 96 1 4 5.703e+02 6.057e+02 329 1 4 6.291e+02 6.309e+02 17 2 3 1.981e+01 2.219e+01 22 2 3 1.017e+02 1.083e+02 61 2 3 5.705e+01 6.895e+01 110 2 2 1.249e+02 1.271e+02 20 2 3 3.931e+02 4.049e+02 109 2 3 1.862e+02 1.918e+02 52 2 4 4.977e+02 5.103e+02 117 2 2 2.095e+02 2.105e+02 9 2 1 5.177e+02 5.323e+02 136 2 3 2.669e+02 2.791e+02 113 2 4 3.700e+02 3.860e+02 148 2 2 4.150e+02 4.250e+02 93 2 1 2.070e+01 2.130e+01 6 2 2 4.913e+02 5.167e+02 236 2 4 8.101e+01 8.699e+01 56 2 3 5.171e+02 5.329e+02 146 2 1 1.450e+02 1.490e+02 36 2 2 3.812e+01 4.588e+01 72 2 1 4.292e+02 4.528e+02 219 2 4 1.184e+02 1.336e+02 141 2 4 4.851e+02 5.229e+02 350 2 4 1.530e+02 1.830e+02 279 2 2 5.405e+02 5.515e+02 103 2 4 3.533e+01 4.867e+01 124 2 2 7.164e+01 9.636e+01 230 2 2 4.061e+02 4.339e+02 259 2 3 5.449e+00 3.655e+01 289 2 4 5.271e+02 5.649e+02 350 2 2 2.717e+01 5.683e+01 276 2 1 4.228e+02 4.592e+02 339 2 1 4.682e+01 7.918e+01 300 3 3 1.046e+02 1.054e+02 7 3 2 2.511e+02 2.529e+02 17 3 3 1.940e+01 2.260e+01 30 3 1 1.032e+02 1.068e+02 33 3 3 5.961e+01 6.639e+01 63 3 2 2.091e+02 2.109e+02 16 3 3 2.671e+02 2.789e+02 109 3 2 1.676e+02 1.684e+02 7 3 1 1.275e+02 1.665e+02 362 3 2 4.022e+01 4.378e+01 33 3 2 1.528e+02 1.832e+02 283 3 3 2.554e+02 2.906e+02 326 3 1 5.907e+01 6.693e+01 73 3 1 5.077e+01 7.523e+01 227
9606 12 0 4 6.300e+02 6.300e+02 -9 0 4 5.861e+02 5.899e+02 35 0 2 6.252e+02 6.348e+02 89 0 1 5.955e+02 6.225e+02 251 1 4 6.299e+02 6.301e+02 2 1 1 6.063e+02 6.117e+02 50 1 4 5.788e+02 5.972e+02 171 1 4 6.153e+02 6.447e+02 272 1 4 6.087e+02 6.513e+02 396 2 4 2.093e+02 2.107e+02 13 2 1 1.622e+01 2.578e+01 89 3 4 3.722e+01 4.678e+01 89
9609 4 1 3 6.079e+02 6.101e+02 21 1 2 6.268e+02 6.332e+02 59 1 4 6.240e+02 6.360e+02 110 1 4 6.145e+02 6.455e+02 287
9610 10 0 1 6.038e+02 6.142e+02 97 0 3 6.041e+02 6.139e+02 90 0 4 6.188e+02 6.412e+02 207 0 2 6.130e+02 6.470e+02 316 2 3 1.667e+01 2.533e+01 80 2 1 1.550e+01 2.650e+01 102 2 2 3.327e+01 5.073e+01 162 2 4 1.126e+02 1.394e+02 248 2 4 2.739e+01 5.661e+01 271 2 1 6.391e+00 3.561e+01 271
9612 8 0 4 6.213e+02 6.387e+02 161 0 2 6.686e+02 6.754e+02 64 0 1 5.975e+02 6.205e+02 214 0 4 6.634e+02 6.806e+02 159 0 3 6.016e+02 6.164e+02 138 0 3 6.340e+02 6.680e+02 316 0 4 5.720e+02 6.040e+02 296 0 4 6.533e+02 6.907e+02 346
9613 0
9616 4 1 4 2.057e+02 2.143e+02 80 1 2 2.057e+02 2.143e+02 80 1 1 1.731e+02 2.049e+02 296 1 3 1.742e+02 2.038e+02 275
9617 22 0 2 2.922e+02 2.958e+02 33 0 2 6.674e+02 6.766e+02 86 0 4 6.196e+02 6.404e+02 194 0 4 6.687e+02 6.753e+02 60 0 4 2.751e+02 3.129e+02 350 0 4 4.071e+02 4.329e+02 240 0 1 6.403e+02 6.617e+02 200 0 3 3.801e+02 4.179e+02 350 0 3 6.376e+02 6.644e+02 249 2 1 2.084e+01 2.116e+01 3 2 2 3.955e+01 4.445e+01 46 2 3 4.409e+02 4.411e+02 2 2 2 7.940e+01 8.860e+01 86 2 4 4.113e+02 4.287e+02 162 2 3 5.611e+01 6.989e+01 128 2 2 4.525e+02 4.715e+02 176 2 4 7.258e+01 9.542e+01 212 2 3 4.305e+02 4.515e+02 196 2 3 1.882e+01 2.318e+01 40 2 1 4.228e+02 4.592e+02 337 2 4 2.883e+01 5.517e+01 245 2 1 4.404e+01 8.196e+01 352
