47037 0
47041 0
47042 24 0 2 2.757e+02 3.123e+02 340 0 2 6.706e+02 6.734e+02 26 0 3 2.480e+02 2.980e+02 465 0 4 6.687e+02 6.753e+02 60 1 2 3.664e+02 3.896e+02 215 1 2 3.197e+02 3.523e+02 303 2 4 5.445e+02 5.475e+02 27 2 1 6.167e+01 6.433e+01 25 2 4 6.710e+02 6.730e+02 19 2 3 1.865e+02 1.915e+02 47 2 2 4.620e+02 4.620e+02 -6 2 4 3.462e+01 4.938e+01 137 2 3 5.192e+02 5.308e+02 108 2 4 1.164e+02 1.356e+02 179 2 4 6.194e+02 6.406e+02 196 2 3 1.454e+02 1.486e+02 30 2 2 5.405e+02 5.515e+02 102 2 3 5.445e+01 7.155e+01 159 2 4 4.853e+02 5.227e+02 347 2 2 7.199e+01 9.601e+01 223 2 4 5.328e+02 5.592e+02 245 2 1 1.626e+02 2.154e+02 490 2 4 5.264e+02 5.656e+02 365 2 2 2.941e+01 5.459e+01 234
47044 15 0 3 6.061e+02 6.119e+02 54 0 3 6.489e+02 6.531e+02 39 0 1 5.965e+02 6.215e+02 231 0 4 6.633e+02 6.807e+02 161 0 4 5.697e+02 6.063e+02 340 1 3 6.032e+02 6.148e+02 107 1 4 6.179e+02 6.421e+02 224 2 4 8.213e+01 8.587e+01 35 2 3 5.566e+01 7.034e+01 136 2 4 4.992e+02 5.088e+02 90 2 2 7.940e+01 8.860e+01 86 2 4 4.580e+02 4.660e+02 75 2 2 2.847e+01 5.553e+01 251 2 3 8.667e+01 1.233e+02 340 2 4 2.784e+01 5.616e+01 263
47045 34 0 1 1.852e+02 1.928e+02 70 0 1 4.812e+02 4.848e+02 33 0 3 6.068e+02 6.112e+02 41 0 1 2.592e+02 2.868e+02 257 0 1 6.069e+02 6.111e+02 39 0 2 6.666e+02 6.774e+02 100 0 2 2.010e+02 2.190e+02 166 0 3 3.824e+02 4.156e+02 309 0 3 1.708e+02 2.072e+02 338 0 4 4.916e+02 5.164e+02 230 0 4 2.004e+02 2.196e+02 179 0 1 5.948e+02 6.232e+02 264 0 4 6.650e+02 6.790e+02 130 0 2 4.878e+02 5.202e+02 301 0 4 5.691e+02 6.069e+02 350 0 1 6.412e+02 6.608e+02 182 0 3 6.391e+02 6.629e+02 220 0 2 6.587e+02 6.853e+02 247 1 2 6.247e+02 6.353e+02 98 1 4 6.226e+02 6.374e+02 137 1 4 6.134e+02 6.466e+02 309 2 4 2.496e+02 2.544e+02 45 2 1 2.707e+02 2.753e+02 43 2 3 6.176e+01 6.424e+01 23 2 3 1.884e+02 1.896e+02 11 2 1 5.781e+01 6.819e+01 96 2 4 1.200e+02 1.320e+02 112 2 3 1.459e+02 1.481e+02 21 2 2 2.361e+02 2.679e+02 295 2 3 2.611e+02 2.849e+02 220 2 2 6.611e+01 1.019e+02 332 2 4 1.654e+02 1.706e+02 49 2 4 2.506e+01 5.894e+01 315 2 2 1.560e+02 1.800e+02 222
47046 0
47047 12 0 1 6.090e+02 6.090e+02 -4 1 1 6.065e+02 6.115e+02 46 1 3 6.019e+02 6.161e+02 131 1 2 5.755e+02 6.005e+02 231 1 4 6.213e+02 6.387e+02 162 1 2 6.185e+02 6.415e+02 213 2 2 4.612e+02 4.628e+02 15 2 3 5.332e+01 7.268e+01 180 2 1 4.742e+02 4.918e+02 163 2 2 7.940e+01 8.860e+01 86 2 4 6.620e+01 1.018e+02 330 3 3 6.504e+02 6.516e+02 10
47049 8 0 4 5.878e+02 5.882e+02 3 0 3 5.976e+02 6.204e+02 211 0 3 5.543e+02 5.797e+02 236 0 2 6.560e+02 6.880e+02 298 1 1 6.090e+02 6.090e+02 -5 1 2 6.133e+02 6.467e+02 310 2 1 1.052e+01 3.148e+01 195 2 3 4.954e+00 3.705e+01 298
47051 12 2 4 4.107e+01 4.293e+01 17 2 4 4.154e+02 4.246e+02 86 2 2 1.229e+02 1.291e+02 57 2 1 1.443e+02 1.497e+02 50 2 4 4.085e+02 4.315e+02 213 2 4 2.041e+02 2.159e+02 110 2 2 4.468e+02 4.772e+02 283 2 3 8.859e+01 1.214e+02 305 2 4 4.012e+02 4.388e+02 350 2 1 4.693e+02 4.967e+02 255 2 3 4.226e+02 4.594e+02 341 2 2 3.997e+02 4.403e+02 377
47052 6 0 2 4.600e+02 4.640e+02 38 0 2 5.415e+02 5.505e+02 84 0 4 5.018e+02 5.062e+02 41 0 1 5.650e+02 5.690e+02 36 2 3 3.082e+02 3.218e+02 126 2 1 2.717e+02 2.743e+02 24
47054 6 0 2 5.404e+02 5.516e+02 105 0 3 5.608e+02 5.732e+02 115 0 4 5.748e+02 6.012e+02 246 0 1 5.469e+02 5.871e+02 373 0 3 5.859e+02 6.321e+02 429 0 1 5.824e+02 6.356e+02 494
47056 0
47060 6 0 4 6.232e+02 6.368e+02 127 0 2 4.594e+02 4.646e+02 49 0 3 6.029e+02 6.151e+02 114 0 4 5.738e+02 6.022e+02 265 0 2 4.419e+02 4.821e+02 373 0 1 5.971e+02 6.209e+02 220
47062 6 1 2 2.940e+02 2.940e+02 -14 1 3 2.649e+02 2.811e+02 150 1 2 2.816e+02 3.064e+02 230 1 4 1.653e+02 1.707e+02 50 1 4 1.996e+02 2.204e+02 193 1 4 1.585e+02 1.775e+02 177
47063 0
47064 35 0 1 6.504e+02 6.516e+02 10 0 3 1.871e+02 1.909e+02 35 0 4 6.207e+02 6.393e+02 173 0 1 1.770e+02 2.010e+02 223 0 3 6.506e+02 6.514e+02 7 0 4 2.007e+02 2.193e+02 173 0 1 5.191e+02 5.309e+02 110 0 2 1.523e+02 1.837e+02 291 0 4 5.819e+02 5.941e+02 114 0 2 6.692e+02 6.748e+02 51 0 2 5.394e+02 5.526e+02 123 0 2 6.211e+02 6.389e+02 165 0 4 6.701e+02 6.739e+02 36 0 3 5.092e+02 5.408e+02 294 0 1 5.907e+02 6.273e+02 340 0 1 6.404e+02 6.616e+02 197 0 4 6.618e+02 6.822e+02 190 1 2 4.591e+02 4.649e+02 54 2 2 4.170e+01 4.230e+01 6 2 3 1.456e+02 1.484e+02 26 2 3 3.944e+02 4.036e+02 86 2 3 3.555e+02 3.585e+02 27 2 4 3.762e+01 4.638e+01 81 2 3 3.848e+02 4.132e+02 265 2 4 7.908e+01 8.892e+01 91 2 2 1.567e+02 1.793e+02 210 2 4 3.240e+02 3.480e+02 222 2 3 1.774e+01 2.426e+01 60 2 3 9.470e+01 1.153e+02 191 2 1 1.704e+02 2.076e+02 346 2 1 4.641e+00 3.736e+01 304 2 2 7.253e+01 9.547e+01 213 2 1 1.284e+02 1.656e+02 346 2 3 7.108e+00 3.489e+01 258 2 1 4.417e+01 8.183e+01 350
47065 5 1 2 6.127e+02 6.473e+02 320 2 2 1.109e+02 1.411e+02 280 2 3 8.339e+01 1.266e+02 401 2 2 1.040e+02 1.480e+02 408 2 4 1.025e+02 1.495e+02 436
47069 0
47072 2 1 2 1.582e+02 1.778e+02 182 1 1 2.554e+02 2.906e+02 327
47073 9 0 1 6.471e+02 6.549e+02 73 0 2 6.659e+02 6.781e+02 113 0 4 6.534e+02 6.906e+02 345 2 3 1.050e+02 1.050e+02 -14 2 4 8.007e+01 8.793e+01 73 2 1 8.632e+00 3.337e+01 230 2 2 1.151e+02 1.369e+02 203 2 2 7.410e+01 9.390e+01 184 2 3 9.447e+01 1.155e+02 196
47074 16 0 4 6.298e+02 6.302e+02 3 0 2 5.040e+02 5.040e+02 -10 0 1 6.075e+02 6.105e+02 28 0 3 5.982e+02 6.198e+02 201 0 2 6.638e+02 6.802e+02 153 0 3 5.080e+02 5.420e+02 316 0 2 6.201e+02 6.399e+02 185 0 4 6.604e+02 6.836e+02 215 0 3 4.823e+02 4.837e+02 14 0 4 6.155e+02 6.445e+02 270 0 3 6.353e+02 6.667e+02 292 0 4 4.981e+02 5.099e+02 110 0 1 4.698e+02 4.962e+02 245 0 2 4.475e+02 4.765e+02 269 2 4 4.200e+02 4.200e+02 -2 2 1 1.061e+01 3.139e+01 193
47075 1 0 3 5.028e+02 5.472e+02 412
47076 14 0 2 6.186e+02 6.414e+02 211 0 1 6.376e+02 6.644e+02 250 0 4 6.203e+02 6.397e+02 180 0 3 6.394e+02 6.626e+02 215 1 2 6.268e+02 6.332e+02 59 1 4 6.244e+02 6.356e+02 105 2 3 6.091e+01 6.509e+01 39 2 1 5.503e+01 7.097e+01 148 2 2 6.629e+01 1.017e+02 329 2 4 6.436e+01 1.036e+02 365 3 1 1.074e+01 3.126e+01 190 3 2 3.129e+01 5.271e+01 199 3 3 1.281e+01 2.919e+01 152 3 4 3.017e+01 5.383e+01 220
47077 7 1 3 5.218e+02 5.282e+02 59 1 2 4.884e+02 5.196e+02 290 1 4 3.622e+02 3.938e+02 293 1 2 5.355e+02 5.565e+02 196 1 1 5.096e+02 5.404e+02 286 1 4 5.270e+02 5.650e+02 353 2 3 -3.349e+00 4.535e+01 452
47079 0
47080 22 0 1 3.150e+02 3.150e+02 -14 0 4 3.763e+02 3.797e+02 32 0 1 5.225e+02 5.275e+02 46 0 2 3.311e+02 3.409e+02 91 0 3 6.043e+02 6.137e+02 88 0 1 6.489e+02 6.531e+02 40 0 1 3.547e+02 3.593e+02 42 0 3 5.185e+02 5.315e+02 120 0 2 3.245e+02 3.475e+02 213 0 2 6.211e+02 6.389e+02 166 0 3 6.474e+02 6.546e+02 67 0 4 3.286e+02 3.434e+02 138 0 4 6.237e+02 6.363e+02 116 0 2 3.663e+02 3.897e+02 217 0 2 6.649e+02 6.791e+02 131 0 1 5.983e+02 6.197e+02 199 0 4 6.626e+02 6.814e+02 174 0 3 5.958e+02 6.222e+02 245 1 4 5.332e+02 5.588e+02 238 1 1 5.940e+02 6.240e+02 278 1 2 6.109e+02 6.491e+02 356 2 3 5.113e+01 7.487e+01 220
47084 0
