23172 2 0 4 6.050e+02 6.550e+02 464 2 4 6.225e+01 1.057e+02 404
23174 0
23175 12 0 4 6.600e+02 6.840e+02 222 2 1 1.854e+02 1.926e+02 66 2 3 3.134e+02 3.166e+02 30 2 3 4.364e+02 4.456e+02 85 2 1 1.801e+01 2.399e+01 56 2 1 4.799e+02 4.861e+02 58 2 4 1.648e+02 1.712e+02 59 2 2 4.926e+02 5.154e+02 212 2 1 6.212e+00 3.579e+01 275 2 4 4.431e+02 4.809e+02 350 2 2 1.528e+02 1.832e+02 283 2 3 1.740e+02 2.040e+02 278
23176 55 0 3 1.886e+01 2.314e+01 40 0 3 4.824e+02 4.836e+02 10 0 2 2.916e+02 2.964e+02 46 0 2 5.451e+02 5.469e+02 16 0 1 6.055e+01 6.545e+01 46 0 3 6.067e+02 6.113e+02 43 0 4 2.855e+02 3.025e+02 157 0 3 6.506e+02 6.514e+02 7 0 1 2.571e+02 2.889e+02 295 0 1 4.761e+02 4.899e+02 129 0 3 5.571e+02 5.769e+02 185 0 4 6.131e+02 6.469e+02 313 0 2 6.712e+02 6.728e+02 16 0 3 4.717e+02 4.943e+02 210 0 1 5.129e+02 5.371e+02 226 0 4 6.649e+02 6.791e+02 131 0 4 4.856e+02 5.224e+02 341 0 3 5.112e+02 5.388e+02 256 0 1 6.379e+02 6.641e+02 244 0 2 4.462e+02 4.778e+02 293 0 2 6.552e+02 6.888e+02 311 0 3 4.648e+02 5.012e+02 337 0 4 6.522e+02 6.918e+02 368 1 1 3.550e+02 3.590e+02 36 1 4 5.867e+02 5.893e+02 25 1 2 6.298e+02 6.302e+02 3 1 4 3.630e+02 3.930e+02 278 1 3 5.618e+02 5.722e+02 96 1 4 6.269e+02 6.331e+02 57 1 1 6.024e+02 6.156e+02 122 1 3 5.969e+02 6.211e+02 224 1 1 5.895e+02 6.285e+02 361 2 4 4.617e+02 4.623e+02 6 2 1 2.289e+02 2.331e+02 39 2 4 5.420e+02 5.500e+02 74 2 2 3.251e+01 5.149e+01 176 2 3 6.065e+02 6.115e+02 46 2 4 2.057e+02 2.143e+02 80 2 3 6.499e+02 6.521e+02 20 2 4 2.986e+01 5.414e+01 226 2 2 1.120e+02 1.400e+02 260 2 4 4.155e+02 4.245e+02 84 2 4 1.515e+02 1.845e+02 306 2 4 5.031e+02 5.049e+02 17 2 2 6.468e+01 1.033e+02 359 2 3 5.664e+02 5.676e+02 11 2 3 4.337e+02 4.483e+02 136 2 3 5.203e+02 5.297e+02 88 2 2 5.742e+02 6.018e+02 256 2 3 6.330e+02 6.690e+02 334 2 3 5.502e+02 5.838e+02 311 2 3 5.890e+02 6.290e+02 371 3 1 4.289e+02 4.531e+02 225 3 2 3.780e+01 4.620e+01 78 3 1 1.285e+01 2.915e+01 151
23178 7 0 2 5.459e+02 5.461e+02 2 0 1 2.268e+02 2.352e+02 79 0 1 2.640e+02 2.820e+02 167 0 2 2.430e+02 2.610e+02 168 0 3 2.597e+02 2.863e+02 246 0 4 2.402e+02 2.638e+02 219 0 3 2.110e+02 2.510e+02 371
23184 1 2 1 5.945e+02 6.235e+02 269
23185 0
23189 2 0 4 4.200e+02 4.200e+02 -0 1 4 6.131e+02 6.469e+02 313
23192 2 0 4 4.132e+02 4.268e+02 126 0 3 3.866e+02 4.114e+02 230
23194 8 0 1 5.643e+02 5.697e+02 50 0 2 6.680e+02 6.760e+02 75 0 3 5.615e+02 5.725e+02 102 0 4 5.771e+02 5.989e+02 203 0 4 6.690e+02 6.750e+02 56 0 1 6.437e+02 6.583e+02 136 0 3 6.393e+02 6.627e+02 217 0 4 6.537e+02 6.903e+02 340
23195 7 0 1 5.564e+02 5.776e+02 197 0 4 5.862e+02 5.898e+02 33 0 2 6.677e+02 6.763e+02 80 0 3 5.578e+02 5.762e+02 170 0 4 6.644e+02 6.796e+02 140 0 2 5.308e+02 5.612e+02 283 2 4 2.002e+02 2.198e+02 181
23196 38 0 4 3.769e+02 3.791e+02 20 0 1 4.796e+02 4.864e+02 63 0 2 3.737e+02 3.823e+02 80 0 2 6.225e+02 6.375e+02 140 0 1 6.398e+02 6.622e+02 208 0 4 4.511e+02 4.729e+02 203 0 1 3.396e+02 3.744e+02 324 0 4 6.234e+02 6.366e+02 122 0 2 4.911e+02 5.169e+02 240 0 3 6.372e+02 6.648e+02 256 2 3 4.813e+02 4.847e+02 32 2 4 2.100e+02 2.100e+02 -5 2 3 6.087e+02 6.093e+02 6 2 4 2.912e+02 2.968e+02 51 2 4 5.024e+02 5.056e+02 30 2 4 3.906e+01 4.494e+01 55 2 2 6.170e+02 6.430e+02 240 2 2 1.254e+02 1.266e+02 11 2 4 6.645e+02 6.795e+02 140 2 3 1.887e+02 1.893e+02 6 2 4 4.521e+02 4.719e+02 183 2 1 2.298e+02 2.322e+02 23 2 4 5.695e+02 6.065e+02 344 2 1 3.135e+02 3.165e+02 28 2 4 6.100e+02 6.500e+02 370 2 1 1.770e+01 2.430e+01 61 2 1 1.764e+02 2.016e+02 234 2 3 2.300e+02 2.320e+02 18 2 3 2.681e+02 2.779e+02 90 2 2 3.704e+01 4.696e+01 92 2 3 2.203e+02 2.417e+02 200 2 3 3.051e+02 3.249e+02 184 2 3 6.122e+00 3.588e+01 276 2 2 2.411e+02 2.629e+02 202 2 2 2.807e+02 3.073e+02 247 2 4 2.408e+02 2.632e+02 209 2 1 2.533e+02 2.927e+02 366 2 2 2.004e+02 2.196e+02 179
23197 6 0 2 2.466e+02 2.574e+02 100 2 3 4.830e+02 4.830e+02 -22 2 4 1.237e+02 1.283e+02 43 2 2 4.859e+02 5.221e+02 336 3 1 2.084e+01 2.116e+01 3 3 1 1.007e+01 3.193e+01 203
23199 0
23202 6 0 4 5.880e+02 5.880e+02 -24 0 4 6.300e+02 6.300e+02 -19 0 3 5.585e+02 5.755e+02 157 0 1 6.009e+02 6.171e+02 150 0 3 6.408e+02 6.612e+02 190 0 3 6.052e+02 6.128e+02 70
23204 9 0 2 6.706e+02 6.734e+02 26 0 4 6.696e+02 6.744e+02 44 0 1 6.413e+02 6.607e+02 180 0 1 6.319e+02 6.701e+02 356 2 3 1.415e+02 1.525e+02 102 2 2 1.604e+02 1.756e+02 140 2 1 1.833e+02 1.947e+02 106 2 4 1.500e+02 1.860e+02 335 2 1 1.735e+02 2.045e+02 287
23205 4 0 3 6.506e+02 6.514e+02 7 0 1 6.488e+02 6.532e+02 40 0 2 6.138e+02 6.462e+02 301 2 2 3.443e+01 4.957e+01 140
23206 20 0 4 2.086e+02 2.114e+02 26 0 1 6.446e+02 6.574e+02 118 0 3 1.794e+02 1.986e+02 178 0 2 6.149e+02 6.451e+02 280 0 3 6.450e+02 6.570e+02 112 0 2 1.489e+02 1.871e+02 354 1 2 6.188e+02 6.412e+02 208 1 4 4.940e+02 5.140e+02 186 1 1 5.895e+02 6.285e+02 361 2 3 1.245e+01 2.955e+01 159 2 4 1.257e+02 1.263e+02 5 2 1 1.440e+02 1.500e+02 56 2 2 3.479e+01 4.921e+01 134 2 4 3.999e+02 4.401e+02 374 2 2 7.984e+01 8.816e+01 77 2 1 1.378e+02 1.562e+02 171 2 3 5.216e+01 7.384e+01 201 2 4 1.104e+02 1.416e+02 290 2 4 2.815e+01 5.585e+01 257 2 1 3.742e+00 3.826e+01 320
23207 9 0 1 2.119e+02 2.501e+02 354 1 2 5.872e+02 5.888e+02 15 1 2 6.285e+02 6.315e+02 28 1 4 5.773e+02 5.987e+02 199 1 4 6.242e+02 6.358e+02 108 1 3 5.934e+02 6.246e+02 289 2 1 4.359e+02 4.461e+02 95 2 3 4.830e+01 7.770e+01 273 3 2 4.866e+02 5.214e+02 324
23208 0
23209 5 2 2 5.435e+02 5.485e+02 46 2 4 5.457e+02 5.463e+02 6 2 3 5.654e+02 5.686e+02 29 2 2 5.781e+02 5.979e+02 185 2 3 5.498e+02 5.842e+02 320
23212 10 0 4 6.267e+02 6.333e+02 61 0 4 6.716e+02 6.724e+02 7 0 1 1.837e+02 1.943e+02 98 0 2 6.714e+02 6.726e+02 11 0 4 2.093e+02 2.107e+02 13 0 2 6.191e+02 6.409e+02 202 0 2 1.991e+02 2.209e+02 203 0 1 6.404e+02 6.616e+02 197 0 3 1.750e+02 2.030e+02 260 0 3 6.340e+02 6.680e+02 316
23214 3 3 4 4.873e+02 5.207e+02 310 3 4 5.275e+02 5.645e+02 344 3 3 5.116e+02 5.384e+02 249
23215 0
23216 7 2 1 1.909e+01 2.291e+01 36 2 2 6.709e+02 6.731e+02 20 2 3 1.406e+01 2.794e+01 129 2 4 6.709e+02 6.731e+02 20 2 1 6.435e+02 6.585e+02 140 2 1 6.314e+02 6.706e+02 365 2 3 6.318e+02 6.702e+02 356
23217 5 1 4 2.346e+02 2.694e+02 323 1 4 3.138e+02 3.582e+02 412 3 1 6.321e+02 6.699e+02 350 3 4 6.532e+02 6.908e+02 350 3 2 6.471e+02 6.969e+02 463
23218 16 0 2 6.258e+02 6.342e+02 77 0 4 6.268e+02 6.332e+02 59 0 3 6.476e+02 6.544e+02 64 0 2 6.152e+02 6.448e+02 275 0 2 6.632e+02 6.808e+02 163 0 4 6.107e+02 6.493e+02 358 0 4 6.619e+02 6.821e+02 188 0 1 6.434e+02 6.586e+02 140 2 3 2.292e+02 2.328e+02 34 2 3 4.667e+02 4.993e+02 303 2 4 2.361e+02 2.679e+02 295 2 3 5.121e+02 5.379e+02 240 2 1 1.700e+02 2.080e+02 353 2 4 4.884e+02 5.196e+02 290 2 2 1.957e+02 2.243e+02 266 2 1 2.121e+02 2.499e+02 351
23219 1 0 1 3.842e+02 4.138e+02 275
23223 0
