24545 0
24547 5 0 3 5.616e+02 5.724e+02 100 0 4 5.813e+02 5.947e+02 124 0 2 5.290e+02 5.630e+02 316 0 3 6.017e+02 6.163e+02 135 0 4 6.153e+02 6.447e+02 272
24548 65 0 4 2.498e+02 2.542e+02 40 0 2 5.457e+02 5.463e+02 6 0 2 6.260e+02 6.340e+02 75 0 4 6.720e+02 6.720e+02 -1 0 4 5.000e+02 5.080e+02 74 0 4 6.288e+02 6.312e+02 23 0 1 6.474e+02 6.546e+02 66 0 2 4.556e+02 4.684e+02 118 0 3 5.556e+02 5.784e+02 211 0 1 6.048e+02 6.132e+02 78 0 3 6.459e+02 6.561e+02 96 0 4 4.498e+02 4.742e+02 227 0 3 5.082e+02 5.418e+02 312 0 3 6.019e+02 6.161e+02 132 0 2 6.626e+02 6.814e+02 174 0 1 4.675e+02 4.985e+02 287 0 1 5.512e+02 5.828e+02 293 0 3 5.943e+02 6.237e+02 273 0 3 6.362e+02 6.658e+02 276 0 2 4.444e+02 4.796e+02 326 0 2 6.147e+02 6.453e+02 284 0 2 6.554e+02 6.886e+02 308 1 2 4.589e+02 4.651e+02 58 1 2 4.531e+02 4.709e+02 165 1 2 5.832e+02 5.928e+02 89 1 3 6.081e+02 6.099e+02 16 1 4 4.512e+02 4.728e+02 200 1 4 5.771e+02 5.989e+02 202 1 3 4.217e+02 4.603e+02 358 1 2 6.280e+02 6.320e+02 38 1 4 6.282e+02 6.318e+02 34 1 2 4.421e+02 4.819e+02 369 1 1 5.965e+02 6.215e+02 233 1 2 6.142e+02 6.458e+02 293 2 1 1.875e+02 1.905e+02 28 2 3 3.968e+02 4.012e+02 40 2 3 5.193e+02 5.307e+02 106 2 4 4.107e+01 4.293e+01 17 2 4 5.840e+02 5.920e+02 74 2 2 8.213e+01 8.587e+01 35 2 3 6.485e+02 6.535e+02 47 2 3 1.421e+02 1.519e+02 91 2 2 4.194e+02 4.206e+02 11 2 4 3.726e+02 3.834e+02 100 2 4 6.227e+02 6.373e+02 136 2 3 6.221e+01 6.379e+01 15 2 2 1.638e+02 1.722e+02 79 2 2 5.816e+02 5.944e+02 119 2 2 3.645e+01 4.755e+01 103 2 4 1.101e+02 1.419e+02 296 2 3 5.976e+02 6.204e+02 212 2 4 1.524e+02 1.836e+02 290 2 4 6.145e+02 6.455e+02 287 2 3 2.127e+02 2.493e+02 340 2 1 5.907e+02 6.273e+02 340 2 3 5.454e+01 7.146e+01 157 2 3 9.487e+00 3.251e+01 214 2 4 2.851e+01 5.549e+01 250 2 1 4.467e+01 8.133e+01 340 2 1 5.940e+00 3.606e+01 280 3 4 8.029e+01 8.771e+01 69 3 3 9.806e+01 1.119e+02 129 3 3 8.972e+01 1.203e+02 284 3 3 4.695e+01 7.905e+01 298 3 4 2.290e+01 6.110e+01 355
24551 9 0 1 5.655e+02 5.685e+02 28 0 4 5.849e+02 5.911e+02 57 0 1 5.492e+02 5.848e+02 331 0 2 6.605e+02 6.835e+02 214 0 4 6.592e+02 6.848e+02 238 2 3 1.040e+02 1.060e+02 18 2 3 1.441e+02 1.499e+02 54 2 3 1.389e+02 1.551e+02 150 2 4 6.688e+01 1.011e+02 318
24552 22 0 4 1.669e+02 1.691e+02 20 0 2 1.174e+02 1.346e+02 160 0 1 6.055e+02 6.125e+02 66 0 2 6.709e+02 6.731e+02 21 0 3 6.056e+02 6.124e+02 64 0 4 6.719e+02 6.721e+02 1 0 2 6.199e+02 6.401e+02 188 0 1 6.490e+02 6.530e+02 36 0 4 6.206e+02 6.394e+02 175 0 1 6.255e+02 6.765e+02 473 1 1 5.640e+02 5.700e+02 56 1 3 5.644e+02 5.696e+02 49 1 2 5.353e+02 5.567e+02 198 1 4 5.354e+02 5.566e+02 197 2 4 4.175e+01 4.225e+01 5 2 4 7.626e+01 9.174e+01 144 2 2 7.495e+01 9.305e+01 168 2 3 9.277e+01 1.172e+02 227 3 1 5.885e+01 6.715e+01 77 3 3 5.754e+01 6.846e+01 101 3 4 2.820e+01 5.580e+01 256 3 2 2.685e+01 5.715e+01 281
24553 13 0 1 5.636e+02 5.704e+02 63 0 3 6.057e+02 6.123e+02 60 0 3 5.640e+02 5.700e+02 56 1 3 5.231e+02 5.269e+02 36 2 1 3.945e+02 4.035e+02 84 2 3 2.100e+01 2.100e+01 -0 2 4 7.971e+01 8.829e+01 80 2 3 1.403e+02 1.537e+02 124 2 4 3.665e+02 3.895e+02 213 2 2 7.522e+01 9.278e+01 163 2 2 1.621e+02 1.739e+02 110 2 4 3.270e+02 3.450e+02 168 2 1 1.802e+02 1.978e+02 163
24554 9 0 4 6.269e+02 6.331e+02 57 0 4 6.125e+02 6.475e+02 325 1 4 5.872e+02 5.888e+02 16 1 2 6.283e+02 6.317e+02 31 1 4 6.218e+02 6.382e+02 152 2 2 4.193e+01 4.207e+01 1 2 3 9.286e+01 1.171e+02 226 2 4 1.113e+02 1.407e+02 272 2 4 6.953e+01 9.847e+01 269
24555 4 3 1 4.365e+02 4.455e+02 84 3 3 4.373e+02 4.447e+02 69 3 4 3.623e+02 3.937e+02 292 3 2 4.038e+02 4.362e+02 301
24556 6 2 4 1.256e+02 1.264e+02 7 2 1 1.403e+02 1.537e+02 125 2 3 8.842e+01 1.216e+02 308 2 3 1.396e+02 1.544e+02 137 2 2 1.093e+02 1.427e+02 310 2 2 1.502e+02 1.858e+02 331
24558 23 0 1 6.468e+02 6.552e+02 79 0 2 6.654e+02 6.786e+02 122 0 2 5.350e+02 5.570e+02 204 0 2 6.142e+02 6.458e+02 294 0 4 6.634e+02 6.806e+02 159 0 1 5.113e+02 5.387e+02 255 0 4 6.097e+02 6.503e+02 377 0 3 6.407e+02 6.613e+02 190 0 3 5.050e+02 5.450e+02 371 2 2 3.789e+01 4.611e+01 76 2 4 2.484e+02 2.556e+02 67 2 1 1.330e+01 2.870e+01 143 2 3 1.832e+02 1.948e+02 108 2 3 1.249e+01 2.951e+01 158 2 4 1.522e+02 1.838e+02 294 2 2 1.923e+02 2.277e+02 329 2 4 2.777e+02 3.103e+02 303 2 4 3.268e+01 5.132e+01 173 2 1 1.715e+02 2.065e+02 325 2 1 7.108e+00 3.489e+01 258 2 4 1.444e+02 1.916e+02 439 2 3 -9.255e-01 4.293e+01 407 2 2 2.066e+01 6.334e+01 396
24561 3 1 3 4.409e+02 4.411e+02 2 1 4 4.612e+02 4.628e+02 15 2 3 3.862e+02 4.118e+02 238
24562 0
24564 0
24567 31 0 4 1.680e+02 1.680e+02 -13 0 2 3.753e+02 3.807e+02 50 0 2 5.460e+02 5.460e+02 -21 0 2 6.294e+02 6.306e+02 11 0 1 3.517e+02 3.623e+02 98 0 2 6.715e+02 6.725e+02 10 0 4 3.686e+02 3.874e+02 175 0 4 6.300e+02 6.300e+02 -16 0 4 6.708e+02 6.732e+02 23 0 3 3.838e+02 4.142e+02 283 0 2 4.984e+02 5.096e+02 105 0 1 6.062e+02 6.118e+02 52 0 1 6.510e+02 6.510e+02 -14 0 4 4.922e+02 5.158e+02 220 0 3 6.048e+02 6.132e+02 79 0 3 6.486e+02 6.534e+02 45 0 1 5.953e+02 6.227e+02 255 0 3 6.367e+02 6.653e+02 266 0 4 6.130e+02 6.470e+02 316 0 3 5.905e+02 6.275e+02 344 1 2 6.300e+02 6.300e+02 -12 1 1 6.071e+02 6.109e+02 35 1 3 6.018e+02 6.162e+02 134 1 4 6.208e+02 6.392e+02 170 2 2 3.708e+01 4.692e+01 91 2 1 2.305e+02 2.315e+02 10 2 1 1.159e+01 3.041e+01 175 2 3 2.294e+02 2.326e+02 29 2 4 3.394e+01 5.006e+01 150 2 2 1.941e+02 2.259e+02 295 2 4 1.914e+02 2.286e+02 346
24570 2 0 2 5.450e+02 5.470e+02 19 0 3 5.493e+02 5.847e+02 328
24571 0
24572 0
24573 6 1 4 6.207e+02 6.393e+02 173 1 2 6.161e+02 6.439e+02 259 2 3 1.370e+01 2.830e+01 136 2 1 8.767e+00 3.323e+01 227 2 2 3.098e+01 5.302e+01 205 2 4 2.753e+01 5.647e+01 269
24575 3 0 3 6.263e+02 6.757e+02 458 1 2 6.252e+02 6.348e+02 90 2 3 -2.898e+00 4.490e+01 444
24577 8 1 4 5.449e+02 5.471e+02 20 1 3 5.670e+02 5.670e+02 0 2 1 2.057e+01 2.143e+01 8 2 3 1.720e+01 2.480e+01 70 2 4 3.610e+01 4.790e+01 110 2 4 1.102e+02 1.418e+02 293 2 3 5.185e+01 7.415e+01 207 2 2 3.206e+01 5.194e+01 185
24578 13 0 3 5.650e+02 5.690e+02 36 0 4 5.843e+02 5.917e+02 70 0 4 6.686e+02 6.754e+02 63 0 4 4.963e+02 5.117e+02 142 0 1 5.630e+02 5.710e+02 74 0 2 6.622e+02 6.818e+02 182 0 2 4.920e+02 5.160e+02 223 0 3 5.564e+02 5.776e+02 197 0 3 6.335e+02 6.685e+02 325 0 1 5.166e+02 5.334e+02 156 0 3 5.507e+02 5.833e+02 303 2 1 1.236e+01 2.964e+01 160 2 3 2.578e+00 3.942e+01 342
24579 0
24580 1 2 4 1.144e+02 1.376e+02 216
24582 1 0 3 4.573e+02 5.087e+02 477
24585 3 2 4 2.467e+02 2.573e+02 99 2 3 2.527e+02 2.933e+02 377 3 4 4.090e+01 4.310e+01 20
24588 27 0 2 5.455e+02 5.465e+02 10 0 1 6.503e+02 6.517e+02 13 0 3 5.119e+02 5.381e+02 243 0 2 6.130e+02 6.470e+02 316 0 2 6.638e+02 6.802e+02 152 0 3 5.539e+02 5.801e+02 244 0 4 6.639e+02 6.801e+02 150 0 3 6.418e+02 6.602e+02 170 0 4 6.559e+02 6.881e+02 300 1 3 5.994e+02 6.186e+02 179 2 4 2.508e+02 2.532e+02 23 2 3 4.392e+02 4.428e+02 33 2 1 2.699e+02 2.761e+02 57 2 1 1.886e+01 2.314e+01 40 2 3 3.941e+02 4.039e+02 91 2 4 1.655e+02 1.705e+02 47 2 4 6.159e+02 6.441e+02 261 2 4 2.097e+02 2.103e+02 5 2 4 4.058e+02 4.342e+02 263 2 4 3.727e+02 3.833e+02 98 2 3 2.246e+02 2.374e+02 119 2 4 2.854e+02 3.026e+02 160 2 4 2.721e+01 5.679e+01 275 2 3 1.712e+02 2.068e+02 331 2 2 2.409e+02 2.631e+02 206 2 1 2.167e+02 2.453e+02 266 2 3 2.127e+02 2.493e+02 340
24591 0
24593 16 0 4 6.720e+02 6.720e+02 -4 0 1 5.615e+02 5.725e+02 103 0 4 2.084e+02 2.116e+02 30 0 4 5.855e+02 5.905e+02 47 0 2 6.664e+02 6.776e+02 104 0 1 4.392e+02 4.428e+02 33 0 3 5.551e+02 5.789e+02 220 0 1 4.162e+02 4.658e+02 460 2 2 1.644e+02 1.716e+02 66 2 1 1.870e+02 1.910e+02 36 2 4 4.200e+02 4.200e+02 -4 2 2 4.104e+02 4.296e+02 178 2 3 1.322e+02 1.618e+02 275 2 3 2.600e+02 2.860e+02 241 2 3 4.320e+02 4.500e+02 168 2 3 3.425e+02 3.715e+02 269
24594 3 0 1 2.691e+02 2.769e+02 72 0 2 2.803e+02 3.077e+02 254 3 1 4.146e+00 3.785e+01 313
24596 0
24598 2 2 3 2.100e+01 2.100e+01 -24 2 1 6.300e+01 6.300e+01 -17
24599 16 0 4 1.680e+02 1.680e+02 -2 0 2 1.239e+02 1.281e+02 40 0 2 6.199e+02 6.401e+02 188 0 1 9.133e+01 1.187e+02 254 0 4 6.657e+02 6.783e+02 116 0 4 5.771e+02 5.989e+02 203 0 1 6.391e+02 6.629e+02 221 0 3 5.963e+02 6.217e+02 236 0 2 6.627e+02 6.813e+02 173 0 4 6.161e+02 6.439e+02 259 0 3 6.340e+02 6.680e+02 316 0 1 5.903e+02 6.277e+02 347 0 3 6.280e+02 6.740e+02 428 2 4 1.252e+02 1.268e+02 15 2 1 -1.238e+00 4.324e+01 413 2 4 1.078e+02 1.442e+02 338
24601 18 0 4 6.707e+02 6.733e+02 24 0 4 5.036e+02 5.044e+02 8 0 1 6.471e+02 6.549e+02 73 0 1 3.003e+02 3.297e+02 273 0 3 3.887e+02 4.093e+02 192 0 4 3.780e+02 3.780e+02 -9 0 3 6.445e+02 6.575e+02 121 0 2 6.710e+02 6.730e+02 18 0 2 6.591e+02 6.849e+02 240 0 1 6.310e+02 6.710e+02 371 1 3 6.080e+02 6.100e+02 18 1 2 6.261e+02 6.339e+02 72 1 4 6.267e+02 6.333e+02 60 1 2 6.163e+02 6.437e+02 254 1 1 5.942e+02 6.238e+02 275 2 3 1.020e+02 1.080e+02 56 2 2 6.504e+01 1.030e+02 352 2 4 6.912e+01 9.888e+01 276
24602 16 0 2 6.707e+02 6.733e+02 25 0 1 6.329e+02 6.691e+02 336 1 3 2.062e+02 2.558e+02 460 2 4 8.400e+01 8.400e+01 -12 2 1 5.657e+02 5.683e+02 24 2 3 5.646e+02 5.694e+02 45 2 3 5.176e+02 5.324e+02 137 2 2 5.768e+02 5.992e+02 208 2 2 5.338e+02 5.582e+02 226 2 4 5.710e+02 6.050e+02 316 3 2 4.577e+02 4.663e+02 80 3 4 4.547e+02 4.693e+02 136 3 4 6.549e+02 6.891e+02 317 3 4 1.527e+02 1.833e+02 285 3 3 4.273e+02 4.547e+02 255 3 4 4.456e+02 4.784e+02 305
24603 14 0 2 2.426e+02 2.614e+02 175 0 1 6.508e+02 6.512e+02 3 0 2 1.921e+02 2.279e+02 332 0 3 6.487e+02 6.533e+02 43 0 2 6.616e+02 6.824e+02 194 1 4 5.435e+02 5.485e+02 46 1 3 5.213e+02 5.287e+02 70 2 4 2.513e+02 2.527e+02 12 2 3 6.300e+01 6.300e+01 -1 2 1 1.895e+01 2.305e+01 38 2 2 7.249e+01 9.551e+01 214 2 2 3.637e+01 4.763e+01 105 2 4 3.551e+01 4.849e+01 120 2 1 4.875e+01 7.725e+01 265
24607 12 0 2 6.714e+02 6.726e+02 10 0 1 5.501e+02 5.839e+02 315 0 4 5.772e+02 5.988e+02 200 0 3 5.940e+02 6.240e+02 278 0 3 6.333e+02 6.687e+02 329 0 2 6.525e+02 6.915e+02 363 1 1 5.670e+02 5.670e+02 -18 1 4 5.869e+02 5.891e+02 20 1 2 5.814e+02 5.946e+02 123 1 4 5.802e+02 5.958e+02 145 1 3 5.925e+02 6.255e+02 307 1 4 5.733e+02 6.027e+02 274
24608 3 2 2 3.152e+01 5.248e+01 195 2 2 2.798e+02 3.082e+02 264 2 1 5.358e+00 3.664e+01 290
24609 3 2 1 3.013e+02 3.287e+02 255 2 3 2.981e+02 3.319e+02 315 3 1 5.119e+02 5.381e+02 244
