45641 9 0 1 5.187e+02 5.313e+02 116 0 2 6.218e+02 6.382e+02 153 0 3 6.502e+02 6.518e+02 16 0 2 5.388e+02 5.532e+02 134 0 4 6.620e+02 6.820e+02 186 0 3 5.578e+02 5.762e+02 170 0 1 6.416e+02 6.604e+02 174 0 4 6.542e+02 6.898e+02 330 2 3 1.765e+01 2.435e+01 62
45643 2 1 3 1.815e+02 1.965e+02 140 3 4 6.485e+02 6.955e+02 437
45644 11 0 2 6.720e+02 6.720e+02 -8 0 4 6.702e+02 6.738e+02 34 2 3 9.753e+01 1.125e+02 139 2 2 1.139e+02 1.381e+02 225 2 4 1.125e+02 1.395e+02 251 3 1 5.732e+01 6.868e+01 106 3 2 7.931e+01 8.869e+01 87 3 4 7.774e+01 9.026e+01 116 3 3 4.848e+01 7.752e+01 270 3 2 7.181e+01 9.619e+01 226 3 1 4.727e+01 7.873e+01 292
45645 6 0 4 6.648e+02 6.792e+02 133 2 1 2.100e+01 2.100e+01 -24 2 4 1.230e+02 1.290e+02 56 2 2 3.111e+01 5.289e+01 202 2 1 1.346e+02 1.594e+02 230 3 1 1.766e+02 2.014e+02 230
45646 5 0 2 6.685e+02 6.755e+02 65 0 3 3.965e+02 4.015e+02 47 1 1 6.021e+02 6.159e+02 129 1 4 6.180e+02 6.420e+02 223 1 1 5.934e+02 6.246e+02 289
45647 3 2 2 6.778e+01 1.002e+02 301 2 3 4.285e+02 4.535e+02 232 3 1 1.115e+01 3.085e+01 183
45650 14 0 4 4.592e+02 4.648e+02 52 0 2 3.641e+01 4.759e+01 104 0 2 6.246e+02 6.354e+02 100 0 1 4.341e+02 4.479e+02 129 0 2 4.588e+02 4.652e+02 60 0 1 5.632e+02 5.708e+02 70 0 4 5.840e+02 5.920e+02 74 0 2 6.610e+02 6.830e+02 205 0 3 4.339e+02 4.481e+02 132 0 2 5.307e+02 5.613e+02 285 0 3 5.976e+02 6.204e+02 212 0 4 6.592e+02 6.848e+02 237 0 4 6.140e+02 6.460e+02 298 0 1 5.956e+02 6.224e+02 248
45652 2 2 3 2.683e+02 2.777e+02 86 2 4 2.768e+02 3.112e+02 320
45653 1 2 4 4.054e+01 4.346e+01 27
45654 6 3 1 3.470e+02 3.670e+02 186 3 3 6.051e+02 6.129e+02 73 3 3 2.668e+02 2.792e+02 115 3 2 3.653e+02 3.907e+02 236 3 4 3.698e+02 3.862e+02 151 3 3 3.371e+02 3.769e+02 369
45657 20 0 4 6.689e+02 6.751e+02 57 0 1 6.010e+02 6.170e+02 149 0 1 6.403e+02 6.617e+02 198 0 1 4.663e+02 4.997e+02 310 0 3 5.997e+02 6.183e+02 172 0 3 6.323e+02 6.697e+02 348 0 4 5.752e+02 6.008e+02 238 0 2 6.096e+02 6.504e+02 380 1 2 6.266e+02 6.334e+02 64 1 2 4.902e+02 5.178e+02 256 1 4 6.284e+02 6.316e+02 30 1 3 5.105e+02 5.395e+02 270 1 4 5.263e+02 5.657e+02 366 1 4 6.206e+02 6.394e+02 174 1 4 4.852e+02 5.228e+02 350 1 4 6.131e+02 6.469e+02 315 2 3 3.851e+02 4.129e+02 258 2 2 4.066e+02 4.334e+02 250 2 1 4.195e+02 4.625e+02 400 2 1 3.802e+02 4.178e+02 349
45658 3 0 2 6.714e+02 6.726e+02 11 0 4 6.659e+02 6.781e+02 114 1 2 6.300e+02 6.300e+02 -20
45659 4 0 3 3.990e+02 3.990e+02 -21 0 1 3.926e+02 4.054e+02 120 0 2 3.625e+02 3.935e+02 287 0 4 4.057e+02 4.343e+02 266
45661 0
45662 45 0 1 1.884e+02 1.896e+02 10 0 1 2.719e+02 2.741e+02 21 0 4 4.600e+02 4.640e+02 36 0 4 2.082e+02 2.118e+02 34 0 3 5.239e+02 5.261e+02 21 0 4 2.920e+02 2.960e+02 37 0 4 5.857e+02 5.903e+02 43 0 4 1.995e+02 2.205e+02 195 0 2 6.700e+02 6.740e+02 38 0 3 2.623e+02 2.837e+02 199 0 1 4.673e+02 4.987e+02 292 0 2 1.950e+02 2.250e+02 279 0 1 5.570e+02 5.770e+02 186 0 2 2.752e+02 3.128e+02 349 0 1 6.034e+02 6.146e+02 104 0 4 6.678e+02 6.762e+02 78 0 3 4.239e+02 4.581e+02 317 0 3 4.640e+02 5.020e+02 352 0 3 5.127e+02 5.373e+02 229 0 3 6.045e+02 6.135e+02 84 0 1 6.407e+02 6.613e+02 191 0 2 6.184e+02 6.416e+02 215 0 3 6.432e+02 6.588e+02 145 0 4 6.170e+02 6.430e+02 240 0 4 6.607e+02 6.833e+02 210 1 1 5.232e+02 5.268e+02 33 1 4 5.870e+02 5.890e+02 18 1 1 6.070e+02 6.110e+02 37 1 1 5.650e+02 5.690e+02 38 1 3 6.042e+02 6.138e+02 89 1 3 5.622e+02 5.718e+02 90 1 2 6.227e+02 6.373e+02 136 1 2 5.710e+02 6.050e+02 316 1 4 6.283e+02 6.317e+02 32 1 4 5.283e+02 5.637e+02 330 1 4 6.123e+02 6.477e+02 329 1 1 5.903e+02 6.277e+02 347 1 2 6.104e+02 6.496e+02 365 2 1 1.945e+01 2.255e+01 29 2 3 4.811e+02 4.849e+02 35 2 3 1.330e+01 2.870e+01 143 2 2 4.994e+02 5.086e+02 86 2 2 1.201e+02 1.319e+02 110 2 4 4.506e+02 4.734e+02 212 2 4 1.107e+02 1.413e+02 284
45664 29 0 2 5.444e+02 5.476e+02 30 0 4 5.880e+02 5.880e+02 -19 0 1 6.506e+02 6.514e+02 7 0 1 6.063e+02 6.117e+02 50 0 3 6.473e+02 6.547e+02 68 0 1 5.458e+02 5.882e+02 393 0 3 6.060e+02 6.120e+02 56 0 2 6.675e+02 6.765e+02 83 0 4 6.122e+02 6.478e+02 330 0 4 6.656e+02 6.784e+02 120 0 2 6.108e+02 6.492e+02 357 0 2 6.547e+02 6.893e+02 322 1 1 5.650e+02 5.690e+02 38 1 3 6.058e+02 6.122e+02 60 1 4 6.208e+02 6.392e+02 170 1 2 5.761e+02 5.999e+02 220 2 3 4.405e+02 4.415e+02 10 2 2 4.589e+02 4.651e+02 57 2 4 4.433e+02 4.807e+02 347 2 1 4.232e+02 4.588e+02 330 2 1 2.052e+01 2.148e+01 9 2 3 1.743e+01 2.457e+01 66 2 4 8.079e+01 8.721e+01 60 2 3 9.057e+01 1.194e+02 268 2 2 6.961e+01 9.839e+01 267 2 2 1.677e+02 1.683e+02 6 2 4 1.661e+02 1.699e+02 36 2 1 1.853e+02 1.927e+02 68 2 3 1.285e+02 1.655e+02 343
45665 1 0 2 5.417e+02 5.503e+02 80
45666 5 0 4 6.300e+02 6.300e+02 -22 0 1 5.956e+02 6.224e+02 248 0 3 6.365e+02 6.655e+02 269 2 3 3.135e+02 3.165e+02 27 2 4 3.198e+02 3.522e+02 301
45667 5 0 3 6.510e+02 6.510e+02 -23 0 2 6.218e+02 6.382e+02 152 0 1 6.466e+02 6.554e+02 82 0 4 6.198e+02 6.402e+02 190 0 4 6.146e+02 6.454e+02 286
45668 18 0 3 5.250e+02 5.250e+02 -4 0 1 6.023e+02 6.157e+02 124 0 3 6.493e+02 6.527e+02 31 0 4 4.946e+02 5.135e+02 176 0 1 5.201e+02 5.299e+02 90 0 3 6.003e+02 6.177e+02 162 0 4 6.699e+02 6.741e+02 40 0 1 6.444e+02 6.576e+02 123 0 2 6.644e+02 6.796e+02 140 0 4 6.628e+02 6.812e+02 171 1 2 6.184e+02 6.416e+02 216 2 1 4.783e+02 4.877e+02 87 2 2 5.327e+02 5.593e+02 246 2 3 4.413e+01 8.187e+01 350 3 2 2.520e+02 2.520e+02 0 3 4 2.917e+02 2.963e+02 42 3 3 2.690e+02 2.770e+02 74 3 1 2.276e+02 2.344e+02 64
45672 11 0 1 6.501e+02 6.519e+02 16 0 4 6.273e+02 6.327e+02 50 0 3 6.510e+02 6.510e+02 -14 0 1 5.926e+02 6.254e+02 304 0 3 6.357e+02 6.663e+02 284 0 2 6.551e+02 6.889e+02 315 0 4 6.545e+02 6.895e+02 326 2 1 6.300e+01 6.300e+01 -14 2 4 3.677e+01 4.723e+01 97 2 3 5.701e+01 6.899e+01 111 2 2 2.681e+01 5.719e+01 282
45673 21 0 2 3.777e+02 3.783e+02 6 0 2 6.300e+02 6.300e+02 -7 0 4 3.734e+02 3.826e+02 85 0 3 3.929e+02 4.051e+02 113 0 4 7.307e+01 9.493e+01 203 0 3 3.813e+02 4.167e+02 328 0 1 3.407e+02 3.733e+02 303 0 3 6.035e+02 6.145e+02 103 0 3 -3.079e+00 4.508e+01 447 0 4 6.194e+02 6.406e+02 196 0 4 1.577e+01 6.823e+01 487 0 2 6.489e+02 6.951e+02 430 0 4 6.481e+02 6.959e+02 443 1 2 6.243e+02 6.357e+02 106 1 4 5.814e+02 5.946e+02 123 1 4 6.245e+02 6.355e+02 101 1 3 6.008e+02 6.172e+02 151 1 2 6.174e+02 6.426e+02 235 2 3 3.570e+02 3.570e+02 -24 2 1 3.485e+02 3.655e+02 157 2 1 -1.238e+00 4.324e+01 413
45674 6 0 1 6.496e+02 6.524e+02 26 0 3 5.892e+02 6.288e+02 368 0 1 6.244e+02 6.776e+02 494 1 1 4.817e+02 4.843e+02 25 1 2 4.455e+02 4.785e+02 307 2 3 1.380e+02 1.560e+02 166
45675 2 0 2 6.638e+02 6.802e+02 152 0 4 6.607e+02 6.833e+02 210
