10910 22 0 4 6.293e+02 6.307e+02 12 0 4 2.492e+02 2.548e+02 52 0 2 6.265e+02 6.335e+02 66 0 1 2.248e+02 2.372e+02 116 0 1 6.396e+02 6.624e+02 212 0 3 2.219e+02 2.401e+02 170 0 3 6.376e+02 6.644e+02 250 0 2 2.337e+02 2.703e+02 340 1 2 6.175e+02 6.425e+02 231 2 2 2.503e+02 2.537e+02 32 2 1 6.503e+02 6.517e+02 14 2 2 2.921e+02 2.959e+02 35 2 3 1.586e+01 2.614e+01 96 2 3 2.189e+02 2.431e+02 225 2 2 3.484e+01 4.916e+01 133 2 4 1.540e+02 1.820e+02 260 2 4 2.394e+02 2.646e+02 234 2 3 2.633e+02 2.827e+02 180 2 1 4.907e+00 3.709e+01 299 2 4 2.752e+02 3.128e+02 350 2 4 2.532e+01 5.868e+01 310 2 1 2.995e+02 3.305e+02 287
10911 2 1 4 5.741e+02 6.019e+02 258 1 3 5.948e+02 6.232e+02 265
10914 12 0 4 1.638e+02 1.722e+02 79 0 4 5.033e+02 5.047e+02 14 0 2 5.017e+02 5.063e+02 42 0 1 5.077e+02 5.423e+02 320 0 2 6.566e+02 6.874e+02 286 0 3 5.056e+02 5.444e+02 360 0 4 6.529e+02 6.911e+02 355 1 4 5.379e+02 5.541e+02 150 2 3 1.027e+02 1.073e+02 42 2 1 1.626e+01 2.574e+01 88 2 4 8.034e+01 8.766e+01 68 2 2 1.540e+02 1.820e+02 260
10916 0
10917 2 1 2 5.430e+02 5.490e+02 56 1 3 5.554e+02 5.786e+02 215
10918 0
10921 7 0 4 2.396e+02 2.644e+02 230 1 4 6.162e+02 6.438e+02 256 1 4 5.753e+02 6.007e+02 236 2 3 4.311e+02 4.509e+02 185 2 2 4.545e+02 4.695e+02 139 3 4 4.506e+02 4.734e+02 211 3 3 4.704e+02 4.956e+02 234
10922 3 0 1 3.529e+02 3.611e+02 76 0 4 3.747e+02 3.813e+02 60 0 2 3.278e+02 3.442e+02 152
10923 2 0 1 5.646e+02 5.694e+02 45 3 4 5.864e+02 5.896e+02 29
10924 10 0 1 6.480e+02 6.540e+02 56 0 3 6.441e+02 6.579e+02 129 0 4 6.630e+02 6.810e+02 168 0 2 6.554e+02 6.886e+02 309 2 4 3.334e+02 3.386e+02 48 2 3 2.286e+02 2.334e+02 45 2 1 3.531e+02 3.609e+02 72 2 4 2.389e+02 2.651e+02 244 2 2 3.279e+02 3.441e+02 150 2 3 3.412e+02 3.728e+02 294
10926 5 2 3 3.132e+02 3.168e+02 33 2 4 4.148e+01 4.252e+01 10 2 2 3.452e+01 4.948e+01 139 2 1 7.330e+00 3.467e+01 254 2 3 5.445e+00 3.655e+01 289
10927 0
10928 2 0 3 4.391e+02 4.429e+02 35 2 1 6.300e+01 6.300e+01 -0
10930 0
10931 6 0 4 6.300e+02 6.300e+02 -2 0 1 6.075e+02 6.105e+02 28 0 3 6.059e+02 6.121e+02 58 0 2 6.300e+02 6.300e+02 -12 2 2 2.503e+02 2.537e+02 31 2 4 5.358e+02 5.562e+02 189
10932 0
10933 0
10934 6 0 2 6.645e+02 6.795e+02 140 0 4 6.620e+02 6.820e+02 186 2 2 7.868e+01 8.932e+01 99 2 4 7.379e+01 9.421e+01 190 2 3 4.606e+01 7.994e+01 315 3 3 3.470e+02 3.670e+02 186
10935 8 0 3 5.668e+02 5.672e+02 4 0 4 5.847e+02 5.913e+02 61 0 3 6.460e+02 6.560e+02 92 0 2 5.373e+02 5.547e+02 162 0 1 5.598e+02 5.742e+02 134 0 3 5.559e+02 5.781e+02 206 1 3 5.643e+02 5.697e+02 50 1 4 5.854e+02 5.906e+02 49
10936 24 2 2 4.188e+01 4.212e+01 2 2 4 4.620e+02 4.620e+02 -15 2 4 2.100e+02 2.100e+02 -8 2 4 4.200e+01 4.200e+01 -14 2 2 5.021e+02 5.059e+02 36 2 4 1.232e+02 1.288e+02 51 2 4 6.638e+02 6.802e+02 151 2 3 1.890e+02 1.890e+02 -20 2 3 4.785e+02 4.875e+02 84 2 3 2.248e+02 2.372e+02 115 2 1 5.157e+02 5.343e+02 173 2 3 9.214e+00 3.279e+01 219 2 3 6.382e+02 6.638e+02 238 2 4 8.177e+01 8.623e+01 41 2 4 4.499e+02 4.741e+02 226 2 3 1.435e+02 1.505e+02 65 2 2 2.025e+02 2.175e+02 140 2 2 7.657e+01 9.143e+01 138 2 1 1.365e+02 1.575e+02 196 2 2 1.931e+02 2.269e+02 315 2 3 9.124e+01 1.188e+02 256 2 2 1.553e+02 1.807e+02 236 2 1 2.126e+02 2.494e+02 341 3 1 2.100e+01 2.100e+01 -7
10937 2 0 1 6.484e+02 6.536e+02 48 0 4 6.590e+02 6.850e+02 241
10938 0
10939 1 1 4 6.256e+02 6.344e+02 81
10940 9 2 3 6.010e+02 6.170e+02 149 2 1 5.955e+02 6.225e+02 250 2 2 6.184e+02 6.416e+02 216 2 2 6.529e+02 6.911e+02 354 2 4 6.149e+02 6.451e+02 280 3 1 4.821e+02 4.839e+02 16 3 2 4.983e+02 5.097e+02 106 3 4 5.021e+02 5.059e+02 35 3 3 5.140e+02 5.360e+02 204
10941 11 0 3 6.087e+02 6.093e+02 6 0 4 6.173e+02 6.427e+02 236 0 1 5.967e+02 6.213e+02 229 2 4 1.669e+02 1.691e+02 21 2 4 2.494e+02 2.546e+02 48 2 3 8.949e+00 3.305e+01 224 2 3 2.618e+02 2.842e+02 208 2 3 1.292e+02 1.648e+02 330 2 1 2.581e+02 2.879e+02 277 2 2 2.772e+02 3.108e+02 311 3 4 2.495e+02 2.545e+02 47
10942 1 0 4 3.338e+02 3.382e+02 40
