5406 2 2 3 6.070e+02 6.110e+02 38 2 4 5.797e+02 5.963e+02 155
5407 1 2 2 3.923e+01 4.477e+01 51
5408 8 2 3 5.768e+01 6.832e+01 99 2 2 4.067e+01 4.333e+01 25 2 4 3.784e+01 4.616e+01 77 2 1 5.216e+01 7.384e+01 201 2 1 1.186e+01 3.014e+01 170 2 4 2.945e+01 5.455e+01 233 2 3 4.610e+01 7.990e+01 314 3 1 4.751e+02 4.909e+02 146
5409 19 0 1 6.090e+02 6.090e+02 -3 0 3 6.052e+02 6.128e+02 70 0 2 6.615e+02 6.825e+02 195 0 2 6.269e+02 6.331e+02 58 0 1 6.339e+02 6.681e+02 317 0 4 6.289e+02 6.311e+02 21 0 4 6.151e+02 6.449e+02 276 0 1 5.921e+02 6.259e+02 315 0 3 5.913e+02 6.267e+02 330 0 2 6.109e+02 6.491e+02 356 2 3 1.330e+01 2.870e+01 143 2 2 1.258e+02 1.262e+02 5 2 2 3.892e+01 4.508e+01 57 2 3 9.892e+01 1.111e+02 113 2 1 1.115e+01 3.085e+01 183 2 4 1.074e+02 1.446e+02 346 2 4 2.461e+01 5.939e+01 323 2 1 4.781e+01 7.819e+01 282 2 3 3.160e+00 3.884e+01 331
5410 7 1 2 6.210e+02 6.390e+02 167 1 4 6.161e+02 6.439e+02 259 2 3 4.410e+02 4.410e+02 0 2 3 5.359e+01 7.241e+01 175 2 3 5.671e+00 3.633e+01 285 2 4 4.070e+02 4.330e+02 241 3 1 3.569e+02 3.571e+02 1
5411 10 0 4 4.951e+02 5.129e+02 166 0 2 1.552e+02 1.808e+02 237 0 1 5.545e+02 5.795e+02 233 0 4 1.434e+02 1.926e+02 456 0 2 4.931e+02 5.149e+02 203 0 4 2.710e+02 3.170e+02 426 0 3 5.549e+02 5.791e+02 226 0 1 1.649e+02 2.131e+02 448 0 1 4.606e+02 5.054e+02 416 3 4 3.579e+02 3.981e+02 374
5412 0
5413 66 0 1 6.495e+02 6.525e+02 28 0 1 4.784e+02 4.876e+02 85 0 4 3.736e+02 3.824e+02 81 0 3 5.664e+02 5.676e+02 11 0 3 1.509e+01 2.691e+01 110 0 4 5.849e+02 5.911e+02 57 0 4 4.991e+02 5.089e+02 91 0 4 2.403e+01 5.997e+01 334 0 1 5.628e+02 5.712e+02 77 0 2 6.276e+02 6.324e+02 45 0 2 6.611e+02 6.829e+02 202 0 1 4.724e+02 4.936e+02 197 0 3 5.544e+02 5.796e+02 234 0 4 6.261e+02 6.339e+02 73 0 4 6.582e+02 6.858e+02 256 0 3 4.730e+02 4.930e+02 186 0 1 5.980e+02 6.200e+02 205 0 1 6.345e+02 6.675e+02 307 0 2 4.937e+02 5.143e+02 190 0 3 5.999e+02 6.181e+02 169 1 4 5.880e+02 5.880e+02 -5 1 1 6.090e+02 6.090e+02 -7 1 3 5.670e+02 5.670e+02 -20 1 3 6.083e+02 6.097e+02 14 1 2 5.876e+02 5.884e+02 7 1 2 6.285e+02 6.315e+02 27 1 1 5.599e+02 5.741e+02 132 1 4 6.289e+02 6.311e+02 21 1 4 5.746e+02 6.014e+02 248 1 4 6.158e+02 6.442e+02 263 1 4 5.287e+02 5.633e+02 320 1 2 6.109e+02 6.491e+02 355 1 1 5.525e+02 5.815e+02 269 2 3 2.100e+01 2.100e+01 -20 2 3 1.047e+02 1.053e+02 6 2 4 5.872e+02 5.888e+02 16 2 1 2.310e+02 2.310e+02 -17 2 1 4.409e+02 4.411e+02 2 2 1 3.121e+02 3.179e+02 54 2 1 6.090e+02 6.090e+02 -19 2 4 3.767e+02 3.793e+02 24 2 3 3.970e+02 4.010e+02 36 2 1 2.088e+01 2.112e+01 2 2 4 6.286e+02 6.314e+02 26 2 4 8.137e+01 8.663e+01 49 2 2 4.138e+02 4.262e+02 116 2 2 2.068e+02 2.132e+02 60 2 3 6.041e+02 6.139e+02 91 2 3 2.713e+02 2.747e+02 32 2 1 3.890e+02 4.090e+02 186 2 4 3.342e+02 3.378e+02 33 2 2 5.739e+02 6.021e+02 262 2 2 3.147e+01 5.253e+01 196 2 3 4.219e+02 4.601e+02 354 2 3 1.777e+02 2.003e+02 210 2 4 2.014e+02 2.186e+02 160 2 2 2.911e+02 2.969e+02 55 2 1 7.064e+00 3.494e+01 259 2 1 1.754e+02 2.026e+02 252 2 4 2.432e+02 2.608e+02 164 2 1 3.040e+02 3.260e+02 205 2 2 2.452e+01 5.948e+01 325 2 3 2.130e+02 2.490e+02 335 2 3 2.594e+02 2.866e+02 253 2 2 2.347e+02 2.693e+02 322 2 4 2.812e+02 3.068e+02 238
5414 7 0 1 6.449e+02 6.571e+02 114 0 3 6.398e+02 6.622e+02 207 0 2 6.613e+02 6.827e+02 200 0 4 6.656e+02 6.784e+02 118 2 4 7.522e+01 9.278e+01 163 2 3 9.914e+01 1.109e+02 109 2 2 6.603e+01 1.020e+02 334
5415 16 0 4 6.278e+02 6.322e+02 41 0 4 4.854e+02 5.226e+02 345 0 2 4.467e+02 4.773e+02 285 0 4 4.437e+02 4.803e+02 340 2 4 3.767e+02 3.793e+02 24 2 1 6.181e+01 6.419e+01 22 2 1 5.582e+02 5.758e+02 163 2 2 4.103e+01 4.297e+01 18 2 3 6.500e+02 6.520e+02 18 2 4 2.803e+02 3.077e+02 255 2 2 5.335e+02 5.585e+02 233 2 4 6.171e+02 6.429e+02 240 2 3 3.831e+02 4.149e+02 296 2 3 5.093e+02 5.407e+02 291 2 4 4.837e+02 5.243e+02 377 2 4 5.282e+02 5.638e+02 331
5416 3 0 4 6.232e+02 6.368e+02 126 0 3 6.481e+02 6.539e+02 54 0 2 6.128e+02 6.472e+02 319
5417 0
5418 64 0 1 2.727e+02 2.733e+02 6 0 1 6.504e+02 6.516e+02 10 0 4 3.350e+02 3.370e+02 19 0 3 4.405e+02 4.415e+02 9 0 1 2.271e+02 2.349e+02 73 0 4 4.582e+02 4.658e+02 71 0 1 3.564e+02 3.576e+02 10 0 3 5.663e+02 5.677e+02 14 0 2 3.493e+01 4.907e+01 131 0 2 6.286e+02 6.314e+02 26 0 4 2.051e+02 2.149e+02 90 0 2 6.708e+02 6.732e+02 22 0 2 2.843e+02 3.037e+02 180 0 4 4.194e+02 4.206e+02 11 0 2 3.276e+02 3.444e+02 156 0 1 5.235e+02 5.265e+02 28 0 4 2.860e+02 3.020e+02 148 0 4 6.267e+02 6.333e+02 60 0 2 3.646e+02 3.914e+02 250 0 4 6.699e+02 6.741e+02 40 0 1 3.067e+02 3.233e+02 155 0 1 3.836e+02 4.144e+02 286 0 2 5.445e+02 5.475e+02 27 0 4 5.824e+02 5.936e+02 105 0 3 6.462e+02 6.558e+02 90 0 3 3.834e+02 4.146e+02 290 0 1 5.662e+02 5.678e+02 16 0 3 5.892e+02 6.288e+02 368 0 3 5.197e+02 5.303e+02 98 0 3 5.107e+02 5.393e+02 265 1 1 5.646e+02 5.694e+02 45 1 1 6.090e+02 6.090e+02 -6 1 2 4.049e+02 4.351e+02 280 1 2 5.875e+02 5.885e+02 10 1 3 6.090e+02 6.090e+02 -1 1 4 5.862e+02 5.898e+02 33 1 2 6.295e+02 6.305e+02 10 1 1 5.491e+02 5.849e+02 332 1 4 6.297e+02 6.303e+02 6 2 4 8.400e+01 8.400e+01 -17 2 1 1.851e+02 1.929e+02 73 2 4 2.501e+02 2.539e+02 36 2 3 5.218e+02 5.282e+02 60 2 4 2.928e+02 2.952e+02 21 2 4 4.133e+02 4.267e+02 125 2 4 3.335e+02 3.385e+02 47 2 4 5.322e+02 5.598e+02 256 2 4 4.161e+01 4.239e+01 7 2 3 4.302e+02 4.518e+02 200 2 3 1.034e+02 1.066e+02 30 2 3 1.875e+02 1.905e+02 28 2 2 2.023e+02 2.177e+02 142 2 3 3.117e+02 3.183e+02 61 2 3 3.480e+02 3.660e+02 167 2 1 6.042e+01 6.558e+01 48 2 2 7.396e+01 9.404e+01 186 2 4 1.566e+02 1.794e+02 212 2 4 1.954e+02 2.246e+02 270 2 2 3.143e+01 5.257e+01 196 2 2 1.510e+02 1.850e+02 316 2 1 2.115e+02 2.505e+02 363 2 3 5.095e+01 7.505e+01 224 2 3 1.025e+01 3.175e+01 200 2 2 2.568e+01 5.832e+01 303
5419 0
5420 5 0 2 6.060e+02 6.540e+02 446 0 4 6.056e+02 6.544e+02 453 1 2 5.633e+02 6.127e+02 458 1 4 5.638e+02 6.122e+02 450 2 4 5.449e+02 5.471e+02 21
5421 1 0 1 1.864e+02 1.916e+02 49
5422 0
5425 11 0 1 1.428e+02 1.512e+02 77 0 2 2.098e+02 2.102e+02 4 0 2 1.220e+02 1.300e+02 74 0 1 1.743e+02 2.037e+02 272 0 3 1.715e+02 2.065e+02 325 1 1 2.310e+02 2.310e+02 -24 1 3 2.310e+02 2.310e+02 -1 1 2 2.404e+02 2.636e+02 216 1 4 2.395e+02 2.645e+02 232 3 1 5.178e+02 5.322e+02 134 3 4 4.474e+02 4.766e+02 270
5426 5 1 2 5.016e+02 5.064e+02 44 1 2 4.852e+02 5.228e+02 349 2 2 1.545e+02 1.815e+02 250 2 4 1.507e+02 1.853e+02 320 2 1 1.294e+02 1.646e+02 326
5427 0
5428 0
5429 16 0 3 4.369e+02 4.451e+02 76 0 4 5.808e+02 5.952e+02 134 0 2 6.647e+02 6.793e+02 136 0 2 6.196e+02 6.404e+02 194 0 1 6.436e+02 6.584e+02 138 0 2 4.963e+02 5.117e+02 142 0 1 5.989e+02 6.191e+02 187 0 4 6.581e+02 6.859e+02 259 0 4 4.954e+02 5.126e+02 159 0 3 5.926e+02 6.254e+02 304 0 2 4.551e+02 4.689e+02 129 0 2 6.102e+02 6.498e+02 367 0 1 4.720e+02 4.940e+02 205 0 3 4.575e+02 5.085e+02 473 1 2 6.245e+02 6.355e+02 101 1 3 5.977e+02 6.203e+02 210
5430 0
5431 7 0 2 6.713e+02 6.727e+02 14 0 4 6.657e+02 6.783e+02 117 1 2 6.171e+02 6.429e+02 240 2 1 1.940e+01 2.260e+01 30 2 3 9.649e+01 1.135e+02 158 2 3 1.819e+01 2.381e+01 52 2 4 6.576e+01 1.022e+02 339
5432 13 0 4 4.620e+02 4.620e+02 -19 0 3 4.366e+02 4.454e+02 82 0 4 4.561e+02 4.679e+02 110 0 1 3.990e+02 3.990e+02 -9 0 4 5.845e+02 5.915e+02 66 0 4 4.423e+02 4.817e+02 366 0 1 6.033e+02 6.147e+02 106 0 4 3.992e+02 4.408e+02 386 2 2 3.690e+01 4.710e+01 95 2 3 1.465e+01 2.735e+01 118 2 1 8.272e+00 3.373e+01 236 2 3 -3.433e-01 4.234e+01 396 2 1 4.467e+01 8.133e+01 340
5433 59 0 1 4.821e+02 4.839e+02 16 0 4 2.925e+02 2.955e+02 27 0 3 6.078e+02 6.102e+02 23 0 4 3.758e+02 3.802e+02 41 0 2 6.715e+02 6.725e+02 9 0 3 1.859e+02 1.921e+02 58 0 1 3.978e+02 4.002e+02 23 0 4 2.041e+02 2.159e+02 110 0 2 5.026e+02 5.054e+02 26 0 2 3.332e+02 3.388e+02 52 0 3 5.659e+02 5.681e+02 20 0 3 1.778e+02 2.002e+02 208 0 2 6.296e+02 6.304e+02 8 0 1 3.546e+02 3.594e+02 44 0 4 6.714e+02 6.726e+02 11 0 3 1.687e+02 2.093e+02 377 0 4 4.150e+02 4.250e+02 93 0 2 3.688e+02 3.872e+02 170 0 4 5.034e+02 5.046e+02 11 0 4 3.247e+02 3.473e+02 210 0 2 5.422e+02 5.498e+02 71 0 4 3.180e+02 3.540e+02 334 0 4 6.285e+02 6.315e+02 28 0 1 6.493e+02 6.527e+02 31 0 3 3.895e+02 4.085e+02 177 0 3 4.782e+02 4.878e+02 90 0 1 5.157e+02 5.343e+02 172 0 4 5.865e+02 5.895e+02 28 0 3 6.482e+02 6.538e+02 52 0 2 4.938e+02 5.142e+02 189 0 1 5.505e+02 5.835e+02 306 0 1 6.060e+02 6.120e+02 56 0 4 6.520e+02 6.920e+02 370 0 3 4.683e+02 4.977e+02 273 0 3 5.517e+02 5.823e+02 284 0 3 5.056e+02 5.444e+02 360 1 2 6.300e+02 6.300e+02 -1 1 2 5.880e+02 5.880e+02 -1 1 4 6.293e+02 6.307e+02 14 1 4 5.858e+02 5.902e+02 40 1 1 6.070e+02 6.110e+02 38 1 2 5.432e+02 5.488e+02 51 1 3 6.067e+02 6.113e+02 42 1 1 5.508e+02 5.832e+02 300 2 4 1.674e+02 1.686e+02 11 2 2 2.504e+02 2.536e+02 29 2 4 4.578e+02 4.662e+02 78 2 4 2.409e+02 2.631e+02 206 2 1 4.812e+02 4.848e+02 34 2 4 2.861e+02 3.019e+02 147 2 3 2.152e+02 2.468e+02 293 2 3 4.283e+02 4.537e+02 236 2 1 2.605e+02 2.855e+02 231 2 2 4.492e+02 4.748e+02 237 2 4 3.185e+02 3.535e+02 325 2 3 4.695e+02 4.965e+02 251 2 2 2.524e+01 5.876e+01 311 2 4 4.475e+02 4.765e+02 270 2 4 2.746e+02 3.134e+02 360
5434 1 2 4 4.844e+02 5.236e+02 364
5435 11 0 1 6.510e+02 6.510e+02 -9 0 2 6.702e+02 6.738e+02 33 1 3 5.182e+02 5.318e+02 127 1 4 5.785e+02 5.975e+02 176 1 3 5.542e+02 5.798e+02 237 2 2 1.645e+02 1.715e+02 66 2 4 1.658e+02 1.702e+02 41 2 4 2.412e+02 2.628e+02 200 2 3 2.661e+02 2.799e+02 129 2 3 1.720e+02 2.060e+02 316 2 1 1.732e+02 2.048e+02 294
5436 18 0 2 6.704e+02 6.736e+02 30 0 3 5.617e+02 5.723e+02 98 0 4 6.602e+02 6.838e+02 219 0 2 4.456e+02 4.784e+02 304 0 1 4.705e+02 4.955e+02 232 1 2 5.748e+02 6.012e+02 246 1 4 5.634e+02 6.126e+02 456 1 3 5.821e+02 6.359e+02 500 2 1 3.134e+02 3.166e+02 29 2 3 1.518e+01 2.682e+01 108 2 3 3.119e+02 3.181e+02 58 2 1 1.353e+01 2.847e+01 139 2 4 1.524e+02 1.836e+02 289 2 4 1.960e+02 2.240e+02 260 2 4 2.904e+02 2.976e+02 66 2 2 3.188e+02 3.532e+02 319 2 4 2.636e+01 5.764e+01 290 2 4 2.781e+02 3.099e+02 296
5437 11 0 4 6.232e+02 6.368e+02 127 0 4 3.713e+02 3.847e+02 125 0 3 6.391e+02 6.629e+02 220 0 2 6.050e+02 6.550e+02 465 0 2 6.591e+02 6.849e+02 239 0 4 6.537e+02 6.903e+02 340 1 3 5.248e+02 5.252e+02 4 1 3 5.662e+02 5.678e+02 16 1 3 5.064e+02 5.436e+02 345 1 4 5.760e+02 6.000e+02 222 2 3 2.131e+02 2.489e+02 333
5438 54 0 3 6.058e+02 6.122e+02 59 0 1 6.470e+02 6.550e+02 75 0 1 6.042e+02 6.138e+02 90 0 3 6.444e+02 6.576e+02 123 0 4 6.632e+02 6.808e+02 164 0 4 4.016e+02 4.384e+02 342 0 4 5.692e+02 6.068e+02 350 0 2 6.536e+02 6.904e+02 341 0 3 4.227e+02 4.593e+02 340 1 4 2.520e+02 2.520e+02 -19 1 1 2.645e+02 2.815e+02 157 1 2 6.248e+02 6.352e+02 96 1 1 3.445e+02 3.695e+02 232 1 4 6.230e+02 6.370e+02 130 2 4 1.680e+02 1.680e+02 -13 2 4 2.504e+02 2.536e+02 30 2 3 3.942e+02 4.038e+02 90 2 1 2.688e+02 2.772e+02 79 2 4 4.612e+02 4.628e+02 15 2 4 3.746e+02 3.814e+02 63 2 2 5.447e+02 5.473e+02 24 2 1 6.032e+01 6.568e+01 50 2 4 5.841e+02 5.919e+02 73 2 4 8.276e+01 8.524e+01 23 2 2 4.109e+02 4.291e+02 169 2 1 1.436e+02 1.504e+02 63 2 3 4.752e+02 4.908e+02 145 2 3 2.687e+02 2.773e+02 80 2 3 5.107e+02 5.393e+02 265 2 3 3.548e+02 3.592e+02 41 2 3 6.026e+02 6.154e+02 119 2 3 5.840e+01 6.760e+01 86 2 1 3.802e+02 4.178e+02 350 2 4 1.148e+02 1.372e+02 207 2 1 4.731e+02 4.929e+02 184 2 3 1.377e+02 1.563e+02 172 2 4 5.353e+02 5.567e+02 199 2 2 2.325e+02 2.715e+02 361 2 2 5.681e+02 6.079e+02 369 2 3 2.633e+02 2.827e+02 180 2 2 4.874e+02 5.206e+02 308 2 2 3.233e+02 3.487e+02 236 2 4 3.811e+01 4.589e+01 72 2 2 7.204e+01 9.596e+01 222 2 2 1.520e+02 1.840e+02 296 2 2 2.779e+02 3.101e+02 299 2 1 3.439e+02 3.701e+02 244 2 1 1.366e+01 2.834e+01 136 2 3 9.317e+01 1.168e+02 220 2 4 1.542e+02 1.818e+02 256 2 1 2.571e+02 2.889e+02 296 2 4 3.610e+02 3.950e+02 316 2 2 2.268e+01 6.132e+01 359 2 4 3.182e+02 3.538e+02 330
5439 14 0 1 4.639e+02 5.021e+02 356 0 2 3.556e+02 4.004e+02 416 0 1 4.236e+02 4.584e+02 323 0 4 4.403e+02 4.837e+02 404 0 4 3.597e+02 3.963e+02 340 0 3 6.254e+02 6.766e+02 476 0 2 6.465e+02 6.975e+02 473 1 4 6.113e+02 6.487e+02 348 2 3 1.788e+01 2.412e+01 58 2 4 7.751e+01 9.049e+01 120 2 3 9.447e+01 1.155e+02 196 2 2 2.214e+01 6.186e+01 369 2 2 6.993e+01 9.807e+01 261 2 4 1.631e+01 6.769e+01 477
5440 36 0 4 6.717e+02 6.723e+02 6 0 1 6.080e+02 6.100e+02 18 0 1 1.345e+02 1.595e+02 231 0 1 6.487e+02 6.533e+02 43 0 2 5.018e+02 5.062e+02 41 0 2 1.132e+02 1.388e+02 237 0 3 5.127e+02 5.373e+02 229 0 4 1.544e+02 1.816e+02 253 0 3 6.070e+02 6.110e+02 38 0 3 6.455e+02 6.565e+02 101 0 2 6.202e+02 6.398e+02 182 0 2 6.720e+02 6.720e+02 0 0 4 6.179e+02 6.421e+02 224 0 4 6.583e+02 6.857e+02 254 0 1 6.353e+02 6.667e+02 292 0 3 6.333e+02 6.687e+02 329 1 2 5.455e+02 5.465e+02 9 1 1 5.168e+02 5.332e+02 152 1 3 5.645e+02 5.695e+02 46 1 4 5.778e+02 5.982e+02 189 2 3 2.084e+01 2.116e+01 3 2 4 8.400e+01 8.400e+01 -6 2 3 1.464e+02 1.476e+02 11 2 2 3.762e+01 4.638e+01 81 2 3 1.010e+02 1.090e+02 74 2 1 1.374e+02 1.566e+02 179 2 1 6.181e+01 6.419e+01 22 2 4 1.210e+02 1.310e+02 93 2 3 1.360e+02 1.580e+02 205 2 1 1.712e+01 2.488e+01 72 2 2 1.163e+02 1.357e+02 180 2 2 1.524e+02 1.836e+02 290 2 4 3.506e+01 4.894e+01 129 2 4 1.104e+02 1.416e+02 289 2 3 5.440e+01 7.160e+01 160 2 2 6.562e+01 1.024e+02 341
5441 17 0 2 5.460e+02 5.460e+02 -22 0 2 6.300e+02 6.300e+02 -11 0 3 6.510e+02 6.510e+02 -22 0 4 6.256e+02 6.344e+02 82 0 4 6.688e+02 6.752e+02 60 0 1 5.927e+02 6.253e+02 302 0 3 6.378e+02 6.642e+02 245 0 3 5.510e+02 5.830e+02 297 0 1 5.089e+02 5.411e+02 300 2 4 3.699e+02 3.861e+02 151 2 4 4.536e+02 4.704e+02 156 2 2 1.225e+02 1.295e+02 65 2 1 1.410e+02 1.530e+02 111 2 3 3.471e+02 3.669e+02 185 2 1 9.487e+00 3.251e+01 214 2 2 3.683e+02 3.877e+02 180 2 3 9.487e+00 3.251e+01 214
5442 2 1 4 6.238e+02 6.362e+02 116 1 3 5.970e+02 6.210e+02 222
5443 3 0 4 2.092e+02 2.108e+02 16 1 2 2.013e+02 2.187e+02 162 2 3 4.708e+02 4.952e+02 226
5444 4 0 1 5.433e+02 5.907e+02 440 0 4 5.694e+02 6.066e+02 345 2 3 3.507e+02 3.633e+02 116 2 4 3.748e+02 3.812e+02 59
5445 1 0 4 6.268e+02 6.332e+02 59
5446 45 0 1 6.502e+02 6.518e+02 15 0 1 5.240e+02 5.260e+02 19 0 3 5.978e+02 6.202e+02 207 0 2 4.930e+02 5.150e+02 204 0 3 5.234e+02 5.266e+02 30 0 4 5.772e+02 5.988e+02 200 0 2 6.569e+02 6.871e+02 280 0 2 4.877e+02 5.203e+02 303 0 2 5.421e+02 5.499e+02 73 0 4 5.663e+02 6.097e+02 404 0 4 6.556e+02 6.884e+02 304 0 3 5.591e+02 5.749e+02 146 0 1 5.886e+02 6.294e+02 380 0 1 5.091e+02 5.409e+02 296 0 2 5.302e+02 5.618e+02 294 1 3 5.661e+02 5.679e+02 17 1 2 6.289e+02 6.311e+02 20 1 3 5.560e+02 5.780e+02 205 1 4 6.280e+02 6.320e+02 37 1 2 5.786e+02 5.974e+02 174 1 1 5.962e+02 6.218e+02 237 1 4 5.785e+02 5.975e+02 176 2 4 2.498e+02 2.542e+02 41 2 3 3.136e+02 3.164e+02 26 2 4 4.112e+01 4.288e+01 16 2 2 1.245e+02 1.275e+02 27 2 1 2.268e+02 2.352e+02 78 2 1 2.695e+02 2.765e+02 66 2 2 3.286e+02 3.434e+02 137 2 3 6.060e+01 6.540e+01 45 2 2 8.254e+01 8.546e+01 27 2 1 1.355e+02 1.585e+02 213 2 2 2.461e+02 2.579e+02 110 2 4 2.836e+02 3.044e+02 193 2 1 5.387e+01 7.213e+01 170 2 4 7.190e+01 9.610e+01 225 2 3 1.703e+02 2.077e+02 347 2 2 2.042e+02 2.158e+02 108 2 4 2.631e+01 5.769e+01 291 2 3 9.295e+01 1.171e+02 224 2 4 1.987e+02 2.213e+02 210 2 4 1.121e+02 1.399e+02 259 2 3 2.119e+02 2.501e+02 355 2 2 7.006e+01 9.794e+01 259 3 1 5.001e+00 3.700e+01 297
5447 4 0 2 6.280e+02 6.320e+02 38 0 4 6.249e+02 6.351e+02 94 0 3 5.930e+02 6.250e+02 297 0 1 6.323e+02 6.697e+02 347
5448 2 0 3 4.830e+02 4.830e+02 -24 0 4 6.718e+02 6.722e+02 5
