47947 2 1 4 5.019e+02 5.061e+02 40 1 4 4.854e+02 5.226e+02 345
47948 0
47949 0
47951 7 0 1 6.145e+01 6.455e+01 29 0 2 8.137e+01 8.663e+01 49 0 3 9.340e+01 1.166e+02 216 0 4 6.742e+01 1.006e+02 308 2 2 6.645e+02 6.795e+02 139 2 4 6.620e+02 6.820e+02 186 2 3 6.322e+02 6.698e+02 350
47952 3 0 1 6.300e+02 6.720e+02 390 0 3 6.297e+02 6.723e+02 396 1 2 6.180e+02 6.420e+02 223
47953 9 2 4 2.508e+02 2.532e+02 23 2 4 6.294e+02 6.306e+02 10 2 4 5.860e+02 5.900e+02 37 2 1 2.277e+02 2.343e+02 61 2 3 2.718e+02 2.742e+02 22 2 1 6.033e+02 6.147e+02 106 2 3 3.110e+02 3.190e+02 74 2 2 6.277e+02 6.323e+02 42 2 3 5.933e+02 6.247e+02 291
47954 0
47955 13 0 2 6.284e+02 6.316e+02 30 0 3 5.943e+02 6.237e+02 274 2 2 4.991e+02 5.089e+02 91 2 3 2.147e+02 2.473e+02 302 2 1 5.119e+02 5.381e+02 243 3 3 3.116e+02 3.184e+02 63 3 1 3.982e+02 3.998e+02 16 3 4 3.329e+02 3.391e+02 58 3 3 3.987e+02 3.993e+02 6 3 2 4.060e+02 4.340e+02 260 3 2 2.935e+02 2.945e+02 10 3 4 3.719e+02 3.841e+02 113 3 4 3.610e+02 3.950e+02 316
47956 0
47957 0
47958 13 1 1 5.247e+02 5.253e+02 6 1 2 4.900e+02 5.180e+02 260 1 1 5.066e+02 5.434e+02 341 2 4 6.294e+02 6.306e+02 10 2 2 3.942e+01 4.458e+01 48 2 4 1.254e+02 1.266e+02 10 2 1 6.420e+02 6.600e+02 168 2 2 7.742e+01 9.058e+01 122 2 3 6.458e+02 6.562e+02 97 2 3 1.307e+02 1.633e+02 303 2 3 4.642e+02 5.018e+02 350 2 2 6.553e+02 6.887e+02 310 3 3 6.275e+01 6.325e+01 5
47962 0
47963 0
47964 1 1 4 6.217e+02 6.383e+02 155
47965 4 0 1 5.661e+02 5.679e+02 17 0 4 6.269e+02 6.331e+02 57 0 3 5.627e+02 5.713e+02 80 2 3 1.788e+01 2.412e+01 58
47966 0
47967 0
47968 7 0 3 1.022e+02 1.078e+02 51 0 3 2.296e+02 2.324e+02 26 0 2 7.451e+01 9.349e+01 176 0 2 2.008e+02 2.192e+02 170 0 1 8.528e+01 1.247e+02 366 0 1 1.708e+02 2.072e+02 337 0 4 2.375e+02 2.665e+02 270
47969 6 0 1 6.004e+02 6.176e+02 160 0 3 5.981e+02 6.199e+02 203 0 4 6.227e+02 6.373e+02 136 2 4 1.629e+02 1.731e+02 94 2 2 5.851e+02 5.909e+02 53 2 3 5.351e+01 7.249e+01 176
47970 10 0 2 6.671e+02 6.769e+02 90 0 4 6.693e+02 6.747e+02 50 0 1 6.368e+02 6.652e+02 263 0 3 6.347e+02 6.673e+02 303 0 2 6.576e+02 6.864e+02 267 2 3 5.654e+02 5.686e+02 29 2 2 5.822e+02 5.938e+02 107 2 4 5.286e+02 5.634e+02 324 2 2 5.692e+02 6.068e+02 349 3 1 4.252e+02 4.568e+02 293
47971 0
47972 0
47973 26 0 1 5.230e+02 5.270e+02 37 0 1 4.670e+02 4.990e+02 298 0 2 5.438e+02 5.482e+02 40 0 3 6.370e+02 6.650e+02 260 0 4 4.904e+02 5.176e+02 253 0 3 5.102e+02 5.398e+02 276 0 2 6.058e+02 6.542e+02 449 0 2 6.573e+02 6.867e+02 273 0 2 4.816e+02 5.264e+02 416 0 1 5.421e+02 5.919e+02 463 0 4 6.039e+02 6.561e+02 486 0 4 6.558e+02 6.882e+02 301 0 3 5.417e+02 5.923e+02 470 0 3 6.252e+02 6.768e+02 479 0 2 6.471e+02 6.969e+02 462 1 3 5.666e+02 5.674e+02 7 2 3 6.248e+01 6.352e+01 10 2 1 6.208e+01 6.392e+01 17 2 1 6.165e+00 3.583e+01 276 2 2 6.531e+01 1.027e+02 347 2 1 4.579e+02 5.081e+02 466 2 4 2.174e+01 6.226e+01 376 2 4 1.018e+02 1.502e+02 449 2 3 1.636e+02 2.144e+02 472 2 3 -7.875e-01 4.279e+01 405 2 1 1.212e+02 1.728e+02 480
47974 6 0 1 6.483e+02 6.537e+02 50 0 4 6.610e+02 6.830e+02 204 0 3 6.417e+02 6.603e+02 172 0 2 6.589e+02 6.851e+02 244 3 3 4.830e+01 7.770e+01 273 3 2 2.789e+01 5.611e+01 262
47975 46 0 3 5.980e+02 6.200e+02 204 0 2 3.675e+02 3.885e+02 196 0 2 6.622e+02 6.818e+02 182 0 3 5.121e+02 5.379e+02 239 0 2 6.188e+02 6.412e+02 209 0 1 3.388e+02 3.752e+02 338 0 4 6.616e+02 6.824e+02 193 0 4 3.535e+02 4.025e+02 455 0 3 3.750e+02 4.230e+02 446 0 2 4.873e+02 5.207e+02 310 0 4 6.199e+02 6.401e+02 187 0 3 6.351e+02 6.669e+02 296 0 4 4.796e+02 5.284e+02 454 0 4 5.760e+02 6.000e+02 223 0 1 6.306e+02 6.714e+02 380 0 1 5.984e+02 6.196e+02 196 0 1 5.880e+02 6.300e+02 390 0 3 5.842e+02 6.338e+02 460 1 3 4.816e+02 4.844e+02 26 1 3 5.981e+02 6.199e+02 203 1 4 4.893e+02 5.187e+02 273 1 3 5.056e+02 5.444e+02 360 2 4 4.200e+01 4.200e+01 -0 2 4 5.851e+02 5.909e+02 54 2 4 8.132e+01 8.668e+01 50 2 3 1.866e+02 1.914e+02 46 2 1 6.053e+02 6.127e+02 69 2 1 1.124e+01 3.076e+01 181 2 3 6.068e+02 6.112e+02 40 2 4 7.289e+01 9.511e+01 206 2 3 6.353e+02 6.667e+02 291 2 1 1.367e+02 1.573e+02 190 2 3 5.957e+02 6.223e+02 246 2 3 2.638e+02 2.822e+02 170 2 1 1.006e+00 4.099e+01 371 2 2 6.135e+02 6.465e+02 307 2 3 9.411e+01 1.159e+02 202 2 3 1.380e+02 1.560e+02 168 2 2 2.839e+02 3.041e+02 187 2 3 6.525e+00 3.547e+01 269 2 2 1.059e+02 1.461e+02 373 2 2 1.415e+02 1.945e+02 493 2 4 2.674e+02 3.206e+02 495 2 3 3.924e+01 8.676e+01 441 2 4 1.006e+02 1.514e+02 472 2 2 6.046e+01 1.075e+02 437
47976 19 0 4 6.278e+02 6.322e+02 40 1 1 5.247e+02 5.253e+02 6 1 3 5.155e+02 5.345e+02 176 1 3 5.086e+02 5.414e+02 304 2 3 6.060e+01 6.540e+01 45 2 1 1.457e+02 1.483e+02 25 2 4 3.213e+02 3.507e+02 273 2 3 4.399e+02 4.421e+02 20 2 3 7.737e+00 3.426e+01 246 2 2 4.561e+02 4.679e+02 110 2 4 1.160e+02 1.360e+02 186 2 4 5.859e+02 5.901e+02 40 2 3 1.419e+02 1.521e+02 95 2 2 1.080e+02 1.440e+02 335 2 4 4.138e+02 4.262e+02 116 2 1 4.670e+02 4.990e+02 297 3 3 2.100e+01 2.100e+01 -4 3 1 6.167e+01 6.433e+01 25 3 2 3.484e+01 4.916e+01 133
47977 0
47978 15 0 1 5.670e+02 5.670e+02 -0 0 1 4.830e+02 4.830e+02 -24 0 2 2.488e+02 2.552e+02 59 0 3 5.658e+02 5.682e+02 21 0 1 4.351e+02 4.469e+02 110 0 4 3.199e+02 3.521e+02 299 0 2 4.529e+02 4.711e+02 169 0 1 5.593e+02 5.747e+02 142 0 3 4.341e+02 4.479e+02 129 0 4 4.535e+02 4.705e+02 157 0 3 5.545e+02 5.795e+02 231 0 4 4.038e+02 4.362e+02 300 0 2 5.298e+02 5.622e+02 300 1 4 5.715e+02 6.045e+02 307 2 3 4.709e+02 4.951e+02 224
47979 1 0 2 6.286e+02 6.314e+02 26
47980 0
47981 9 0 3 5.670e+02 5.670e+02 -17 0 4 6.257e+02 6.343e+02 80 0 2 6.693e+02 6.747e+02 50 0 2 5.374e+02 5.546e+02 160 0 1 6.027e+02 6.153e+02 116 0 4 6.666e+02 6.774e+02 100 0 1 5.547e+02 5.793e+02 229 0 3 6.006e+02 6.174e+02 156 0 2 6.598e+02 6.842e+02 226
47982 15 0 4 6.288e+02 6.312e+02 22 0 2 6.652e+02 6.788e+02 126 0 3 5.621e+02 5.719e+02 91 0 4 5.746e+02 6.014e+02 250 0 4 6.647e+02 6.793e+02 136 0 3 5.960e+02 6.220e+02 240 0 3 6.419e+02 6.601e+02 170 0 1 5.926e+02 6.254e+02 305 0 3 6.369e+02 6.651e+02 262 0 2 6.565e+02 6.875e+02 288 1 1 2.719e+02 2.741e+02 21 2 3 1.050e+02 1.050e+02 -15 2 1 1.390e+02 1.550e+02 149 2 4 1.209e+02 1.311e+02 94 2 1 2.144e+02 2.476e+02 308
47983 22 0 4 2.097e+02 2.103e+02 6 0 4 6.714e+02 6.726e+02 11 0 3 1.819e+02 1.961e+02 132 0 2 6.126e+02 6.474e+02 323 0 1 6.483e+02 6.537e+02 50 0 2 6.698e+02 6.742e+02 40 0 1 6.380e+02 6.640e+02 240 0 3 6.327e+02 6.693e+02 340 0 4 6.543e+02 6.897e+02 328 1 2 2.065e+02 2.135e+02 65 1 4 6.189e+02 6.411e+02 206 2 2 1.260e+02 1.260e+02 -23 2 3 6.045e+02 6.135e+02 84 2 4 8.146e+01 8.654e+01 47 2 4 5.817e+02 5.943e+02 117 2 1 9.575e+00 3.243e+01 212 2 2 5.709e+02 6.051e+02 318 2 3 9.079e+01 1.192e+02 264 2 1 1.288e+02 1.652e+02 339 2 2 6.957e+01 9.843e+01 268 2 4 6.616e+01 1.018e+02 331 3 1 2.100e+01 2.100e+01 -6
47984 6 0 2 6.292e+02 6.308e+02 15 0 1 6.079e+02 6.101e+02 21 0 3 6.505e+02 6.515e+02 10 2 4 2.917e+02 2.963e+02 42 2 1 3.150e+02 3.150e+02 -14 2 2 2.764e+02 3.116e+02 327
47985 18 0 4 6.279e+02 6.321e+02 39 0 2 4.609e+02 4.631e+02 20 0 3 6.482e+02 6.538e+02 52 0 4 4.537e+02 4.703e+02 154 0 2 6.154e+02 6.446e+02 270 0 1 6.419e+02 6.601e+02 170 0 3 4.690e+02 4.970e+02 260 0 4 6.158e+02 6.442e+02 263 0 2 6.591e+02 6.849e+02 239 0 1 4.234e+02 4.586e+02 326 1 1 5.624e+02 5.716e+02 86 1 3 5.649e+02 5.691e+02 40 1 2 5.710e+02 6.050e+02 316 1 4 5.293e+02 5.627e+02 310 2 3 5.607e+02 5.733e+02 117 2 4 5.841e+02 5.919e+02 72 2 3 5.889e+02 6.291e+02 374 2 3 5.488e+02 5.852e+02 338
