35307 6 2 4 1.636e+02 1.724e+02 82 2 2 2.071e+02 2.129e+02 53 2 1 1.415e+01 2.785e+01 127 2 2 1.580e+02 1.780e+02 186 2 3 1.240e+01 2.960e+01 160 2 3 1.706e+02 2.074e+02 342
35308 7 0 3 2.519e+02 2.941e+02 392 0 4 2.717e+02 3.163e+02 414 1 1 5.786e+01 6.814e+01 96 1 1 9.348e+01 1.165e+02 214 1 2 7.648e+01 9.152e+01 140 1 3 5.886e+02 6.294e+02 379 1 4 6.087e+02 6.513e+02 396
35309 9 0 4 4.918e+02 5.162e+02 227 0 2 6.575e+02 6.865e+02 270 0 2 4.847e+02 5.233e+02 359 0 4 6.544e+02 6.896e+02 327 0 4 4.855e+02 5.225e+02 344 0 1 6.274e+02 6.746e+02 439 0 1 4.621e+02 5.039e+02 389 0 3 6.241e+02 6.779e+02 500 2 4 3.762e+01 4.638e+01 81
35315 14 2 4 4.125e+01 4.275e+01 14 2 4 1.650e+02 1.710e+02 56 2 4 2.439e+02 2.601e+02 150 2 2 4.018e+01 4.382e+01 34 2 4 1.159e+02 1.361e+02 188 2 3 1.370e+02 1.570e+02 186 2 1 2.222e+02 2.398e+02 164 2 4 3.578e+01 4.822e+01 116 2 4 6.553e+01 1.025e+02 343 2 2 1.498e+02 1.862e+02 339 2 2 2.391e+02 2.649e+02 239 2 1 7.734e+00 3.427e+01 246 2 2 1.073e+02 1.447e+02 348 2 3 2.800e+00 3.920e+01 338
35320 5 0 3 4.981e+02 5.519e+02 500 2 4 8.263e+01 8.537e+01 26 2 2 2.036e+02 2.164e+02 119 2 3 1.808e+02 1.972e+02 153 2 4 1.937e+02 2.263e+02 303
35321 0
35322 0
35325 2 1 2 1.234e+02 1.286e+02 48 1 1 9.187e+01 1.181e+02 244
35326 27 0 1 6.445e+02 6.575e+02 120 0 3 6.418e+02 6.602e+02 171 0 2 6.590e+02 6.850e+02 240 0 4 6.637e+02 6.803e+02 155 1 3 6.073e+02 6.107e+02 32 2 4 3.341e+02 3.379e+02 35 2 1 1.981e+01 2.219e+01 22 2 1 5.652e+02 5.688e+02 33 2 3 1.446e+02 1.494e+02 44 2 4 6.287e+02 6.313e+02 25 2 3 2.280e+02 2.340e+02 56 2 3 5.983e+02 6.197e+02 199 2 4 2.899e+02 2.981e+02 76 2 4 4.950e+02 5.130e+02 168 2 1 3.537e+02 3.603e+02 62 2 1 5.125e+02 5.375e+02 232 2 4 1.260e+02 1.260e+02 -0 2 2 4.876e+02 5.205e+02 306 2 2 2.487e+02 2.553e+02 62 2 3 5.121e+02 5.379e+02 239 2 1 2.626e+02 2.834e+02 194 2 2 3.244e+02 3.476e+02 216 2 3 5.492e+00 3.651e+01 288 2 4 1.942e+02 2.258e+02 294 2 3 3.417e+02 3.723e+02 285 2 2 1.081e+02 1.439e+02 332 3 1 1.049e+02 1.051e+02 2
35327 18 0 2 6.271e+02 6.329e+02 54 0 1 4.410e+02 4.410e+02 -1 0 2 4.548e+02 4.692e+02 133 0 4 6.237e+02 6.363e+02 116 0 4 4.544e+02 4.696e+02 140 0 2 6.192e+02 6.408e+02 200 0 3 6.347e+02 6.673e+02 302 0 3 4.648e+02 5.012e+02 339 0 1 5.847e+02 6.333e+02 450 2 1 1.868e+02 1.912e+02 40 2 1 6.145e+01 6.455e+01 29 2 3 1.868e+02 1.912e+02 41 2 3 6.145e+01 6.455e+01 29 2 2 7.347e+01 9.453e+01 196 2 4 1.656e+02 1.704e+02 44 2 3 2.137e+02 2.483e+02 321 2 4 2.954e+01 5.446e+01 231 2 2 1.515e+02 1.845e+02 306
35328 9 0 1 4.797e+02 4.863e+02 60 0 4 6.248e+02 6.352e+02 96 0 3 6.455e+02 6.565e+02 102 0 4 4.167e+02 4.233e+02 61 0 4 4.994e+02 5.086e+02 85 0 3 4.710e+02 4.950e+02 222 0 2 4.913e+02 5.167e+02 236 2 4 5.438e+02 5.482e+02 41 2 3 4.807e+01 7.793e+01 277
35329 13 0 4 4.591e+02 4.649e+02 55 0 3 6.034e+02 6.146e+02 104 0 2 6.704e+02 6.736e+02 29 0 3 4.806e+02 4.854e+02 46 0 1 5.987e+02 6.193e+02 190 0 4 6.710e+02 6.730e+02 18 0 4 5.030e+02 5.050e+02 19 0 4 5.711e+02 6.049e+02 313 0 1 6.347e+02 6.673e+02 302 0 1 4.243e+02 4.577e+02 310 0 2 4.596e+02 4.644e+02 46 0 3 4.231e+02 4.589e+02 332 0 4 4.919e+02 5.161e+02 225
35332 17 0 2 6.553e+02 6.887e+02 310 0 1 2.127e+02 2.493e+02 340 0 3 5.470e+02 5.870e+02 370 0 3 2.543e+02 2.917e+02 348 0 1 6.350e+02 6.670e+02 297 0 4 2.294e+02 2.746e+02 419 0 1 5.412e+02 5.928e+02 479 0 4 2.753e+02 3.127e+02 347 0 3 6.346e+02 6.674e+02 304 0 4 6.534e+02 6.906e+02 345 1 4 5.720e+02 6.040e+02 296 1 1 5.915e+02 6.265e+02 325 1 3 5.880e+02 6.300e+02 390 1 4 6.053e+02 6.547e+02 458 2 1 3.248e+00 3.875e+01 330 2 4 6.481e+01 1.032e+02 356 2 3 8.837e+01 1.216e+02 309
35337 12 0 2 6.300e+02 6.300e+02 -5 0 4 6.717e+02 6.723e+02 5 0 4 6.300e+02 6.300e+02 -24 0 1 6.500e+02 6.520e+02 18 0 4 5.819e+02 5.941e+02 113 0 3 6.353e+02 6.667e+02 291 0 2 6.200e+02 6.400e+02 186 0 2 6.584e+02 6.856e+02 253 0 4 6.604e+02 6.836e+02 216 1 2 6.283e+02 6.317e+02 32 2 3 1.349e+02 1.591e+02 226 2 2 1.537e+02 1.823e+02 266
35338 55 0 2 6.293e+02 6.307e+02 12 0 1 6.505e+02 6.515e+02 10 0 4 3.721e+02 3.839e+02 110 0 1 4.392e+02 4.428e+02 33 0 4 4.548e+02 4.692e+02 134 0 2 3.211e+02 3.509e+02 276 0 3 5.642e+02 5.698e+02 51 0 1 3.342e+02 3.798e+02 423 0 4 5.849e+02 5.911e+02 58 0 3 6.492e+02 6.528e+02 33 0 2 4.515e+02 4.725e+02 195 0 2 5.312e+02 5.608e+02 276 0 1 6.045e+02 6.135e+02 83 0 2 6.667e+02 6.773e+02 98 0 4 4.017e+02 4.383e+02 340 0 3 4.641e+02 5.019e+02 351 0 3 6.054e+02 6.126e+02 67 0 2 6.574e+02 6.866e+02 270 0 1 4.253e+02 4.567e+02 291 0 4 4.364e+02 4.876e+02 475 0 3 5.429e+02 5.911e+02 448 0 4 6.184e+02 6.416e+02 215 0 4 6.572e+02 6.868e+02 275 0 3 4.228e+02 4.592e+02 338 0 3 5.906e+02 6.274e+02 341 0 3 3.769e+02 4.211e+02 410 0 2 6.166e+02 6.434e+02 248 0 4 6.114e+02 6.486e+02 346 0 4 5.682e+02 6.078e+02 367 1 2 6.234e+02 6.366e+02 123 1 4 5.653e+02 6.107e+02 421 2 3 1.815e+01 2.385e+01 53 2 2 5.038e+02 5.042e+02 5 2 4 1.254e+02 1.266e+02 10 2 1 5.219e+02 5.281e+02 58 2 1 1.464e+02 1.476e+02 11 2 3 4.757e+02 4.903e+02 136 2 4 2.925e+02 2.955e+02 27 2 4 4.435e+02 4.805e+02 344 2 4 4.054e+01 4.346e+01 27 2 2 8.065e+01 8.735e+01 62 2 3 1.433e+02 1.507e+02 69 2 1 3.025e+02 3.275e+02 231 2 2 3.547e+01 4.853e+01 121 2 3 1.006e+02 1.094e+02 82 2 3 1.328e+02 1.612e+02 265 2 3 2.352e+00 3.965e+01 346 2 4 7.783e+01 9.017e+01 115 2 2 2.645e+01 5.755e+01 289 2 2 1.100e+02 1.420e+02 296 2 1 4.493e+01 8.107e+01 336 2 4 1.138e+02 1.382e+02 226 2 4 6.652e+01 1.015e+02 325 2 3 8.662e+01 1.234e+02 341 3 1 5.637e+02 5.703e+02 60
35339 2 2 4 2.888e+02 2.992e+02 97 2 4 3.167e+02 3.553e+02 358
35341 3 0 2 6.700e+02 6.740e+02 37 0 2 6.586e+02 6.854e+02 249 0 4 6.632e+02 6.808e+02 163
35342 0
35344 6 0 2 6.610e+02 6.830e+02 204 0 4 6.582e+02 6.858e+02 256 2 2 3.574e+01 4.826e+01 116 2 4 3.713e+01 4.687e+01 90 2 1 4.983e+01 7.617e+01 245 2 3 4.942e+01 7.658e+01 252
35347 11 0 1 5.590e+02 5.750e+02 148 0 1 3.517e+02 3.623e+02 98 0 3 6.505e+02 6.515e+02 9 0 2 3.315e+02 3.405e+02 83 0 2 6.576e+02 6.864e+02 267 0 3 6.331e+02 6.689e+02 333 0 4 3.292e+02 3.428e+02 126 0 4 6.549e+02 6.891e+02 317 1 4 6.182e+02 6.418e+02 220 2 1 9.709e+00 3.229e+01 210 2 3 4.325e+00 3.768e+01 310
35348 0
35349 12 0 3 3.990e+02 3.990e+02 -17 0 4 6.712e+02 6.728e+02 15 0 1 5.614e+02 5.726e+02 104 0 2 6.222e+02 6.378e+02 145 0 3 6.446e+02 6.574e+02 120 0 2 5.341e+02 5.579e+02 221 0 4 6.231e+02 6.369e+02 129 0 1 6.382e+02 6.638e+02 237 1 2 6.226e+02 6.374e+02 137 2 1 1.752e+01 2.448e+01 65 2 3 2.100e+01 2.100e+01 -24 2 2 2.537e+01 5.863e+01 309
35350 13 0 4 2.932e+02 2.948e+02 15 0 3 5.652e+02 5.688e+02 33 0 2 6.256e+02 6.344e+02 81 0 4 6.707e+02 6.733e+02 25 0 4 6.212e+02 6.388e+02 164 0 3 6.389e+02 6.631e+02 225 0 3 5.550e+02 5.790e+02 222 0 1 6.366e+02 6.654e+02 268 2 4 1.651e+02 1.709e+02 54 2 1 1.240e+01 2.960e+01 160 2 2 1.604e+02 1.756e+02 141 2 1 1.341e+02 1.599e+02 240 2 3 1.328e+02 1.612e+02 263
35351 0
35352 1 3 2 3.360e+02 3.360e+02 0
35353 8 0 4 6.281e+02 6.319e+02 36 0 4 5.022e+02 5.058e+02 34 0 3 5.670e+02 5.670e+02 0 0 1 6.060e+02 6.120e+02 56 0 1 4.830e+02 4.830e+02 0 0 1 5.250e+02 5.250e+02 -0 0 3 5.937e+02 6.243e+02 284 0 2 6.197e+02 6.403e+02 190
35354 0
35357 11 0 4 5.854e+02 5.906e+02 48 0 2 2.931e+02 2.949e+02 17 0 4 2.933e+02 2.947e+02 12 0 3 5.597e+02 5.743e+02 136 0 4 2.791e+02 3.089e+02 277 0 3 6.321e+02 6.699e+02 350 2 3 1.462e+02 1.478e+02 15 2 3 2.307e+02 2.313e+02 6 2 2 1.553e+02 1.807e+02 236 2 2 1.092e+02 1.428e+02 311 2 4 1.922e+02 2.278e+02 330
