37833 0
37834 9 0 1 6.496e+02 6.524e+02 26 0 2 6.688e+02 6.752e+02 60 0 4 6.572e+02 6.868e+02 276 0 4 6.481e+02 6.959e+02 443 1 4 5.877e+02 5.883e+02 5 1 4 6.268e+02 6.332e+02 60 1 4 6.104e+02 6.496e+02 365 2 1 2.025e+01 2.175e+01 14 2 3 7.151e+00 3.485e+01 257
37836 4 2 4 3.906e+01 4.494e+01 55 2 3 1.353e+01 2.847e+01 139 2 4 2.250e+01 6.150e+01 362 2 2 2.232e+01 6.168e+01 366
37837 3 0 4 6.674e+02 6.766e+02 86 0 4 1.594e+02 1.766e+02 160 0 3 4.291e+02 4.529e+02 220
37838 8 0 1 5.183e+02 5.317e+02 125 0 3 5.110e+02 5.390e+02 260 0 2 5.316e+02 5.604e+02 267 2 4 6.300e+02 6.300e+02 -4 2 1 6.510e+02 6.510e+02 0 2 2 6.179e+02 6.421e+02 226 2 3 6.378e+02 6.642e+02 246 3 1 6.448e+02 6.572e+02 116
37840 14 0 1 5.668e+02 5.672e+02 5 0 1 6.270e+01 6.330e+01 6 0 4 8.348e+01 8.452e+01 10 0 3 4.893e+01 7.707e+01 261 0 3 5.563e+02 5.777e+02 198 0 2 7.105e+01 9.695e+01 240 1 1 5.670e+02 5.670e+02 -2 1 2 6.263e+02 6.337e+02 70 1 2 5.865e+02 5.895e+02 27 1 4 5.838e+02 5.922e+02 77 1 1 5.900e+02 6.280e+02 352 1 3 5.536e+02 5.804e+02 249 2 3 1.862e+02 1.918e+02 51 2 2 4.534e+02 4.706e+02 160
37843 2 0 2 6.239e+02 6.361e+02 114 0 4 4.985e+02 5.095e+02 101
37844 8 2 4 4.199e+02 4.201e+02 2 2 3 9.286e+01 1.171e+02 226 2 4 4.115e+02 4.285e+02 158 2 1 6.660e+00 3.534e+01 266 2 1 4.338e+02 4.482e+02 133 2 4 6.863e+01 9.937e+01 286 2 3 4.306e+02 4.514e+02 194 3 3 2.644e+02 2.816e+02 159
37847 9 0 1 6.082e+02 6.098e+02 16 0 3 6.007e+02 6.173e+02 155 0 2 6.699e+02 6.741e+02 39 0 4 5.783e+02 5.977e+02 180 0 4 6.660e+02 6.780e+02 111 0 3 5.899e+02 6.281e+02 355 0 3 6.418e+02 6.602e+02 170 0 4 6.591e+02 6.849e+02 239 0 1 6.335e+02 6.685e+02 325
37849 4 0 4 6.566e+02 6.874e+02 286 0 2 6.577e+02 6.863e+02 266 2 4 4.193e+01 4.207e+01 1 2 1 2.123e+02 2.497e+02 348
37850 9 0 1 6.502e+02 6.518e+02 15 0 2 6.685e+02 6.755e+02 65 0 3 6.461e+02 6.559e+02 90 0 4 6.611e+02 6.829e+02 203 0 2 6.558e+02 6.882e+02 301 2 1 2.017e+01 2.183e+01 16 2 3 1.788e+01 2.412e+01 58 2 3 1.832e+02 1.948e+02 108 2 4 1.912e+02 2.288e+02 350
37852 0
37853 4 0 4 6.170e+02 6.430e+02 240 0 3 4.234e+02 4.586e+02 326 0 2 6.162e+02 6.438e+02 256 0 1 3.821e+02 4.159e+02 314
37855 2 2 1 5.995e+02 6.185e+02 176 2 4 1.104e+02 1.416e+02 290
37859 1 0 1 1.715e+02 2.065e+02 325
37861 5 0 1 6.480e+02 6.540e+02 56 0 3 6.480e+02 6.540e+02 56 0 1 6.422e+02 6.598e+02 163 0 4 6.097e+02 6.503e+02 377 0 2 6.566e+02 6.874e+02 286
37862 10 0 1 1.470e+02 1.470e+02 0 0 4 2.768e+02 3.112e+02 320 0 2 1.077e+02 1.443e+02 340 0 1 5.050e+02 5.450e+02 371 0 1 2.539e+02 2.921e+02 356 0 2 6.504e+02 6.936e+02 400 0 3 2.484e+02 2.976e+02 457 0 4 6.484e+02 6.956e+02 439 2 3 2.753e+00 3.925e+01 339 2 1 -2.810e+00 4.481e+01 442
37865 5 0 3 6.429e+02 6.591e+02 150 0 1 6.372e+02 6.648e+02 256 1 2 3.778e+02 3.782e+02 3 2 3 1.393e+01 2.807e+01 131 2 4 1.562e+02 1.798e+02 220
37867 9 0 3 2.255e+02 2.365e+02 102 0 4 6.713e+02 6.727e+02 13 0 2 2.500e+02 2.540e+02 37 0 4 6.648e+02 6.792e+02 133 0 4 2.413e+02 2.627e+02 198 2 3 5.911e+01 6.689e+01 72 2 1 5.418e+01 7.182e+01 164 2 2 7.478e+01 9.322e+01 171 2 4 6.863e+01 9.937e+01 286
37869 0
37870 24 0 2 3.780e+02 3.780e+02 -16 0 3 4.410e+02 4.410e+02 -10 0 1 1.858e+02 1.922e+02 60 0 2 5.040e+02 5.040e+02 -7 0 3 2.285e+02 2.335e+02 47 0 1 3.848e+02 4.132e+02 264 0 4 2.420e+02 2.620e+02 186 0 4 5.016e+02 5.064e+02 45 0 3 5.582e+02 5.758e+02 164 0 1 4.688e+02 4.972e+02 263 1 2 2.045e+02 2.155e+02 103 2 3 4.824e+02 4.836e+02 11 2 4 1.215e+02 1.305e+02 84 2 4 4.521e+02 4.719e+02 183 2 1 3.412e+02 3.728e+02 293 2 3 5.163e+02 5.337e+02 162 2 2 1.099e+02 1.421e+02 300 2 1 1.293e+02 1.647e+02 329 2 4 4.841e+02 5.239e+02 369 2 3 1.301e+02 1.639e+02 314 3 2 3.834e+01 4.566e+01 68 3 4 4.085e+01 4.315e+01 21 3 3 5.813e+01 6.787e+01 90 3 2 2.963e+01 5.437e+01 230
37871 1 3 1 1.395e+02 1.545e+02 140
37872 0
37873 4 0 1 5.138e+02 5.362e+02 208 1 4 6.150e+02 6.450e+02 279 2 2 1.097e+02 1.423e+02 302 3 1 6.031e+00 3.597e+01 278
37877 18 0 4 6.584e+02 6.856e+02 252 2 2 3.324e+02 3.396e+02 66 2 2 8.061e+01 8.739e+01 63 2 4 1.660e+02 1.700e+02 38 2 4 2.460e+02 2.580e+02 112 2 4 2.924e+02 2.956e+02 30 2 3 1.469e+01 2.731e+01 117 2 3 1.816e+02 1.964e+02 138 2 1 2.187e+02 2.433e+02 228 2 3 3.052e+02 3.248e+02 182 2 1 3.428e+02 3.712e+02 263 2 3 4.377e+01 8.223e+01 357 2 1 1.747e+02 2.033e+02 266 2 2 1.944e+02 2.256e+02 290 2 1 3.015e+02 3.285e+02 251 2 4 2.250e+01 6.150e+01 362 3 3 6.078e+00 3.592e+01 277 3 2 2.205e+01 6.195e+01 370
37878 0
37880 14 0 4 2.936e+02 2.944e+02 7 0 4 6.715e+02 6.725e+02 10 0 2 5.418e+02 5.502e+02 78 0 3 5.558e+02 5.782e+02 209 0 2 6.616e+02 6.824e+02 194 0 1 5.058e+02 5.442e+02 357 0 4 6.602e+02 6.838e+02 220 2 4 2.056e+02 2.144e+02 81 2 1 5.970e+01 6.630e+01 61 2 2 1.185e+02 1.335e+02 140 2 1 1.356e+02 1.584e+02 211 2 1 6.304e+02 6.716e+02 382 2 4 1.222e+02 1.298e+02 70 2 3 1.331e+02 1.609e+02 258
37881 3 0 2 6.679e+02 6.761e+02 76 0 4 6.707e+02 6.733e+02 25 0 1 6.451e+02 6.569e+02 110
37883 4 0 2 6.690e+02 6.750e+02 56 0 4 6.647e+02 6.793e+02 135 2 1 1.774e+01 2.426e+01 60 2 3 5.267e+00 3.673e+01 292
37884 0
37885 16 0 2 6.633e+02 6.807e+02 161 1 1 6.053e+02 6.127e+02 68 1 1 5.537e+02 5.803e+02 246 1 3 6.067e+02 6.113e+02 43 1 2 6.221e+02 6.379e+02 147 1 1 5.964e+02 6.216e+02 234 1 2 6.146e+02 6.454e+02 286 1 4 6.134e+02 6.466e+02 309 2 3 3.086e+02 3.214e+02 118 2 2 3.285e+02 3.435e+02 139 2 4 1.580e+02 1.780e+02 186 2 4 6.573e+02 6.867e+02 272 2 4 3.166e+02 3.554e+02 360 2 4 2.742e+02 3.138e+02 367 2 3 3.397e+02 3.743e+02 322 2 1 2.965e+02 3.335e+02 344
