13828 1 0 2 3.271e+02 3.449e+02 165
13829 29 0 2 6.720e+02 6.720e+02 -6 0 4 6.720e+02 6.720e+02 -12 0 3 5.618e+02 5.722e+02 97 0 1 6.383e+02 6.637e+02 236 0 4 4.094e+02 4.306e+02 197 0 3 6.373e+02 6.647e+02 255 1 2 6.295e+02 6.305e+02 10 1 4 6.278e+02 6.322e+02 40 1 1 5.891e+02 6.289e+02 369 2 1 5.662e+02 5.678e+02 15 2 4 4.596e+02 4.644e+02 46 2 4 2.497e+02 2.543e+02 42 2 3 4.380e+02 4.440e+02 56 2 3 9.196e+01 1.180e+02 242 2 3 4.796e+02 4.864e+02 64 2 4 3.376e+01 5.024e+01 153 2 3 5.134e+02 5.366e+02 215 2 2 1.105e+02 1.415e+02 287 2 4 4.095e+02 4.305e+02 195 2 3 4.556e+01 8.044e+01 324 2 4 5.018e+02 5.062e+02 41 2 4 7.060e+01 9.740e+01 249 2 2 5.338e+02 5.582e+02 227 2 1 6.704e+00 3.530e+01 266 2 2 4.574e+02 4.666e+02 86 2 3 2.396e+00 3.960e+01 346 2 1 4.708e+02 4.952e+02 227 2 2 4.924e+02 5.156e+02 215 2 4 4.484e+02 4.756e+02 252
13831 22 0 1 6.055e+02 6.125e+02 65 0 3 6.510e+02 6.510e+02 -2 0 3 6.036e+02 6.144e+02 100 0 1 6.450e+02 6.570e+02 110 0 2 6.242e+02 6.358e+02 108 0 4 2.695e+02 3.185e+02 455 0 2 6.633e+02 6.807e+02 162 0 4 6.242e+02 6.358e+02 107 0 4 6.626e+02 6.814e+02 175 0 4 6.122e+02 6.478e+02 331 0 4 6.563e+02 6.877e+02 292 2 4 2.931e+02 2.949e+02 16 2 1 3.570e+02 3.570e+02 -10 2 3 5.956e+01 6.644e+01 64 2 4 1.600e+02 1.760e+02 148 2 3 3.126e+02 3.174e+02 45 2 2 3.315e+02 3.405e+02 84 2 4 3.313e+01 5.087e+01 165 2 4 2.771e+02 3.109e+02 315 2 1 5.674e+01 6.926e+01 116 2 2 6.629e+01 1.017e+02 329 2 3 4.102e+00 3.790e+01 314
13834 0
13837 4 2 4 4.198e+02 4.202e+02 3 2 3 9.595e+01 1.140e+02 168 2 2 1.186e+02 1.334e+02 137 2 4 1.123e+02 1.397e+02 254
13839 5 2 1 5.956e+01 6.644e+01 64 2 3 5.741e+01 6.859e+01 104 2 3 1.798e+02 1.982e+02 171 2 4 3.138e+01 5.262e+01 197 2 2 2.340e+01 6.060e+01 346
13840 35 0 1 5.640e+02 5.700e+02 56 0 4 5.839e+02 5.921e+02 76 0 4 6.706e+02 6.734e+02 26 0 2 7.073e+01 9.727e+01 246 0 2 4.998e+02 5.082e+02 78 0 3 5.613e+02 5.727e+02 106 0 3 6.059e+02 6.121e+02 58 0 4 6.562e+02 6.878e+02 294 0 3 4.293e+02 4.527e+02 217 0 4 4.953e+02 5.127e+02 161 0 1 5.125e+02 5.375e+02 232 0 4 6.240e+02 6.360e+02 111 0 3 5.153e+02 5.347e+02 180 0 1 5.929e+02 6.251e+02 300 0 1 5.510e+02 5.830e+02 298 2 4 3.780e+02 3.780e+02 -23 2 3 3.940e+02 4.040e+02 93 2 2 1.260e+02 1.260e+02 -20 2 2 2.481e+02 2.559e+02 72 2 4 2.937e+02 2.943e+02 6 2 1 6.234e+01 6.366e+01 12 2 3 9.586e+01 1.141e+02 170 2 1 1.422e+02 1.518e+02 89 2 4 2.461e+02 2.579e+02 110 2 2 2.841e+02 3.039e+02 185 2 3 5.373e+01 7.227e+01 172 2 4 1.118e+02 1.402e+02 263 2 3 2.246e+02 2.374e+02 119 2 3 3.040e+02 3.260e+02 205 2 1 9.214e+00 3.279e+01 219 2 4 7.105e+01 9.695e+01 240 2 4 2.377e+02 2.663e+02 266 2 2 2.936e+01 5.464e+01 235 2 1 2.164e+02 2.456e+02 271 2 3 2.162e+02 2.458e+02 275
13841 2 0 4 6.714e+02 6.726e+02 11 2 4 6.687e+02 6.753e+02 60
13842 1 0 2 6.573e+02 6.867e+02 274
13843 0
13846 5 0 2 6.705e+02 6.735e+02 27 0 2 6.591e+02 6.849e+02 239 0 4 6.533e+02 6.907e+02 348 1 4 6.187e+02 6.413e+02 210 2 4 8.375e+01 8.425e+01 5
13847 0
13850 7 0 3 6.038e+02 6.142e+02 96 0 2 6.690e+02 6.750e+02 56 0 1 5.964e+02 6.216e+02 235 0 4 6.662e+02 6.778e+02 108 0 4 5.714e+02 6.046e+02 308 0 2 6.562e+02 6.878e+02 294 1 2 6.230e+02 6.370e+02 130
13851 0
13852 27 0 2 3.221e+02 3.499e+02 259 0 1 4.830e+02 4.830e+02 0 0 4 4.977e+02 5.103e+02 116 0 3 5.193e+02 5.307e+02 106 0 2 6.581e+02 6.859e+02 259 0 2 4.921e+02 5.159e+02 220 0 2 5.460e+02 5.460e+02 0 0 4 6.630e+02 6.810e+02 168 0 1 5.149e+02 5.351e+02 187 0 2 5.329e+02 5.591e+02 243 0 3 5.485e+02 5.855e+02 344 1 2 6.300e+02 6.300e+02 -18 1 1 6.090e+02 6.090e+02 -3 1 4 6.272e+02 6.328e+02 51 1 4 6.146e+02 6.454e+02 286 1 3 5.936e+02 6.244e+02 286 2 4 3.780e+02 3.780e+02 -20 2 4 5.040e+02 5.040e+02 -23 2 4 6.691e+02 6.749e+02 53 2 3 3.883e+02 4.097e+02 199 2 4 2.932e+01 5.468e+01 236 2 4 4.620e+02 4.620e+02 -7 2 4 4.949e+02 5.131e+02 169 3 4 3.955e+01 4.445e+01 46 3 2 5.369e+02 5.551e+02 170 3 3 2.140e+02 2.480e+02 316 3 1 5.564e+02 5.776e+02 196
13854 4 0 4 5.803e+02 5.957e+02 142 1 2 6.237e+02 6.363e+02 116 2 3 5.108e+01 7.492e+01 221 2 1 6.616e+00 3.538e+01 267
13855 5 0 2 6.245e+02 6.355e+02 103 0 3 5.969e+02 6.211e+02 226 0 1 5.910e+02 6.270e+02 335 2 3 1.410e+02 1.530e+02 111 2 4 1.134e+02 1.386e+02 235
13856 0
13859 6 0 3 6.054e+02 6.126e+02 66 0 4 3.710e+02 3.850e+02 130 0 4 6.189e+02 6.411e+02 206 1 3 4.767e+02 4.893e+02 116 2 3 1.806e+01 2.394e+01 55 2 2 2.640e+01 5.760e+01 290
13860 7 0 4 6.158e+02 6.442e+02 265 0 3 3.820e+02 4.160e+02 316 0 4 3.586e+02 3.974e+02 360 0 4 5.711e+02 6.049e+02 313 0 3 6.257e+02 6.763e+02 470 2 1 7.370e-01 4.126e+01 376 2 3 -4.244e+00 4.624e+01 469
13861 4 0 2 2.897e+02 2.983e+02 80 2 2 2.054e+02 2.146e+02 85 2 1 2.284e+02 2.336e+02 49 2 3 4.012e+00 3.799e+01 316
13863 3 0 3 2.296e+02 2.324e+02 26 1 2 6.254e+02 6.346e+02 85 3 1 -9.692e-01 4.297e+01 408
13865 0
13869 0
13870 25 0 3 3.987e+02 3.993e+02 5 0 4 6.693e+02 6.747e+02 50 0 2 3.346e+02 3.374e+02 26 0 1 3.908e+02 4.072e+02 152 0 4 3.302e+02 3.418e+02 108 0 3 5.158e+02 5.342e+02 171 0 1 2.998e+02 3.302e+02 282 0 2 6.223e+02 6.377e+02 142 0 3 6.419e+02 6.601e+02 169 0 4 4.117e+02 4.283e+02 155 0 1 5.150e+02 5.350e+02 186 0 4 6.201e+02 6.399e+02 185 0 2 6.604e+02 6.836e+02 216 0 1 5.464e+02 5.876e+02 382 0 4 5.649e+02 6.111e+02 429 0 1 6.377e+02 6.643e+02 246 0 3 4.160e+02 4.660e+02 465 0 2 4.776e+02 5.304e+02 490 0 3 5.464e+02 5.876e+02 382 0 1 5.832e+02 6.348e+02 480 0 3 6.346e+02 6.674e+02 304 0 4 6.037e+02 6.563e+02 489 0 1 6.275e+02 6.745e+02 437 2 1 1.563e+01 2.637e+01 100 2 1 2.861e-01 4.171e+01 385
13871 10 0 4 5.793e+02 5.967e+02 161 0 2 6.716e+02 6.724e+02 8 0 3 4.389e+02 4.431e+02 39 0 3 5.984e+02 6.196e+02 197 0 4 6.720e+02 6.720e+02 -21 0 3 4.257e+02 4.563e+02 285 0 2 6.189e+02 6.411e+02 206 0 1 6.407e+02 6.613e+02 190 0 4 5.741e+02 6.019e+02 258 0 1 5.923e+02 6.257e+02 310
13872 4 0 4 3.297e+02 3.423e+02 116 3 1 3.989e+02 3.991e+02 1 3 1 4.383e+02 4.437e+02 50 3 4 4.613e+02 4.627e+02 14
13873 3 0 1 5.580e+02 5.760e+02 167 0 2 6.618e+02 6.822e+02 189 0 4 6.593e+02 6.847e+02 236
13874 0
13875 17 2 1 6.496e+02 6.524e+02 26 2 4 6.176e+02 6.424e+02 230 2 3 6.477e+02 6.543e+02 62 2 2 6.109e+02 6.491e+02 354 3 3 4.394e+02 4.426e+02 29 3 3 4.830e+02 4.830e+02 -4 3 1 4.356e+02 4.464e+02 100 3 4 5.851e+02 5.909e+02 54 3 3 6.076e+02 6.104e+02 26 3 4 4.501e+02 4.739e+02 221 3 1 4.744e+02 4.916e+02 160 3 2 4.073e+02 4.327e+02 236 3 2 6.291e+02 6.309e+02 16 3 2 4.884e+02 5.196e+02 289 3 4 4.100e+02 4.300e+02 186 3 3 6.383e+02 6.637e+02 236 3 1 5.963e+02 6.217e+02 236
13876 11 0 1 6.461e+02 6.559e+02 90 0 1 5.213e+02 5.287e+02 69 0 2 6.200e+02 6.400e+02 186 0 3 6.439e+02 6.581e+02 131 0 2 5.331e+02 5.589e+02 239 0 4 6.162e+02 6.438e+02 256 0 2 6.607e+02 6.833e+02 210 0 4 6.549e+02 6.891e+02 318 2 4 2.070e+02 2.130e+02 56 2 3 6.075e+00 3.593e+01 277 2 3 2.257e+02 2.363e+02 99
13877 7 0 2 6.294e+02 6.306e+02 10 0 4 6.242e+02 6.358e+02 107 0 2 3.254e+02 3.466e+02 197 0 1 5.908e+02 6.272e+02 338 0 3 6.342e+02 6.678e+02 312 2 3 4.749e+01 7.851e+01 288 2 2 1.072e+02 1.448e+02 350
13878 11 0 4 6.291e+02 6.309e+02 17 0 3 5.654e+02 5.686e+02 30 0 2 6.272e+02 6.328e+02 52 0 1 5.548e+02 5.792e+02 227 0 3 5.997e+02 6.183e+02 173 0 4 5.692e+02 6.068e+02 349 0 1 5.928e+02 6.252e+02 300 0 3 5.895e+02 6.285e+02 363 2 2 8.330e+01 8.470e+01 13 2 4 7.949e+01 8.851e+01 84 2 3 5.852e+00 3.615e+01 281
13881 2 0 1 3.437e+02 3.703e+02 246 2 4 6.809e+01 9.991e+01 296
