50196 74 0 3 4.772e+02 4.888e+02 107 0 1 6.066e+02 6.114e+02 45 0 3 6.487e+02 6.533e+02 42 0 1 3.481e+02 3.659e+02 165 0 1 3.937e+02 4.043e+02 98 0 4 6.567e+01 1.023e+02 340 0 1 5.195e+02 5.305e+02 101 0 2 3.647e+02 3.913e+02 246 0 2 6.267e+02 6.333e+02 62 0 4 3.627e+02 3.933e+02 284 0 2 6.703e+02 6.737e+02 31 0 3 3.914e+02 4.066e+02 141 0 2 3.193e+02 3.527e+02 310 0 4 4.884e+02 5.196e+02 289 0 2 5.362e+02 5.558e+02 181 0 4 6.269e+02 6.331e+02 58 0 4 6.665e+02 6.775e+02 101 0 3 5.997e+02 6.183e+02 173 0 1 6.411e+02 6.609e+02 183 0 4 6.185e+02 6.415e+02 214 0 3 6.328e+02 6.692e+02 338 0 1 5.943e+02 6.237e+02 273 0 4 6.530e+02 6.910e+02 352 0 2 6.131e+02 6.469e+02 313 0 4 6.101e+02 6.499e+02 369 0 4 5.664e+02 6.096e+02 400 1 1 5.630e+02 5.710e+02 75 1 3 6.085e+02 6.095e+02 10 1 3 5.158e+02 5.342e+02 170 1 3 5.651e+02 5.689e+02 35 1 2 6.280e+02 6.320e+02 37 1 4 5.329e+02 5.591e+02 244 1 4 6.296e+02 6.304e+02 8 1 4 4.884e+02 5.196e+02 289 1 2 5.703e+02 6.057e+02 329 1 1 6.060e+02 6.120e+02 56 2 2 3.964e+01 4.436e+01 44 2 4 5.865e+02 5.895e+02 27 2 3 1.015e+02 1.085e+02 66 2 4 4.600e+02 4.640e+02 37 2 3 2.296e+02 2.324e+02 26 2 4 5.813e+02 5.947e+02 124 2 2 2.934e+02 2.946e+02 11 2 3 6.487e+02 6.533e+02 43 2 4 3.874e+01 4.526e+01 60 2 2 1.241e+02 1.279e+02 36 2 4 6.205e+02 6.395e+02 176 2 4 1.628e+02 1.732e+02 96 2 2 6.652e+02 6.788e+02 126 2 2 2.501e+02 2.539e+02 35 2 1 6.317e+02 6.703e+02 359 2 1 3.098e+02 3.202e+02 97 2 1 6.113e+01 6.487e+01 35 2 4 1.249e+02 1.271e+02 20 2 1 1.346e+02 1.594e+02 230 2 4 2.518e+02 2.522e+02 4 2 1 2.708e+02 2.752e+02 41 2 1 1.747e+01 2.453e+01 66 2 4 6.746e+01 1.005e+02 307 2 3 1.314e+02 1.626e+02 289 2 2 2.062e+02 2.138e+02 70 2 3 2.700e+02 2.760e+02 56 2 3 1.877e+01 2.323e+01 41 2 4 1.503e+02 1.857e+02 329 2 4 2.079e+02 2.121e+02 40 2 2 2.685e+01 5.715e+01 281 2 1 1.705e+02 2.075e+02 344 2 1 2.257e+02 2.363e+02 98 2 4 2.304e+01 6.096e+01 352 2 3 1.726e+02 2.054e+02 305 2 2 2.401e+02 2.639e+02 221 2 3 2.349e+00 3.965e+01 346 2 4 2.393e+02 2.647e+02 236 3 4 2.429e+01 5.971e+01 329
50197 9 0 3 2.711e+02 2.749e+02 36 0 1 6.376e+02 6.644e+02 250 0 3 2.539e+02 2.921e+02 355 0 3 6.383e+02 6.637e+02 236 1 3 5.663e+02 5.677e+02 13 1 4 5.770e+02 5.990e+02 204 1 2 5.332e+02 5.588e+02 237 1 1 5.468e+02 5.872e+02 376 2 3 6.014e+02 6.166e+02 141
50198 0
50199 64 0 1 6.492e+02 6.528e+02 33 0 3 5.216e+02 5.284e+02 63 0 3 6.492e+02 6.528e+02 33 0 1 5.189e+02 5.311e+02 114 0 3 8.298e+01 1.270e+02 409 0 2 6.160e+02 6.440e+02 260 0 4 6.673e+02 6.767e+02 87 0 2 4.881e+02 5.199e+02 295 0 4 6.149e+02 6.451e+02 280 0 4 6.551e+02 6.889e+02 314 0 4 3.980e+02 4.420e+02 408 0 4 4.843e+02 5.237e+02 366 0 1 6.301e+02 6.719e+02 389 1 2 5.420e+02 5.500e+02 74 1 3 6.043e+02 6.137e+02 86 1 4 2.391e+02 2.649e+02 240 1 3 5.212e+02 5.288e+02 70 1 4 5.444e+02 5.476e+02 30 1 2 6.252e+02 6.348e+02 89 1 1 4.708e+02 4.952e+02 227 1 4 6.246e+02 6.354e+02 100 1 2 4.898e+02 5.182e+02 264 1 1 6.033e+02 6.147e+02 106 1 1 5.087e+02 5.413e+02 303 1 4 6.112e+02 6.488e+02 349 2 1 1.998e+01 2.202e+01 19 2 4 4.609e+02 4.631e+02 20 2 2 8.352e+01 8.448e+01 9 2 3 5.665e+02 5.675e+02 10 2 3 1.454e+02 1.486e+02 30 2 4 6.662e+02 6.778e+02 107 2 2 2.453e+02 2.587e+02 124 2 1 4.715e+02 4.945e+02 213 2 2 3.820e+01 4.580e+01 70 2 4 5.427e+02 5.493e+02 62 2 4 7.845e+01 8.955e+01 103 2 2 5.848e+02 5.912e+02 60 2 2 1.647e+02 1.713e+02 62 2 3 2.223e+02 2.397e+02 162 2 3 4.726e+02 4.934e+02 193 2 4 3.185e+02 3.535e+02 325 2 4 5.320e+02 5.600e+02 260 2 3 5.974e+01 6.626e+01 60 2 3 5.960e+02 6.220e+02 241 2 3 9.663e+01 1.134e+02 156 2 1 6.383e+02 6.637e+02 236 2 4 1.662e+02 1.698e+02 34 2 4 1.921e+02 2.279e+02 333 2 1 5.573e+02 5.767e+02 180 2 4 2.787e+02 3.093e+02 285 2 2 6.174e+02 6.426e+02 234 2 2 3.130e+02 3.590e+02 427 2 2 5.723e+02 6.037e+02 291 2 3 1.007e+01 3.193e+01 203 2 4 5.703e+02 6.057e+02 328 2 4 1.154e+02 1.366e+02 196 2 1 1.783e+02 1.997e+02 198 2 4 2.691e+02 3.189e+02 462 2 3 4.817e+01 7.783e+01 276 2 4 6.521e+01 1.028e+02 349 2 4 2.775e+01 5.625e+01 265 2 3 8.577e+01 1.242e+02 357 3 3 1.810e+01 2.390e+01 54 3 2 2.277e+01 6.123e+01 357
50200 2 0 4 6.514e+02 6.926e+02 382 0 2 6.507e+02 6.933e+02 396
50201 1 0 4 6.533e+02 6.907e+02 347
50202 0
50203 9 0 4 4.613e+02 4.627e+02 13 0 1 6.090e+02 6.090e+02 -2 0 2 4.543e+02 4.697e+02 144 0 3 6.058e+02 6.122e+02 59 0 1 4.312e+02 4.508e+02 182 0 2 6.149e+02 6.451e+02 281 0 3 4.282e+02 4.538e+02 237 0 4 6.180e+02 6.420e+02 222 2 4 8.317e+01 8.483e+01 16
50204 0
50205 11 0 1 5.632e+02 5.708e+02 71 0 3 5.645e+02 5.695e+02 46 0 3 5.968e+02 6.212e+02 227 0 1 5.519e+02 5.821e+02 280 0 4 5.724e+02 6.036e+02 289 2 1 4.374e+02 4.446e+02 66 2 1 1.222e+01 2.978e+01 163 2 2 4.607e+02 4.633e+02 24 2 4 4.540e+02 4.700e+02 148 2 1 4.228e+02 4.592e+02 337 2 3 4.639e+02 5.021e+02 354
50206 10 2 2 3.986e+01 4.414e+01 40 2 4 5.035e+02 5.045e+02 9 2 1 1.872e+02 1.908e+02 33 2 2 4.982e+02 5.098e+02 108 2 4 3.089e+01 5.311e+01 206 2 1 5.112e+02 5.388e+02 257 2 2 1.124e+02 1.396e+02 253 2 3 7.242e+00 3.476e+01 256 2 3 5.086e+02 5.414e+02 304 2 1 4.646e+01 7.954e+01 307
50208 1 0 4 5.018e+02 5.062e+02 41
50209 9 0 4 6.282e+02 6.318e+02 34 0 2 6.251e+02 6.349e+02 91 0 1 5.993e+02 6.187e+02 180 0 3 5.914e+02 6.266e+02 327 2 2 1.657e+02 1.703e+02 42 2 4 1.243e+02 1.277e+02 32 2 1 1.821e+02 1.959e+02 129 2 1 7.061e+00 3.494e+01 259 2 3 1.415e+02 1.525e+02 103
50210 6 0 4 5.828e+02 5.932e+02 97 0 2 6.625e+02 6.815e+02 177 0 4 6.628e+02 6.812e+02 170 0 1 6.412e+02 6.608e+02 181 2 4 3.603e+02 3.957e+02 329 2 4 1.111e+02 1.409e+02 277
50213 0
50216 0
50217 0
50218 10 0 3 1.038e+02 1.062e+02 23 0 1 5.647e+02 5.693e+02 42 0 3 2.232e+02 2.388e+02 146 0 4 7.477e+01 9.323e+01 171 0 4 5.794e+02 5.966e+02 159 0 4 6.573e+02 6.867e+02 274 0 4 1.912e+02 2.288e+02 349 2 4 2.796e+02 3.084e+02 268 2 1 5.940e+00 3.606e+01 280 2 4 1.071e+02 1.449e+02 351
50219 5 0 4 4.599e+02 4.641e+02 39 0 4 6.230e+02 6.370e+02 130 0 3 4.339e+02 4.481e+02 132 1 2 4.778e+02 5.302e+02 487 2 4 5.192e+02 5.728e+02 498
50220 1 0 3 5.500e+02 5.840e+02 316
50221 3 0 3 6.510e+02 6.510e+02 -23 0 2 6.678e+02 6.762e+02 78 0 4 6.658e+02 6.782e+02 116
50222 15 0 3 3.990e+02 3.990e+02 -2 0 2 5.394e+02 5.526e+02 122 0 2 3.595e+02 3.965e+02 343 0 1 6.479e+02 6.541e+02 57 0 4 3.600e+02 3.960e+02 335 0 1 5.158e+02 5.342e+02 171 0 4 6.117e+02 6.483e+02 340 0 3 6.502e+02 6.518e+02 15 0 3 5.095e+02 5.405e+02 287 0 4 6.622e+02 6.818e+02 181 0 2 6.547e+02 6.893e+02 320 2 3 1.050e+02 1.050e+02 -2 2 1 1.815e+01 2.385e+01 53 2 3 1.868e+01 2.332e+01 43 2 3 7.064e+00 3.494e+01 259
50223 6 0 1 6.045e+02 6.135e+02 83 0 3 6.036e+02 6.144e+02 100 0 2 6.175e+02 6.425e+02 231 0 4 6.219e+02 6.381e+02 150 1 2 6.232e+02 6.368e+02 127 1 1 5.993e+02 6.187e+02 180
50224 7 0 3 6.436e+02 6.584e+02 137 0 2 6.590e+02 6.850e+02 240 0 4 6.591e+02 6.849e+02 239 2 3 1.097e+01 3.103e+01 186 2 2 1.238e+02 1.282e+02 41 2 4 3.022e+01 5.378e+01 219 2 1 5.583e+00 3.642e+01 286
50225 22 0 4 2.465e+02 2.575e+02 103 0 2 4.609e+02 4.631e+02 21 0 3 3.957e+02 4.023e+02 61 0 3 4.684e+02 4.976e+02 270 0 1 5.547e+02 5.793e+02 229 0 4 5.834e+02 5.926e+02 86 0 2 6.646e+02 6.794e+02 137 0 1 3.957e+02 4.023e+02 61 0 1 5.995e+02 6.185e+02 177 0 4 6.634e+02 6.806e+02 160 0 1 4.249e+02 4.571e+02 299 0 3 5.925e+02 6.255e+02 306 0 4 6.451e+02 6.989e+02 500 2 3 3.108e+02 3.192e+02 77 2 3 1.870e+02 1.910e+02 36 2 4 4.190e+02 4.210e+02 19 2 4 2.887e+02 2.993e+02 99 2 2 5.377e+02 5.543e+02 155 2 1 5.138e+02 5.362e+02 207 2 3 5.141e+02 5.359e+02 203 2 4 5.320e+02 5.600e+02 260 3 1 9.591e-01 4.104e+01 372
50226 7 0 2 6.717e+02 6.723e+02 5 0 4 3.251e+02 3.469e+02 203 0 1 5.648e+02 5.692e+02 40 0 4 6.698e+02 6.742e+02 40 0 1 5.240e+02 5.260e+02 18 1 3 7.646e+00 3.435e+01 248 1 4 1.958e+01 6.442e+01 416
50228 0
50229 16 0 4 5.013e+02 5.067e+02 50 0 4 6.630e+02 6.810e+02 168 0 4 2.324e+02 2.716e+02 365 0 3 4.771e+02 4.889e+02 109 0 4 6.143e+02 6.457e+02 292 0 2 6.591e+02 6.849e+02 240 1 2 8.272e+01 8.528e+01 24 1 3 9.815e+01 1.118e+02 127 1 3 4.385e+02 4.435e+02 46 1 1 2.190e+02 2.430e+02 223 1 2 3.879e+01 4.521e+01 60 1 1 8.922e+01 1.208e+02 293 1 4 7.222e+01 9.578e+01 219 2 1 1.452e+02 1.488e+02 33 2 3 1.419e+02 1.521e+02 94 2 2 1.528e+02 1.832e+02 283
50230 0
50233 4 0 1 6.488e+02 6.532e+02 41 0 4 6.698e+02 6.742e+02 40 0 3 6.393e+02 6.627e+02 217 1 1 3.000e+02 3.300e+02 278
50234 16 0 3 6.077e+02 6.103e+02 24 0 1 1.801e+02 1.979e+02 166 0 1 6.058e+02 6.122e+02 59 0 4 6.102e+02 6.498e+02 367 1 3 6.085e+02 6.095e+02 10 1 4 6.163e+02 6.437e+02 255 1 4 5.698e+02 6.062e+02 337 2 1 6.481e+02 6.539e+02 54 2 3 1.779e+01 2.421e+01 60 2 1 1.020e+01 3.180e+01 200 2 1 6.374e+02 6.646e+02 253 2 4 5.803e+02 5.957e+02 144 2 2 2.784e+01 5.616e+01 263 2 3 5.942e+02 6.238e+02 275 2 2 5.687e+02 6.073e+02 359 2 2 6.103e+02 6.497e+02 366
50235 14 2 3 1.050e+02 1.050e+02 -2 2 1 3.894e+02 4.086e+02 179 2 2 8.258e+01 8.542e+01 26 2 3 8.774e+01 1.223e+02 320 3 1 4.398e+02 4.422e+02 22 3 4 4.958e+02 5.122e+02 153 3 4 4.584e+02 4.656e+02 66 3 3 5.188e+02 5.312e+02 116 3 3 4.298e+02 4.522e+02 208 3 1 4.712e+02 4.948e+02 220 3 2 4.505e+02 4.735e+02 213 3 1 5.143e+02 5.357e+02 200 3 2 4.880e+02 5.200e+02 297 3 1 5.051e+02 5.449e+02 370
50236 4 0 4 3.659e+02 3.901e+02 224 0 2 3.650e+02 3.910e+02 242 2 2 7.325e+01 9.475e+01 200 2 4 1.583e+02 1.777e+02 180
50237 0
50239 14 0 4 6.653e+02 6.787e+02 125 0 4 5.803e+02 5.957e+02 144 0 2 6.618e+02 6.822e+02 190 0 1 5.445e+02 5.895e+02 418 0 1 5.956e+02 6.224e+02 250 0 1 6.372e+02 6.648e+02 256 0 3 5.430e+02 5.910e+02 446 0 3 5.926e+02 6.254e+02 304 0 3 6.363e+02 6.657e+02 273 0 4 6.127e+02 6.473e+02 321 0 2 6.560e+02 6.880e+02 298 0 2 6.103e+02 6.497e+02 366 0 4 6.511e+02 6.929e+02 388 2 3 1.683e-02 4.198e+01 390
50240 0
50241 0
50242 15 0 2 6.104e+02 6.496e+02 365 0 3 6.283e+02 6.737e+02 422 1 3 3.117e+02 3.183e+02 60 1 2 3.267e+02 3.453e+02 172 1 1 3.064e+02 3.236e+02 160 1 4 3.221e+02 3.499e+02 259 2 4 4.597e+02 4.643e+02 43 2 1 1.854e+02 1.926e+02 66 2 2 2.089e+02 2.111e+02 20 2 3 5.817e+01 6.783e+01 90 2 2 1.559e+02 1.801e+02 226 2 3 1.016e+01 3.184e+01 201 2 4 1.620e+02 1.740e+02 112 2 3 4.467e+01 8.133e+01 340 2 3 1.732e+02 2.048e+02 294
