45150 6 2 4 5.460e+02 5.460e+02 -4 2 3 6.058e+02 6.122e+02 59 2 2 5.840e+02 5.920e+02 74 2 1 1.110e+01 3.090e+01 184 2 3 5.598e+02 5.742e+02 133 2 4 5.851e+02 5.909e+02 53
45152 4 0 2 6.685e+02 6.755e+02 66 0 4 6.585e+02 6.855e+02 251 0 1 6.344e+02 6.676e+02 309 2 2 3.308e+02 3.412e+02 97
45153 44 0 1 6.504e+02 6.516e+02 11 0 3 1.030e+02 1.070e+02 38 0 2 7.415e+01 9.385e+01 183 0 4 1.535e+02 1.825e+02 269 0 1 8.729e+01 1.227e+02 329 1 2 6.299e+02 6.301e+02 2 1 1 5.179e+02 5.321e+02 131 1 2 5.435e+02 5.485e+02 47 1 4 6.280e+02 6.320e+02 36 1 3 5.213e+02 5.287e+02 69 1 4 5.413e+02 5.507e+02 87 1 1 6.061e+02 6.119e+02 55 1 2 4.879e+02 5.201e+02 300 1 3 5.540e+02 5.800e+02 240 1 3 6.031e+02 6.149e+02 110 1 1 5.937e+02 6.243e+02 284 1 3 5.920e+02 6.260e+02 316 1 2 6.145e+02 6.455e+02 287 2 3 3.119e+02 3.181e+02 58 2 1 2.034e+01 2.166e+01 12 2 4 4.600e+02 4.640e+02 37 2 4 1.242e+02 1.278e+02 34 2 3 5.620e+02 5.720e+02 93 2 1 1.455e+02 1.485e+02 27 2 4 6.161e+02 6.439e+02 259 2 2 2.098e+02 2.102e+02 4 2 4 5.323e+02 5.597e+02 255 2 3 2.704e+02 2.756e+02 48 2 3 3.515e+02 3.625e+02 102 2 3 1.011e+01 3.189e+01 202 2 2 7.675e+01 9.125e+01 135 2 3 1.441e+02 1.499e+02 55 2 2 1.951e+02 2.249e+02 276 2 2 3.693e+02 3.867e+02 161 2 4 8.124e+01 8.676e+01 51 2 4 1.642e+02 1.718e+02 70 2 3 2.150e+02 2.470e+02 297 2 4 3.232e+02 3.488e+02 237 2 3 9.963e+01 1.104e+02 100 2 3 1.359e+02 1.581e+02 206 2 1 3.413e+02 3.727e+02 291 2 2 1.100e+02 1.420e+02 296 2 4 3.600e+02 3.960e+02 335 2 4 1.074e+02 1.446e+02 345
45156 9 0 4 2.940e+02 2.940e+02 0 0 2 2.422e+02 2.618e+02 181 0 3 2.676e+02 2.784e+02 100 0 4 2.323e+02 2.717e+02 366 0 1 2.584e+02 2.876e+02 271 2 3 6.091e+01 6.509e+01 39 2 4 7.392e+01 9.408e+01 187 2 3 8.927e+01 1.207e+02 292 2 4 1.994e+01 6.406e+01 410
45158 1 2 3 3.654e+01 8.946e+01 491
45160 0
45163 15 0 1 6.490e+02 6.530e+02 38 0 2 5.403e+02 5.517e+02 106 0 3 6.485e+02 6.535e+02 46 0 4 4.145e+02 4.255e+02 102 0 3 5.629e+02 5.711e+02 76 0 4 5.772e+02 5.988e+02 200 0 2 6.714e+02 6.726e+02 11 0 3 4.221e+02 4.599e+02 350 0 1 5.195e+02 5.305e+02 101 0 1 5.955e+02 6.225e+02 250 0 4 6.531e+02 6.909e+02 350 0 3 5.133e+02 5.367e+02 218 0 3 5.987e+02 6.193e+02 190 0 4 5.623e+02 6.137e+02 477 1 2 6.114e+02 6.486e+02 346
45165 4 2 4 3.354e+02 3.366e+02 10 2 1 -2.692e-02 4.203e+01 390 3 4 3.724e+02 3.836e+02 105 3 4 5.333e+02 5.587e+02 236
45166 9 2 1 1.439e+02 1.501e+02 58 2 3 6.075e+02 6.105e+02 27 2 1 3.536e+02 3.604e+02 64 2 3 1.451e+02 1.489e+02 35 2 2 3.279e+02 3.441e+02 150 2 4 5.727e+02 6.033e+02 284 2 1 4.942e+01 7.658e+01 252 2 2 1.503e+02 1.857e+02 329 2 4 1.491e+02 1.869e+02 351
45167 4 0 4 3.727e+02 3.833e+02 99 2 4 8.317e+01 8.483e+01 16 2 3 1.019e+02 1.081e+02 57 2 4 1.119e+02 1.401e+02 262
45170 0
45171 2 1 3 5.473e+02 5.867e+02 366 2 4 2.071e+02 2.129e+02 55
45172 0
45174 35 0 3 4.821e+02 4.839e+02 17 0 4 2.918e+02 2.962e+02 41 0 2 6.284e+02 6.316e+02 29 0 3 6.492e+02 6.528e+02 34 0 2 5.021e+02 5.059e+02 36 0 4 6.261e+02 6.339e+02 72 0 2 6.720e+02 6.720e+02 -1 0 4 4.945e+02 5.135e+02 176 0 4 5.774e+02 5.986e+02 196 0 4 6.709e+02 6.731e+02 20 0 2 4.519e+02 4.721e+02 188 0 1 5.897e+02 6.283e+02 358 0 1 6.459e+02 6.561e+02 95 0 1 4.648e+02 5.012e+02 338 2 2 5.833e+02 5.927e+02 88 2 4 5.824e+02 5.936e+02 104 2 3 1.462e+02 1.478e+02 16 2 3 5.529e+02 5.811e+02 262 2 3 1.035e+02 1.065e+02 27 2 2 6.235e+02 6.365e+02 120 2 1 1.373e+02 1.567e+02 180 2 4 6.174e+02 6.426e+02 235 2 2 1.260e+02 1.260e+02 -8 2 1 5.925e+02 6.255e+02 307 2 2 1.192e+02 1.328e+02 126 2 4 7.051e+01 9.749e+01 250 3 4 5.028e+02 5.052e+02 23 3 4 5.880e+02 5.880e+02 0 3 2 5.460e+02 5.460e+02 -0 3 3 5.081e+02 5.419e+02 314 3 4 5.428e+02 5.492e+02 60 3 2 5.820e+02 5.940e+02 110 3 1 5.570e+02 5.770e+02 186 3 3 5.498e+02 5.842e+02 319 3 1 5.488e+02 5.852e+02 337
45176 20 0 1 5.669e+02 5.671e+02 1 0 3 5.648e+02 5.692e+02 40 0 4 5.798e+02 5.962e+02 153 0 2 6.637e+02 6.803e+02 155 0 2 5.358e+02 5.562e+02 189 0 4 6.138e+02 6.462e+02 301 0 4 6.598e+02 6.842e+02 226 0 3 5.542e+02 5.798e+02 237 0 1 5.946e+02 6.234e+02 268 1 3 6.090e+02 6.090e+02 -24 1 4 6.288e+02 6.312e+02 21 1 4 6.191e+02 6.409e+02 203 2 3 1.017e+02 1.083e+02 61 2 3 1.470e+02 1.470e+02 -14 2 2 2.100e+02 2.100e+02 -10 2 1 6.122e+01 6.478e+01 33 2 3 5.732e+01 6.868e+01 106 2 4 1.174e+02 1.346e+02 159 2 4 3.479e+01 4.921e+01 134 2 3 9.030e+01 1.197e+02 273
45178 9 0 2 5.021e+02 5.059e+02 36 0 4 5.009e+02 5.071e+02 58 0 2 6.614e+02 6.826e+02 197 0 4 6.598e+02 6.842e+02 226 2 4 8.052e+01 8.748e+01 65 2 3 5.386e+01 7.214e+01 170 2 2 7.796e+01 9.004e+01 112 2 4 6.795e+01 1.000e+02 298 2 1 4.511e+01 8.089e+01 332
45181 0
45182 2 2 2 2.038e+02 2.162e+02 115 2 4 2.079e+02 2.121e+02 40
45185 20 0 2 6.633e+02 6.807e+02 162 0 4 6.654e+02 6.786e+02 123 0 1 6.400e+02 6.620e+02 205 0 3 6.386e+02 6.634e+02 230 0 4 6.498e+02 6.942e+02 412 0 1 6.288e+02 6.732e+02 412 2 1 1.846e+02 1.934e+02 81 2 3 3.108e+02 3.192e+02 77 2 1 6.163e+01 6.437e+01 26 2 4 1.587e+02 1.773e+02 172 2 2 2.889e+02 2.991e+02 96 2 4 3.188e+02 3.532e+02 319 2 3 5.705e+01 6.895e+01 110 2 4 2.889e+02 2.991e+02 94 2 2 2.411e+01 5.989e+01 332 2 3 1.707e+02 2.073e+02 340 2 2 1.911e+02 2.289e+02 350 2 1 3.056e+02 3.244e+02 176 2 3 1.285e+02 1.655e+02 344 2 3 2.951e+02 3.349e+02 370
45186 0
45187 5 2 1 1.869e+02 1.911e+02 40 3 4 5.003e+02 5.077e+02 68 3 2 5.006e+02 5.074e+02 63 3 3 4.673e+02 4.987e+02 292 3 1 4.662e+02 4.998e+02 312
45188 1 2 4 3.564e+02 3.996e+02 401
45190 3 3 2 3.341e+02 3.379e+02 35 3 3 3.430e+02 3.710e+02 260 3 1 2.968e+02 3.332e+02 338
45191 5 0 1 5.527e+02 5.813e+02 266 1 3 6.075e+02 6.105e+02 28 1 4 6.151e+02 6.449e+02 277 2 2 1.589e+02 1.771e+02 170 2 3 3.790e+02 4.190e+02 372
45192 4 2 3 3.555e+02 3.585e+02 28 2 4 4.148e+01 4.252e+01 10 2 4 3.311e+02 3.409e+02 90 2 4 3.210e+02 3.510e+02 278
45193 24 0 4 6.300e+02 6.300e+02 -21 0 4 4.620e+02 4.620e+02 -14 0 2 5.454e+02 5.466e+02 10 0 2 6.294e+02 6.306e+02 10 0 2 6.710e+02 6.730e+02 18 0 3 5.601e+02 5.739e+02 129 0 4 6.720e+02 6.720e+02 -13 0 4 4.504e+02 4.736e+02 215 0 1 5.544e+02 5.796e+02 234 0 1 5.934e+02 6.246e+02 289 0 3 6.460e+02 6.560e+02 93 0 1 5.488e+02 5.852e+02 337 0 3 5.940e+02 6.240e+02 278 0 1 6.369e+02 6.651e+02 262 0 4 6.133e+02 6.467e+02 310 0 3 6.345e+02 6.675e+02 306 0 2 6.592e+02 6.848e+02 238 2 1 3.570e+02 3.570e+02 -14 2 2 7.854e+01 8.946e+01 101 2 4 3.345e+02 3.375e+02 28 2 3 1.195e+01 3.005e+01 168 2 3 3.481e+02 3.659e+02 166 2 3 4.565e+01 8.035e+01 322 2 2 3.239e+02 3.481e+02 226
45194 15 0 2 3.748e+02 3.812e+02 60 0 4 5.037e+02 5.043e+02 6 0 4 3.702e+02 3.858e+02 145 0 2 6.247e+02 6.353e+02 99 0 3 2.581e+02 2.879e+02 277 0 4 6.182e+02 6.418e+02 220 0 3 6.389e+02 6.631e+02 225 0 1 3.804e+02 4.176e+02 345 0 3 5.453e+02 5.887e+02 404 0 1 6.328e+02 6.692e+02 339 1 2 6.274e+02 6.326e+02 48 1 1 5.947e+02 6.233e+02 266 2 2 2.901e+01 5.499e+01 241 3 1 5.092e+02 5.408e+02 293 3 2 4.878e+02 5.202e+02 301
45197 0
45198 59 0 3 2.300e+02 2.320e+02 18 0 1 6.088e+02 6.092e+02 3 0 2 3.774e+02 3.786e+02 10 0 1 6.459e+02 6.561e+02 95 0 2 2.919e+02 2.961e+02 39 0 2 5.020e+02 5.060e+02 38 0 4 3.349e+02 3.371e+02 20 0 3 6.055e+02 6.125e+02 65 0 4 1.976e+02 2.224e+02 230 0 3 6.506e+02 6.514e+02 7 0 1 2.671e+02 2.789e+02 110 0 4 4.140e+02 4.260e+02 111 0 4 3.682e+02 3.878e+02 182 0 4 5.003e+02 5.077e+02 69 0 1 3.439e+02 3.701e+02 243 0 3 5.607e+02 5.733e+02 117 0 2 6.237e+02 6.363e+02 117 0 4 6.647e+02 6.793e+02 136 0 1 4.344e+02 4.476e+02 122 0 1 4.644e+02 5.016e+02 345 0 3 5.101e+02 5.399e+02 276 0 4 6.219e+02 6.381e+02 150 0 1 6.377e+02 6.643e+02 247 0 3 3.828e+02 4.152e+02 300 0 2 5.347e+02 5.573e+02 210 0 4 5.746e+02 6.014e+02 249 0 3 6.412e+02 6.608e+02 181 0 1 5.557e+02 5.783e+02 210 0 1 5.929e+02 6.251e+02 300 0 2 6.611e+02 6.829e+02 203 0 2 6.145e+02 6.455e+02 287 0 4 6.577e+02 6.863e+02 266 1 1 5.662e+02 5.678e+02 15 1 4 6.281e+02 6.319e+02 35 1 1 5.995e+02 6.185e+02 177 1 3 5.939e+02 6.241e+02 280 1 2 6.212e+02 6.388e+02 164 1 2 6.118e+02 6.482e+02 338 2 4 2.509e+02 2.531e+02 20 2 3 6.261e+01 6.339e+01 7 2 3 1.019e+02 1.081e+02 58 2 3 1.456e+02 1.484e+02 26 2 2 2.467e+02 2.573e+02 99 2 2 3.874e+01 4.526e+01 60 2 2 1.247e+02 1.273e+02 25 2 1 1.876e+02 1.904e+02 26 2 1 2.605e+02 2.855e+02 231 2 4 3.959e+01 4.441e+01 45 2 4 1.163e+02 1.357e+02 180 2 2 1.607e+02 1.753e+02 136 2 3 2.567e+02 2.893e+02 302 2 1 6.230e+01 6.370e+01 13 2 4 7.442e+01 9.358e+01 178 2 4 1.559e+02 1.801e+02 224 2 1 4.659e+01 7.941e+01 305 2 2 7.159e+01 9.641e+01 230 2 1 1.313e+02 1.627e+02 291 2 3 8.137e+00 3.386e+01 239 2 2 2.461e+01 5.939e+01 323
45199 6 0 3 2.607e+02 2.853e+02 228 0 4 2.718e+02 3.162e+02 413 2 2 1.680e+02 1.680e+02 -3 2 4 1.603e+02 1.757e+02 144 2 1 1.781e+02 1.999e+02 202 3 1 1.931e+01 2.269e+01 31
45200 1 0 4 6.258e+02 6.342e+02 79
