9102 2 2 4 4.063e+01 4.337e+01 26 2 4 2.308e+01 6.092e+01 351
9105 0
9106 20 0 4 6.700e+02 6.740e+02 38 0 3 4.322e+02 4.498e+02 163 0 1 5.510e+02 5.830e+02 298 0 4 5.832e+02 5.928e+02 90 0 1 6.399e+02 6.621e+02 206 0 4 6.150e+02 6.450e+02 278 0 3 6.442e+02 6.578e+02 127 0 3 5.895e+02 6.285e+02 362 0 2 6.652e+02 6.788e+02 127 1 4 5.680e+02 6.080e+02 372 2 2 1.661e+02 1.699e+02 35 2 3 1.626e+01 2.574e+01 88 2 3 6.478e+00 3.552e+01 270 2 3 8.985e+01 1.201e+02 281 2 3 5.120e+02 5.380e+02 242 2 3 1.330e+02 1.610e+02 260 2 3 6.407e+02 6.613e+02 190 2 2 1.088e+02 1.432e+02 319 2 4 4.845e+02 5.235e+02 363 2 1 1.711e+02 2.069e+02 332
9107 14 0 2 5.424e+02 5.496e+02 67 0 1 5.095e+02 5.405e+02 288 0 3 5.057e+02 5.443e+02 359 2 2 4.121e+01 4.279e+01 15 2 2 8.400e+01 8.400e+01 -4 2 1 5.970e+01 6.630e+01 61 2 4 8.400e+01 8.400e+01 -1 2 4 4.089e+02 4.311e+02 206 2 3 6.100e+01 6.500e+01 37 2 3 1.142e+01 3.058e+01 178 2 4 3.260e+01 5.140e+01 175 2 3 4.646e+01 7.954e+01 307 2 2 2.811e+01 5.589e+01 258 2 1 4.673e+01 7.927e+01 302
9108 0
9109 4 0 3 5.478e+02 5.862e+02 357 0 1 5.421e+02 5.919e+02 462 2 4 7.962e+01 8.838e+01 81 2 3 5.005e+01 7.595e+01 240
9110 0
9111 5 2 1 3.567e+02 3.573e+02 6 2 3 3.046e+02 3.254e+02 193 2 2 3.322e+02 3.398e+02 70 2 4 3.168e+02 3.552e+02 357 2 4 2.747e+02 3.133e+02 358
9112 2 2 4 3.964e+01 4.436e+01 44 2 3 5.687e+01 6.913e+01 114
9113 5 0 1 3.124e+02 3.176e+02 48 0 2 3.326e+02 3.394e+02 63 0 4 6.170e+02 6.430e+02 240 2 3 1.711e+01 2.489e+01 72 3 2 1.663e+02 1.697e+02 31
9114 10 0 4 6.185e+02 6.415e+02 213 1 2 6.240e+02 6.360e+02 112 2 3 1.041e+02 1.059e+02 17 2 3 1.839e+02 1.941e+02 96 2 2 1.149e+02 1.371e+02 206 2 1 1.826e+02 1.954e+02 120 2 2 1.987e+02 2.213e+02 210 2 4 6.863e+01 9.937e+01 286 2 3 1.734e+02 2.046e+02 290 2 4 1.927e+02 2.273e+02 320
9115 0
9116 5 0 4 2.813e+02 3.067e+02 236 2 1 4.597e+00 3.740e+01 305 2 4 6.109e+02 6.491e+02 355 2 4 1.972e+01 6.428e+01 414 2 3 2.019e-02 4.198e+01 390
9117 9 0 2 5.435e+02 5.485e+02 47 0 1 5.223e+02 5.277e+02 50 0 2 6.644e+02 6.796e+02 141 0 4 6.615e+02 6.825e+02 195 0 3 5.510e+02 5.830e+02 296 0 1 5.060e+02 5.440e+02 352 2 2 1.231e+02 1.289e+02 53 2 4 1.158e+02 1.362e+02 189 2 3 1.370e+02 1.570e+02 186
9118 11 0 4 3.773e+02 3.787e+02 12 0 3 4.400e+02 4.420e+02 19 0 2 6.282e+02 6.318e+02 34 0 3 3.966e+02 4.014e+02 46 0 4 6.226e+02 6.374e+02 137 0 1 3.929e+02 4.051e+02 113 0 3 4.649e+02 5.011e+02 336 0 3 6.343e+02 6.677e+02 310 0 4 4.120e+02 4.280e+02 149 2 1 6.253e+01 6.347e+01 9 2 2 2.081e+02 2.119e+02 36
9119 6 0 2 5.227e+02 5.693e+02 433 0 3 5.842e+02 6.338e+02 460 2 4 1.196e+02 1.324e+02 120 2 2 1.094e+02 1.426e+02 309 2 3 1.293e+02 1.647e+02 330 2 3 8.572e+01 1.243e+02 358
9120 13 0 2 5.034e+02 5.046e+02 10 0 4 2.926e+02 2.954e+02 26 0 4 4.939e+02 5.141e+02 188 0 3 2.624e+02 2.836e+02 196 0 4 5.794e+02 5.966e+02 159 0 2 2.739e+02 3.141e+02 374 0 4 6.629e+02 6.811e+02 169 0 1 4.659e+02 5.001e+02 318 0 3 5.100e+02 5.400e+02 279 0 1 5.951e+02 6.229e+02 259 0 3 5.943e+02 6.237e+02 273 2 2 3.718e+02 3.842e+02 115 2 4 2.169e+01 6.231e+01 377
9121 0
9122 3 2 4 4.126e+01 4.274e+01 14 2 3 6.091e+01 6.509e+01 39 2 2 3.453e+01 4.947e+01 139
9123 16 0 4 6.300e+02 6.300e+02 -20 0 1 6.510e+02 6.510e+02 0 0 4 3.677e+02 3.883e+02 191 0 4 5.040e+02 5.040e+02 -10 0 2 3.605e+02 3.955e+02 325 0 3 5.658e+02 5.682e+02 22 0 2 6.275e+02 6.325e+02 46 0 3 6.510e+02 6.510e+02 -17 0 4 4.595e+02 4.645e+02 46 0 4 5.743e+02 6.017e+02 254 0 4 6.563e+02 6.877e+02 292 0 3 4.705e+02 4.955e+02 232 0 1 5.986e+02 6.194e+02 194 0 3 5.933e+02 6.247e+02 291 2 4 3.684e+02 3.876e+02 179 2 3 3.408e+02 3.732e+02 300
9124 7 0 1 4.775e+02 4.885e+02 102 0 2 5.428e+02 5.492e+02 60 0 3 4.787e+02 4.873e+02 80 0 3 4.274e+02 4.546e+02 252 0 2 4.496e+02 4.744e+02 230 0 4 4.914e+02 5.166e+02 235 2 2 4.053e+02 4.347e+02 274
9125 7 0 4 6.253e+02 6.347e+02 88 0 3 4.410e+02 4.410e+02 -6 0 2 6.250e+02 6.350e+02 93 0 1 5.945e+02 6.235e+02 270 0 3 5.952e+02 6.228e+02 256 2 1 1.922e+01 2.278e+01 33 2 3 1.711e+01 2.489e+01 72
9126 5 0 4 3.773e+02 3.787e+02 13 2 4 2.509e+02 2.531e+02 20 3 3 1.599e+01 2.601e+01 93 3 1 1.258e+01 2.942e+01 156 3 2 2.182e+01 6.218e+01 375
9127 31 0 2 6.565e+02 6.875e+02 287 0 4 6.547e+02 6.893e+02 320 1 4 5.808e+02 5.952e+02 134 1 1 6.066e+02 6.114e+02 44 2 3 1.050e+02 1.050e+02 -2 2 4 2.923e+02 2.957e+02 32 2 3 3.953e+02 4.027e+02 68 2 1 1.720e+01 2.480e+01 70 2 2 4.602e+02 4.638e+02 34 2 2 2.872e+02 3.008e+02 126 2 4 6.199e+02 6.401e+02 187 2 3 3.535e+02 3.605e+02 65 2 4 6.665e+02 6.775e+02 101 2 3 1.429e+01 2.771e+01 125 2 2 4.186e+02 4.214e+02 26 2 2 7.706e+01 9.094e+01 129 2 4 4.609e+02 4.631e+02 20 2 4 2.842e+02 3.038e+02 181 2 3 3.856e+02 4.124e+02 250 2 4 3.186e+02 3.534e+02 324 2 3 4.677e+02 4.983e+02 285 2 4 4.004e+01 4.396e+01 36 2 4 4.884e+02 5.196e+02 290 2 2 6.800e+01 1.000e+02 297 2 1 3.077e+02 3.223e+02 136 2 3 5.229e+01 7.371e+01 199 2 3 3.036e+02 3.264e+02 211 2 2 2.748e+01 5.652e+01 270 2 3 2.634e+02 2.826e+02 178 2 1 2.581e+02 2.879e+02 277 2 2 2.758e+02 3.122e+02 338
9128 0
9129 3 0 4 5.834e+02 5.926e+02 86 2 2 1.060e+02 1.460e+02 371 2 4 1.048e+02 1.472e+02 394
9130 13 0 1 6.039e+02 6.141e+02 95 0 4 4.994e+02 5.086e+02 85 0 4 4.899e+02 5.181e+02 262 1 4 5.419e+02 5.501e+02 76 1 2 6.275e+02 6.325e+02 47 1 2 5.334e+02 5.586e+02 235 2 2 2.482e+02 2.558e+02 70 2 1 2.710e+02 2.750e+02 36 2 4 4.000e+01 4.400e+01 37 2 3 6.163e+01 6.437e+01 26 2 1 1.343e+02 1.597e+02 236 2 3 2.536e+02 2.924e+02 360 3 3 1.878e+01 2.322e+01 41
9131 0
9132 12 0 3 6.059e+02 6.121e+02 58 0 2 6.717e+02 6.723e+02 6 0 1 5.996e+02 6.184e+02 174 0 4 6.712e+02 6.728e+02 15 0 2 6.562e+02 6.878e+02 293 0 1 6.310e+02 6.710e+02 370 2 4 3.466e+01 4.934e+01 136 2 3 4.353e+02 4.467e+02 106 2 1 6.028e+01 6.572e+01 50 2 4 4.463e+02 4.777e+02 291 2 3 5.422e+01 7.178e+01 163 2 2 3.412e+01 4.988e+01 146
9133 3 2 4 6.266e+02 6.334e+02 64 2 3 6.498e+02 6.522e+02 22 2 2 6.596e+02 6.844e+02 230
9134 78 0 2 2.483e+02 2.557e+02 70 0 1 6.069e+02 6.111e+02 40 0 4 2.908e+02 2.972e+02 59 0 3 6.503e+02 6.517e+02 14 0 2 3.749e+02 3.811e+02 58 0 4 4.187e+02 4.213e+02 24 0 4 2.370e+02 2.670e+02 279 0 2 5.006e+02 5.074e+02 63 0 1 2.696e+02 2.764e+02 63 0 4 6.262e+02 6.338e+02 70 0 4 3.737e+02 3.823e+02 80 0 2 6.704e+02 6.736e+02 30 0 1 2.128e+02 2.492e+02 337 0 1 3.956e+02 4.024e+02 64 0 1 3.075e+02 3.225e+02 140 0 4 4.937e+02 5.143e+02 192 0 2 3.292e+02 3.428e+02 127 0 3 5.125e+02 5.375e+02 232 0 3 2.626e+02 2.834e+02 193 0 3 6.039e+02 6.141e+02 96 0 4 3.296e+02 3.424e+02 120 0 4 6.680e+02 6.760e+02 75 0 2 2.798e+02 3.082e+02 263 0 3 3.849e+02 4.131e+02 261 0 1 3.533e+02 3.607e+02 70 0 1 5.059e+02 5.441e+02 355 0 1 3.397e+02 3.743e+02 320 0 2 6.184e+02 6.416e+02 216 0 4 6.551e+02 6.889e+02 315 0 4 5.741e+02 6.019e+02 259 0 1 6.334e+02 6.686e+02 327 1 4 5.439e+02 5.481e+02 39 1 3 4.410e+02 4.410e+02 -10 1 1 6.085e+02 6.095e+02 9 1 3 3.834e+02 4.146e+02 290 1 1 4.812e+02 4.848e+02 34 1 2 5.848e+02 5.912e+02 59 1 2 6.275e+02 6.325e+02 46 1 1 5.499e+02 5.841e+02 317 1 4 6.262e+02 6.338e+02 70 1 4 4.869e+02 5.211e+02 318 1 3 6.032e+02 6.148e+02 108 2 3 4.822e+02 4.838e+02 16 2 4 4.126e+01 4.274e+01 14 2 4 5.440e+02 5.480e+02 36 2 3 1.853e+02 1.927e+02 69 2 3 5.668e+02 5.672e+02 3 2 2 2.090e+02 2.110e+02 19 2 2 5.870e+02 5.890e+02 19 2 3 3.544e+02 3.596e+02 48 2 4 4.139e+02 4.261e+02 114 2 3 6.051e+01 6.549e+01 46 2 4 4.523e+02 4.717e+02 180 2 4 1.149e+02 1.371e+02 206 2 1 5.945e+02 6.235e+02 270 2 3 1.458e+02 1.482e+02 22 2 3 4.287e+02 4.533e+02 228 2 4 2.071e+02 2.129e+02 54 2 2 4.458e+02 4.782e+02 300 2 4 3.699e+02 3.861e+02 150 2 3 3.838e+02 4.142e+02 282 2 3 2.043e+01 2.157e+01 10 2 2 7.424e+01 9.376e+01 181 2 4 1.634e+02 1.726e+02 86 2 1 2.161e+02 2.459e+02 277 2 2 3.647e+02 3.913e+02 246 2 2 4.067e+01 4.333e+01 25 2 4 7.271e+01 9.529e+01 210 2 3 2.186e+02 2.434e+02 230 2 1 1.151e+01 3.049e+01 176 2 3 8.765e+01 1.223e+02 322 2 2 1.901e+02 2.299e+02 369 2 1 5.064e+01 7.536e+01 230 2 2 1.079e+02 1.441e+02 336 2 4 1.896e+02 2.304e+02 379 2 3 4.920e+01 7.680e+01 256 2 4 1.070e+02 1.450e+02 353 2 1 1.588e+00 4.041e+01 360
9135 10 0 2 4.976e+02 5.104e+02 120 0 4 4.980e+02 5.100e+02 111 0 3 4.592e+02 5.068e+02 441 1 3 5.197e+02 5.303e+02 99 1 4 5.379e+02 5.541e+02 150 1 3 5.089e+02 5.411e+02 300 2 2 3.314e+01 5.086e+01 165 2 4 2.945e+01 5.455e+01 233 2 1 7.828e+00 3.417e+01 245 2 3 3.968e+00 3.803e+01 316
9136 8 0 4 5.019e+02 5.061e+02 40 0 1 6.056e+02 6.124e+02 63 0 1 4.765e+02 4.895e+02 120 0 3 6.008e+02 6.172e+02 153 0 3 4.715e+02 4.945e+02 214 0 2 6.157e+02 6.443e+02 266 0 2 4.948e+02 5.132e+02 171 2 3 1.441e+02 1.499e+02 53
9137 15 0 4 3.316e+02 3.404e+02 81 0 4 3.196e+02 3.524e+02 305 0 1 5.991e+02 6.189e+02 185 0 1 2.526e+02 2.934e+02 380 0 4 6.720e+02 6.720e+02 -20 0 1 6.361e+02 6.659e+02 277 1 4 5.849e+02 5.911e+02 57 1 4 5.338e+02 5.582e+02 227 2 3 1.046e+02 1.054e+02 7 2 2 4.115e+02 4.285e+02 157 2 4 2.029e+02 2.171e+02 131 2 2 1.153e+02 1.367e+02 198 2 1 4.422e+01 8.178e+01 349 2 2 7.289e+01 9.511e+01 206 2 4 1.091e+02 1.429e+02 315
9138 9 0 1 6.461e+02 6.559e+02 91 0 2 6.125e+02 6.475e+02 326 0 3 6.503e+02 6.517e+02 14 0 2 6.703e+02 6.737e+02 31 0 4 6.556e+02 6.884e+02 305 0 2 6.517e+02 6.923e+02 376 1 2 6.279e+02 6.321e+02 40 1 2 6.153e+02 6.447e+02 274 2 4 1.570e+02 1.790e+02 204
9139 33 0 1 5.653e+02 5.687e+02 32 0 3 5.621e+02 5.719e+02 90 0 4 5.749e+02 6.011e+02 243 1 2 6.271e+02 6.329e+02 55 1 4 6.264e+02 6.336e+02 67 2 4 3.343e+02 3.377e+02 31 2 3 5.665e+02 5.675e+02 10 2 3 6.212e+01 6.388e+01 16 2 4 6.696e+02 6.744e+02 45 2 3 1.465e+02 1.475e+02 9 2 4 4.172e+02 4.228e+02 52 2 3 3.546e+02 3.594e+02 46 2 4 5.321e+02 5.599e+02 259 2 3 1.909e+01 2.291e+01 36 2 4 5.824e+02 5.936e+02 104 2 4 1.213e+02 1.307e+02 86 2 2 5.747e+02 6.013e+02 247 2 2 1.649e+02 1.711e+02 58 2 4 5.717e+02 6.043e+02 302 2 3 2.975e+02 3.325e+02 326 2 4 3.703e+02 3.857e+02 142 2 2 4.085e+01 4.315e+01 21 2 2 7.092e+01 9.708e+01 243 2 4 1.642e+02 1.718e+02 71 2 2 3.322e+02 3.398e+02 70 2 1 5.925e+01 6.675e+01 70 2 1 1.876e+02 1.904e+02 26 2 1 3.490e+02 3.650e+02 149 2 4 2.999e+01 5.401e+01 223 2 3 1.718e+02 2.062e+02 319 2 2 3.635e+02 3.925e+02 270 2 3 1.334e+02 1.606e+02 252 2 4 1.504e+02 1.856e+02 326
9140 3 0 2 6.512e+02 6.928e+02 386 0 4 6.483e+02 6.957e+02 440 2 2 5.750e+01 1.105e+02 492
