9378 7 0 4 5.871e+02 5.889e+02 17 0 2 6.658e+02 6.782e+02 116 0 1 3.432e+02 3.708e+02 257 0 4 6.625e+02 6.815e+02 176 1 1 6.085e+02 6.095e+02 10 1 1 5.964e+02 6.216e+02 235 3 1 5.081e+02 5.419e+02 313
9379 5 2 3 3.972e+02 4.008e+02 33 2 4 4.585e+02 4.655e+02 66 2 3 1.805e+02 1.975e+02 158 2 4 1.948e+02 2.252e+02 283 2 4 3.599e+02 3.961e+02 336
9380 0
9381 2 0 4 6.285e+02 6.315e+02 28 0 3 6.086e+02 6.094e+02 7
9382 14 2 2 6.281e+02 6.319e+02 36 2 4 6.269e+02 6.331e+02 57 2 2 6.595e+02 6.845e+02 232 2 3 5.901e+02 6.279e+02 350 2 1 6.365e+02 6.655e+02 270 3 4 5.037e+02 5.043e+02 5 3 1 4.394e+02 4.426e+02 29 3 1 5.249e+02 5.251e+02 2 3 3 4.333e+02 4.487e+02 143 3 3 5.554e+02 5.786e+02 216 3 4 4.110e+02 4.290e+02 167 3 3 5.151e+02 5.349e+02 184 3 2 4.897e+02 5.183e+02 266 3 2 4.053e+02 4.347e+02 272
9383 11 0 4 6.720e+02 6.720e+02 -17 0 1 6.485e+02 6.535e+02 47 0 2 6.168e+02 6.432e+02 246 0 2 6.720e+02 6.720e+02 -8 0 4 6.632e+02 6.808e+02 164 0 1 6.352e+02 6.668e+02 294 0 3 6.348e+02 6.672e+02 301 2 3 1.450e+02 1.490e+02 37 2 2 1.591e+02 1.769e+02 165 2 1 1.368e+02 1.572e+02 190 2 4 1.083e+02 1.437e+02 329
9384 2 2 4 3.874e+01 4.526e+01 60 2 3 1.712e+01 2.488e+01 72
9385 5 0 3 4.813e+02 4.847e+02 31 0 1 4.789e+02 4.871e+02 76 0 2 4.495e+02 4.745e+02 231 0 4 4.902e+02 5.178e+02 256 1 4 6.263e+02 6.337e+02 69
9386 7 0 2 6.111e+02 6.489e+02 351 0 3 6.345e+02 6.675e+02 307 0 1 5.826e+02 6.354e+02 490 0 3 6.250e+02 6.770e+02 482 2 2 1.481e+02 1.879e+02 370 2 4 1.031e+02 1.489e+02 425 2 1 1.723e+02 2.057e+02 310
9387 17 0 3 6.087e+02 6.093e+02 6 0 2 3.756e+02 3.804e+02 46 0 3 3.940e+02 4.040e+02 92 0 4 3.659e+02 3.901e+02 226 0 4 6.216e+02 6.384e+02 156 0 1 3.438e+02 3.702e+02 245 1 4 6.279e+02 6.321e+02 40 1 1 6.059e+02 6.121e+02 58 1 2 6.212e+02 6.388e+02 163 1 3 5.965e+02 6.215e+02 233 2 4 6.283e+02 6.317e+02 32 2 3 1.439e+02 1.501e+02 58 2 1 5.956e+01 6.644e+01 64 2 2 1.607e+02 1.753e+02 136 2 2 2.564e+01 5.836e+01 304 2 1 1.306e+02 1.634e+02 304 3 1 4.601e+01 7.999e+01 316
9388 0
9389 10 0 4 6.300e+02 6.300e+02 -3 0 4 3.766e+02 3.794e+02 26 0 4 5.818e+02 5.942e+02 116 0 1 3.484e+02 3.656e+02 159 0 2 6.677e+02 6.763e+02 80 0 1 5.938e+02 6.242e+02 283 0 4 6.589e+02 6.851e+02 243 0 3 5.926e+02 6.254e+02 304 2 3 1.971e+01 2.229e+01 24 2 2 1.102e+02 1.418e+02 293
9390 33 0 1 5.639e+02 5.701e+02 57 0 4 2.517e+02 2.523e+02 6 0 4 5.880e+02 5.880e+02 -23 0 4 6.687e+02 6.753e+02 60 0 1 5.549e+02 5.791e+02 226 0 1 6.090e+02 6.090e+02 -20 0 1 6.438e+02 6.582e+02 133 0 3 5.598e+02 5.742e+02 133 0 3 6.087e+02 6.093e+02 5 0 2 6.692e+02 6.748e+02 51 0 2 6.294e+02 6.306e+02 10 0 3 6.413e+02 6.607e+02 180 0 4 6.248e+02 6.352e+02 96 0 2 6.573e+02 6.867e+02 273 0 4 5.795e+02 5.965e+02 157 0 4 6.564e+02 6.876e+02 290 0 1 6.327e+02 6.693e+02 340 2 1 1.874e+02 1.906e+02 30 2 4 4.200e+01 4.200e+01 -3 2 4 1.256e+02 1.264e+02 8 2 1 1.465e+02 1.475e+02 10 2 3 6.010e+01 6.590e+01 54 2 2 1.163e+02 1.357e+02 180 2 3 1.854e+02 1.926e+02 66 2 1 2.084e+01 2.116e+01 3 2 4 1.533e+02 1.827e+02 274 2 2 1.966e+02 2.234e+02 248 2 2 3.780e+01 4.620e+01 78 2 3 1.326e+02 1.614e+02 267 2 4 1.929e+02 2.271e+02 317 2 2 2.367e+01 6.033e+01 340 2 4 2.389e+01 6.011e+01 336 3 1 6.443e+02 6.577e+02 124
9391 10 0 2 6.284e+02 6.316e+02 30 0 1 6.006e+02 6.174e+02 156 0 3 5.939e+02 6.241e+02 280 2 4 4.565e+02 4.675e+02 102 2 1 4.351e+02 4.469e+02 109 2 2 4.510e+02 4.730e+02 204 2 3 4.284e+02 4.536e+02 234 3 2 4.977e+02 5.103e+02 116 3 4 4.948e+02 5.132e+02 171 3 3 5.150e+02 5.350e+02 186
9392 7 0 4 6.681e+02 6.759e+02 72 0 1 6.447e+02 6.573e+02 116 0 3 6.417e+02 6.603e+02 173 0 2 6.601e+02 6.839e+02 220 1 3 3.972e+02 4.008e+02 34 2 3 1.451e+01 2.749e+01 120 2 1 1.288e+02 1.652e+02 337
9393 26 0 1 6.507e+02 6.513e+02 6 0 4 5.855e+02 5.905e+02 46 0 3 6.486e+02 6.534e+02 45 0 3 5.626e+02 5.714e+02 81 0 2 6.253e+02 6.347e+02 86 0 4 1.934e+02 2.266e+02 308 0 2 6.631e+02 6.809e+02 166 0 1 5.094e+02 5.406e+02 290 0 4 6.239e+02 6.361e+02 114 0 4 6.621e+02 6.819e+02 185 0 2 5.317e+02 5.603e+02 266 0 1 6.358e+02 6.662e+02 282 0 3 6.364e+02 6.656e+02 270 0 4 6.554e+02 6.886e+02 309 1 2 5.448e+02 5.472e+02 23 1 1 5.207e+02 5.293e+02 80 1 4 5.864e+02 5.896e+02 30 1 4 6.165e+02 6.435e+02 251 1 3 5.598e+02 5.742e+02 134 1 2 6.168e+02 6.432e+02 246 2 4 1.616e+02 1.744e+02 119 2 3 4.375e+02 4.445e+02 66 2 2 4.600e+02 4.640e+02 37 2 3 1.804e+02 1.976e+02 159 2 1 4.657e+02 5.003e+02 322 2 4 4.056e+02 4.344e+02 267
9394 0
9395 0
9396 12 0 1 4.801e+02 4.859e+02 54 0 2 4.955e+02 5.125e+02 157 0 4 4.993e+02 5.087e+02 87 0 3 5.092e+02 5.408e+02 294 1 4 3.359e+02 3.361e+02 2 1 4 4.200e+02 4.200e+02 -4 1 1 4.359e+02 4.461e+02 95 1 4 3.182e+02 3.538e+02 331 1 4 3.627e+02 3.933e+02 284 1 4 4.565e+02 4.675e+02 101 1 2 4.498e+02 4.742e+02 226 1 4 4.031e+02 4.369e+02 314
9397 78 0 1 6.486e+02 6.534e+02 45 0 2 4.592e+02 4.648e+02 52 0 4 2.475e+02 2.565e+02 84 0 2 5.428e+02 5.492e+02 60 0 1 6.054e+02 6.126e+02 66 0 3 6.490e+02 6.530e+02 37 0 1 4.328e+02 4.492e+02 152 0 1 4.798e+02 4.862e+02 59 0 1 5.497e+02 5.843e+02 322 0 3 6.026e+02 6.154e+02 119 0 1 4.252e+02 4.568e+02 294 0 4 4.550e+02 4.690e+02 130 0 3 5.508e+02 5.832e+02 301 0 2 6.272e+02 6.328e+02 52 0 2 6.551e+02 6.889e+02 315 0 3 4.723e+02 4.937e+02 200 0 4 6.200e+02 6.400e+02 186 0 4 6.543e+02 6.897e+02 328 0 4 5.780e+02 5.980e+02 186 1 1 5.640e+02 5.700e+02 56 1 1 6.069e+02 6.111e+02 40 1 2 4.557e+02 4.683e+02 117 1 3 5.629e+02 5.711e+02 76 1 2 6.235e+02 6.365e+02 121 1 3 5.491e+02 5.849e+02 333 1 4 6.273e+02 6.327e+02 50 1 2 6.173e+02 6.427e+02 236 1 3 5.903e+02 6.277e+02 348 1 4 6.135e+02 6.465e+02 306 2 4 3.335e+02 3.385e+02 47 2 3 4.796e+02 4.864e+02 63 2 4 8.357e+01 8.443e+01 8 2 4 5.414e+02 5.506e+02 86 2 4 2.911e+02 2.969e+02 54 2 2 5.035e+02 5.045e+02 10 2 3 3.544e+02 3.596e+02 49 2 1 5.631e+02 5.709e+02 72 2 4 4.031e+01 4.369e+01 31 2 2 6.605e+02 6.835e+02 214 2 3 1.050e+02 1.050e+02 -0 2 4 4.533e+02 4.707e+02 162 2 3 1.842e+02 1.938e+02 89 2 1 5.186e+02 5.314e+02 119 2 2 2.408e+02 2.632e+02 208 2 4 6.629e+02 6.811e+02 170 2 1 3.127e+02 3.173e+02 42 2 3 5.553e+02 5.787e+02 218 2 2 3.666e+02 3.894e+02 211 2 1 6.355e+02 6.665e+02 287 2 2 3.134e+01 5.266e+01 198 2 2 5.332e+02 5.588e+02 238 2 2 8.047e+01 8.753e+01 66 2 2 1.608e+02 1.752e+02 133 2 4 2.395e+02 2.645e+02 231 2 1 2.692e+02 2.768e+02 71 2 1 3.384e+02 3.756e+02 345 2 1 5.090e+01 7.510e+01 225 2 3 9.124e+01 1.188e+02 256 2 1 1.784e+02 1.996e+02 196 2 2 1.978e+02 2.222e+02 226 2 3 3.016e+02 3.284e+02 249 2 4 3.586e+02 3.974e+02 360 2 3 5.171e+01 7.429e+01 210 2 2 6.571e+01 1.023e+02 340 2 1 1.346e+02 1.594e+02 230 2 3 2.150e+02 2.470e+02 296 2 2 2.772e+02 3.108e+02 311 2 3 6.165e+00 3.583e+01 276 2 3 1.357e+02 1.583e+02 210 2 4 1.902e+02 2.298e+02 368 2 2 2.228e+01 6.172e+01 366 2 4 1.517e+02 1.843e+02 302 2 3 4.476e+01 8.124e+01 339 3 1 1.441e+02 1.499e+02 55 3 1 5.208e+02 5.292e+02 77 3 1 4.769e+02 4.891e+02 113 3 1 5.110e+02 5.390e+02 260 3 1 4.688e+02 4.972e+02 264
9398 4 2 3 3.888e+02 4.092e+02 189 2 3 1.343e+02 1.597e+02 236 2 2 2.865e+02 3.015e+02 140 2 4 1.927e+02 2.273e+02 321
9399 19 0 3 5.233e+02 5.267e+02 32 0 2 3.242e+01 5.158e+01 178 0 2 4.854e+02 5.226e+02 346 1 4 6.284e+02 6.316e+02 30 1 1 6.024e+02 6.156e+02 122 1 2 6.188e+02 6.412e+02 208 1 3 5.960e+02 6.220e+02 242 2 4 5.457e+02 5.463e+02 6 2 1 1.460e+01 2.740e+01 119 2 1 4.402e+02 4.418e+02 15 2 4 3.265e+02 3.455e+02 176 2 3 5.669e+02 5.671e+02 2 2 2 4.136e+02 4.264e+02 119 2 1 3.921e+00 3.808e+01 317 2 3 5.095e+02 5.405e+02 287 2 3 2.262e+00 3.974e+01 348 2 4 4.082e+02 4.318e+02 220 2 4 4.875e+02 5.205e+02 306 2 3 3.816e+02 4.164e+02 323
9400 0
9401 9 0 1 3.397e+02 3.743e+02 322 1 2 6.276e+02 6.324e+02 44 1 1 5.902e+02 6.278e+02 349 2 3 3.137e+02 3.163e+02 24 2 3 3.009e+02 3.291e+02 261 2 3 3.445e+02 3.695e+02 231 2 4 3.640e+02 3.920e+02 260 3 3 1.831e+02 1.949e+02 109 3 4 1.490e+02 1.870e+02 352
9402 0
9403 0
9404 22 0 2 6.294e+02 6.306e+02 10 0 2 6.718e+02 6.722e+02 3 0 1 3.954e+02 4.026e+02 67 0 4 4.609e+02 4.631e+02 20 0 4 6.255e+02 6.345e+02 84 0 4 6.720e+02 6.720e+02 -0 0 3 3.944e+02 4.036e+02 86 0 2 4.534e+02 4.706e+02 160 0 1 5.510e+02 5.830e+02 297 0 4 5.869e+02 5.891e+02 20 0 1 6.495e+02 6.525e+02 28 0 1 4.363e+02 4.457e+02 88 0 3 5.475e+02 5.865e+02 363 0 3 6.474e+02 6.546e+02 66 0 3 4.311e+02 4.509e+02 183 0 3 6.376e+02 6.644e+02 248 0 4 4.077e+02 4.323e+02 229 0 2 6.549e+02 6.891e+02 318 0 4 6.573e+02 6.867e+02 273 0 1 6.315e+02 6.705e+02 363 1 4 6.257e+02 6.343e+02 80 1 2 6.137e+02 6.463e+02 302
9405 6 0 4 6.720e+02 6.720e+02 -16 0 2 6.656e+02 6.784e+02 118 2 3 1.972e+01 2.228e+01 24 2 1 1.680e+01 2.520e+01 78 2 1 7.108e+00 3.489e+01 258 2 2 2.582e+01 5.818e+01 300
9406 3 1 4 6.057e+02 6.543e+02 451 3 2 3.613e+02 3.947e+02 310 3 4 4.456e+02 4.784e+02 305
9407 19 0 4 6.295e+02 6.305e+02 9 0 1 6.500e+02 6.520e+02 19 0 4 5.850e+02 5.910e+02 56 0 3 6.483e+02 6.537e+02 50 0 1 5.998e+02 6.182e+02 171 0 4 6.718e+02 6.722e+02 3 0 2 6.209e+02 6.391e+02 170 0 2 6.609e+02 6.831e+02 206 0 3 5.905e+02 6.275e+02 344 0 3 6.343e+02 6.677e+02 310 0 4 6.110e+02 6.490e+02 353 1 4 5.457e+02 5.463e+02 6 2 2 3.959e+01 4.441e+01 45 2 1 1.432e+02 1.508e+02 71 2 4 3.596e+01 4.804e+01 112 2 3 1.437e+02 1.503e+02 61 2 3 6.253e+00 3.575e+01 274 2 2 1.528e+02 1.832e+02 281 2 4 1.510e+02 1.850e+02 316
