15766 32 0 3 4.772e+02 4.888e+02 108 0 2 6.709e+02 6.731e+02 20 0 2 5.030e+02 5.050e+02 18 0 2 4.935e+02 5.145e+02 196 0 3 5.064e+02 5.436e+02 346 0 4 4.021e+02 4.379e+02 333 0 4 4.922e+02 5.158e+02 219 2 1 4.818e+02 4.842e+02 23 2 1 4.402e+02 4.418e+02 15 2 2 4.608e+02 4.632e+02 22 2 3 4.402e+02 4.418e+02 15 2 4 4.576e+02 4.664e+02 82 2 4 4.132e+02 4.268e+02 126 2 3 1.971e+01 2.229e+01 24 2 3 4.747e+02 4.913e+02 155 2 3 1.049e+02 1.051e+02 1 2 3 4.269e+02 4.551e+02 262 2 2 4.509e+02 4.731e+02 206 2 4 2.940e+02 2.940e+02 -4 2 1 1.963e+01 2.237e+01 26 2 2 1.260e+02 1.260e+02 -3 2 1 1.840e+02 1.940e+02 93 2 1 3.117e+02 3.183e+02 62 2 2 3.313e+01 5.087e+01 165 2 2 8.281e+01 8.519e+01 22 2 1 1.703e+02 2.077e+02 348 2 2 2.841e+02 3.039e+02 185 2 1 4.776e+01 7.824e+01 283 2 4 6.773e+01 1.003e+02 302 2 1 1.283e+02 1.657e+02 348 2 3 2.992e+02 3.308e+02 293 2 3 2.935e+00 3.907e+01 336
15767 5 1 2 5.433e+02 5.487e+02 50 2 2 1.239e+02 1.281e+02 40 2 4 1.122e+02 1.398e+02 257 2 1 1.370e+02 1.570e+02 186 2 3 9.075e+01 1.192e+02 265
15769 10 0 4 6.289e+02 6.311e+02 20 0 1 6.488e+02 6.532e+02 40 0 3 6.470e+02 6.550e+02 75 0 3 5.901e+02 6.279e+02 350 0 2 6.635e+02 6.805e+02 157 0 2 6.117e+02 6.483e+02 340 0 4 6.131e+02 6.469e+02 314 2 3 1.146e+01 3.054e+01 177 2 1 4.375e+02 4.445e+02 65 2 1 -2.046e+00 4.405e+01 428
15770 4 2 3 6.001e+01 6.599e+01 56 2 4 2.874e+01 5.526e+01 246 2 2 6.746e+01 1.005e+02 307 2 1 4.686e+01 7.914e+01 300
15771 1 2 4 1.680e+02 1.680e+02 -5
15772 6 1 4 6.289e+02 6.311e+02 20 1 1 6.087e+02 6.093e+02 6 1 2 5.782e+02 5.978e+02 182 1 3 6.009e+02 6.171e+02 150 1 2 6.211e+02 6.389e+02 165 1 2 6.144e+02 6.456e+02 290
15774 3 0 3 5.602e+02 5.738e+02 126 0 1 5.174e+02 5.326e+02 140 2 3 1.204e+01 2.996e+01 166
15775 6 0 1 3.150e+02 3.150e+02 -20 0 2 5.424e+02 5.496e+02 66 0 2 4.984e+02 5.096e+02 105 0 2 6.602e+02 6.838e+02 219 0 1 5.092e+02 5.408e+02 293 0 3 5.078e+02 5.422e+02 319
15776 2 0 3 6.055e+02 6.125e+02 65 0 4 6.140e+02 6.460e+02 297
15777 71 0 1 6.490e+02 6.530e+02 37 0 3 1.017e+02 1.083e+02 60 0 3 4.817e+02 4.843e+02 24 0 2 2.483e+02 2.557e+02 69 0 1 5.638e+02 5.702e+02 59 0 2 2.932e+02 2.948e+02 15 0 4 5.859e+02 5.901e+02 39 0 3 9.313e+01 1.169e+02 220 0 3 6.505e+02 6.515e+02 10 0 4 2.903e+02 2.977e+02 69 0 1 4.726e+02 4.934e+02 193 0 3 2.621e+02 2.839e+02 202 0 3 5.652e+02 5.688e+02 33 0 4 2.178e+01 6.222e+01 376 0 1 6.087e+02 6.093e+02 6 0 2 1.907e+02 2.293e+02 359 0 2 6.685e+02 6.755e+02 66 0 4 4.893e+02 5.187e+02 273 0 1 5.214e+02 5.286e+02 67 0 3 6.088e+02 6.092e+02 3 0 4 6.651e+02 6.789e+02 129 0 2 5.260e+02 5.660e+02 371 0 2 6.287e+02 6.313e+02 25 0 4 6.213e+02 6.387e+02 162 0 2 6.105e+02 6.495e+02 362 0 4 5.619e+02 6.141e+02 485 1 4 5.864e+02 5.896e+02 30 1 1 6.066e+02 6.114e+02 44 1 1 3.852e+02 4.128e+02 256 1 4 4.975e+02 5.105e+02 120 1 3 5.626e+02 5.714e+02 82 1 3 6.060e+02 6.120e+02 56 1 2 5.785e+02 5.975e+02 176 1 2 6.292e+02 6.308e+02 15 1 4 6.298e+02 6.302e+02 3 1 3 5.913e+02 6.267e+02 328 2 3 1.936e+01 2.264e+01 30 2 3 5.242e+02 5.258e+02 15 2 1 1.868e+02 1.912e+02 41 2 4 5.875e+02 5.885e+02 10 2 3 6.037e+01 6.563e+01 49 2 4 4.195e+02 4.205e+02 9 2 3 1.884e+02 1.896e+02 11 2 4 5.011e+02 5.069e+02 53 2 2 2.022e+02 2.178e+02 145 2 3 6.046e+02 6.134e+02 81 2 3 2.682e+02 2.778e+02 89 2 1 5.225e+01 7.375e+01 200 2 3 4.404e+02 4.416e+02 11 2 2 1.178e+02 1.342e+02 152 2 4 4.918e+02 5.162e+02 227 2 4 1.592e+02 1.768e+02 164 2 1 5.153e+02 5.347e+02 180 2 3 2.263e+02 2.357e+02 87 2 2 6.190e+02 6.410e+02 205 2 3 5.216e+01 7.384e+01 201 2 1 4.237e+02 4.583e+02 320 2 2 7.150e+01 9.650e+01 232 2 2 4.517e+02 4.723e+02 192 2 1 1.687e+02 2.093e+02 377 2 2 5.341e+02 5.579e+02 220 2 3 2.536e+02 2.924e+02 360 2 4 5.706e+02 6.054e+02 323 2 4 2.425e+01 5.975e+01 330 2 3 6.327e+02 6.693e+02 340 2 3 4.207e-01 4.158e+01 382 2 3 5.946e+02 6.234e+02 268 3 3 6.076e+02 6.104e+02 26 3 4 5.851e+02 5.909e+02 53 3 4 5.734e+02 6.026e+02 270 3 3 9.171e+00 3.283e+01 220
15780 5 0 4 3.160e+02 3.560e+02 372 0 2 6.508e+02 6.932e+02 394 0 1 6.292e+02 6.728e+02 406 0 3 6.283e+02 6.737e+02 421 1 3 2.055e+02 2.565e+02 473
15781 8 0 3 5.612e+02 5.728e+02 108 0 4 5.725e+02 6.035e+02 288 0 4 6.520e+02 6.920e+02 372 0 4 5.652e+02 6.108e+02 424 2 3 6.074e+02 6.106e+02 30 2 2 6.193e+02 6.407e+02 199 2 4 5.759e+02 6.001e+02 224 2 1 5.969e+02 6.211e+02 226
15783 8 1 3 6.075e+02 6.105e+02 27 1 1 5.245e+02 5.255e+02 10 1 2 5.436e+02 5.484e+02 45 1 4 6.232e+02 6.368e+02 127 1 2 5.316e+02 5.604e+02 267 2 1 1.554e+01 2.646e+01 101 2 3 1.828e+01 2.372e+01 50 3 3 6.347e+00 3.565e+01 272
15784 9 0 1 6.469e+02 6.551e+02 76 0 4 3.283e+02 3.437e+02 143 0 3 6.427e+02 6.593e+02 155 0 2 6.566e+02 6.874e+02 286 0 4 6.619e+02 6.821e+02 187 2 4 1.251e+02 1.269e+02 16 2 3 6.136e+01 6.464e+01 30 2 3 1.013e+02 1.087e+02 69 2 4 1.079e+02 1.441e+02 336
15785 2 2 1 1.101e+01 3.099e+01 186 2 4 2.577e+01 5.823e+01 301
15786 9 0 2 6.105e+02 6.495e+02 362 0 2 4.885e+02 5.195e+02 288 0 1 5.059e+02 5.441e+02 355 0 4 6.107e+02 6.493e+02 359 0 4 4.847e+02 5.233e+02 359 0 1 5.444e+02 5.896e+02 420 0 4 5.672e+02 6.088e+02 387 3 1 5.943e+01 6.657e+01 66 3 2 2.811e+01 5.589e+01 258
15787 53 0 1 6.498e+02 6.522e+02 23 0 1 5.606e+02 5.734e+02 118 0 4 2.077e+02 2.123e+02 42 0 2 6.241e+02 6.359e+02 109 0 1 2.309e+02 2.311e+02 1 0 1 6.423e+02 6.597e+02 161 0 4 2.986e+01 5.414e+01 226 0 3 5.633e+02 5.707e+02 69 0 3 2.286e+02 2.334e+02 45 0 4 6.259e+02 6.341e+02 76 0 3 1.692e+02 2.088e+02 368 0 3 6.419e+02 6.601e+02 170 0 1 5.186e+02 5.314e+02 120 0 1 5.973e+02 6.207e+02 217 0 2 6.660e+02 6.780e+02 112 0 3 5.134e+02 5.366e+02 216 0 4 6.179e+02 6.421e+02 226 0 4 6.634e+02 6.806e+02 160 0 2 5.355e+02 5.565e+02 196 0 2 6.556e+02 6.884e+02 305 0 4 6.550e+02 6.890e+02 316 1 1 6.083e+02 6.097e+02 13 1 4 4.609e+02 4.631e+02 20 1 3 5.223e+02 5.277e+02 50 1 2 5.849e+02 5.911e+02 57 1 3 6.076e+02 6.104e+02 26 1 4 5.806e+02 5.954e+02 138 1 2 6.288e+02 6.312e+02 22 1 4 5.371e+02 5.549e+02 166 1 4 6.284e+02 6.316e+02 29 1 1 5.546e+02 5.794e+02 230 1 1 5.900e+02 6.280e+02 352 1 4 5.745e+02 6.015e+02 250 1 4 5.287e+02 5.633e+02 321 1 3 5.473e+02 5.867e+02 366 2 4 1.678e+02 1.682e+02 4 2 4 3.776e+02 3.784e+02 7 2 1 3.951e+02 4.029e+02 72 2 4 4.094e+01 4.306e+01 20 2 4 4.986e+02 5.094e+02 100 2 4 3.351e+02 3.369e+02 16 2 3 5.244e+02 5.256e+02 10 2 2 3.625e+02 3.935e+02 288 2 3 3.872e+02 4.108e+02 219 2 4 1.079e+02 1.441e+02 336 2 2 5.458e+02 5.462e+02 5 2 4 6.550e+02 6.890e+02 316 2 1 5.638e+02 5.702e+02 59 2 3 5.628e+02 5.712e+02 79 2 3 5.087e+02 5.413e+02 303 2 4 5.342e+02 5.578e+02 219 2 1 5.514e+02 5.826e+02 289 3 1 5.261e+01 7.339e+01 193
15788 3 3 1 3.883e+02 4.097e+02 198 3 2 4.129e+02 4.271e+02 131 3 4 3.615e+02 3.945e+02 307
15789 6 0 4 6.698e+02 6.742e+02 40 0 2 6.692e+02 6.748e+02 51 0 1 6.331e+02 6.689e+02 333 0 3 6.327e+02 6.693e+02 340 1 4 6.241e+02 6.359e+02 110 1 3 5.919e+02 6.261e+02 317
15790 12 2 4 2.920e+02 2.960e+02 37 2 2 3.326e+02 3.394e+02 63 2 3 1.423e+02 1.517e+02 88 2 3 3.118e+02 3.182e+02 60 2 3 4.315e+02 4.505e+02 177 2 4 3.200e+02 3.520e+02 298 2 4 4.465e+02 4.775e+02 288 2 2 1.611e+02 1.749e+02 128 2 3 3.017e+02 3.283e+02 247 2 1 1.742e+02 2.038e+02 276 2 1 1.287e+02 1.653e+02 340 3 1 1.186e+01 3.014e+01 170
15791 12 1 4 6.178e+02 6.422e+02 226 2 4 6.293e+02 6.307e+02 13 2 3 5.602e+01 6.998e+01 130 2 3 6.503e+02 6.517e+02 14 2 2 7.796e+01 9.004e+01 112 2 3 5.584e+02 5.756e+02 160 2 3 7.108e+00 3.489e+01 258 2 2 5.820e+02 5.940e+02 111 2 4 5.303e+02 5.617e+02 292 2 4 6.293e+01 1.051e+02 391 2 1 5.950e+02 6.230e+02 260 3 3 1.036e+02 1.064e+02 26
15792 1 2 3 7.832e+01 1.317e+02 496
15793 15 0 3 6.499e+02 6.521e+02 21 0 4 6.720e+02 6.720e+02 -23 0 3 6.397e+02 6.623e+02 210 0 2 6.658e+02 6.782e+02 116 2 4 5.443e+02 5.477e+02 31 2 1 1.707e+01 2.493e+01 73 2 3 6.061e+02 6.119e+02 55 2 2 1.220e+02 1.300e+02 74 2 2 2.089e+02 2.111e+02 20 2 2 4.573e+02 4.667e+02 88 2 4 6.235e+02 6.365e+02 121 2 4 6.667e+02 6.773e+02 98 2 4 4.851e+02 5.229e+02 351 2 4 5.255e+02 5.665e+02 380 3 3 1.922e+01 2.278e+01 33
15794 0
15796 0
15797 10 0 3 6.037e+02 6.143e+02 99 0 4 6.254e+02 6.346e+02 85 0 2 6.619e+02 6.821e+02 187 0 1 6.376e+02 6.644e+02 250 2 1 1.626e+01 2.574e+01 88 2 1 3.968e+02 4.012e+02 40 2 4 3.707e+02 3.853e+02 136 2 3 3.919e+02 4.061e+02 132 2 3 1.352e+01 2.848e+01 139 2 2 3.593e+02 3.967e+02 348
15798 3 0 4 6.720e+02 6.720e+02 -6 2 3 2.307e+02 2.313e+02 5 2 4 2.080e+02 2.120e+02 38
15800 6 0 4 5.034e+02 5.046e+02 11 0 4 6.245e+02 6.355e+02 103 0 4 4.938e+02 5.142e+02 189 2 4 2.075e+02 2.125e+02 46 2 4 3.771e+02 3.789e+02 17 2 3 2.280e+02 2.340e+02 56
