18636 5 1 1 5.216e+02 5.284e+02 64 1 2 5.437e+02 5.483e+02 42 1 4 6.174e+02 6.426e+02 235 2 2 5.409e+02 5.511e+02 96 2 3 5.132e+02 5.368e+02 219
18639 48 0 2 3.339e+02 3.381e+02 39 0 4 3.314e+02 3.406e+02 86 0 1 2.976e+02 3.324e+02 323 0 2 3.666e+02 3.894e+02 212 0 2 6.264e+02 6.336e+02 66 0 3 3.957e+02 4.023e+02 60 0 4 5.037e+02 5.043e+02 6 0 1 6.052e+02 6.128e+02 70 0 1 3.847e+02 4.133e+02 266 0 3 6.033e+02 6.147e+02 106 0 1 6.447e+02 6.573e+02 116 0 4 4.062e+02 4.338e+02 256 0 4 6.235e+02 6.365e+02 121 0 3 6.496e+02 6.524e+02 26 0 3 4.262e+02 4.558e+02 276 0 3 5.934e+02 6.246e+02 289 0 2 6.695e+02 6.745e+02 47 0 4 5.694e+02 6.066e+02 345 0 4 6.681e+02 6.759e+02 72 0 1 5.895e+02 6.285e+02 362 0 4 6.591e+02 6.849e+02 239 1 4 6.299e+02 6.301e+02 1 1 1 6.057e+02 6.123e+02 62 1 2 6.223e+02 6.377e+02 142 2 1 3.966e+02 4.014e+02 45 2 2 1.631e+02 1.729e+02 91 2 4 2.428e+02 2.612e+02 171 2 3 5.642e+02 5.698e+02 52 2 2 2.887e+02 2.993e+02 98 2 2 5.837e+02 5.923e+02 80 2 1 3.546e+02 3.594e+02 45 2 1 3.849e+02 4.131e+02 262 2 3 6.001e+01 6.599e+01 56 2 4 5.330e+02 5.590e+02 241 2 4 1.646e+02 1.714e+02 63 2 1 5.922e+02 6.258e+02 311 2 2 2.417e+02 2.623e+02 192 2 3 3.852e+02 4.128e+02 256 2 1 3.098e+02 3.202e+02 96 2 4 3.664e+02 3.896e+02 216 2 4 2.838e+01 5.562e+01 253 2 4 1.115e+02 1.405e+02 269 2 3 1.721e+02 2.059e+02 315 2 3 2.623e+02 2.837e+02 199 2 3 5.059e+01 7.541e+01 230 2 4 2.797e+02 3.083e+02 265 2 3 1.858e+00 4.014e+01 356 2 1 2.546e+02 2.914e+02 342
18640 0
18642 0
18643 4 0 2 6.217e+02 6.383e+02 155 0 2 6.604e+02 6.836e+02 215 0 4 6.617e+02 6.823e+02 190 2 1 1.806e+01 2.394e+01 55
18644 20 0 4 6.292e+02 6.308e+02 16 0 1 4.400e+02 4.420e+02 18 0 2 4.613e+02 4.627e+02 13 0 2 6.276e+02 6.324e+02 44 0 3 6.469e+02 6.551e+02 76 0 4 1.479e+02 1.881e+02 374 0 1 3.959e+02 4.021e+02 58 0 4 4.595e+02 4.645e+02 47 0 2 6.700e+02 6.740e+02 38 0 4 4.192e+02 4.208e+02 15 0 2 4.445e+02 4.795e+02 326 0 4 6.715e+02 6.725e+02 9 0 3 4.310e+02 4.510e+02 186 0 1 6.404e+02 6.616e+02 197 0 3 3.870e+02 4.110e+02 223 0 1 4.255e+02 4.565e+02 287 1 2 6.297e+02 6.303e+02 6 1 4 6.252e+02 6.348e+02 90 2 4 2.495e+02 2.545e+02 46 2 3 2.543e+02 2.917e+02 347
18645 0
18646 5 2 3 6.275e+01 6.325e+01 5 2 2 4.161e+01 4.239e+01 7 2 4 3.565e+01 4.835e+01 118 2 1 3.069e+00 3.893e+01 333 2 3 3.295e+00 3.871e+01 329
18647 16 0 4 2.520e+02 2.520e+02 -1 0 4 2.851e+02 3.029e+02 165 0 3 3.983e+02 3.997e+02 12 0 3 5.149e+02 5.351e+02 188 0 2 5.414e+02 5.506e+02 85 2 3 5.644e+02 5.696e+02 48 2 1 1.747e+01 2.453e+01 66 2 4 6.218e+02 6.382e+02 153 2 1 1.200e+01 3.000e+01 167 2 3 6.495e+02 6.525e+02 28 2 4 5.423e+02 5.497e+02 68 2 3 1.952e-01 4.180e+01 386 2 2 6.591e+02 6.849e+02 239 2 1 6.342e+02 6.678e+02 311 3 1 1.707e+01 2.493e+01 73 3 3 6.209e+00 3.579e+01 275
18649 2 0 2 6.717e+02 6.723e+02 5 1 3 1.815e+01 2.385e+01 53
18650 0
18651 11 0 1 6.500e+02 6.520e+02 18 0 3 4.782e+02 4.878e+02 90 0 2 6.279e+02 6.321e+02 39 0 3 6.477e+02 6.543e+02 62 0 4 4.952e+02 5.128e+02 163 0 4 6.686e+02 6.754e+02 63 0 1 4.727e+02 4.933e+02 190 0 3 6.417e+02 6.603e+02 173 0 2 4.426e+02 4.814e+02 360 0 2 6.586e+02 6.854e+02 249 0 3 6.353e+02 6.667e+02 292
18654 7 0 1 5.506e+02 5.834e+02 304 0 1 3.827e+02 4.153e+02 302 0 3 5.509e+02 5.831e+02 299 0 3 3.809e+02 4.171e+02 336 0 4 3.996e+02 4.404e+02 378 1 2 6.076e+02 6.524e+02 416 2 4 2.341e+02 2.699e+02 332
18656 44 0 2 1.654e+02 1.706e+02 48 0 2 6.236e+02 6.364e+02 119 0 4 3.766e+02 3.794e+02 26 0 1 1.411e+02 1.529e+02 109 0 3 1.745e+02 2.035e+02 270 0 4 5.768e+02 5.992e+02 208 0 4 1.526e+02 1.834e+02 286 1 4 1.657e+02 1.703e+02 42 1 2 5.832e+02 5.928e+02 90 1 3 1.356e+02 1.584e+02 212 1 3 6.015e+02 6.165e+02 139 1 1 5.480e+02 5.860e+02 353 1 4 5.704e+02 6.056e+02 327 2 1 4.823e+02 4.837e+02 14 2 3 1.050e+02 1.050e+02 -4 2 3 3.553e+02 3.587e+02 31 2 4 4.181e+02 4.219e+02 35 2 3 6.015e+01 6.585e+01 53 2 3 4.819e+02 4.841e+02 20 2 4 1.259e+02 1.261e+02 2 2 2 1.633e+02 1.727e+02 88 2 3 4.403e+02 4.417e+02 12 2 4 3.760e+02 3.800e+02 36 2 2 4.964e+02 5.116e+02 140 2 2 8.307e+01 8.493e+01 17 2 4 1.577e+02 1.783e+02 190 2 3 3.974e+02 4.006e+02 30 2 1 2.207e+02 2.413e+02 192 2 2 4.890e+02 5.190e+02 279 2 4 3.253e+02 3.467e+02 198 2 2 4.161e+02 4.239e+02 73 2 4 3.080e+01 5.320e+01 208 2 4 4.866e+02 5.214e+02 323 2 4 7.356e+01 9.444e+01 194 2 1 4.217e+02 4.603e+02 359 2 1 1.847e+02 1.933e+02 80 2 2 3.636e+02 3.924e+02 268 2 2 1.094e+02 1.426e+02 309 2 3 1.306e+02 1.634e+02 305 3 3 2.026e+01 2.174e+01 14 3 2 4.529e+02 4.711e+02 170 3 2 3.170e+01 5.230e+01 191 3 3 1.731e+02 2.049e+02 295 3 3 7.108e+00 3.489e+01 258
18657 19 0 4 2.927e+02 2.953e+02 25 0 2 6.289e+02 6.311e+02 20 0 2 6.718e+02 6.722e+02 3 0 1 2.724e+02 2.736e+02 10 0 4 6.215e+02 6.385e+02 158 0 3 2.583e+02 2.877e+02 272 0 1 6.506e+02 6.514e+02 8 0 3 6.499e+02 6.521e+02 20 0 2 2.837e+02 3.043e+02 192 0 1 5.923e+02 6.257e+02 310 0 3 6.343e+02 6.677e+02 310 0 2 6.546e+02 6.894e+02 324 1 3 5.652e+02 5.688e+02 33 1 4 5.880e+02 5.880e+02 0 1 3 5.513e+02 5.827e+02 292 1 3 5.046e+02 5.454e+02 379 2 4 8.276e+01 8.524e+01 23 2 4 4.200e+01 4.200e+01 -10 2 3 4.512e+01 8.088e+01 332
18658 66 0 1 1.468e+02 1.472e+02 4 0 3 3.978e+02 4.002e+02 23 0 4 2.900e+02 2.980e+02 75 0 3 4.812e+02 4.848e+02 33 0 2 1.602e+02 1.758e+02 146 0 1 5.242e+02 5.258e+02 16 0 3 2.224e+02 2.396e+02 160 0 1 3.527e+02 3.613e+02 80 0 2 1.961e+02 2.239e+02 258 0 1 4.397e+02 4.423e+02 24 0 2 3.218e+02 3.502e+02 263 0 1 4.756e+02 4.904e+02 138 0 4 1.919e+02 2.281e+02 336 0 2 5.436e+02 5.484e+02 45 0 4 3.231e+02 3.489e+02 239 0 1 2.186e+02 2.434e+02 230 0 4 6.720e+02 6.720e+02 0 0 3 4.390e+02 4.430e+02 37 0 2 4.959e+02 5.121e+02 150 0 3 5.193e+02 5.307e+02 106 1 4 5.880e+02 5.880e+02 -20 1 3 6.082e+02 6.098e+02 15 1 2 4.613e+02 4.627e+02 13 1 4 5.020e+02 5.060e+02 38 1 1 4.372e+02 4.448e+02 71 1 4 5.457e+02 5.463e+02 6 1 1 6.062e+02 6.118e+02 51 1 3 5.216e+02 5.284e+02 63 1 3 5.559e+02 5.781e+02 206 1 2 6.200e+02 6.400e+02 186 1 4 5.724e+02 6.036e+02 289 1 4 6.242e+02 6.358e+02 108 1 2 5.721e+02 6.039e+02 295 1 4 6.157e+02 6.443e+02 265 2 4 1.666e+02 1.694e+02 26 2 3 6.083e+02 6.097e+02 14 2 4 2.489e+02 2.551e+02 58 2 2 3.339e+02 3.381e+02 40 2 1 1.747e+01 2.453e+01 66 2 2 4.587e+02 4.653e+02 62 2 1 1.857e+02 1.923e+02 60 2 2 6.283e+02 6.317e+02 32 2 4 2.076e+02 2.124e+02 44 2 1 6.499e+02 6.521e+02 20 2 3 2.666e+02 2.794e+02 120 2 4 3.327e+02 3.393e+02 62 2 3 4.322e+02 4.498e+02 163 2 3 1.837e+01 2.363e+01 49 2 4 5.843e+02 5.917e+02 68 2 3 1.874e+02 1.906e+02 30 2 3 2.242e+02 2.378e+02 126 2 2 2.852e+02 3.028e+02 163 2 3 3.812e+02 4.168e+02 330 2 4 3.721e+02 3.839e+02 109 2 4 4.440e+02 4.800e+02 335 2 2 2.923e+01 5.477e+01 237 2 2 1.535e+02 1.825e+02 269 2 2 2.021e+02 2.179e+02 147 3 3 2.039e+01 2.161e+01 11 3 1 2.310e+02 2.310e+02 -2 3 3 6.176e+01 6.424e+01 23 3 4 1.983e+02 2.217e+02 218 3 3 2.263e+02 2.357e+02 88 3 4 3.242e+01 5.158e+01 178 3 3 3.561e+00 3.844e+01 324 3 4 7.051e+01 9.749e+01 250
18659 19 0 2 1.241e+02 1.279e+02 35 0 4 6.714e+02 6.726e+02 10 0 2 1.633e+02 1.727e+02 88 0 4 6.245e+02 6.355e+02 102 0 3 9.995e+01 1.101e+02 94 0 2 6.698e+02 6.742e+02 40 0 4 1.611e+02 1.749e+02 128 0 1 6.334e+02 6.686e+02 327 0 1 1.808e+02 1.972e+02 153 0 1 5.896e+02 6.284e+02 360 0 3 1.818e+02 1.962e+02 134 0 3 6.324e+02 6.696e+02 345 1 4 1.192e+02 1.328e+02 127 1 2 3.609e+02 3.951e+02 318 1 3 1.339e+02 1.601e+02 243 2 4 3.376e+01 5.024e+01 153 2 4 1.207e+02 1.313e+02 99 2 3 7.242e+00 3.476e+01 256 2 1 2.484e+00 3.952e+01 344
18663 7 0 2 6.692e+02 6.748e+02 51 0 1 6.444e+02 6.576e+02 123 0 2 6.604e+02 6.836e+02 216 0 4 6.652e+02 6.788e+02 127 0 4 6.547e+02 6.893e+02 322 2 3 4.801e+02 4.859e+02 54 2 4 4.600e+02 4.640e+02 36
18664 15 0 3 6.485e+02 6.535e+02 46 0 4 1.568e+02 1.792e+02 207 0 4 4.171e+02 4.229e+02 53 0 3 5.628e+02 5.712e+02 79 0 3 1.746e+02 2.034e+02 268 0 4 5.779e+02 5.981e+02 188 0 4 6.679e+02 6.761e+02 76 0 1 3.921e+02 4.059e+02 129 0 1 5.178e+02 5.322e+02 133 0 3 5.970e+02 6.210e+02 223 0 3 3.886e+02 4.094e+02 194 0 2 5.370e+02 5.550e+02 166 0 4 6.146e+02 6.454e+02 286 0 1 5.563e+02 5.777e+02 199 0 3 5.116e+02 5.384e+02 248
18665 1 1 1 2.111e+02 2.509e+02 370
18666 10 2 2 6.273e+02 6.327e+02 50 2 2 3.272e+02 3.448e+02 164 2 3 4.352e+02 4.468e+02 107 2 1 5.919e+02 6.261e+02 317 2 1 4.259e+02 4.561e+02 280 2 4 4.430e+02 4.810e+02 352 3 2 1.219e+02 1.301e+02 76 3 1 5.903e+01 6.697e+01 74 3 4 1.209e+02 1.311e+02 96 3 1 1.364e+02 1.576e+02 196
18667 1 2 3 1.703e+01 2.497e+01 74
18670 2 2 4 2.930e+02 2.950e+02 19 2 4 2.847e+02 3.033e+02 172
18671 1 0 4 4.175e+02 4.225e+02 47
18672 2 2 4 1.571e+02 1.789e+02 203 2 4 2.015e+02 2.185e+02 158
18673 0
18674 52 1 4 6.297e+02 6.303e+02 6 1 1 4.734e+02 4.926e+02 179 1 1 5.579e+02 5.761e+02 170 1 2 6.245e+02 6.355e+02 103 1 3 5.579e+02 5.761e+02 170 2 4 8.400e+01 8.400e+01 -4 2 1 6.065e+02 6.115e+02 46 2 4 2.482e+02 2.558e+02 70 2 3 4.371e+02 4.449e+02 73 2 1 2.664e+02 2.796e+02 123 2 4 5.038e+02 5.042e+02 4 2 2 3.773e+02 3.787e+02 14 2 3 6.071e+02 6.109e+02 36 2 4 3.982e+01 4.418e+01 40 2 3 6.475e+02 6.545e+02 66 2 4 1.223e+02 1.297e+02 68 2 4 4.086e+02 4.314e+02 212 2 3 1.434e+02 1.506e+02 67 2 2 4.620e+02 4.620e+02 -1 2 2 2.093e+02 2.107e+02 14 2 4 6.286e+02 6.314e+02 26 2 2 2.869e+02 3.011e+02 132 2 1 6.396e+02 6.624e+02 211 2 2 3.347e+02 3.373e+02 24 2 1 3.908e+02 4.072e+02 153 2 1 1.846e+01 2.354e+01 47 2 1 4.736e+02 4.924e+02 175 2 2 8.142e+01 8.658e+01 48 2 4 5.817e+02 5.943e+02 117 2 2 1.622e+02 1.738e+02 108 2 2 6.533e+02 6.907e+02 348 2 4 2.070e+02 2.130e+02 56 2 4 4.501e+02 4.739e+02 220 2 1 3.042e+02 3.258e+02 200 2 2 6.221e+02 6.379e+02 146 2 4 3.316e+02 3.404e+02 81 2 4 4.415e+02 4.825e+02 380 2 2 3.915e+01 4.485e+01 53 2 4 1.595e+02 1.765e+02 157 2 3 2.268e+02 2.352e+02 79 2 3 3.030e+02 3.270e+02 223 2 3 3.528e+02 3.612e+02 79 2 3 8.498e+00 3.350e+01 232 2 2 1.969e+02 2.231e+02 243 2 3 2.610e+02 2.850e+02 222 2 4 3.642e+02 3.918e+02 257 2 3 4.803e+01 7.797e+01 278 2 2 2.334e+02 2.706e+02 345 2 1 3.398e+02 3.742e+02 320 2 4 2.341e+02 2.699e+02 332 2 2 3.186e+02 3.534e+02 324 2 4 3.161e+02 3.559e+02 369
18675 9 0 2 6.238e+02 6.362e+02 115 0 1 5.917e+02 6.263e+02 322 0 3 6.398e+02 6.622e+02 209 0 1 5.426e+02 5.914e+02 454 0 1 5.840e+02 6.340e+02 464 0 4 6.474e+02 6.966e+02 456 0 3 6.260e+02 6.760e+02 465 2 2 2.250e+01 6.150e+01 362 3 1 4.395e+02 4.425e+02 27
18676 4 0 1 3.984e+02 3.996e+02 11 1 1 3.149e+02 3.151e+02 1 1 3 2.710e+02 2.750e+02 37 2 4 1.091e+02 1.429e+02 315
18678 6 2 3 1.463e+02 1.477e+02 13 2 2 1.671e+02 1.689e+02 17 2 3 2.704e+02 2.756e+02 49 2 1 1.443e+02 1.497e+02 50 2 2 1.489e+02 1.871e+02 356 2 1 5.890e+02 6.290e+02 372
18679 0
18681 2 3 4 2.708e+01 5.692e+01 277 3 2 2.568e+01 5.832e+01 303
18682 5 0 4 4.935e+02 5.145e+02 196 0 3 4.745e+02 4.915e+02 157 0 2 6.560e+02 6.880e+02 297 0 4 4.038e+02 4.362e+02 300 1 4 6.158e+02 6.442e+02 265
18684 7 0 1 3.944e+02 4.036e+02 85 0 2 6.208e+02 6.392e+02 170 0 3 6.437e+02 6.583e+02 135 0 1 3.871e+02 4.109e+02 221 0 4 6.129e+02 6.471e+02 318 2 1 8.676e+00 3.332e+01 229 2 3 3.069e+00 3.893e+01 333
18685 2 0 3 3.977e+02 4.003e+02 24 0 3 5.598e+02 5.742e+02 134
18686 9 0 4 6.175e+02 6.425e+02 233 0 4 2.497e+02 2.543e+02 43 0 3 6.510e+02 6.510e+02 0 0 4 3.227e+02 3.493e+02 246 0 3 2.211e+02 2.409e+02 183 0 2 2.779e+02 3.101e+02 300 0 2 2.362e+02 2.678e+02 293 2 4 7.289e+01 9.511e+01 206 2 3 9.708e+01 1.129e+02 147
18689 44 0 2 5.347e+02 5.573e+02 210 0 4 6.619e+02 6.821e+02 187 0 2 4.913e+02 5.167e+02 236 1 3 6.079e+02 6.101e+02 20 1 3 5.250e+02 5.250e+02 -5 1 4 4.512e+02 4.728e+02 201 1 4 5.740e+02 6.020e+02 260 1 2 5.731e+02 6.029e+02 276 2 4 1.674e+02 1.686e+02 10 2 2 2.518e+02 2.522e+02 3 2 3 3.967e+02 4.013e+02 43 2 4 3.357e+02 3.363e+02 6 2 4 5.033e+02 5.047e+02 14 2 1 6.300e+01 6.300e+01 -12 2 3 5.630e+02 5.710e+02 74 2 4 1.243e+02 1.277e+02 32 2 2 4.990e+02 5.090e+02 92 2 1 5.235e+02 5.265e+02 28 2 4 2.516e+02 2.524e+02 7 2 2 5.757e+02 6.003e+02 229 2 4 3.656e+02 3.904e+02 230 2 4 4.921e+02 5.159e+02 221 2 3 6.203e+01 6.397e+01 18 2 4 5.427e+02 5.493e+02 60 2 4 7.756e+01 9.044e+01 120 2 3 4.678e+02 4.982e+02 281 2 1 1.413e+02 1.527e+02 106 2 1 5.592e+02 5.748e+02 145 2 3 2.285e+02 2.335e+02 47 2 1 5.167e+02 5.333e+02 154 2 4 3.179e+01 5.221e+01 190 2 3 5.132e+02 5.368e+02 220 2 4 1.158e+02 1.362e+02 189 2 3 1.765e+02 2.015e+02 232 2 4 1.978e+02 2.222e+02 227 2 1 5.857e+01 6.743e+01 82 2 2 7.284e+01 9.516e+01 207 2 3 1.380e+02 1.560e+02 166 2 2 2.618e+01 5.782e+01 294 2 2 1.085e+02 1.435e+02 325 2 2 1.584e+02 1.776e+02 178 2 4 1.573e+02 1.787e+02 199 3 4 4.200e+01 4.200e+01 -10 3 3 4.398e+02 4.422e+02 23
18690 10 0 3 5.162e+02 5.338e+02 164 0 2 6.538e+02 6.902e+02 339 2 2 4.620e+02 4.620e+02 -12 2 3 5.182e+02 5.318e+02 127 2 3 5.346e+01 7.254e+01 177 2 3 4.310e+02 4.510e+02 186 2 1 3.564e+00 3.844e+01 324 2 1 4.744e+02 4.916e+02 160 2 4 5.402e+02 5.518e+02 107 2 4 4.486e+02 4.754e+02 248
18691 1 1 2 6.300e+02 6.300e+02 -19
18692 0
18693 0
18696 15 0 4 6.720e+02 6.720e+02 -11 0 2 6.158e+02 6.442e+02 264 0 3 6.479e+02 6.541e+02 58 0 4 4.109e+02 4.291e+02 170 0 4 6.142e+02 6.458e+02 293 0 3 4.263e+02 4.557e+02 273 1 3 6.090e+02 6.090e+02 -9 1 1 5.494e+02 5.846e+02 327 1 2 6.177e+02 6.423e+02 228 1 4 6.166e+02 6.434e+02 249 2 4 4.200e+01 4.200e+01 -4 2 2 3.843e+01 4.557e+01 66 2 1 5.436e+01 7.164e+01 160 2 3 8.949e+00 3.305e+01 224 2 3 4.624e+01 7.976e+01 311
18697 0
18698 3 0 3 4.622e+02 5.038e+02 386 1 3 5.170e+02 5.330e+02 149 2 2 1.169e+02 1.351e+02 169
