30637 8 0 4 3.345e+02 3.375e+02 28 0 1 3.150e+02 3.150e+02 -18 0 2 3.240e+02 3.480e+02 222 1 3 6.066e+02 6.114e+02 45 1 4 5.033e+02 5.047e+02 12 1 4 5.849e+02 5.911e+02 57 1 1 5.532e+02 5.808e+02 257 1 3 5.940e+02 6.240e+02 278
30638 1 1 1 2.253e+02 2.367e+02 106
30640 31 0 3 4.820e+02 4.840e+02 18 0 3 5.663e+02 5.677e+02 12 0 4 5.841e+02 5.919e+02 73 0 3 6.497e+02 6.523e+02 24 0 3 5.582e+02 5.758e+02 163 0 2 6.278e+02 6.322e+02 40 0 1 6.436e+02 6.584e+02 138 0 2 5.282e+02 5.638e+02 331 0 1 6.016e+02 6.164e+02 137 0 2 6.637e+02 6.803e+02 154 0 2 4.418e+02 4.822e+02 375 0 3 5.956e+02 6.224e+02 250 0 1 6.357e+02 6.663e+02 284 0 4 5.696e+02 6.064e+02 341 0 4 6.530e+02 6.910e+02 352 0 1 5.932e+02 6.248e+02 294 0 3 5.901e+02 6.279e+02 350 2 4 7.733e+01 9.067e+01 124 2 3 1.885e+02 1.895e+02 9 2 2 3.610e+01 4.790e+01 110 2 4 1.177e+02 1.343e+02 155 2 1 1.440e+02 1.500e+02 56 2 2 1.969e+02 2.231e+02 243 2 1 5.404e+01 7.196e+01 166 2 2 7.325e+01 9.475e+01 200 2 3 1.401e+02 1.539e+02 129 2 3 4.920e+01 7.680e+01 256 2 3 9.062e+01 1.194e+02 267 2 4 1.616e+02 1.744e+02 120 2 1 1.771e+02 2.009e+02 220 2 3 1.708e+02 2.072e+02 338
30641 0
30642 4 2 4 8.133e+01 8.667e+01 50 2 2 7.715e+01 9.085e+01 127 2 3 9.340e+01 1.166e+02 216 3 1 4.284e+02 4.536e+02 235
30643 46 0 3 3.990e+02 3.990e+02 -11 0 4 3.768e+02 3.792e+02 23 0 1 5.670e+02 5.670e+02 -1 0 1 3.445e+02 3.695e+02 231 0 3 3.894e+02 4.086e+02 179 0 4 4.967e+02 5.113e+02 136 0 4 5.838e+02 5.922e+02 79 0 2 6.660e+02 6.780e+02 110 0 3 6.394e+02 6.626e+02 216 1 2 6.259e+02 6.341e+02 76 1 1 6.017e+02 6.163e+02 136 1 2 5.767e+02 5.993e+02 210 1 1 5.961e+02 6.219e+02 239 2 2 4.199e+02 4.201e+02 1 2 3 2.310e+02 2.310e+02 -2 2 1 5.652e+02 5.688e+02 34 2 3 3.133e+02 3.167e+02 32 2 4 6.690e+02 6.750e+02 56 2 3 3.560e+02 3.580e+02 18 2 1 4.364e+02 4.456e+02 85 2 3 6.230e+01 6.370e+01 13 2 2 4.588e+02 4.652e+02 59 2 4 3.764e+02 3.796e+02 30 2 2 5.859e+02 5.901e+02 40 2 3 1.927e+01 2.273e+01 32 2 4 4.091e+02 4.309e+02 202 2 2 6.997e+01 9.803e+01 260 2 1 4.800e+02 4.860e+02 56 2 4 1.975e+02 2.225e+02 232 2 4 5.778e+02 5.982e+02 190 2 4 2.822e+02 3.058e+02 220 2 3 4.281e+02 4.539e+02 240 2 2 3.290e+02 3.430e+02 130 2 4 4.453e+02 4.787e+02 310 2 4 3.282e+01 5.118e+01 170 2 3 5.921e+02 6.259e+02 314 2 2 2.391e+02 2.649e+02 239 2 3 3.878e+02 4.102e+02 208 2 4 3.346e+02 3.374e+02 26 2 2 4.035e+02 4.365e+02 307 2 1 5.835e+01 6.765e+01 86 2 3 3.394e+02 3.746e+02 326 2 1 1.016e+01 3.184e+01 201 2 4 3.609e+02 3.951e+02 318 2 3 7.151e+00 3.485e+01 257 2 2 2.699e+01 5.701e+01 279
30647 13 0 1 5.230e+02 5.270e+02 38 0 3 5.217e+02 5.283e+02 61 2 4 8.384e+01 8.416e+01 3 2 3 1.409e+02 1.531e+02 114 2 1 2.299e+02 2.321e+02 21 2 3 9.856e+01 1.114e+02 120 2 1 1.357e+02 1.583e+02 210 2 3 2.263e+02 2.357e+02 88 2 2 7.325e+01 9.475e+01 200 2 2 1.563e+02 1.797e+02 217 2 4 1.988e+02 2.212e+02 207 2 4 1.540e+02 1.820e+02 260 2 2 1.930e+02 2.270e+02 316
30648 0
30649 1 2 3 3.102e+02 3.198e+02 90
30650 5 0 4 6.678e+02 6.762e+02 79 2 4 1.660e+02 1.700e+02 37 2 2 2.075e+02 2.125e+02 46 2 3 1.800e+02 1.980e+02 166 2 2 2.780e+02 3.100e+02 296
30651 1 0 2 6.566e+02 6.874e+02 286
30653 12 0 2 2.937e+02 2.943e+02 6 0 2 3.354e+02 3.366e+02 11 0 1 3.060e+02 3.240e+02 168 0 4 3.684e+02 3.876e+02 179 0 2 6.582e+02 6.858e+02 256 0 1 2.596e+02 2.864e+02 250 0 4 4.085e+02 4.315e+02 214 0 4 2.822e+02 3.058e+02 220 2 2 2.008e+02 2.192e+02 170 2 4 1.979e+02 2.221e+02 225 2 1 1.628e+02 2.152e+02 487 2 3 2.072e+02 2.548e+02 441
30655 4 2 1 2.057e+01 2.143e+01 8 2 2 4.200e+01 4.200e+01 -1 2 4 4.200e+01 4.200e+01 -5 2 3 1.487e+01 2.713e+01 114
30657 25 0 1 1.875e+02 1.905e+02 28 0 2 2.094e+02 2.106e+02 11 0 4 4.976e+02 5.104e+02 120 0 3 6.001e+01 6.599e+01 56 0 2 2.471e+02 2.569e+02 90 0 2 3.218e+02 3.502e+02 264 0 3 2.167e+02 2.453e+02 266 0 1 2.992e+02 3.308e+02 294 0 4 1.902e+02 2.298e+02 368 1 3 5.250e+02 5.250e+02 0 1 2 5.762e+02 5.998e+02 220 2 3 1.032e+02 1.068e+02 34 2 1 1.463e+02 1.477e+02 13 2 2 2.083e+02 2.117e+02 32 2 2 2.900e+02 2.980e+02 75 2 3 1.461e+02 1.479e+02 16 2 4 2.062e+02 2.138e+02 70 2 1 3.028e+02 3.272e+02 227 2 2 1.099e+02 1.421e+02 299 2 2 1.632e+02 1.728e+02 90 2 3 2.138e+02 2.482e+02 319 2 3 2.620e+02 2.840e+02 204 2 2 6.759e+01 1.004e+02 305 2 1 1.349e+02 1.591e+02 225 2 4 6.405e+01 1.040e+02 370
30658 10 0 1 4.800e+02 4.860e+02 56 0 3 5.659e+02 5.681e+02 21 0 2 5.434e+02 5.486e+02 48 0 4 5.762e+02 5.998e+02 219 0 3 5.578e+02 5.762e+02 170 0 3 5.130e+02 5.370e+02 223 0 2 5.332e+02 5.588e+02 237 2 1 2.245e+02 2.375e+02 121 2 2 5.708e+02 6.052e+02 320 2 2 2.356e+02 2.684e+02 304
30660 1 0 2 6.588e+02 6.852e+02 246
30661 0
30663 11 0 1 4.368e+02 4.452e+02 77 0 3 4.293e+02 4.527e+02 218 0 4 4.524e+02 4.716e+02 179 1 4 5.707e+02 6.053e+02 320 2 3 3.133e+02 3.167e+02 32 2 2 4.158e+02 4.242e+02 78 2 2 3.765e+02 3.795e+02 27 2 2 3.335e+02 3.385e+02 46 2 4 2.810e+02 3.070e+02 241 2 4 3.344e+02 3.376e+02 30 2 1 3.426e+02 3.714e+02 268
30664 12 0 4 5.843e+02 5.917e+02 68 0 4 4.120e+02 4.280e+02 148 0 1 4.259e+02 4.561e+02 280 2 1 1.881e+02 1.899e+02 16 2 3 6.239e+01 6.361e+01 11 2 2 8.016e+01 8.784e+01 71 2 4 1.601e+02 1.759e+02 147 2 1 1.676e+01 2.524e+01 79 2 4 7.303e+01 9.497e+01 204 2 3 1.825e+02 1.955e+02 121 2 2 1.104e+02 1.416e+02 290 2 2 6.661e+01 1.014e+02 323
30665 0
30666 0
30667 12 0 1 4.803e+02 4.857e+02 50 0 2 2.925e+02 2.955e+02 27 0 4 4.982e+02 5.098e+02 108 0 1 9.501e+01 1.150e+02 186 0 2 6.642e+02 6.798e+02 146 0 4 2.940e+02 2.940e+02 -13 0 3 4.744e+02 4.916e+02 160 0 3 9.506e+01 1.149e+02 185 0 4 6.629e+02 6.811e+02 169 0 1 2.970e+02 3.330e+02 335 0 2 4.879e+02 5.201e+02 300 0 2 1.186e+02 1.334e+02 138
30668 0
30671 1 0 4 1.962e+02 2.238e+02 257
30672 4 1 4 6.277e+02 6.323e+02 43 1 4 6.177e+02 6.423e+02 228 2 3 5.813e+01 6.787e+01 90 2 3 5.059e+01 7.541e+01 230
30673 5 1 4 6.291e+02 6.309e+02 17 1 2 5.837e+02 5.923e+02 80 1 1 6.048e+02 6.132e+02 78 1 3 5.991e+02 6.189e+02 184 1 2 6.127e+02 6.473e+02 321
30674 8 0 3 4.814e+02 4.846e+02 30 0 1 4.790e+02 4.870e+02 74 0 4 4.910e+02 5.170e+02 241 0 2 4.442e+02 4.798e+02 330 2 3 2.030e+01 2.170e+01 13 2 4 2.013e+02 2.187e+02 161 2 1 7.286e+00 3.471e+01 255 2 2 2.613e+01 5.787e+01 295
30675 13 0 4 6.713e+02 6.727e+02 12 0 1 6.463e+02 6.557e+02 86 0 3 5.155e+02 5.345e+02 177 0 2 6.127e+02 6.473e+02 321 0 3 6.502e+02 6.518e+02 16 0 2 6.686e+02 6.754e+02 64 0 1 6.407e+02 6.613e+02 191 0 3 6.313e+02 6.707e+02 366 0 4 6.520e+02 6.920e+02 370 2 2 1.232e+02 1.288e+02 52 2 3 3.915e+02 4.065e+02 139 2 4 3.635e+02 3.925e+02 270 2 4 4.097e+02 4.303e+02 192
30676 26 0 2 6.298e+02 6.302e+02 4 0 4 2.936e+01 5.464e+01 235 0 1 5.559e+02 5.781e+02 206 0 3 6.050e+02 6.130e+02 75 0 1 6.510e+02 6.510e+02 -3 0 1 5.932e+02 6.248e+02 293 0 3 6.468e+02 6.552e+02 79 0 3 5.918e+02 6.262e+02 319 0 4 6.644e+02 6.796e+02 141 0 3 6.357e+02 6.663e+02 285 1 4 5.858e+02 5.902e+02 41 1 4 5.434e+02 5.486e+02 49 1 1 5.966e+02 6.214e+02 230 1 3 5.991e+02 6.189e+02 184 1 2 6.214e+02 6.386e+02 160 1 4 6.171e+02 6.429e+02 240 2 1 2.100e+01 2.100e+01 -13 2 4 8.348e+01 8.452e+01 10 2 3 1.449e+02 1.491e+02 40 2 3 1.397e+01 2.803e+01 130 2 4 1.198e+02 1.322e+02 115 2 2 1.643e+02 1.717e+02 68 2 2 7.630e+01 9.170e+01 143 2 4 1.567e+02 1.793e+02 210 2 3 8.707e+01 1.229e+02 333 2 1 1.726e+02 2.054e+02 306
30677 0
30678 0
30679 1 0 3 9.053e+01 1.195e+02 269
30680 38 0 2 6.278e+02 6.322e+02 41 0 2 3.762e+02 3.798e+02 33 0 2 6.717e+02 6.723e+02 6 0 1 4.373e+02 4.447e+02 69 0 2 5.037e+02 5.043e+02 6 0 2 3.614e+02 3.946e+02 308 0 4 5.834e+02 5.926e+02 85 0 1 6.486e+02 6.534e+02 44 0 2 4.614e+02 4.626e+02 10 0 1 5.492e+02 5.848e+02 330 0 4 6.205e+02 6.395e+02 176 0 3 6.485e+02 6.535e+02 47 0 3 4.732e+02 4.928e+02 181 0 1 5.939e+02 6.241e+02 280 0 4 6.683e+02 6.757e+02 69 0 2 6.129e+02 6.471e+02 317 0 3 6.351e+02 6.669e+02 295 0 4 6.108e+02 6.492e+02 356 0 1 6.342e+02 6.678e+02 311 1 4 6.262e+02 6.338e+02 70 2 1 2.721e+02 2.739e+02 16 2 1 6.100e+01 6.500e+01 37 2 4 5.439e+02 5.481e+02 40 2 2 7.993e+01 8.807e+01 76 2 4 2.482e+02 2.558e+02 70 2 4 2.861e+02 3.019e+02 147 2 2 3.834e+01 4.566e+01 68 2 4 4.027e+02 4.373e+02 321 2 4 7.957e+01 8.843e+01 82 2 1 1.387e+02 1.553e+02 154 2 2 2.417e+02 2.623e+02 192 2 3 4.489e+01 8.111e+01 336 2 3 9.914e+01 1.109e+02 109 2 3 5.762e+00 3.624e+01 283 2 2 1.229e+02 1.291e+02 57 2 3 8.976e+01 1.202e+02 283 2 4 1.144e+02 1.376e+02 216 2 2 6.674e+01 1.013e+02 320
30681 15 0 4 6.288e+02 6.312e+02 22 0 1 6.496e+02 6.524e+02 26 0 1 5.563e+02 5.777e+02 200 0 4 5.869e+02 5.891e+02 20 0 3 6.503e+02 6.517e+02 13 0 2 6.118e+02 6.482e+02 338 0 2 6.578e+02 6.862e+02 265 0 3 5.505e+02 5.835e+02 306 0 4 6.115e+02 6.485e+02 343 0 4 6.553e+02 6.887e+02 310 1 2 6.118e+02 6.482e+02 339 2 4 2.508e+02 2.532e+02 23 3 1 6.510e+02 6.510e+02 -4 3 3 6.473e+02 6.547e+02 69 3 2 6.539e+02 6.901e+02 336
30682 1 3 1 4.661e+02 4.999e+02 314
30683 12 0 3 3.980e+02 4.000e+02 19 0 3 6.477e+02 6.543e+02 62 0 1 3.891e+02 4.089e+02 185 0 2 3.616e+02 3.944e+02 304 0 2 6.178e+02 6.422e+02 227 0 1 6.445e+02 6.575e+02 120 0 4 6.135e+02 6.465e+02 306 0 1 6.370e+02 6.650e+02 260 0 4 4.012e+02 4.388e+02 350 0 4 6.525e+02 6.915e+02 362 2 4 2.465e+02 2.575e+02 102 2 4 2.330e+02 2.710e+02 352
30684 0
