1 49 0.0 3.0 606.5 611.5 0.0 3.0 396.6 401.4 0.0 1.0 559.9 574.1 0.0 2.0 366.8 389.2 0.0 2.0 624.1 635.9 0.0 4.0 368.7 387.3 0.0 4.0 417.1 422.9 0.0 1.0 511.2 538.8 0.0 2.0 359.9 396.1 0.0 4.0 620.8 639.2 0.0 2.0 318.9 353.1 0.0 3.0 637.6 664.4 0.0 1.0 384.9 413.1 0.0 3.0 509.0 541.0 0.0 1.0 597.9 620.1 0.0 2.0 659.0 685.0 0.0 4.0 403.6 436.4 0.0 2.0 526.5 565.5 0.0 4.0 658.0 686.0 0.0 1.0 635.2 666.8 1.0 1.0 566.7 567.3 1.0 4.0 629.4 630.6 1.0 1.0 522.4 527.6 1.0 2.0 544.3 547.7 1.0 1.0 606.2 611.8 1.0 3.0 561.1 572.9 1.0 3.0 608.5 609.5 1.0 2.0 582.9 593.1 1.0 2.0 626.7 633.3 1.0 4.0 578.1 597.9 1.0 4.0 537.0 555.0 2.0 1.0 17.83 24.17 2.0 2.0 585.7 590.3 2.0 3.0 20.61 21.39 2.0 2.0 40.85 43.15 2.0 4.0 526.4 565.6 2.0 1.0 60.95 65.05 2.0 4.0 569.0 607.0 2.0 3.0 10.7 31.3 2.0 1.0 592.3 625.7 2.0 4.0 28.69 55.31 2.0 1.0 6.569 35.43 2.0 2.0 23.4 60.6 3.0 1.0 103.1 106.9 3.0 3.0 60.86 65.14 3.0 2.0 540.3 551.7 3.0 3.0 47.63 78.37 3.0 2.0 73.7 94.3 3.0 4.0 26.54 57.46
2 14 0.0 4.0 577.6 598.4 0.0 1.0 597.1 620.9 0.0 3.0 599.0 619.0 1.0 2.0 582.4 593.6 1.0 4.0 580.9 595.1 1.0 1.0 593.4 624.6 1.0 3.0 595.1 622.9 2.0 3.0 103.4 106.6 2.0 2.0 108.7 143.3 2.0 4.0 107.4 144.6 3.0 1.0 53.19 72.81 3.0 3.0 54.98 71.02 3.0 2.0 73.25 94.75 3.0 4.0 71.05 96.95
3 16 0.0 4.0 623.0 637.0 0.0 2.0 621.5 638.5 0.0 1.0 597.4 620.6 1.0 1.0 604.3 613.7 1.0 3.0 602.9 615.1 1.0 4.0 615.4 644.6 2.0 4.0 77.29 90.71 2.0 3.0 103.1 106.9 2.0 2.0 115.7 136.3 2.0 2.0 75.99 92.01 2.0 3.0 92.81 117.2 2.0 2.0 68.72 99.28 3.0 1.0 58.8 67.2 3.0 3.0 57.59 68.41 3.0 4.0 27.79 56.21 3.0 2.0 27.03 56.97
4 13 0.0 4.0 628.3 631.7 0.0 2.0 626.7 633.3 0.0 1.0 592.9 625.1 0.0 3.0 591.2 626.8 1.0 4.0 622.8 637.2 1.0 3.0 597.6 620.4 1.0 2.0 620.6 639.4 2.0 2.0 77.2 90.8 2.0 4.0 77.96 90.04 2.0 3.0 91.56 118.4 3.0 1.0 59.7 66.3 3.0 3.0 58.31 67.69 3.0 2.0 26.31 57.69
5 23 0.0 4.0 375.1 380.9 0.0 4.0 502.6 505.4 0.0 2.0 498.6 509.4 0.0 4.0 580.8 595.2 0.0 1.0 470.9 495.1 0.0 1.0 593.7 624.3 0.0 3.0 466.4 499.6 0.0 3.0 594.9 623.1 1.0 2.0 586.3 589.7 1.0 4.0 584.4 591.6 1.0 1.0 560.8 573.2 1.0 1.0 590.2 627.8 1.0 3.0 555.6 578.4 1.0 3.0 591.9 626.1 2.0 1.0 60.32 65.68 2.0 3.0 59.34 66.66 2.0 4.0 112.6 139.4 2.0 2.0 24.88 59.12 2.0 4.0 26.18 57.82 3.0 3.0 20.66 21.34 3.0 1.0 15.95 26.05 3.0 2.0 26.49 57.51 3.0 4.0 25.64 58.36
6 22 0.0 4.0 585.0 591.0 0.0 3.0 562.7 571.3 0.0 3.0 602.6 615.4 0.0 1.0 636.2 665.8 0.0 1.0 549.2 584.8 0.0 2.0 623.7 636.3 0.0 4.0 622.7 637.3 0.0 1.0 589.3 628.7 0.0 2.0 647.6 696.4 0.0 4.0 645.5 698.5 1.0 2.0 626.7 633.3 1.0 4.0 629.3 630.7 1.0 1.0 591.9 626.1 1.0 3.0 590.6 627.4 2.0 2.0 120.5 131.5 2.0 4.0 121.2 130.8 2.0 1.0 132.0 162.0 2.0 3.0 131.4 162.6 3.0 1.0 101.8 108.2 3.0 4.0 69.34 98.66 3.0 3.0 100.8 109.2 3.0 2.0 67.95 100.0
7 15 0.0 1.0 604.5 613.5 0.0 3.0 603.1 614.9 0.0 4.0 573.1 602.9 1.0 2.0 579.0 597.0 1.0 1.0 597.0 621.0 1.0 4.0 577.5 598.5 1.0 3.0 597.8 620.2 2.0 4.0 82.76 85.24 2.0 2.0 77.92 90.08 2.0 1.0 48.21 77.79 2.0 3.0 49.78 76.22 3.0 4.0 39.01 44.99 3.0 2.0 37.48 46.52 3.0 1.0 47.81 78.19 3.0 3.0 46.01 79.99
8 17 0.0 1.0 605.3 612.7 0.0 3.0 603.7 614.3 0.0 4.0 615.5 644.5 1.0 1.0 603.4 614.6 1.0 3.0 604.8 613.2 1.0 2.0 573.0 603.0 1.0 4.0 571.8 604.2 2.0 3.0 52.07 73.93 2.0 2.0 75.98 92.02 2.0 1.0 50.9 75.1 2.0 3.0 464.1 501.9 2.0 4.0 74.91 93.09 2.0 1.0 -2.228 44.23 3.0 2.0 38.65 45.35 3.0 4.0 39.77 44.23 3.0 1.0 46.64 79.36 3.0 3.0 45.2 80.8
9 14 0.0 3.0 605.8 612.2 0.0 1.0 602.2 615.8 0.0 4.0 572.2 603.8 1.0 2.0 587.1 588.9 1.0 1.0 599.8 618.2 1.0 4.0 586.3 589.7 1.0 3.0 590.2 627.8 2.0 2.0 124.4 127.6 2.0 4.0 123.6 128.4 2.0 3.0 87.16 122.8 3.0 2.0 76.3 91.7 3.0 1.0 93.62 116.4 3.0 4.0 77.6 90.4 3.0 3.0 92.32 117.7
10 17 0.0 1.0 603.2 614.8 0.0 3.0 604.4 613.6 0.0 4.0 571.4 604.6 0.0 4.0 646.4 697.6 0.0 4.0 563.7 612.3 0.0 3.0 582.9 635.1 1.0 3.0 599.7 618.3 1.0 4.0 575.7 600.3 1.0 1.0 598.6 619.4 2.0 1.0 62.93 63.07 2.0 3.0 62.43 63.57 2.0 2.0 40.13 43.87 3.0 4.0 41.97 42.03 3.0 3.0 16.26 25.74 3.0 2.0 34.75 49.25 3.0 1.0 8.541 33.46 3.0 3.0 8.632 33.37
11 29 0.0 3.0 651.0 651.0 0.0 1.0 599.8 618.2 0.0 2.0 670.5 673.5 0.0 3.0 600.6 617.4 0.0 4.0 669.6 674.4 0.0 4.0 618.4 641.6 0.0 1.0 640.7 661.3 0.0 4.0 575.0 601.0 1.0 4.0 460.4 463.6 1.0 2.0 502.4 505.6 1.0 1.0 61.27 64.73 1.0 4.0 499.8 508.2 1.0 4.0 579.4 596.6 1.0 2.0 438.6 485.4 1.0 3.0 597.1 620.9 1.0 3.0 57.18 68.82 1.0 3.0 510.4 539.6 1.0 4.0 528.6 563.4 1.0 1.0 595.6 622.4 1.0 2.0 78.23 89.77 1.0 4.0 79.08 88.92 2.0 1.0 57.9 68.1 2.0 3.0 56.87 69.13 2.0 2.0 27.48 56.52 2.0 4.0 28.74 55.26 3.0 1.0 17.25 24.75 3.0 4.0 39.37 44.63 3.0 3.0 18.42 23.58 3.0 2.0 25.91 58.09
12 15 0.0 4.0 577.5 598.5 0.0 3.0 597.9 620.1 0.0 1.0 596.1 621.9 1.0 3.0 601.3 616.7 1.0 2.0 576.6 599.4 1.0 1.0 599.1 618.9 1.0 4.0 574.2 601.8 2.0 2.0 80.52 87.48 2.0 4.0 81.5 86.5 2.0 3.0 87.88 122.1 3.0 2.0 37.17 46.83 3.0 4.0 36.95 47.05 3.0 1.0 56.78 69.22 3.0 3.0 55.25 70.75 3.0 2.0 28.56 55.44
13 14 0.0 1.0 604.2 613.8 0.0 3.0 602.5 615.5 0.0 4.0 616.3 643.7 1.0 1.0 608.8 609.2 1.0 3.0 607.6 610.4 1.0 2.0 611.1 648.9 1.0 4.0 612.0 648.0 2.0 1.0 53.73 72.27 2.0 2.0 73.2 94.8 2.0 3.0 54.58 71.42 2.0 4.0 72.49 95.51 3.0 2.0 40.85 43.15 3.0 4.0 41.21 42.79 3.0 3.0 1.679 40.32
14 15 0.0 1.0 602.9 615.1 0.0 3.0 604.1 613.9 0.0 4.0 571.2 604.8 1.0 3.0 603.7 614.3 1.0 1.0 601.7 616.3 1.0 2.0 574.6 601.4 2.0 3.0 62.08 63.92 2.0 2.0 31.83 52.17 2.0 4.0 33.0 51.0 2.0 1.0 53.33 72.67 3.0 3.0 20.17 21.83 3.0 1.0 18.64 23.36 3.0 2.0 30.85 53.15 3.0 3.0 3.069 38.93 3.0 4.0 22.81 61.19
15 25 0.0 3.0 525.0 525.0 0.0 1.0 562.7 571.3 0.0 1.0 642.3 659.7 0.0 3.0 561.4 572.6 0.0 4.0 574.9 601.1 0.0 3.0 638.8 663.2 0.0 4.0 485.0 523.0 0.0 1.0 522.0 528.0 0.0 4.0 659.4 684.6 0.0 2.0 527.3 564.7 1.0 1.0 566.4 567.6 1.0 3.0 565.5 568.5 1.0 2.0 568.9 607.1 1.0 4.0 570.8 605.2 2.0 4.0 164.2 171.8 2.0 1.0 54.27 71.73 2.0 2.0 154.1 181.9 2.0 3.0 53.59 72.41 2.0 1.0 172.3 205.7 2.0 2.0 31.25 52.75 2.0 3.0 176.5 201.5 3.0 1.0 16.21 25.79 3.0 3.0 17.7 24.3 3.0 2.0 26.58 57.42 3.0 4.0 24.7 59.3
16 15 0.0 1.0 607.7 610.3 0.0 3.0 608.6 609.4 0.0 2.0 627.2 632.8 0.0 2.0 613.1 646.9 0.0 4.0 610.8 649.2 1.0 3.0 605.1 612.9 1.0 1.0 603.1 614.9 1.0 2.0 572.9 603.1 1.0 4.0 571.5 604.5 2.0 2.0 81.01 86.99 2.0 4.0 79.57 88.43 2.0 3.0 47.09 78.91 3.0 2.0 41.88 42.12 3.0 4.0 41.03 42.97 3.0 1.0 43.5 82.5
17 16 0.0 2.0 623.1 636.9 0.0 4.0 624.9 635.1 0.0 1.0 595.6 622.4 0.0 3.0 595.3 622.7 1.0 1.0 600.8 617.2 1.0 3.0 598.3 619.7 1.0 2.0 619.9 640.1 1.0 4.0 620.4 639.6 2.0 2.0 74.19 93.81 2.0 1.0 53.19 72.81 2.0 4.0 72.93 95.07 2.0 3.0 53.42 72.58 3.0 2.0 40.54 43.46 3.0 4.0 39.1 44.9 3.0 1.0 1.588 40.41 3.0 3.0 2.978 39.02
